# 1:pT 2:PhotonSpectrum=dN/d^2xT d^2pT dy
0.01 0.025521
0.0100185 0.0255044
0.010037 0.0254396
0.0100555 0.0254214
0.0100741 0.0253558
0.0100927 0.0253354
0.0101113 0.02527
0.01013 0.0252471
0.0101487 0.0251811
0.0101674 0.0251561
0.0101862 0.0250887
0.010205 0.0250608
0.0102239 0.0249921
0.0102427 0.024961
0.0102617 0.0248902
0.0102806 0.0248541
0.0102996 0.024779
0.0103186 0.0247329
0.0103377 0.024641
0.0103567 0.0245925
0.0103759 0.0245011
0.010395 0.0244501
0.0104142 0.0243597
0.0104335 0.0243057
0.0104527 0.0242171
0.010472 0.0241607
0.0104914 0.0240736
0.0105107 0.0240152
0.0105301 0.0239307
0.0105496 0.0238685
0.0105691 0.0237864
0.0105886 0.0237227
0.0106081 0.0236454
0.0106277 0.0235813
0.0106474 0.0235106
0.010667 0.0234421
0.0106867 0.0233746
0.0107065 0.0233023
0.0107262 0.0232387
0.010746 0.0231588
0.0107659 0.0231008
0.0107858 0.0230124
0.0108057 0.0229625
0.0108256 0.0228592
0.0108456 0.0228235
0.0108656 0.0227217
0.0108857 0.0226852
0.0109058 0.0225842
0.0109259 0.0225496
0.0109461 0.0224577
0.0109663 0.0224214
0.0109866 0.0223306
0.0110069 0.0222922
0.0110272 0.0222023
0.0110476 0.0221622
0.011068 0.0220727
0.0110884 0.0220315
0.0111089 0.021942
0.0111294 0.021899
0.0111499 0.0218108
0.0111705 0.0217661
0.0111912 0.02168
0.0112118 0.0216338
0.0112325 0.0215509
0.0112533 0.0215055
0.0112741 0.0214281
0.0112949 0.0213809
0.0113157 0.0213047
0.0113366 0.0212548
0.0113576 0.0211807
0.0113785 0.0211286
0.0113995 0.0210559
0.0114206 0.0210011
0.0114417 0.0209297
0.0114628 0.0208716
0.011484 0.020804
0.0115052 0.0207426
0.0115264 0.0206775
0.0115477 0.0206129
0.011569 0.0205534
0.0115904 0.0204881
0.0116118 0.020435
0.0116332 0.0203639
0.0116547 0.0203166
0.0116762 0.0202323
0.0116978 0.0201973
0.0117194 0.0201079
0.0117411 0.0200763
0.0117627 0.0199873
0.0117845 0.0199548
0.0118062 0.019866
0.011828 0.0198322
0.0118499 0.0197452
0.0118717 0.0197108
0.0118937 0.0196253
0.0119156 0.0195919
0.0119376 0.0195134
0.0119597 0.0194787
0.0119818 0.0194026
0.0120039 0.0193663
0.0120261 0.0192898
0.0120483 0.0192522
0.0120705 0.0191767
0.0120928 0.0191373
0.0121151 0.019063
0.0121375 0.0190216
0.0121599 0.0189482
0.0121824 0.0189052
0.0122049 0.0188336
0.0122274 0.0187895
0.01225 0.0187209
0.0122726 0.0186768
0.0122953 0.0186136
0.012318 0.0185676
0.0123407 0.0185067
0.0123635 0.0184585
0.0123863 0.018399
0.0124092 0.018348
0.0124321 0.0182902
0.0124551 0.0182355
0.0124781 0.0181814
0.0125011 0.018123
0.0125242 0.0180711
0.0125473 0.0180076
0.0125705 0.0179611
0.0125937 0.0178917
0.012617 0.0178536
0.0126403 0.0177768
0.0126636 0.0177509
0.012687 0.0176762
0.0127104 0.0176487
0.0127339 0.0175744
0.0127574 0.0175457
0.012781 0.0174715
0.0128046 0.0174422
0.0128282 0.0173683
0.0128519 0.0173379
0.0128756 0.0172646
0.0128994 0.0172329
0.0129232 0.0171613
0.0129471 0.0171294
0.012971 0.0170589
0.012995 0.0170268
0.0130189 0.0169611
0.013043 0.0169278
0.0130671 0.0168642
0.0130912 0.0168297
0.0131154 0.0167664
0.0131396 0.0167297
0.0131639 0.0166678
0.0131882 0.0166294
0.0132125 0.0165682
0.0132369 0.0165289
0.0132614 0.0164682
0.0132859 0.016427
0.0133104 0.0163685
0.013335 0.0163254
0.0133596 0.0162693
0.0133843 0.016226
0.013409 0.0161754
0.0134337 0.0161306
0.0134585 0.0160819
0.0134834 0.0160341
0.0135083 0.0159878
0.0135332 0.0159361
0.0135582 0.0158931
0.0135833 0.0158359
0.0136083 0.0157973
0.0136335 0.0157316
0.0136587 0.0157013
0.0136839 0.0156302
0.0137091 0.0156054
0.0137345 0.0155352
0.0137598 0.0155112
0.0137852 0.0154456
0.0138107 0.0154211
0.0138362 0.0153574
0.0138617 0.0153317
0.0138873 0.0152679
0.013913 0.015241
0.0139387 0.0151781
0.0139644 0.01515
0.0139902 0.0150877
0.014016 0.0150581
0.0140419 0.0149966
0.0140678 0.0149666
0.0140938 0.0149052
0.0141198 0.0148744
0.0141459 0.0148151
0.014172 0.0147844
0.0141982 0.0147295
0.0142244 0.0146978
0.0142507 0.0146446
0.014277 0.0146117
0.0143034 0.01456
0.0143298 0.0145249
0.0143563 0.0144739
0.0143828 0.014437
0.0144093 0.0143878
0.0144359 0.0143484
0.0144626 0.0143005
0.0144893 0.0142595
0.0145161 0.0142138
0.0145429 0.0141708
0.0145697 0.0141281
0.0145966 0.0140844
0.0146236 0.014046
0.0146506 0.014
0.0146776 0.0139652
0.0147047 0.0139144
0.0147319 0.0138838
0.0147591 0.0138228
0.0147863 0.013802
0.0148136 0.0137411
0.014841 0.0137192
0.0148684 0.0136589
0.0148959 0.0136362
0.0149234 0.0135767
0.0149509 0.0135534
0.0149785 0.0134949
0.0150062 0.0134716
0.0150339 0.0134161
0.0150617 0.0133928
0.0150895 0.0133392
0.0151173 0.0133148
0.0151453 0.0132615
0.0151732 0.013236
0.0152012 0.0131834
0.0152293 0.0131563
0.0152574 0.0131039
0.0152856 0.0130761
0.0153138 0.0130248
0.0153421 0.0129956
0.0153705 0.0129456
0.0153988 0.0129156
0.0154273 0.012867
0.0154558 0.0128372
0.0154843 0.0127917
0.0155129 0.0127613
0.0155415 0.012718
0.0155702 0.0126861
0.015599 0.012644
0.0156278 0.01261
0.0156567 0.012569
0.0156856 0.0125327
0.0157145 0.0124935
0.0157435 0.0124551
0.0157726 0.0124179
0.0158017 0.0123761
0.0158309 0.012342
0.0158602 0.012297
0.0158894 0.0122672
0.0159188 0.0122182
0.0159482 0.0121955
0.0159776 0.0121438
0.0160071 0.0121254
0.0160367 0.0120737
0.0160663 0.0120549
0.016096 0.0120033
0.0161257 0.0119837
0.0161555 0.0119326
0.0161853 0.0119118
0.0162152 0.0118611
0.0162451 0.0118396
0.0162751 0.0117892
0.0163052 0.0117672
0.0163353 0.011718
0.0163655 0.0116961
0.0163957 0.0116497
0.016426 0.0116278
0.0164563 0.0115832
0.0164867 0.0115599
0.0165171 0.0115157
0.0165476 0.0114915
0.0165782 0.0114481
0.0166088 0.0114227
0.0166395 0.0113795
0.0166702 0.0113531
0.016701 0.0113112
0.0167318 0.0112833
0.0167627 0.0112426
0.0167937 0.0112134
0.0168247 0.0111745
0.0168558 0.0111452
0.0168869 0.0111084
0.0169181 0.0110786
0.0169493 0.0110441
0.0169806 0.0110119
0.017012 0.0109791
0.0170434 0.0109446
0.0170748 0.0109134
0.0171064 0.0108761
0.017138 0.0108475
0.0171696 0.0108058
0.0172013 0.010781
0.0172331 0.010731
0.0172649 0.0107145
0.0172968 0.0106653
0.0173287 0.010649
0.0173607 0.0106025
0.0173928 0.0105859
0.0174249 0.010542
0.0174571 0.0105249
0.0174893 0.0104812
0.0175216 0.0104629
0.017554 0.0104197
0.0175864 0.0104009
0.0176189 0.0103578
0.0176514 0.0103384
0.017684 0.0102956
0.0177166 0.0102753
0.0177494 0.0102334
0.0177821 0.0102122
0.017815 0.0101714
0.0178479 0.0101504
0.0178808 0.0101118
0.0179138 0.0100909
0.0179469 0.0100542
0.0179801 0.0100321
0.0180133 0.00999588
0.0180465 0.00997291
0.0180799 0.00993723
0.0181132 0.0099128
0.0181467 0.00987794
0.0181802 0.00985221
0.0182138 0.00981825
0.0182474 0.00979111
0.0182811 0.00975835
0.0183149 0.00973006
0.0183487 0.00969937
0.0183826 0.00966973
0.0184165 0.00964175
0.0184505 0.00961122
0.0184846 0.0095858
0.0185187 0.00955253
0.0185529 0.00952935
0.0185872 0.00949181
0.0186215 0.00947243
0.0186559 0.00943005
0.0186903 0.00941517
0.0187248 0.00937306
0.0187594 0.00935747
0.0187941 0.00931551
0.0188288 0.00929975
0.0188635 0.00925862
0.0188984 0.00924265
0.0189333 0.00920338
0.0189682 0.0091878
0.0190033 0.00915049
0.0190384 0.00913391
0.0190735 0.0090969
0.0191087 0.00907968
0.019144 0.00904294
0.0191794 0.00902507
0.0192148 0.00898863
0.0192503 0.00896982
0.0192858 0.008934
0.0193214 0.00891476
0.0193571 0.00887937
0.0193929 0.00885926
0.0194287 0.00882518
0.0194645 0.00880474
0.0195005 0.00877244
0.0195365 0.00875192
0.0195726 0.00872201
0.0196087 0.00870016
0.0196449 0.00867106
0.0196812 0.00864818
0.0197175 0.0086197
0.019754 0.00859533
0.0197904 0.00856793
0.019827 0.00854226
0.0198636 0.00851583
0.0199003 0.00848869
0.019937 0.00846403
0.0199738 0.00843475
0.0200107 0.00841258
0.0200477 0.00838155
0.0200847 0.00836265
0.0201218 0.00832648
0.0201589 0.00831447
0.0201962 0.00827835
0.0202335 0.00826586
0.0202708 0.00822991
0.0203082 0.00821654
0.0203457 0.00818098
0.0203833 0.00816713
0.020421 0.00813178
0.0204587 0.0081175
0.0204964 0.00808226
0.0205343 0.00806721
0.0205722 0.0080328
0.0206102 0.00801788
0.0206483 0.00798478
0.0206864 0.00796983
0.0207246 0.00793892
0.0207629 0.00792331
0.0208012 0.0078925
0.0208396 0.00787641
0.0208781 0.00784571
0.0209166 0.00782895
0.0209553 0.00779866
0.020994 0.00778063
0.0210327 0.00775137
0.0210716 0.00773273
0.0211105 0.00770388
0.0211495 0.00768456
0.0211885 0.00765693
0.0212277 0.00763699
0.0212669 0.00761107
0.0213061 0.00759127
0.0213455 0.00756724
0.0213849 0.0075461
0.0214244 0.00752286
0.0214639 0.0075003
0.0215036 0.00747794
0.0215433 0.00745378
0.0215831 0.00743291
0.0216229 0.00740671
0.0216628 0.00738772
0.0217028 0.00735786
0.0217429 0.00734229
0.0217831 0.00730829
0.0218233 0.00729713
0.0218636 0.00726447
0.021904 0.00725338
0.0219444 0.00722263
0.0219849 0.00721125
0.0220255 0.00718069
0.0220662 0.0071683
0.022107 0.00713819
0.0221478 0.00712543
0.0221887 0.00709534
0.0222297 0.00708203
0.0222707 0.00705213
0.0223118 0.0070381
0.022353 0.00700858
0.0223943 0.00699448
0.0224357 0.00696534
0.0224771 0.00695111
0.0225186 0.0069233
0.0225602 0.00690905
0.0226018 0.00688316
0.0226436 0.00686835
0.0226854 0.00684296
0.0227273 0.00682712
0.0227692 0.00680218
0.0228113 0.00678568
0.0228534 0.00676125
0.0228956 0.00674391
0.0229379 0.0067202
0.0229803 0.00670203
0.0230227 0.00667884
0.0230652 0.00665995
0.0231078 0.00663794
0.0231505 0.00661859
0.0231932 0.00659824
0.023236 0.00657867
0.023279 0.00656039
0.0233219 0.006539
0.023365 0.00652199
0.0234082 0.00649844
0.0234514 0.00648312
0.0234947 0.0064548
0.0235381 0.00644414
0.0235815 0.00641506
0.0236251 0.00640475
0.0236687 0.00637572
0.0237124 0.00636508
0.0237562 0.00633668
0.0238001 0.00632587
0.023844 0.00629827
0.0238881 0.00628777
0.0239322 0.00626184
0.0239764 0.00625072
0.0240206 0.00622501
0.024065 0.00621343
0.0241094 0.00618809
0.0241539 0.0061759
0.0241985 0.00615065
0.0242432 0.00613812
0.024288 0.00611321
0.0243329 0.00610019
0.0243778 0.00607576
0.0244228 0.00606224
0.0244679 0.00603828
0.0245131 0.00602446
0.0245583 0.00600172
0.0246037 0.0059882
0.0246491 0.00596727
0.0246946 0.0059531
0.0247402 0.00593262
0.0247859 0.00591753
0.0248317 0.0058973
0.0248776 0.00588139
0.0249235 0.00586195
0.0249695 0.0058449
0.0250156 0.0058261
0.0250618 0.00580811
0.0251081 0.00579002
0.0251545 0.00577095
0.0252009 0.00575432
0.0252475 0.00573393
0.0252941 0.00571923
0.0253408 0.00569792
0.0253876 0.00568588
0.0254345 0.00566089
0.0254814 0.00565215
0.0255285 0.00562734
0.0255756 0.00561819
0.0256229 0.00559326
0.0256702 0.00558391
0.0257176 0.00555924
0.0257651 0.00554958
0.0258126 0.00552508
0.0258603 0.005515
0.0259081 0.00549106
0.0259559 0.00548085
0.0260038 0.00545761
0.0260518 0.00544781
0.0261 0.00542641
0.0261482 0.00541598
0.0261964 0.00539471
0.0262448 0.00538383
0.0262933 0.00536287
0.0263418 0.00535141
0.0263905 0.00533073
0.0264392 0.00531872
0.026488 0.0052984
0.0265369 0.00528584
0.0265859 0.00526585
0.026635 0.0052527
0.0266842 0.00523337
0.0267335 0.00522001
0.0267829 0.00520157
0.0268323 0.00518839
0.0268819 0.00517141
0.0269315 0.00515749
0.0269812 0.00514117
0.0270311 0.00512617
0.027081 0.00511036
0.027131 0.00509441
0.0271811 0.0050795
0.0272313 0.00506233
0.0272816 0.00504834
0.0273319 0.00502953
0.0273824 0.00501713
0.027433 0.00499518
0.0274836 0.0049861
0.0275344 0.00496305
0.0275852 0.00495559
0.0276362 0.00493437
0.0276872 0.00492662
0.0277383 0.00490538
0.0277896 0.00489733
0.0278409 0.00487623
0.0278923 0.0048677
0.0279438 0.00484681
0.0279954 0.00483792
0.0280471 0.00481719
0.0280989 0.00480806
0.0281508 0.00478767
0.0282027 0.00477811
0.0282548 0.00475793
0.028307 0.00474827
0.0283593 0.00472875
0.0284116 0.00471934
0.0284641 0.00470149
0.0285167 0.00469156
0.0285693 0.00467384
0.0286221 0.0046634
0.0286749 0.00464596
0.0287279 0.004635
0.0287809 0.00461799
0.0288341 0.00460633
0.0288873 0.00458962
0.0289407 0.00457737
0.0289941 0.00456113
0.0290477 0.00454838
0.0291013 0.00453269
0.029155 0.00451949
0.0292089 0.00450475
0.0292628 0.00449173
0.0293168 0.00447871
0.029371 0.00446471
0.0294252 0.00445229
0.0294796 0.00443706
0.029534 0.00442563
0.0295885 0.00440878
0.0296432 0.00439895
0.0296979 0.00437885
0.0297527 0.00437208
0.0298077 0.00435221
0.0298627 0.00434512
0.0299179 0.00432554
0.0299731 0.00431834
0.0300285 0.00429914
0.0300839 0.00429213
0.0301395 0.0042744
0.0301951 0.00426719
0.0302509 0.00424957
0.0303068 0.00424188
0.0303627 0.00422451
0.0304188 0.00421659
0.030475 0.00419918
0.0305312 0.00419074
0.0305876 0.00417356
0.0306441 0.0041648
0.0307007 0.00414774
0.0307574 0.00413867
0.0308142 0.00412201
0.0308711 0.00411259
0.0309281 0.00409647
0.0309852 0.00408716
0.0310424 0.00407237
0.0310997 0.00406288
0.0311572 0.00404832
0.0312147 0.00403823
0.0312723 0.004024
0.0313301 0.00401343
0.0313879 0.00399951
0.0314459 0.00398826
0.031504 0.00397499
0.0315621 0.00396309
0.0316204 0.00395028
0.0316788 0.00393772
0.0317373 0.00392573
0.0317959 0.0039124
0.0318546 0.0039017
0.0319135 0.00388801
0.0319724 0.00387891
0.0320314 0.00386315
0.0320906 0.003856
0.0321498 0.00383884
0.0322092 0.0038328
0.0322687 0.00381563
0.0323283 0.00380937
0.032388 0.00379234
0.0324478 0.00378582
0.0325077 0.00376892
0.0325677 0.00376213
0.0326279 0.00374534
0.0326881 0.00373839
0.0327485 0.00372206
0.0328089 0.00371538
0.0328695 0.00370032
0.0329302 0.00369327
0.032991 0.00367856
0.033052 0.00367134
0.033113 0.00365656
0.0331741 0.00364899
0.0332354 0.0036345
0.0332968 0.00362655
0.0333583 0.00361233
0.0334199 0.00360402
0.0334816 0.0035899
0.0335434 0.00358128
0.0336053 0.00356772
0.0336674 0.00355875
0.0337296 0.00354564
0.0337919 0.00353679
0.0338543 0.00352482
0.0339168 0.00351538
0.0339794 0.00350382
0.0340421 0.00349391
0.034105 0.00348275
0.034168 0.0034722
0.0342311 0.00346149
0.0342943 0.00345012
0.0343576 0.00344006
0.0344211 0.00342785
0.0344846 0.00341849
0.0345483 0.00340499
0.0346121 0.00339712
0.034676 0.00338108
0.0347401 0.00337608
0.0348042 0.00336131
0.0348685 0.00335614
0.0349329 0.00334173
0.0349974 0.00333634
0.035062 0.00332199
0.0351267 0.00331627
0.0351916 0.00330206
0.0352566 0.00329611
0.0353217 0.00328195
0.0353869 0.0032759
0.0354523 0.00326189
0.0355177 0.0032556
0.0355833 0.00324178
0.035649 0.0032353
0.0357149 0.00322185
0.0357808 0.00321535
0.0358469 0.00320267
0.0359131 0.00319603
0.0359794 0.00318372
0.0360458 0.00317671
0.0361124 0.00316456
0.0361791 0.00315717
0.0362459 0.00314515
0.0363128 0.00313738
0.0363799 0.00312561
0.0364471 0.00311744
0.0365144 0.00310597
0.0365818 0.0030975
0.0366493 0.0030865
0.036717 0.00307772
0.0367848 0.00306727
0.0368527 0.00305866
0.0369208 0.0030492
0.036989 0.00304019
0.0370573 0.00303141
0.0371257 0.00302163
0.0371943 0.0030134
0.0372629 0.00300269
0.0373318 0.00299527
0.0374007 0.00298298
0.0374698 0.00297698
0.037539 0.00296328
0.0376083 0.00295852
0.0376777 0.00294491
0.0377473 0.00294011
0.037817 0.00292668
0.0378868 0.00292189
0.0379568 0.00290935
0.0380269 0.00290436
0.0380971 0.00289211
0.0381675 0.00288691
0.0382379 0.00287467
0.0383085 0.00286926
0.0383793 0.00285715
0.0384502 0.00285146
0.0385212 0.00283948
0.0385923 0.00283362
0.0386636 0.00282176
0.038735 0.00281566
0.0388065 0.00280403
0.0388781 0.0027978
0.0389499 0.00278654
0.0390219 0.00278044
0.0390939 0.00277
0.0391661 0.00276373
0.0392384 0.00275373
0.0393109 0.00274707
0.0393835 0.00273728
0.0394562 0.0027302
0.0395291 0.00272066
0.0396021 0.00271322
0.0396752 0.00270391
0.0397485 0.00269607
0.0398219 0.00268707
0.0398954 0.00267882
0.0399691 0.00267029
0.0400429 0.00266151
0.0401168 0.00265369
0.0401909 0.00264473
0.0402651 0.00263793
0.0403395 0.0026282
0.040414 0.00262226
0.0404886 0.00261044
0.0405633 0.00260644
0.0406383 0.00259468
0.0407133 0.00259052
0.0407885 0.00257882
0.0408638 0.00257444
0.0409393 0.00256285
0.0410149 0.00255835
0.0410906 0.00254688
0.0411665 0.00254218
0.0412425 0.00253098
0.0413186 0.00252641
0.0413949 0.00251586
0.0414714 0.00251127
0.041548 0.00250102
0.0416247 0.00249616
0.0417016 0.0024861
0.0417786 0.00248092
0.0418557 0.00247097
0.041933 0.00246565
0.0420104 0.00245574
0.042088 0.0024502
0.0421657 0.0024405
0.0422436 0.00243468
0.0423216 0.00242517
0.0423998 0.00241924
0.042478 0.00241005
0.0425565 0.00240408
0.0426351 0.00239558
0.0427138 0.00238947
0.0427927 0.0023814
0.0428717 0.00237489
0.0429509 0.00236702
0.0430302 0.00236018
0.0431096 0.00235266
0.0431892 0.00234522
0.043269 0.00233809
0.0433489 0.0023302
0.0434289 0.00232347
0.0435091 0.00231492
0.0435895 0.00230887
0.04367 0.00229929
0.0437506 0.0022945
0.0438314 0.00228412
0.0439124 0.00228063
0.0439934 0.00227072
0.0440747 0.00226708
0.0441561 0.00225709
0.0442376 0.00225329
0.0443193 0.00224345
0.0444011 0.00223942
0.0444831 0.00222964
0.0445653 0.00222552
0.0446476 0.00221576
0.04473 0.0022115
0.0448126 0.00220184
0.0448954 0.00219746
0.0449783 0.00218806
0.0450613 0.00218374
0.0451445 0.0021749
0.0452279 0.00217057
0.0453114 0.0021621
0.0453951 0.00215747
0.0454789 0.0021491
0.0455629 0.00214425
0.045647 0.00213608
0.0457313 0.00213096
0.0458158 0.00212288
0.0459004 0.00211759
0.0459851 0.00210969
0.0460701 0.00210414
0.0461551 0.00209649
0.0462404 0.00209065
0.0463257 0.0020834
0.0464113 0.00207756
0.046497 0.00207082
0.0465829 0.00206479
0.0466689 0.00205851
0.0467551 0.00205206
0.0468414 0.00204613
0.0469279 0.0020391
0.0470145 0.00203363
0.0471014 0.00202589
0.0471883 0.00202102
0.0472755 0.00201153
0.0473628 0.0020084
0.0474502 0.00199897
0.0475379 0.00199578
0.0476256 0.00198651
0.0477136 0.00198327
0.0478017 0.00197461
0.04789 0.00197136
0.0479784 0.0019631
0.048067 0.00195974
0.0481558 0.00195147
0.0482447 0.00194788
0.0483338 0.00193972
0.048423 0.00193602
0.0485124 0.00192785
0.048602 0.00192396
0.0486918 0.00191592
0.0487817 0.00191191
0.0488718 0.00190394
0.048962 0.00189981
0.0490524 0.00189199
0.049143 0.00188792
0.0492338 0.00188055
0.0493247 0.00187637
0.0494158 0.00186943
0.049507 0.00186502
0.0495984 0.00185819
0.04969 0.00185354
0.0497818 0.00184689
0.0498737 0.00184194
0.0499658 0.00183546
0.0500581 0.0018303
0.0501505 0.00182406
0.0502431 0.00181858
0.0503359 0.00181254
0.0504288 0.00180677
0.050522 0.0018011
0.0506153 0.00179517
0.0507087 0.00179008
0.0508024 0.00178387
0.0508962 0.00177934
0.0509902 0.00177233
0.0510843 0.00176846
0.0511786 0.00176032
0.0512732 0.00175747
0.0513678 0.0017494
0.0514627 0.00174643
0.0515577 0.00173837
0.0516529 0.00173535
0.0517483 0.00172739
0.0518439 0.00172428
0.0519396 0.00171646
0.0520355 0.00171335
0.0521316 0.00170597
0.0522279 0.00170288
0.0523243 0.00169588
0.0524209 0.0016926
0.0525177 0.00168569
0.0526147 0.00168232
0.0527119 0.0016754
0.0528092 0.00167191
0.0529067 0.00166509
0.0530044 0.00166139
0.0531023 0.00165467
0.0532004 0.00165087
0.0532986 0.00164432
0.053397 0.00164035
0.0534956 0.00163396
0.0535944 0.00162993
0.0536934 0.00162398
0.0537925 0.00161991
0.0538919 0.00161433
0.0539914 0.00161005
0.0540911 0.00160453
0.054191 0.00159999
0.054291 0.00159469
0.0543913 0.00158988
0.0544917 0.00158477
0.0545924 0.0015796
0.0546932 0.00157478
0.0547942 0.00156919
0.0548954 0.00156474
0.0549967 0.00155865
0.0550983 0.00155479
0.0552 0.00154784
0.055302 0.00154526
0.0554041 0.00153845
0.0555064 0.00153604
0.0556089 0.00152923
0.0557116 0.00152672
0.0558144 0.00152001
0.0559175 0.00151737
0.0560208 0.00151071
0.0561242 0.00150801
0.0562279 0.00150136
0.0563317 0.00149855
0.0564357 0.00149199
0.0565399 0.0014891
0.0566443 0.0014827
0.0567489 0.00147978
0.0568537 0.00147365
0.0569587 0.00147079
0.0570639 0.00146503
0.0571693 0.00146203
0.0572748 0.00145632
0.0573806 0.00145315
0.0574866 0.00144748
0.0575927 0.00144413
0.0576991 0.00143857
0.0578056 0.00143505
0.0579124 0.00142961
0.0580193 0.00142594
0.0581264 0.00142064
0.0582338 0.00141679
0.0583413 0.00141164
0.058449 0.0014077
0.058557 0.00140292
0.0586651 0.00139888
0.0587734 0.00139444
0.058882 0.00139017
0.0589907 0.00138588
0.0590996 0.00138131
0.0592088 0.00137729
0.0593181 0.00137231
0.0594276 0.0013686
0.0595374 0.00136309
0.0596473 0.0013599
0.0597575 0.00135342
0.0598678 0.00135119
0.0599784 0.00134481
0.0600891 0.00134258
0.0602001 0.00133643
0.0603112 0.00133426
0.0604226 0.00132854
0.0605342 0.00132628
0.060646 0.00132058
0.060758 0.0013182
0.0608702 0.00131253
0.0609826 0.00131003
0.0610952 0.00130444
0.061208 0.00130184
0.061321 0.00129628
0.0614343 0.00129357
0.0615477 0.00128806
0.0616614 0.00128528
0.0617752 0.00127992
0.0618893 0.00127709
0.0620036 0.00127198
0.0621181 0.00126918
0.0622328 0.00126441
0.0623477 0.00126147
0.0624628 0.00125676
0.0625782 0.00125365
0.0626937 0.00124904
0.0628095 0.00124586
0.0629255 0.00124131
0.0630417 0.00123791
0.0631581 0.00123351
0.0632747 0.00122995
0.0633916 0.00122575
0.0635086 0.00122197
0.0636259 0.00121799
0.0637434 0.00121408
0.0638611 0.00121048
0.063979 0.0012065
0.0640972 0.00120326
0.0642155 0.00119892
0.0643341 0.00119597
0.0644529 0.00119086
0.0645719 0.00118863
0.0646912 0.00118313
0.0648106 0.0011812
0.0649303 0.00117571
0.0650502 0.0011737
0.0651703 0.00116826
0.0652907 0.00116619
0.0654113 0.00116079
0.065532 0.00115869
0.0656531 0.00115353
0.0657743 0.00115147
0.0658957 0.00114669
0.0660174 0.00114454
0.0661393 0.00113979
0.0662615 0.00113752
0.0663838 0.00113281
0.0665064 0.00113044
0.0666292 0.00112576
0.0667523 0.00112334
0.0668755 0.00111871
0.066999 0.00111618
0.0671227 0.00111165
0.0672467 0.00110897
0.0673709 0.00110457
0.0674953 0.0011019
0.0676199 0.00109772
0.0677448 0.00109503
0.0678699 0.00109118
0.0679952 0.00108833
0.0681208 0.00108457
0.0682466 0.00108158
0.0683726 0.0010779
0.0684988 0.00107474
0.0686253 0.00107117
0.0687521 0.00106781
0.068879 0.00106445
0.0690062 0.00106085
0.0691336 0.00105767
0.0692613 0.00105379
0.0693892 0.00105092
0.0695173 0.00104673
0.0696457 0.00104437
0.0697743 0.0010397
0.0699031 0.00103808
0.0700322 0.00103343
0.0701616 0.00103172
0.0702911 0.0010271
0.0704209 0.00102533
0.070551 0.00102073
0.0706812 0.00101888
0.0708118 0.00101428
0.0709425 0.00101238
0.0710735 0.00100783
0.0712048 0.00100588
0.0713362 0.00100141
0.071468 0.00099943
0.0716 0.000995107
0.0717322 0.000993148
0.0718646 0.000989184
0.0719973 0.000987149
0.0721303 0.000983207
0.0722635 0.000981084
0.0723969 0.000977203
0.0725306 0.000974962
0.0726645 0.000971128
0.0727987 0.000968783
0.0729332 0.000965009
0.0730678 0.000962599
0.0732028 0.0009589
0.0733379 0.000956362
0.0734734 0.000952783
0.073609 0.00095018
0.073745 0.000946783
0.0738812 0.000944189
0.0740176 0.000941112
0.0741543 0.000938354
0.0742912 0.000935364
0.0744284 0.000932429
0.0745658 0.000929619
0.0747035 0.000926428
0.0748415 0.000923795
0.0749797 0.000920329
0.0751181 0.000917955
0.0752568 0.000913953
0.0753958 0.000912088
0.075535 0.000907729
0.0756745 0.000906233
0.0758143 0.000901968
0.0759543 0.000900542
0.0760945 0.000896623
0.076235 0.000895122
0.0763758 0.00089123
0.0765168 0.000889655
0.0766581 0.000885766
0.0767997 0.00088411
0.0769415 0.000880275
0.0770836 0.000878568
0.0772259 0.000874754
0.0773685 0.00087296
0.0775114 0.000869208
0.0776545 0.000867396
0.0777979 0.000863674
0.0779416 0.00086182
0.0780855 0.000858242
0.0782297 0.00085642
0.0783742 0.000853144
0.0785189 0.000851224
0.0786639 0.000847953
0.0788092 0.000845935
0.0789547 0.000842762
0.0791005 0.000840619
0.0792466 0.000837483
0.0793929 0.000835233
0.0795395 0.000832198
0.0796864 0.000829792
0.0798335 0.000826843
0.0799809 0.000824368
0.0801286 0.000821531
0.0802766 0.000818925
0.0804248 0.00081633
0.0805734 0.000813772
0.0807221 0.000811444
0.0808712 0.000808666
0.0810205 0.000806497
0.0811702 0.000803417
0.08132 0.000801537
0.0814702 0.000797801
0.0816207 0.000796516
0.0817714 0.000792797
0.0819224 0.000791456
0.0820737 0.000787778
0.0822252 0.000786397
0.0823771 0.00078275
0.0825292 0.000781322
0.0826816 0.000777759
0.0828342 0.00077637
0.0829872 0.000773112
0.0831405 0.000771693
0.083294 0.000768439
0.0834478 0.000766939
0.0836019 0.000763715
0.0837563 0.000762143
0.0839109 0.000758958
0.0840659 0.000757305
0.0842211 0.000754135
0.0843766 0.000752444
0.0845325 0.000749342
0.0846885 0.000747587
0.0848449 0.000744559
0.0850016 0.000742751
0.0851586 0.000739832
0.0853158 0.000738076
0.0854734 0.000735409
0.0856312 0.000733552
0.0857893 0.000730936
0.0859478 0.000728998
0.0861065 0.000726458
0.0862655 0.000724415
0.0864248 0.000721928
0.0865844 0.000719772
0.0867442 0.000717381
0.0869044 0.000715064
0.0870649 0.000712817
0.0872257 0.000710329
0.0873868 0.000708249
0.0875481 0.00070558
0.0877098 0.00070377
0.0878718 0.000700947
0.088034 0.000699534
0.0881966 0.000696394
0.0883594 0.000695263
0.0885226 0.000692141
0.0886861 0.000690969
0.0888498 0.000687833
0.0890139 0.00068663
0.0891783 0.000683521
0.089343 0.000682251
0.0895079 0.000679169
0.0896732 0.000677865
0.0898388 0.000674809
0.0900047 0.000673485
0.0901709 0.00067051
0.0903374 0.000669209
0.0905043 0.000666471
0.0906714 0.00066513
0.0908388 0.000662423
0.0910066 0.000661011
0.0911746 0.000658336
0.091343 0.000656864
0.0915116 0.000654226
0.0916806 0.000652684
0.0918499 0.000650082
0.0920195 0.000648471
0.0921895 0.000645929
0.0923597 0.000644243
0.0925303 0.000641777
0.0927011 0.000640016
0.0928723 0.000637671
0.0930438 0.000635952
0.0932156 0.000633802
0.0933877 0.000631993
0.0935602 0.000629931
0.093733 0.000628004
0.0939061 0.000626014
0.0940795 0.000623945
0.0942532 0.000622077
0.0944272 0.000619849
0.0946016 0.000618104
0.0947763 0.000615634
0.0949513 0.000614106
0.0951266 0.00061113
0.0953023 0.000610125
0.0954783 0.0006072
0.0956546 0.000606235
0.0958312 0.000603535
0.0960082 0.000602519
0.0961855 0.000599875
0.0963631 0.000598826
0.0965411 0.000596201
0.0967193 0.000595084
0.0968979 0.000592484
0.0970769 0.000591341
0.0972561 0.00058875
0.0974357 0.000587581
0.0976156 0.000585003
0.0977959 0.000583783
0.0979765 0.000581271
0.0981574 0.000580003
0.0983387 0.000577558
0.0985203 0.000576356
0.0987022 0.000574067
0.0988845 0.000572807
0.0990671 0.000570595
0.09925 0.000569256
0.0994333 0.00056707
0.0996169 0.000565684
0.0998008 0.000563531
0.0999851 0.000562061
0.10017 0.000559973
0.100355 0.000558416
0.10054 0.00055638
0.100726 0.000554752
0.100912 0.000552789
0.101098 0.000551101
0.101285 0.000549274
0.101472 0.000547577
0.101659 0.000545916
0.101847 0.000544123
0.102035 0.000542589
0.102223 0.000540633
0.102412 0.000539222
0.102601 0.000537019
0.102791 0.000535856
0.102981 0.000533331
0.103171 0.000532444
0.103361 0.000529949
0.103552 0.00052903
0.103743 0.000526543
0.103935 0.000525605
0.104127 0.000523187
0.104319 0.000522252
0.104512 0.000520004
0.104705 0.000519059
0.104898 0.00051685
0.105092 0.000515869
0.105286 0.000513663
0.10548 0.000512631
0.105675 0.000510453
0.10587 0.000509381
0.106066 0.000507227
0.106262 0.000506123
0.106458 0.000503991
0.106654 0.000502828
0.106851 0.000500733
0.107049 0.000499551
0.107246 0.00049753
0.107444 0.00049634
0.107643 0.000494471
0.107841 0.000493264
0.108041 0.000491459
0.10824 0.000490182
0.10844 0.000488418
0.10864 0.000487049
0.108841 0.00048534
0.109042 0.000483903
0.109243 0.000482237
0.109445 0.00048071
0.109647 0.000479133
0.10985 0.000477518
0.110052 0.000476025
0.110256 0.000474318
0.110459 0.000472974
0.110663 0.000471188
0.110868 0.000470049
0.111072 0.000467909
0.111277 0.000467166
0.111483 0.00046503
0.111689 0.000464266
0.111895 0.000462139
0.112102 0.000461329
0.112309 0.000459231
0.112516 0.00045839
0.112724 0.000456305
0.112932 0.000455443
0.11314 0.000453375
0.113349 0.000452474
0.113559 0.000450463
0.113768 0.000449594
0.113978 0.000447704
0.114189 0.000446809
0.1144 0.000444991
0.114611 0.000444065
0.114823 0.000442249
0.115035 0.000441283
0.115247 0.000439482
0.11546 0.00043847
0.115673 0.000436681
0.115887 0.000435615
0.116101 0.000433869
0.116315 0.000432755
0.11653 0.000431045
0.116745 0.000429889
0.116961 0.000428262
0.117177 0.000427095
0.117393 0.000425583
0.11761 0.000424404
0.117827 0.000422973
0.118045 0.000421716
0.118263 0.000420319
0.118481 0.000418984
0.1187 0.00041765
0.118919 0.000416228
0.119139 0.000414994
0.119359 0.000413448
0.119579 0.000412318
0.1198 0.000410602
0.120021 0.000409655
0.120243 0.000407693
0.120465 0.000407032
0.120687 0.000405186
0.12091 0.000404521
0.121133 0.000402725
0.121357 0.000402036
0.121581 0.000400252
0.121806 0.000399528
0.12203 0.000397754
0.122256 0.000396997
0.122482 0.00039524
0.122708 0.000394455
0.122934 0.000392711
0.123161 0.000391891
0.123389 0.000390172
0.123617 0.000389347
0.123845 0.000387651
0.124074 0.000386838
0.124303 0.00038526
0.124532 0.000384424
0.124762 0.000382913
0.124993 0.000382044
0.125223 0.000380557
0.125455 0.000379638
0.125686 0.000378164
0.125918 0.000377196
0.126151 0.00037576
0.126384 0.000374744
0.126617 0.000373346
0.126851 0.000372283
0.127085 0.000370908
0.12732 0.0003698
0.127555 0.000368502
0.127791 0.000367388
0.128027 0.000366196
0.128263 0.000365034
0.1285 0.000363938
0.128737 0.000362678
0.128975 0.000361656
0.129213 0.000360283
0.129452 0.000359351
0.129691 0.000357741
0.12993 0.00035706
0.13017 0.000355358
0.130411 0.000354743
0.130651 0.000353052
0.130893 0.000352425
0.131134 0.00035078
0.131376 0.000350163
0.131619 0.000348609
0.131862 0.000347986
0.132106 0.000346494
0.13235 0.000345844
0.132594 0.00034436
0.132839 0.000343675
0.133084 0.000342213
0.13333 0.000341495
0.133576 0.000340032
0.133823 0.000339297
0.13407 0.00033785
0.134317 0.000337084
0.134565 0.000335662
0.134814 0.00033487
0.135063 0.000333483
0.135312 0.000332692
0.135562 0.000331396
0.135812 0.00033061
0.136063 0.000329371
0.136315 0.000328539
0.136566 0.000327335
0.136818 0.00032645
0.137071 0.000325264
0.137324 0.000324333
0.137578 0.000323191
0.137832 0.000322213
0.138086 0.000321098
0.138341 0.000320059
0.138597 0.000319013
0.138853 0.000317912
0.139109 0.000316947
0.139366 0.000315808
0.139623 0.000314961
0.139881 0.000313747
0.14014 0.000313032
0.140398 0.000311596
0.140658 0.000311075
0.140917 0.000309653
0.141177 0.000309112
0.141438 0.000307692
0.141699 0.000307134
0.141961 0.000305725
0.142223 0.000305156
0.142486 0.000303761
0.142749 0.000303174
0.143013 0.000301802
0.143277 0.000301214
0.143541 0.000299919
0.143806 0.000299331
0.144072 0.000298092
0.144338 0.000297475
0.144604 0.000296242
0.144871 0.000295598
0.145139 0.000294385
0.145407 0.000293713
0.145675 0.000292515
0.145944 0.000291813
0.146214 0.000290635
0.146484 0.000289903
0.146754 0.000288741
0.147025 0.000287994
0.147297 0.000286861
0.147569 0.000286116
0.147841 0.000285063
0.148114 0.000284301
0.148388 0.000283317
0.148662 0.000282516
0.148937 0.000281566
0.149212 0.000280714
0.149487 0.000279788
0.149763 0.000278881
0.15004 0.000278005
0.150317 0.000277023
0.150594 0.000276217
0.150872 0.000275149
0.151151 0.000274419
0.15143 0.000273196
0.15171 0.000272648
0.15199 0.000271377
0.152271 0.000270932
0.152552 0.000269725
0.152833 0.000269261
0.153116 0.00026806
0.153398 0.000267574
0.153682 0.000266372
0.153965 0.000265861
0.15425 0.000264673
0.154535 0.000264142
0.15482 0.000262962
0.155106 0.000262416
0.155392 0.000261251
0.155679 0.000260687
0.155967 0.000259545
0.156255 0.000258981
0.156543 0.000257891
0.156832 0.00025734
0.157122 0.000256303
0.157412 0.000255725
0.157703 0.0002547
0.157994 0.000254083
0.158286 0.000253077
0.158578 0.000252447
0.158871 0.000251461
0.159164 0.000250786
0.159458 0.000249823
0.159753 0.000249119
0.160048 0.000248189
0.160343 0.000247457
0.160639 0.000246558
0.160936 0.000245822
0.161233 0.000244988
0.161531 0.00024425
0.161829 0.000243488
0.162128 0.000242689
0.162427 0.000241967
0.162727 0.0002411
0.163028 0.000240434
0.163329 0.000239482
0.16363 0.000238895
0.163933 0.000237759
0.164235 0.000237347
0.164539 0.000236219
0.164842 0.000235792
0.165147 0.00023468
0.165452 0.000234253
0.165757 0.000233185
0.166063 0.000232759
0.16637 0.000231747
0.166677 0.000231305
0.166985 0.000230298
0.167293 0.000229841
0.167602 0.000228839
0.167912 0.000228361
0.168222 0.000227366
0.168532 0.000226862
0.168844 0.000225885
0.169155 0.000225365
0.169468 0.000224391
0.169781 0.000223864
0.170094 0.000222919
0.170408 0.000222385
0.170723 0.000221491
0.171038 0.000220954
0.171354 0.000220115
0.171671 0.000219565
0.171988 0.000218735
0.172305 0.000218155
0.172623 0.000217342
0.172942 0.000216734
0.173261 0.000215943
0.173581 0.000215296
0.173902 0.000214532
0.174223 0.000213854
0.174545 0.000213122
0.174867 0.000212405
0.17519 0.000211726
0.175514 0.000210979
0.175838 0.000210366
0.176162 0.000209602
0.176488 0.000209065
0.176814 0.000208184
0.17714 0.000207751
0.177467 0.000206789
0.177795 0.000206426
0.178123 0.000205466
0.178452 0.000205097
0.178782 0.000204141
0.179112 0.000203759
0.179443 0.000202815
0.179774 0.00020242
0.180106 0.000201487
0.180438 0.000201088
0.180772 0.0002002
0.181105 0.000199811
0.18144 0.000198976
0.181775 0.000198566
0.182111 0.000197739
0.182447 0.00019732
0.182784 0.000196496
0.183121 0.000196053
0.183459 0.000195238
0.183798 0.000194781
0.184138 0.000193981
0.184478 0.000193506
0.184818 0.000192714
0.18516 0.000192223
0.185502 0.000191462
0.185844 0.000190962
0.186187 0.000190234
0.186531 0.00018974
0.186876 0.000189074
0.187221 0.000188552
0.187566 0.000187894
0.187913 0.000187348
0.18826 0.000186713
0.188607 0.000186127
0.188956 0.000185524
0.189305 0.000184902
0.189654 0.000184328
0.190004 0.000183657
0.190355 0.00018313
0.190707 0.00018239
0.191059 0.000181939
0.191412 0.00018107
0.191765 0.000180777
0.192119 0.000179966
0.192474 0.000179657
0.192829 0.000178852
0.193186 0.000178531
0.193542 0.000177727
0.1939 0.000177394
0.194258 0.000176593
0.194616 0.000176242
0.194976 0.000175447
0.195336 0.000175093
0.195697 0.000174306
0.196058 0.000173937
0.19642 0.000173164
0.196783 0.000172791
0.197146 0.000172044
0.19751 0.000171673
0.197875 0.000170974
0.19824 0.00017059
0.198606 0.000169902
0.198973 0.000169499
0.199341 0.000168818
0.199709 0.000168392
0.200077 0.000167717
0.200447 0.000167273
0.200817 0.000166612
0.201188 0.000166149
0.201559 0.000165496
0.201932 0.000165013
0.202304 0.000164388
0.202678 0.000163896
0.203052 0.000163304
0.203427 0.000162821
0.203803 0.000162287
0.204179 0.000161765
0.204556 0.000161256
0.204934 0.0001607
0.205312 0.000160221
0.205692 0.000159619
0.206071 0.000159182
0.206452 0.000158502
0.206833 0.000158137
0.207215 0.000157379
0.207598 0.00015709
0.207981 0.000156344
0.208365 0.000156056
0.20875 0.000155322
0.209135 0.000155045
0.209522 0.000154369
0.209908 0.000154075
0.210296 0.000153403
0.210684 0.0001531
0.211073 0.000152425
0.211463 0.000152111
0.211854 0.000151444
0.212245 0.000151117
0.212637 0.000150456
0.21303 0.000150118
0.213423 0.000149463
0.213817 0.000149113
0.214212 0.000148471
0.214607 0.000148116
0.215004 0.000147497
0.215401 0.000147148
0.215799 0.000146575
0.216197 0.00014621
0.216596 0.000145647
0.216996 0.000145264
0.217397 0.000144713
0.217798 0.00014431
0.218201 0.000143773
0.218603 0.000143353
0.219007 0.000142828
0.219412 0.000142386
0.219817 0.000141883
0.220223 0.000141421
0.220629 0.00014094
0.221037 0.000140461
0.221445 0.000140022
0.221854 0.000139539
0.222263 0.000139153
0.222674 0.000138619
0.223085 0.000138273
0.223497 0.000137628
0.22391 0.000137387
0.224323 0.000136741
0.224737 0.000136493
0.225152 0.00013585
0.225568 0.000135589
0.225985 0.000134952
0.226402 0.000134685
0.22682 0.000134056
0.227239 0.000133782
0.227659 0.000133166
0.228079 0.0001329
0.2285 0.000132334
0.228922 0.000132061
0.229345 0.000131495
0.229768 0.000131209
0.230193 0.000130653
0.230618 0.000130352
0.231044 0.000129802
0.23147 0.0001295
0.231898 0.000128951
0.232326 0.00012864
0.232755 0.000128101
0.233185 0.000127773
0.233615 0.000127253
0.234047 0.000126921
0.234479 0.000126421
0.234912 0.000126098
0.235346 0.000125643
0.23578 0.000125301
0.236216 0.000124855
0.236652 0.000124495
0.237089 0.00012406
0.237527 0.000123682
0.237965 0.000123265
0.238405 0.00012286
0.238845 0.000122458
0.239286 0.000122026
0.239728 0.000121652
0.240171 0.000121185
0.240614 0.000120846
0.241058 0.000120328
0.241504 0.00012005
0.24195 0.000119503
0.242396 0.000119293
0.242844 0.00011875
0.243292 0.000118531
0.243742 0.000117986
0.244192 0.000117762
0.244643 0.000117222
0.245094 0.000116982
0.245547 0.000116449
0.246 0.000116204
0.246455 0.000115671
0.24691 0.000115419
0.247366 0.00011489
0.247822 0.000114634
0.24828 0.000114121
0.248739 0.000113876
0.249198 0.000113401
0.249658 0.000113148
0.250119 0.000112681
0.250581 0.000112414
0.251044 0.000111952
0.251507 0.000111677
0.251972 0.000111224
0.252437 0.000110932
0.252903 0.000110486
0.25337 0.000110187
0.253838 0.000109751
0.254307 0.00010944
0.254776 0.000109018
0.255247 0.000108695
0.255718 0.000108291
0.25619 0.000107974
0.256663 0.000107605
0.257137 0.000107274
0.257612 0.000106917
0.258088 0.000106559
0.258565 0.00010622
0.259042 0.000105837
0.25952 0.00010552
0.26 0.0001051
0.26048 0.000104812
0.260961 0.000104299
0.261443 0.000104104
0.261925 0.000103593
0.262409 0.000103398
0.262894 0.000102896
0.263379 0.000102704
0.263865 0.000102244
0.264353 0.000102045
0.264841 0.000101592
0.26533 0.000101388
0.26582 0.000100935
0.266311 0.000100722
0.266803 0.000100273
0.267295 0.000100053
0.267789 9.96057e-05
0.268283 9.9379e-05
0.268779 9.89366e-05
0.269275 9.8704e-05
0.269772 9.82688e-05
0.27027 9.80329e-05
0.27077 9.76117e-05
0.27127 9.73846e-05
0.27177 9.6996e-05
0.272272 9.67598e-05
0.272775 9.63829e-05
0.273279 9.61364e-05
0.273783 9.57646e-05
0.274289 9.55093e-05
0.274796 9.51468e-05
0.275303 9.48734e-05
0.275811 9.45211e-05
0.276321 9.42414e-05
0.276831 9.38992e-05
0.277342 9.36024e-05
0.277854 9.32723e-05
0.278367 9.29592e-05
0.278881 9.26496e-05
0.279396 9.23394e-05
0.279912 9.20598e-05
0.280429 9.17244e-05
0.280947 9.14677e-05
0.281466 9.10973e-05
0.281986 9.08724e-05
0.282506 9.0443e-05
0.283028 9.02721e-05
0.283551 8.98446e-05
0.284074 8.96715e-05
0.284599 8.92446e-05
0.285124 8.90693e-05
0.285651 8.86508e-05
0.286178 8.84728e-05
0.286707 8.80653e-05
0.287236 8.78912e-05
0.287767 8.75102e-05
0.288298 8.73326e-05
0.28883 8.6959e-05
0.289364 8.67729e-05
0.289898 8.64016e-05
0.290433 8.62102e-05
0.29097 8.58383e-05
0.291507 8.56381e-05
0.292045 8.52701e-05
0.292585 8.50587e-05
0.293125 8.46947e-05
0.293666 8.44769e-05
0.294208 8.41191e-05
0.294752 8.38925e-05
0.295296 8.35438e-05
0.295841 8.33205e-05
0.296388 8.30025e-05
0.296935 8.27738e-05
0.297483 8.24666e-05
0.298033 8.22272e-05
0.298583 8.19229e-05
0.299134 8.16716e-05
0.299687 8.13813e-05
0.30024 8.11163e-05
0.300795 8.08351e-05
0.30135 8.05556e-05
0.301906 8.02912e-05
0.302464 7.99945e-05
0.303022 7.97482e-05
0.303582 7.943e-05
0.304143 7.92157e-05
0.304704 7.88675e-05
0.305267 7.87097e-05
0.305831 7.83485e-05
0.306395 7.82049e-05
0.306961 7.7845e-05
0.307528 7.76964e-05
0.308096 7.73371e-05
0.308665 7.71833e-05
0.309235 7.68281e-05
0.309806 7.66683e-05
0.310378 7.63145e-05
0.310951 7.61498e-05
0.311525 7.57986e-05
0.312101 7.56287e-05
0.312677 7.5286e-05
0.313254 7.5116e-05
0.313833 7.47887e-05
0.314412 7.46157e-05
0.314993 7.4297e-05
0.315574 7.41166e-05
0.316157 7.3801e-05
0.316741 7.36125e-05
0.317326 7.32995e-05
0.317912 7.31018e-05
0.318499 7.27941e-05
0.319087 7.25912e-05
0.319676 7.22898e-05
0.320267 7.20774e-05
0.320858 7.17833e-05
0.321451 7.1565e-05
0.322044 7.12837e-05
0.322639 7.10695e-05
0.323235 7.08079e-05
0.323832 7.0588e-05
0.32443 7.03376e-05
0.325029 7.01032e-05
0.325629 6.98664e-05
0.32623 6.96156e-05
0.326833 6.9389e-05
0.327436 6.91199e-05
0.328041 6.89101e-05
0.328646 6.86152e-05
0.329253 6.84331e-05
0.329861 6.80898e-05
0.33047 6.79556e-05
0.331081 6.76189e-05
0.331692 6.74874e-05
0.332305 6.71747e-05
0.332918 6.70415e-05
0.333533 6.67397e-05
0.334149 6.66039e-05
0.334766 6.63041e-05
0.335384 6.61631e-05
0.336003 6.58645e-05
0.336624 6.57183e-05
0.337246 6.54236e-05
0.337868 6.52742e-05
0.338492 6.49806e-05
0.339117 6.4825e-05
0.339743 6.45349e-05
0.340371 6.43754e-05
0.340999 6.40929e-05
0.341629 6.39363e-05
0.34226 6.36688e-05
0.342892 6.35071e-05
0.343525 6.32507e-05
0.344159 6.30828e-05
0.344795 6.28285e-05
0.345432 6.26574e-05
0.34607 6.2406e-05
0.346709 6.22287e-05
0.347349 6.19838e-05
0.34799 6.17981e-05
0.348633 6.15578e-05
0.349277 6.13636e-05
0.349922 6.1135e-05
0.350568 6.09333e-05
0.351215 6.0716e-05
0.351864 6.05138e-05
0.352513 6.03162e-05
0.353164 6.01052e-05
0.353817 5.99237e-05
0.35447 5.96919e-05
0.355125 5.95259e-05
0.35578 5.92593e-05
0.356437 5.91261e-05
0.357095 5.8839e-05
0.357755 5.87231e-05
0.358416 5.84362e-05
0.359077 5.83178e-05
0.35974 5.80336e-05
0.360405 5.79133e-05
0.36107 5.76328e-05
0.361737 5.75131e-05
0.362405 5.72496e-05
0.363074 5.7127e-05
0.363745 5.68752e-05
0.364416 5.67485e-05
0.365089 5.64983e-05
0.365763 5.63654e-05
0.366439 5.61165e-05
0.367116 5.59801e-05
0.367793 5.57301e-05
0.368473 5.55897e-05
0.369153 5.53432e-05
0.369835 5.51972e-05
0.370518 5.49546e-05
0.371202 5.48036e-05
0.371887 5.45668e-05
0.372574 5.44175e-05
0.373262 5.41968e-05
0.373951 5.40424e-05
0.374642 5.38324e-05
0.375334 5.36715e-05
0.376027 5.34672e-05
0.376721 5.33e-05
0.377417 5.30993e-05
0.378114 5.29257e-05
0.378812 5.27325e-05
0.379511 5.25499e-05
0.380212 5.23652e-05
0.380914 5.21725e-05
0.381618 5.19983e-05
0.382322 5.17933e-05
0.383028 5.16357e-05
0.383736 5.14221e-05
0.384444 5.12859e-05
0.385154 5.10428e-05
0.385866 5.09438e-05
0.386578 5.06997e-05
0.387292 5.05968e-05
0.388007 5.03536e-05
0.388724 5.02465e-05
0.389441 5.00058e-05
0.390161 4.98947e-05
0.390881 4.96561e-05
0.391603 4.95422e-05
0.392326 4.93051e-05
0.39305 4.91917e-05
0.393776 4.89592e-05
0.394503 4.88473e-05
0.395232 4.86286e-05
0.395962 4.85161e-05
0.396693 4.83082e-05
0.397425 4.81909e-05
0.398159 4.79844e-05
0.398895 4.78645e-05
0.399631 4.76616e-05
0.400369 4.75369e-05
0.401108 4.73375e-05
0.401849 4.72078e-05
0.402591 4.70096e-05
0.403335 4.68759e-05
0.404079 4.66816e-05
0.404826 4.6543e-05
0.405573 4.63547e-05
0.406322 4.62153e-05
0.407072 4.60386e-05
0.407824 4.58972e-05
0.408577 4.5729e-05
0.409332 4.55793e-05
0.410088 4.54168e-05
0.410845 4.52571e-05
0.411604 4.51025e-05
0.412364 4.4931e-05
0.413125 4.47846e-05
0.413888 4.46004e-05
0.414652 4.44661e-05
0.415418 4.4259e-05
0.416185 4.41475e-05
0.416954 4.39232e-05
0.417723 4.38321e-05
0.418495 4.36181e-05
0.419268 4.35287e-05
0.420042 4.33241e-05
0.420818 4.32319e-05
0.421595 4.30296e-05
0.422373 4.29325e-05
0.423153 4.27313e-05
0.423934 4.26318e-05
0.424717 4.24314e-05
0.425502 4.23297e-05
0.426287 4.2132e-05
0.427075 4.20279e-05
0.427863 4.18332e-05
0.428653 4.17274e-05
0.429445 4.1536e-05
0.430238 4.14308e-05
0.431032 4.12494e-05
0.431828 4.11457e-05
0.432626 4.09745e-05
0.433425 4.08673e-05
0.434225 4.06965e-05
0.435027 4.05859e-05
0.43583 4.04186e-05
0.436635 4.03018e-05
0.437441 4.01375e-05
0.438249 4.00147e-05
0.439058 3.98539e-05
0.439869 3.97265e-05
0.440681 3.95682e-05
0.441495 3.94367e-05
0.44231 3.92856e-05
0.443127 3.91491e-05
0.443945 3.90095e-05
0.444765 3.88698e-05
0.445586 3.87393e-05
0.446409 3.85892e-05
0.447234 3.84677e-05
0.448059 3.83026e-05
0.448887 3.81933e-05
0.449716 3.79985e-05
0.450546 3.79181e-05
0.451378 3.77242e-05
0.452212 3.76417e-05
0.453047 3.7449e-05
0.453883 3.73646e-05
0.454722 3.71749e-05
0.455561 3.70906e-05
0.456402 3.69093e-05
0.457245 3.68244e-05
0.45809 3.66542e-05
0.458935 3.65675e-05
0.459783 3.63975e-05
0.460632 3.63078e-05
0.461483 3.61395e-05
0.462335 3.60468e-05
0.463189 3.58797e-05
0.464044 3.57834e-05
0.464901 3.56175e-05
0.465759 3.55195e-05
0.466619 3.53567e-05
0.467481 3.52564e-05
0.468344 3.50978e-05
0.469209 3.49966e-05
0.470076 3.48445e-05
0.470944 3.47442e-05
0.471813 3.46026e-05
0.472684 3.44984e-05
0.473557 3.4359e-05
0.474432 3.42507e-05
0.475308 3.41139e-05
0.476186 3.40019e-05
0.477065 3.38691e-05
0.477946 3.3753e-05
0.478828 3.3626e-05
0.479713 3.35017e-05
0.480598 3.33812e-05
0.481486 3.32509e-05
0.482375 3.31395e-05
0.483266 3.30041e-05
0.484158 3.29043e-05
0.485052 3.27599e-05
0.485948 3.2676e-05
0.486845 3.25149e-05
0.487744 3.24446e-05
0.488645 3.22848e-05
0.489547 3.22123e-05
0.490451 3.20507e-05
0.491357 3.19766e-05
0.492264 3.18163e-05
0.493173 3.17386e-05
0.494084 3.15794e-05
0.494996 3.15006e-05
0.495911 3.13421e-05
0.496826 3.12624e-05
0.497744 3.11106e-05
0.498663 3.10321e-05
0.499584 3.08899e-05
0.500506 3.08094e-05
0.50143 3.06676e-05
0.502356 3.05843e-05
0.503284 3.04447e-05
0.504213 3.03588e-05
0.505144 3.02214e-05
0.506077 3.01333e-05
0.507012 2.99984e-05
0.507948 2.99077e-05
0.508886 2.97753e-05
0.509826 2.96825e-05
0.510767 2.95553e-05
0.51171 2.94616e-05
0.512655 2.93419e-05
0.513602 2.92508e-05
0.51455 2.91381e-05
0.515501 2.90421e-05
0.516453 2.89329e-05
0.517406 2.88322e-05
0.518362 2.8726e-05
0.519319 2.86198e-05
0.520278 2.85186e-05
0.521239 2.84042e-05
0.522201 2.83098e-05
0.523165 2.81859e-05
0.524131 2.80998e-05
0.525099 2.79523e-05
0.526069 2.7892e-05
0.52704 2.77479e-05
0.528014 2.76877e-05
0.528989 2.75507e-05
0.529966 2.74876e-05
0.530944 2.73518e-05
0.531925 2.72871e-05
0.532907 2.71522e-05
0.533891 2.70859e-05
0.534877 2.69508e-05
0.535865 2.6882e-05
0.536854 2.67492e-05
0.537845 2.6679e-05
0.538839 2.65459e-05
0.539834 2.64736e-05
0.54083 2.63434e-05
0.541829 2.62704e-05
0.54283 2.61446e-05
0.543832 2.60735e-05
0.544836 2.59569e-05
0.545842 2.58835e-05
0.54685 2.57684e-05
0.54786 2.56908e-05
0.548872 2.55781e-05
0.549885 2.54985e-05
0.550901 2.5387e-05
0.551918 2.53046e-05
0.552937 2.51959e-05
0.553958 2.51099e-05
0.554981 2.50044e-05
0.556006 2.49171e-05
0.557033 2.48148e-05
0.558061 2.47265e-05
0.559092 2.46307e-05
0.560124 2.45416e-05
0.561159 2.44528e-05
0.562195 2.43584e-05
0.563233 2.4274e-05
0.564273 2.41727e-05
0.565315 2.4094e-05
0.566359 2.39817e-05
0.567405 2.39133e-05
0.568453 2.37868e-05
0.569502 2.37311e-05
0.570554 2.36058e-05
0.571608 2.35489e-05
0.572663 2.34233e-05
0.573721 2.33674e-05
0.57478 2.32466e-05
0.575842 2.31902e-05
0.576905 2.30794e-05
0.57797 2.30224e-05
0.579037 2.29115e-05
0.580107 2.28533e-05
0.581178 2.27433e-05
0.582251 2.26827e-05
0.583326 2.25733e-05
0.584404 2.25125e-05
0.585483 2.24036e-05
0.586564 2.23413e-05
0.587647 2.22345e-05
0.588732 2.21699e-05
0.589819 2.20655e-05
0.590908 2.20004e-05
0.592 2.18994e-05
0.593093 2.18336e-05
0.594188 2.17387e-05
0.595285 2.16711e-05
0.596385 2.15781e-05
0.597486 2.15072e-05
0.598589 2.14156e-05
0.599694 2.13421e-05
0.600802 2.12519e-05
0.601911 2.11757e-05
0.603023 2.10881e-05
0.604136 2.10085e-05
0.605252 2.09235e-05
0.60637 2.08386e-05
0.607489 2.07586e-05
0.608611 2.06703e-05
0.609735 2.05973e-05
0.610861 2.05078e-05
0.611989 2.04425e-05
0.613119 2.03375e-05
0.614251 2.0288e-05
0.615386 2.01808e-05
0.616522 2.01318e-05
0.61766 2.00248e-05
0.618801 1.99743e-05
0.619944 1.98684e-05
0.621088 1.98164e-05
0.622235 1.97116e-05
0.623384 1.9659e-05
0.624535 1.9555e-05
0.625689 1.95023e-05
0.626844 1.94019e-05
0.628002 1.93512e-05
0.629161 1.92591e-05
0.630323 1.9206e-05
0.631487 1.91139e-05
0.632653 1.90599e-05
0.633821 1.89685e-05
0.634992 1.89132e-05
0.636164 1.88232e-05
0.637339 1.87663e-05
0.638516 1.86777e-05
0.639695 1.8619e-05
0.640876 1.85323e-05
0.64206 1.84724e-05
0.643246 1.83878e-05
0.644433 1.83266e-05
0.645623 1.82448e-05
0.646816 1.81835e-05
0.64801 1.81061e-05
0.649207 1.80428e-05
0.650405 1.79674e-05
0.651606 1.79007e-05
0.65281 1.7827e-05
0.654015 1.77567e-05
0.655223 1.76852e-05
0.656433 1.76109e-05
0.657645 1.75428e-05
0.658859 1.74624e-05
0.660076 1.73989e-05
0.661295 1.73117e-05
0.662516 1.72558e-05
0.66374 1.71574e-05
0.664965 1.71155e-05
0.666193 1.70267e-05
0.667423 1.6984e-05
0.668656 1.68942e-05
0.669891 1.68508e-05
0.671128 1.67622e-05
0.672367 1.67173e-05
0.673608 1.66294e-05
0.674852 1.65835e-05
0.676099 1.64966e-05
0.677347 1.64501e-05
0.678598 1.63643e-05
0.679851 1.63174e-05
0.681106 1.62326e-05
0.682364 1.61851e-05
0.683624 1.61021e-05
0.684887 1.60552e-05
0.686151 1.5979e-05
0.687418 1.59305e-05
0.688688 1.58558e-05
0.689959 1.58058e-05
0.691233 1.57319e-05
0.69251 1.56802e-05
0.693789 1.56069e-05
0.69507 1.55535e-05
0.696353 1.54819e-05
0.697639 1.54267e-05
0.698928 1.53566e-05
0.700218 1.52997e-05
0.701511 1.52309e-05
0.702807 1.51732e-05
0.704104 1.51086e-05
0.705405 1.50522e-05
0.706707 1.49923e-05
0.708012 1.49331e-05
0.70932 1.4876e-05
0.710629 1.4813e-05
0.711942 1.47587e-05
0.713256 1.4691e-05
0.714574 1.46409e-05
0.715893 1.45638e-05
0.717215 1.45232e-05
0.718539 1.44416e-05
0.719866 1.44041e-05
0.721196 1.4323e-05
0.722527 1.42854e-05
0.723862 1.42049e-05
0.725198 1.41673e-05
0.726537 1.40925e-05
0.727879 1.40538e-05
0.729223 1.39792e-05
0.73057 1.39394e-05
0.731919 1.38653e-05
0.73327 1.38243e-05
0.734624 1.37513e-05
0.735981 1.37089e-05
0.73734 1.36358e-05
0.738702 1.3593e-05
0.740066 1.35209e-05
0.741432 1.34774e-05
0.742801 1.34069e-05
0.744173 1.33629e-05
0.745547 1.32948e-05
0.746924 1.32522e-05
0.748303 1.31896e-05
0.749685 1.31462e-05
0.75107 1.30853e-05
0.752456 1.30399e-05
0.753846 1.29801e-05
0.755238 1.29332e-05
0.756633 1.28745e-05
0.75803 1.28262e-05
0.75943 1.27687e-05
0.760832 1.27187e-05
0.762237 1.26627e-05
0.763644 1.261e-05
0.765055 1.25572e-05
0.766467 1.2502e-05
0.767883 1.2452e-05
0.769301 1.23958e-05
0.770721 1.23508e-05
0.772145 1.2291e-05
0.77357 1.22504e-05
0.774999 1.21809e-05
0.77643 1.21488e-05
0.777864 1.20799e-05
0.7793 1.20467e-05
0.780739 1.19782e-05
0.782181 1.19444e-05
0.783625 1.18766e-05
0.785072 1.1842e-05
0.786522 1.17749e-05
0.787974 1.17405e-05
0.78943 1.16745e-05
0.790887 1.16406e-05
0.792348 1.15794e-05
0.793811 1.15451e-05
0.795277 1.14847e-05
0.796745 1.14488e-05
0.798217 1.13887e-05
0.799691 1.13519e-05
0.801167 1.12921e-05
0.802647 1.12544e-05
0.804129 1.11956e-05
0.805614 1.11566e-05
0.807101 1.10988e-05
0.808592 1.10584e-05
0.810085 1.10015e-05
0.811581 1.09613e-05
0.81308 1.09059e-05
0.814581 1.08667e-05
0.816085 1.08157e-05
0.817592 1.07755e-05
0.819102 1.07259e-05
0.820615 1.06842e-05
0.82213 1.06364e-05
0.823648 1.0593e-05
0.825169 1.05461e-05
0.826693 1.05005e-05
0.828219 1.04557e-05
0.829749 1.04072e-05
0.831281 1.03649e-05
0.832816 1.03128e-05
0.834354 1.02737e-05
0.835895 1.02156e-05
0.837438 1.01838e-05
0.838985 1.01253e-05
0.840534 1.00972e-05
0.842086 1.00394e-05
0.843641 1.00108e-05
0.845199 9.95324e-06
0.84676 9.92398e-06
0.848323 9.86695e-06
0.84989 9.83675e-06
0.851459 9.7799e-06
0.853031 9.74938e-06
0.854607 9.69341e-06
0.856185 9.66272e-06
0.857766 9.60752e-06
0.85935 9.57601e-06
0.860937 9.52246e-06
0.862526 9.49224e-06
0.864119 9.44139e-06
0.865715 9.41084e-06
0.867313 9.36173e-06
0.868915 9.3302e-06
0.87052 9.2818e-06
0.872127 9.24914e-06
0.873738 9.20098e-06
0.875351 9.16752e-06
0.876967 9.12045e-06
0.878587 9.08564e-06
0.880209 9.03928e-06
0.881835 9.00355e-06
0.883463 8.95869e-06
0.885094 8.92157e-06
0.886729 8.87797e-06
0.888366 8.84127e-06
0.890007 8.80082e-06
0.89165 8.76266e-06
0.893297 8.72392e-06
0.894946 8.68371e-06
0.896599 8.6467e-06
0.898255 8.60388e-06
0.899913 8.56894e-06
0.901575 8.52314e-06
0.90324 8.49145e-06
0.904908 8.43862e-06
0.906579 8.41382e-06
0.908253 8.36154e-06
0.90993 8.3365e-06
0.911611 8.28518e-06
0.913294 8.26106e-06
0.91498 8.21288e-06
0.91667 8.18821e-06
0.918363 8.14152e-06
0.920059 8.11634e-06
0.921758 8.06968e-06
0.92346 8.0443e-06
0.925165 7.99791e-06
0.926873 7.97185e-06
0.928585 7.92584e-06
0.9303 7.8989e-06
0.932018 7.8534e-06
0.933739 7.82554e-06
0.935463 7.78026e-06
0.93719 7.75215e-06
0.938921 7.70798e-06
0.940655 7.67986e-06
0.942392 7.63865e-06
0.944132 7.60992e-06
0.945875 7.56983e-06
0.947622 7.54035e-06
0.949372 7.50085e-06
0.951125 7.47041e-06
0.952881 7.43157e-06
0.954641 7.40034e-06
0.956404 7.36251e-06
0.95817 7.33021e-06
0.959939 7.29334e-06
0.961712 7.26029e-06
0.963488 7.22479e-06
0.965267 7.1906e-06
0.967049 7.15777e-06
0.968835 7.12359e-06
0.970624 7.09378e-06
0.972417 7.05831e-06
0.974212 7.03111e-06
0.976011 6.99194e-06
0.977814 6.96814e-06
0.979619 6.92551e-06
0.981428 6.90458e-06
0.983241 6.86215e-06
0.985056 6.84114e-06
0.986875 6.79872e-06
0.988698 6.77731e-06
0.990523 6.73552e-06
0.992352 6.71343e-06
0.994185 6.6722e-06
0.996021 6.65035e-06
0.99786 6.61072e-06
0.999703 6.58901e-06
1.00155 6.55029e-06
1.0034 6.52781e-06
1.00525 6.48962e-06
1.00711 6.46673e-06
1.00897 6.42856e-06
1.01083 6.40486e-06
1.0127 6.36723e-06
1.01457 6.34304e-06
1.01644 6.30588e-06
1.01832 6.28124e-06
1.0202 6.24472e-06
1.02208 6.21954e-06
1.02397 6.18413e-06
1.02586 6.15899e-06
1.02775 6.12592e-06
1.02965 6.1004e-06
1.03155 6.06892e-06
1.03346 6.04267e-06
1.03537 6.01147e-06
1.03728 5.98445e-06
1.03919 5.95422e-06
1.04111 5.92597e-06
1.04304 5.89685e-06
1.04496 5.86722e-06
1.04689 5.83961e-06
1.04882 5.80845e-06
1.05076 5.78283e-06
1.0527 5.7497e-06
1.05465 5.72686e-06
1.05659 5.69013e-06
1.05854 5.67331e-06
1.0605 5.63804e-06
1.06246 5.62083e-06
1.06442 5.58562e-06
1.06638 5.56799e-06
1.06835 5.53311e-06
1.07033 5.51512e-06
1.0723 5.48048e-06
1.07428 5.46182e-06
1.07627 5.4276e-06
1.07825 5.40887e-06
1.08025 5.37483e-06
1.08224 5.35604e-06
1.08424 5.32237e-06
1.08624 5.30332e-06
1.08825 5.27154e-06
1.09026 5.25212e-06
1.09227 5.22138e-06
1.09429 5.20165e-06
1.09631 5.17112e-06
1.09833 5.15084e-06
1.10036 5.12071e-06
1.10239 5.09967e-06
1.10443 5.06985e-06
1.10647 5.04851e-06
1.10851 5.01917e-06
1.11056 4.99709e-06
1.11261 4.96849e-06
1.11466 4.94589e-06
1.11672 4.91835e-06
1.11878 4.89583e-06
1.12085 4.87001e-06
1.12292 4.84746e-06
1.12499 4.82316e-06
1.12707 4.79912e-06
1.12915 4.77583e-06
1.13124 4.75059e-06
1.13333 4.72838e-06
1.13542 4.70178e-06
1.13751 4.68076e-06
1.13962 4.65166e-06
1.14172 4.63313e-06
1.14383 4.601e-06
1.14594 4.58555e-06
1.14806 4.55398e-06
1.15018 4.53884e-06
1.1523 4.50849e-06
1.15443 4.49349e-06
1.15656 4.46491e-06
1.1587 4.44929e-06
1.16083 4.42078e-06
1.16298 4.40501e-06
1.16513 4.37656e-06
1.16728 4.36043e-06
1.16943 4.33228e-06
1.17159 4.31584e-06
1.17376 4.28794e-06
1.17592 4.27125e-06
1.1781 4.24359e-06
1.18027 4.22662e-06
1.18245 4.19953e-06
1.18463 4.18261e-06
1.18682 4.15685e-06
1.18901 4.13981e-06
1.19121 4.1153e-06
1.19341 4.09762e-06
1.19561 4.0733e-06
1.19782 4.05506e-06
1.20003 4.03122e-06
1.20225 4.01239e-06
1.20447 3.98893e-06
1.20669 3.96952e-06
1.20892 3.9466e-06
1.21115 3.92663e-06
1.21339 3.90447e-06
1.21563 3.88377e-06
1.21787 3.86271e-06
1.22012 3.842e-06
1.22238 3.8227e-06
1.22463 3.80158e-06
1.2269 3.78384e-06
1.22916 3.76129e-06
1.23143 3.74477e-06
1.2337 3.71839e-06
1.23598 3.70583e-06
1.23826 3.67961e-06
1.24055 3.66688e-06
1.24284 3.64085e-06
1.24514 3.62779e-06
1.24744 3.60215e-06
1.24974 3.58903e-06
1.25205 3.56377e-06
1.25436 3.55076e-06
1.25668 3.52649e-06
1.259 3.5134e-06
1.26132 3.49048e-06
1.26365 3.47724e-06
1.26598 3.45432e-06
1.26832 3.44052e-06
1.27066 3.41792e-06
1.27301 3.40381e-06
1.27536 3.38125e-06
1.27772 3.367e-06
1.28008 3.34465e-06
1.28244 3.33012e-06
1.28481 3.30815e-06
1.28718 3.2931e-06
1.28956 3.27196e-06
1.29194 3.25714e-06
1.29432 3.23693e-06
1.29671 3.22224e-06
1.29911 3.20322e-06
1.30151 3.18792e-06
1.30391 3.16928e-06
1.30632 3.15355e-06
1.30873 3.13541e-06
1.31115 3.11902e-06
1.31357 3.10131e-06
1.31599 3.08424e-06
1.31842 3.06718e-06
1.32086 3.04936e-06
1.3233 3.03328e-06
1.32574 3.01455e-06
1.32819 2.99972e-06
1.33064 2.97992e-06
1.3331 2.96711e-06
1.33556 2.94598e-06
1.33803 2.93547e-06
1.3405 2.91454e-06
1.34297 2.90381e-06
1.34545 2.88281e-06
1.34794 2.87203e-06
1.35043 2.85119e-06
1.35292 2.83996e-06
1.35542 2.81938e-06
1.35792 2.808e-06
1.36043 2.78754e-06
1.36294 2.77601e-06
1.36546 2.75593e-06
1.36798 2.74442e-06
1.37051 2.72519e-06
1.37304 2.71404e-06
1.37557 2.6956e-06
1.37811 2.68419e-06
1.38066 2.66599e-06
1.38321 2.65414e-06
1.38576 2.63619e-06
1.38832 2.62412e-06
1.39088 2.60649e-06
1.39345 2.59395e-06
1.39603 2.57659e-06
1.3986 2.56379e-06
1.40119 2.54684e-06
1.40377 2.53374e-06
1.40637 2.51729e-06
1.40896 2.50414e-06
1.41157 2.48848e-06
1.41417 2.47552e-06
1.41678 2.46097e-06
1.4194 2.4475e-06
1.42202 2.43332e-06
1.42465 2.41913e-06
1.42728 2.40559e-06
1.42991 2.39053e-06
1.43255 2.37775e-06
1.4352 2.36173e-06
1.43785 2.34991e-06
1.4405 2.33169e-06
1.44316 2.32236e-06
1.44583 2.30384e-06
1.4485 2.29505e-06
1.45117 2.27711e-06
1.45385 2.2684e-06
1.45654 2.25174e-06
1.45923 2.24282e-06
1.46192 2.22626e-06
1.46462 2.2172e-06
1.46733 2.2006e-06
1.47004 2.19134e-06
1.47275 2.17491e-06
1.47547 2.16549e-06
1.47819 2.14932e-06
1.48092 2.13959e-06
1.48366 2.12357e-06
1.4864 2.11382e-06
1.48914 2.09807e-06
1.49189 2.08838e-06
1.49465 2.07334e-06
1.49741 2.06379e-06
1.50017 2.04954e-06
1.50294 2.03969e-06
1.50572 2.02568e-06
1.5085 2.01557e-06
1.51129 2.00178e-06
1.51408 1.99138e-06
1.51687 1.97785e-06
1.51967 1.96704e-06
1.52248 1.95371e-06
1.52529 1.94259e-06
1.52811 1.92972e-06
1.53093 1.91819e-06
1.53376 1.90586e-06
1.53659 1.89422e-06
1.53943 1.88263e-06
1.54227 1.87117e-06
1.54512 1.86059e-06
1.54797 1.84835e-06
1.55083 1.83833e-06
1.55369 1.82506e-06
1.55656 1.81608e-06
1.55944 1.80108e-06
1.56231 1.79378e-06
1.5652 1.77896e-06
1.56809 1.7716e-06
1.57099 1.75677e-06
1.57389 1.74944e-06
1.57679 1.73488e-06
1.5797 1.72752e-06
1.58262 1.71344e-06
1.58554 1.70625e-06
1.58847 1.6933e-06
1.59141 1.68588e-06
1.59434 1.67305e-06
1.59729 1.66554e-06
1.60024 1.65278e-06
1.60319 1.645e-06
1.60615 1.63233e-06
1.60912 1.62441e-06
1.61209 1.61193e-06
1.61507 1.6038e-06
1.61805 1.59154e-06
1.62104 1.58328e-06
1.62403 1.57133e-06
1.62703 1.56306e-06
1.63003 1.55161e-06
1.63304 1.54349e-06
1.63606 1.53276e-06
1.63908 1.52453e-06
1.64211 1.5139e-06
1.64514 1.50532e-06
1.64818 1.49496e-06
1.65122 1.4861e-06
1.65427 1.47612e-06
1.65733 1.46685e-06
1.66039 1.45716e-06
1.66345 1.44755e-06
1.66652 1.43841e-06
1.6696 1.42835e-06
1.67268 1.41977e-06
1.67577 1.40925e-06
1.67887 1.40165e-06
1.68197 1.39073e-06
1.68507 1.38457e-06
1.68819 1.37303e-06
1.6913 1.36736e-06
1.69443 1.35583e-06
1.69756 1.35008e-06
1.70069 1.33861e-06
1.70383 1.33274e-06
1.70698 1.32131e-06
1.71013 1.31527e-06
1.71329 1.30395e-06
1.71645 1.29781e-06
1.71962 1.28664e-06
1.7228 1.28055e-06
1.72598 1.26975e-06
1.72916 1.26373e-06
1.73236 1.25375e-06
1.73556 1.24759e-06
1.73876 1.23766e-06
1.74197 1.23139e-06
1.74519 1.22157e-06
1.74841 1.21512e-06
1.75164 1.20544e-06
1.75487 1.19879e-06
1.75812 1.18924e-06
1.76136 1.18251e-06
1.76461 1.17323e-06
1.76787 1.16634e-06
1.77114 1.15733e-06
1.77441 1.15038e-06
1.77768 1.14183e-06
1.78097 1.13503e-06
1.78426 1.12707e-06
1.78755 1.12004e-06
1.79085 1.11227e-06
1.79416 1.10491e-06
1.79747 1.09751e-06
1.80079 1.08977e-06
1.80412 1.08266e-06
1.80745 1.07445e-06
1.81079 1.0678e-06
1.81413 1.05897e-06
1.81748 1.05299e-06
1.82084 1.04286e-06
1.8242 1.03824e-06
1.82757 1.02837e-06
1.83094 1.02382e-06
1.83432 1.01494e-06
1.83771 1.01032e-06
1.8411 1.0015e-06
1.8445 9.96741e-07
1.84791 9.87942e-07
1.85132 9.8315e-07
1.85474 9.74411e-07
1.85816 9.69488e-07
1.8616 9.60901e-07
1.86503 9.5596e-07
1.86848 9.47429e-07
1.87193 9.42385e-07
1.87538 9.34068e-07
1.87885 9.29044e-07
1.88232 9.20987e-07
1.88579 9.16179e-07
1.88928 9.0873e-07
1.89276 9.03761e-07
1.89626 8.96391e-07
1.89976 8.91266e-07
1.90327 8.83969e-07
1.90678 8.78769e-07
1.9103 8.71576e-07
1.91383 8.66184e-07
1.91737 8.59137e-07
1.92091 8.5359e-07
1.92445 8.46698e-07
1.92801 8.4093e-07
1.93157 8.34357e-07
1.93514 8.28459e-07
1.93871 8.22231e-07
1.94229 8.16523e-07
1.94588 8.10921e-07
1.94947 8.0488e-07
1.95307 7.99561e-07
1.95667 7.93103e-07
1.96029 7.88157e-07
1.96391 7.80909e-07
1.96753 7.76719e-07
1.97117 7.68951e-07
1.97481 7.65241e-07
1.97845 7.57524e-07
1.98211 7.53817e-07
1.98577 7.46194e-07
1.98943 7.42488e-07
1.99311 7.35048e-07
1.99679 7.31499e-07
2.00048 7.2475e-07
2.00417 7.21101e-07
2.00787 7.14469e-07
2.01158 7.10765e-07
2.01529 7.04165e-07
2.01902 7.00319e-07
2.02274 6.93818e-07
2.02648 6.89961e-07
2.03022 6.83473e-07
2.03397 6.7953e-07
2.03773 6.73187e-07
2.04149 6.6917e-07
2.04526 6.62987e-07
2.04904 6.58948e-07
2.05282 6.52923e-07
2.05661 6.49005e-07
2.06041 6.43524e-07
2.06421 6.39468e-07
2.06802 6.34067e-07
2.07184 6.29882e-07
2.07567 6.24625e-07
2.0795 6.20239e-07
2.08334 6.1511e-07
2.08719 6.10586e-07
2.09104 6.05616e-07
2.0949 6.00905e-07
2.09877 5.96131e-07
2.10265 5.9124e-07
2.10653 5.86713e-07
2.11042 5.81583e-07
2.11432 5.77492e-07
2.11822 5.72458e-07
2.12213 5.68983e-07
2.12605 5.63214e-07
2.12998 5.60479e-07
2.13391 5.54746e-07
2.13785 5.5195e-07
2.1418 5.46261e-07
2.14576 5.43426e-07
2.14972 5.37776e-07
2.15369 5.34878e-07
2.15766 5.29305e-07
2.16165 5.26372e-07
2.16564 5.2087e-07
2.16964 5.17978e-07
2.17365 5.12593e-07
2.17766 5.09796e-07
2.18168 5.04853e-07
2.18571 5.01988e-07
2.18975 4.97152e-07
2.19379 4.94191e-07
2.19784 4.89377e-07
2.2019 4.8637e-07
2.20597 4.8164e-07
2.21004 4.78549e-07
2.21412 4.73894e-07
2.21821 4.7072e-07
2.2223 4.66136e-07
2.22641 4.62903e-07
2.23052 4.58463e-07
2.23464 4.5518e-07
2.23876 4.50931e-07
2.2429 4.47809e-07
2.24704 4.43963e-07
2.25119 4.40749e-07
2.25535 4.37018e-07
2.25951 4.33675e-07
2.26368 4.30051e-07
2.26786 4.26551e-07
2.27205 4.23102e-07
2.27625 4.19397e-07
2.28045 4.16134e-07
2.28466 4.12198e-07
2.28888 4.09197e-07
2.29311 4.04848e-07
2.29734 4.02314e-07
2.30158 3.9762e-07
2.30583 3.95592e-07
2.31009 3.91319e-07
2.31436 3.89289e-07
2.31863 3.85074e-07
2.32291 3.83007e-07
2.3272 3.78836e-07
2.3315 3.7671e-07
2.33581 3.72563e-07
2.34012 3.70398e-07
2.34444 3.66281e-07
2.34877 3.64088e-07
2.35311 3.60029e-07
2.35745 3.57784e-07
2.36181 3.53806e-07
2.36617 3.51575e-07
2.37054 3.47699e-07
2.37491 3.45535e-07
2.3793 3.41998e-07
2.38369 3.39814e-07
2.38809 3.36385e-07
2.3925 3.3414e-07
2.39692 3.30745e-07
2.40135 3.28428e-07
2.40578 3.25101e-07
2.41023 3.22701e-07
2.41468 3.19445e-07
2.41914 3.16959e-07
2.4236 3.13792e-07
2.42808 3.1125e-07
2.43256 3.08183e-07
2.43705 3.05584e-07
2.44155 3.02709e-07
2.44606 3.00203e-07
2.45058 2.97626e-07
2.4551 2.95044e-07
2.45964 2.92641e-07
2.46418 2.89904e-07
2.46873 2.87632e-07
2.47329 2.84664e-07
2.47786 2.82612e-07
2.48243 2.7914e-07
2.48702 2.77596e-07
2.49161 2.74159e-07
2.49621 2.7261e-07
2.50082 2.69212e-07
2.50544 2.67649e-07
2.51006 2.64334e-07
2.5147 2.62837e-07
2.51934 2.59821e-07
2.52399 2.58294e-07
2.52866 2.55394e-07
2.53333 2.53843e-07
2.538 2.50948e-07
2.54269 2.4938e-07
2.54739 2.46497e-07
2.55209 2.44876e-07
2.5568 2.42057e-07
2.56152 2.40383e-07
2.56625 2.37606e-07
2.57099 2.35928e-07
2.57574 2.3319e-07
2.5805 2.31498e-07
2.58526 2.28863e-07
2.59004 2.27219e-07
2.59482 2.24794e-07
2.59961 2.23151e-07
2.60441 2.20817e-07
2.60922 2.19109e-07
2.61404 2.16834e-07
2.61886 2.15055e-07
2.6237 2.12834e-07
2.62855 2.10987e-07
2.6334 2.08828e-07
2.63826 2.06925e-07
2.64313 2.04861e-07
2.64801 2.02855e-07
2.6529 2.00908e-07
2.6578 1.98848e-07
2.66271 1.97064e-07
2.66763 1.95023e-07
2.67255 1.93462e-07
2.67749 1.91283e-07
2.68243 1.89958e-07
2.68739 1.87512e-07
2.69235 1.8642e-07
2.69732 1.83999e-07
2.7023 1.82882e-07
2.70729 1.8046e-07
2.71229 1.79327e-07
2.7173 1.76946e-07
2.72232 1.75789e-07
2.72735 1.73441e-07
2.73238 1.72292e-07
2.73743 1.69992e-07
2.74248 1.68891e-07
2.74755 1.66793e-07
2.75262 1.65689e-07
2.7577 1.63701e-07
2.7628 1.62573e-07
2.7679 1.60606e-07
2.77301 1.59453e-07
2.77813 1.5751e-07
2.78326 1.56313e-07
2.7884 1.54399e-07
2.79355 1.53185e-07
2.79871 1.51312e-07
2.80387 1.50053e-07
2.80905 1.48228e-07
2.81424 1.46969e-07
2.81944 1.45217e-07
2.82464 1.43999e-07
2.82986 1.42412e-07
2.83508 1.41183e-07
2.84032 1.39699e-07
2.84556 1.38422e-07
2.85082 1.36975e-07
2.85608 1.35636e-07
2.86136 1.34244e-07
2.86664 1.32844e-07
2.87193 1.31525e-07
2.87724 1.30031e-07
2.88255 1.2881e-07
2.88787 1.27212e-07
2.89321 1.26117e-07
2.89855 1.24241e-07
2.9039 1.235e-07
2.90926 1.21775e-07
2.91464 1.21046e-07
2.92002 1.19405e-07
2.92541 1.18646e-07
2.93081 1.17026e-07
2.93623 1.16249e-07
2.94165 1.14639e-07
2.94708 1.13852e-07
2.95252 1.12248e-07
2.95797 1.11439e-07
2.96344 1.09864e-07
2.96891 1.09053e-07
2.97439 1.07496e-07
2.97988 1.06673e-07
2.98539 1.05172e-07
2.9909 1.04389e-07
2.99642 1.03013e-07
3.00195 1.02242e-07
3.0075 1.00945e-07
3.01305 1.00155e-07
3.01862 9.88727e-08
3.02419 9.80531e-08
3.02977 9.67994e-08
3.03537 9.59499e-08
3.04097 9.47194e-08
3.04659 9.38442e-08
3.05222 9.26529e-08
3.05785 9.17432e-08
3.0635 9.05894e-08
3.06916 8.96688e-08
3.07482 8.858e-08
3.0805 8.76814e-08
3.08619 8.66955e-08
3.09189 8.57997e-08
3.0976 8.48915e-08
3.10332 8.39461e-08
3.10905 8.30949e-08
3.11479 8.20768e-08
3.12054 8.1285e-08
3.1263 8.01677e-08
3.13208 7.94785e-08
3.13786 7.82135e-08
3.14365 7.76758e-08
3.14946 7.64284e-08
3.15528 7.58949e-08
3.1611 7.46725e-08
3.16694 7.41673e-08
3.17279 7.3044e-08
3.17865 7.25471e-08
3.18452 7.14974e-08
3.1904 7.09842e-08
3.19629 6.99461e-08
3.20219 6.94201e-08
3.2081 6.83888e-08
3.21403 6.78466e-08
3.21996 6.68295e-08
3.22591 6.62828e-08
3.23187 6.52741e-08
3.23783 6.47157e-08
3.24381 6.37326e-08
3.2498 6.31645e-08
3.2558 6.22155e-08
3.26182 6.16734e-08
3.26784 6.08128e-08
3.27387 6.02826e-08
3.27992 5.94865e-08
3.28598 5.89338e-08
3.29204 5.81565e-08
3.29812 5.75847e-08
3.30421 5.68258e-08
3.31031 5.62347e-08
3.31643 5.54903e-08
3.32255 5.48746e-08
3.32869 5.41624e-08
3.33483 5.35261e-08
3.34099 5.28463e-08
3.34716 5.21831e-08
3.35334 5.15606e-08
3.35953 5.09009e-08
3.36574 5.03611e-08
3.37195 4.96949e-08
3.37818 4.92246e-08
3.38442 4.84536e-08
3.39067 4.80929e-08
3.39693 4.729e-08
3.4032 4.69531e-08
3.40949 4.61533e-08
3.41578 4.58086e-08
3.42209 4.50241e-08
3.42841 4.46739e-08
3.43474 4.39004e-08
3.44108 4.35535e-08
3.44744 4.27961e-08
3.4538 4.24634e-08
3.46018 4.1768e-08
3.46657 4.14435e-08
3.47297 4.08135e-08
3.47939 4.04772e-08
3.48581 3.98494e-08
3.49225 3.95077e-08
3.4987 3.88865e-08
3.50516 3.85339e-08
3.51163 3.79237e-08
3.51811 3.75596e-08
3.52461 3.69595e-08
3.53112 3.65882e-08
3.53764 3.60043e-08
3.54417 3.56295e-08
3.55072 3.50661e-08
3.55727 3.47018e-08
3.56384 3.41935e-08
3.57042 3.38399e-08
3.57702 3.33754e-08
3.58362 3.30069e-08
3.59024 3.25591e-08
3.59687 3.21712e-08
3.60351 3.17375e-08
3.61017 3.13321e-08
3.61683 3.09185e-08
3.62351 3.04889e-08
3.6302 3.01004e-08
3.63691 2.9643e-08
3.64362 2.92905e-08
3.65035 2.87958e-08
3.65709 2.85029e-08
3.66384 2.79698e-08
3.67061 2.77721e-08
3.67739 2.7296e-08
3.68418 2.70926e-08
3.69098 2.66173e-08
3.6978 2.641e-08
3.70463 2.59369e-08
3.71147 2.57273e-08
3.71832 2.5258e-08
3.72519 2.50428e-08
3.73207 2.4579e-08
3.73896 2.4359e-08
3.74586 2.39051e-08
3.75278 2.36852e-08
3.75971 2.32424e-08
3.76665 2.30298e-08
3.77361 2.26243e-08
3.78058 2.24213e-08
3.78756 2.20618e-08
3.79455 2.18516e-08
3.80156 2.14971e-08
3.80858 2.128e-08
3.81561 2.0931e-08
3.82266 2.0708e-08
3.82972 2.03649e-08
3.83679 2.01344e-08
3.84387 1.97996e-08
3.85097 1.95661e-08
3.85808 1.92404e-08
3.86521 1.89992e-08
3.87234 1.86918e-08
3.87949 1.84566e-08
3.88666 1.8182e-08
3.89384 1.79579e-08
3.90103 1.77116e-08
3.90823 1.74749e-08
3.91545 1.72409e-08
3.92268 1.69863e-08
3.92992 1.67698e-08
3.93718 1.64937e-08
3.94445 1.62967e-08
3.95173 1.5979e-08
3.95903 1.58268e-08
3.96634 1.54897e-08
3.97366 1.53611e-08
3.981 1.50305e-08
3.98835 1.49074e-08
3.99572 1.46019e-08
4.0031 1.44859e-08
4.01049 1.42168e-08
4.01789 1.40971e-08
4.02531 1.38313e-08
4.03275 1.37081e-08
4.04019 1.34443e-08
4.04765 1.33181e-08
4.05513 1.30575e-08
4.06262 1.29273e-08
4.07012 1.26707e-08
4.07763 1.25378e-08
4.08516 1.2286e-08
4.09271 1.21538e-08
4.10027 1.19094e-08
4.10784 1.17811e-08
4.11542 1.15577e-08
4.12302 1.14373e-08
4.13064 1.12438e-08
4.13826 1.11201e-08
4.14591 1.09305e-08
4.15356 1.08004e-08
4.16123 1.06151e-08
4.16892 1.04798e-08
4.17661 1.02997e-08
4.18433 1.01598e-08
4.19205 9.98532e-09
4.19979 9.84005e-09
4.20755 9.67334e-09
4.21532 9.52252e-09
4.2231 9.37016e-09
4.2309 9.21961e-09
4.23871 9.08601e-09
4.24654 8.94328e-09
4.25438 8.83038e-09
4.26224 8.67267e-09
4.27011 8.57423e-09
4.278 8.38863e-09
4.2859 8.31689e-09
4.29381 8.13276e-09
4.30174 8.05935e-09
4.30968 7.87734e-09
4.31764 7.80331e-09
4.32561 7.62347e-09
4.3336 7.54932e-09
4.3416 7.37301e-09
4.34962 7.30241e-09
4.35765 7.139e-09
4.3657 7.07475e-09
4.37376 6.93587e-09
4.38184 6.86947e-09
4.38993 6.73155e-09
4.39804 6.66234e-09
4.40616 6.52707e-09
4.41429 6.45559e-09
4.42245 6.32119e-09
4.43061 6.24846e-09
4.43879 6.11691e-09
4.44699 6.04203e-09
4.4552 5.91348e-09
4.46343 5.83753e-09
4.47167 5.71413e-09
4.47993 5.64038e-09
4.4882 5.52713e-09
4.49649 5.45951e-09
4.50479 5.36391e-09
4.51311 5.29351e-09
4.52144 5.2007e-09
4.52979 5.12576e-09
4.53816 5.03626e-09
4.54654 4.95775e-09
4.55493 4.87138e-09
4.56335 4.78888e-09
4.57177 4.70791e-09
4.58021 4.6196e-09
4.58867 4.54497e-09
4.59715 4.45076e-09
4.60564 4.3862e-09
4.61414 4.28385e-09
4.62266 4.23854e-09
4.6312 4.14502e-09
4.63975 4.1092e-09
4.64832 4.01583e-09
4.6569 3.97954e-09
4.6655 3.88662e-09
4.67411 3.8492e-09
4.68275 3.75707e-09
4.69139 3.7189e-09
4.70006 3.62758e-09
4.70874 3.58846e-09
4.71743 3.4991e-09
4.72614 3.46011e-09
4.73487 3.37295e-09
4.74361 3.33472e-09
4.75237 3.25391e-09
4.76115 3.22031e-09
4.76994 3.15317e-09
4.77875 3.11808e-09
4.78757 3.05197e-09
4.79641 3.01553e-09
4.80527 2.95057e-09
4.81414 2.91292e-09
4.82303 2.84864e-09
4.83194 2.80955e-09
4.84086 2.74745e-09
4.8498 2.70709e-09
4.85876 2.6465e-09
4.86773 2.60534e-09
4.87672 2.54795e-09
4.88572 2.50662e-09
4.89475 2.45507e-09
4.90378 2.41944e-09
4.91284 2.37687e-09
4.92191 2.33869e-09
4.931 2.29828e-09
4.94011 2.25769e-09
4.94923 2.21932e-09
4.95837 2.17551e-09
4.96752 2.14043e-09
4.9767 2.0918e-09
4.98589 2.06164e-09
4.99509 2.0034e-09
5.00432 1.98349e-09
5.01356 1.92634e-09
5.02282 1.90708e-09
5.03209 1.85311e-09
5.04138 1.83619e-09
5.05069 1.79308e-09
5.06002 1.77541e-09
5.06936 1.73273e-09
5.07873 1.71451e-09
5.0881 1.67205e-09
5.0975 1.6536e-09
5.10691 1.61142e-09
5.11634 1.59231e-09
5.12579 1.55082e-09
5.13526 1.53131e-09
5.14474 1.49069e-09
5.15424 1.47081e-09
5.16376 1.43129e-09
5.17329 1.41198e-09
5.18285 1.37526e-09
5.19242 1.35862e-09
5.202 1.32914e-09
5.21161 1.31179e-09
5.22123 1.28267e-09
5.23088 1.2645e-09
5.24054 1.23609e-09
5.25021 1.21725e-09
5.25991 1.18923e-09
5.26962 1.16955e-09
5.27935 1.14277e-09
5.2891 1.1222e-09
5.29887 1.09637e-09
5.30865 1.07507e-09
5.31846 1.05106e-09
5.32828 1.02922e-09
5.33812 1.00831e-09
5.34797 9.89772e-10
5.35785 9.73479e-10
5.36774 9.53198e-10
5.37765 9.38516e-10
5.38758 9.15441e-10
5.39753 9.03349e-10
5.4075 8.77381e-10
5.41749 8.68127e-10
5.42749 8.42417e-10
5.43751 8.3308e-10
5.44755 8.07576e-10
5.45761 7.98292e-10
5.46769 7.73356e-10
5.47779 7.64292e-10
5.4879 7.40494e-10
5.49804 7.32922e-10
5.50819 7.14618e-10
5.51836 7.067e-10
5.52855 6.88623e-10
5.53876 6.80433e-10
5.54899 6.62513e-10
5.55923 6.54035e-10
5.5695 6.36366e-10
5.57979 6.27553e-10
5.59009 6.10193e-10
5.60041 6.01172e-10
5.61075 5.8421e-10
5.62111 5.75038e-10
5.63149 5.58637e-10
5.64189 5.49533e-10
5.65231 5.34299e-10
5.66275 5.2671e-10
5.67321 5.15006e-10
5.68368 5.07014e-10
5.69418 4.95642e-10
5.70469 4.87253e-10
5.71523 4.76208e-10
5.72578 4.67328e-10
5.73635 4.5672e-10
5.74695 4.47371e-10
5.75756 4.37237e-10
5.76819 4.27235e-10
5.77884 4.17942e-10
5.78951 4.07298e-10
5.8002 3.98971e-10
5.81092 3.87482e-10
5.82165 3.81146e-10
5.8324 3.70406e-10
5.84317 3.6684e-10
5.85396 3.56273e-10
5.86477 3.52609e-10
5.8756 3.42099e-10
5.88645 3.38281e-10
5.89732 3.27857e-10
5.90821 3.23958e-10
5.91912 3.13647e-10
5.93005 3.09657e-10
5.941 2.99474e-10
5.95197 2.95442e-10
5.96296 2.85506e-10
5.97397 2.816e-10
5.985 2.72135e-10
5.99605 2.68877e-10
6.00713 2.61734e-10
6.01822 2.58362e-10
6.02933 2.51458e-10
6.04047 2.48009e-10
6.05162 2.41119e-10
6.06279 2.37492e-10
6.07399 2.3077e-10
6.08521 2.26996e-10
6.09644 2.20438e-10
6.1077 2.16536e-10
6.11898 2.10122e-10
6.13028 2.06115e-10
6.1416 2.00025e-10
6.15294 1.95986e-10
6.1643 1.90413e-10
6.17569 1.8707e-10
6.18709 1.82802e-10
6.19851 1.79367e-10
6.20996 1.75399e-10
6.22143 1.71716e-10
6.23292 1.67912e-10
6.24443 1.63946e-10
6.25596 1.60426e-10
6.26751 1.56074e-10
6.27908 1.52931e-10
6.29068 1.48039e-10
6.30229 1.45521e-10
6.31393 1.39894e-10
6.32559 1.38234e-10
6.33727 1.32826e-10
6.34897 1.31456e-10
6.3607 1.27396e-10
6.37244 1.26034e-10
6.38421 1.22175e-10
6.396 1.20732e-10
6.40781 1.16921e-10
6.41964 1.15441e-10
6.4315 1.11654e-10
6.44338 1.10126e-10
6.45527 1.06359e-10
6.46719 1.0479e-10
6.47914 1.01108e-10
6.4911 9.95073e-11
6.50309 9.59361e-11
6.5151 9.43777e-11
6.52713 9.09922e-11
6.53918 8.96995e-11
6.55126 8.71382e-11
6.56335 8.58569e-11
6.57547 8.34661e-11
6.58761 8.21029e-11
6.59978 7.97543e-11
6.61197 7.8342e-11
6.62418 7.60433e-11
6.63641 7.45589e-11
6.64866 7.23287e-11
6.66094 7.07566e-11
6.67324 6.86384e-11
6.68556 6.70115e-11
6.69791 6.50043e-11
6.71028 6.33395e-11
6.72267 6.15841e-11
6.73508 6.01997e-11
6.74752 5.88848e-11
6.75998 5.74808e-11
6.77246 5.63215e-11
6.78497 5.4754e-11
6.7975 5.37371e-11
6.81005 5.17573e-11
6.82263 5.1148e-11
6.83522 4.9181e-11
6.84785 4.85643e-11
6.86049 4.66178e-11
6.87316 4.59888e-11
6.88585 4.4086e-11
6.89857 4.34706e-11
6.91131 4.16449e-11
6.92407 4.11465e-11
6.93686 3.97684e-11
6.94967 3.92815e-11
6.9625 3.80166e-11
6.97536 3.75066e-11
6.98824 3.62541e-11
7.00114 3.57209e-11
7.01407 3.44863e-11
7.02702 3.39386e-11
7.04 3.27183e-11
7.053 3.21494e-11
7.06602 3.0955e-11
7.07907 3.03735e-11
7.09214 2.92136e-11
7.10524 2.86391e-11
7.11836 2.75609e-11
7.1315 2.70859e-11
7.14467 2.62737e-11
7.15787 2.58138e-11
7.17108 2.50903e-11
7.18433 2.45986e-11
7.19759 2.38922e-11
7.21088 2.33802e-11
7.2242 2.26968e-11
7.23754 2.21471e-11
7.2509 2.14942e-11
7.26429 2.09083e-11
7.27771 2.02956e-11
7.29115 1.96788e-11
7.30461 1.91256e-11
7.3181 1.84604e-11
7.33161 1.80206e-11
7.34515 1.74389e-11
7.35872 1.7152e-11
7.3723 1.6539e-11
7.38592 1.63527e-11
7.39956 1.57407e-11
7.41322 1.55487e-11
7.42691 1.49391e-11
7.44062 1.47411e-11
7.45436 1.41363e-11
7.46813 1.39334e-11
7.48192 1.33353e-11
7.49574 1.3127e-11
7.50958 1.25446e-11
7.52345 1.23401e-11
7.53734 1.17835e-11
7.55126 1.16153e-11
7.5652 1.11947e-11
7.57917 1.10392e-11
7.59317 1.06682e-11
7.60719 1.05044e-11
7.62124 1.01386e-11
7.63531 9.96564e-12
7.64941 9.60482e-12
7.66353 9.42538e-12
7.67769 9.07221e-12
7.69186 8.88492e-12
7.70607 8.54012e-12
7.7203 8.3448e-12
7.73455 8.01506e-12
7.74884 7.8186e-12
7.76315 7.51637e-12
7.77748 7.35546e-12
7.79184 7.12689e-12
7.80623 6.9755e-12
7.82065 6.78143e-12
7.83509 6.61969e-12
7.84956 6.43429e-12
7.86405 6.25866e-12
7.87857 6.08491e-12
7.89312 5.89406e-12
7.9077 5.73438e-12
7.9223 5.5219e-12
7.93693 5.38498e-12
7.95158 5.12901e-12
7.96627 5.04347e-12
7.98098 4.77901e-12
7.99572 4.72243e-12
8.01048 4.52167e-12
8.02527 4.46988e-12
8.04009 4.30002e-12
8.05494 4.24557e-12
8.06981 4.07688e-12
8.08472 4.02027e-12
8.09965 3.85275e-12
8.1146 3.79386e-12
8.12959 3.62756e-12
8.1446 3.566e-12
8.15964 3.40322e-12
8.17471 3.34077e-12
8.1898 3.18043e-12
8.20492 3.11872e-12
8.22008 2.96732e-12
8.23526 2.91665e-12
8.25046 2.8023e-12
8.2657 2.75674e-12
8.28096 2.66161e-12
8.29625 2.61371e-12
8.31157 2.52021e-12
8.32692 2.46973e-12
8.3423 2.37807e-12
8.3577 2.32464e-12
8.37314 2.23526e-12
8.3886 2.17889e-12
8.40409 2.09247e-12
8.41961 2.03412e-12
8.43516 1.95232e-12
8.45073 1.89194e-12
8.46634 1.81871e-12
8.48197 1.76785e-12
8.49763 1.71441e-12
8.51333 1.66806e-12
8.52905 1.62555e-12
8.5448 1.57421e-12
8.56057 1.53602e-12
8.57638 1.4773e-12
8.59222 1.4461e-12
8.60809 1.37493e-12
8.62398 1.35571e-12
8.63991 1.28531e-12
8.65586 1.2657e-12
8.67185 1.19635e-12
8.68786 1.17713e-12
8.7039 1.11011e-12
8.71997 1.0947e-12
8.73608 1.04331e-12
8.75221 1.0299e-12
8.76837 9.88953e-13
8.78456 9.74706e-13
8.80078 9.34226e-13
8.81704 9.19317e-13
8.83332 8.79102e-13
8.84963 8.63406e-13
8.86597 8.23631e-13
8.88234 8.07267e-13
8.89874 7.68305e-13
8.91518 7.51368e-13
8.93164 7.13558e-13
8.94813 6.96542e-13
8.96466 6.60938e-13
8.98121 6.47019e-13
8.9978 6.19892e-13
9.01441 6.08153e-13
9.03106 5.8676e-13
9.04773 5.74259e-13
9.06444 5.53443e-13
9.08118 5.40078e-13
9.09795 5.19845e-13
9.11475 5.05428e-13
9.13158 4.86189e-13
9.14844 4.70728e-13
9.16534 4.52424e-13
9.18226 4.35899e-13
9.19922 4.19134e-13
9.2162 4.014e-13
9.23322 3.87656e-13
9.25027 3.72009e-13
9.26736 3.62805e-13
9.28447 3.48302e-13
9.30161 3.42802e-13
9.31879 3.26785e-13
9.336 3.22616e-13
9.35324 3.06642e-13
9.37051 3.02284e-13
9.38781 2.86416e-13
9.40515 2.81889e-13
9.42252 2.661e-13
9.43992 2.61428e-13
9.45735 2.45993e-13
9.47481 2.41354e-13
9.49231 2.26497e-13
9.50984 2.22689e-13
9.5274 2.11144e-13
9.54499 2.08029e-13
9.56262 1.99429e-13
9.58027 1.96114e-13
9.59797 1.87597e-13
9.61569 1.84143e-13
9.63345 1.75698e-13
9.65123 1.7204e-13
9.66906 1.63742e-13
9.68691 1.59828e-13
9.7048 1.51739e-13
9.72272 1.47715e-13
9.74067 1.39891e-13
9.75866 1.35737e-13
9.77668 1.28471e-13
9.79474 1.24986e-13
9.81282 1.19486e-13
9.83094 1.16713e-13
9.8491 1.12687e-13
9.86728 1.09691e-13
9.88551 1.05846e-13
9.90376 1.02595e-13
9.92205 9.89415e-14
9.94037 9.5357e-14
9.95873 9.19888e-14
9.97712 8.80171e-14
9.99554 8.50368e-14
10.014 8.05434e-14
10.0325 7.81682e-14
10.051 7.26627e-14
10.0696 7.1674e-14
10.0882 6.72892e-14
10.1068 6.65024e-14
10.1255 6.3419e-14
10.1442 6.25905e-14
10.1629 5.95105e-14
10.1817 5.8638e-14
10.2005 5.55631e-14
10.2193 5.46531e-14
10.2382 5.15987e-14
10.2571 5.06516e-14
10.276 4.76287e-14
10.295 4.66395e-14
10.314 4.36766e-14
10.333 4.26898e-14
10.3521 3.98474e-14
10.3712 3.90131e-14
10.3904 3.67793e-14
10.4096 3.61543e-14
10.4288 3.4619e-14
10.4481 3.39481e-14
10.4674 3.24366e-14
10.4867 3.17262e-14
10.5061 3.02326e-14
10.5255 2.94715e-14
10.5449 2.80167e-14
10.5644 2.72023e-14
10.5839 2.57923e-14
10.6034 2.49351e-14
10.623 2.35924e-14
10.6426 2.26886e-14
10.6623 2.14688e-14
10.682 2.06845e-14
10.7017 1.97704e-14
10.7214 1.91865e-14
10.7412 1.85773e-14
10.7611 1.79257e-14
10.7809 1.7369e-14
10.8008 1.6633e-14
10.8208 1.61526e-14
10.8408 1.52734e-14
10.8608 1.49262e-14
10.8809 1.39265e-14
10.9009 1.36984e-14
10.9211 1.27088e-14
10.9412 1.24826e-14
10.9614 1.15189e-14
10.9817 1.13274e-14
11.002 1.05475e-14
11.0223 1.04111e-14
11.0426 9.90625e-15
11.063 9.75824e-15
11.0835 9.2574e-15
11.1039 9.10249e-15
11.1244 8.60326e-15
11.145 8.44079e-15
11.1655 7.94547e-15
11.1862 7.77228e-15
11.2068 7.28467e-15
11.2275 7.10213e-15
11.2483 6.62471e-15
11.269 6.43985e-15
11.2898 5.98549e-15
11.3107 5.82637e-15
11.3316 5.46209e-15
11.3525 5.35184e-15
11.3735 5.12216e-15
11.3945 5.00389e-15
11.4155 4.77848e-15
11.4366 4.6505e-15
11.4577 4.43115e-15
11.4789 4.29362e-15
11.5001 4.08079e-15
11.5213 3.93235e-15
11.5426 3.73045e-15
11.5639 3.56771e-15
11.5852 3.38125e-15
11.6066 3.20773e-15
11.6281 3.04464e-15
11.6495 2.88342e-15
11.671 2.77237e-15
11.6926 2.65685e-15
11.7142 2.59506e-15
11.7358 2.44686e-15
11.7575 2.41591e-15
11.7792 2.26799e-15
11.801 2.23509e-15
11.8227 2.08788e-15
11.8446 2.05334e-15
11.8664 1.9067e-15
11.8884 1.87081e-15
11.9103 1.72585e-15
11.9323 1.68873e-15
11.9543 1.54839e-15
11.9764 1.51649e-15
11.9985 1.39963e-15
12.0207 1.37877e-15
12.0429 1.30994e-15
12.0651 1.28783e-15
12.0874 1.21943e-15
12.1097 1.19549e-15
12.1321 1.12771e-15
12.1545 1.10229e-15
12.1769 1.0356e-15
12.1994 1.00849e-15
12.2219 9.42954e-16
12.2445 9.14341e-16
12.2671 8.50301e-16
12.2898 8.20435e-16
12.3125 7.60158e-16
12.3352 7.336e-16
12.358 6.84645e-16
12.3808 6.6805e-16
12.4037 6.39658e-16
12.4266 6.21319e-16
12.4495 5.94032e-16
12.4725 5.74003e-16
12.4955 5.48157e-16
12.5186 5.25871e-16
12.5417 5.01709e-16
12.5649 4.76927e-16
12.5881 4.55057e-16
12.6113 4.27009e-16
12.6346 4.0858e-16
12.658 3.75646e-16
12.6813 3.63605e-16
12.7048 3.3022e-16
12.7282 3.26587e-16
12.7517 3.08393e-16
12.7753 3.04512e-16
12.7989 2.86314e-16
12.8225 2.82181e-16
12.8462 2.64038e-16
12.8699 2.59621e-16
12.8937 2.4156e-16
12.9175 2.36917e-16
12.9413 2.18958e-16
12.9652 2.13979e-16
12.9892 1.96268e-16
13.0131 1.91233e-16
13.0372 1.74004e-16
13.0612 1.69426e-16
13.0854 1.54794e-16
13.1095 1.52107e-16
13.1337 1.44334e-16
13.158 1.41456e-16
13.1823 1.3378e-16
13.2066 1.30679e-16
13.231 1.23125e-16
13.2555 1.19784e-16
13.2799 1.12345e-16
13.3045 1.0874e-16
13.329 1.01524e-16
13.3536 9.76357e-17
13.3783 9.0679e-17
13.403 8.65875e-17
13.4277 8.00879e-17
13.4525 7.61832e-17
13.4774 7.09904e-17
13.5023 6.87743e-17
13.5272 6.60562e-17
13.5522 6.35964e-17
13.5772 6.10838e-17
13.6023 5.82736e-17
13.6274 5.60476e-17
13.6526 5.27513e-17
13.6778 5.09639e-17
13.703 4.66378e-17
13.7283 4.58482e-17
13.7537 4.15476e-17
13.7791 4.07401e-17
13.8045 3.65092e-17
13.83 3.57706e-17
13.8556 3.20124e-17
13.8811 3.16189e-17
13.9068 2.97848e-17
13.9325 2.93634e-17
13.9582 2.75311e-17
13.984 2.70701e-17
14.0098 2.52563e-17
14.0357 2.47636e-17
14.0616 2.29541e-17
14.0875 2.24262e-17
14.1136 2.06406e-17
14.1396 2.00724e-17
14.1657 1.83188e-17
14.1919 1.77372e-17
14.2181 1.60218e-17
14.2443 1.54749e-17
14.2706 1.39764e-17
14.297 1.36888e-17
14.3234 1.29827e-17
14.3499 1.26713e-17
14.3763 1.19748e-17
14.4029 1.16353e-17
14.4295 1.09594e-17
14.4561 1.0588e-17
14.4828 9.93115e-18
14.5096 9.53e-18
14.5364 8.89485e-18
14.5632 8.45694e-18
14.5901 7.86003e-18
14.617 7.37799e-18
14.644 6.8379e-18
14.6711 6.34556e-18
14.6982 5.94037e-18
14.7253 5.68032e-18
14.7525 5.50444e-18
14.7797 5.19104e-18
14.807 5.06224e-18
14.8344 4.68088e-18
14.8618 4.6155e-18
14.8892 4.23459e-18
14.9167 4.1642e-18
14.9443 3.78416e-18
14.9719 3.70951e-18
14.9995 3.33192e-18
15.0272 3.25205e-18
15.055 2.88207e-18
15.0828 2.80636e-18
15.1106 2.46445e-18
15.1385 2.42915e-18
15.1665 2.28114e-18
15.1945 2.24236e-18
15.2225 2.09553e-18
15.2506 2.05436e-18
15.2788 1.90821e-18
15.307 1.86362e-18
15.3353 1.71915e-18
15.3636 1.67064e-18
15.392 1.52798e-18
15.4204 1.47626e-18
15.4489 1.33649e-18
15.4774 1.28061e-18
15.506 1.14619e-18
15.5346 1.09185e-18
15.5633 9.72978e-19
15.592 9.52915e-19
15.6208 9.12701e-19
15.6497 8.90687e-19
15.6786 8.51742e-19
15.7075 8.271e-19
15.7365 7.89569e-19
15.7656 7.62065e-19
15.7947 7.2605e-19
15.8239 6.93764e-19
15.8531 6.59434e-19
15.8824 6.20282e-19
15.9117 5.8376e-19
15.9411 5.24417e-19
15.9705 4.4772e-19
16 0
