# 1:pT 2:PhotonSpectrum=dN/d^2xT d^2pT dy
0.01 0.213108
0.0100185 0.212937
0.010037 0.212382
0.0100555 0.212198
0.0100741 0.211637
0.0100927 0.211437
0.0101113 0.21088
0.01013 0.210663
0.0101487 0.210103
0.0101674 0.20987
0.0101862 0.209299
0.010205 0.209047
0.0102239 0.20847
0.0102427 0.208196
0.0102617 0.207605
0.0102806 0.207294
0.0102996 0.206673
0.0103186 0.206285
0.0103377 0.20552
0.0103567 0.205115
0.0103759 0.204354
0.010395 0.203931
0.0104142 0.203178
0.0104335 0.20273
0.0104527 0.201992
0.010472 0.201526
0.0104914 0.200801
0.0105107 0.200317
0.0105301 0.199612
0.0105496 0.199099
0.0105691 0.198411
0.0105886 0.197884
0.0106081 0.197237
0.0106277 0.196712
0.0106474 0.196122
0.010667 0.195562
0.0106867 0.195001
0.0107065 0.19441
0.0107262 0.193879
0.010746 0.19323
0.0107659 0.192744
0.0107858 0.192024
0.0108057 0.191606
0.0108256 0.190765
0.0108456 0.190463
0.0108656 0.189633
0.0108857 0.189326
0.0109058 0.1885
0.0109259 0.188204
0.0109461 0.187441
0.0109663 0.18713
0.0109866 0.186377
0.0110069 0.186051
0.0110272 0.185304
0.0110476 0.184967
0.011068 0.184224
0.0110884 0.183877
0.0111089 0.183136
0.0111294 0.182776
0.0111499 0.182044
0.0111705 0.181672
0.0111912 0.180955
0.0112118 0.18057
0.0112325 0.179878
0.0112533 0.179502
0.0112741 0.178864
0.0112949 0.178473
0.0113157 0.177847
0.0113366 0.177436
0.0113576 0.176826
0.0113785 0.176397
0.0113995 0.1758
0.0114206 0.17535
0.0114417 0.174761
0.0114628 0.174287
0.011484 0.173729
0.0115052 0.173227
0.0115264 0.172689
0.0115477 0.172162
0.011569 0.171668
0.0115904 0.171134
0.0116118 0.170692
0.0116332 0.170112
0.0116547 0.169717
0.0116762 0.169031
0.0116978 0.168738
0.0117194 0.168011
0.0117411 0.167746
0.0117627 0.167024
0.0117845 0.166753
0.0118062 0.166032
0.011828 0.16575
0.0118499 0.165043
0.0118717 0.164755
0.0118937 0.164057
0.0119156 0.163774
0.0119376 0.163128
0.0119597 0.162835
0.0119818 0.162207
0.0120039 0.1619
0.0120261 0.16127
0.0120483 0.160955
0.0120705 0.160332
0.0120928 0.160003
0.0121151 0.159389
0.0121375 0.159046
0.0121599 0.15844
0.0121824 0.158083
0.0122049 0.157492
0.0122274 0.157127
0.01225 0.15656
0.0122726 0.156195
0.0122953 0.15567
0.012318 0.15529
0.0123407 0.154784
0.0123635 0.154388
0.0123863 0.153893
0.0124092 0.153476
0.0124321 0.152995
0.0124551 0.152549
0.0124781 0.152098
0.0125011 0.151622
0.0125242 0.151191
0.0125473 0.150674
0.0125705 0.150285
0.0125937 0.149717
0.012617 0.149396
0.0126403 0.148762
0.0126636 0.14854
0.012687 0.147921
0.0127104 0.147688
0.0127339 0.147073
0.0127574 0.146828
0.012781 0.146216
0.0128046 0.145966
0.0128282 0.145355
0.0128519 0.145097
0.0128756 0.144491
0.0128994 0.144221
0.0129232 0.143627
0.0129471 0.143355
0.012971 0.14277
0.012995 0.142497
0.0130189 0.141952
0.013043 0.141672
0.0130671 0.141144
0.0130912 0.140855
0.0131154 0.140331
0.0131396 0.140025
0.0131639 0.139513
0.0131882 0.139193
0.0132125 0.138686
0.0132369 0.138361
0.0132614 0.137859
0.0132859 0.137519
0.0133104 0.137035
0.013335 0.136681
0.0133596 0.136215
0.0133843 0.135859
0.013409 0.135434
0.0134337 0.135065
0.0134585 0.134657
0.0134834 0.134264
0.0135083 0.133876
0.0135332 0.133452
0.0135582 0.133092
0.0135833 0.132623
0.0136083 0.1323
0.0136335 0.131761
0.0136587 0.131507
0.0136839 0.130923
0.0137091 0.130715
0.0137345 0.130135
0.0137598 0.129932
0.0137852 0.129391
0.0138107 0.129184
0.0138362 0.128661
0.0138617 0.128443
0.0138873 0.127921
0.013913 0.127694
0.0139387 0.127179
0.0139644 0.126944
0.0139902 0.126433
0.014016 0.126187
0.0140419 0.125682
0.0140678 0.125433
0.0140938 0.124928
0.0141198 0.124672
0.0141459 0.124182
0.014172 0.123926
0.0141982 0.123467
0.0142244 0.123201
0.0142507 0.122756
0.014277 0.122481
0.0143034 0.122047
0.0143298 0.121755
0.0143563 0.121327
0.0143828 0.121021
0.0144093 0.120608
0.0144359 0.120282
0.0144626 0.119879
0.0144893 0.119541
0.0145161 0.119156
0.0145429 0.118801
0.0145697 0.11844
0.0145966 0.11808
0.0146236 0.117756
0.0146506 0.117377
0.0146776 0.117084
0.0147047 0.116666
0.0147319 0.116407
0.0147591 0.115906
0.0147863 0.115728
0.0148136 0.115227
0.014841 0.115041
0.0148684 0.114544
0.0148959 0.114351
0.0149234 0.113861
0.0149509 0.113662
0.0149785 0.113179
0.0150062 0.112982
0.0150339 0.112524
0.0150617 0.112328
0.0150895 0.111885
0.0151173 0.11168
0.0151453 0.111241
0.0151732 0.111027
0.0152012 0.110593
0.0152293 0.110367
0.0152574 0.109936
0.0152856 0.109705
0.0153138 0.109282
0.0153421 0.109041
0.0153705 0.108628
0.0153988 0.108378
0.0154273 0.107974
0.0154558 0.107727
0.0154843 0.107349
0.0155129 0.107096
0.0155415 0.106737
0.0155702 0.106473
0.015599 0.106123
0.0156278 0.105843
0.0156567 0.105502
0.0156856 0.105205
0.0157145 0.104879
0.0157435 0.104565
0.0157726 0.104255
0.0158017 0.103913
0.0158309 0.103628
0.0158602 0.103261
0.0158894 0.10301
0.0159188 0.102606
0.0159482 0.102412
0.0159776 0.101981
0.0160071 0.101823
0.0160367 0.101392
0.0160663 0.101231
0.016096 0.100802
0.0161257 0.100635
0.0161555 0.10021
0.0161853 0.100034
0.0162152 0.0996127
0.0162451 0.0994316
0.0162751 0.0990132
0.0163052 0.0988283
0.0163353 0.0984181
0.0163655 0.0982335
0.0163957 0.0978468
0.016426 0.0976619
0.0164563 0.0972906
0.0164867 0.0970955
0.0165171 0.0967281
0.0165476 0.096526
0.0165782 0.0961649
0.0166088 0.0959546
0.0166395 0.0955954
0.0166702 0.0953775
0.016701 0.0950286
0.0167318 0.0947976
0.0167627 0.0944584
0.0167937 0.0942171
0.0168247 0.0938918
0.0168558 0.0936499
0.0168869 0.093343
0.0169181 0.093098
0.0169493 0.0928116
0.0169806 0.0925475
0.017012 0.092275
0.0170434 0.0919936
0.0170748 0.0917341
0.0171064 0.0914298
0.017138 0.0911919
0.0171696 0.0908526
0.0172013 0.0906445
0.0172331 0.0902375
0.0172649 0.0900975
0.0172968 0.0896956
0.0173287 0.089556
0.0173607 0.089173
0.0173928 0.0890318
0.0174249 0.0886672
0.0174571 0.0885207
0.0174893 0.0881575
0.0175216 0.0880023
0.017554 0.0876433
0.0175864 0.0874841
0.0176189 0.087126
0.0176514 0.0869628
0.017684 0.0866067
0.0177166 0.0864362
0.0177494 0.0860873
0.0177821 0.0859103
0.017815 0.0855682
0.0178479 0.085392
0.0178808 0.0850676
0.0179138 0.0848919
0.0179469 0.0845838
0.0179801 0.0843976
0.0180133 0.084093
0.0180465 0.0839008
0.0180799 0.0836015
0.0181132 0.083398
0.0181467 0.0831057
0.0181802 0.0828916
0.0182138 0.0826067
0.0182474 0.082382
0.0182811 0.082107
0.0183149 0.0818731
0.0183487 0.0816146
0.0183826 0.0813702
0.0184165 0.0811348
0.0184505 0.080884
0.0184846 0.0806705
0.0185187 0.0803973
0.0185529 0.080202
0.0185872 0.079894
0.0186215 0.0797313
0.0186559 0.0793833
0.0186903 0.0792574
0.0187248 0.078912
0.0187594 0.078781
0.0187941 0.0784363
0.0188288 0.0783039
0.0188635 0.0779658
0.0188984 0.0778305
0.0189333 0.0775062
0.0189682 0.077373
0.0190033 0.077064
0.0190384 0.0769241
0.0190735 0.076618
0.0191087 0.076473
0.019144 0.0761691
0.0191794 0.0760195
0.0192148 0.0757174
0.0192503 0.0755606
0.0192858 0.0752638
0.0193214 0.0751034
0.0193571 0.0748099
0.0193929 0.0746424
0.0194287 0.074359
0.0194645 0.0741887
0.0195005 0.073919
0.0195365 0.0737482
0.0195726 0.0734968
0.0196087 0.0733152
0.0196449 0.0730708
0.0196812 0.0728815
0.0197175 0.0726414
0.019754 0.0724405
0.0197904 0.0722095
0.019827 0.0719977
0.0198636 0.0717749
0.0199003 0.071551
0.019937 0.0713423
0.0199738 0.0711002
0.0200107 0.0709119
0.0200477 0.0706545
0.0200847 0.0704925
0.0201218 0.0701923
0.0201589 0.0700883
0.0201962 0.0697884
0.0202335 0.0696804
0.0202708 0.0693822
0.0203082 0.0692676
0.0203457 0.0689728
0.0203833 0.0688549
0.020421 0.0685619
0.0204587 0.0684407
0.0204964 0.068149
0.0205343 0.0680221
0.0205722 0.0677366
0.0206102 0.0676106
0.0206483 0.0673355
0.0206864 0.067209
0.0207246 0.0669523
0.0207629 0.0668212
0.0208012 0.066565
0.0208396 0.0664303
0.0208781 0.0661754
0.0209166 0.0660356
0.0209553 0.0657843
0.020994 0.0656341
0.0210327 0.0653905
0.0210716 0.065236
0.0211105 0.0649956
0.0211495 0.0648349
0.0211885 0.064604
0.0212277 0.0644381
0.0212669 0.0642208
0.0213061 0.0640565
0.0213455 0.0638548
0.0213849 0.0636802
0.0214244 0.0634848
0.0214639 0.0632988
0.0215036 0.0631114
0.0215433 0.0629123
0.0215831 0.0627372
0.0216229 0.0625218
0.0216628 0.0623618
0.0217028 0.0621164
0.0217429 0.0619849
0.0217831 0.0617056
0.0218233 0.0616096
0.0218636 0.0613404
0.021904 0.061245
0.0219444 0.0609895
0.0219849 0.0608922
0.0220255 0.0606389
0.0220662 0.0605336
0.022107 0.0602842
0.0221478 0.0601763
0.0221887 0.0599268
0.0222297 0.0598154
0.0222707 0.059568
0.0223118 0.0594512
0.022353 0.0592066
0.0223943 0.0590893
0.0224357 0.0588471
0.0224771 0.0587286
0.0225186 0.0584969
0.0225602 0.0583775
0.0226018 0.0581615
0.0226436 0.0580377
0.0226854 0.0578258
0.0227273 0.0576936
0.0227692 0.0574851
0.0228113 0.0573478
0.0228534 0.0571436
0.0228956 0.0569992
0.0229379 0.0568009
0.0229803 0.0566497
0.0230227 0.0564549
0.0230652 0.0562978
0.0231078 0.0561124
0.0231505 0.0559509
0.0231932 0.055778
0.023236 0.0556143
0.023279 0.0554586
0.0233219 0.0552804
0.023365 0.0551357
0.0234082 0.05494
0.0234514 0.0548098
0.0234947 0.0545748
0.0235381 0.0544838
0.0235815 0.0542427
0.0236251 0.0541548
0.0236687 0.0539145
0.0237124 0.0538242
0.0237562 0.0535886
0.0238001 0.0534971
0.023844 0.0532682
0.0238881 0.0531787
0.0239322 0.0529639
0.0239764 0.05287
0.0240206 0.0526572
0.024065 0.0525598
0.0241094 0.0523497
0.0241539 0.0522473
0.0241985 0.0520377
0.0242432 0.0519327
0.024288 0.0517254
0.0243329 0.0516166
0.0243778 0.0514127
0.0244228 0.0512999
0.0244679 0.0510996
0.0245131 0.0509838
0.0245583 0.0507928
0.0246037 0.0506794
0.0246491 0.0505027
0.0246946 0.0503838
0.0247402 0.0502109
0.0247859 0.0500849
0.0248317 0.0499145
0.0248776 0.0497822
0.0249235 0.0496184
0.0249695 0.0494775
0.0250156 0.0493193
0.0250618 0.0491707
0.0251081 0.0490191
0.0251545 0.0488617
0.0252009 0.0487219
0.0252475 0.0485534
0.0252941 0.0484289
0.0253408 0.0482521
0.0253876 0.0481503
0.0254345 0.0479429
0.0254814 0.0478685
0.0255285 0.0476627
0.0255756 0.0475855
0.0256229 0.0473785
0.0256702 0.0472995
0.0257176 0.047095
0.0257651 0.047013
0.0258126 0.0468097
0.0258603 0.0467244
0.0259081 0.0465249
0.0259559 0.0464384
0.0260038 0.0462439
0.0260518 0.0461601
0.0261 0.0459801
0.0261482 0.0458916
0.0261964 0.0457127
0.0262448 0.0456208
0.0262933 0.0454444
0.0263418 0.045348
0.0263905 0.0451742
0.0264392 0.0450737
0.026488 0.0449027
0.0265369 0.0447977
0.0265859 0.0446296
0.026635 0.0445203
0.0266842 0.0443573
0.0267335 0.044246
0.0267829 0.0440902
0.0268323 0.04398
0.0268819 0.0438364
0.0269315 0.0437207
0.0269812 0.0435825
0.0270311 0.0434582
0.027081 0.0433245
0.027131 0.0431923
0.0271811 0.0430663
0.0272313 0.0429241
0.0272816 0.042806
0.0273319 0.0426502
0.0273824 0.0425454
0.027433 0.0423634
0.0274836 0.0422861
0.0275344 0.0420947
0.0275852 0.0420308
0.0276362 0.0418547
0.0276872 0.0417887
0.0277383 0.0416126
0.0277896 0.0415443
0.0278409 0.0413697
0.0278923 0.0412975
0.0279438 0.0411242
0.0279954 0.0410492
0.0280471 0.0408774
0.0280989 0.0408006
0.0281508 0.040631
0.0282027 0.0405503
0.0282548 0.0403823
0.028307 0.0403008
0.0283593 0.0401372
0.0284116 0.0400576
0.0284641 0.0399072
0.0285167 0.0398237
0.0285693 0.0396747
0.0286221 0.0395869
0.0286749 0.0394403
0.0287279 0.039349
0.0287809 0.0392059
0.0288341 0.039109
0.0288873 0.0389687
0.0289407 0.0388671
0.0289941 0.0387309
0.0290477 0.0386253
0.0291013 0.0384932
0.029155 0.0383839
0.0292089 0.0382591
0.0292628 0.0381503
0.0293168 0.0380396
0.029371 0.0379228
0.0294252 0.0378172
0.0294796 0.0376902
0.029534 0.0375927
0.0295885 0.037452
0.0296432 0.037368
0.0296979 0.0372
0.0297527 0.0371413
0.0298077 0.0369751
0.0298627 0.0369139
0.0299179 0.0367496
0.0299731 0.0366873
0.0300285 0.0365261
0.0300839 0.0364649
0.0301395 0.0363161
0.0301951 0.0362535
0.0302509 0.0361058
0.0303068 0.0360398
0.0303627 0.0358942
0.0304188 0.0358267
0.030475 0.0356813
0.0305312 0.03561
0.0305876 0.0354663
0.0306441 0.0353928
0.0307007 0.0352504
0.0307574 0.0351746
0.0308142 0.0350356
0.0308711 0.0349571
0.0309281 0.0348223
0.0309852 0.0347445
0.0310424 0.0346204
0.0310997 0.0345413
0.0311572 0.0344192
0.0312147 0.0343354
0.0312723 0.0342159
0.0313301 0.034128
0.0313879 0.0340109
0.0314459 0.0339178
0.031504 0.0338059
0.0315621 0.0337076
0.0316204 0.0335994
0.0316788 0.033495
0.0317373 0.0333935
0.0317959 0.0332826
0.0318546 0.0331913
0.0319135 0.0330772
0.0319724 0.0329994
0.0320314 0.0328685
0.0320906 0.0328074
0.0321498 0.0326648
0.0322092 0.0326132
0.0322687 0.0324708
0.0323283 0.0324176
0.032388 0.0322764
0.0324478 0.0322214
0.0325077 0.0320815
0.0325677 0.0320242
0.0326279 0.0318853
0.0326881 0.0318268
0.0327485 0.0316912
0.0328089 0.0316344
0.0328695 0.0315079
0.0329302 0.031448
0.032991 0.031324
0.033052 0.0312629
0.033113 0.0311383
0.0331741 0.0310746
0.0332354 0.0309524
0.0332968 0.0308856
0.0333583 0.0307655
0.0334199 0.0306958
0.0334816 0.0305767
0.0335434 0.0305045
0.0336053 0.0303897
0.0336674 0.0303145
0.0337296 0.0302034
0.0337919 0.0301294
0.0338543 0.0300283
0.0339168 0.02995
0.0339794 0.0298523
0.0340421 0.0297703
0.034105 0.0296761
0.034168 0.0295888
0.0342311 0.0294985
0.0342943 0.0294047
0.0343576 0.0293199
0.0344211 0.0292191
0.0344846 0.0291402
0.0345483 0.0290285
0.0346121 0.0289616
0.034676 0.0288283
0.0347401 0.0287851
0.0348042 0.0286611
0.0348685 0.0286163
0.0349329 0.0284949
0.0349974 0.0284484
0.035062 0.0283277
0.0351267 0.0282785
0.0351916 0.0281588
0.0352566 0.0281079
0.0353217 0.0279886
0.0353869 0.0279368
0.0354523 0.0278186
0.0355177 0.0277649
0.0355833 0.0276483
0.035649 0.0275932
0.0357149 0.0274796
0.0357808 0.0274246
0.0358469 0.0273182
0.0359131 0.0272624
0.0359794 0.0271592
0.0360458 0.0271008
0.0361124 0.0269992
0.0361791 0.0269376
0.0362459 0.026837
0.0363128 0.0267726
0.0363799 0.0266743
0.0364471 0.0266067
0.0365144 0.0265106
0.0365818 0.0264404
0.0366493 0.0263478
0.036717 0.0262748
0.0367848 0.026186
0.0368527 0.0261136
0.0369208 0.0260323
0.036989 0.025956
0.0370573 0.0258805
0.0371257 0.0257978
0.0371943 0.0257269
0.0372629 0.0256366
0.0373318 0.0255724
0.0374007 0.0254689
0.0374698 0.025417
0.037539 0.0253017
0.0376083 0.0252604
0.0376777 0.0251461
0.0377473 0.0251046
0.037817 0.0249918
0.0378868 0.024951
0.0379568 0.0248464
0.0380269 0.024804
0.0380971 0.024702
0.0381675 0.0246581
0.0382379 0.0245562
0.0383085 0.0245109
0.0383793 0.0244101
0.0384502 0.0243625
0.0385212 0.0242628
0.0385923 0.0242139
0.0386636 0.0241149
0.038735 0.024064
0.0388065 0.0239667
0.0388781 0.0239145
0.0389499 0.0238198
0.0390219 0.0237682
0.0390939 0.0236798
0.0391661 0.0236266
0.0392384 0.0235419
0.0393109 0.0234855
0.0393835 0.0234026
0.0394562 0.023343
0.0395291 0.0232623
0.0396021 0.0231999
0.0396752 0.0231209
0.0397485 0.0230553
0.0398219 0.0229791
0.0398954 0.02291
0.0399691 0.0228376
0.0400429 0.0227641
0.0401168 0.0226976
0.0401909 0.0226225
0.0402651 0.0225642
0.0403395 0.0224829
0.040414 0.0224319
0.0404886 0.022333
0.0405633 0.0222986
0.0406383 0.0222002
0.0407133 0.0221646
0.0407885 0.0220665
0.0408638 0.0220293
0.0409393 0.0219323
0.0410149 0.0218941
0.0410906 0.0217981
0.0411665 0.0217582
0.0412425 0.0216642
0.0413186 0.0216252
0.0413949 0.0215362
0.0414714 0.021497
0.041548 0.0214104
0.0416247 0.021369
0.0417016 0.021284
0.0417786 0.0212403
0.0418557 0.0211559
0.041933 0.0211112
0.0420104 0.0210274
0.042088 0.0209809
0.0421657 0.0208988
0.0422436 0.0208498
0.0423216 0.0207692
0.0423998 0.0207194
0.042478 0.0206413
0.0425565 0.0205911
0.0426351 0.0205188
0.0427138 0.0204673
0.0427927 0.0203987
0.0428717 0.0203442
0.0429509 0.0202774
0.0430302 0.0202201
0.0431096 0.0201562
0.0431892 0.020094
0.043269 0.0200334
0.0433489 0.0199674
0.0434289 0.0199102
0.0435091 0.0198387
0.0435895 0.0197871
0.04367 0.0197069
0.0437506 0.0196659
0.0438314 0.0195787
0.0439124 0.0195485
0.0439934 0.0194652
0.0440747 0.0194339
0.0441561 0.0193499
0.0442376 0.0193174
0.0443193 0.0192348
0.0444011 0.0192005
0.0444831 0.0191185
0.0445653 0.0190835
0.0446476 0.0190015
0.04473 0.0189656
0.0448126 0.0188845
0.0448954 0.0188473
0.0449783 0.018768
0.0450613 0.0187314
0.0451445 0.0186564
0.0452279 0.0186197
0.0453114 0.0185479
0.0453951 0.0185088
0.0454789 0.0184379
0.0455629 0.0183969
0.045647 0.0183275
0.0457313 0.0182844
0.0458158 0.0182158
0.0459004 0.0181714
0.0459851 0.0181042
0.0460701 0.0180575
0.0461551 0.0179925
0.0462404 0.0179435
0.0463257 0.0178814
0.0464113 0.0178322
0.046497 0.0177746
0.0465829 0.0177238
0.0466689 0.01767
0.0467551 0.0176158
0.0468414 0.0175651
0.0469279 0.017506
0.0470145 0.0174592
0.0471014 0.0173942
0.0471883 0.0173524
0.0472755 0.0172727
0.0473628 0.0172455
0.0474502 0.0171663
0.0475379 0.0171385
0.0476256 0.0170604
0.0477136 0.0170322
0.0478017 0.0169588
0.04789 0.0169304
0.0479784 0.0168601
0.048067 0.0168308
0.0481558 0.0167605
0.0482447 0.0167295
0.0483338 0.0166603
0.048423 0.0166286
0.0485124 0.0165593
0.048602 0.016526
0.0486918 0.0164579
0.0487817 0.0164239
0.0488718 0.0163562
0.048962 0.0163214
0.0490524 0.0162549
0.049143 0.0162204
0.0492338 0.0161577
0.0493247 0.0161222
0.0494158 0.0160632
0.049507 0.016026
0.0495984 0.0159678
0.04969 0.0159286
0.0497818 0.0158721
0.0498737 0.0158304
0.0499658 0.0157753
0.0500581 0.015732
0.0501505 0.0156788
0.0502431 0.0156331
0.0503359 0.0155815
0.0504288 0.0155332
0.050522 0.015485
0.0506153 0.0154353
0.0507087 0.0153919
0.0508024 0.01534
0.0508962 0.0153014
0.0509902 0.0152427
0.0510843 0.0152098
0.0511786 0.0151417
0.0512732 0.0151175
0.0513678 0.0150499
0.0514627 0.0150248
0.0515577 0.0149572
0.0516529 0.0149317
0.0517483 0.0148649
0.0518439 0.0148383
0.0519396 0.0147725
0.0520355 0.0147459
0.0521316 0.0146834
0.0522279 0.0146569
0.0523243 0.0145976
0.0524209 0.0145695
0.0525177 0.0145109
0.0526147 0.0144822
0.0527119 0.0144236
0.0528092 0.0143938
0.0529067 0.014336
0.0530044 0.0143047
0.0531023 0.0142478
0.0532004 0.0142156
0.0532986 0.0141599
0.053397 0.0141263
0.0534956 0.014072
0.0535944 0.0140379
0.0536934 0.0139871
0.0537925 0.0139529
0.0538919 0.0139053
0.0539914 0.0138693
0.0540911 0.0138222
0.054191 0.0137841
0.054291 0.0137389
0.0543913 0.0136988
0.0544917 0.0136552
0.0545924 0.0136121
0.0546932 0.0135711
0.0547942 0.0135244
0.0548954 0.0134867
0.0549967 0.0134357
0.0550983 0.0134026
0.0552 0.0133441
0.055302 0.0133218
0.0554041 0.0132641
0.0555064 0.0132431
0.0556089 0.0131855
0.0557116 0.0131638
0.0558144 0.0131068
0.0559175 0.013084
0.0560208 0.0130275
0.0561242 0.0130041
0.0562279 0.0129476
0.0563317 0.0129233
0.0564357 0.0128676
0.0565399 0.0128427
0.0566443 0.0127882
0.0567489 0.0127629
0.0568537 0.0127105
0.0569587 0.0126856
0.0570639 0.0126361
0.0571693 0.0126102
0.0572748 0.0125612
0.0573806 0.012534
0.0574866 0.0124855
0.0575927 0.0124569
0.0576991 0.0124093
0.0578056 0.0123795
0.0579124 0.0123329
0.0580193 0.0123019
0.0581264 0.0122566
0.0582338 0.012224
0.0583413 0.01218
0.058449 0.0121469
0.058557 0.012106
0.0586651 0.0120724
0.0587734 0.0120345
0.058882 0.0119988
0.0589907 0.0119623
0.0590996 0.0119242
0.0592088 0.0118899
0.0593181 0.0118483
0.0594276 0.0118168
0.0595374 0.0117706
0.0596473 0.0117436
0.0597575 0.0116891
0.0598678 0.0116701
0.0599784 0.0116164
0.0600891 0.0115972
0.0602001 0.0115451
0.0603112 0.0115263
0.0604226 0.0114776
0.0605342 0.011458
0.060646 0.0114096
0.060758 0.0113891
0.0608702 0.0113408
0.0609826 0.0113194
0.0610952 0.0112718
0.061208 0.0112498
0.061321 0.0112025
0.0614343 0.0111794
0.0615477 0.0111325
0.0616614 0.011109
0.0617752 0.0110632
0.0618893 0.0110392
0.0620036 0.0109955
0.0621181 0.0109718
0.0622328 0.010931
0.0623477 0.010906
0.0624628 0.0108657
0.0625782 0.0108394
0.0626937 0.0108
0.0628095 0.010773
0.0629255 0.0107341
0.0630417 0.0107053
0.0631581 0.0106675
0.0632747 0.0106374
0.0633916 0.0106013
0.0635086 0.0105693
0.0636259 0.0105349
0.0637434 0.0105017
0.0638611 0.0104704
0.063979 0.0104366
0.0640972 0.0104085
0.0642155 0.0103716
0.0643341 0.0103461
0.0644529 0.0103028
0.0645719 0.0102834
0.0646912 0.0102368
0.0648106 0.0102201
0.0649303 0.0101737
0.0650502 0.0101565
0.0651703 0.0101105
0.0652907 0.0100929
0.0654113 0.0100474
0.065532 0.0100293
0.0656531 0.00998548
0.0657743 0.00996774
0.0658957 0.00992692
0.0660174 0.00990852
0.0661393 0.00986801
0.0662615 0.0098486
0.0663838 0.00980841
0.0665064 0.00978825
0.0666292 0.00974832
0.0667523 0.00972781
0.0668755 0.00968821
0.066999 0.00966683
0.0671227 0.00962797
0.0672467 0.00960524
0.0673709 0.0095675
0.0674953 0.00954486
0.0676199 0.00950888
0.0677448 0.00948598
0.0678699 0.00945279
0.0679952 0.00942867
0.0681208 0.00939628
0.0682466 0.00937096
0.0683726 0.00933921
0.0684988 0.00931261
0.0686253 0.00928182
0.0687521 0.00925344
0.068879 0.00922451
0.0690062 0.00919414
0.0691336 0.00916673
0.0692613 0.00913395
0.0693892 0.0091091
0.0695173 0.00907354
0.0696457 0.00905304
0.0697743 0.00901341
0.0699031 0.00899936
0.0700322 0.0089599
0.0701616 0.00894517
0.0702911 0.00890597
0.0704209 0.0088907
0.070551 0.00885173
0.0706812 0.00883584
0.0708118 0.00879691
0.0709425 0.00878072
0.0710735 0.00874214
0.0712048 0.00872554
0.0713362 0.00868759
0.071468 0.00867071
0.0716 0.00863389
0.0717322 0.00861705
0.0718646 0.00858299
0.0719973 0.00856556
0.0721303 0.0085317
0.0722635 0.00851357
0.0723969 0.00848025
0.0725306 0.00846121
0.0726645 0.00842829
0.0727987 0.0084083
0.0729332 0.00837587
0.0730678 0.00835539
0.0732028 0.00832358
0.0733379 0.00830205
0.0734734 0.00827124
0.073609 0.00824911
0.073745 0.00821978
0.0738812 0.0081978
0.0740176 0.00817122
0.0741543 0.00814788
0.0742912 0.00812206
0.0744284 0.00809715
0.0745658 0.00807288
0.0747035 0.00804583
0.0748415 0.00802309
0.0749797 0.00799369
0.0751181 0.00797316
0.0752568 0.00793921
0.0753958 0.00792312
0.075535 0.00788604
0.0756745 0.00787309
0.0758143 0.00783676
0.0759543 0.0078243
0.0760945 0.00779086
0.076235 0.00777787
0.0763758 0.00774471
0.0765168 0.00773105
0.0766581 0.00769792
0.0767997 0.00768365
0.0769415 0.00765098
0.0770836 0.00763632
0.0772259 0.00760385
0.0773685 0.00758843
0.0775114 0.00755644
0.0776545 0.00754084
0.0777979 0.00750899
0.0779416 0.00749303
0.0780855 0.00746231
0.0782297 0.00744669
0.0783742 0.00741841
0.0785189 0.00740202
0.0786639 0.00737386
0.0788092 0.00735672
0.0789547 0.00732938
0.0791005 0.00731127
0.0792466 0.00728429
0.0793929 0.00726529
0.0795395 0.00723919
0.0796864 0.00721899
0.0798335 0.0071936
0.0799809 0.00717282
0.0801286 0.00714837
0.0802766 0.0071264
0.0804248 0.00710388
0.0805734 0.0070821
0.0807221 0.0070619
0.0808712 0.00703823
0.0810205 0.00701944
0.0811702 0.0069932
0.08132 0.00697689
0.0814702 0.00694503
0.0816207 0.00693391
0.0817714 0.0069022
0.0819224 0.00689064
0.0820737 0.00685922
0.0822252 0.00684732
0.0823771 0.0068162
0.0825292 0.00680391
0.0826816 0.00677344
0.0828342 0.00676142
0.0829872 0.00673332
0.0831405 0.00672108
0.083294 0.00669303
0.0834478 0.00668019
0.0836019 0.00665242
0.0837563 0.006639
0.0839109 0.00661155
0.0840659 0.00659748
0.0842211 0.00657016
0.0843766 0.00655577
0.0845325 0.00652898
0.0846885 0.00651405
0.0848449 0.00648785
0.0850016 0.00647236
0.0851586 0.00644694
0.0853158 0.00643189
0.0854734 0.00640883
0.0856312 0.00639296
0.0857893 0.00637033
0.0859478 0.00635375
0.0861065 0.00633172
0.0862655 0.00631428
0.0864248 0.00629273
0.0865844 0.00627438
0.0867442 0.00625364
0.0869044 0.00623391
0.0870649 0.00621445
0.0872257 0.00619326
0.0873868 0.00617519
0.0875481 0.00615242
0.0877098 0.0061366
0.0878718 0.00611235
0.088034 0.00609998
0.0881966 0.00607296
0.0883594 0.00606307
0.0885226 0.00603625
0.0886861 0.00602607
0.0888498 0.00599915
0.0890139 0.00598875
0.0891783 0.00596211
0.089343 0.00595115
0.0895079 0.00592474
0.0896732 0.00591351
0.0898388 0.00588731
0.0900047 0.00587593
0.0901709 0.00585036
0.0903374 0.00583914
0.0905043 0.00581556
0.0906714 0.00580405
0.0908388 0.00578071
0.0910066 0.00576864
0.0911746 0.00574557
0.091343 0.005733
0.0915116 0.00571025
0.0916806 0.00569711
0.0918499 0.00567469
0.0920195 0.00566098
0.0921895 0.00563904
0.0923597 0.0056247
0.0925303 0.00560342
0.0927011 0.00558845
0.0928723 0.00556815
0.0930438 0.0055535
0.0932156 0.00553478
0.0933877 0.0055194
0.0935602 0.0055015
0.093733 0.00548515
0.0939061 0.00546791
0.0940795 0.00545037
0.0942532 0.00543422
0.0944272 0.00541531
0.0946016 0.00540026
0.0947763 0.00537928
0.0949513 0.0053661
0.0951266 0.00534068
0.0953023 0.00533204
0.0954783 0.00530697
0.0956546 0.00529857
0.0958312 0.00527534
0.0960082 0.00526652
0.0961855 0.00524377
0.0963631 0.00523465
0.0965411 0.00521205
0.0967193 0.00520236
0.0968979 0.00517996
0.0970769 0.00517006
0.0972561 0.00514773
0.0974357 0.00513764
0.0976156 0.00511541
0.0977959 0.00510487
0.0979765 0.00508317
0.0981574 0.00507223
0.0983387 0.00505102
0.0985203 0.00504061
0.0987022 0.00502073
0.0988845 0.00500986
0.0990671 0.00499063
0.09925 0.0049791
0.0994333 0.00496013
0.0996169 0.00494825
0.0998008 0.00492958
0.0999851 0.00491703
0.10017 0.0048989
0.100355 0.00488557
0.10054 0.00486791
0.100726 0.00485399
0.100912 0.00483695
0.101098 0.00482251
0.101285 0.00480655
0.101472 0.004792
0.101659 0.00477749
0.101847 0.00476209
0.102035 0.00474868
0.102223 0.00473188
0.102412 0.00471954
0.102601 0.00470057
0.102791 0.00469043
0.102981 0.00466867
0.103171 0.00466092
0.103361 0.00463945
0.103552 0.00463143
0.103743 0.00460996
0.103935 0.00460181
0.104127 0.00458089
0.104319 0.00457273
0.104512 0.00455329
0.104705 0.00454505
0.104898 0.00452596
0.105092 0.00451746
0.105286 0.00449842
0.10548 0.00448951
0.105675 0.00447069
0.10587 0.00446148
0.106066 0.00444285
0.106262 0.00443337
0.106458 0.00441497
0.106654 0.00440503
0.106851 0.00438694
0.107049 0.00437684
0.107246 0.00435933
0.107444 0.00434912
0.107643 0.00433287
0.107841 0.00432252
0.108041 0.00430682
0.10824 0.0042959
0.10844 0.00428059
0.10864 0.00426894
0.108841 0.00425407
0.109042 0.00424188
0.109243 0.00422743
0.109445 0.00421446
0.109647 0.00420075
0.10985 0.00418699
0.110052 0.00417403
0.110256 0.00415942
0.110459 0.0041477
0.110663 0.00413233
0.110868 0.00412237
0.111072 0.00410389
0.111277 0.00409742
0.111483 0.00407896
0.111689 0.00407229
0.111895 0.00405391
0.112102 0.00404686
0.112309 0.00402871
0.112516 0.00402142
0.112724 0.00400339
0.112932 0.00399591
0.11314 0.003978
0.113349 0.00397021
0.113559 0.00395274
0.113768 0.00394519
0.113978 0.00392873
0.114189 0.00392095
0.1144 0.0039051
0.114611 0.00389709
0.114823 0.00388127
0.115035 0.00387297
0.115247 0.00385732
0.11546 0.00384866
0.115673 0.00383315
0.115887 0.00382405
0.116101 0.00380891
0.116315 0.00379947
0.11653 0.00378464
0.116745 0.00377483
0.116961 0.00376071
0.117177 0.00375078
0.117393 0.00373765
0.11761 0.0037276
0.117827 0.00371517
0.118045 0.00370447
0.118263 0.00369234
0.118481 0.00368093
0.1187 0.00366936
0.118919 0.00365717
0.119139 0.00364643
0.119359 0.00363315
0.119579 0.00362329
0.1198 0.00360846
0.120021 0.00360017
0.120243 0.00358314
0.120465 0.00357731
0.120687 0.00356127
0.12091 0.00355541
0.121133 0.00353979
0.121357 0.00353375
0.121581 0.00351826
0.121806 0.00351191
0.12203 0.00349652
0.122256 0.00348992
0.122482 0.00347465
0.122708 0.00346784
0.122934 0.0034527
0.123161 0.00344562
0.123389 0.00343069
0.123617 0.00342355
0.123845 0.00340879
0.124074 0.00340172
0.124303 0.00338794
0.124532 0.00338067
0.124762 0.00336749
0.124993 0.00335995
0.125223 0.00334698
0.125455 0.00333903
0.125686 0.00332618
0.125918 0.00331785
0.126151 0.00330535
0.126384 0.00329661
0.126617 0.00328445
0.126851 0.00327532
0.127085 0.00326336
0.12732 0.00325387
0.127555 0.00324259
0.127791 0.00323304
0.128027 0.00322265
0.128263 0.0032127
0.1285 0.00320313
0.128737 0.00319232
0.128975 0.00318342
0.129213 0.00317161
0.129452 0.0031635
0.129691 0.00314958
0.12993 0.00314369
0.13017 0.00312896
0.130411 0.00312364
0.130651 0.00310899
0.130893 0.00310354
0.131134 0.00308922
0.131376 0.00308381
0.131619 0.00307025
0.131862 0.00306477
0.132106 0.00305171
0.13235 0.00304602
0.132594 0.00303306
0.132839 0.0030271
0.133084 0.00301434
0.13333 0.00300811
0.133576 0.00299535
0.133823 0.00298901
0.13407 0.00297638
0.134317 0.0029698
0.134565 0.00295739
0.134814 0.00295059
0.135063 0.00293846
0.135312 0.00293161
0.135562 0.00292024
0.135812 0.00291343
0.136063 0.00290257
0.136315 0.00289536
0.136566 0.00288481
0.136818 0.00287717
0.137071 0.0028668
0.137324 0.00285878
0.137578 0.00284878
0.137832 0.00284038
0.138086 0.00283063
0.138341 0.00282167
0.138597 0.00281252
0.138853 0.002803
0.139109 0.00279453
0.139366 0.00278465
0.139623 0.00277719
0.139881 0.00276664
0.14014 0.00276035
0.140398 0.00274783
0.140658 0.00274328
0.140917 0.00273087
0.141177 0.00272617
0.141438 0.00271375
0.141699 0.00270889
0.141961 0.00269658
0.142223 0.00269161
0.142486 0.0026794
0.142749 0.00267429
0.143013 0.00266226
0.143277 0.00265712
0.143541 0.00264575
0.143806 0.00264062
0.144072 0.00262976
0.144338 0.00262439
0.144604 0.00261357
0.144871 0.00260798
0.145139 0.00259733
0.145407 0.0025915
0.145675 0.002581
0.145944 0.00257493
0.146214 0.0025646
0.146484 0.00255828
0.146754 0.00254809
0.147025 0.00254166
0.147297 0.00253173
0.147569 0.00252528
0.147841 0.00251598
0.148114 0.00250934
0.148388 0.00250063
0.148662 0.00249368
0.148937 0.00248527
0.149212 0.00247789
0.149487 0.0024697
0.149763 0.00246184
0.15004 0.00245411
0.150317 0.00244557
0.150594 0.00243847
0.150872 0.00242916
0.151151 0.00242272
0.15143 0.00241201
0.15171 0.0024072
0.15199 0.00239605
0.152271 0.00239215
0.152552 0.00238156
0.152833 0.00237752
0.153116 0.00236699
0.153398 0.00236279
0.153682 0.00235229
0.153965 0.00234787
0.15425 0.00233749
0.154535 0.00233292
0.15482 0.00232263
0.155106 0.00231796
0.155392 0.00230778
0.155679 0.00230293
0.155967 0.00229293
0.156255 0.00228807
0.156543 0.00227852
0.156832 0.00227377
0.157122 0.00226471
0.157412 0.00225973
0.157703 0.00225078
0.157994 0.00224546
0.158286 0.00223667
0.158578 0.00223124
0.158871 0.00222262
0.159164 0.00221682
0.159458 0.0022084
0.159753 0.00220235
0.160048 0.0021942
0.160343 0.0021879
0.160639 0.00218001
0.160936 0.00217365
0.161233 0.00216629
0.161531 0.00215988
0.161829 0.00215313
0.162128 0.00214618
0.162427 0.0021398
0.162727 0.00213225
0.163028 0.00212637
0.163329 0.00211806
0.16363 0.00211289
0.163933 0.00210293
0.164235 0.00209933
0.164539 0.00208945
0.164842 0.00208575
0.165147 0.00207599
0.165452 0.00207228
0.165757 0.00206293
0.166063 0.00205922
0.16637 0.00205036
0.166677 0.00204654
0.166985 0.00203773
0.167293 0.00203379
0.167602 0.00202505
0.167912 0.00202094
0.168222 0.00201227
0.168532 0.00200796
0.168844 0.00199943
0.169155 0.00199498
0.169468 0.00198649
0.169781 0.00198197
0.170094 0.00197369
0.170408 0.00196911
0.170723 0.00196125
0.171038 0.00195663
0.171354 0.00194923
0.171671 0.00194451
0.171988 0.0019372
0.172305 0.00193221
0.172623 0.00192506
0.172942 0.00191984
0.173261 0.00191287
0.173581 0.00190732
0.173902 0.0019006
0.174223 0.00189477
0.174545 0.00188833
0.174867 0.00188214
0.17519 0.00187615
0.175514 0.00186967
0.175838 0.00186425
0.176162 0.00185757
0.176488 0.00185281
0.176814 0.00184509
0.17714 0.00184129
0.177467 0.00183281
0.177795 0.00182965
0.178123 0.00182119
0.178452 0.00181797
0.178782 0.00180955
0.179112 0.00180623
0.179443 0.00179791
0.179774 0.00179446
0.180106 0.00178622
0.180438 0.00178273
0.180772 0.00177485
0.181105 0.00177143
0.18144 0.00176404
0.181775 0.00176044
0.182111 0.00175313
0.182447 0.00174946
0.182784 0.00174216
0.183121 0.00173831
0.183459 0.00173109
0.183798 0.00172711
0.184138 0.00172002
0.184478 0.00171589
0.184818 0.00170887
0.18516 0.00170459
0.185502 0.00169783
0.185844 0.00169347
0.186187 0.00168701
0.186531 0.00168268
0.186876 0.00167673
0.187221 0.00167216
0.187566 0.00166628
0.187913 0.0016615
0.18826 0.00165583
0.188607 0.00165068
0.188956 0.00164529
0.189305 0.00163984
0.189654 0.00163472
0.190004 0.00162882
0.190355 0.00162413
0.190707 0.0016176
0.191059 0.00161358
0.191412 0.00160588
0.191765 0.00160328
0.192119 0.00159611
0.192474 0.00159338
0.192829 0.00158626
0.193186 0.00158343
0.193542 0.00157634
0.1939 0.00157342
0.194258 0.00156636
0.194616 0.00156329
0.194976 0.00155628
0.195336 0.00155319
0.195697 0.00154624
0.196058 0.00154302
0.19642 0.0015362
0.196783 0.00153295
0.197146 0.00152634
0.19751 0.00152311
0.197875 0.00151694
0.19824 0.00151362
0.198606 0.00150754
0.198973 0.00150407
0.199341 0.00149808
0.199709 0.00149443
0.200077 0.0014885
0.200447 0.00148471
0.200817 0.00147891
0.201188 0.00147496
0.201559 0.00146925
0.201932 0.00146511
0.202304 0.00145964
0.202678 0.00145541
0.203052 0.00145022
0.203427 0.00144604
0.203803 0.00144132
0.204179 0.00143678
0.204556 0.00143229
0.204934 0.00142744
0.205312 0.00142321
0.205692 0.00141795
0.206071 0.00141409
0.206452 0.00140813
0.206833 0.00140493
0.207215 0.00139824
0.207598 0.00139572
0.207981 0.00138913
0.208365 0.00138661
0.20875 0.00138011
0.209135 0.00137767
0.209522 0.00137167
0.209908 0.0013691
0.210296 0.00136314
0.210684 0.0013605
0.211073 0.00135452
0.211463 0.00135179
0.211854 0.00134589
0.212245 0.00134304
0.212637 0.0013372
0.21303 0.00133428
0.213423 0.00132847
0.213817 0.00132545
0.214212 0.00131976
0.214607 0.00131669
0.215004 0.0013112
0.215401 0.00130818
0.215799 0.00130311
0.216197 0.00129995
0.216596 0.00129496
0.216996 0.00129164
0.217397 0.00128676
0.217798 0.00128326
0.218201 0.0012785
0.218603 0.00127486
0.219007 0.00127019
0.219412 0.00126636
0.219817 0.00126188
0.220223 0.00125786
0.220629 0.00125358
0.221037 0.00124938
0.221445 0.00124546
0.221854 0.00124121
0.222263 0.00123776
0.222674 0.00123305
0.223085 0.00122998
0.223497 0.00122426
0.22391 0.00122217
0.224323 0.00121646
0.224737 0.00121431
0.225152 0.00120863
0.225568 0.00120637
0.225985 0.00120075
0.226402 0.00119845
0.22682 0.00119289
0.227239 0.00119053
0.227659 0.00118508
0.228079 0.00118277
0.2285 0.00117776
0.228922 0.0011754
0.229345 0.0011704
0.229768 0.00116792
0.230193 0.00116299
0.230618 0.0011604
0.231044 0.00115551
0.23147 0.00115288
0.231898 0.00114801
0.232326 0.0011453
0.232755 0.0011405
0.233185 0.00113763
0.233615 0.00113299
0.234047 0.00113007
0.234479 0.00112557
0.234912 0.00112272
0.235346 0.00111862
0.23578 0.00111559
0.236216 0.00111158
0.236652 0.0011084
0.237089 0.0011045
0.237527 0.00110116
0.237965 0.00109741
0.238405 0.00109384
0.238845 0.00109024
0.239286 0.00108643
0.239728 0.00108308
0.240171 0.00107896
0.240614 0.00107592
0.241058 0.00107134
0.241504 0.00106888
0.24195 0.00106403
0.242396 0.00106219
0.242844 0.00105738
0.243292 0.00105548
0.243742 0.00105064
0.244192 0.0010487
0.244643 0.00104392
0.245094 0.00104184
0.245547 0.00103713
0.246 0.00103502
0.246455 0.00103032
0.24691 0.00102816
0.247366 0.00102349
0.247822 0.00102129
0.24828 0.00101674
0.248739 0.00101462
0.249198 0.00101039
0.249658 0.00100819
0.250119 0.00100403
0.250581 0.00100172
0.251044 0.000997604
0.251507 0.000995214
0.251972 0.000991172
0.252437 0.000988639
0.252903 0.000984653
0.25337 0.000982051
0.253838 0.000978155
0.254307 0.000975438
0.254776 0.00097166
0.255247 0.000968848
0.255718 0.000965223
0.25619 0.000962449
0.256663 0.000959154
0.257137 0.000956258
0.257612 0.000953087
0.258088 0.000949952
0.258565 0.000946957
0.259042 0.000943603
0.25952 0.000940805
0.26 0.000937118
0.26048 0.000934588
0.260961 0.000930058
0.261443 0.000928382
0.261925 0.000923869
0.262409 0.000922187
0.262894 0.000917738
0.263379 0.000916078
0.263865 0.000911998
0.264353 0.000910281
0.264841 0.000906257
0.26533 0.000904484
0.26582 0.000900463
0.266311 0.000898626
0.266803 0.000894636
0.267295 0.000892742
0.267789 0.000888781
0.268283 0.000886826
0.268779 0.000882904
0.269275 0.000880896
0.269772 0.000877025
0.27027 0.000874982
0.27077 0.000871213
0.27127 0.000869212
0.27177 0.000865708
0.272272 0.000863621
0.272775 0.000860217
0.273279 0.000858044
0.273783 0.000854687
0.274289 0.00085243
0.274796 0.000849152
0.275303 0.000846729
0.275811 0.000843539
0.276321 0.000841051
0.276831 0.000837956
0.277342 0.000835321
0.277854 0.000832342
0.278367 0.000829564
0.278881 0.000826788
0.279396 0.000824038
0.279912 0.000821537
0.280429 0.000818559
0.280947 0.000816274
0.281466 0.000812975
0.281986 0.00081099
0.282506 0.000807144
0.283028 0.000805661
0.283551 0.000801833
0.284074 0.000800327
0.284599 0.000796491
0.285124 0.000794956
0.285651 0.00079118
0.286178 0.000789597
0.286707 0.000785896
0.287236 0.000784336
0.287767 0.000780893
0.288298 0.000779304
0.28883 0.000775936
0.289364 0.000774278
0.289898 0.000770931
0.290433 0.000769233
0.29097 0.000765891
0.291507 0.000764128
0.292045 0.000760833
0.292585 0.00075899
0.293125 0.000755744
0.293666 0.000753856
0.294208 0.000750675
0.294752 0.000748717
0.295296 0.000745618
0.295841 0.000743685
0.296388 0.000740842
0.296935 0.000738855
0.297483 0.000736106
0.298033 0.000734024
0.298583 0.000731301
0.299134 0.00072911
0.299687 0.000726511
0.30024 0.000724192
0.300795 0.000721672
0.30135 0.000719213
0.301906 0.000716842
0.302464 0.000714213
0.303022 0.000712001
0.303582 0.000709159
0.304143 0.000707227
0.304704 0.000704085
0.305267 0.000702676
0.305831 0.000699412
0.306395 0.000698138
0.306961 0.000694888
0.307528 0.000693576
0.308096 0.00069033
0.308665 0.000688973
0.309235 0.000685769
0.309806 0.000684359
0.310378 0.000681168
0.310951 0.000679723
0.311525 0.000676568
0.312101 0.000675089
0.312677 0.000672016
0.313254 0.00067055
0.313833 0.000667643
0.314412 0.00066616
0.314993 0.00066334
0.315574 0.000661801
0.316157 0.000659012
0.316741 0.000657409
0.317326 0.00065465
0.317912 0.000652969
0.318499 0.000650261
0.319087 0.000648539
0.319676 0.000645886
0.320267 0.000644076
0.320858 0.000641485
0.321451 0.00063961
0.322044 0.000637122
0.322639 0.000635271
0.323235 0.000632959
0.323832 0.000631055
0.32443 0.000628846
0.325029 0.000626811
0.325629 0.000624727
0.32623 0.000622545
0.326833 0.000620558
0.327436 0.000618205
0.328041 0.00061637
0.328646 0.000613776
0.329253 0.00061219
0.329861 0.000609148
0.33047 0.000607996
0.331081 0.000605003
0.331692 0.000603864
0.332305 0.00060105
0.332918 0.00059989
0.333533 0.000597162
0.334149 0.000595972
0.334766 0.000593262
0.335384 0.000592029
0.336003 0.000589329
0.336624 0.00058805
0.337246 0.000585385
0.337868 0.000584081
0.338492 0.000581427
0.339117 0.000580069
0.339743 0.000577447
0.340371 0.000576056
0.340999 0.000573501
0.341629 0.000572136
0.34226 0.000569727
0.342892 0.000568318
0.343525 0.000566015
0.344159 0.000564547
0.344795 0.000562259
0.345432 0.000560761
0.34607 0.000558497
0.346709 0.000556937
0.347349 0.000554727
0.34799 0.000553089
0.348633 0.00055092
0.349277 0.000549204
0.349922 0.00054714
0.350568 0.00054535
0.351215 0.000543379
0.351864 0.000541574
0.352513 0.000539785
0.353164 0.000537897
0.353817 0.000536261
0.35447 0.000534184
0.355125 0.000532696
0.35578 0.000530299
0.356437 0.00052912
0.357095 0.000526537
0.357755 0.00052552
0.358416 0.000522942
0.359077 0.000521906
0.35974 0.000519349
0.360405 0.000518294
0.36107 0.000515772
0.361737 0.000514719
0.362405 0.000512338
0.363074 0.000511264
0.363745 0.000508986
0.364416 0.000507881
0.365089 0.00050562
0.365763 0.000504462
0.366439 0.000502218
0.367116 0.000501035
0.367793 0.000498787
0.368473 0.000497575
0.369153 0.000495364
0.369835 0.000494106
0.370518 0.000491934
0.371202 0.000490633
0.371887 0.000488512
0.372574 0.000487227
0.373262 0.000485246
0.373951 0.000483917
0.374642 0.000482031
0.375334 0.00048064
0.376027 0.000478803
0.376721 0.000477351
0.377417 0.000475544
0.378114 0.000474031
0.378812 0.00047229
0.379511 0.000470688
0.380212 0.000469021
0.380914 0.000467319
0.381618 0.00046575
0.382322 0.000463928
0.383028 0.000462512
0.383736 0.000460604
0.384444 0.000459392
0.385154 0.000457207
0.385866 0.000456349
0.386578 0.00045416
0.387292 0.000453271
0.388007 0.000451091
0.388724 0.000450168
0.389441 0.000448011
0.390161 0.000447051
0.390881 0.000444911
0.391603 0.000443927
0.392326 0.000441798
0.39305 0.000440812
0.393776 0.000438715
0.394503 0.000437731
0.395232 0.000435745
0.395962 0.000434751
0.396693 0.000432854
0.397425 0.000431815
0.398159 0.000429928
0.398895 0.000428863
0.399631 0.000427008
0.400369 0.000425899
0.401108 0.000424076
0.401849 0.000422922
0.402591 0.000421111
0.403335 0.000419923
0.404079 0.000418152
0.404826 0.000416923
0.405573 0.000415209
0.406322 0.000413975
0.407072 0.000412367
0.407824 0.00041112
0.408577 0.000409597
0.409332 0.000408277
0.410088 0.000406812
0.410845 0.000405403
0.411604 0.000404018
0.412364 0.000402502
0.413125 0.000401198
0.413888 0.000399564
0.414652 0.000398375
0.415418 0.000396523
0.416185 0.000395549
0.416954 0.000393527
0.417723 0.000392743
0.418495 0.000390809
0.419268 0.000390038
0.420042 0.000388189
0.420818 0.000387395
0.421595 0.000385567
0.422373 0.000384729
0.423153 0.000382911
0.423934 0.000382052
0.424717 0.00038024
0.425502 0.000379359
0.426287 0.000377568
0.427075 0.000376662
0.427863 0.000374894
0.428653 0.00037397
0.429445 0.000372225
0.430238 0.000371297
0.431032 0.000369639
0.431828 0.000368714
0.432626 0.000367147
0.433425 0.00036619
0.434225 0.000364629
0.435027 0.00036364
0.43583 0.000362112
0.436635 0.000361069
0.437441 0.000359573
0.438249 0.00035848
0.439058 0.000357021
0.439869 0.000355889
0.440681 0.000354456
0.441495 0.000353287
0.44231 0.000351922
0.443127 0.000350713
0.443945 0.000349461
0.444765 0.000348233
0.445586 0.000347073
0.446409 0.00034575
0.447234 0.000344676
0.448059 0.000343214
0.448887 0.000342255
0.449716 0.000340514
0.450546 0.000339827
0.451378 0.000338094
0.452212 0.000337388
0.453047 0.000335666
0.453883 0.000334945
0.454722 0.000333248
0.455561 0.000332527
0.456402 0.000330901
0.457245 0.000330171
0.45809 0.000328641
0.458935 0.000327896
0.459783 0.000326368
0.460632 0.000325598
0.461483 0.000324086
0.462335 0.00032329
0.463189 0.000321789
0.464044 0.000320962
0.464901 0.000319473
0.465759 0.00031863
0.466619 0.000317167
0.467481 0.000316302
0.468344 0.000314876
0.469209 0.000314001
0.470076 0.000312633
0.470944 0.000311762
0.471813 0.000310482
0.472684 0.000309574
0.473557 0.000308313
0.474432 0.000307365
0.475308 0.000306125
0.476186 0.000305136
0.477065 0.000303932
0.477946 0.000302901
0.478828 0.000301747
0.479713 0.000300637
0.480598 0.000299543
0.481486 0.000298372
0.482375 0.000297358
0.483266 0.000296131
0.484158 0.000295228
0.485052 0.000293922
0.485948 0.000293175
0.486845 0.000291713
0.487744 0.000291099
0.488645 0.000289652
0.489547 0.000289023
0.490451 0.000287564
0.491357 0.000286927
0.492264 0.000285484
0.493173 0.000284818
0.494084 0.000283389
0.494996 0.000282717
0.495911 0.000281298
0.496826 0.000280621
0.497744 0.00027926
0.498663 0.00027859
0.499584 0.000277309
0.500506 0.000276621
0.50143 0.000275343
0.502356 0.000274628
0.503284 0.00027337
0.504213 0.000272629
0.505144 0.000271389
0.506077 0.000270625
0.507012 0.000269403
0.507948 0.000268612
0.508886 0.00026741
0.509826 0.000266592
0.510767 0.000265431
0.51171 0.000264596
0.512655 0.000263498
0.513602 0.000262678
0.51455 0.000261645
0.515501 0.000260781
0.516453 0.000259782
0.517406 0.000258874
0.518362 0.000257906
0.519319 0.000256947
0.520278 0.000256029
0.521239 0.000254994
0.522201 0.000254143
0.523165 0.000253018
0.524131 0.000252247
0.525099 0.000250895
0.526069 0.00025037
0.52704 0.000249055
0.528014 0.000248536
0.528989 0.0002473
0.529966 0.000246757
0.530944 0.000245532
0.531925 0.000244975
0.532907 0.000243757
0.533891 0.000243185
0.534877 0.000241966
0.535865 0.000241373
0.536854 0.000240175
0.537845 0.000239571
0.538839 0.000238373
0.539834 0.000237752
0.54083 0.000236582
0.541829 0.000235955
0.54283 0.000234819
0.543832 0.000234206
0.544836 0.000233143
0.545842 0.00023251
0.54685 0.000231461
0.54786 0.000230791
0.548872 0.000229764
0.549885 0.000229076
0.550901 0.000228061
0.551918 0.000227345
0.552937 0.000226354
0.553958 0.000225602
0.554981 0.000224638
0.556006 0.000223869
0.557033 0.000222932
0.558061 0.000222148
0.559092 0.000221269
0.560124 0.000220472
0.561159 0.000219669
0.562195 0.000218823
0.563233 0.000218063
0.564273 0.000217151
0.565315 0.000216447
0.566359 0.00021543
0.567405 0.000214827
0.568453 0.000213673
0.569502 0.000213195
0.570554 0.000212054
0.571608 0.000211566
0.572663 0.000210424
0.573721 0.000209943
0.57478 0.000208839
0.575842 0.000208348
0.576905 0.00020733
0.57797 0.000206832
0.579037 0.000205812
0.580107 0.000205302
0.581178 0.00020429
0.582251 0.000203758
0.583326 0.000202752
0.584404 0.000202217
0.585483 0.000201214
0.586564 0.000200664
0.587647 0.000199679
0.588732 0.000199105
0.589819 0.000198141
0.590908 0.000197564
0.592 0.000196636
0.593093 0.000196057
0.594188 0.000195192
0.595285 0.000194597
0.596385 0.00019375
0.597486 0.000193125
0.598589 0.000192293
0.599694 0.000191646
0.600802 0.000190828
0.601911 0.000190153
0.603023 0.000189361
0.604136 0.000188656
0.605252 0.000187892
0.60637 0.000187139
0.607489 0.000186424
0.608611 0.000185638
0.609735 0.000184987
0.610861 0.000184184
0.611989 0.000183609
0.613119 0.000182656
0.614251 0.000182233
0.615386 0.00018126
0.616522 0.000180844
0.61766 0.000179873
0.618801 0.000179445
0.619944 0.000178486
0.621088 0.000178046
0.622235 0.000177095
0.623384 0.000176648
0.624535 0.000175703
0.625689 0.00017525
0.626844 0.000174331
0.628002 0.00017389
0.629161 0.000173043
0.630323 0.000172581
0.631487 0.000171735
0.632653 0.000171265
0.633821 0.000170425
0.634992 0.000169941
0.636164 0.000169112
0.637339 0.000168611
0.638516 0.000167791
0.639695 0.000167271
0.640876 0.000166467
0.64206 0.000165934
0.643246 0.00016515
0.644433 0.000164605
0.645623 0.000163851
0.646816 0.000163311
0.64801 0.000162612
0.649207 0.000162053
0.650405 0.000161375
0.651606 0.000160785
0.65281 0.000160126
0.654015 0.000159505
0.655223 0.000158868
0.656433 0.000158214
0.657645 0.000157613
0.658859 0.000156903
0.660076 0.000156349
0.661295 0.000155575
0.662516 0.000155093
0.66374 0.000154209
0.664965 0.000153856
0.666193 0.000153045
0.667423 0.000152684
0.668656 0.000151865
0.669891 0.000151498
0.671128 0.00015069
0.672367 0.000150307
0.673608 0.000149504
0.674852 0.000149111
0.676099 0.000148315
0.677347 0.000147914
0.678598 0.000147126
0.679851 0.00014672
0.681106 0.000145937
0.682364 0.000145523
0.683624 0.000144758
0.684887 0.000144352
0.686151 0.000143648
0.687418 0.000143226
0.688688 0.000142537
0.689959 0.000142101
0.691233 0.000141418
0.69251 0.000140965
0.693789 0.000140288
0.69507 0.000139821
0.696353 0.000139161
0.697639 0.000138677
0.698928 0.000138032
0.700218 0.000137531
0.701511 0.000136898
0.702807 0.000136387
0.704104 0.000135788
0.705405 0.00013528
0.706707 0.000134733
0.708012 0.000134198
0.70932 0.000133678
0.710629 0.000133107
0.711942 0.000132615
0.713256 0.000131997
0.714574 0.000131547
0.715893 0.000130836
0.717215 0.00013048
0.718539 0.000129727
0.719866 0.000129405
0.721196 0.000128659
0.722527 0.000128336
0.723862 0.000127597
0.725198 0.000127278
0.726537 0.000126599
0.727879 0.00012627
0.729223 0.000125594
0.73057 0.000125257
0.731919 0.000124586
0.73327 0.000124239
0.734624 0.000123578
0.735981 0.000123219
0.73734 0.000122558
0.738702 0.000122193
0.740066 0.00012154
0.741432 0.000121166
0.742801 0.000120526
0.744173 0.000120144
0.745547 0.000119521
0.746924 0.000119146
0.748303 0.000118572
0.749685 0.000118188
0.75107 0.000117628
0.752456 0.000117226
0.753846 0.000116675
0.755238 0.000116257
0.756633 0.000115718
0.75803 0.000115285
0.75943 0.000114757
0.760832 0.000114308
0.762237 0.000113796
0.763644 0.000113322
0.765055 0.00011284
0.766467 0.000112344
0.767883 0.000111892
0.769301 0.000111388
0.770721 0.000110986
0.772145 0.000110444
0.77357 0.000110087
0.774999 0.000109453
0.77643 0.000109179
0.777864 0.00010855
0.7793 0.000108269
0.780739 0.000107642
0.782181 0.000107354
0.783625 0.000106734
0.785072 0.000106437
0.786522 0.000105821
0.787974 0.000105525
0.78943 0.000104919
0.790887 0.000104626
0.792348 0.000104065
0.793811 0.00010377
0.795277 0.000103218
0.796745 0.000102909
0.798217 0.000102361
0.799691 0.000102044
0.801167 0.000101499
0.802647 0.000101174
0.804129 0.000100639
0.805614 0.000100303
0.807101 9.97764e-05
0.808592 9.94275e-05
0.810085 9.89096e-05
0.811581 9.85614e-05
0.81308 9.80555e-05
0.814581 9.77117e-05
0.816085 9.72452e-05
0.817592 9.68903e-05
0.819102 9.64356e-05
0.820615 9.60645e-05
0.82213 9.56268e-05
0.823648 9.52387e-05
0.825169 9.4811e-05
0.826693 9.44017e-05
0.828219 9.39952e-05
0.829749 9.35592e-05
0.831281 9.31789e-05
0.832816 9.27073e-05
0.834354 9.23611e-05
0.835895 9.18316e-05
0.837438 9.15576e-05
0.838985 9.1022e-05
0.840534 9.07865e-05
0.842086 9.02599e-05
0.843641 9.00206e-05
0.845199 8.94961e-05
0.84676 8.92511e-05
0.848323 8.87316e-05
0.84989 8.84775e-05
0.851459 8.79587e-05
0.853031 8.77e-05
0.854607 8.71885e-05
0.856185 8.69271e-05
0.857766 8.64216e-05
0.85935 8.61507e-05
0.860937 8.56579e-05
0.862526 8.53969e-05
0.864119 8.49292e-05
0.865715 8.4664e-05
0.867313 8.42121e-05
0.868915 8.3937e-05
0.87052 8.34916e-05
0.872127 8.32061e-05
0.873738 8.2764e-05
0.875351 8.24711e-05
0.876967 8.20397e-05
0.878587 8.17345e-05
0.880209 8.13098e-05
0.881835 8.0995e-05
0.883463 8.05837e-05
0.885094 8.02557e-05
0.886729 7.98593e-05
0.888366 7.9537e-05
0.890007 7.9172e-05
0.89165 7.8837e-05
0.893297 7.84893e-05
0.894946 7.81344e-05
0.896599 7.78047e-05
0.898255 7.74237e-05
0.899913 7.71152e-05
0.901575 7.67031e-05
0.90324 7.64272e-05
0.904908 7.59438e-05
0.906579 7.57366e-05
0.908253 7.52574e-05
0.90993 7.50472e-05
0.911611 7.45741e-05
0.913294 7.43689e-05
0.91498 7.39262e-05
0.91667 7.37144e-05
0.918363 7.3286e-05
0.920059 7.30694e-05
0.921758 7.26412e-05
0.92346 7.24226e-05
0.925165 7.19969e-05
0.926873 7.17723e-05
0.928585 7.13507e-05
0.9303 7.11186e-05
0.932018 7.07025e-05
0.933739 7.04629e-05
0.935463 7.00502e-05
0.93719 6.98092e-05
0.938921 6.94079e-05
0.940655 6.91681e-05
0.942392 6.87941e-05
0.944132 6.8549e-05
0.945875 6.81858e-05
0.947622 6.79334e-05
0.949372 6.75757e-05
0.951125 6.73137e-05
0.952881 6.69622e-05
0.954641 6.66918e-05
0.956404 6.63494e-05
0.95817 6.6068e-05
0.959939 6.57341e-05
0.961712 6.54435e-05
0.963488 6.51211e-05
0.965267 6.48164e-05
0.967049 6.4517e-05
0.968835 6.42079e-05
0.970624 6.3936e-05
0.972417 6.36109e-05
0.974212 6.33654e-05
0.976011 6.30024e-05
0.977814 6.27924e-05
0.979619 6.23936e-05
0.981428 6.22143e-05
0.983241 6.18174e-05
0.985056 6.16375e-05
0.986875 6.12412e-05
0.988698 6.10583e-05
0.990523 6.06685e-05
0.992352 6.04803e-05
0.994185 6.00959e-05
0.996021 5.991e-05
0.99786 5.95464e-05
0.999703 5.93615e-05
1.00155 5.90101e-05
1.0034 5.88181e-05
1.00525 5.84714e-05
1.00711 5.82758e-05
1.00897 5.79297e-05
1.01083 5.77269e-05
1.0127 5.7386e-05
1.01457 5.71786e-05
1.01644 5.68424e-05
1.01832 5.66304e-05
1.0202 5.62999e-05
1.02208 5.60825e-05
1.02397 5.57624e-05
1.02586 5.55449e-05
1.02775 5.52454e-05
1.02965 5.5024e-05
1.03155 5.47383e-05
1.03346 5.45098e-05
1.03537 5.42273e-05
1.03728 5.39903e-05
1.03919 5.37172e-05
1.04111 5.34677e-05
1.04304 5.32046e-05
1.04496 5.29405e-05
1.04689 5.26917e-05
1.04882 5.2411e-05
1.05076 5.21812e-05
1.0527 5.18789e-05
1.05465 5.16748e-05
1.05659 5.13334e-05
1.05854 5.11885e-05
1.0605 5.08606e-05
1.06246 5.07119e-05
1.06442 5.03845e-05
1.06638 5.02318e-05
1.06835 4.99073e-05
1.07033 4.97513e-05
1.0723 4.94291e-05
1.07428 4.9267e-05
1.07627 4.89487e-05
1.07825 4.87857e-05
1.08025 4.84692e-05
1.08224 4.83056e-05
1.08424 4.79934e-05
1.08624 4.78288e-05
1.08825 4.75359e-05
1.09026 4.73693e-05
1.09227 4.70874e-05
1.09429 4.69181e-05
1.09631 4.66388e-05
1.09833 4.64646e-05
1.10036 4.61894e-05
1.10239 4.60081e-05
1.10443 4.57361e-05
1.10647 4.55517e-05
1.10851 4.52845e-05
1.11056 4.50928e-05
1.11261 4.48323e-05
1.11466 4.46349e-05
1.11672 4.43837e-05
1.11878 4.4186e-05
1.12085 4.39513e-05
1.12292 4.37526e-05
1.12499 4.35326e-05
1.12707 4.33193e-05
1.12915 4.31092e-05
1.13124 4.28837e-05
1.13333 4.26845e-05
1.13542 4.24451e-05
1.13751 4.22585e-05
1.13962 4.19939e-05
1.14172 4.18329e-05
1.14383 4.15375e-05
1.14594 4.14075e-05
1.14806 4.11167e-05
1.15018 4.09887e-05
1.1523 4.07087e-05
1.15443 4.05816e-05
1.15656 4.03175e-05
1.1587 4.01848e-05
1.16083 3.99215e-05
1.16298 3.97873e-05
1.16513 3.95246e-05
1.16728 3.9387e-05
1.16943 3.9127e-05
1.17159 3.89864e-05
1.17376 3.87287e-05
1.17592 3.85857e-05
1.1781 3.83306e-05
1.18027 3.8185e-05
1.18245 3.79352e-05
1.18463 3.77904e-05
1.18682 3.75542e-05
1.18901 3.74088e-05
1.19121 3.71857e-05
1.19341 3.70344e-05
1.19561 3.68137e-05
1.19782 3.66572e-05
1.20003 3.64414e-05
1.20225 3.62796e-05
1.20447 3.60675e-05
1.20669 3.59e-05
1.20892 3.56934e-05
1.21115 3.55202e-05
1.21339 3.53206e-05
1.21563 3.51395e-05
1.21787 3.495e-05
1.22012 3.47671e-05
1.22238 3.4594e-05
1.22463 3.44053e-05
1.2269 3.42479e-05
1.22916 3.40444e-05
1.23143 3.38993e-05
1.2337 3.36568e-05
1.23598 3.35511e-05
1.23826 3.33095e-05
1.24055 3.32017e-05
1.24284 3.29615e-05
1.24514 3.28504e-05
1.24744 3.26134e-05
1.24974 3.25014e-05
1.25205 3.22676e-05
1.25436 3.21566e-05
1.25668 3.19325e-05
1.259 3.18212e-05
1.26132 3.16102e-05
1.26365 3.14976e-05
1.26598 3.12868e-05
1.26832 3.11693e-05
1.27066 3.09617e-05
1.27301 3.08416e-05
1.27536 3.06346e-05
1.27772 3.0513e-05
1.28008 3.03083e-05
1.28244 3.01839e-05
1.28481 2.99826e-05
1.28718 2.98532e-05
1.28956 2.96591e-05
1.29194 2.9531e-05
1.29432 2.93456e-05
1.29671 2.92176e-05
1.29911 2.9044e-05
1.30151 2.89101e-05
1.30391 2.87402e-05
1.30632 2.86018e-05
1.30873 2.84368e-05
1.31115 2.82918e-05
1.31357 2.81311e-05
1.31599 2.79791e-05
1.31842 2.78249e-05
1.32086 2.76647e-05
1.3233 2.75199e-05
1.32574 2.73502e-05
1.32819 2.72178e-05
1.33064 2.70365e-05
1.3331 2.69246e-05
1.33556 2.67291e-05
1.33803 2.66407e-05
1.3405 2.64469e-05
1.34297 2.63566e-05
1.34545 2.61621e-05
1.34794 2.60712e-05
1.35043 2.58783e-05
1.35292 2.57835e-05
1.35542 2.55933e-05
1.35792 2.54974e-05
1.36043 2.53084e-05
1.36294 2.52113e-05
1.36546 2.50254e-05
1.36798 2.49278e-05
1.37051 2.47503e-05
1.37304 2.46555e-05
1.37557 2.44871e-05
1.37811 2.43897e-05
1.38066 2.42236e-05
1.38321 2.41223e-05
1.38576 2.39586e-05
1.38832 2.38551e-05
1.39088 2.36944e-05
1.39345 2.35862e-05
1.39603 2.34282e-05
1.3986 2.33174e-05
1.40119 2.31632e-05
1.40377 2.30495e-05
1.40637 2.29e-05
1.40896 2.27855e-05
1.41157 2.26432e-05
1.41417 2.253e-05
1.41678 2.23986e-05
1.4194 2.22803e-05
1.42202 2.21527e-05
1.42465 2.20273e-05
1.42728 2.19059e-05
1.42991 2.17716e-05
1.43255 2.16579e-05
1.4352 2.15134e-05
1.43785 2.14092e-05
1.4405 2.1242e-05
1.44316 2.11624e-05
1.44583 2.09914e-05
1.4485 2.09172e-05
1.45117 2.07518e-05
1.45385 2.06789e-05
1.45654 2.05251e-05
1.45923 2.04503e-05
1.46192 2.02975e-05
1.46462 2.02213e-05
1.46733 2.00681e-05
1.47004 1.99902e-05
1.47275 1.98386e-05
1.47547 1.97591e-05
1.47819 1.96099e-05
1.48092 1.95276e-05
1.48366 1.93797e-05
1.4864 1.92969e-05
1.48914 1.91513e-05
1.49189 1.90686e-05
1.49465 1.89296e-05
1.49741 1.88478e-05
1.50017 1.87178e-05
1.50294 1.86333e-05
1.50572 1.85054e-05
1.5085 1.84184e-05
1.51129 1.82928e-05
1.51408 1.82029e-05
1.51687 1.80799e-05
1.51967 1.79863e-05
1.52248 1.78655e-05
1.52529 1.77688e-05
1.52811 1.76525e-05
1.53093 1.75517e-05
1.53376 1.74403e-05
1.53659 1.73378e-05
1.53943 1.72336e-05
1.54227 1.71318e-05
1.54512 1.70376e-05
1.54797 1.69281e-05
1.55083 1.68396e-05
1.55369 1.67194e-05
1.55656 1.66417e-05
1.55944 1.65039e-05
1.56231 1.64429e-05
1.5652 1.63065e-05
1.56809 1.62445e-05
1.57099 1.61079e-05
1.57389 1.6046e-05
1.57679 1.59117e-05
1.5797 1.58496e-05
1.58262 1.57195e-05
1.58554 1.56587e-05
1.58847 1.55383e-05
1.59141 1.54755e-05
1.59434 1.53562e-05
1.59729 1.52925e-05
1.60024 1.5174e-05
1.60319 1.51078e-05
1.60615 1.49902e-05
1.60912 1.49225e-05
1.61209 1.48068e-05
1.61507 1.47372e-05
1.61805 1.46236e-05
1.62104 1.45527e-05
1.62403 1.44418e-05
1.62703 1.43701e-05
1.63003 1.42637e-05
1.63304 1.41936e-05
1.63606 1.40956e-05
1.63908 1.40241e-05
1.64211 1.3927e-05
1.64514 1.3852e-05
1.64818 1.37574e-05
1.65122 1.36796e-05
1.65427 1.35886e-05
1.65733 1.35065e-05
1.66039 1.34182e-05
1.66345 1.33323e-05
1.66652 1.3249e-05
1.6696 1.31582e-05
1.67268 1.30805e-05
1.67577 1.29845e-05
1.67887 1.29164e-05
1.68197 1.28148e-05
1.68507 1.27612e-05
1.68819 1.26532e-05
1.6913 1.2605e-05
1.69443 1.24972e-05
1.69756 1.24484e-05
1.70069 1.23411e-05
1.70383 1.22913e-05
1.70698 1.21847e-05
1.71013 1.21334e-05
1.71329 1.20281e-05
1.71645 1.19762e-05
1.71962 1.18724e-05
1.7228 1.18207e-05
1.72598 1.17204e-05
1.72916 1.16692e-05
1.73236 1.15772e-05
1.73556 1.15248e-05
1.73876 1.14333e-05
1.74197 1.13797e-05
1.74519 1.12894e-05
1.74841 1.12341e-05
1.75164 1.11451e-05
1.75487 1.10878e-05
1.75812 1.1e-05
1.76136 1.09417e-05
1.76461 1.08562e-05
1.76787 1.07957e-05
1.77114 1.07126e-05
1.77441 1.06512e-05
1.77768 1.05722e-05
1.78097 1.05125e-05
1.78426 1.04399e-05
1.78755 1.0378e-05
1.79085 1.03073e-05
1.79416 1.02419e-05
1.79747 1.01748e-05
1.80079 1.01056e-05
1.80412 1.00415e-05
1.80745 9.9675e-06
1.81079 9.90787e-06
1.81413 9.82748e-06
1.81748 9.77491e-06
1.82084 9.68143e-06
1.8242 9.6425e-06
1.82757 9.55152e-06
1.83094 9.51345e-06
1.83432 9.43074e-06
1.83771 9.39194e-06
1.8411 9.30976e-06
1.8445 9.26974e-06
1.84791 9.18774e-06
1.85132 9.1473e-06
1.85474 9.06581e-06
1.85816 9.02409e-06
1.8616 8.94391e-06
1.86503 8.90187e-06
1.86848 8.82208e-06
1.87193 8.77884e-06
1.87538 8.70074e-06
1.87885 8.6573e-06
1.88232 8.58132e-06
1.88579 8.53962e-06
1.88928 8.47078e-06
1.89276 8.42758e-06
1.89626 8.35953e-06
1.89976 8.31477e-06
1.90327 8.2475e-06
1.90678 8.20197e-06
1.9103 8.13571e-06
1.91383 8.08834e-06
1.91737 8.02357e-06
1.92091 7.97469e-06
1.92445 7.91155e-06
1.92801 7.86055e-06
1.93157 7.80047e-06
1.93514 7.74797e-06
1.93871 7.69103e-06
1.94229 7.64e-06
1.94588 7.58919e-06
1.94947 7.53486e-06
1.95307 7.48699e-06
1.95667 7.42841e-06
1.96029 7.38443e-06
1.96391 7.31788e-06
1.96753 7.28165e-06
1.97117 7.20967e-06
1.97481 7.17847e-06
1.97845 7.10692e-06
1.98211 7.07564e-06
1.98577 7.00491e-06
1.98943 6.97362e-06
1.99311 6.90439e-06
1.99679 6.87421e-06
2.00048 6.81122e-06
2.00417 6.7801e-06
2.00787 6.71818e-06
2.01158 6.6865e-06
2.01529 6.62488e-06
2.01902 6.59186e-06
2.02274 6.53111e-06
2.02648 6.49787e-06
2.03022 6.4372e-06
2.03397 6.40305e-06
2.03773 6.34365e-06
2.04149 6.30865e-06
2.04526 6.25059e-06
2.04904 6.21518e-06
2.05282 6.15865e-06
2.05661 6.12454e-06
2.06041 6.07381e-06
2.06421 6.0384e-06
2.06802 5.9885e-06
2.07184 5.9518e-06
2.07567 5.90328e-06
2.0795 5.86464e-06
2.08334 5.81743e-06
2.08719 5.77737e-06
2.09104 5.73179e-06
2.0949 5.68989e-06
2.09877 5.64627e-06
2.10265 5.60247e-06
2.10653 5.56129e-06
2.11042 5.5149e-06
2.11432 5.47793e-06
2.11822 5.4314e-06
2.12213 5.40054e-06
2.12605 5.34619e-06
2.12998 5.3231e-06
2.13391 5.26904e-06
2.13785 5.24535e-06
2.1418 5.19164e-06
2.14576 5.16753e-06
2.14972 5.11414e-06
2.15369 5.08936e-06
2.15766 5.03663e-06
2.16165 5.01145e-06
2.16564 4.95935e-06
2.16964 4.93444e-06
2.17365 4.88331e-06
2.17766 4.85921e-06
2.18168 4.81283e-06
2.18571 4.78808e-06
2.18975 4.74276e-06
2.19379 4.71711e-06
2.19784 4.67202e-06
2.2019 4.64591e-06
2.20597 4.60162e-06
2.21004 4.57472e-06
2.21412 4.53118e-06
2.21821 4.50345e-06
2.2223 4.46055e-06
2.22641 4.43211e-06
2.23052 4.39046e-06
2.23464 4.36129e-06
2.23876 4.32132e-06
2.2429 4.29349e-06
2.24704 4.2574e-06
2.25119 4.22862e-06
2.25535 4.1937e-06
2.25951 4.16359e-06
2.26368 4.12975e-06
2.26786 4.09796e-06
2.27205 4.06589e-06
2.27625 4.03194e-06
2.28045 4.00176e-06
2.28466 3.9653e-06
2.28888 3.93784e-06
2.29311 3.89694e-06
2.29734 3.87434e-06
2.30158 3.82961e-06
2.30583 3.81212e-06
2.31009 3.77163e-06
2.31436 3.75411e-06
2.31863 3.71424e-06
2.32291 3.69637e-06
2.3272 3.65691e-06
2.3315 3.6385e-06
2.33581 3.59925e-06
2.34012 3.58045e-06
2.34444 3.54146e-06
2.34877 3.52235e-06
2.35311 3.48391e-06
2.35745 3.4643e-06
2.36181 3.42655e-06
2.36617 3.40697e-06
2.37054 3.37012e-06
2.37491 3.35107e-06
2.3793 3.31764e-06
2.38369 3.29835e-06
2.38809 3.26602e-06
2.3925 3.24613e-06
2.39692 3.21415e-06
2.40135 3.19355e-06
2.40578 3.16223e-06
2.41023 3.14083e-06
2.41468 3.11023e-06
2.41914 3.08796e-06
2.4236 3.05823e-06
2.42808 3.03535e-06
2.43256 3.00658e-06
2.43705 2.98298e-06
2.44155 2.95588e-06
2.44606 2.93291e-06
2.45058 2.90857e-06
2.4551 2.88467e-06
2.45964 2.86208e-06
2.46418 2.83654e-06
2.46873 2.81534e-06
2.47329 2.78732e-06
2.47786 2.76846e-06
2.48243 2.73504e-06
2.48702 2.72158e-06
2.49161 2.68847e-06
2.49621 2.67492e-06
2.50082 2.64212e-06
2.50544 2.62837e-06
2.51006 2.5963e-06
2.5147 2.58313e-06
2.51934 2.55394e-06
2.52399 2.54049e-06
2.52866 2.5124e-06
2.53333 2.49871e-06
2.538 2.4707e-06
2.54269 2.45681e-06
2.54739 2.42892e-06
2.55209 2.41451e-06
2.5568 2.3872e-06
2.56152 2.37226e-06
2.56625 2.34534e-06
2.57099 2.33029e-06
2.57574 2.30375e-06
2.5805 2.28852e-06
2.58526 2.26291e-06
2.59004 2.24813e-06
2.59482 2.2248e-06
2.59961 2.21e-06
2.60441 2.18764e-06
2.60922 2.17218e-06
2.61404 2.15039e-06
2.61886 2.13419e-06
2.6237 2.11295e-06
2.62855 2.09602e-06
2.6334 2.07541e-06
2.63826 2.05787e-06
2.64313 2.03819e-06
2.64801 2.01955e-06
2.6529 2.00101e-06
2.6578 1.98165e-06
2.66271 1.96466e-06
2.66763 1.94529e-06
2.67255 1.93063e-06
2.67749 1.90973e-06
2.68243 1.89758e-06
2.68739 1.87388e-06
2.69235 1.86422e-06
2.69732 1.84076e-06
2.7023 1.83088e-06
2.70729 1.8074e-06
2.71229 1.79737e-06
2.7173 1.77429e-06
2.72232 1.76401e-06
2.72735 1.74124e-06
2.73238 1.73102e-06
2.73743 1.70866e-06
2.74248 1.69885e-06
2.74755 1.67837e-06
2.75262 1.66848e-06
2.7577 1.64903e-06
2.7628 1.63889e-06
2.7679 1.61963e-06
2.77301 1.60924e-06
2.77813 1.59021e-06
2.78326 1.57939e-06
2.7884 1.56063e-06
2.79355 1.54961e-06
2.79871 1.53124e-06
2.80387 1.51974e-06
2.80905 1.50184e-06
2.81424 1.49027e-06
2.81944 1.47304e-06
2.82464 1.46179e-06
2.82986 1.4462e-06
2.83508 1.43479e-06
2.84032 1.42025e-06
2.84556 1.40832e-06
2.85082 1.39417e-06
2.85608 1.38156e-06
2.86136 1.368e-06
2.86664 1.3547e-06
2.87193 1.34191e-06
2.87724 1.32757e-06
2.88255 1.31581e-06
2.88787 1.30026e-06
2.89321 1.28985e-06
2.89855 1.27116e-06
2.9039 1.26449e-06
2.90926 1.24736e-06
2.91464 1.24079e-06
2.92002 1.22455e-06
2.92541 1.21768e-06
2.93081 1.20165e-06
2.93623 1.19461e-06
2.94165 1.17866e-06
2.94708 1.17152e-06
2.95252 1.15563e-06
2.95797 1.14826e-06
2.96344 1.13264e-06
2.96891 1.12524e-06
2.97439 1.10978e-06
2.97988 1.10223e-06
2.98539 1.08727e-06
2.9909 1.08005e-06
2.99642 1.06631e-06
3.00195 1.05918e-06
3.0075 1.04623e-06
3.01305 1.03889e-06
3.01862 1.0261e-06
3.02419 1.01846e-06
3.02977 1.00595e-06
3.03537 9.97994e-07
3.04097 9.85722e-07
3.04659 9.77491e-07
3.05222 9.65613e-07
3.05785 9.57017e-07
3.0635 9.45522e-07
3.06916 9.3677e-07
3.07482 9.25903e-07
3.0805 9.17285e-07
3.08619 9.0747e-07
3.09189 8.988e-07
3.0976 8.89814e-07
3.10332 8.80586e-07
3.10905 8.72213e-07
3.11479 8.62187e-07
3.12054 8.54471e-07
3.1263 8.43324e-07
3.13208 8.36744e-07
3.13786 8.23949e-07
3.14365 8.19031e-07
3.14946 8.06394e-07
3.15528 8.01484e-07
3.1611 7.89052e-07
3.16694 7.84382e-07
3.17279 7.72971e-07
3.17865 7.68367e-07
3.18452 7.57742e-07
3.1904 7.52977e-07
3.19629 7.42464e-07
3.20219 7.37571e-07
3.2081 7.27124e-07
3.21403 7.22069e-07
3.21996 7.1176e-07
3.22591 7.06649e-07
3.23187 6.96418e-07
3.23783 6.91179e-07
3.24381 6.81187e-07
3.2498 6.75833e-07
3.2558 6.66158e-07
3.26182 6.61009e-07
3.26784 6.52196e-07
3.27387 6.47121e-07
3.27992 6.38955e-07
3.28598 6.3364e-07
3.29204 6.2567e-07
3.29812 6.20143e-07
3.30421 6.12366e-07
3.31031 6.06622e-07
3.31643 5.99006e-07
3.32255 5.92983e-07
3.32869 5.85708e-07
3.33483 5.79438e-07
3.34099 5.72505e-07
3.34716 5.65906e-07
3.35334 5.59547e-07
3.35953 5.529e-07
3.36574 5.47411e-07
3.37195 5.40615e-07
3.37818 5.35908e-07
3.38442 5.27908e-07
3.39067 5.2444e-07
3.39693 5.16074e-07
3.4032 5.12882e-07
3.40949 5.04543e-07
3.41578 5.01266e-07
3.42209 4.93073e-07
3.42841 4.89733e-07
3.43474 4.81638e-07
3.44108 4.7831e-07
3.44744 4.70356e-07
3.4538 4.67149e-07
3.46018 4.59827e-07
3.46657 4.56692e-07
3.47297 4.5005e-07
3.47939 4.46793e-07
3.48581 4.40176e-07
3.49225 4.36859e-07
3.4987 4.30309e-07
3.50516 4.26877e-07
3.51163 4.20439e-07
3.51811 4.16883e-07
3.52461 4.10548e-07
3.53112 4.06908e-07
3.53764 4.00737e-07
3.54417 3.97048e-07
3.55072 3.91083e-07
3.55727 3.87477e-07
3.56384 3.82095e-07
3.57042 3.78574e-07
3.57702 3.73685e-07
3.58362 3.69992e-07
3.59024 3.65284e-07
3.59687 3.61373e-07
3.60351 3.56824e-07
3.61017 3.52708e-07
3.61683 3.4838e-07
3.62351 3.4398e-07
3.6302 3.39935e-07
3.63691 3.352e-07
3.64362 3.31551e-07
3.65035 3.26347e-07
3.65709 3.23349e-07
3.66384 3.1762e-07
3.67061 3.1568e-07
3.67739 3.10527e-07
3.68418 3.08526e-07
3.69098 3.03378e-07
3.6978 3.01334e-07
3.70463 2.96209e-07
3.71147 2.94137e-07
3.71832 2.89051e-07
3.72519 2.86917e-07
3.73207 2.81887e-07
3.73896 2.79699e-07
3.74586 2.74769e-07
3.75278 2.72575e-07
3.75971 2.67749e-07
3.76665 2.65614e-07
3.77361 2.6117e-07
3.78058 2.5912e-07
3.78756 2.55162e-07
3.79455 2.53032e-07
3.80156 2.49127e-07
3.80858 2.46918e-07
3.81561 2.43071e-07
3.82266 2.40791e-07
3.82972 2.37006e-07
3.83679 2.34636e-07
3.84387 2.30942e-07
3.85097 2.28529e-07
3.85808 2.24931e-07
3.86521 2.22419e-07
3.87234 2.19015e-07
3.87949 2.16542e-07
3.88666 2.13496e-07
3.89384 2.11115e-07
3.90103 2.08408e-07
3.90823 2.05876e-07
3.91545 2.03314e-07
3.92268 2.00565e-07
3.92992 1.98212e-07
3.93718 1.95201e-07
3.94445 1.93085e-07
3.95173 1.89567e-07
3.95903 1.87984e-07
3.96634 1.84221e-07
3.97366 1.82916e-07
3.981 1.79214e-07
3.98835 1.77956e-07
3.99572 1.74517e-07
4.0031 1.73326e-07
4.01049 1.70287e-07
4.01789 1.69053e-07
4.02531 1.66048e-07
4.03275 1.64776e-07
4.04019 1.61792e-07
4.04765 1.60485e-07
4.05513 1.57536e-07
4.06262 1.56183e-07
4.07012 1.53276e-07
4.07763 1.51893e-07
4.08516 1.49036e-07
4.09271 1.47655e-07
4.10027 1.44873e-07
4.10784 1.43521e-07
4.11542 1.40962e-07
4.12302 1.39679e-07
4.13064 1.37449e-07
4.13826 1.36126e-07
4.14591 1.3394e-07
4.15356 1.3254e-07
4.16123 1.30404e-07
4.16892 1.2894e-07
4.17661 1.26864e-07
4.18433 1.25338e-07
4.19205 1.23328e-07
4.19979 1.21731e-07
4.20755 1.1981e-07
4.21532 1.18133e-07
4.2231 1.16373e-07
4.2309 1.14679e-07
4.23871 1.13135e-07
4.24654 1.1151e-07
4.25438 1.10223e-07
4.26224 1.08405e-07
4.27011 1.07304e-07
4.278 1.05131e-07
4.2859 1.04371e-07
4.29381 1.02213e-07
4.30174 1.01433e-07
4.30968 9.92969e-08
4.31764 9.8508e-08
4.32561 9.63945e-08
4.3336 9.56011e-08
4.3416 9.35225e-08
4.34962 9.27604e-08
4.35765 9.08194e-08
4.3657 9.01157e-08
4.37376 8.84542e-08
4.38184 8.77243e-08
4.38993 8.60734e-08
4.39804 8.53098e-08
4.40616 8.36882e-08
4.41429 8.28967e-08
4.42245 8.12848e-08
4.43061 8.04763e-08
4.43879 7.88963e-08
4.44699 7.80603e-08
4.4552 7.65138e-08
4.46343 7.56601e-08
4.47167 7.41712e-08
4.47993 7.33365e-08
4.4882 7.19616e-08
4.49649 7.11911e-08
4.50479 7.00219e-08
4.51311 6.9215e-08
4.52144 6.80806e-08
4.52979 6.72159e-08
4.53816 6.61238e-08
4.54654 6.52113e-08
4.55493 6.41602e-08
4.56335 6.31929e-08
4.57177 6.22107e-08
4.58021 6.11651e-08
4.58867 6.02647e-08
4.59715 5.91336e-08
4.60564 5.83601e-08
4.61414 5.71041e-08
4.62266 5.65714e-08
4.6312 5.54017e-08
4.63975 5.49973e-08
4.64832 5.38289e-08
4.6569 5.3418e-08
4.6655 5.22547e-08
4.67411 5.18297e-08
4.68275 5.06751e-08
4.69139 5.024e-08
4.70006 4.90942e-08
4.70874 4.86458e-08
4.71743 4.75222e-08
4.72614 4.70728e-08
4.73487 4.59726e-08
4.74361 4.55281e-08
4.75237 4.45e-08
4.76115 4.41061e-08
4.76994 4.32461e-08
4.77875 4.28332e-08
4.78757 4.19856e-08
4.79641 4.15552e-08
4.80527 4.07215e-08
4.81414 4.02748e-08
4.82303 3.94496e-08
4.83194 3.89833e-08
4.84086 3.81849e-08
4.8498 3.77009e-08
4.85876 3.6921e-08
4.86773 3.64236e-08
4.87672 3.56821e-08
4.88572 3.51763e-08
4.89475 3.45042e-08
4.90378 3.40584e-08
4.91284 3.35015e-08
4.92191 3.30202e-08
4.931 3.24929e-08
4.94011 3.19772e-08
4.94923 3.14789e-08
4.95837 3.09165e-08
4.96752 3.04645e-08
4.9767 2.98326e-08
4.98589 2.94497e-08
4.99509 2.86792e-08
5.00432 2.84413e-08
5.01356 2.76831e-08
5.02282 2.74512e-08
5.03209 2.67306e-08
5.04138 2.65254e-08
5.05069 2.59424e-08
5.06002 2.57272e-08
5.06936 2.51493e-08
5.07873 2.49268e-08
5.0881 2.43516e-08
5.0975 2.41256e-08
5.10691 2.35537e-08
5.11634 2.33187e-08
5.12579 2.27552e-08
5.13526 2.25144e-08
5.14474 2.19614e-08
5.15424 2.17145e-08
5.16376 2.11744e-08
5.17329 2.09322e-08
5.18285 2.04256e-08
5.19242 2.02129e-08
5.202 1.98052e-08
5.21161 1.95825e-08
5.22123 1.91797e-08
5.23088 1.89452e-08
5.24054 1.85521e-08
5.25021 1.83078e-08
5.25991 1.79202e-08
5.26962 1.76632e-08
5.27935 1.72927e-08
5.2891 1.70225e-08
5.29887 1.66653e-08
5.30865 1.63832e-08
5.31846 1.60504e-08
5.32828 1.57569e-08
5.33812 1.54641e-08
5.34797 1.5208e-08
5.35785 1.49795e-08
5.36774 1.46963e-08
5.37765 1.44929e-08
5.38758 1.41662e-08
5.39753 1.4003e-08
5.4075 1.3631e-08
5.41749 1.35118e-08
5.42749 1.31428e-08
5.43751 1.30219e-08
5.44755 1.26552e-08
5.45761 1.25344e-08
5.46769 1.21744e-08
5.47779 1.20551e-08
5.4879 1.1709e-08
5.49804 1.16078e-08
5.50819 1.13375e-08
5.51836 1.12312e-08
5.52855 1.0964e-08
5.53876 1.08537e-08
5.54899 1.05887e-08
5.55923 1.0474e-08
5.5695 1.02124e-08
5.57979 1.00927e-08
5.59009 9.83524e-09
5.60041 9.71207e-09
5.61075 9.46006e-09
5.62111 9.33404e-09
5.63149 9.08957e-09
5.64189 8.96319e-09
5.65231 8.73355e-09
5.66275 8.62614e-09
5.67321 8.44774e-09
5.68368 8.33395e-09
5.69418 8.16067e-09
5.70469 8.04054e-09
5.71523 7.87235e-09
5.72578 7.74425e-09
5.73635 7.58295e-09
5.74695 7.44705e-09
5.75756 7.29326e-09
5.76819 7.14638e-09
5.77884 7.00579e-09
5.78951 6.84773e-09
5.8002 6.72209e-09
5.81092 6.54836e-09
5.82165 6.4528e-09
5.8324 6.28378e-09
5.84317 6.23371e-09
5.85396 6.06711e-09
5.86477 6.01547e-09
5.8756 5.8496e-09
5.88645 5.79556e-09
5.89732 5.63086e-09
5.90821 5.57546e-09
5.91912 5.41227e-09
5.93005 5.35529e-09
5.941 5.19383e-09
5.95197 5.13589e-09
5.96296 4.97779e-09
5.97397 4.92117e-09
5.985 4.7692e-09
5.99605 4.72098e-09
6.00713 4.60426e-09
6.01822 4.55407e-09
6.02933 4.44097e-09
6.04047 4.38946e-09
6.05162 4.2766e-09
6.06279 4.22212e-09
6.07399 4.11188e-09
6.08521 4.05491e-09
6.09644 3.9472e-09
6.1077 3.88794e-09
6.11898 3.78245e-09
6.13028 3.72107e-09
6.1416 3.62046e-09
6.15294 3.5578e-09
6.1643 3.46474e-09
6.17569 3.41163e-09
6.18709 3.33977e-09
6.19851 3.28469e-09
6.20996 3.21795e-09
6.22143 3.15844e-09
6.23292 3.09467e-09
6.24443 3.02998e-09
6.25596 2.97126e-09
6.26751 2.89944e-09
6.27908 2.84758e-09
6.29068 2.76562e-09
6.30229 2.72497e-09
6.31393 2.6293e-09
6.32559 2.60388e-09
6.33727 2.51125e-09
6.34897 2.48974e-09
6.3607 2.41861e-09
6.37244 2.39708e-09
6.38421 2.32916e-09
6.396 2.30625e-09
6.40781 2.23908e-09
6.41964 2.21552e-09
6.4315 2.14872e-09
6.44338 2.12428e-09
6.45527 2.05778e-09
6.46719 2.03254e-09
6.47914 1.96739e-09
6.4911 1.9415e-09
6.50309 1.87806e-09
6.5151 1.85262e-09
6.52713 1.79193e-09
6.53918 1.77037e-09
6.55126 1.72356e-09
6.56335 1.70202e-09
6.57547 1.65812e-09
6.58761 1.63506e-09
6.59978 1.59195e-09
6.61197 1.56793e-09
6.62418 1.52571e-09
6.63641 1.5003e-09
6.64866 1.45933e-09
6.66094 1.43219e-09
6.67324 1.39324e-09
6.68556 1.36491e-09
6.69791 1.32789e-09
6.71028 1.29843e-09
6.72267 1.26569e-09
6.73508 1.2405e-09
6.74752 1.21575e-09
6.75998 1.18981e-09
6.77246 1.1681e-09
6.78497 1.13877e-09
6.7975 1.12003e-09
6.81005 1.08218e-09
6.82263 1.07181e-09
6.83522 1.03415e-09
6.84785 1.02361e-09
6.86049 9.86279e-10
6.87316 9.75466e-10
6.88585 9.38845e-10
6.89857 9.28175e-10
6.91131 8.92761e-10
6.92407 8.83907e-10
6.93686 8.56552e-10
6.94967 8.4781e-10
6.9625 8.22508e-10
6.97536 8.13309e-10
6.98824 7.88237e-10
7.00114 7.78573e-10
7.01407 7.53831e-10
7.02702 7.43864e-10
7.04 7.19375e-10
7.053 7.08968e-10
7.06602 6.84945e-10
7.07907 6.74225e-10
7.09214 6.50804e-10
7.10524 6.40074e-10
7.11836 6.18045e-10
7.1315 6.0895e-10
7.14467 5.92038e-10
7.15787 5.83111e-10
7.17108 5.67952e-10
7.18433 5.58351e-10
7.19759 5.43561e-10
7.21088 5.33491e-10
7.2242 5.19192e-10
7.23754 5.08295e-10
7.2509 4.94648e-10
7.26429 4.8292e-10
7.27771 4.7014e-10
7.29115 4.57652e-10
7.30461 4.46102e-10
7.3181 4.32398e-10
7.33161 4.23154e-10
7.34515 4.10735e-10
7.35872 4.0478e-10
7.3723 3.91367e-10
7.38592 3.87753e-10
7.39956 3.74355e-10
7.41322 3.70615e-10
7.42691 3.5726e-10
7.44062 3.53389e-10
7.45436 3.40121e-10
7.46813 3.36138e-10
7.48192 3.22995e-10
7.49574 3.18882e-10
7.50958 3.0604e-10
7.52345 3.0197e-10
7.53734 2.89586e-10
7.55126 2.86146e-10
7.5652 2.76591e-10
7.57917 2.7336e-10
7.59317 2.64851e-10
7.60719 2.61432e-10
7.62124 2.53035e-10
7.63531 2.49408e-10
7.64941 2.41119e-10
7.66353 2.37337e-10
7.67769 2.29213e-10
7.69186 2.25242e-10
7.70607 2.17295e-10
7.7203 2.13118e-10
7.73455 2.05489e-10
7.74884 2.01233e-10
7.76315 1.94166e-10
7.77748 1.90591e-10
7.79184 1.85146e-10
7.80623 1.81719e-10
7.82065 1.77062e-10
7.83509 1.73372e-10
7.84956 1.68934e-10
7.86405 1.64892e-10
7.87857 1.60748e-10
7.89312 1.5631e-10
7.9077 1.52526e-10
7.9223 1.47518e-10
7.93693 1.44316e-10
7.95158 1.38164e-10
7.96627 1.36254e-10
7.98098 1.29831e-10
7.99572 1.2858e-10
8.01048 1.23581e-10
8.02527 1.22416e-10
8.04009 1.18116e-10
8.05494 1.16884e-10
8.06981 1.12611e-10
8.08472 1.11326e-10
8.09965 1.07078e-10
8.1146 1.05735e-10
8.12959 1.01514e-10
8.1446 1.00104e-10
8.15964 9.59607e-11
8.17471 9.45224e-11
8.1898 9.04313e-11
8.20492 8.89956e-11
8.22008 8.50929e-11
8.23526 8.38788e-11
8.25046 8.08541e-11
8.2657 7.97367e-11
8.28096 7.71772e-11
8.29625 7.59966e-11
8.31157 7.34796e-11
8.32692 7.22294e-11
8.3423 6.97605e-11
8.3577 6.84281e-11
8.37314 6.60207e-11
8.3886 6.4605e-11
8.40409 6.22755e-11
8.41961 6.07969e-11
8.43516 5.85847e-11
8.45073 5.70336e-11
8.46634 5.50317e-11
8.48197 5.36885e-11
8.49763 5.22057e-11
8.51333 5.09511e-11
8.52905 4.97698e-11
8.5448 4.83656e-11
8.56057 4.73146e-11
8.57638 4.56876e-11
8.59222 4.48467e-11
8.60809 4.28459e-11
8.62398 4.23639e-11
8.63991 4.03812e-11
8.65586 3.98864e-11
8.67185 3.79279e-11
8.68786 3.74385e-11
8.7039 3.55332e-11
8.71997 3.51302e-11
8.73608 3.3629e-11
8.75221 3.32698e-11
8.76837 3.20423e-11
8.78456 3.1659e-11
8.80078 3.0444e-11
8.81704 3.00416e-11
8.83332 2.88335e-11
8.84963 2.8408e-11
8.86597 2.72118e-11
8.88234 2.67659e-11
8.89874 2.55916e-11
8.91518 2.51271e-11
8.93164 2.39832e-11
8.94813 2.35114e-11
8.96466 2.24239e-11
8.98121 2.20271e-11
8.9978 2.11796e-11
9.01441 2.08355e-11
9.03106 2.01548e-11
9.04773 1.97861e-11
9.06444 1.91239e-11
9.08118 1.87273e-11
9.09795 1.8084e-11
9.11475 1.76528e-11
9.13158 1.70414e-11
9.14844 1.65751e-11
9.16534 1.5994e-11
9.18226 1.54902e-11
9.19922 1.49577e-11
9.2162 1.44079e-11
9.23322 1.3967e-11
9.25027 1.34666e-11
9.26736 1.31681e-11
9.28447 1.26861e-11
9.30161 1.25135e-11
9.31879 1.19775e-11
9.336 1.18529e-11
9.35324 1.13179e-11
9.37051 1.11872e-11
9.38781 1.06552e-11
9.40515 1.05188e-11
9.42252 9.98899e-12
9.43992 9.84742e-12
9.45735 9.32785e-12
9.47481 9.18606e-12
9.49231 8.68244e-12
9.50984 8.56303e-12
9.5274 8.16188e-12
9.54499 8.06097e-12
9.56262 7.75273e-12
9.58027 7.6449e-12
9.59797 7.33946e-12
9.61569 7.22676e-12
9.63345 6.92367e-12
9.65123 6.80377e-12
9.66906 6.50561e-12
9.68691 6.37657e-12
9.7048 6.08553e-12
9.72272 5.95192e-12
9.74067 5.6696e-12
9.75866 5.52999e-12
9.77668 5.2652e-12
9.79474 5.14438e-12
9.81282 4.93849e-12
9.83094 4.83835e-12
9.8491 4.6833e-12
9.86728 4.5743e-12
9.88551 4.42645e-12
9.90376 4.30734e-12
9.92205 4.16717e-12
9.94037 4.03456e-12
9.95873 3.90594e-12
9.97712 3.75739e-12
9.99554 3.64439e-12
10.014 3.47403e-12
10.0325 3.38518e-12
10.051 3.17234e-12
10.0696 3.13762e-12
10.0882 2.96478e-12
10.1068 2.93619e-12
10.1255 2.81064e-12
10.1442 2.78043e-12
10.1629 2.65498e-12
10.1817 2.62306e-12
10.2005 2.49777e-12
10.2193 2.46436e-12
10.2382 2.33979e-12
10.2571 2.3049e-12
10.276 2.18144e-12
10.295 2.14481e-12
10.314 2.02349e-12
10.333 1.98664e-12
10.3521 1.86937e-12
10.3712 1.83738e-12
10.3904 1.74285e-12
10.4096 1.71782e-12
10.4288 1.65014e-12
10.4481 1.62316e-12
10.4674 1.55649e-12
10.4867 1.52778e-12
10.5061 1.46189e-12
10.5255 1.43096e-12
10.5449 1.36674e-12
10.5644 1.33343e-12
10.5839 1.27115e-12
10.6034 1.23581e-12
10.623 1.17635e-12
10.6426 1.13862e-12
10.6623 1.0841e-12
10.682 1.05037e-12
10.7017 1.00846e-12
10.7214 9.81993e-13
10.7412 9.53308e-13
10.7611 9.23521e-13
10.7809 8.97457e-13
10.8008 8.63463e-13
10.8208 8.41214e-13
10.8408 8.00091e-13
10.8608 7.84489e-13
10.8809 7.37329e-13
10.9009 7.27643e-13
10.9211 6.80873e-13
10.9412 6.71208e-13
10.9614 6.25451e-13
10.9817 6.17102e-13
11.002 5.7927e-13
11.0223 5.73072e-13
11.0426 5.47313e-13
11.063 5.40555e-13
11.0835 5.14985e-13
11.1039 5.07884e-13
11.1244 4.82385e-13
11.145 4.74913e-13
11.1655 4.4959e-13
11.1862 4.41595e-13
11.2068 4.16625e-13
11.2275 4.08154e-13
11.2483 3.83646e-13
11.269 3.74983e-13
11.2898 3.51473e-13
11.3107 3.43813e-13
11.3316 3.24513e-13
11.3525 3.18883e-13
11.3735 3.06162e-13
11.3945 3.00094e-13
11.4155 2.87609e-13
11.4366 2.81004e-13
11.4577 2.68859e-13
11.4789 2.61719e-13
11.5001 2.49942e-13
11.5213 2.42175e-13
11.5426 2.31008e-13
11.5639 2.22414e-13
11.5852 2.12097e-13
11.6066 2.0282e-13
11.6281 1.93728e-13
11.6495 1.84854e-13
11.671 1.78498e-13
11.6926 1.71708e-13
11.7142 1.68114e-13
11.7358 1.59275e-13
11.7575 1.57622e-13
11.7792 1.48795e-13
11.801 1.47031e-13
11.8227 1.38239e-13
11.8446 1.36381e-13
11.8664 1.27616e-13
11.8884 1.25677e-13
11.9103 1.16997e-13
11.9323 1.14976e-13
11.9543 1.06531e-13
11.9764 1.0476e-13
11.9985 9.75921e-14
12.0207 9.63717e-14
12.0429 9.18964e-14
12.0651 9.05996e-14
12.0874 8.61479e-14
12.1097 8.47389e-14
12.1321 8.03247e-14
12.1545 7.88227e-14
12.1769 7.44744e-14
12.1994 7.28657e-14
12.2219 6.85877e-14
12.2445 6.68808e-14
12.2671 6.26934e-14
12.2898 6.08944e-14
12.3125 5.69253e-14
12.3352 5.52883e-14
12.358 5.19907e-14
12.3808 5.08944e-14
12.4037 4.88817e-14
12.4266 4.76616e-14
12.4495 4.57296e-14
12.4725 4.43873e-14
12.4955 4.25592e-14
12.5186 4.10535e-14
12.5417 3.93495e-14
12.5649 3.76596e-14
12.5881 3.6124e-14
12.6113 3.41892e-14
12.6346 3.29049e-14
12.658 3.0598e-14
12.6813 2.97681e-14
12.7048 2.73708e-14
12.7282 2.71206e-14
12.7517 2.57181e-14
12.7753 2.54499e-14
12.7989 2.40466e-14
12.8225 2.37599e-14
12.8462 2.23601e-14
12.8699 2.20527e-14
12.8937 2.06582e-14
12.9175 2.03341e-14
12.9413 1.89463e-14
12.9652 1.85973e-14
12.9892 1.72266e-14
13.0131 1.68715e-14
13.0372 1.5532e-14
13.0612 1.52031e-14
13.0854 1.40439e-14
13.1095 1.38362e-14
13.1337 1.31755e-14
13.158 1.2952e-14
13.1823 1.22991e-14
13.2066 1.20572e-14
13.231 1.14143e-14
13.2555 1.11526e-14
13.2799 1.05192e-14
13.3045 1.02352e-14
13.329 9.62041e-15
13.3536 9.31206e-15
13.3783 8.71884e-15
13.403 8.3914e-15
13.4277 7.83407e-15
13.4525 7.51475e-15
13.4774 7.05912e-15
13.5023 6.86297e-15
13.5272 6.60999e-15
13.5522 6.39048e-15
13.5772 6.15732e-15
13.6023 5.9041e-15
13.6274 5.69891e-15
13.6526 5.39844e-15
13.6778 5.23617e-15
13.703 4.8356e-15
13.7283 4.77036e-15
13.7537 4.37168e-15
13.7791 4.3046e-15
13.8045 3.91122e-15
13.83 3.84888e-15
13.8556 3.49467e-15
13.8811 3.45871e-15
13.9068 3.27193e-15
13.9325 3.23328e-15
13.9582 3.04659e-15
13.984 3.00416e-15
14.0098 2.81916e-15
14.0357 2.77368e-15
14.0616 2.58902e-15
14.0875 2.54014e-15
14.1136 2.35768e-15
14.1396 2.30488e-15
14.1657 2.12537e-15
14.1919 2.07107e-15
14.2181 1.89486e-15
14.2443 1.84294e-15
14.2706 1.6863e-15
14.297 1.65627e-15
14.3234 1.57568e-15
14.3499 1.543e-15
14.3763 1.46352e-15
14.4029 1.42767e-15
14.4295 1.3505e-15
14.4561 1.31103e-15
14.4828 1.23607e-15
14.5096 1.19318e-15
14.5364 1.12074e-15
14.5632 1.07354e-15
14.5901 1.00545e-15
14.617 9.52952e-16
14.644 8.91152e-16
14.6711 8.36413e-16
14.6982 7.88841e-16
14.7253 7.57041e-16
14.7525 7.35274e-16
14.7797 6.96539e-16
14.807 6.80947e-16
14.8344 6.33364e-16
14.8618 6.26063e-16
14.8892 5.78512e-16
14.9167 5.70621e-16
14.9443 5.23152e-16
14.9719 5.14756e-16
14.9995 4.67546e-16
15.0272 4.58514e-16
15.055 4.12129e-16
15.0828 4.03463e-16
15.1106 3.60115e-16
15.1385 3.55686e-16
15.1665 3.34922e-16
15.1945 3.30035e-16
15.2225 3.09418e-16
15.2506 3.04213e-16
15.2788 2.83676e-16
15.307 2.78016e-16
15.3353 2.57695e-16
15.3636 2.5151e-16
15.392 2.31428e-16
15.4204 2.24801e-16
15.4489 2.051e-16
15.4774 1.9789e-16
15.506 1.78885e-16
15.5346 1.71776e-16
15.5633 1.54702e-16
15.592 1.51862e-16
15.6208 1.45665e-16
15.6497 1.42523e-16
15.6786 1.36518e-16
15.7075 1.32967e-16
15.7365 1.27183e-16
15.7656 1.23179e-16
15.7947 1.17631e-16
15.8239 1.12871e-16
15.8531 1.07589e-16
15.8824 1.01753e-16
15.9117 9.61755e-17
15.9411 8.73128e-17
15.9705 7.56796e-17
16 0
