# 1:pT 2:PhotonSpectrum=dN/d^2xT d^2pT dy
0.01 10.44
0.0100185 10.4247
0.010037 10.3976
0.0100555 10.3816
0.0100741 10.3542
0.0100927 10.3376
0.0101113 10.3103
0.01013 10.293
0.0101487 10.2655
0.0101674 10.2474
0.0101862 10.2194
0.010205 10.2006
0.0102239 10.1723
0.0102427 10.1528
0.0102617 10.1237
0.0102806 10.1029
0.0102996 10.0728
0.0103186 10.0499
0.0103377 10.0154
0.0103567 9.9923
0.0103759 9.95779
0.010395 9.93427
0.0104142 9.90006
0.0104335 9.87557
0.0104527 9.8419
0.010472 9.81734
0.0104914 9.78404
0.0105107 9.75888
0.0105301 9.72646
0.0105496 9.70038
0.0105691 9.66848
0.0105886 9.64228
0.0106081 9.61162
0.0106277 9.58548
0.0106474 9.55649
0.010667 9.5292
0.0106867 9.50122
0.0107065 9.47316
0.0107262 9.44609
0.010746 9.41631
0.0107659 9.39058
0.0107858 9.35871
0.0108057 9.33525
0.0108256 9.29949
0.0108456 9.27974
0.0108656 9.24451
0.0108857 9.22475
0.0109058 9.18945
0.0109259 9.17019
0.0109461 9.13713
0.0109663 9.11726
0.0109866 9.08459
0.0110069 9.06445
0.0110272 9.03179
0.0110476 9.01146
0.011068 8.97905
0.0110884 8.95858
0.0111089 8.92616
0.0111294 8.90537
0.0111499 8.87316
0.0111705 8.85225
0.0111912 8.82052
0.0112118 8.79936
0.0112325 8.76851
0.0112533 8.74758
0.0112741 8.71827
0.0112949 8.69679
0.0113157 8.66776
0.0113366 8.64598
0.0113576 8.61754
0.0113785 8.59519
0.0113995 8.56718
0.0114206 8.5443
0.0114417 8.51632
0.0114628 8.49292
0.011484 8.46608
0.0115052 8.44198
0.0115264 8.41574
0.0115477 8.39093
0.011569 8.36627
0.0115904 8.34114
0.0116118 8.3181
0.0116332 8.29158
0.0116547 8.26992
0.0116762 8.24006
0.0116978 8.22192
0.0117194 8.19079
0.0117411 8.1735
0.0117627 8.14255
0.0117845 8.1252
0.0118062 8.09433
0.011828 8.07674
0.0118499 8.04651
0.0118717 8.02864
0.0118937 7.99859
0.0119156 7.98096
0.0119376 7.95262
0.0119597 7.93483
0.0119818 7.90701
0.0120039 7.8888
0.0120261 7.86084
0.0120483 7.84257
0.0120705 7.81471
0.0120928 7.79627
0.0121151 7.76865
0.0121375 7.74988
0.0121599 7.72255
0.0121824 7.70322
0.0122049 7.67645
0.0122274 7.65725
0.01225 7.63126
0.0122726 7.61189
0.0122953 7.58727
0.012318 7.56744
0.0123407 7.54338
0.0123635 7.52318
0.0123863 7.4994
0.0124092 7.47872
0.0124321 7.45536
0.0124551 7.43377
0.0124781 7.41151
0.0125011 7.38915
0.0125242 7.36748
0.0125473 7.34387
0.0125705 7.32356
0.0125937 7.29852
0.012617 7.2804
0.0126403 7.25314
0.0126636 7.23823
0.012687 7.21152
0.0127104 7.19629
0.0127339 7.16967
0.0127574 7.15407
0.012781 7.12769
0.0128046 7.11193
0.0128282 7.08566
0.0128519 7.06979
0.0128756 7.04362
0.0128994 7.02753
0.0129232 7.00179
0.0129471 6.98579
0.012971 6.96037
0.012995 6.94438
0.0130189 6.92003
0.013043 6.90392
0.0130671 6.88009
0.0130912 6.86382
0.0131154 6.84015
0.0131396 6.82342
0.0131639 6.80017
0.0131882 6.78299
0.0132125 6.75974
0.0132369 6.74277
0.0132614 6.71971
0.0132859 6.7023
0.0133104 6.67988
0.013335 6.66202
0.0133596 6.64006
0.0133843 6.62223
0.013409 6.60165
0.0134337 6.58351
0.0134585 6.56339
0.0134834 6.54448
0.0135083 6.52512
0.0135332 6.50524
0.0135582 6.48681
0.0135833 6.46563
0.0136083 6.44828
0.0136335 6.42491
0.0136587 6.40991
0.0136839 6.38516
0.0137091 6.3716
0.0137345 6.347
0.0137598 6.33363
0.0137852 6.31015
0.0138107 6.29672
0.0138362 6.27385
0.0138617 6.25998
0.0138873 6.23707
0.013913 6.22306
0.0139387 6.20042
0.0139644 6.18628
0.0139902 6.16382
0.014016 6.14933
0.0140419 6.12706
0.0140678 6.11272
0.0140938 6.09032
0.0141198 6.07599
0.0141459 6.05416
0.014172 6.03992
0.0141982 6.01914
0.0142244 6.00457
0.0142507 5.98429
0.014277 5.96965
0.0143034 5.94974
0.0143298 5.93455
0.0143563 5.9149
0.0143828 5.89926
0.0144093 5.8801
0.0144359 5.86396
0.0144626 5.845
0.0144893 5.82869
0.0145161 5.81032
0.0145429 5.79348
0.0145697 5.77587
0.0145966 5.75888
0.0146236 5.74235
0.0146506 5.72468
0.0146776 5.70916
0.0147047 5.6903
0.0147319 5.67582
0.0147591 5.6543
0.0147863 5.64252
0.0148136 5.62105
0.014841 5.60901
0.0148684 5.5877
0.0148959 5.57551
0.0149234 5.55454
0.0149509 5.54217
0.0149785 5.52145
0.0150062 5.50922
0.0150339 5.48922
0.0150617 5.4771
0.0150895 5.45758
0.0151173 5.44526
0.0151453 5.42584
0.0151732 5.41325
0.0152012 5.39399
0.0152293 5.38112
0.0152574 5.3619
0.0152856 5.34905
0.0153138 5.3301
0.0153421 5.31703
0.0153705 5.29845
0.0153988 5.28507
0.0154273 5.26676
0.0154558 5.25357
0.0154843 5.23596
0.0155129 5.22267
0.0155415 5.20565
0.0155702 5.19197
0.015599 5.17521
0.0156278 5.16118
0.0156567 5.14469
0.0156856 5.13023
0.0157145 5.11421
0.0157435 5.09916
0.0157726 5.0838
0.0158017 5.06795
0.0158309 5.05341
0.0158602 5.03682
0.0158894 5.02336
0.0159188 5.00565
0.0159482 4.99411
0.0159776 4.97555
0.0160071 4.96511
0.0160367 4.94658
0.0160663 4.9361
0.016096 4.9176
0.0161257 4.90702
0.0161555 4.88879
0.0161853 4.87781
0.0162152 4.85969
0.0162451 4.84865
0.0162751 4.83062
0.0163052 4.81959
0.0163353 4.80184
0.0163655 4.79081
0.0163957 4.77377
0.016426 4.76288
0.0164563 4.74612
0.0164867 4.73499
0.0165171 4.71835
0.0165476 4.70706
0.0165782 4.69064
0.0166088 4.67915
0.0166395 4.66278
0.0166702 4.65111
0.016701 4.63516
0.0167318 4.62309
0.0167627 4.60744
0.0167937 4.59509
0.0168247 4.57993
0.0168558 4.56764
0.0168869 4.55292
0.0169181 4.54062
0.0169493 4.52655
0.0169806 4.51367
0.017012 4.50006
0.0170434 4.4867
0.0170748 4.47355
0.0171064 4.45951
0.017138 4.44706
0.0171696 4.43197
0.0172013 4.42047
0.0172331 4.40323
0.0172649 4.39402
0.0172968 4.37696
0.0173287 4.36775
0.0173607 4.35127
0.0173928 4.342
0.0174249 4.32614
0.0174571 4.31674
0.0174893 4.30092
0.0175216 4.29125
0.017554 4.27558
0.0175864 4.26586
0.0176189 4.25023
0.0176514 4.24046
0.017684 4.22488
0.0177166 4.21492
0.0177494 4.19958
0.0177821 4.18954
0.017815 4.17434
0.0178479 4.16447
0.0178808 4.14986
0.0179138 4.14004
0.0179469 4.12595
0.0179801 4.11575
0.0180133 4.10174
0.0180465 4.09148
0.0180799 4.07767
0.0181132 4.0671
0.0181467 4.05352
0.0181802 4.0426
0.0182138 4.02923
0.0182474 4.01813
0.0182811 4.00507
0.0183149 3.99379
0.0183487 3.98126
0.0183826 3.96956
0.0184165 3.9578
0.0184505 3.94589
0.0184846 3.93482
0.0185187 3.92225
0.0185529 3.91169
0.0185872 3.8981
0.0186215 3.88864
0.0186559 3.87374
0.0186903 3.86544
0.0187248 3.85075
0.0187594 3.84235
0.0187941 3.8276
0.0188288 3.81926
0.0188635 3.80484
0.0188984 3.79635
0.0189333 3.78236
0.0189682 3.774
0.0190033 3.76042
0.0190384 3.75196
0.0190735 3.73849
0.0191087 3.72987
0.019144 3.71647
0.0191794 3.70784
0.0192148 3.69438
0.0192503 3.68559
0.0192858 3.67236
0.0193214 3.66348
0.0193571 3.65038
0.0193929 3.64134
0.0194287 3.62856
0.0194645 3.61943
0.0195005 3.60708
0.0195365 3.59799
0.0195726 3.58619
0.0196087 3.57675
0.0196449 3.56522
0.0196812 3.55564
0.0197175 3.54412
0.019754 3.53425
0.0197904 3.52308
0.019827 3.51288
0.0198636 3.50197
0.0199003 3.49146
0.019937 3.48103
0.0199738 3.46996
0.0200107 3.46022
0.0200477 3.44868
0.0200847 3.43971
0.0201218 3.42678
0.0201589 3.41976
0.0201962 3.40682
0.0202335 3.39968
0.0202708 3.38682
0.0203082 3.37943
0.0203457 3.36676
0.0203833 3.35931
0.020421 3.3467
0.0204587 3.33919
0.0204964 3.32662
0.0205343 3.31898
0.0205722 3.30665
0.0206102 3.29913
0.0206483 3.28708
0.0206864 3.27952
0.0207246 3.26799
0.0207629 3.26036
0.0208012 3.24878
0.0208396 3.24115
0.0208781 3.2296
0.0209166 3.22186
0.0209553 3.21045
0.020994 3.20233
0.0210327 3.19117
0.0210716 3.18306
0.0211105 3.172
0.0211495 3.1637
0.0211885 3.15296
0.0212277 3.14447
0.0212669 3.1342
0.0213061 3.12582
0.0213455 3.11603
0.0213849 3.10739
0.0214244 3.09776
0.0214639 3.08875
0.0215036 3.07943
0.0215433 3.07004
0.0215831 3.06112
0.0216229 3.05127
0.0216628 3.04281
0.0217028 3.03204
0.0217429 3.02455
0.0217831 3.01273
0.0218233 3.00634
0.0218636 2.99489
0.021904 2.98856
0.0219444 2.97744
0.0219849 2.97112
0.0220255 2.96015
0.0220662 2.95351
0.022107 2.9427
0.0221478 2.93604
0.0221887 2.92518
0.0222297 2.91848
0.0222707 2.90772
0.0223118 2.90088
0.022353 2.89019
0.0223943 2.88345
0.0224357 2.87279
0.0224771 2.86606
0.0225186 2.85573
0.0225602 2.84897
0.0226018 2.83913
0.0226436 2.83226
0.0226854 2.82257
0.0227273 2.81544
0.0227692 2.8058
0.0228113 2.79857
0.0228534 2.78912
0.0228956 2.78167
0.0229379 2.77242
0.0229803 2.7648
0.0230227 2.75558
0.0230652 2.74786
0.0231078 2.73899
0.0231505 2.73117
0.0231932 2.72268
0.023236 2.71477
0.023279 2.70684
0.0233219 2.69849
0.023365 2.69093
0.0234082 2.68206
0.0234514 2.67494
0.0234947 2.66482
0.0235381 2.65905
0.0235815 2.64875
0.0236251 2.64307
0.0236687 2.63281
0.0237124 2.62709
0.0237562 2.61705
0.0238001 2.61131
0.023844 2.6015
0.0238881 2.59583
0.0239322 2.58638
0.0239764 2.58057
0.0240206 2.57124
0.024065 2.56539
0.0241094 2.55612
0.0241539 2.55011
0.0241985 2.54085
0.0242432 2.53482
0.024288 2.5256
0.0243329 2.51954
0.0243778 2.51041
0.0244228 2.50426
0.0244679 2.49524
0.0245131 2.48896
0.0245583 2.48025
0.0246037 2.47413
0.0246491 2.46588
0.0246946 2.45956
0.0247402 2.45145
0.0247859 2.4449
0.0248317 2.43686
0.0248776 2.43019
0.0249235 2.42235
0.0249695 2.41546
0.0250156 2.4078
0.0250618 2.40066
0.0251081 2.39325
0.0251545 2.38591
0.0252009 2.37887
0.0252475 2.3712
0.0252941 2.36462
0.0253408 2.3567
0.0253876 2.35086
0.0254345 2.34196
0.0254814 2.337
0.0255285 2.32817
0.0255756 2.32316
0.0256229 2.31426
0.0256702 2.30921
0.0257176 2.30046
0.0257651 2.2953
0.0258126 2.2866
0.0258603 2.2814
0.0259081 2.27281
0.0259559 2.26761
0.0260038 2.25919
0.0260518 2.25412
0.0261 2.24608
0.0261482 2.24088
0.0261964 2.23286
0.0262448 2.22759
0.0262933 2.21963
0.0263418 2.21426
0.0263905 2.2064
0.0264392 2.20093
0.026488 2.19317
0.0265369 2.18755
0.0265859 2.17987
0.026635 2.1742
0.0266842 2.1667
0.0267335 2.16099
0.0267829 2.15371
0.0268323 2.14802
0.0268819 2.14107
0.0269315 2.13526
0.0269812 2.12852
0.0270311 2.12246
0.027081 2.11583
0.027131 2.10954
0.0271811 2.1032
0.0272313 2.09659
0.0272816 2.09052
0.0273319 2.0835
0.0273824 2.07783
0.027433 2.06999
0.0274836 2.06528
0.0275344 2.05716
0.0275852 2.05286
0.0276362 2.0452
0.0276872 2.04087
0.0277383 2.0332
0.0277896 2.02881
0.0278409 2.02124
0.0278923 2.01671
0.0279438 2.00915
0.0279954 2.00456
0.0280471 1.99708
0.0280989 1.99249
0.0281508 1.9851
0.0282027 1.9804
0.0282548 1.97305
0.028307 1.96838
0.0283593 1.96114
0.0284116 1.95659
0.0284641 1.94974
0.0285167 1.94509
0.0285693 1.93829
0.0286221 1.93347
0.0286749 1.92677
0.0287279 1.92191
0.0287809 1.91532
0.0288341 1.91028
0.0288873 1.90381
0.0289407 1.89863
0.0289941 1.89228
0.0290477 1.88702
0.0291013 1.8808
0.029155 1.87548
0.0292089 1.86947
0.0292628 1.86415
0.0293168 1.85859
0.029371 1.85303
0.0294252 1.84764
0.0294796 1.84176
0.029534 1.83662
0.0295885 1.83035
0.0296432 1.82565
0.0296979 1.81849
0.0297527 1.81463
0.0298077 1.80754
0.0298627 1.80361
0.0299179 1.79659
0.0299731 1.79263
0.0300285 1.78575
0.0300839 1.78181
0.0301395 1.7753
0.0301951 1.77135
0.0302509 1.76486
0.0303068 1.76083
0.0303627 1.75441
0.0304188 1.75037
0.030475 1.74396
0.0305312 1.7398
0.0305876 1.73344
0.0306441 1.72924
0.0307007 1.72291
0.0307574 1.71869
0.0308142 1.71249
0.0308711 1.70821
0.0309281 1.70216
0.0309852 1.69789
0.0310424 1.69212
0.0310997 1.68788
0.0311572 1.68217
0.0312147 1.6778
0.0312723 1.67217
0.0313301 1.66767
0.0313879 1.6621
0.0314459 1.65749
0.031504 1.65209
0.0315621 1.64735
0.0316204 1.64209
0.0316788 1.63715
0.0317373 1.63212
0.0317959 1.627
0.0318546 1.6223
0.0319135 1.61705
0.0319724 1.61276
0.0320314 1.60697
0.0320906 1.60327
0.0321498 1.5971
0.0322092 1.59369
0.0322687 1.58753
0.0323283 1.58409
0.032388 1.57799
0.0324478 1.57451
0.0325077 1.56849
0.0325677 1.56492
0.0326279 1.55892
0.0326881 1.55536
0.0327485 1.54948
0.0328089 1.546
0.0328695 1.54042
0.0329302 1.53685
0.032991 1.53135
0.033052 1.52778
0.033113 1.52221
0.0331741 1.5186
0.0332354 1.51312
0.0332968 1.50943
0.0333583 1.50402
0.0334199 1.50024
0.0334816 1.49487
0.0335434 1.49106
0.0336053 1.48584
0.0336674 1.48195
0.0337296 1.47686
0.0337919 1.47298
0.0338543 1.46819
0.0339168 1.4642
0.0339794 1.45948
0.0340421 1.45542
0.034105 1.45081
0.034168 1.44659
0.0342311 1.44212
0.0342943 1.43771
0.0343576 1.43343
0.0344211 1.4288
0.0344846 1.42472
0.0345483 1.41977
0.0346121 1.41606
0.034676 1.41043
0.0347401 1.40751
0.0348042 1.40216
0.0348685 1.39919
0.0349329 1.39391
0.0349974 1.39089
0.035062 1.38567
0.0351267 1.38256
0.0351916 1.37736
0.0352566 1.37422
0.0353217 1.36904
0.0353869 1.3659
0.0354523 1.36075
0.0355177 1.35758
0.0355833 1.35248
0.035649 1.34927
0.0357149 1.34426
0.0357808 1.34107
0.0358469 1.33626
0.0359131 1.33309
0.0359794 1.32838
0.0360458 1.32514
0.0361124 1.3205
0.0361791 1.31714
0.0362459 1.31252
0.0363128 1.30912
0.0363799 1.30457
0.0364471 1.30109
0.0365144 1.29662
0.0365818 1.29307
0.0366493 1.28871
0.036717 1.28512
0.0367848 1.28088
0.0368527 1.27732
0.0369208 1.27331
0.036989 1.2696
0.0370573 1.2658
0.0371257 1.26191
0.0371943 1.25825
0.0372629 1.25413
0.0373318 1.25069
0.0374007 1.24615
0.0374698 1.24313
0.037539 1.23822
0.0376083 1.23554
0.0376777 1.23068
0.0377473 1.228
0.037817 1.22319
0.0378868 1.22056
0.0379568 1.21601
0.0380269 1.21331
0.0380971 1.20884
0.0381675 1.20611
0.0382379 1.20163
0.0383085 1.19888
0.0383793 1.19445
0.0384502 1.19162
0.0385212 1.18723
0.0385923 1.18441
0.0386636 1.18001
0.038735 1.17716
0.0388065 1.17281
0.0388781 1.16994
0.0389499 1.16569
0.0390219 1.16284
0.0390939 1.15877
0.0391661 1.15589
0.0392384 1.15195
0.0393109 1.14897
0.0393835 1.14509
0.0394562 1.14201
0.0395291 1.13821
0.0396021 1.13507
0.0396752 1.1313
0.0397485 1.12809
0.0398219 1.12441
0.0398954 1.1211
0.0399691 1.11755
0.0400429 1.11411
0.0401168 1.11076
0.0401909 1.10726
0.0402651 1.10417
0.0403395 1.10047
0.040414 1.0976
0.0404886 1.09334
0.0405633 1.09104
0.0406383 1.08679
0.0407133 1.08445
0.0407885 1.08022
0.0408638 1.07783
0.0409393 1.07366
0.0410149 1.07126
0.0410906 1.06712
0.0411665 1.06467
0.0412425 1.06061
0.0413186 1.0582
0.0413949 1.05431
0.0414714 1.05193
0.041548 1.0481
0.0416247 1.04565
0.0417016 1.04187
0.0417786 1.03937
0.0418557 1.0356
0.041933 1.0331
0.0420104 1.02935
0.042088 1.02681
0.0421657 1.02312
0.0422436 1.0205
0.0423216 1.01685
0.0423998 1.01425
0.042478 1.01069
0.0425565 1.00807
0.0426351 1.00467
0.0427138 1.00199
0.0427927 0.998699
0.0428717 0.99595
0.0429509 0.99271
0.0430302 0.989899
0.0431096 0.986748
0.0431892 0.983762
0.043269 0.980739
0.0433489 0.977646
0.0434289 0.974739
0.0435091 0.971487
0.0435895 0.968743
0.04367 0.965228
0.0437506 0.96284
0.0438314 0.959093
0.0439124 0.957041
0.0439934 0.953443
0.0440747 0.951367
0.0441561 0.947718
0.0442376 0.945631
0.0443193 0.942051
0.0444011 0.93989
0.0444831 0.93633
0.0445653 0.934172
0.0446476 0.930597
0.04473 0.928442
0.0448126 0.924913
0.0448954 0.922727
0.0449783 0.91925
0.0450613 0.917112
0.0451445 0.913747
0.0452279 0.911613
0.0453114 0.908359
0.0453951 0.906154
0.0454789 0.902927
0.0455629 0.900679
0.045647 0.897494
0.0457313 0.895186
0.0458158 0.892032
0.0459004 0.889696
0.0459851 0.886593
0.0460701 0.884197
0.0461551 0.881173
0.0462404 0.878719
0.0463257 0.875763
0.0464113 0.873322
0.046497 0.870521
0.0465829 0.868029
0.0466689 0.865343
0.0467551 0.862755
0.0468414 0.860175
0.0469279 0.857431
0.0470145 0.854989
0.0471014 0.852066
0.0471883 0.849768
0.0472755 0.846381
0.0473628 0.844583
0.0474502 0.841209
0.0475379 0.8394
0.0476256 0.836073
0.0477136 0.834241
0.0478017 0.831072
0.04789 0.829244
0.0479784 0.826167
0.048067 0.82431
0.0481558 0.821226
0.0482447 0.81933
0.0483338 0.816287
0.048423 0.814393
0.0485124 0.811339
0.048602 0.809397
0.0486918 0.806387
0.0487817 0.804442
0.0488718 0.801437
0.048962 0.799499
0.0490524 0.796528
0.049143 0.794611
0.0492338 0.791757
0.0493247 0.789791
0.0494158 0.787051
0.049507 0.785066
0.0495984 0.782347
0.04969 0.780297
0.0497818 0.777635
0.0498737 0.775507
0.0499658 0.772895
0.0500581 0.770734
0.0501505 0.768189
0.0502431 0.765963
0.0503359 0.763463
0.0504288 0.761158
0.050522 0.758778
0.0506153 0.756442
0.0507087 0.754218
0.0508024 0.751813
0.0508962 0.749735
0.0509902 0.747123
0.0510843 0.745237
0.0511786 0.742322
0.0512732 0.74071
0.0513678 0.73783
0.0514627 0.736203
0.0515577 0.733307
0.0516529 0.731686
0.0517483 0.728829
0.0518439 0.727165
0.0519396 0.724351
0.0520355 0.722701
0.0521316 0.719971
0.0522279 0.718335
0.0523243 0.715703
0.0524209 0.714025
0.0525177 0.711413
0.0526147 0.709729
0.0527119 0.7071
0.0528092 0.705401
0.0529067 0.702801
0.0530044 0.701058
0.0531023 0.698491
0.0532004 0.696737
0.0532986 0.694219
0.053397 0.692419
0.0534956 0.689936
0.0535944 0.688143
0.0536934 0.685782
0.0537925 0.68398
0.0538919 0.681722
0.0539914 0.67987
0.0540911 0.677605
0.054191 0.675709
0.054291 0.673517
0.0543913 0.671564
0.0544917 0.66942
0.0545924 0.667377
0.0546932 0.665328
0.0547942 0.663181
0.0548954 0.661239
0.0549967 0.658955
0.0550983 0.657159
0.0552 0.654635
0.055302 0.6532
0.0554041 0.650693
0.0555064 0.649298
0.0556089 0.646794
0.0557116 0.645384
0.0558144 0.642904
0.0559175 0.641461
0.0560208 0.63901
0.0561242 0.637547
0.0562279 0.635086
0.0563317 0.633607
0.0564357 0.63118
0.0565399 0.629699
0.0566443 0.627314
0.0567489 0.625822
0.0568537 0.623497
0.0569587 0.622031
0.0570639 0.619786
0.0571693 0.618309
0.0572748 0.616074
0.0573806 0.614561
0.0574866 0.612342
0.0575927 0.610782
0.0576991 0.608598
0.0578056 0.607024
0.0579124 0.604873
0.0580193 0.603262
0.0581264 0.601161
0.0582338 0.599504
0.0583413 0.597449
0.058449 0.595787
0.058557 0.593824
0.0586651 0.592152
0.0587734 0.590281
0.058882 0.588544
0.0589907 0.586727
0.0590996 0.58492
0.0592088 0.583171
0.0593181 0.581263
0.0594276 0.579594
0.0595374 0.577552
0.0596473 0.576036
0.0597575 0.573722
0.0598678 0.57247
0.0599784 0.570187
0.0600891 0.568942
0.0602001 0.566696
0.0603112 0.565468
0.0604226 0.563343
0.0605342 0.562082
0.060646 0.559971
0.060758 0.55869
0.0608702 0.556578
0.0609826 0.55528
0.0610952 0.553191
0.061208 0.551885
0.061321 0.549804
0.0614343 0.548476
0.0615477 0.546405
0.0616614 0.545074
0.0617752 0.54304
0.0618893 0.541707
0.0620036 0.539738
0.0621181 0.538414
0.0622328 0.536536
0.0623477 0.535167
0.0624628 0.533296
0.0625782 0.531907
0.0626937 0.530067
0.0628095 0.528662
0.0629255 0.526835
0.0630417 0.525376
0.0631581 0.523579
0.0632747 0.522093
0.0633916 0.520355
0.0635086 0.518817
0.0636259 0.517131
0.0637434 0.515555
0.0638611 0.513979
0.063979 0.51238
0.0640972 0.510903
0.0642155 0.509211
0.0643341 0.507809
0.0644529 0.50591
0.0645719 0.504728
0.0646912 0.502724
0.0648106 0.501627
0.0649303 0.49963
0.0650502 0.498528
0.0651703 0.496548
0.0652907 0.495438
0.0654113 0.493486
0.065532 0.492361
0.0656531 0.490457
0.0657743 0.489346
0.0658957 0.48754
0.0660174 0.486418
0.0661393 0.484622
0.0662615 0.483466
0.0663838 0.481675
0.0665064 0.48051
0.0666292 0.478718
0.0667523 0.477559
0.0668755 0.475777
0.066999 0.474599
0.0671227 0.472841
0.0672467 0.471616
0.0673709 0.469898
0.0674953 0.468693
0.0676199 0.467031
0.0677448 0.465813
0.0678699 0.464242
0.0679952 0.462987
0.0681208 0.46144
0.0682466 0.460154
0.0683726 0.458622
0.0684988 0.457311
0.0686253 0.455808
0.0687521 0.454443
0.068879 0.453008
0.0690062 0.451586
0.0691336 0.450202
0.0692613 0.448706
0.0693892 0.447404
0.0695173 0.445829
0.0696457 0.444668
0.0697743 0.442947
0.0699031 0.442001
0.0700322 0.440289
0.0701616 0.439321
0.0702911 0.437617
0.0704209 0.436635
0.070551 0.434944
0.0706812 0.433942
0.0708118 0.432254
0.0709425 0.431252
0.0710735 0.429576
0.0712048 0.428569
0.0713362 0.426919
0.071468 0.425915
0.0716 0.424299
0.0717322 0.423298
0.0718646 0.421762
0.0719973 0.420746
0.0721303 0.419217
0.0722635 0.418189
0.0723969 0.416678
0.0725306 0.41563
0.0726645 0.414132
0.0727987 0.413053
0.0729332 0.411564
0.0730678 0.410488
0.0732028 0.409019
0.0733379 0.407918
0.0734734 0.406483
0.073609 0.405364
0.073745 0.403972
0.0738812 0.402864
0.0740176 0.401558
0.0741543 0.400412
0.0742912 0.399131
0.0744284 0.397932
0.0745658 0.396708
0.0747035 0.395444
0.0748415 0.394268
0.0749797 0.392935
0.0751181 0.39183
0.0752568 0.390352
0.0753958 0.389403
0.075535 0.387825
0.0756745 0.386974
0.0758143 0.385421
0.0759543 0.384593
0.0760945 0.383119
0.076235 0.38228
0.0763758 0.380822
0.0765168 0.379953
0.0766581 0.378495
0.0767997 0.377614
0.0769415 0.376173
0.0770836 0.375288
0.0772259 0.373854
0.0773685 0.372947
0.0775114 0.371528
0.0776545 0.37063
0.0777979 0.369208
0.0779416 0.368308
0.0780855 0.366925
0.0782297 0.366036
0.0783742 0.36473
0.0785189 0.363819
0.0786639 0.362516
0.0788092 0.36159
0.0789547 0.360316
0.0791005 0.359359
0.0792466 0.358098
0.0793929 0.357116
0.0795395 0.355888
0.0796864 0.354876
0.0798335 0.353664
0.0799809 0.352643
0.0801286 0.351459
0.0802766 0.350403
0.0804248 0.349285
0.0805734 0.348237
0.0807221 0.347194
0.0808712 0.346085
0.0810205 0.345086
0.0811702 0.343898
0.08132 0.342979
0.0814702 0.341609
0.0816207 0.340866
0.0817714 0.339502
0.0819224 0.338748
0.0820737 0.337395
0.0822252 0.336633
0.0823771 0.335297
0.0825292 0.334527
0.0826816 0.333212
0.0828342 0.332454
0.0829872 0.331214
0.0831405 0.330455
0.083294 0.329215
0.0834478 0.328444
0.0836019 0.327211
0.0837563 0.326422
0.0839109 0.3252
0.0840659 0.324396
0.0842211 0.323173
0.0843766 0.322372
0.0845325 0.321167
0.0846885 0.320355
0.0848449 0.319172
0.0850016 0.318341
0.0851586 0.317181
0.0853158 0.316368
0.0854734 0.315276
0.0856312 0.314441
0.0857893 0.313362
0.0859478 0.312506
0.0861065 0.311443
0.0862655 0.310568
0.0864248 0.309519
0.0865844 0.308623
0.0867442 0.307603
0.0869044 0.306658
0.0870649 0.305688
0.0872257 0.304702
0.0873868 0.303777
0.0875481 0.302747
0.0877098 0.301891
0.0878718 0.300811
0.088034 0.300073
0.0881966 0.2989
0.0883594 0.298241
0.0885226 0.297079
0.0886861 0.296417
0.0888498 0.295245
0.0890139 0.294583
0.0891783 0.293428
0.089343 0.292742
0.0895079 0.291595
0.0896732 0.290907
0.0898388 0.289765
0.0900047 0.289083
0.0901709 0.287963
0.0903374 0.287282
0.0905043 0.286227
0.0906714 0.285547
0.0908388 0.284489
0.0910066 0.283797
0.0911746 0.282749
0.091343 0.282044
0.0915116 0.281007
0.0916806 0.280288
0.0918499 0.279261
0.0920195 0.278528
0.0921895 0.277521
0.0923597 0.276772
0.0925303 0.275787
0.0927011 0.275021
0.0928723 0.27407
0.0930438 0.27332
0.0932156 0.272406
0.0933877 0.271638
0.0935602 0.270753
0.093733 0.269954
0.0939061 0.269092
0.0940795 0.268259
0.0942532 0.267433
0.0944272 0.266558
0.0946016 0.26577
0.0947763 0.264832
0.0949513 0.264103
0.0951266 0.263021
0.0953023 0.262449
0.0954783 0.261378
0.0956546 0.260815
0.0958312 0.259799
0.0960082 0.259222
0.0961855 0.258224
0.0963631 0.25764
0.0965411 0.256649
0.0967193 0.256045
0.0968979 0.25506
0.0970769 0.254456
0.0972561 0.253474
0.0974357 0.252871
0.0976156 0.25189
0.0977959 0.251275
0.0979765 0.250314
0.0981574 0.249691
0.0983387 0.248739
0.0985203 0.248141
0.0987022 0.247231
0.0988845 0.246621
0.0990671 0.245731
0.09925 0.245098
0.0994333 0.244216
0.0996169 0.24358
0.0998008 0.242707
0.0999851 0.242053
0.10017 0.241198
0.100355 0.240518
0.10054 0.239679
0.100726 0.238989
0.100912 0.238171
0.101098 0.237469
0.101285 0.236685
0.101472 0.235974
0.101659 0.23524
0.101847 0.234503
0.102035 0.233805
0.102223 0.233027
0.102412 0.232358
0.102601 0.231514
0.102791 0.230921
0.102981 0.229984
0.103171 0.229469
0.103361 0.228548
0.103552 0.228027
0.103743 0.227101
0.103935 0.226585
0.104127 0.225682
0.104319 0.225161
0.104512 0.224305
0.104705 0.223787
0.104898 0.222937
0.105092 0.222416
0.105286 0.221571
0.10548 0.221038
0.105675 0.220197
0.10587 0.219663
0.106066 0.218823
0.106262 0.218284
0.106458 0.217456
0.106654 0.216904
0.106851 0.216088
0.107049 0.215536
0.107246 0.214738
0.107444 0.21418
0.107643 0.213418
0.107841 0.21286
0.108041 0.212116
0.10824 0.211542
0.10844 0.210812
0.10864 0.210217
0.108841 0.209496
0.109042 0.208889
0.109243 0.208184
0.109445 0.207554
0.109647 0.206873
0.10985 0.206222
0.110052 0.205568
0.110256 0.20489
0.110459 0.204279
0.110663 0.203578
0.110868 0.20302
0.111072 0.202217
0.111277 0.201779
0.111483 0.200976
0.111689 0.200533
0.111895 0.199733
0.112102 0.199278
0.112309 0.198488
0.112516 0.198029
0.112724 0.197245
0.112932 0.19678
0.11314 0.196
0.113349 0.195529
0.113559 0.194765
0.113768 0.194308
0.113978 0.193572
0.114189 0.193106
0.1144 0.19239
0.114611 0.19192
0.114823 0.191201
0.115035 0.19073
0.115247 0.190015
0.11546 0.189536
0.115673 0.188825
0.115887 0.18833
0.116101 0.187633
0.116315 0.187137
0.11653 0.186448
0.116745 0.185941
0.116961 0.185278
0.117177 0.184764
0.117393 0.184132
0.11761 0.183618
0.117827 0.183008
0.118045 0.182475
0.118263 0.181872
0.118481 0.181316
0.1187 0.180735
0.118919 0.180157
0.119139 0.179603
0.119359 0.178992
0.119579 0.178466
0.1198 0.177808
0.120021 0.177336
0.120243 0.176605
0.120465 0.176214
0.120687 0.175519
0.12091 0.175129
0.121133 0.174442
0.121357 0.17405
0.121581 0.17337
0.121806 0.172965
0.12203 0.172291
0.122256 0.171882
0.122482 0.171208
0.122708 0.170796
0.122934 0.170128
0.123161 0.169711
0.123389 0.16905
0.123617 0.168635
0.123845 0.167976
0.124074 0.167567
0.124303 0.166938
0.124532 0.166522
0.124762 0.165913
0.124993 0.165491
0.125223 0.164889
0.125455 0.164454
0.125686 0.163853
0.125918 0.163412
0.126151 0.162825
0.126384 0.162373
0.126617 0.161797
0.126851 0.161335
0.127085 0.160762
0.12732 0.160294
0.127555 0.159746
0.127791 0.159276
0.128027 0.158755
0.128263 0.158271
0.1285 0.15778
0.128737 0.157269
0.128975 0.1568
0.129213 0.156257
0.129452 0.155812
0.129691 0.155202
0.12993 0.154835
0.13017 0.154198
0.130411 0.15385
0.130651 0.153216
0.130893 0.152868
0.131134 0.152246
0.131376 0.151899
0.131619 0.151303
0.131862 0.150953
0.132106 0.150371
0.13235 0.150017
0.132594 0.149439
0.132839 0.149079
0.133084 0.148509
0.13333 0.14814
0.133576 0.147569
0.133823 0.147201
0.13407 0.146632
0.134317 0.146262
0.134565 0.1457
0.134814 0.145325
0.135063 0.144773
0.135312 0.144395
0.135562 0.143866
0.135812 0.143495
0.136063 0.142981
0.136315 0.142596
0.136566 0.142093
0.136818 0.141695
0.137071 0.141197
0.137324 0.14079
0.137578 0.140304
0.137832 0.139887
0.138086 0.139409
0.138341 0.138975
0.138597 0.138519
0.138853 0.138072
0.139109 0.137637
0.139366 0.137177
0.139623 0.136774
0.139881 0.136293
0.14014 0.135931
0.140398 0.135383
0.140658 0.135079
0.140917 0.134537
0.141177 0.134231
0.141438 0.133685
0.141699 0.133375
0.141961 0.132837
0.142223 0.132523
0.142486 0.13199
0.142749 0.131674
0.143013 0.131146
0.143277 0.130832
0.143541 0.130326
0.143806 0.130015
0.144072 0.129523
0.144338 0.129205
0.144604 0.128714
0.144871 0.128391
0.145139 0.127904
0.145407 0.127576
0.145675 0.127095
0.145944 0.126761
0.146214 0.126287
0.146484 0.125945
0.146754 0.125473
0.147025 0.125133
0.147297 0.124671
0.147569 0.124332
0.147841 0.123889
0.148114 0.123544
0.148388 0.123116
0.148662 0.122764
0.148937 0.122348
0.149212 0.121983
0.149487 0.121573
0.149763 0.121193
0.15004 0.120801
0.150317 0.1204
0.150594 0.120029
0.150872 0.119605
0.151151 0.119255
0.15143 0.118786
0.15171 0.118494
0.15199 0.118009
0.152271 0.117747
0.152552 0.117278
0.152833 0.117014
0.153116 0.116546
0.153398 0.116278
0.153682 0.115814
0.153965 0.115537
0.15425 0.115076
0.154535 0.114797
0.15482 0.114341
0.155106 0.114061
0.155392 0.113609
0.155679 0.113323
0.155967 0.112876
0.156255 0.112593
0.156543 0.112158
0.156832 0.111882
0.157122 0.111463
0.157412 0.11118
0.157703 0.110764
0.157994 0.110471
0.158286 0.110059
0.158578 0.109766
0.158871 0.109361
0.159164 0.109055
0.159458 0.108658
0.159753 0.108346
0.160048 0.107957
0.160343 0.107639
0.160639 0.107258
0.160936 0.106942
0.161233 0.106577
0.161531 0.106257
0.161829 0.105914
0.162128 0.105578
0.162427 0.105247
0.162727 0.104891
0.163028 0.104577
0.163329 0.104199
0.16363 0.103908
0.163933 0.103474
0.164235 0.103238
0.164539 0.102808
0.164842 0.102569
0.165147 0.102144
0.165452 0.101906
0.165757 0.101496
0.166063 0.101258
0.16637 0.100861
0.166677 0.100621
0.166985 0.100227
0.167293 0.0999847
0.167602 0.0995919
0.167912 0.0993466
0.168222 0.0989563
0.168532 0.098705
0.168844 0.0983188
0.169155 0.0980649
0.169468 0.0976797
0.169781 0.0974266
0.170094 0.0970491
0.170408 0.0967954
0.170723 0.0964317
0.171038 0.0961749
0.171354 0.0958242
0.171671 0.0955677
0.171988 0.0952188
0.172305 0.0949557
0.172623 0.0946121
0.172942 0.0943418
0.173261 0.0940035
0.173581 0.093725
0.173902 0.0933952
0.174223 0.0931095
0.174545 0.0927894
0.174867 0.0924917
0.17519 0.0921886
0.175514 0.0918817
0.175838 0.0915972
0.176162 0.091284
0.176488 0.0910212
0.176814 0.0906734
0.17714 0.0904446
0.177467 0.0900722
0.177795 0.0898636
0.178123 0.089492
0.178452 0.0892838
0.178782 0.0889128
0.179112 0.0887037
0.179443 0.0883382
0.179774 0.0881234
0.180106 0.0877611
0.180438 0.0875471
0.180772 0.0871968
0.181105 0.086986
0.18144 0.0866504
0.181775 0.0864338
0.182111 0.0861004
0.182447 0.0858845
0.182784 0.0855492
0.183121 0.0853291
0.183459 0.0849968
0.183798 0.0847738
0.184138 0.0844459
0.184478 0.0842191
0.184818 0.0838936
0.18516 0.0836645
0.185502 0.0833476
0.185844 0.083116
0.186187 0.0828091
0.186531 0.0825779
0.186876 0.0822876
0.187221 0.0820505
0.187566 0.0817609
0.187913 0.0815184
0.18826 0.0812357
0.188607 0.0809817
0.188956 0.0807092
0.189305 0.0804466
0.189654 0.0801841
0.190004 0.0799072
0.190355 0.0796588
0.190707 0.0793631
0.191059 0.0791372
0.191412 0.0788019
0.191765 0.0786251
0.192119 0.078306
0.192474 0.0781248
0.192829 0.0778068
0.193186 0.0776233
0.193542 0.0773075
0.1939 0.0771215
0.194258 0.0768069
0.194616 0.0766168
0.194976 0.0763041
0.195336 0.0761151
0.195697 0.0758049
0.196058 0.0756138
0.19642 0.0753077
0.196783 0.075116
0.197146 0.0748168
0.19751 0.0746269
0.197875 0.0743398
0.19824 0.0741492
0.198606 0.0738658
0.198973 0.0736711
0.199341 0.0733909
0.199709 0.0731901
0.200077 0.0729113
0.200447 0.0727087
0.200817 0.0724343
0.201188 0.0722273
0.201559 0.0719562
0.201932 0.0717442
0.202304 0.0714802
0.202678 0.0712674
0.203052 0.0710121
0.203427 0.0708015
0.203803 0.0705618
0.204179 0.070338
0.204556 0.0701071
0.204934 0.0698736
0.205312 0.0696519
0.205692 0.0694058
0.206071 0.0691956
0.206452 0.0689271
0.206833 0.0687409
0.207215 0.0684477
0.207598 0.0682839
0.207981 0.067996
0.208365 0.0678335
0.20875 0.0675465
0.209135 0.0673885
0.209522 0.0671187
0.209908 0.066955
0.210296 0.0666868
0.210684 0.0665219
0.211073 0.066252
0.211463 0.0660866
0.211854 0.0658201
0.212245 0.0656504
0.212637 0.0653861
0.21303 0.0652169
0.213423 0.0649519
0.213817 0.0647807
0.214212 0.064521
0.214607 0.0643487
0.215004 0.0640956
0.215401 0.0639257
0.215799 0.0636855
0.216197 0.0635113
0.216596 0.0632742
0.216996 0.0630958
0.217397 0.0628619
0.217798 0.0626779
0.218201 0.0624485
0.218603 0.062262
0.219007 0.0620337
0.219412 0.0618424
0.219817 0.0616217
0.220223 0.0614244
0.220629 0.0612105
0.221037 0.0610089
0.221445 0.0608068
0.221854 0.0606019
0.222263 0.0604157
0.222674 0.0601962
0.223085 0.0600219
0.223497 0.0597681
0.22391 0.059629
0.224323 0.0593752
0.224737 0.0592344
0.225152 0.0589821
0.225568 0.0588376
0.225985 0.0585885
0.226402 0.0584436
0.22682 0.0581973
0.227239 0.0580508
0.227659 0.057808
0.228079 0.0576645
0.2285 0.0574353
0.228922 0.0572918
0.229345 0.0570624
0.229768 0.0569148
0.230193 0.0566884
0.230618 0.0565375
0.231044 0.0563109
0.23147 0.0561614
0.231898 0.0559358
0.232326 0.0557846
0.232755 0.0555617
0.233185 0.0554052
0.233615 0.0551876
0.234047 0.0550318
0.234479 0.0548185
0.234912 0.0546646
0.235346 0.0544643
0.23578 0.054304
0.236216 0.0541066
0.236652 0.0539428
0.237089 0.0537487
0.237527 0.0535813
0.237965 0.0533922
0.238405 0.053216
0.238845 0.0530334
0.239286 0.0528502
0.239728 0.0526765
0.240171 0.0524841
0.240614 0.0523198
0.241058 0.0521134
0.241504 0.0519701
0.24195 0.051753
0.242396 0.0516299
0.242844 0.0514157
0.243292 0.0512908
0.243742 0.051074
0.244192 0.0509498
0.244643 0.0507362
0.245094 0.0506063
0.245547 0.0503953
0.246 0.050266
0.246455 0.0500548
0.24691 0.049925
0.247366 0.0497154
0.247822 0.0495854
0.24828 0.0493788
0.248739 0.049253
0.249198 0.0490556
0.249658 0.0489273
0.250119 0.0487331
0.250581 0.0486007
0.251044 0.0484083
0.251507 0.0482748
0.251972 0.0480848
0.252437 0.0479468
0.252903 0.0477581
0.25337 0.047619
0.253838 0.0474338
0.254307 0.0472919
0.254776 0.0471112
0.255247 0.0469671
0.255718 0.0467902
0.25619 0.0466477
0.256663 0.0464821
0.257137 0.0463358
0.257612 0.0461743
0.258088 0.0460204
0.258565 0.0458653
0.259042 0.0457044
0.25952 0.0455565
0.26 0.0453851
0.26048 0.0452456
0.260961 0.045046
0.261443 0.0449369
0.261925 0.0447381
0.262409 0.0446293
0.262894 0.0444327
0.263379 0.0443248
0.263865 0.0441403
0.264353 0.0440306
0.264841 0.0438481
0.26533 0.0437366
0.26582 0.0435537
0.266311 0.0434407
0.266803 0.0432593
0.267295 0.0431459
0.267789 0.0429653
0.268283 0.0428495
0.268779 0.0426707
0.269275 0.0425546
0.269772 0.0423766
0.27027 0.042261
0.27077 0.0420865
0.27127 0.0419725
0.27177 0.0418064
0.272272 0.0416891
0.272775 0.0415264
0.273279 0.041408
0.273783 0.0412464
0.274289 0.0411252
0.274796 0.0409669
0.275303 0.0408403
0.275811 0.0406848
0.276321 0.0405573
0.276831 0.0404052
0.277342 0.0402736
0.277854 0.0401255
0.278367 0.0399892
0.278881 0.0398485
0.279396 0.0397134
0.279912 0.0395817
0.280429 0.0394392
0.280947 0.0393145
0.281466 0.039162
0.281986 0.0390478
0.282506 0.0388764
0.283028 0.0387794
0.283551 0.0386094
0.284074 0.0385126
0.284599 0.0383411
0.285124 0.0382442
0.285651 0.038076
0.286178 0.037977
0.286707 0.0378119
0.287236 0.0377144
0.287767 0.0375567
0.288298 0.037459
0.28883 0.037304
0.289364 0.0372047
0.289898 0.03705
0.290433 0.0369498
0.29097 0.036795
0.291507 0.0366935
0.292045 0.0365404
0.292585 0.0364366
0.293125 0.036286
0.293666 0.0361819
0.294208 0.0360334
0.294752 0.0359271
0.295296 0.0357811
0.295841 0.0356763
0.296388 0.0355388
0.296935 0.0354324
0.297483 0.0352977
0.298033 0.0351888
0.298583 0.0350539
0.299134 0.0349421
0.299687 0.0348122
0.30024 0.0346965
0.300795 0.034569
0.30135 0.0344489
0.301906 0.0343274
0.302464 0.0342016
0.303022 0.0340857
0.303582 0.0339535
0.304143 0.0338465
0.304704 0.0337035
0.305267 0.0336154
0.305831 0.0334682
0.306395 0.0333844
0.306961 0.0332377
0.307528 0.0331534
0.308096 0.0330068
0.308665 0.0329214
0.309235 0.0327769
0.309806 0.0326897
0.310378 0.0325452
0.310951 0.0324576
0.311525 0.032315
0.312101 0.0322274
0.312677 0.032088
0.313254 0.0320004
0.313833 0.0318662
0.314412 0.031779
0.314993 0.0316469
0.315574 0.0315589
0.316157 0.0314277
0.316741 0.0313379
0.317326 0.0312079
0.317912 0.0311153
0.318499 0.0309874
0.319087 0.0308947
0.319676 0.0307688
0.320267 0.0306731
0.320858 0.0305496
0.321451 0.0304522
0.322044 0.0303319
0.322639 0.0302358
0.323235 0.0301211
0.323832 0.0300237
0.32443 0.0299122
0.325029 0.0298103
0.325629 0.0297035
0.32623 0.0295973
0.326833 0.0294936
0.327436 0.0293817
0.328041 0.0292834
0.328646 0.0291641
0.329253 0.0290748
0.329861 0.0289399
0.33047 0.0288658
0.331081 0.0287331
0.331692 0.0286598
0.332305 0.0285321
0.332918 0.0284583
0.333533 0.0283338
0.334149 0.0282588
0.334766 0.0281352
0.335384 0.0280591
0.336003 0.0279357
0.336624 0.0278587
0.337246 0.0277365
0.337868 0.0276594
0.338492 0.0275377
0.339117 0.0274592
0.339743 0.0273385
0.340371 0.0272594
0.340999 0.0271411
0.341629 0.0270633
0.34226 0.0269502
0.342892 0.0268713
0.343525 0.026762
0.344159 0.0266809
0.344795 0.0265715
0.345432 0.0264907
0.34607 0.026382
0.346709 0.0262996
0.347349 0.0261927
0.34799 0.0261079
0.348633 0.026002
0.349277 0.0259153
0.349922 0.0258136
0.350568 0.025725
0.351215 0.0256261
0.351864 0.0255367
0.352513 0.0254443
0.353164 0.0253517
0.353817 0.0252647
0.35447 0.0251661
0.355125 0.0250839
0.35578 0.0249744
0.356437 0.0249036
0.357095 0.0247879
0.357755 0.0247228
0.358416 0.0246072
0.359077 0.024542
0.35974 0.0244274
0.360405 0.024362
0.36107 0.0242492
0.361737 0.0241838
0.362405 0.0240753
0.363074 0.0240096
0.363745 0.0239046
0.364416 0.0238383
0.365089 0.0237341
0.365763 0.0236658
0.366439 0.0235622
0.367116 0.0234938
0.367793 0.0233895
0.368473 0.0233211
0.369153 0.0232183
0.369835 0.0231486
0.370518 0.0230472
0.371202 0.0229764
0.371887 0.022877
0.372574 0.0228073
0.373262 0.0227125
0.373951 0.0226412
0.374642 0.0225496
0.375334 0.0224763
0.376027 0.0223864
0.376721 0.0223114
0.377417 0.0222222
0.378114 0.0221459
0.378812 0.022059
0.379511 0.0219797
0.380212 0.0218955
0.380914 0.0218133
0.381618 0.0217326
0.382322 0.0216464
0.383028 0.0215713
0.383736 0.0214823
0.384444 0.021414
0.385154 0.021315
0.385866 0.0212592
0.386578 0.0211604
0.387292 0.0211036
0.388007 0.0210049
0.388724 0.0209474
0.389441 0.02085
0.390161 0.0207911
0.390881 0.0206944
0.391603 0.0206352
0.392326 0.0205389
0.39305 0.0204804
0.393776 0.0203852
0.394503 0.0203272
0.395232 0.0202356
0.395962 0.0201771
0.396693 0.0200885
0.397425 0.0200287
0.398159 0.0199402
0.398895 0.01988
0.399631 0.0197928
0.400369 0.0197315
0.401108 0.0196456
0.401849 0.0195828
0.402591 0.0194971
0.403335 0.0194341
0.404079 0.0193496
0.404826 0.0192858
0.405573 0.0192034
0.406322 0.0191394
0.407072 0.0190606
0.407824 0.0189964
0.408577 0.0189204
0.409332 0.0188542
0.410088 0.0187801
0.410845 0.0187107
0.411604 0.0186398
0.412364 0.0185669
0.413125 0.018499
0.413888 0.0184223
0.414652 0.0183584
0.415418 0.0182744
0.416185 0.0182184
0.416954 0.0181287
0.417723 0.0180792
0.418495 0.0179924
0.419268 0.0179437
0.420042 0.0178594
0.420818 0.0178103
0.421595 0.0177271
0.422373 0.0176763
0.423153 0.0175934
0.423934 0.0175422
0.424717 0.0174596
0.425502 0.0174081
0.426287 0.0173263
0.427075 0.017274
0.427863 0.0171933
0.428653 0.0171412
0.429445 0.0170608
0.430238 0.0170087
0.431032 0.0169313
0.431828 0.0168795
0.432626 0.0168052
0.433425 0.0167525
0.434225 0.0166783
0.435027 0.0166248
0.43583 0.0165519
0.436635 0.0164967
0.437441 0.0164249
0.438249 0.0163682
0.439058 0.0162978
0.439869 0.0162404
0.440681 0.0161707
0.441495 0.0161125
0.44231 0.0160453
0.443127 0.0159857
0.443945 0.0159226
0.444765 0.0158624
0.445586 0.0158026
0.446409 0.0157392
0.447234 0.0156824
0.448059 0.0156145
0.448887 0.0155616
0.449716 0.0154841
0.450546 0.015441
0.451378 0.0153639
0.452212 0.0153203
0.453047 0.0152436
0.453883 0.0151998
0.454722 0.0151243
0.455561 0.0150806
0.456402 0.0150074
0.457245 0.0149635
0.45809 0.0148934
0.458935 0.0148493
0.459783 0.0147793
0.460632 0.0147347
0.461483 0.0146651
0.462335 0.0146197
0.463189 0.0145506
0.464044 0.0145045
0.464901 0.0144355
0.465759 0.0143895
0.466619 0.0143217
0.467481 0.0142751
0.468344 0.0142088
0.469209 0.014162
0.470076 0.0140974
0.470944 0.014051
0.471813 0.0139895
0.472684 0.0139418
0.473557 0.013881
0.474432 0.0138321
0.475308 0.0137718
0.476186 0.013722
0.477065 0.0136629
0.477946 0.013612
0.478828 0.0135548
0.479713 0.013501
0.480598 0.0134463
0.481486 0.0133906
0.482375 0.0133388
0.483266 0.0132814
0.484158 0.0132332
0.485052 0.0131732
0.485948 0.0131307
0.486845 0.0130651
0.487744 0.0130271
0.488645 0.0129625
0.489547 0.0129243
0.490451 0.0128588
0.491357 0.0128208
0.492264 0.0127563
0.493173 0.0127173
0.494084 0.0126533
0.494996 0.0126145
0.495911 0.0125509
0.496826 0.0125124
0.497744 0.0124508
0.498663 0.0124123
0.499584 0.0123534
0.500506 0.0123149
0.50143 0.0122557
0.502356 0.0122163
0.503284 0.012158
0.504213 0.0121179
0.505144 0.0120602
0.506077 0.0120197
0.507012 0.0119626
0.507948 0.0119212
0.508886 0.011865
0.509826 0.0118229
0.510767 0.0117681
0.51171 0.0117255
0.512655 0.011673
0.513602 0.0116311
0.51455 0.0115804
0.515501 0.0115372
0.516453 0.0114878
0.517406 0.0114432
0.518362 0.0113949
0.519319 0.0113487
0.520278 0.0113023
0.521239 0.0112535
0.522201 0.0112098
0.523165 0.0111581
0.524131 0.0111169
0.525099 0.0110575
0.526069 0.0110254
0.52704 0.0109673
0.528014 0.0109355
0.528989 0.01088
0.529966 0.0108474
0.530944 0.0107925
0.531925 0.0107595
0.532907 0.0107049
0.533891 0.0106717
0.534877 0.0106169
0.535865 0.0105831
0.536854 0.0105293
0.537845 0.0104955
0.538839 0.0104416
0.539834 0.0104074
0.54083 0.0103547
0.541829 0.0103205
0.54283 0.0102688
0.543832 0.0102353
0.544836 0.0101859
0.545842 0.0101519
0.54685 0.010103
0.54786 0.0100678
0.548872 0.0100196
0.549885 0.00998413
0.550901 0.00993638
0.551918 0.0099001
0.552937 0.00985323
0.553958 0.00981573
0.554981 0.00976997
0.556006 0.00973217
0.557033 0.00968739
0.558061 0.0096494
0.559092 0.00960661
0.560124 0.00956795
0.561159 0.00952795
0.562195 0.00948769
0.563233 0.00944928
0.564273 0.00940692
0.565315 0.00937035
0.566359 0.00932452
0.567405 0.00929164
0.568453 0.00924108
0.569502 0.00921259
0.570554 0.00916274
0.571608 0.00913415
0.572663 0.00908404
0.573721 0.00905617
0.57478 0.00900754
0.575842 0.00897906
0.576905 0.00893327
0.57797 0.00890477
0.579037 0.00885882
0.580107 0.00883006
0.581178 0.00878447
0.582251 0.00875505
0.583326 0.00870952
0.584404 0.00868048
0.585483 0.00863502
0.586564 0.00860556
0.587647 0.00856082
0.588732 0.00853066
0.589819 0.00848685
0.590908 0.00845682
0.592 0.00841437
0.593093 0.00838434
0.594188 0.00834383
0.595285 0.00831337
0.596385 0.00827365
0.597486 0.0082423
0.598589 0.00820309
0.599694 0.00817113
0.600802 0.00813227
0.601911 0.00809963
0.603023 0.0080619
0.604136 0.00802835
0.605252 0.00799159
0.60637 0.00795652
0.607489 0.00792166
0.608611 0.00788552
0.609735 0.00785298
0.610861 0.00781629
0.611989 0.00778626
0.613119 0.00774431
0.614251 0.00771991
0.615386 0.00767729
0.616522 0.00765317
0.61766 0.00761063
0.618801 0.00758621
0.619944 0.00754429
0.621088 0.00751958
0.622235 0.00747803
0.623384 0.00745323
0.624535 0.00741177
0.625689 0.00738698
0.626844 0.00734652
0.628002 0.00732234
0.629161 0.00728427
0.630323 0.00725925
0.631487 0.00722131
0.632653 0.00719624
0.633821 0.00715831
0.634992 0.00713304
0.636164 0.00709553
0.637339 0.00706977
0.638516 0.00703258
0.639695 0.00700624
0.640876 0.00696973
0.64206 0.00694332
0.643246 0.00690752
0.644433 0.00688075
0.645623 0.00684617
0.646816 0.0068195
0.64801 0.00678672
0.649207 0.00675959
0.650405 0.00672753
0.651606 0.00669949
0.65281 0.00666808
0.654015 0.00663899
0.655223 0.00660847
0.656433 0.00657842
0.657645 0.00654923
0.658859 0.00651734
0.660076 0.0064898
0.661295 0.0064559
0.662516 0.00643106
0.66374 0.00639327
0.664965 0.00637298
0.666193 0.00633773
0.667423 0.00631727
0.668656 0.00628155
0.669891 0.00626104
0.671128 0.00622581
0.672367 0.00620475
0.673608 0.00616977
0.674852 0.00614852
0.676099 0.00611375
0.677347 0.00609238
0.678598 0.00605791
0.679851 0.00603657
0.681106 0.0060023
0.682364 0.00598087
0.683624 0.00594727
0.684887 0.00592619
0.686151 0.00589461
0.687418 0.00587308
0.688688 0.00584205
0.689959 0.00582017
0.691233 0.00578936
0.69251 0.00576694
0.693789 0.00573631
0.69507 0.00571359
0.696353 0.00568363
0.697639 0.00566046
0.698928 0.00563099
0.700218 0.00560747
0.701511 0.00557844
0.702807 0.00555466
0.704104 0.00552696
0.705405 0.00550323
0.706707 0.00547721
0.708012 0.00545259
0.70932 0.00542768
0.710629 0.00540179
0.711942 0.00537787
0.713256 0.00535047
0.714574 0.00532802
0.715893 0.00529739
0.717215 0.00527845
0.718539 0.00524649
0.719866 0.00522876
0.721196 0.00519707
0.722527 0.00517958
0.723862 0.00514817
0.725198 0.00513089
0.726537 0.00510162
0.727879 0.00508406
0.729223 0.00505476
0.73057 0.00503701
0.731919 0.00500802
0.73327 0.00499009
0.734624 0.00496146
0.735981 0.00494308
0.73734 0.00491451
0.738702 0.00489614
0.740066 0.00486777
0.741432 0.00484932
0.742801 0.00482143
0.744173 0.00480283
0.745547 0.0047755
0.746924 0.00475713
0.748303 0.00473144
0.749685 0.00471286
0.75107 0.0046877
0.752456 0.00466847
0.753846 0.00464367
0.755238 0.00462396
0.756633 0.00459951
0.75803 0.00457944
0.75943 0.00455543
0.760832 0.00453496
0.762237 0.0045115
0.763644 0.00449024
0.765055 0.00446798
0.766467 0.00444607
0.767883 0.00442495
0.769301 0.00440268
0.770721 0.00438333
0.772145 0.00435991
0.77357 0.00434217
0.774999 0.00431543
0.77643 0.00430072
0.777864 0.00427426
0.7793 0.00425931
0.780739 0.00423295
0.782181 0.00421789
0.783625 0.00419184
0.785072 0.00417654
0.786522 0.00415068
0.787974 0.00413558
0.78943 0.00411008
0.790887 0.00409516
0.792348 0.00407122
0.793811 0.00405635
0.795277 0.00403265
0.796745 0.00401739
0.798217 0.00399386
0.799691 0.00397835
0.801167 0.00395493
0.802647 0.00393928
0.804129 0.00391627
0.805614 0.00390033
0.807101 0.00387766
0.808592 0.00386138
0.810085 0.00383895
0.811581 0.00382295
0.81308 0.00380092
0.814581 0.00378507
0.816085 0.00376442
0.817592 0.00374823
0.819102 0.00372796
0.820615 0.00371124
0.82213 0.00369165
0.823648 0.00367442
0.825169 0.00365511
0.826693 0.00363722
0.828219 0.00361875
0.829749 0.00359996
0.831281 0.00358249
0.832816 0.00356258
0.834354 0.00354636
0.835895 0.00352445
0.837438 0.00351091
0.838985 0.00348878
0.840534 0.00347656
0.842086 0.00345471
0.843641 0.00344247
0.845199 0.00342069
0.84676 0.00340833
0.848323 0.00338678
0.84989 0.00337413
0.851459 0.00335258
0.853031 0.00333989
0.854607 0.00331864
0.856185 0.00330598
0.857766 0.00328497
0.85935 0.00327202
0.860937 0.0032515
0.862526 0.00323902
0.864119 0.00321925
0.865715 0.00320667
0.867313 0.00318748
0.868915 0.00317461
0.87052 0.00315564
0.872127 0.00314249
0.873738 0.00312361
0.875351 0.00311032
0.876967 0.00309187
0.878587 0.00307819
0.880209 0.00306002
0.881835 0.0030461
0.883463 0.00302843
0.885094 0.00301415
0.886729 0.00299702
0.888366 0.00298303
0.890007 0.00296699
0.89165 0.00295257
0.893297 0.00293717
0.894946 0.00292209
0.896599 0.00290736
0.898255 0.00289138
0.899913 0.00287742
0.901575 0.00286043
0.90324 0.00284762
0.904908 0.00282817
0.906579 0.00281784
0.908253 0.00279859
0.90993 0.00278822
0.911611 0.0027692
0.913294 0.0027591
0.91498 0.00274113
0.91667 0.00273082
0.918363 0.00271332
0.920059 0.0027029
0.921758 0.00268541
0.92346 0.002675
0.925165 0.0026576
0.926873 0.00264708
0.928585 0.00262981
0.9303 0.00261909
0.932018 0.00260208
0.933739 0.00259118
0.935463 0.00257428
0.93719 0.00256348
0.938921 0.00254702
0.940655 0.00253631
0.942392 0.00252079
0.944132 0.00250993
0.945875 0.00249476
0.947622 0.00248373
0.949372 0.00246871
0.951125 0.00245741
0.952881 0.00244261
0.954641 0.0024311
0.956404 0.00241665
0.95817 0.00240479
0.959939 0.00239068
0.961712 0.00237857
0.963488 0.00236487
0.965267 0.00235233
0.967049 0.00233948
0.968835 0.00232677
0.970624 0.00231487
0.972417 0.00230162
0.974212 0.00229068
0.976011 0.00227609
0.977814 0.00226645
0.979619 0.00225065
0.981428 0.00224208
0.983241 0.00222636
0.985056 0.00221787
0.986875 0.00220219
0.988698 0.00219367
0.990523 0.00217826
0.992352 0.00216962
0.994185 0.00215443
0.996021 0.00214591
0.99786 0.00213145
0.999703 0.00212305
1.00155 0.00210897
1.0034 0.00210033
1.00525 0.00208645
1.00711 0.00207779
1.00897 0.00206388
1.01083 0.002055
1.0127 0.00204129
1.01457 0.00203233
1.01644 0.00201877
1.01832 0.00200975
1.0202 0.0019964
1.02208 0.00198726
1.02397 0.00197433
1.02586 0.00196521
1.02775 0.00195298
1.02965 0.00194375
1.03155 0.00193201
1.03346 0.00192258
1.03537 0.00191094
1.03728 0.00190127
1.03919 0.00188996
1.04111 0.0018799
1.04304 0.00186897
1.04496 0.00185844
1.04689 0.00184803
1.04882 0.00183696
1.05076 0.00182725
1.0527 0.00181547
1.05465 0.00180669
1.05659 0.00179355
1.05854 0.00178685
1.0605 0.00177417
1.06246 0.00176736
1.06442 0.0017547
1.06638 0.00174778
1.06835 0.00173524
1.07033 0.00172826
1.0723 0.00171579
1.07428 0.00170865
1.07627 0.00169634
1.07825 0.00168924
1.08025 0.00167701
1.08224 0.00166997
1.08424 0.00165789
1.08624 0.00165086
1.08825 0.00163948
1.09026 0.0016324
1.09227 0.00162136
1.09429 0.00161427
1.09631 0.0016033
1.09833 0.00159609
1.10036 0.00158526
1.10239 0.00157785
1.10443 0.00156713
1.10647 0.00155967
1.10851 0.00154913
1.11056 0.00154147
1.11261 0.00153118
1.11466 0.00152337
1.11672 0.00151342
1.11878 0.00150564
1.12085 0.00149626
1.12292 0.00148848
1.12499 0.00147961
1.12707 0.00147133
1.12915 0.00146281
1.13124 0.00145414
1.13333 0.00144601
1.13542 0.00143689
1.13751 0.00142922
1.13962 0.00141927
1.14172 0.00141251
1.14383 0.00140152
1.14594 0.00139587
1.14806 0.00138508
1.15018 0.00137955
1.1523 0.0013691
1.15443 0.00136365
1.15656 0.00135372
1.1587 0.00134811
1.16083 0.0013382
1.16298 0.00133258
1.16513 0.00132268
1.16728 0.00131698
1.16943 0.00130719
1.17159 0.00130142
1.17376 0.00129171
1.17592 0.00128594
1.1781 0.00127632
1.18027 0.0012705
1.18245 0.00126108
1.18463 0.00125533
1.18682 0.00124638
1.18901 0.00124064
1.19121 0.00123212
1.19341 0.00122622
1.19561 0.00121777
1.19782 0.00121173
1.20003 0.00120344
1.20225 0.00119724
1.20447 0.00118911
1.20669 0.00118275
1.20892 0.0011748
1.21115 0.00116829
1.21339 0.0011606
1.21563 0.00115386
1.21787 0.00114653
1.22012 0.00113974
1.22238 0.00113297
1.22463 0.00112598
1.2269 0.00111976
1.22916 0.00111227
1.23143 0.00110648
1.2337 0.00109766
1.23598 0.00109324
1.23826 0.00108446
1.24055 0.00108
1.24284 0.00107129
1.24514 0.00106674
1.24744 0.00105816
1.24974 0.00105362
1.25205 0.00104516
1.25436 0.00104071
1.25668 0.00103257
1.259 0.00102813
1.26132 0.00102042
1.26365 0.00101598
1.26598 0.00100826
1.26832 0.00100368
1.27066 0.00099608
1.27301 0.000991437
1.27536 0.000983854
1.27772 0.000979213
1.28008 0.000971699
1.28244 0.000967001
1.28481 0.000959597
1.28718 0.000954776
1.28956 0.000947627
1.29194 0.000942882
1.29432 0.000936029
1.29671 0.000931303
1.29911 0.000924848
1.30151 0.000919941
1.30391 0.000913615
1.30632 0.000908573
1.30873 0.00090242
1.31115 0.00089718
1.31357 0.000891173
1.31599 0.000885726
1.31842 0.000879945
1.32086 0.000874253
1.3233 0.000868815
1.32574 0.000862822
1.32819 0.000857832
1.33064 0.000851464
1.3331 0.000847176
1.33556 0.000840311
1.33803 0.000836835
1.3405 0.000830034
1.34297 0.000826506
1.34545 0.000819681
1.34794 0.000816165
1.35043 0.000809385
1.35292 0.000805772
1.35542 0.000799085
1.35792 0.000795463
1.36043 0.00078883
1.36294 0.000785195
1.36546 0.000778669
1.36798 0.000775057
1.37051 0.000768807
1.37304 0.00076531
1.37557 0.000759359
1.37811 0.000755799
1.38066 0.000749916
1.38321 0.000746245
1.38576 0.000740434
1.38832 0.000736717
1.39088 0.000731002
1.39345 0.000727163
1.39603 0.00072153
1.3986 0.000717631
1.40119 0.000712132
1.40377 0.000708174
1.40637 0.000702839
1.40896 0.000698875
1.41157 0.000693791
1.41417 0.000689865
1.41678 0.00068515
1.4194 0.000681072
1.42202 0.000676477
1.42465 0.000672178
1.42728 0.000667797
1.42991 0.000663214
1.43255 0.000659096
1.4352 0.000654185
1.43785 0.000650403
1.4405 0.000644744
1.44316 0.000641802
1.44583 0.000636028
1.4485 0.000633291
1.45117 0.000627705
1.45385 0.000625023
1.45654 0.000619823
1.45923 0.000617089
1.46192 0.00061191
1.46462 0.000609156
1.46733 0.000603958
1.47004 0.000601161
1.47275 0.00059601
1.47547 0.000593191
1.47819 0.000588116
1.48092 0.000585226
1.48366 0.000580199
1.4864 0.000577324
1.48914 0.000572374
1.49189 0.000569535
1.49465 0.000564798
1.49741 0.000561999
1.50017 0.000557548
1.50294 0.000554674
1.50572 0.000550288
1.5085 0.000547353
1.51129 0.000543034
1.51408 0.000540024
1.51687 0.000535792
1.51967 0.000532677
1.52248 0.000528519
1.52529 0.000525326
1.52811 0.00052132
1.53093 0.000518015
1.53376 0.000514177
1.53659 0.000510828
1.53943 0.000507229
1.54227 0.000503897
1.54512 0.000500633
1.54797 0.000497053
1.55083 0.000493986
1.55369 0.000490058
1.55656 0.000487351
1.55944 0.000482848
1.56231 0.000480701
1.5652 0.00047625
1.56809 0.000474085
1.57099 0.000469627
1.57389 0.000467487
1.57679 0.000463109
1.5797 0.000460985
1.58262 0.000456748
1.58554 0.000454682
1.58847 0.000450752
1.59141 0.000448633
1.59434 0.000444731
1.59729 0.000442598
1.60024 0.000438714
1.60319 0.00043652
1.60615 0.000432664
1.60912 0.000430439
1.61209 0.000426639
1.61507 0.000424374
1.61805 0.000420639
1.62104 0.000418354
1.62403 0.000414706
1.62703 0.000412419
1.63003 0.000408912
1.63304 0.000406674
1.63606 0.000403438
1.63908 0.000401169
1.64211 0.000397956
1.64514 0.000395589
1.64818 0.000392453
1.65122 0.000389998
1.65427 0.000386978
1.65733 0.000384399
1.66039 0.000381469
1.66345 0.000378781
1.66652 0.000376016
1.6696 0.000373185
1.67268 0.000370609
1.67577 0.000367615
1.67887 0.000365362
1.68197 0.000362177
1.68507 0.000360399
1.68819 0.000357007
1.6913 0.00035541
1.69443 0.000352023
1.69756 0.000350417
1.70069 0.000347047
1.70383 0.000345419
1.70698 0.000342067
1.71013 0.000340416
1.71329 0.000337104
1.71645 0.000335446
1.71962 0.000332182
1.7228 0.000330549
1.72598 0.000327398
1.72916 0.000325791
1.73236 0.000322898
1.73556 0.000321265
1.73876 0.000318381
1.74197 0.000316724
1.74519 0.000313871
1.74841 0.000312171
1.75164 0.000309352
1.75487 0.000307607
1.75812 0.000304824
1.76136 0.000303056
1.76461 0.000300346
1.76787 0.000298527
1.77114 0.00029589
1.77441 0.000294054
1.77768 0.000291544
1.78097 0.000289762
1.78426 0.000287464
1.78755 0.000285613
1.79085 0.000283369
1.79416 0.000281419
1.79747 0.000279286
1.80079 0.000277222
1.80412 0.000275181
1.80745 0.000272967
1.81079 0.000271078
1.81413 0.000268662
1.81748 0.000267007
1.82084 0.000264184
1.8242 0.000262971
1.82757 0.00026023
1.83094 0.000259053
1.83432 0.00025656
1.83771 0.000255367
1.8411 0.000252884
1.8445 0.000251662
1.84791 0.000249181
1.85132 0.000247953
1.85474 0.000245485
1.85816 0.00024423
1.8616 0.000241799
1.86503 0.000240544
1.86848 0.000238122
1.87193 0.000236845
1.87538 0.000234473
1.87885 0.0002332
1.88232 0.000230892
1.88579 0.000229675
1.88928 0.000227587
1.89276 0.000226331
1.89626 0.000224261
1.89976 0.000222969
1.90327 0.000220917
1.90678 0.000219606
1.9103 0.000217582
1.91383 0.000216224
1.91737 0.000214244
1.92091 0.000212849
1.92445 0.000210921
1.92801 0.000209468
1.93157 0.000207637
1.93514 0.000206147
1.93871 0.000204413
1.94229 0.000202967
1.94588 0.000201425
1.94947 0.000199877
1.95307 0.000198426
1.95667 0.000196747
1.96029 0.000195423
1.96391 0.000193495
1.96753 0.000192414
1.97117 0.00019032
1.97481 0.000189402
1.97845 0.00018732
1.98211 0.000186407
1.98577 0.000184352
1.98943 0.000183447
1.99311 0.000181435
1.99679 0.000180572
2.00048 0.000178747
2.00417 0.00017786
2.00787 0.000176061
2.01158 0.000175163
2.01529 0.00017337
2.01902 0.000172441
2.02274 0.000170668
2.02648 0.00016974
2.03022 0.000167968
2.03397 0.00016702
2.03773 0.000165282
2.04149 0.000164318
2.04526 0.000162619
2.04904 0.000161653
2.05282 0.000159998
2.05661 0.000159074
2.06041 0.000157594
2.06421 0.000156634
2.06802 0.000155176
2.07184 0.000154183
2.07567 0.000152762
2.0795 0.000151715
2.08334 0.000150332
2.08719 0.000149246
2.09104 0.00014791
2.0949 0.000146774
2.09877 0.000145499
2.10265 0.000144309
2.10653 0.00014311
2.11042 0.000141844
2.11432 0.000140774
2.11822 0.00013949
2.12213 0.000138609
2.12605 0.000137087
2.12998 0.000136444
2.13391 0.000134928
2.13785 0.000134271
2.1418 0.000132765
2.14576 0.0001321
2.14972 0.000130601
2.15369 0.000129924
2.15766 0.000128441
2.16165 0.000127759
2.16564 0.000126295
2.16964 0.000125628
2.17365 0.000124191
2.17766 0.000123552
2.18168 0.000122254
2.18571 0.0001216
2.18975 0.000120331
2.19379 0.000119655
2.19784 0.000118389
2.2019 0.000117704
2.20597 0.000116456
2.21004 0.000115752
2.21412 0.000114522
2.21821 0.000113801
2.2223 0.000112588
2.22641 0.000111852
2.23052 0.000110673
2.23464 0.000109922
2.23876 0.000108792
2.2429 0.000108079
2.24704 0.000107064
2.25119 0.000106323
2.25535 0.000105341
2.25951 0.000104562
2.26368 0.000103612
2.26786 0.000102787
2.27205 0.000101887
2.27625 0.000101
2.28045 0.000100158
2.28466 9.91949e-05
2.28888 9.84372e-05
2.29311 9.73413e-05
2.29734 9.67313e-05
2.30158 9.55213e-05
2.30583 9.50658e-05
2.31009 9.39743e-05
2.31436 9.35193e-05
2.31863 9.24448e-05
2.32291 9.19819e-05
2.3272 9.09156e-05
2.3315 9.04411e-05
2.33581 8.93792e-05
2.34012 8.88971e-05
2.34444 8.78405e-05
2.34877 8.73531e-05
2.35311 8.63091e-05
2.35745 8.58132e-05
2.36181 8.47868e-05
2.36617 8.42971e-05
2.37054 8.32949e-05
2.37491 8.2822e-05
2.3793 8.19158e-05
2.38369 8.14384e-05
2.38809 8.05603e-05
2.3925 8.00688e-05
2.39692 7.91978e-05
2.40135 7.86893e-05
2.40578 7.78346e-05
2.41023 7.73066e-05
2.41468 7.647e-05
2.41914 7.59208e-05
2.4236 7.51083e-05
2.42808 7.45435e-05
2.43256 7.37587e-05
2.43705 7.31765e-05
2.44155 7.24392e-05
2.44606 7.18721e-05
2.45058 7.12156e-05
2.4551 7.06209e-05
2.45964 7.00142e-05
2.46418 6.93721e-05
2.46873 6.88062e-05
2.47329 6.80896e-05
2.47786 6.75947e-05
2.48243 6.67198e-05
2.48702 6.63833e-05
2.49161 6.55157e-05
2.49621 6.51798e-05
2.50082 6.43203e-05
2.50544 6.39815e-05
2.51006 6.31411e-05
2.5147 6.28198e-05
2.51934 6.20575e-05
2.52399 6.17308e-05
2.52866 6.09965e-05
2.53333 6.0665e-05
2.538 5.99306e-05
2.54269 5.95953e-05
2.54739 5.88626e-05
2.55209 5.85168e-05
2.5568 5.77966e-05
2.56152 5.74395e-05
2.56625 5.67283e-05
2.57099 5.63709e-05
2.57574 5.56683e-05
2.5805 5.53095e-05
2.58526 5.46314e-05
2.59004 5.42855e-05
2.59482 5.36708e-05
2.59961 5.33244e-05
2.60441 5.27354e-05
2.60922 5.23721e-05
2.61404 5.17973e-05
2.61886 5.14155e-05
2.6237 5.0854e-05
2.62855 5.04533e-05
2.6334 4.99085e-05
2.63826 4.94905e-05
2.64313 4.89718e-05
2.64801 4.85244e-05
2.6529 4.80376e-05
2.6578 4.75699e-05
2.66271 4.71272e-05
2.66763 4.66539e-05
2.67255 4.62795e-05
2.67749 4.57585e-05
2.68243 4.5457e-05
2.68739 4.48552e-05
2.69235 4.4627e-05
2.69732 4.40295e-05
2.7023 4.37963e-05
2.70729 4.31982e-05
2.71229 4.29623e-05
2.7173 4.23726e-05
2.72232 4.21324e-05
2.72735 4.15499e-05
2.73238 4.13132e-05
2.73743 4.07414e-05
2.74248 4.05162e-05
2.74755 3.99947e-05
2.75262 3.97694e-05
2.7577 3.9274e-05
2.7628 3.90435e-05
2.7679 3.85514e-05
2.77301 3.83158e-05
2.77813 3.78278e-05
2.78326 3.75824e-05
2.7884 3.71e-05
2.79355 3.68507e-05
2.79871 3.63773e-05
2.80387 3.61177e-05
2.80905 3.56553e-05
2.81424 3.53949e-05
2.81944 3.49499e-05
2.82464 3.4697e-05
2.82986 3.42961e-05
2.83508 3.40379e-05
2.84032 3.36652e-05
2.84556 3.33933e-05
2.85082 3.30305e-05
2.85608 3.27401e-05
2.86136 3.23933e-05
2.86664 3.20834e-05
2.87193 3.17575e-05
2.87724 3.14184e-05
2.88255 3.11218e-05
2.88787 3.07469e-05
2.89321 3.04904e-05
2.89855 3.00251e-05
2.9039 2.9875e-05
2.90926 2.94507e-05
2.91464 2.93038e-05
2.92002 2.89025e-05
2.92541 2.87489e-05
2.93081 2.83515e-05
2.93623 2.8194e-05
2.94165 2.77976e-05
2.94708 2.76383e-05
2.95252 2.72425e-05
2.95797 2.70786e-05
2.96344 2.66882e-05
2.96891 2.65242e-05
2.97439 2.61371e-05
2.97988 2.59717e-05
2.98539 2.55957e-05
2.9909 2.5439e-05
2.99642 2.50951e-05
3.00195 2.49403e-05
3.0075 2.4616e-05
3.01305 2.4457e-05
3.01862 2.41354e-05
3.02419 2.39693e-05
3.02977 2.36538e-05
3.03537 2.34801e-05
3.04097 2.317e-05
3.04659 2.29897e-05
3.05222 2.2689e-05
3.05785 2.24998e-05
3.0635 2.22087e-05
3.06916 2.20158e-05
3.07482 2.17409e-05
3.0805 2.15504e-05
3.08619 2.13046e-05
3.09189 2.11113e-05
3.0976 2.08883e-05
3.10332 2.0679e-05
3.10905 2.04727e-05
3.11479 2.02409e-05
3.12054 2.00535e-05
3.1263 1.97888e-05
3.13208 1.96341e-05
3.13786 1.93223e-05
3.14365 1.92153e-05
3.14946 1.89063e-05
3.15528 1.88e-05
3.1611 1.84958e-05
3.16694 1.83955e-05
3.17279 1.81169e-05
3.17865 1.80186e-05
3.18452 1.77595e-05
3.1904 1.76577e-05
3.19629 1.74004e-05
3.20219 1.72959e-05
3.2081 1.70393e-05
3.21403 1.69315e-05
3.21996 1.66772e-05
3.22591 1.65686e-05
3.23187 1.63155e-05
3.23783 1.62046e-05
3.24381 1.59564e-05
3.2498 1.58436e-05
3.2558 1.56025e-05
3.26182 1.54948e-05
3.26784 1.52756e-05
3.27387 1.51695e-05
3.27992 1.49669e-05
3.28598 1.48549e-05
3.29204 1.46565e-05
3.29812 1.45392e-05
3.30421 1.43453e-05
3.31031 1.42224e-05
3.31643 1.40325e-05
3.32255 1.39022e-05
3.32869 1.37208e-05
3.33483 1.35836e-05
3.34099 1.34113e-05
3.34716 1.32652e-05
3.35334 1.31081e-05
3.35953 1.29587e-05
3.36574 1.28259e-05
3.37195 1.267e-05
3.37818 1.25598e-05
3.38442 1.23695e-05
3.39067 1.2294e-05
3.39693 1.2093e-05
3.4032 1.20259e-05
3.40949 1.1825e-05
3.41578 1.17562e-05
3.42209 1.15581e-05
3.42841 1.14881e-05
3.43474 1.1292e-05
3.44108 1.12227e-05
3.44744 1.10297e-05
3.4538 1.09636e-05
3.46018 1.07859e-05
3.46657 1.07217e-05
3.47297 1.05606e-05
3.47939 1.04939e-05
3.48581 1.03327e-05
3.49225 1.02649e-05
3.4987 1.01047e-05
3.50516 1.00343e-05
3.51163 9.87607e-06
3.51811 9.80306e-06
3.52461 9.64673e-06
3.53112 9.57186e-06
3.53764 9.41904e-06
3.54417 9.343e-06
3.55072 9.19499e-06
3.55727 9.12075e-06
3.56384 8.98744e-06
3.57042 8.91469e-06
3.57702 8.79421e-06
3.58362 8.71693e-06
3.59024 8.60088e-06
3.59687 8.51774e-06
3.60351 8.40583e-06
3.61017 8.31703e-06
3.61683 8.21081e-06
3.62351 8.11388e-06
3.6302 8.01548e-06
3.63691 7.90872e-06
3.64362 7.82141e-06
3.65035 7.70047e-06
3.65709 7.63146e-06
3.66384 7.49403e-06
3.67061 7.45464e-06
3.67739 7.3313e-06
3.68418 7.29054e-06
3.69098 7.16709e-06
3.6978 7.12536e-06
3.70463 7.00193e-06
3.71147 6.95973e-06
3.71832 6.83677e-06
3.72519 6.79325e-06
3.73207 6.67119e-06
3.73896 6.62664e-06
3.74586 6.50645e-06
3.75278 6.46193e-06
3.75971 6.34391e-06
3.76665 6.30099e-06
3.77361 6.19195e-06
3.78058 6.15101e-06
3.78756 6.05377e-06
3.79455 6.01105e-06
3.80156 5.9147e-06
3.80858 5.87012e-06
3.81561 5.77481e-06
3.82266 5.72857e-06
3.82972 5.63454e-06
3.83679 5.58607e-06
3.84387 5.49402e-06
3.85097 5.44435e-06
3.85808 5.35455e-06
3.86521 5.30228e-06
3.87234 5.21728e-06
3.87949 5.16552e-06
3.88666 5.08971e-06
3.89384 5.03946e-06
3.90103 4.97311e-06
3.90823 4.91856e-06
3.91545 4.85612e-06
3.92268 4.79532e-06
3.92992 4.7387e-06
3.93718 4.67019e-06
3.94445 4.62049e-06
3.95173 4.53711e-06
3.95903 4.50263e-06
3.96634 4.41175e-06
3.97366 4.38535e-06
3.981 4.29568e-06
3.98835 4.27042e-06
3.99572 4.18706e-06
4.0031 4.1634e-06
4.01049 4.08981e-06
4.01789 4.06529e-06
4.02531 3.99222e-06
4.03275 3.96686e-06
4.04019 3.89399e-06
4.04765 3.86788e-06
4.05513 3.79549e-06
4.06262 3.76852e-06
4.07012 3.69674e-06
4.07763 3.66913e-06
4.08516 3.59822e-06
4.09271 3.57069e-06
4.10027 3.5013e-06
4.10784 3.47445e-06
4.11542 3.41039e-06
4.12302 3.3849e-06
4.13064 3.32917e-06
4.13826 3.30266e-06
4.14591 3.24783e-06
4.15356 3.21944e-06
4.16123 3.16568e-06
4.16892 3.13561e-06
4.17661 3.08328e-06
4.18433 3.05152e-06
4.19205 3.0008e-06
4.19979 2.96697e-06
4.20755 2.91857e-06
4.21532 2.88233e-06
4.2231 2.83808e-06
4.2309 2.80078e-06
4.23871 2.76239e-06
4.24654 2.72583e-06
4.25438 2.69484e-06
4.26224 2.65232e-06
4.27011 2.62697e-06
4.278 2.57382e-06
4.2859 2.55862e-06
4.29381 2.50562e-06
4.30174 2.48997e-06
4.30968 2.43731e-06
4.31764 2.42147e-06
4.32561 2.36913e-06
4.3336 2.35322e-06
4.3416 2.30152e-06
4.34962 2.28635e-06
4.35765 2.23793e-06
4.3657 2.2241e-06
4.37376 2.1827e-06
4.38184 2.1683e-06
4.38993 2.12699e-06
4.39804 2.11188e-06
4.40616 2.07102e-06
4.41429 2.05533e-06
4.42245 2.01451e-06
4.43061 1.99843e-06
4.43879 1.95819e-06
4.44699 1.94144e-06
4.4552 1.90184e-06
4.46343 1.88465e-06
4.47167 1.84632e-06
4.47993 1.82945e-06
4.4882 1.79399e-06
4.49649 1.77832e-06
4.50479 1.74836e-06
4.51311 1.73169e-06
4.52144 1.70259e-06
4.52979 1.68435e-06
4.53816 1.65634e-06
4.54654 1.6367e-06
4.55493 1.60984e-06
4.56335 1.58849e-06
4.57177 1.56352e-06
4.58021 1.5398e-06
4.58867 1.51717e-06
4.59715 1.49061e-06
4.60564 1.47164e-06
4.61414 1.44087e-06
4.62266 1.42887e-06
4.6312 1.3996e-06
4.63975 1.39161e-06
4.64832 1.36229e-06
4.6569 1.35414e-06
4.6655 1.32483e-06
4.67411 1.31635e-06
4.68275 1.28713e-06
4.69139 1.27843e-06
4.70006 1.24929e-06
4.70874 1.24031e-06
4.71743 1.21155e-06
4.72614 1.20256e-06
4.73487 1.17421e-06
4.74361 1.16536e-06
4.75237 1.13869e-06
4.76115 1.13092e-06
4.76994 1.10861e-06
4.77875 1.10044e-06
4.78757 1.07832e-06
4.79641 1.06973e-06
4.80527 1.04787e-06
4.81414 1.03888e-06
4.82303 1.01715e-06
4.83194 1.00764e-06
4.84086 9.86488e-07
4.8498 9.76495e-07
4.85876 9.5576e-07
4.86773 9.45341e-07
4.87672 9.25512e-07
4.88572 9.14731e-07
4.89475 8.96711e-07
4.90378 8.87103e-07
4.91284 8.72386e-07
4.92191 8.61721e-07
4.931 8.47854e-07
4.94011 8.3611e-07
4.94923 8.2313e-07
4.95837 8.0988e-07
4.96752 7.98322e-07
4.9767 7.82811e-07
4.98589 7.73429e-07
4.99509 7.53436e-07
5.00432 7.48604e-07
5.01356 7.28827e-07
5.02282 7.24123e-07
5.03209 7.05222e-07
5.04138 7.01142e-07
5.05069 6.85838e-07
5.06002 6.81535e-07
5.06936 6.66294e-07
5.07873 6.61821e-07
5.0881 6.46575e-07
5.0975 6.4203e-07
5.10691 6.26799e-07
5.11634 6.22047e-07
5.12579 6.06941e-07
5.13526 6.02059e-07
5.14474 5.87123e-07
5.15424 5.82103e-07
5.16376 5.67393e-07
5.17329 5.62469e-07
5.18285 5.48553e-07
5.19242 5.44253e-07
5.202 5.3308e-07
5.21161 5.28522e-07
5.22123 5.17447e-07
5.23088 5.12572e-07
5.24054 5.01725e-07
5.25021 4.96564e-07
5.25991 4.85852e-07
5.26962 4.80295e-07
5.27935 4.70019e-07
5.2891 4.64056e-07
5.29887 4.54138e-07
5.30865 4.47751e-07
5.31846 4.38481e-07
5.32828 4.31651e-07
5.33812 4.23488e-07
5.34797 4.17364e-07
5.35785 4.11207e-07
5.36774 4.04154e-07
5.37765 3.98841e-07
5.38758 3.90306e-07
5.39753 3.86363e-07
5.4075 3.76265e-07
5.41749 3.73815e-07
5.42749 3.6375e-07
5.43751 3.61253e-07
5.44755 3.51209e-07
5.45761 3.48702e-07
5.46769 3.38771e-07
5.47779 3.36295e-07
5.4879 3.26671e-07
5.49804 3.24609e-07
5.50819 3.17057e-07
5.51836 3.14882e-07
5.52855 3.07371e-07
5.53876 3.05104e-07
5.54899 2.97611e-07
5.55923 2.9524e-07
5.5695 2.87795e-07
5.57979 2.853e-07
5.59009 2.7792e-07
5.60041 2.75335e-07
5.61075 2.6806e-07
5.62111 2.65383e-07
5.63149 2.58266e-07
5.64189 2.55553e-07
5.65231 2.48794e-07
5.66275 2.46478e-07
5.67321 2.4127e-07
5.68368 2.38763e-07
5.69418 2.33696e-07
5.70469 2.3099e-07
5.71523 2.26071e-07
5.72578 2.23104e-07
5.73635 2.18392e-07
5.74695 2.15153e-07
5.75756 2.10675e-07
5.76819 2.07045e-07
5.77884 2.02983e-07
5.78951 1.98931e-07
5.8002 1.95344e-07
5.81092 1.90666e-07
5.82165 1.88037e-07
5.8324 1.83185e-07
5.84317 1.82145e-07
5.85396 1.77346e-07
5.86477 1.76267e-07
5.8756 1.71468e-07
5.88645 1.70331e-07
5.89732 1.65541e-07
5.90821 1.64367e-07
5.91912 1.59593e-07
5.93005 1.58379e-07
5.941 1.53627e-07
5.95197 1.52387e-07
5.96296 1.47688e-07
5.97397 1.46475e-07
5.985 1.41913e-07
5.99605 1.40895e-07
6.00713 1.37377e-07
6.01822 1.36311e-07
6.02933 1.32884e-07
6.04047 1.31781e-07
6.05162 1.28348e-07
6.06279 1.27166e-07
6.07399 1.23789e-07
6.08521 1.22533e-07
6.09644 1.19212e-07
6.1077 1.17884e-07
6.11898 1.14617e-07
6.13028 1.13211e-07
6.1416 1.10067e-07
6.15294 1.08601e-07
6.1643 1.05663e-07
6.17569 1.04397e-07
6.18709 1.0216e-07
6.19851 1.00807e-07
6.20996 9.87382e-08
6.22143 9.72341e-08
6.23292 9.52713e-08
6.24443 9.35706e-08
6.25596 9.17879e-08
6.26751 8.98097e-08
6.27908 8.82837e-08
6.29068 8.59031e-08
6.30229 8.4791e-08
6.31393 8.1877e-08
6.32559 8.13182e-08
6.33727 7.84692e-08
6.34897 7.80059e-08
6.3607 7.58013e-08
6.37244 7.5336e-08
6.38421 7.32195e-08
6.396 7.27201e-08
6.40781 7.06142e-08
6.41964 7.0097e-08
6.4315 6.79916e-08
6.44338 6.74516e-08
6.45527 6.53439e-08
6.46719 6.47834e-08
6.47914 6.26992e-08
6.4911 6.21206e-08
6.50309 6.00674e-08
6.5151 5.94962e-08
6.52713 5.75068e-08
6.53918 5.70248e-08
6.55126 5.54849e-08
6.56335 5.49978e-08
6.57547 5.35477e-08
6.58761 5.30152e-08
6.59978 5.1586e-08
6.61197 5.10208e-08
6.62418 4.96156e-08
6.63641 4.90013e-08
6.64866 4.7632e-08
6.66094 4.69555e-08
6.67324 4.56481e-08
6.68556 4.49209e-08
6.69791 4.36717e-08
6.71028 4.28861e-08
6.72267 4.17707e-08
6.73508 4.10763e-08
6.74752 4.02524e-08
6.75998 3.95077e-08
6.77246 3.8804e-08
6.78497 3.79186e-08
6.7975 3.73405e-08
6.81005 3.61023e-08
6.82263 3.58674e-08
6.83522 3.46295e-08
6.84785 3.43883e-08
6.86049 3.31538e-08
6.87316 3.29047e-08
6.88585 3.1682e-08
6.89857 3.1434e-08
6.91131 3.02387e-08
6.92407 3.00369e-08
6.93686 2.91078e-08
6.94967 2.89088e-08
6.9625 2.80455e-08
6.97536 2.78343e-08
6.98824 2.69732e-08
7.00114 2.67502e-08
7.01407 2.58937e-08
7.02702 2.56622e-08
7.04 2.48082e-08
7.053 2.45635e-08
7.06602 2.37188e-08
7.07907 2.3463e-08
7.09214 2.26312e-08
7.10524 2.23712e-08
7.11836 2.15761e-08
7.1315 2.13521e-08
7.14467 2.074e-08
7.15787 2.05149e-08
7.17108 1.99651e-08
7.18433 1.97162e-08
7.19759 1.91798e-08
7.21088 1.89108e-08
7.2242 1.83917e-08
7.23754 1.80903e-08
7.2509 1.75958e-08
7.26429 1.72577e-08
7.27771 1.67974e-08
7.29115 1.64217e-08
7.30461 1.60067e-08
7.3181 1.55711e-08
7.33161 1.52425e-08
7.34515 1.48236e-08
7.35872 1.46332e-08
7.3723 1.41553e-08
7.38592 1.40702e-08
7.39956 1.3591e-08
7.41322 1.35022e-08
7.42691 1.30224e-08
7.44062 1.29296e-08
7.45436 1.245e-08
7.46813 1.23537e-08
7.48192 1.18754e-08
7.49574 1.1775e-08
7.50958 1.13022e-08
7.52345 1.12019e-08
7.53734 1.07399e-08
7.55126 1.06562e-08
7.5652 1.02958e-08
7.57917 1.02177e-08
7.59317 9.89501e-09
7.60719 9.81147e-09
7.62124 9.49078e-09
7.63531 9.40082e-09
7.64941 9.08219e-09
7.66353 8.98668e-09
7.67769 8.67202e-09
7.69186 8.56958e-09
7.70607 8.25985e-09
7.7203 8.14894e-09
7.73455 7.84829e-09
7.74884 7.7317e-09
7.76315 7.4485e-09
7.77748 7.34779e-09
7.79184 7.12983e-09
7.80623 7.02984e-09
7.82065 6.84452e-09
7.83509 6.73271e-09
7.84956 6.55706e-09
7.86405 6.42927e-09
7.87857 6.26674e-09
7.89312 6.11969e-09
7.9077 5.97415e-09
7.9223 5.79816e-09
7.93693 5.68052e-09
7.95158 5.44729e-09
7.96627 5.38927e-09
7.98098 5.13937e-09
7.99572 5.10779e-09
8.01048 4.91139e-09
8.02527 4.88218e-09
8.04009 4.71209e-09
8.05494 4.68097e-09
8.06981 4.51106e-09
8.08472 4.47828e-09
8.09965 4.3084e-09
8.1146 4.27386e-09
8.12959 4.10398e-09
8.1446 4.06733e-09
8.15964 3.8989e-09
8.17471 3.86128e-09
8.1898 3.69339e-09
8.20492 3.65553e-09
8.22008 3.49248e-09
8.23526 3.46051e-09
8.25046 3.33245e-09
8.2657 3.30283e-09
8.28096 3.19383e-09
8.29625 3.1619e-09
8.31157 3.05414e-09
8.32692 3.01946e-09
8.3423 2.91324e-09
8.3577 2.87508e-09
8.37314 2.77106e-09
8.3886 2.72914e-09
8.40409 2.62807e-09
8.41961 2.58263e-09
8.43516 2.48581e-09
8.45073 2.43594e-09
8.46634 2.34688e-09
8.48197 2.30155e-09
8.49763 2.23568e-09
8.51333 2.19109e-09
8.52905 2.14003e-09
8.5448 2.08744e-09
8.56057 2.04346e-09
8.57638 1.97857e-09
8.59222 1.94611e-09
8.60809 1.86094e-09
8.62398 1.84789e-09
8.63991 1.76288e-09
8.65586 1.74935e-09
8.67185 1.66468e-09
8.68786 1.65109e-09
8.7039 1.56765e-09
8.71997 1.55662e-09
8.73608 1.49018e-09
8.75221 1.48046e-09
8.76837 1.42583e-09
8.78456 1.41534e-09
8.80078 1.36087e-09
8.81704 1.34978e-09
8.83332 1.2953e-09
8.84963 1.28346e-09
8.86597 1.22906e-09
8.88234 1.21652e-09
8.89874 1.16259e-09
8.91518 1.14928e-09
8.93164 1.0961e-09
8.94813 1.08226e-09
8.96466 1.03076e-09
8.98121 1.0189e-09
8.9978 9.7812e-10
9.01441 9.67602e-10
9.03106 9.34698e-10
9.04773 9.23031e-10
9.06444 8.90936e-10
9.08118 8.77913e-10
9.09795 8.46698e-10
9.11475 8.31922e-10
9.13158 8.02183e-10
9.14844 7.85487e-10
9.16534 7.5731e-10
9.18226 7.3833e-10
9.19922 7.12511e-10
9.2162 6.90444e-10
9.23322 6.6895e-10
9.25027 6.47591e-10
9.26736 6.33613e-10
9.28447 6.11423e-10
9.30161 6.04824e-10
9.31879 5.79316e-10
9.336 5.75731e-10
9.35324 5.50167e-10
9.37051 5.46357e-10
9.38781 5.20779e-10
9.40515 5.16757e-10
9.42252 4.91135e-10
9.43992 4.86921e-10
9.45735 4.61498e-10
9.47481 4.57228e-10
9.49231 4.32203e-10
9.50984 4.28616e-10
9.5274 4.08341e-10
9.54499 4.05332e-10
9.56262 3.89555e-10
9.58027 3.86305e-10
9.59797 3.70551e-10
9.61569 3.6712e-10
9.63345 3.51399e-10
9.65123 3.47671e-10
9.66906 3.32079e-10
9.68691 3.27946e-10
9.7048 3.12603e-10
9.72272 3.08201e-10
9.74067 2.93153e-10
9.75866 2.88369e-10
9.77668 2.73988e-10
9.79474 2.69685e-10
9.81282 2.58328e-10
9.83094 2.54632e-10
9.8491 2.46118e-10
9.86728 2.41907e-10
9.88551 2.33808e-10
9.90376 2.28997e-10
9.92205 2.21362e-10
9.94037 2.15696e-10
9.95873 2.08797e-10
9.97712 2.02064e-10
9.99554 1.96158e-10
10.014 1.87898e-10
10.0325 1.83524e-10
10.051 1.72326e-10
10.0696 1.71219e-10
10.0882 1.61973e-10
10.1068 1.61075e-10
10.1255 1.54218e-10
10.1442 1.5326e-10
10.1629 1.46381e-10
10.1817 1.45358e-10
10.2005 1.38456e-10
10.2193 1.37378e-10
10.2382 1.30471e-10
10.2571 1.29333e-10
10.276 1.22434e-10
10.295 1.21228e-10
10.314 1.14371e-10
10.333 1.13143e-10
10.3521 1.06394e-10
10.3712 1.05321e-10
10.3904 9.97615e-11
10.4096 9.89194e-11
10.4288 9.48758e-11
10.4481 9.39467e-11
10.4674 8.99387e-11
10.4867 8.89206e-11
10.5061 8.49448e-11
10.5255 8.38075e-11
10.5449 7.9912e-11
10.5644 7.86352e-11
10.5839 7.48376e-11
10.6034 7.34228e-11
10.623 6.97635e-11
10.6426 6.81713e-11
10.6623 6.47546e-11
10.682 6.32503e-11
10.7017 6.05815e-11
10.7214 5.93332e-11
10.7412 5.75407e-11
10.7611 5.60546e-11
10.7809 5.4461e-11
10.8008 5.26543e-11
10.8208 5.13538e-11
10.8408 4.90063e-11
10.8608 4.82158e-11
10.8809 4.53958e-11
10.9009 4.50577e-11
10.9211 4.22398e-11
10.9412 4.18968e-11
10.9614 3.91041e-11
10.9817 3.88042e-11
11.002 3.645e-11
11.0223 3.62303e-11
11.0426 3.45942e-11
11.063 3.43526e-11
11.0835 3.27168e-11
11.1039 3.24621e-11
11.1244 3.08223e-11
11.145 3.0552e-11
11.1655 2.89116e-11
11.1862 2.86197e-11
11.2068 2.69853e-11
11.2275 2.66715e-11
11.2483 2.50489e-11
11.269 2.47196e-11
11.2898 2.31332e-11
11.3107 2.28338e-11
11.3316 2.1502e-11
11.3525 2.12749e-11
11.3735 2.03815e-11
11.3945 2.01283e-11
11.4155 1.92493e-11
11.4366 1.89612e-11
11.4577 1.81039e-11
11.4789 1.77786e-11
11.5001 1.69473e-11
11.5213 1.65738e-11
11.5426 1.57843e-11
11.5639 1.5346e-11
11.5852 1.46159e-11
11.6066 1.41128e-11
11.6281 1.34622e-11
11.6495 1.29434e-11
11.671 1.24832e-11
11.6926 1.20511e-11
11.7142 1.18153e-11
11.7358 1.12028e-11
11.7575 1.11404e-11
11.7792 1.05261e-11
11.801 1.04586e-11
11.8227 9.84306e-12
11.8446 9.77106e-12
11.8664 9.15394e-12
11.8884 9.07794e-12
11.9103 8.46166e-12
11.9323 8.38139e-12
11.9543 7.77172e-12
11.9764 7.70054e-12
11.9985 7.17179e-12
12.0207 7.1235e-12
12.0429 6.78409e-12
12.0651 6.73244e-12
12.0874 6.39258e-12
12.1097 6.33574e-12
12.1321 5.99623e-12
12.1545 5.93442e-12
12.1769 5.59693e-12
12.1994 5.52881e-12
12.2219 5.19419e-12
12.2445 5.11935e-12
12.2671 4.78901e-12
12.2898 4.70624e-12
12.3125 4.38683e-12
12.3352 4.30796e-12
12.358 4.03568e-12
12.3808 3.98012e-12
12.4037 3.81256e-12
12.4266 3.74718e-12
12.4495 3.58664e-12
12.4725 3.51062e-12
12.4955 3.35897e-12
12.5186 3.26854e-12
12.5417 3.12843e-12
12.5649 3.02028e-12
12.5881 2.89606e-12
12.6113 2.76308e-12
12.6346 2.66275e-12
12.658 2.49105e-12
12.6813 2.43166e-12
12.7048 2.24113e-12
12.7282 2.23079e-12
12.7517 2.11549e-12
12.7753 2.10423e-12
12.7989 1.98844e-12
12.8225 1.97625e-12
12.8462 1.86013e-12
12.8699 1.84688e-12
12.8937 1.73049e-12
12.9175 1.71635e-12
12.9413 1.59972e-12
12.9652 1.58432e-12
12.9892 1.46792e-12
13.0131 1.45209e-12
13.0372 1.33648e-12
13.0612 1.3216e-12
13.0854 1.21869e-12
13.1095 1.20933e-12
13.1337 1.14861e-12
13.158 1.13826e-12
13.1823 1.07786e-12
13.2066 1.06624e-12
13.231 1.00636e-12
13.2555 9.93282e-13
13.2799 9.34016e-13
13.3045 9.19041e-13
13.329 8.61111e-13
13.3536 8.43953e-13
13.3783 7.87674e-13
13.403 7.68375e-13
13.4277 7.14565e-13
13.4525 6.94349e-13
13.4774 6.48878e-13
13.5023 6.35559e-13
13.5272 6.10538e-13
13.5522 5.94664e-13
13.5772 5.71843e-13
13.6023 5.52204e-13
13.6274 5.3267e-13
13.6526 5.07495e-13
13.6778 4.93073e-13
13.703 4.56208e-13
13.7283 4.53111e-13
13.7537 4.16181e-13
13.7791 4.12944e-13
13.8045 3.76086e-13
13.83 3.72996e-13
13.8556 3.39085e-13
13.8811 3.37387e-13
13.9068 3.18687e-13
13.9325 3.16833e-13
13.9582 2.98052e-13
13.984 2.95985e-13
14.0098 2.77205e-13
14.0357 2.74963e-13
14.0616 2.56106e-13
14.0875 2.53664e-13
14.1136 2.34826e-13
14.1396 2.3215e-13
14.1657 2.13393e-13
14.1919 2.10577e-13
14.2181 1.91904e-13
14.2443 1.89106e-13
14.2706 1.72e-13
14.297 1.70332e-13
14.3234 1.61273e-13
14.3499 1.59369e-13
14.3763 1.50408e-13
14.4029 1.48192e-13
14.4295 1.39442e-13
14.4561 1.36857e-13
14.4828 1.2834e-13
14.5096 1.2536e-13
14.5364 1.17126e-13
14.5632 1.13627e-13
14.5901 1.0586e-13
14.617 1.01675e-13
14.644 9.45651e-14
14.6711 8.98138e-14
14.6982 8.41154e-14
14.7253 8.1052e-14
14.7525 7.85822e-14
14.7797 7.45478e-14
14.807 7.29768e-14
14.8344 6.76944e-14
14.8618 6.73112e-14
14.8892 6.20052e-14
14.9167 6.15825e-14
14.9443 5.62542e-14
14.9719 5.57975e-14
14.9995 5.04595e-14
15.0272 4.99621e-14
15.055 4.46396e-14
15.0828 4.41488e-14
15.1106 3.90599e-14
15.1385 3.8825e-14
15.1665 3.62919e-14
15.1945 3.60284e-14
15.2225 3.349e-14
15.2506 3.32074e-14
15.2788 3.06611e-14
15.307 3.03464e-14
15.3353 2.78015e-14
15.3636 2.74445e-14
15.392 2.49071e-14
15.4204 2.45083e-14
15.4489 2.19954e-14
15.4774 2.1535e-14
15.506 1.90692e-14
15.5346 1.85861e-14
15.5633 1.62845e-14
15.592 1.60909e-14
15.6208 1.5252e-14
15.6497 1.50196e-14
15.6786 1.42048e-14
15.7075 1.39236e-14
15.7365 1.31484e-14
15.7656 1.28134e-14
15.7947 1.20771e-14
15.8239 1.16369e-14
15.8531 1.09521e-14
15.8824 1.04046e-14
15.9117 9.79707e-15
15.9411 8.97009e-15
15.9705 8.05368e-15
16 0
