# 1:pT 2:PhotonSpectrum=dN/d^2xT d^2pT dy
0.01 1526.24
0.0100185 1522.64
0.010037 1518.41
0.0100555 1514.74
0.0100741 1510.51
0.0100927 1506.77
0.0101113 1502.58
0.01013 1498.79
0.0101487 1494.6
0.0101674 1490.7
0.0101862 1486.47
0.010205 1482.52
0.0102239 1478.3
0.0102427 1474.32
0.0102617 1470.02
0.0102806 1465.96
0.0102996 1461.58
0.0103186 1457.44
0.0103377 1452.84
0.0103567 1448.75
0.0103759 1444.14
0.010395 1440.06
0.0104142 1435.51
0.0104335 1431.27
0.0104527 1426.78
0.010472 1422.66
0.0104914 1418.2
0.0105107 1413.99
0.0105301 1409.64
0.0105496 1405.39
0.0105691 1401.06
0.0105886 1396.86
0.0106081 1392.61
0.0106277 1388.45
0.0106474 1384.26
0.010667 1380.05
0.0106867 1375.95
0.0107065 1371.74
0.0107262 1367.67
0.010746 1363.43
0.0107659 1359.39
0.0107858 1355.09
0.0108057 1351.18
0.0108256 1346.7
0.0108456 1342.97
0.0108656 1338.55
0.0108857 1334.84
0.0109058 1330.41
0.0109259 1326.74
0.0109461 1322.51
0.0109663 1318.75
0.0109866 1314.59
0.0110069 1310.85
0.0110272 1306.65
0.0110476 1302.94
0.011068 1298.8
0.0110884 1295.09
0.0111089 1290.96
0.0111294 1287.24
0.0111499 1283.1
0.0111705 1279.43
0.0111912 1275.34
0.0112118 1271.67
0.0112325 1267.65
0.0112533 1263.99
0.0112741 1260.05
0.0112949 1256.34
0.0113157 1252.41
0.0113366 1248.76
0.0113576 1244.9
0.0113785 1241.2
0.0113995 1237.4
0.0114206 1233.68
0.0114417 1229.81
0.0114628 1226.14
0.011484 1222.35
0.0115052 1218.66
0.0115264 1214.92
0.0115477 1211.21
0.011569 1207.6
0.0115904 1203.89
0.0116118 1200.36
0.0116332 1196.61
0.0116547 1193.11
0.0116762 1189.23
0.0116978 1185.95
0.0117194 1182
0.0117411 1178.74
0.0117627 1174.84
0.0117845 1171.57
0.0118062 1167.7
0.011828 1164.44
0.0118499 1160.67
0.0118717 1157.34
0.0118937 1153.6
0.0119156 1150.3
0.0119376 1146.68
0.0119597 1143.4
0.0119818 1139.81
0.0120039 1136.53
0.0120261 1132.91
0.0120483 1129.66
0.0120705 1126.04
0.0120928 1122.83
0.0121151 1119.22
0.0121375 1116.02
0.0121599 1112.45
0.0121824 1109.14
0.0122049 1105.65
0.0122274 1102.43
0.01225 1098.99
0.0122726 1095.73
0.0122953 1092.38
0.012318 1089.1
0.0123407 1085.79
0.0123635 1082.52
0.0123863 1079.2
0.0124092 1075.96
0.0124321 1072.66
0.0124551 1069.37
0.0124781 1066.16
0.0125011 1062.87
0.0125242 1059.67
0.0125473 1056.34
0.0125705 1053.2
0.0125937 1049.85
0.012617 1046.83
0.0126403 1043.38
0.0126636 1040.52
0.012687 1037.1
0.0127104 1034.23
0.0127339 1030.84
0.0127574 1027.92
0.012781 1024.6
0.0128046 1021.66
0.0128282 1018.36
0.0128519 1015.44
0.0128756 1012.14
0.0128994 1009.23
0.0129232 1005.99
0.0129471 1003.1
0.012971 999.904
0.012995 997.015
0.0130189 993.846
0.013043 990.991
0.0130671 987.857
0.0130912 985.017
0.0131154 981.908
0.0131396 979.044
0.0131639 975.986
0.0131882 973.072
0.0132125 969.991
0.0132369 967.173
0.0132614 964.125
0.0132859 961.275
0.0133104 958.29
0.013335 955.401
0.0133596 952.415
0.0133843 949.586
0.013409 946.668
0.0134337 943.861
0.0134585 940.98
0.0134834 938.123
0.0135083 935.303
0.0135332 932.414
0.0135582 929.653
0.0135833 926.717
0.0136083 923.982
0.0136335 920.972
0.0136587 918.374
0.0136839 915.298
0.0137091 912.77
0.0137345 909.726
0.0137598 907.201
0.0137852 904.24
0.0138107 901.72
0.0138362 898.829
0.0138617 896.243
0.0138873 893.358
0.013913 890.787
0.0139387 887.939
0.0139644 885.374
0.0139902 882.541
0.014016 879.966
0.0140419 877.142
0.0140678 874.607
0.0140938 871.749
0.0141198 869.252
0.0141459 866.445
0.014172 863.967
0.0141982 861.212
0.0142244 858.675
0.0142507 855.971
0.014277 853.481
0.0143034 850.804
0.0143298 848.265
0.0143563 845.628
0.0143828 843.062
0.0144093 840.473
0.0144359 837.902
0.0144626 835.292
0.0144893 832.76
0.0145161 830.193
0.0145429 827.644
0.0145697 825.125
0.0145966 822.605
0.0146236 820.135
0.0146506 817.59
0.0146776 815.176
0.0147047 812.593
0.0147319 810.215
0.0147591 807.514
0.0147863 805.289
0.0148136 802.597
0.014841 800.351
0.0148684 797.69
0.0148959 795.43
0.0149234 792.83
0.0149509 790.552
0.0149785 787.978
0.0150062 785.727
0.0150339 783.196
0.0150617 780.965
0.0150895 778.476
0.0151173 776.244
0.0151453 773.774
0.0151732 771.528
0.0152012 769.063
0.0152293 766.818
0.0152574 764.353
0.0152856 762.145
0.0153138 759.701
0.0153421 757.494
0.0153705 755.086
0.0153988 752.829
0.0154273 750.444
0.0154558 748.234
0.0154843 745.886
0.0155129 743.685
0.0155415 741.377
0.0155702 739.147
0.015599 736.842
0.0156278 734.632
0.0156567 732.333
0.0156856 730.13
0.0157145 727.867
0.0157435 725.616
0.0157726 723.416
0.0158017 721.143
0.0158309 718.986
0.0158602 716.7
0.0158894 714.581
0.0159188 712.263
0.0159482 710.255
0.0159776 707.899
0.0160071 705.929
0.0160367 703.597
0.0160663 701.619
0.016096 699.305
0.0161257 697.339
0.0161555 695.074
0.0161853 693.049
0.0162152 690.806
0.0162451 688.801
0.0162751 686.561
0.0163052 684.576
0.0163353 682.372
0.0163655 680.389
0.0163957 678.227
0.016426 676.275
0.0164563 674.099
0.0164867 672.166
0.0165171 669.997
0.0165476 668.061
0.0165782 665.922
0.0166088 663.965
0.0166395 661.841
0.0166702 659.894
0.016701 657.812
0.0167318 655.839
0.0167627 653.788
0.0167937 651.803
0.0168247 649.799
0.0168558 647.839
0.0168869 645.82
0.0169181 643.892
0.0169493 641.916
0.0169806 639.964
0.017012 638.014
0.0170434 636.056
0.0170748 634.137
0.0171064 632.158
0.017138 630.27
0.0171696 628.252
0.0172013 626.398
0.0172331 624.289
0.0172649 622.563
0.0172968 620.466
0.0173287 618.735
0.0173607 616.684
0.0173928 614.948
0.0174249 612.952
0.0174571 611.206
0.0174893 609.218
0.0175216 607.456
0.017554 605.487
0.0175864 603.729
0.0176189 601.779
0.0176514 600.023
0.017684 598.079
0.0177166 596.324
0.0177494 594.39
0.0177821 592.654
0.017815 590.714
0.0178479 589.013
0.0178808 587.117
0.0179138 585.429
0.0179469 583.57
0.0179801 581.832
0.0180133 579.98
0.0180465 578.271
0.0180799 576.445
0.0181132 574.72
0.0181467 572.919
0.0181802 571.161
0.0182138 569.362
0.0182474 567.637
0.0182811 565.856
0.0183149 564.142
0.0183487 562.395
0.0183826 560.647
0.0184165 558.953
0.0184505 557.211
0.0184846 555.558
0.0185187 553.803
0.0185529 552.148
0.0185872 550.367
0.0186215 548.781
0.0186559 546.937
0.0186903 545.391
0.0187248 543.591
0.0187594 542.038
0.0187941 540.23
0.0188288 538.693
0.0188635 536.937
0.0188984 535.37
0.0189333 533.647
0.0189682 532.103
0.0190033 530.387
0.0190384 528.859
0.0190735 527.165
0.0191087 525.628
0.019144 523.939
0.0191794 522.424
0.0192148 520.71
0.0192503 519.205
0.0192858 517.522
0.0193214 516.012
0.0193571 514.343
0.0193929 512.824
0.0194287 511.182
0.0194645 509.657
0.0195005 508.042
0.0195365 506.535
0.0195726 504.955
0.0196087 503.423
0.0196449 501.88
0.0196812 500.355
0.0197175 498.779
0.019754 497.261
0.0197904 495.715
0.019827 494.189
0.0198636 492.658
0.0199003 491.134
0.019937 489.635
0.0199738 488.091
0.0200107 486.637
0.0200477 485.081
0.0200847 483.647
0.0201218 482.043
0.0201589 480.716
0.0201962 479.105
0.0202335 477.773
0.0202708 476.182
0.0203082 474.82
0.0203457 473.264
0.0203833 471.906
0.020421 470.358
0.0204587 468.996
0.0204964 467.455
0.0205343 466.085
0.0205722 464.574
0.0206102 463.227
0.0206483 461.724
0.0206864 460.377
0.0207246 458.902
0.0207629 457.566
0.0208012 456.08
0.0208396 454.765
0.0208781 453.281
0.0209166 451.97
0.0209553 450.508
0.020994 449.148
0.0210327 447.706
0.0210716 446.382
0.0211105 444.948
0.0211495 443.612
0.0211885 442.209
0.0212277 440.853
0.0212669 439.478
0.0213061 438.153
0.0213455 436.802
0.0213849 435.472
0.0214244 434.123
0.0214639 432.778
0.0215036 431.455
0.0215433 430.101
0.0215831 428.8
0.0216229 427.442
0.0216628 426.152
0.0217028 424.754
0.0217429 423.522
0.0217831 422.093
0.0218233 420.898
0.0218636 419.505
0.021904 418.324
0.0219444 416.932
0.0219849 415.757
0.0220255 414.4
0.0220662 413.186
0.022107 411.855
0.0221478 410.65
0.0221887 409.304
0.0222297 408.113
0.0222707 406.787
0.0223118 405.589
0.022353 404.264
0.0223943 403.088
0.0224357 401.756
0.0224771 400.597
0.0225186 399.289
0.0225602 398.128
0.0226018 396.851
0.0226436 395.689
0.0226854 394.431
0.0227273 393.247
0.0227692 391.987
0.0228113 390.816
0.0228534 389.584
0.0228956 388.397
0.0229379 387.187
0.0229803 385.992
0.0230227 384.764
0.0230652 383.589
0.0231078 382.387
0.0231505 381.22
0.0231932 380.037
0.023236 378.868
0.023279 377.717
0.0233219 376.533
0.023365 375.405
0.0234082 374.202
0.0234514 373.083
0.0234947 371.834
0.0235381 370.793
0.0235815 369.531
0.0236251 368.489
0.0236687 367.242
0.0237124 366.195
0.0237562 364.973
0.0238001 363.932
0.023844 362.734
0.0238881 361.689
0.0239322 360.506
0.0239764 359.454
0.0240206 358.295
0.024065 357.249
0.0241094 356.094
0.0241539 355.043
0.0241985 353.883
0.0242432 352.843
0.024288 351.686
0.0243329 350.659
0.0243778 349.506
0.0244228 348.483
0.0244679 347.344
0.0245131 346.296
0.0245583 345.182
0.0246037 344.174
0.0246491 343.085
0.0246946 342.056
0.0247402 340.984
0.0247859 339.941
0.0248317 338.874
0.0248776 337.838
0.0249235 336.781
0.0249695 335.746
0.0250156 334.696
0.0250618 333.649
0.0251081 332.624
0.0251545 331.582
0.0252009 330.57
0.0252475 329.524
0.0252941 328.528
0.0253408 327.479
0.0253876 326.525
0.0254345 325.432
0.0254814 324.513
0.0255285 323.431
0.0255756 322.517
0.0256229 321.427
0.0256702 320.505
0.0257176 319.445
0.0257651 318.51
0.0258126 317.458
0.0258603 316.529
0.0259081 315.479
0.0259559 314.557
0.0260038 313.525
0.0260518 312.616
0.0261 311.606
0.0261482 310.69
0.0261964 309.678
0.0262448 308.772
0.0262933 307.763
0.0263418 306.857
0.0263905 305.86
0.0264392 304.952
0.026488 303.965
0.0265369 303.042
0.0265859 302.062
0.026635 301.157
0.0266842 300.193
0.0267335 299.287
0.0267829 298.341
0.0268323 297.436
0.0268819 296.492
0.0269315 295.6
0.0269812 294.672
0.0270311 293.772
0.027081 292.849
0.027131 291.941
0.0271811 291.043
0.0272313 290.122
0.0272816 289.24
0.0273319 288.306
0.0273824 287.433
0.027433 286.471
0.0274836 285.656
0.0275344 284.682
0.0275852 283.882
0.0276362 282.935
0.0276872 282.134
0.0277383 281.192
0.0277896 280.39
0.0278409 279.468
0.0278923 278.648
0.0279438 277.726
0.0279954 276.907
0.0280471 276
0.0280989 275.188
0.0281508 274.287
0.0282027 273.473
0.0282548 272.572
0.028307 271.768
0.0283593 270.872
0.0284116 270.089
0.0284641 269.208
0.0285167 268.428
0.0285693 267.554
0.0286221 266.748
0.0286749 265.888
0.0287279 265.098
0.0287809 264.247
0.0288341 263.442
0.0288873 262.604
0.0289407 261.791
0.0289941 260.966
0.0290477 260.158
0.0291013 259.333
0.029155 258.538
0.0292089 257.724
0.0292628 256.935
0.0293168 256.147
0.029371 255.35
0.0294252 254.57
0.0294796 253.764
0.029534 252.993
0.0295885 252.18
0.0296432 251.43
0.0296979 250.574
0.0297527 249.867
0.0298077 249.017
0.0298627 248.309
0.0299179 247.471
0.0299731 246.754
0.0300285 245.936
0.0300839 245.22
0.0301395 244.419
0.0301951 243.709
0.0302509 242.91
0.0303068 242.197
0.0303627 241.409
0.0304188 240.699
0.030475 239.916
0.0305312 239.202
0.0305876 238.414
0.0306441 237.705
0.0307007 236.923
0.0307574 236.22
0.0308142 235.45
0.0308711 234.747
0.0309281 233.989
0.0309852 233.282
0.0310424 232.531
0.0310997 231.841
0.0311572 231.098
0.0312147 230.404
0.0312723 229.667
0.0313301 228.962
0.0313879 228.224
0.0314459 227.526
0.031504 226.795
0.0315621 226.101
0.0316204 225.383
0.0316788 224.674
0.0317373 223.974
0.0317959 223.263
0.0318546 222.582
0.0319135 221.872
0.0319724 221.203
0.0320314 220.474
0.0320906 219.84
0.0321498 219.093
0.0322092 218.468
0.0322687 217.727
0.0323283 217.102
0.032388 216.369
0.0324478 215.744
0.0325077 215.028
0.0325677 214.389
0.0326279 213.676
0.0326881 213.046
0.0327485 212.343
0.0328089 211.722
0.0328695 211.035
0.0329302 210.412
0.032991 209.73
0.033052 209.113
0.033113 208.417
0.0331741 207.809
0.0332354 207.124
0.0332968 206.514
0.0333583 205.836
0.0334199 205.214
0.0334816 204.543
0.0335434 203.931
0.0336053 203.271
0.0336674 202.653
0.0337296 202.004
0.0337919 201.387
0.0338543 200.758
0.0339168 200.141
0.0339794 199.507
0.0340421 198.895
0.034105 198.268
0.034168 197.651
0.0342311 197.032
0.0342943 196.413
0.0343576 195.804
0.0344211 195.179
0.0344846 194.579
0.0345483 193.944
0.0346121 193.359
0.034676 192.697
0.0347401 192.154
0.0348042 191.505
0.0348685 190.96
0.0349329 190.319
0.0349974 189.769
0.035062 189.139
0.0351267 188.583
0.0351916 187.956
0.0352566 187.402
0.0353217 186.778
0.0353869 186.228
0.0354523 185.61
0.0355177 185.062
0.0355833 184.45
0.035649 183.9
0.0357149 183.293
0.0357808 182.75
0.0358469 182.151
0.0359131 181.618
0.0359794 181.025
0.0360458 180.492
0.0361124 179.905
0.0361791 179.359
0.0362459 178.774
0.0363128 178.233
0.0363799 177.656
0.0364471 177.114
0.0365144 176.542
0.0365818 175.997
0.0366493 175.429
0.036717 174.892
0.0367848 174.33
0.0368527 173.803
0.0369208 173.252
0.036989 172.714
0.0370573 172.181
0.0371257 171.637
0.0371943 171.111
0.0372629 170.561
0.0373318 170.041
0.0374007 169.476
0.0374698 168.979
0.037539 168.399
0.0376083 167.914
0.0376777 167.343
0.0377473 166.858
0.037817 166.292
0.0378868 165.814
0.0379568 165.268
0.0380269 164.779
0.0380971 164.238
0.0381675 163.752
0.0382379 163.21
0.0383085 162.729
0.0383793 162.193
0.0384502 161.708
0.0385212 161.176
0.0385923 160.696
0.0386636 160.157
0.038735 159.684
0.0388065 159.15
0.0388781 158.678
0.0389499 158.152
0.0390219 157.681
0.0390939 157.165
0.0391661 156.695
0.0392384 156.19
0.0393109 155.715
0.0393835 155.215
0.0394562 154.735
0.0395291 154.244
0.0396021 153.765
0.0396752 153.267
0.0397485 152.793
0.0398219 152.302
0.0398954 151.825
0.0399691 151.344
0.0400429 150.866
0.0401168 150.397
0.0401909 149.922
0.0402651 149.462
0.0403395 148.981
0.040414 148.53
0.0404886 148.024
0.0405633 147.603
0.0406383 147.099
0.0407133 146.676
0.0407885 146.176
0.0408638 145.75
0.0409393 145.259
0.0410149 144.833
0.0410906 144.346
0.0411665 143.916
0.0412425 143.436
0.0413186 143.012
0.0413949 142.543
0.0414714 142.124
0.041548 141.657
0.0416247 141.234
0.0417016 140.77
0.0417786 140.35
0.0418557 139.883
0.041933 139.47
0.0420104 139.005
0.042088 138.592
0.0421657 138.135
0.0422436 137.711
0.0423216 137.257
0.0423998 136.843
0.042478 136.396
0.0425565 135.983
0.0426351 135.546
0.0427138 135.127
0.0427927 134.693
0.0428717 134.279
0.0429509 133.849
0.0430302 133.436
0.0431096 133.01
0.0431892 132.587
0.043269 132.171
0.0433489 131.747
0.0434289 131.339
0.0435091 130.914
0.0435895 130.506
0.04367 130.074
0.0437506 129.689
0.0438314 129.247
0.0439124 128.873
0.0439934 128.446
0.0440747 128.071
0.0441561 127.638
0.0442376 127.266
0.0443193 126.844
0.0444011 126.462
0.0444831 126.044
0.0445653 125.666
0.0446476 125.243
0.04473 124.872
0.0448126 124.456
0.0448954 124.083
0.0449783 123.669
0.0450613 123.304
0.0451445 122.892
0.0452279 122.531
0.0453114 122.128
0.0453951 121.764
0.0454789 121.362
0.0455629 120.997
0.045647 120.599
0.0457313 120.231
0.0458158 119.835
0.0459004 119.47
0.0459851 119.08
0.0460701 118.712
0.0461551 118.33
0.0462404 117.961
0.0463257 117.576
0.0464113 117.214
0.046497 116.84
0.0465829 116.478
0.0466689 116.108
0.0467551 115.744
0.0468414 115.381
0.0469279 115.011
0.0470145 114.656
0.0471014 114.281
0.0471883 113.928
0.0472755 113.535
0.0473628 113.209
0.0474502 112.816
0.0475379 112.49
0.0476256 112.104
0.0477136 111.775
0.0478017 111.4
0.04789 111.074
0.0479784 110.705
0.048067 110.375
0.0481558 110.007
0.0482447 109.676
0.0483338 109.314
0.048423 108.987
0.0485124 108.622
0.048602 108.293
0.0486918 107.932
0.0487817 107.607
0.0488718 107.245
0.048962 106.926
0.0490524 106.565
0.049143 106.251
0.0492338 105.898
0.0493247 105.576
0.0494158 105.23
0.049507 104.915
0.0495984 104.57
0.04969 104.25
0.0497818 103.911
0.0498737 103.586
0.0499658 103.251
0.0500581 102.929
0.0501505 102.598
0.0502431 102.276
0.0503359 101.945
0.0504288 101.621
0.050522 101.299
0.0506153 100.977
0.0507087 100.662
0.0508024 100.341
0.0508962 100.029
0.0509902 99.7
0.0510843 99.3993
0.0511786 99.0592
0.0512732 98.7675
0.0513678 98.4329
0.0514627 98.1439
0.0515577 97.8054
0.0516529 97.5188
0.0517483 97.1879
0.0518439 96.8945
0.0519396 96.5702
0.0520355 96.2809
0.0521316 95.9577
0.0522279 95.6731
0.0523243 95.3576
0.0524209 95.0714
0.0525177 94.7569
0.0526147 94.4728
0.0527119 94.1544
0.0528092 93.8738
0.0529067 93.5589
0.0530044 93.2762
0.0531023 92.9642
0.0532004 92.6828
0.0532986 92.3753
0.053397 92.09
0.0534956 91.7836
0.0535944 91.5034
0.0536934 91.2062
0.0537925 90.9254
0.0538919 90.6343
0.0539914 90.3507
0.0540911 90.0541
0.054191 89.7741
0.054291 89.4833
0.0543913 89.2029
0.0544917 88.9143
0.0545924 88.6312
0.0546932 88.3492
0.0547942 88.0639
0.0548954 87.7879
0.0549967 87.4973
0.0550983 87.2256
0.0552 86.9285
0.055302 86.6764
0.0554041 86.3792
0.0555064 86.1281
0.0556089 85.8332
0.0557116 85.5829
0.0558144 85.2903
0.0559175 85.0379
0.0560208 84.7512
0.0561242 84.4953
0.0562279 84.2079
0.0563317 83.9527
0.0564357 83.6706
0.0565399 83.418
0.0566443 83.1384
0.0567489 82.8861
0.0568537 82.6084
0.0569587 82.3602
0.0570639 82.0855
0.0571693 81.8404
0.0572748 81.5654
0.0573806 81.3206
0.0574866 81.0475
0.0575927 80.7968
0.0576991 80.5271
0.0578056 80.2823
0.0579124 80.0149
0.0580193 79.7668
0.0581264 79.504
0.0582338 79.2534
0.0583413 78.994
0.058449 78.7466
0.058557 78.4908
0.0586651 78.2461
0.0587734 77.9942
0.058882 77.7462
0.0589907 77.4993
0.0590996 77.2514
0.0592088 77.0059
0.0593181 76.7565
0.0594276 76.5128
0.0595374 76.2605
0.0596473 76.0254
0.0597575 75.7612
0.0598678 75.5379
0.0599784 75.276
0.0600891 75.0558
0.0602001 74.7948
0.0603112 74.575
0.0604226 74.3241
0.0605342 74.1009
0.060646 73.8528
0.060758 73.6294
0.0608702 73.3802
0.0609826 73.1581
0.0610952 72.9116
0.061208 72.6907
0.061321 72.4455
0.0614343 72.2239
0.0615477 71.9779
0.0616614 71.7594
0.0617752 71.5163
0.0618893 71.2995
0.0620036 71.0605
0.0621181 70.8452
0.0622328 70.6113
0.0623477 70.3923
0.0624628 70.1577
0.0625782 69.9421
0.0626937 69.7107
0.0628095 69.4957
0.0629255 69.2655
0.0630417 69.0473
0.0631581 68.8166
0.0632747 68.6013
0.0633916 68.3744
0.0635086 68.1585
0.0636259 67.9353
0.0637434 67.7179
0.0638611 67.5018
0.063979 67.2846
0.0640972 67.0732
0.0642155 66.8534
0.0643341 66.6422
0.0644529 66.4154
0.0645719 66.2174
0.0646912 65.9858
0.0648106 65.7912
0.0649303 65.5608
0.0650502 65.3669
0.0651703 65.1384
0.0652907 64.9448
0.0654113 64.7215
0.065532 64.5245
0.0656531 64.3041
0.0657743 64.1092
0.0658957 63.8953
0.0660174 63.7021
0.0661393 63.489
0.0662615 63.294
0.0663838 63.0801
0.0665064 62.8866
0.0666292 62.6721
0.0667523 62.4825
0.0668755 62.2683
0.066999 62.08
0.0671227 61.8682
0.0672467 61.674
0.0673709 61.4661
0.0674953 61.2782
0.0676199 61.0733
0.0677448 60.8836
0.0678699 60.6839
0.0679952 60.4928
0.0681208 60.2946
0.0682466 60.1034
0.0683726 59.9044
0.0684988 59.7152
0.0686253 59.5178
0.0687521 59.3268
0.068879 59.1343
0.0690062 58.9423
0.0691336 58.7523
0.0692613 58.5586
0.0693892 58.3711
0.0695173 58.1771
0.0696457 57.9962
0.0697743 57.7954
0.0699031 57.6255
0.0700322 57.425
0.0701616 57.2543
0.0702911 57.0552
0.0704209 56.8833
0.070551 56.687
0.0706812 56.5133
0.0708118 56.3185
0.0709425 56.146
0.0710735 55.9519
0.0712048 55.7805
0.0713362 55.5894
0.071468 55.4192
0.0716 55.2309
0.0717322 55.0613
0.0718646 54.8746
0.0719973 54.7059
0.0721303 54.5205
0.0722635 54.3528
0.0723969 54.1689
0.0725306 54.0016
0.0726645 53.819
0.0727987 53.6492
0.0729332 53.4662
0.0730678 53.2997
0.0732028 53.1189
0.0733379 52.9527
0.0734734 52.7738
0.073609 52.6064
0.073745 52.4287
0.0738812 52.265
0.0740176 52.0907
0.0741543 51.9264
0.0742912 51.7547
0.0744284 51.5872
0.0745658 51.4198
0.0747035 51.2501
0.0748415 51.0849
0.0749797 50.914
0.0751181 50.7506
0.0752568 50.575
0.0753958 50.4205
0.075535 50.241
0.0756745 50.0899
0.0758143 49.9128
0.0759543 49.7643
0.0760945 49.5906
0.076235 49.4431
0.0763758 49.2728
0.0765168 49.1203
0.0766581 48.951
0.0767997 48.7998
0.0769415 48.632
0.0770836 48.4816
0.0772259 48.3153
0.0773685 48.1642
0.0775114 47.9984
0.0776545 47.8494
0.0777979 47.682
0.0779416 47.5355
0.0780855 47.3714
0.0782297 47.2262
0.0783742 47.0653
0.0785189 46.9189
0.0786639 46.7585
0.0788092 46.6131
0.0789547 46.4547
0.0791005 46.3078
0.0792466 46.1508
0.0793929 46.0029
0.0795395 45.8486
0.0796864 45.7009
0.0798335 45.5458
0.0799809 45.3998
0.0801286 45.2464
0.0802766 45.0993
0.0804248 44.9501
0.0805734 44.8053
0.0807221 44.6594
0.0808712 44.5122
0.0810205 44.3679
0.0811702 44.2186
0.08132 44.0773
0.0814702 43.9206
0.0816207 43.7886
0.0817714 43.6321
0.0819224 43.5
0.0820737 43.3447
0.0822252 43.2121
0.0823771 43.0596
0.0825292 42.9269
0.0826816 42.776
0.0828342 42.6439
0.0829872 42.4972
0.0831405 42.366
0.083294 42.22
0.0834478 42.0892
0.0836019 41.9438
0.0837563 41.8118
0.0839109 41.6668
0.0840659 41.5352
0.0842211 41.3897
0.0843766 41.2608
0.0845325 41.1166
0.0846885 40.9882
0.0848449 40.8461
0.0850016 40.7153
0.0851586 40.5745
0.0853158 40.4469
0.0854734 40.3094
0.0856312 40.1815
0.0857893 40.0449
0.0859478 39.9157
0.0861065 39.7792
0.0862655 39.6514
0.0864248 39.5152
0.0865844 39.3883
0.0867442 39.2542
0.0869044 39.1239
0.0870649 38.9939
0.0872257 38.8628
0.0873868 38.735
0.0875481 38.6044
0.0877098 38.4782
0.0878718 38.3461
0.088034 38.2264
0.0881966 38.0899
0.0883594 37.973
0.0885226 37.8386
0.0886861 37.7222
0.0888498 37.5866
0.0890139 37.4712
0.0891783 37.3386
0.089343 37.2202
0.0895079 37.0888
0.0896732 36.9714
0.0898388 36.8398
0.0900047 36.7245
0.0901709 36.5954
0.0903374 36.48
0.0905043 36.3539
0.0906714 36.2395
0.0908388 36.1117
0.0910066 35.9987
0.0911746 35.872
0.091343 35.7583
0.0915116 35.6327
0.0916806 35.5186
0.0918499 35.3941
0.0920195 35.2798
0.0921895 35.1568
0.0923597 35.0427
0.0925303 34.9213
0.0927011 34.8067
0.0928723 34.6877
0.0930438 34.5757
0.0932156 34.4562
0.0933877 34.3445
0.0935602 34.2274
0.093733 34.1143
0.0939061 33.9988
0.0940795 33.8856
0.0942532 33.7718
0.0944272 33.6574
0.0946016 33.546
0.0947763 33.4296
0.0949513 33.3197
0.0951266 33.1979
0.0953023 33.0966
0.0954783 32.975
0.0956546 32.8745
0.0958312 32.7558
0.0960082 32.6544
0.0961855 32.5378
0.0963631 32.436
0.0965411 32.3207
0.0967193 32.2174
0.0968979 32.1028
0.0970769 32.0001
0.0972561 31.8863
0.0974357 31.7851
0.0976156 31.6712
0.0977959 31.5692
0.0979765 31.4568
0.0981574 31.3552
0.0983387 31.2424
0.0985203 31.1442
0.0987022 31.0337
0.0988845 30.9354
0.0990671 30.8261
0.09925 30.7255
0.0994333 30.6168
0.0996169 30.5179
0.0998008 30.4102
0.0999851 30.3111
0.10017 30.2045
0.100355 30.1032
0.10054 29.9977
0.100726 29.8981
0.100912 29.7938
0.101098 29.6945
0.101285 29.5917
0.101472 29.4918
0.101659 29.3922
0.101847 29.2919
0.102035 29.1941
0.102223 29.0934
0.102412 28.9952
0.102601 28.8925
0.102791 28.7992
0.102981 28.6922
0.103171 28.6014
0.103361 28.4971
0.103552 28.4063
0.103743 28.3008
0.103935 28.2115
0.104127 28.109
0.104319 28.0179
0.104512 27.9182
0.104705 27.8283
0.104898 27.7277
0.105092 27.6391
0.105286 27.5399
0.10548 27.4506
0.105675 27.3512
0.10587 27.2627
0.106066 27.1628
0.106262 27.0749
0.106458 26.9767
0.106654 26.8883
0.106851 26.791
0.107049 26.7032
0.107246 26.6071
0.107444 26.5192
0.107643 26.4247
0.107841 26.3378
0.108041 26.2445
0.10824 26.157
0.10844 26.0654
0.10864 25.9773
0.108841 25.8845
0.109042 25.7972
0.109243 25.7059
0.109445 25.6178
0.109647 25.5279
0.10985 25.4399
0.110052 25.3515
0.110256 25.263
0.110459 25.1773
0.110663 25.0882
0.110868 25.0036
0.111072 24.9106
0.111277 24.8324
0.111483 24.7391
0.111689 24.6607
0.111895 24.5681
0.112102 24.4892
0.112309 24.3978
0.112516 24.319
0.112724 24.2289
0.112932 24.1493
0.11314 24.0595
0.113349 23.98
0.113559 23.892
0.113768 23.8145
0.113978 23.7275
0.114189 23.6491
0.1144 23.5632
0.114611 23.4852
0.114823 23.3988
0.115035 23.3222
0.115247 23.236
0.11546 23.1593
0.115673 23.0739
0.115887 22.9957
0.116101 22.9112
0.116315 22.8349
0.11653 22.7508
0.116745 22.6737
0.116961 22.5916
0.117177 22.5141
0.117393 22.4333
0.11761 22.3571
0.117827 22.2774
0.118045 22.2009
0.118263 22.1214
0.118481 22.0437
0.1187 21.9659
0.118919 21.8879
0.119139 21.8115
0.119359 21.7329
0.119579 21.6572
0.1198 21.5774
0.120021 21.5047
0.120243 21.4222
0.120465 21.3527
0.120687 21.2723
0.12091 21.2037
0.121133 21.1226
0.121357 21.0542
0.121581 20.9749
0.121806 20.9046
0.12203 20.8268
0.122256 20.757
0.122482 20.6782
0.122708 20.6092
0.122934 20.5318
0.123161 20.4627
0.123389 20.3857
0.123617 20.317
0.123845 20.2395
0.124074 20.1723
0.124303 20.0966
0.124532 20.0289
0.124762 19.9549
0.124993 19.8871
0.125223 19.8137
0.125455 19.745
0.125686 19.6713
0.125918 19.6037
0.126151 19.5313
0.126384 19.4632
0.126617 19.3918
0.126851 19.3235
0.127085 19.2511
0.12732 19.184
0.127555 19.1133
0.127791 19.0464
0.128027 18.977
0.128263 18.9097
0.1285 18.8423
0.128737 18.774
0.128975 18.7078
0.129213 18.6383
0.129452 18.5727
0.129691 18.5011
0.12993 18.4397
0.13017 18.3667
0.130411 18.3059
0.130651 18.2336
0.130893 18.1734
0.131134 18.1018
0.131376 18.0418
0.131619 17.9726
0.131862 17.9116
0.132106 17.8429
0.13235 17.7822
0.132594 17.7144
0.132839 17.6539
0.133084 17.5868
0.13333 17.5257
0.133576 17.4583
0.133823 17.3979
0.13407 17.3307
0.134317 17.271
0.134565 17.2042
0.134814 17.1448
0.135063 17.0789
0.135312 17.0187
0.135562 16.9541
0.135812 16.8958
0.136063 16.8319
0.136315 16.7723
0.136566 16.7095
0.136818 16.6494
0.137071 16.5868
0.137324 16.5271
0.137578 16.4648
0.137832 16.4053
0.138086 16.3437
0.138341 16.2833
0.138597 16.2232
0.138853 16.1633
0.139109 16.1039
0.139366 16.0437
0.139623 15.9855
0.139881 15.9253
0.14014 15.8693
0.140398 15.8058
0.140658 15.7523
0.140917 15.6893
0.141177 15.6365
0.141438 15.5729
0.141699 15.5197
0.141961 15.4577
0.142223 15.4037
0.142486 15.3428
0.142749 15.289
0.143013 15.2282
0.143277 15.1751
0.143541 15.1156
0.143806 15.0629
0.144072 15.0043
0.144338 14.9513
0.144604 14.8923
0.144871 14.8395
0.145139 14.7812
0.145407 14.7284
0.145675 14.6707
0.145944 14.618
0.146214 14.5611
0.146484 14.5077
0.146754 14.4506
0.147025 14.3983
0.147297 14.3422
0.147569 14.2906
0.147841 14.2352
0.148114 14.1833
0.148388 14.1281
0.148662 14.0767
0.148937 14.0224
0.149212 13.9708
0.149487 13.9169
0.149763 13.8646
0.15004 13.812
0.150317 13.7589
0.150594 13.7077
0.150872 13.654
0.151151 13.6031
0.15143 13.5479
0.15171 13.5005
0.15199 13.4447
0.152271 13.3985
0.152552 13.3433
0.152833 13.2973
0.153116 13.2424
0.153398 13.1962
0.153682 13.1424
0.153965 13.0952
0.15425 13.0417
0.154535 12.9946
0.15482 12.9419
0.155106 12.8954
0.155392 12.8431
0.155679 12.7961
0.155967 12.7442
0.156255 12.6977
0.156543 12.646
0.156832 12.6007
0.157122 12.55
0.157412 12.5044
0.157703 12.454
0.157994 12.4077
0.158286 12.3578
0.158578 12.3123
0.158871 12.2629
0.159164 12.2164
0.159458 12.1677
0.159753 12.1213
0.160048 12.0732
0.160343 12.0269
0.160639 11.9788
0.160936 11.9335
0.161233 11.8863
0.161531 11.8408
0.161829 11.7948
0.162128 11.749
0.162427 11.7036
0.162727 11.657
0.163028 11.6125
0.163329 11.5655
0.16363 11.5219
0.163933 11.4725
0.164235 11.4317
0.164539 11.3827
0.164842 11.3419
0.165147 11.2932
0.165452 11.2524
0.165757 11.2052
0.166063 11.164
0.16637 11.1176
0.166677 11.0767
0.166985 11.0305
0.167293 10.9899
0.167602 10.9439
0.167912 10.9033
0.168222 10.8578
0.168532 10.8168
0.168844 10.7714
0.169155 10.7306
0.169468 10.6855
0.169781 10.6451
0.170094 10.6007
0.170408 10.5606
0.170723 10.5172
0.171038 10.4767
0.171354 10.4336
0.171671 10.3938
0.171988 10.3509
0.172305 10.311
0.172623 10.2685
0.172942 10.2283
0.173261 10.1858
0.173581 10.146
0.173902 10.1039
0.174223 10.0641
0.174545 10.0229
0.174867 9.98237
0.17519 9.94242
0.175514 9.90181
0.175838 9.86272
0.176162 9.82217
0.176488 9.78378
0.176814 9.74199
0.17714 9.70557
0.177467 9.66273
0.177795 9.62694
0.178123 9.58434
0.178452 9.54882
0.178782 9.50632
0.179112 9.47111
0.179443 9.42959
0.179774 9.39344
0.180106 9.3523
0.180438 9.31662
0.180772 9.27615
0.181105 9.24097
0.18144 9.20146
0.181775 9.16578
0.182111 9.12655
0.182447 9.09125
0.182784 9.05157
0.183121 9.01646
0.183459 8.97721
0.183798 8.94199
0.184138 8.90331
0.184478 8.86806
0.184818 8.8296
0.18516 8.79456
0.185502 8.75675
0.185844 8.72165
0.186187 8.68452
0.186531 8.64959
0.186876 8.61329
0.187221 8.57852
0.187566 8.5419
0.187913 8.50728
0.18826 8.47114
0.188607 8.43596
0.188956 8.40053
0.189305 8.36542
0.189654 8.33063
0.190004 8.29502
0.190355 8.26087
0.190707 8.22493
0.191059 8.19172
0.191412 8.15414
0.191765 8.12351
0.192119 8.08671
0.192474 8.05578
0.192829 8.01902
0.193186 7.98807
0.193542 7.95192
0.1939 7.92074
0.194258 7.88489
0.194616 7.85359
0.194976 7.81793
0.195336 7.78701
0.195697 7.75172
0.196058 7.72089
0.19642 7.68606
0.196783 7.65513
0.197146 7.62062
0.19751 7.5901
0.197875 7.55601
0.19824 7.52577
0.198606 7.49223
0.198973 7.46187
0.199341 7.42878
0.199709 7.39795
0.200077 7.36493
0.200447 7.33445
0.200817 7.30184
0.201188 7.27121
0.201559 7.23888
0.201932 7.20811
0.202304 7.176
0.202678 7.14585
0.203052 7.11421
0.203427 7.08457
0.203803 7.05366
0.204179 7.02307
0.204556 6.99291
0.204934 6.96216
0.205312 6.93249
0.205692 6.9016
0.206071 6.87214
0.206452 6.84053
0.206833 6.81247
0.207215 6.77986
0.207598 6.75258
0.207981 6.72069
0.208365 6.69368
0.20875 6.66162
0.209135 6.63514
0.209522 6.60434
0.209908 6.57721
0.210296 6.54667
0.210684 6.51969
0.211073 6.48892
0.211463 6.46241
0.211854 6.43212
0.212245 6.40518
0.212637 6.37523
0.21303 6.34869
0.213423 6.31839
0.213817 6.292
0.214212 6.26238
0.214607 6.23588
0.215004 6.20685
0.215401 6.18063
0.215799 6.15226
0.216197 6.12582
0.216596 6.09773
0.216996 6.07124
0.217397 6.04345
0.217798 6.01676
0.218201 5.98927
0.218603 5.96297
0.219007 5.93514
0.219412 5.90892
0.219817 5.88178
0.220223 5.85529
0.220629 5.8286
0.221037 5.80226
0.221445 5.77625
0.221854 5.74993
0.222263 5.72471
0.222674 5.69801
0.223085 5.67306
0.223497 5.645
0.22391 5.62194
0.224323 5.59389
0.224737 5.57078
0.225152 5.54292
0.225568 5.51956
0.225985 5.49222
0.226402 5.46893
0.22682 5.44199
0.227239 5.41862
0.227659 5.39198
0.228079 5.36899
0.2285 5.34302
0.228922 5.32032
0.229345 5.29442
0.229768 5.27138
0.230193 5.2458
0.230618 5.22271
0.231044 5.19698
0.23147 5.1743
0.231898 5.1489
0.232326 5.12627
0.232755 5.10118
0.233185 5.07816
0.233615 5.05347
0.234047 5.03086
0.234479 5.0065
0.234912 4.98412
0.235346 4.96037
0.23578 4.93759
0.236216 4.91406
0.236652 4.89151
0.237089 4.86813
0.237527 4.84574
0.237965 4.8226
0.238405 4.79964
0.238845 4.77712
0.239286 4.75405
0.239728 4.73203
0.240171 4.70893
0.240614 4.68705
0.241058 4.66368
0.241504 4.64302
0.24195 4.61923
0.242396 4.59926
0.242844 4.57588
0.243292 4.55591
0.243742 4.53223
0.244192 4.51256
0.244643 4.48944
0.245094 4.46917
0.245547 4.44635
0.246 4.42639
0.246455 4.40349
0.24691 4.38377
0.247366 4.3612
0.247822 4.3415
0.24828 4.31911
0.248739 4.29992
0.249198 4.27782
0.249658 4.25857
0.250119 4.23689
0.250581 4.21737
0.251044 4.19602
0.251507 4.17662
0.251972 4.15554
0.252437 4.13587
0.252903 4.11485
0.25337 4.09532
0.253838 4.07467
0.254307 4.05511
0.254776 4.0348
0.255247 4.01539
0.255718 3.99507
0.25619 3.97605
0.256663 3.95635
0.257137 3.9372
0.257612 3.91776
0.258088 3.89838
0.258565 3.87933
0.259042 3.85979
0.25952 3.84118
0.26 3.8214
0.26048 3.80298
0.260961 3.78219
0.261443 3.76527
0.261925 3.74463
0.262409 3.72777
0.262894 3.70732
0.263379 3.69062
0.263865 3.67086
0.264353 3.65409
0.264841 3.63463
0.26533 3.61772
0.26582 3.59824
0.266311 3.58141
0.266803 3.56219
0.267295 3.54554
0.267789 3.52646
0.268283 3.50956
0.268779 3.49074
0.269275 3.47403
0.269772 3.45517
0.27027 3.43875
0.27077 3.42024
0.27127 3.40399
0.27177 3.38594
0.272272 3.36946
0.272775 3.35169
0.273279 3.33542
0.273783 3.31774
0.274289 3.30132
0.274796 3.28395
0.275303 3.26732
0.275811 3.25012
0.276321 3.23367
0.276831 3.21668
0.277342 3.20028
0.277854 3.18353
0.278367 3.16689
0.278881 3.15067
0.279396 3.13432
0.279912 3.11848
0.280429 3.102
0.280947 3.08635
0.281466 3.0697
0.281986 3.05457
0.282506 3.03716
0.283028 3.02272
0.283551 3.00558
0.284074 2.99133
0.284599 2.97395
0.285124 2.95982
0.285651 2.94295
0.286178 2.92858
0.286707 2.91205
0.287236 2.89793
0.287767 2.88166
0.288298 2.86769
0.28883 2.85172
0.289364 2.83772
0.289898 2.8218
0.290433 2.80783
0.29097 2.79191
0.291507 2.77798
0.292045 2.76225
0.292585 2.74823
0.293125 2.73287
0.293666 2.71899
0.294208 2.70382
0.294752 2.68979
0.295296 2.67477
0.295841 2.66105
0.296388 2.64656
0.296935 2.63279
0.297483 2.61844
0.298033 2.60471
0.298583 2.59021
0.299134 2.57654
0.299687 2.56243
0.30024 2.54868
0.300795 2.53467
0.30135 2.52081
0.301906 2.50728
0.302464 2.49324
0.303022 2.48
0.303582 2.46593
0.304143 2.45297
0.304704 2.43863
0.305267 2.4266
0.305831 2.41218
0.306395 2.40028
0.306961 2.38593
0.307528 2.37413
0.308096 2.35986
0.308665 2.34804
0.309235 2.33408
0.309806 2.32214
0.310378 2.30817
0.310951 2.29634
0.311525 2.28264
0.312101 2.27095
0.312677 2.25754
0.313254 2.24581
0.313833 2.23267
0.314412 2.2211
0.314993 2.20805
0.315574 2.19656
0.316157 2.18362
0.316741 2.17212
0.317326 2.15934
0.317912 2.14768
0.318499 2.13513
0.319087 2.12363
0.319676 2.11124
0.320267 2.09962
0.320858 2.08744
0.321451 2.07582
0.322044 2.06384
0.322639 2.05245
0.323235 2.04071
0.323832 2.02945
0.32443 2.01785
0.325029 2.00638
0.325629 1.99511
0.32623 1.98361
0.326833 1.97247
0.327436 1.96082
0.328041 1.94989
0.328646 1.93819
0.329253 1.92766
0.329861 1.9154
0.33047 1.90549
0.331081 1.89347
0.331692 1.88373
0.332305 1.87189
0.332918 1.86217
0.333533 1.85065
0.334149 1.84082
0.334766 1.82944
0.335384 1.81965
0.336003 1.80832
0.336624 1.79857
0.337246 1.78738
0.337868 1.77772
0.338492 1.76662
0.339117 1.75695
0.339743 1.74594
0.340371 1.7363
0.340999 1.72549
0.341629 1.716
0.34226 1.70554
0.342892 1.69607
0.343525 1.68585
0.344159 1.67627
0.344795 1.66601
0.345432 1.65664
0.34607 1.64648
0.346709 1.63708
0.347349 1.62705
0.34799 1.61761
0.348633 1.60761
0.349277 1.59824
0.349922 1.58855
0.350568 1.57922
0.351215 1.56965
0.351864 1.56034
0.352513 1.55116
0.353164 1.54178
0.353817 1.53285
0.35447 1.52337
0.355125 1.51457
0.35578 1.50475
0.356437 1.49648
0.357095 1.48654
0.357755 1.47846
0.358416 1.46856
0.359077 1.46059
0.35974 1.45078
0.360405 1.44286
0.36107 1.4333
0.361737 1.42537
0.362405 1.416
0.363074 1.40815
0.363745 1.39905
0.364416 1.39125
0.365089 1.38223
0.365763 1.3743
0.366439 1.36539
0.367116 1.35755
0.367793 1.34859
0.368473 1.34086
0.369153 1.33206
0.369835 1.32431
0.370518 1.31563
0.371202 1.30789
0.371887 1.29941
0.372574 1.29182
0.373262 1.28357
0.373951 1.27594
0.374642 1.26788
0.375334 1.2602
0.376027 1.25226
0.376721 1.24459
0.377417 1.23666
0.378114 1.22908
0.378812 1.22129
0.379511 1.2136
0.380212 1.20598
0.380914 1.19828
0.381618 1.19086
0.382322 1.18309
0.383028 1.17593
0.383736 1.16823
0.384444 1.16128
0.385154 1.15329
0.385866 1.14683
0.386578 1.13892
0.387292 1.13245
0.388007 1.12455
0.388724 1.11811
0.389441 1.11036
0.390161 1.10384
0.390881 1.09621
0.391603 1.08976
0.392326 1.08218
0.39305 1.07585
0.393776 1.06837
0.394503 1.06214
0.395232 1.05489
0.395962 1.04864
0.396693 1.04155
0.397425 1.03528
0.398159 1.02822
0.398895 1.022
0.399631 1.01508
0.400369 1.00886
0.401108 1.00206
0.401849 0.995793
0.402591 0.989012
0.403335 0.982843
0.404079 0.97615
0.404826 0.970014
0.405573 0.963453
0.406322 0.957379
0.407072 0.950981
0.407824 0.944994
0.408577 0.938747
0.409332 0.932748
0.410088 0.926581
0.410845 0.920466
0.411604 0.914504
0.412364 0.908323
0.413125 0.902482
0.413888 0.896271
0.414652 0.890567
0.415418 0.884187
0.416185 0.878811
0.416954 0.872322
0.417723 0.867151
0.418495 0.860839
0.419268 0.855795
0.420042 0.849578
0.420818 0.844578
0.421595 0.838505
0.422373 0.833395
0.423153 0.827363
0.423934 0.822287
0.424717 0.816313
0.425502 0.811306
0.426287 0.805407
0.427075 0.800357
0.427863 0.794594
0.428653 0.789636
0.429445 0.783878
0.430238 0.778973
0.431032 0.773384
0.431828 0.768541
0.432626 0.763121
0.433425 0.758287
0.434225 0.752902
0.435027 0.748065
0.43583 0.742785
0.436635 0.737907
0.437441 0.732706
0.438249 0.727803
0.439058 0.722694
0.439869 0.717846
0.440681 0.712762
0.441495 0.707968
0.44231 0.703024
0.443127 0.698225
0.443945 0.693469
0.444765 0.688713
0.445586 0.68411
0.446409 0.679285
0.447234 0.674783
0.448059 0.669905
0.448887 0.665509
0.449716 0.660372
0.450546 0.656329
0.451378 0.651259
0.452212 0.64721
0.453047 0.642181
0.453883 0.638175
0.454722 0.633264
0.455561 0.629295
0.456402 0.624521
0.457245 0.620575
0.45809 0.61595
0.458935 0.612049
0.459783 0.607454
0.460632 0.603563
0.461483 0.599023
0.462335 0.595106
0.463189 0.590626
0.464044 0.586728
0.464901 0.582248
0.465759 0.578418
0.466619 0.574043
0.467481 0.570221
0.468344 0.565961
0.469209 0.562159
0.470076 0.557985
0.470944 0.554265
0.471813 0.550223
0.472684 0.546475
0.473557 0.54249
0.474432 0.538725
0.475308 0.534768
0.476186 0.531035
0.477065 0.527141
0.477946 0.523431
0.478828 0.519626
0.479713 0.515819
0.480598 0.512146
0.481486 0.508343
0.482375 0.504789
0.483266 0.50101
0.484158 0.49756
0.485052 0.493797
0.485948 0.490527
0.486845 0.486634
0.487744 0.483478
0.488645 0.479671
0.489547 0.47655
0.490451 0.472696
0.491357 0.469626
0.492264 0.465867
0.493173 0.462769
0.494084 0.459056
0.494996 0.456001
0.495911 0.452329
0.496826 0.44935
0.497744 0.445789
0.498663 0.442825
0.499584 0.439394
0.500506 0.436471
0.50143 0.433025
0.502356 0.430088
0.503284 0.426717
0.504213 0.423772
0.505144 0.420457
0.506077 0.417532
0.507012 0.41426
0.507948 0.411334
0.508886 0.408118
0.509826 0.405203
0.510767 0.402075
0.51171 0.399169
0.512655 0.396149
0.513602 0.393336
0.51455 0.390359
0.515501 0.387532
0.516453 0.384629
0.517406 0.381777
0.518362 0.378917
0.519319 0.376054
0.520278 0.373278
0.521239 0.37037
0.522201 0.367686
0.523165 0.364756
0.524131 0.362129
0.525099 0.359044
0.526069 0.3567
0.52704 0.353691
0.528014 0.351376
0.528989 0.348477
0.529966 0.346143
0.530944 0.343293
0.531925 0.34097
0.532907 0.338154
0.533891 0.335843
0.534877 0.333032
0.535865 0.330726
0.536854 0.327977
0.537845 0.325711
0.538839 0.322975
0.539834 0.320705
0.54083 0.318056
0.541829 0.315811
0.54283 0.313207
0.543832 0.311029
0.544836 0.308523
0.545842 0.306349
0.54685 0.303875
0.54786 0.301671
0.548872 0.299237
0.549885 0.297061
0.550901 0.294654
0.551918 0.292474
0.552937 0.290111
0.553958 0.28791
0.554981 0.285611
0.556006 0.283435
0.557033 0.281183
0.558061 0.279048
0.559092 0.276869
0.560124 0.274738
0.561159 0.272657
0.562195 0.270507
0.563233 0.268476
0.564273 0.26631
0.565315 0.264315
0.566359 0.262105
0.567405 0.26021
0.568453 0.257915
0.569502 0.256122
0.570554 0.253882
0.571608 0.25211
0.572663 0.249865
0.573721 0.248157
0.57478 0.245992
0.575842 0.244272
0.576905 0.242214
0.57797 0.240512
0.579037 0.238459
0.580107 0.236767
0.581178 0.234744
0.582251 0.233045
0.583326 0.231034
0.584404 0.229376
0.585483 0.227379
0.586564 0.225723
0.587647 0.22377
0.588732 0.222108
0.589819 0.220211
0.590908 0.218577
0.592 0.216742
0.593093 0.215133
0.594188 0.213358
0.595285 0.211753
0.596385 0.210016
0.597486 0.208401
0.598589 0.206689
0.599694 0.205078
0.600802 0.203378
0.601911 0.201774
0.603023 0.200123
0.604136 0.198518
0.605252 0.196897
0.60637 0.195277
0.607489 0.193723
0.608611 0.192106
0.609735 0.190624
0.610861 0.18904
0.611989 0.187607
0.613119 0.185933
0.614251 0.184631
0.615386 0.182959
0.616522 0.181664
0.61766 0.180005
0.618801 0.178717
0.619944 0.177094
0.621088 0.175812
0.622235 0.174216
0.623384 0.172947
0.624535 0.171363
0.625689 0.170113
0.626844 0.16858
0.628002 0.167372
0.629161 0.165917
0.630323 0.164685
0.631487 0.16325
0.632653 0.162032
0.633821 0.1606
0.634992 0.159394
0.636164 0.157986
0.637339 0.156779
0.638516 0.155389
0.639695 0.154178
0.640876 0.152821
0.64206 0.151633
0.643246 0.150306
0.644433 0.149122
0.645623 0.147846
0.646816 0.146684
0.64801 0.145459
0.649207 0.144301
0.650405 0.143099
0.651606 0.141935
0.65281 0.140752
0.654015 0.139575
0.655223 0.13842
0.656433 0.137243
0.657645 0.136123
0.658859 0.134929
0.660076 0.133842
0.661295 0.132638
0.662516 0.131613
0.66374 0.130355
0.664965 0.129427
0.666193 0.128251
0.667423 0.127328
0.668656 0.12614
0.669891 0.125227
0.671128 0.124065
0.672367 0.123142
0.673608 0.121997
0.674852 0.121081
0.676099 0.119949
0.677347 0.119042
0.678598 0.117929
0.679851 0.117037
0.681106 0.115938
0.682364 0.115056
0.683624 0.113989
0.684887 0.113129
0.686151 0.112117
0.687418 0.111255
0.688688 0.110266
0.689959 0.109406
0.691233 0.108427
0.69251 0.107561
0.693789 0.106593
0.69507 0.105734
0.696353 0.104789
0.697639 0.103931
0.698928 0.103004
0.700218 0.102153
0.701511 0.101242
0.702807 0.100401
0.704104 0.0995349
0.705405 0.0987132
0.706707 0.0978801
0.708012 0.0970518
0.70932 0.0962469
0.710629 0.0954036
0.711942 0.094618
0.713256 0.0937653
0.714574 0.0930035
0.715893 0.092109
0.717215 0.0914146
0.718539 0.0905124
0.719866 0.0898375
0.721196 0.0889512
0.722527 0.0882948
0.723862 0.0874235
0.725198 0.0867834
0.726537 0.0859712
0.727879 0.08533
0.729223 0.0845181
0.73057 0.0838797
0.731919 0.0830837
0.73327 0.0824497
0.734624 0.0816675
0.735981 0.0810259
0.73734 0.0802538
0.738702 0.0796221
0.740066 0.0788593
0.741432 0.0782372
0.742801 0.077493
0.744173 0.0768769
0.745547 0.0761527
0.746924 0.0755525
0.748303 0.0748676
0.749685 0.0742703
0.75107 0.0736011
0.752456 0.0729967
0.753846 0.0723393
0.755238 0.0717325
0.756633 0.0710844
0.75803 0.0704794
0.75943 0.069845
0.760832 0.0692433
0.762237 0.0686217
0.763644 0.0680157
0.765055 0.0674218
0.766467 0.0668169
0.767883 0.0662496
0.769301 0.0656542
0.770721 0.0651162
0.772145 0.0645178
0.77357 0.0640034
0.774999 0.063364
0.77643 0.062893
0.777864 0.0622662
0.7793 0.0617942
0.780739 0.0611736
0.782181 0.0607057
0.783625 0.0600981
0.785072 0.0596308
0.786522 0.0590326
0.787974 0.0585773
0.78943 0.0579937
0.790887 0.0575496
0.792348 0.0570009
0.793811 0.0565644
0.795277 0.0560232
0.796745 0.0555826
0.798217 0.0550498
0.799691 0.0546073
0.801167 0.0540801
0.802647 0.0536416
0.804129 0.053127
0.805614 0.0526884
0.807101 0.0521849
0.808592 0.0517468
0.810085 0.0512504
0.811581 0.0508274
0.81308 0.0503431
0.814581 0.0499318
0.816085 0.0494753
0.817592 0.0490637
0.819102 0.0486144
0.820615 0.0481989
0.82213 0.047765
0.823648 0.0473476
0.825169 0.046917
0.826693 0.0464962
0.828219 0.0460821
0.829749 0.0456541
0.831281 0.0452571
0.832816 0.0448241
0.834354 0.0444453
0.835895 0.0439952
0.837438 0.0436572
0.838985 0.0432183
0.840534 0.0428956
0.842086 0.0424641
0.843641 0.0421451
0.845199 0.0417175
0.84676 0.0414001
0.848323 0.0409803
0.84989 0.0406609
0.851459 0.0402433
0.853031 0.0399274
0.854607 0.0395197
0.856185 0.0392092
0.857766 0.0388095
0.85935 0.0384974
0.860937 0.0381115
0.862526 0.0378145
0.864119 0.0374429
0.865715 0.0371479
0.867313 0.0367885
0.868915 0.0364917
0.87052 0.0361376
0.872127 0.0358397
0.873738 0.0354891
0.875351 0.0351935
0.876967 0.0348523
0.878587 0.0345543
0.880209 0.0342204
0.881835 0.0339234
0.883463 0.0336004
0.885094 0.0333034
0.886729 0.0329911
0.888366 0.0327065
0.890007 0.0324112
0.89165 0.0321251
0.893297 0.0318391
0.894946 0.0315489
0.896599 0.0312725
0.898255 0.0309747
0.899913 0.030708
0.901575 0.0304056
0.90324 0.0301513
0.904908 0.0298277
0.906579 0.0296011
0.908253 0.0292843
0.90993 0.0290601
0.911611 0.0287502
0.913294 0.0285344
0.91498 0.0282432
0.91667 0.0280269
0.918363 0.0277441
0.920059 0.0275283
0.921758 0.0272477
0.92346 0.0270345
0.925165 0.026757
0.926873 0.0265449
0.928585 0.0262709
0.9303 0.0260581
0.932018 0.0257915
0.933739 0.0255788
0.935463 0.0253157
0.93719 0.0251084
0.938921 0.0248545
0.940655 0.0246527
0.942392 0.024414
0.944132 0.0242123
0.945875 0.0239794
0.947622 0.0237786
0.949372 0.023548
0.951125 0.0233464
0.952881 0.0231199
0.954641 0.0229185
0.956404 0.0226977
0.95817 0.0224945
0.959939 0.0222798
0.961712 0.0220774
0.963488 0.0218685
0.965267 0.0216654
0.967049 0.0214689
0.968835 0.0212692
0.970624 0.0210838
0.972417 0.0208834
0.974212 0.0207075
0.976011 0.020497
0.977814 0.0203339
0.979619 0.0201155
0.981428 0.0199609
0.983241 0.0197452
0.985056 0.019594
0.986875 0.0193804
0.988698 0.0192311
0.990523 0.0190232
0.992352 0.0188746
0.994185 0.0186718
0.996021 0.0185271
0.99786 0.0183356
0.999703 0.0181945
1.00155 0.0180087
1.0034 0.0178656
1.00525 0.0176835
1.00711 0.0175425
1.00897 0.0173608
1.01083 0.0172182
1.0127 0.0170406
1.01457 0.0168989
1.01644 0.0167242
1.01832 0.0165842
1.0202 0.0164133
1.02208 0.0162742
1.02397 0.0161106
1.02586 0.0159745
1.02775 0.0158197
1.02965 0.0156846
1.03155 0.0155357
1.03346 0.0154002
1.03537 0.0152528
1.03728 0.0151168
1.03919 0.0149732
1.04111 0.0148352
1.04304 0.0146959
1.04496 0.0145557
1.04689 0.014422
1.04882 0.0142796
1.05076 0.014153
1.0527 0.0140079
1.05465 0.0138902
1.05659 0.0137388
1.05854 0.0136384
1.0605 0.0134934
1.06246 0.0133925
1.06442 0.0132485
1.06638 0.0131473
1.06835 0.0130055
1.07033 0.0129049
1.0723 0.0127648
1.07428 0.0126635
1.07627 0.0125263
1.07825 0.0124269
1.08025 0.0122916
1.08224 0.0121944
1.08424 0.0120622
1.08624 0.0119668
1.08825 0.0118434
1.09026 0.0117488
1.09227 0.0116295
1.09429 0.0115359
1.09631 0.0114178
1.09833 0.011324
1.10036 0.0112079
1.10239 0.0111132
1.10443 0.0109988
1.10647 0.0109049
1.10851 0.0107929
1.11056 0.0106987
1.11261 0.01059
1.11466 0.0104961
1.11672 0.0103918
1.11878 0.0103002
1.12085 0.0102017
1.12292 0.0101121
1.12499 0.0100182
1.12707 0.00992529
1.12915 0.00983455
1.13124 0.00973985
1.13333 0.00965221
1.13542 0.00955558
1.13751 0.00947147
1.13962 0.00937097
1.14172 0.00929325
1.14383 0.0091872
1.14594 0.00911747
1.14806 0.00901463
1.15018 0.00894731
1.1523 0.00884842
1.15443 0.00878304
1.15656 0.00868961
1.1587 0.00862326
1.16083 0.00853048
1.16298 0.00846462
1.16513 0.00837256
1.16728 0.00830666
1.16943 0.00821609
1.17159 0.0081503
1.17376 0.00806112
1.17592 0.00799636
1.1781 0.00790878
1.18027 0.0078444
1.18245 0.00775966
1.18463 0.00769713
1.18682 0.00761707
1.18901 0.00755576
1.19121 0.00747965
1.19341 0.00741748
1.19561 0.00734235
1.19782 0.00727973
1.20003 0.00720607
1.20225 0.00714289
1.20447 0.00707086
1.20669 0.00700748
1.20892 0.00693716
1.21115 0.0068734
1.21339 0.00680566
1.21563 0.00674158
1.21787 0.00667696
1.22012 0.00661418
1.22238 0.00655412
1.22463 0.00649138
1.2269 0.00643506
1.22916 0.00637017
1.23143 0.00631627
1.2337 0.00624439
1.23598 0.0061986
1.23826 0.00612756
1.24055 0.00608188
1.24284 0.00601185
1.24514 0.00596594
1.24744 0.00589761
1.24974 0.00585251
1.25205 0.00578574
1.25436 0.00574215
1.25668 0.00567853
1.259 0.00563569
1.26132 0.00557577
1.26365 0.00553327
1.26598 0.00547352
1.26832 0.0054303
1.27066 0.00537179
1.27301 0.00532845
1.27536 0.00527041
1.27772 0.00522766
1.28008 0.00517049
1.28244 0.00512783
1.28481 0.00507186
1.28718 0.00502902
1.28956 0.00497547
1.29194 0.00493405
1.29432 0.00488303
1.29671 0.00484254
1.29911 0.00479446
1.30151 0.00475313
1.30391 0.00470604
1.30632 0.00466421
1.30873 0.00461846
1.31115 0.00457586
1.31357 0.00453107
1.31599 0.00448783
1.31842 0.00444454
1.32086 0.0044006
1.3233 0.00435962
1.32574 0.00431479
1.32819 0.00427674
1.33064 0.00423118
1.3331 0.00419717
1.33556 0.00415025
1.33803 0.00412039
1.3405 0.00407417
1.34297 0.00404414
1.34545 0.00399797
1.34794 0.00396835
1.35043 0.00392266
1.35292 0.0038927
1.35542 0.00384795
1.35792 0.00381825
1.36043 0.00377423
1.36294 0.00374481
1.36546 0.00370191
1.36798 0.00367319
1.37051 0.00363249
1.37304 0.00360503
1.37557 0.00356648
1.37811 0.0035388
1.38066 0.00350084
1.38321 0.00347269
1.38576 0.00343532
1.38832 0.00340715
1.39088 0.00337056
1.39345 0.00334196
1.39603 0.00330601
1.3986 0.0032774
1.40119 0.00324252
1.40377 0.00321405
1.40637 0.00318044
1.40896 0.00315251
1.41157 0.00312066
1.41417 0.00309354
1.41678 0.00306391
1.4194 0.00303624
1.42202 0.00300721
1.42465 0.00297869
1.42728 0.00295081
1.42991 0.0029212
1.43255 0.00289465
1.4352 0.0028639
1.43785 0.00283894
1.4405 0.00280526
1.44316 0.00278432
1.44583 0.00275055
1.4485 0.00273088
1.45117 0.00269856
1.45385 0.00267952
1.45654 0.00264974
1.45923 0.00263052
1.46192 0.00260094
1.46462 0.00258177
1.46733 0.00255218
1.47004 0.0025329
1.47275 0.00250372
1.47547 0.0024845
1.47819 0.00245592
1.48092 0.00243649
1.48366 0.00240839
1.4864 0.00238932
1.48914 0.00236191
1.49189 0.00234337
1.49465 0.00231739
1.49741 0.00229941
1.50017 0.00227507
1.50294 0.00225681
1.50572 0.0022329
1.5085 0.0022145
1.51129 0.00219099
1.51408 0.00217236
1.51687 0.0021494
1.51967 0.00213042
1.52248 0.00210789
1.52529 0.00208881
1.52811 0.00206717
1.53093 0.00204781
1.53376 0.00202715
1.53659 0.00200799
1.53943 0.00198867
1.54227 0.00197014
1.54512 0.00195239
1.54797 0.00193293
1.55083 0.00191599
1.55369 0.00189535
1.55656 0.00187984
1.55944 0.00185705
1.56231 0.0018438
1.5652 0.0018214
1.56809 0.00180818
1.57099 0.00178588
1.57389 0.00177296
1.57679 0.00175124
1.5797 0.00173861
1.58262 0.00171781
1.58554 0.00170569
1.58847 0.00168659
1.59141 0.00167427
1.59434 0.00165535
1.59729 0.00164305
1.60024 0.00162428
1.60319 0.00161176
1.60615 0.0015932
1.60912 0.00158063
1.61209 0.00156243
1.61507 0.00154981
1.61805 0.00153202
1.62104 0.00151946
1.62403 0.00150223
1.62703 0.00148988
1.63003 0.00147348
1.63304 0.0014616
1.63606 0.00144648
1.63908 0.00143458
1.64211 0.00141958
1.64514 0.00140736
1.64818 0.0013927
1.65122 0.00138017
1.65427 0.00136608
1.65733 0.00135317
1.66039 0.00133944
1.66345 0.00132627
1.66652 0.00131328
1.6696 0.00129974
1.67268 0.00128759
1.67577 0.00127372
1.67887 0.00126296
1.68197 0.00124881
1.68507 0.00123979
1.68819 0.00122499
1.6913 0.0012166
1.69443 0.00120186
1.69756 0.00119349
1.70069 0.00117888
1.70383 0.00117046
1.70698 0.00115599
1.71013 0.00114755
1.71329 0.00113335
1.71645 0.00112497
1.71962 0.00111107
1.7228 0.00110293
1.72598 0.00108967
1.72916 0.0010818
1.73236 0.00106972
1.73556 0.00106178
1.73876 0.00104976
1.74197 0.00104177
1.74519 0.00102991
1.74841 0.00102179
1.75164 0.00101009
1.75487 0.00100186
1.75812 0.000990341
1.76136 0.000982082
1.76461 0.000970943
1.76787 0.000962588
1.77114 0.000951807
1.77441 0.000943523
1.77768 0.000933355
1.78097 0.000925482
1.78426 0.000916178
1.78755 0.000908101
1.79085 0.000898991
1.79416 0.000890619
1.79747 0.000881919
1.80079 0.000873207
1.80412 0.00086482
1.80745 0.000855662
1.81079 0.00084782
1.81413 0.000838108
1.81748 0.000831066
1.82084 0.000820128
1.8242 0.000814593
1.82757 0.000804077
1.83094 0.000798789
1.83432 0.000789345
1.83771 0.000784017
1.8411 0.000774632
1.8445 0.000769213
1.84791 0.000759848
1.85132 0.000754442
1.85474 0.000745158
1.85816 0.000739674
1.8616 0.000730564
1.86503 0.000725128
1.86848 0.000716088
1.87193 0.000710624
1.87538 0.000701841
1.87885 0.000696464
1.88232 0.000688013
1.88579 0.000682967
1.88928 0.000675377
1.89276 0.000670208
1.89626 0.000662696
1.89976 0.000657431
1.90327 0.000649988
1.90678 0.000644693
1.9103 0.000637357
1.91383 0.000631931
1.91737 0.000624768
1.92091 0.000619267
1.92445 0.000612319
1.92801 0.000606679
1.93157 0.000600099
1.93514 0.000594422
1.93871 0.000588244
1.94229 0.00058287
1.94588 0.000577341
1.94947 0.000571679
1.95307 0.000566432
1.95667 0.000560402
1.96029 0.000555538
1.96391 0.000548799
1.96753 0.000544653
1.97117 0.000537469
1.97481 0.000533806
1.97845 0.000526692
1.98211 0.000523086
1.98577 0.000516109
1.98943 0.00051257
1.99311 0.0005058
1.99679 0.000502486
2.00048 0.000496414
2.00417 0.000493029
2.00787 0.000487058
2.01158 0.000483643
2.01529 0.000477701
2.01902 0.000474203
2.02274 0.00046834
2.02648 0.000464863
2.03022 0.000459017
2.03397 0.000455493
2.03773 0.000449788
2.04149 0.000446248
2.04526 0.0004407
2.04904 0.000437201
2.05282 0.000431847
2.05661 0.000428562
2.06041 0.000423809
2.06421 0.000420428
2.06802 0.000415746
2.07184 0.000412277
2.07567 0.000407716
2.0795 0.000404097
2.08334 0.000399651
2.08719 0.00039594
2.09104 0.000391641
2.0949 0.000387812
2.09877 0.000383712
2.10265 0.000379766
2.10653 0.000375903
2.11042 0.000371797
2.11432 0.000368356
2.11822 0.00036431
2.12213 0.000361413
2.12605 0.000356749
2.12998 0.000354485
2.13391 0.000349849
2.13785 0.000347551
2.1418 0.000342956
2.14576 0.000340641
2.14972 0.000336075
2.15369 0.000333734
2.15766 0.000329237
2.16165 0.000326901
2.16564 0.000322481
2.16964 0.00032022
2.17365 0.00031592
2.17766 0.00031379
2.18168 0.000309947
2.18571 0.000307784
2.18975 0.000304034
2.19379 0.000301813
2.19784 0.000298074
2.2019 0.000295834
2.20597 0.000292157
2.21004 0.00028987
2.21412 0.000286252
2.21821 0.00028393
2.2223 0.000280374
2.22641 0.000278026
2.23052 0.000274586
2.23464 0.000272225
2.23876 0.000268955
2.2429 0.000266754
2.24704 0.000263831
2.25119 0.000261567
2.25535 0.000258735
2.25951 0.000256375
2.26368 0.000253631
2.26786 0.00025116
2.27205 0.000248546
2.27625 0.000245921
2.28045 0.000243463
2.28466 0.000240659
2.28888 0.000238429
2.29311 0.000235307
2.29734 0.000233465
2.30158 0.000230088
2.30583 0.000228672
2.31009 0.000225664
2.31436 0.000224257
2.31863 0.000221305
2.32291 0.000219879
2.3272 0.000216953
2.3315 0.000215499
2.33581 0.00021259
2.34012 0.000211119
2.34444 0.000208228
2.34877 0.000206747
2.35311 0.000203899
2.35745 0.000202408
2.36181 0.00019962
2.36617 0.000198161
2.37054 0.000195461
2.37491 0.000194076
2.3793 0.000191655
2.38369 0.000190267
2.38809 0.000187924
2.3925 0.000186503
2.39692 0.000184181
2.40135 0.000182718
2.40578 0.000180441
2.41023 0.000178932
2.41468 0.000176703
2.41914 0.000175147
2.4236 0.000172988
2.42808 0.000171402
2.43256 0.000169322
2.43705 0.000167711
2.44155 0.00016577
2.44606 0.00016423
2.45058 0.000162508
2.4551 0.000160912
2.45964 0.000159313
2.46418 0.000157607
2.46873 0.000156104
2.47329 0.000154224
2.47786 0.00015289
2.48243 0.000150643
2.48702 0.000149681
2.49161 0.000147458
2.49621 0.000146506
2.50082 0.000144313
2.50544 0.00014336
2.51006 0.000141229
2.5147 0.000140341
2.51934 0.000138428
2.52399 0.000137532
2.52866 0.000135696
2.53333 0.00013479
2.538 0.000132955
2.54269 0.000132041
2.54739 0.000130211
2.55209 0.000129274
2.5568 0.000127477
2.56152 0.000126513
2.56625 0.000124744
2.57099 0.000123786
2.57574 0.000122043
2.5805 0.000121091
2.58526 0.000119421
2.59004 0.000118519
2.59482 0.000117017
2.59961 0.00011612
2.60441 0.000114685
2.60922 0.000113749
2.61404 0.000112349
2.61886 0.000111371
2.6237 0.000110001
2.62855 0.000108982
2.6334 0.00010765
2.63826 0.000106594
2.64313 0.000105328
2.64801 0.000104209
2.6529 0.00010302
2.6578 0.000101866
2.66271 0.000100792
2.66763 9.96467e-05
2.67255 9.8735e-05
2.67749 9.74943e-05
2.68243 9.67455e-05
2.68739 9.53265e-05
2.69235 9.47391e-05
2.69732 9.33312e-05
2.7023 9.27325e-05
2.70729 9.13242e-05
2.71229 9.07203e-05
2.7173 8.93338e-05
2.72232 8.87231e-05
2.72735 8.73585e-05
2.73238 8.67605e-05
2.73743 8.54281e-05
2.74248 8.4867e-05
2.74755 8.36612e-05
2.75262 8.31049e-05
2.7577 8.19636e-05
2.7628 8.13956e-05
2.7679 8.02626e-05
2.77301 7.96845e-05
2.77813 7.85604e-05
2.78326 7.79602e-05
2.7884 7.68486e-05
2.79355 7.62411e-05
2.79871 7.51524e-05
2.80387 7.45248e-05
2.80905 7.34638e-05
2.81424 7.284e-05
2.81944 7.18255e-05
2.82464 7.12294e-05
2.82986 7.03222e-05
2.83508 6.97191e-05
2.84032 6.88778e-05
2.84556 6.82457e-05
2.85082 6.74253e-05
2.85608 6.67543e-05
2.86136 6.59684e-05
2.86664 6.52558e-05
2.87193 6.45149e-05
2.87724 6.37418e-05
2.88255 6.30648e-05
2.88787 6.22185e-05
2.89321 6.16297e-05
2.89855 6.05968e-05
2.9039 6.02414e-05
2.90926 5.93089e-05
2.91464 5.89642e-05
2.92002 5.8087e-05
2.92541 5.77272e-05
2.93081 5.68587e-05
2.93623 5.64911e-05
2.94165 5.56245e-05
2.94708 5.52533e-05
2.95252 5.43877e-05
2.95797 5.40068e-05
2.96344 5.31543e-05
2.96891 5.27748e-05
2.97439 5.19304e-05
2.97988 5.15511e-05
2.98539 5.07354e-05
2.9909 5.03803e-05
2.99642 4.96398e-05
3.00195 4.92923e-05
3.0075 4.85958e-05
3.01305 4.82399e-05
3.01862 4.75497e-05
3.02419 4.71792e-05
3.02977 4.65019e-05
3.03537 4.61147e-05
3.04097 4.54485e-05
3.04659 4.50484e-05
3.05222 4.4403e-05
3.05785 4.39859e-05
3.0635 4.33619e-05
3.06916 4.29401e-05
3.07482 4.23543e-05
3.0805 4.19436e-05
3.08619 4.14227e-05
3.09189 4.10105e-05
3.0976 4.05376e-05
3.10332 4.00934e-05
3.10905 3.96548e-05
3.11479 3.91646e-05
3.12054 3.87642e-05
3.1263 3.82077e-05
3.13208 3.78733e-05
3.13786 3.72218e-05
3.14365 3.69843e-05
3.14946 3.63396e-05
3.15528 3.61056e-05
3.1611 3.54735e-05
3.16694 3.52548e-05
3.17279 3.46802e-05
3.17865 3.44687e-05
3.18452 3.3937e-05
3.1904 3.37181e-05
3.19629 3.31904e-05
3.20219 3.29662e-05
3.2081 3.24395e-05
3.21403 3.22085e-05
3.21996 3.16861e-05
3.22591 3.14537e-05
3.23187 3.09336e-05
3.23783 3.0698e-05
3.24381 3.0189e-05
3.2498 2.99507e-05
3.2558 2.94581e-05
3.26182 2.92334e-05
3.26784 2.8789e-05
3.27387 2.857e-05
3.27992 2.81606e-05
3.28598 2.793e-05
3.29204 2.75289e-05
3.29812 2.7288e-05
3.30421 2.68959e-05
3.31031 2.66435e-05
3.31643 2.62589e-05
3.32255 2.59922e-05
3.32869 2.56244e-05
3.33483 2.5345e-05
3.34099 2.49963e-05
3.34716 2.47006e-05
3.35334 2.43835e-05
3.35953 2.40848e-05
3.36574 2.3818e-05
3.37195 2.35091e-05
3.37818 2.3287e-05
3.38442 2.29118e-05
3.39067 2.27569e-05
3.39693 2.23604e-05
3.4032 2.22219e-05
3.40949 2.18253e-05
3.41578 2.16833e-05
3.42209 2.12923e-05
3.42841 2.11483e-05
3.43474 2.07616e-05
3.44108 2.06199e-05
3.44744 2.02403e-05
3.4538 2.01065e-05
3.46018 1.97595e-05
3.46657 1.96313e-05
3.47297 1.93185e-05
3.47939 1.91856e-05
3.48581 1.88724e-05
3.49225 1.87377e-05
3.4987 1.84261e-05
3.50516 1.82863e-05
3.51163 1.79783e-05
3.51811 1.78334e-05
3.52461 1.75288e-05
3.53112 1.73812e-05
3.53764 1.70839e-05
3.54417 1.69344e-05
3.55072 1.66475e-05
3.55727 1.65033e-05
3.56384 1.62465e-05
3.57042 1.61067e-05
3.57702 1.58751e-05
3.58362 1.57268e-05
3.59024 1.55036e-05
3.59687 1.53443e-05
3.60351 1.51287e-05
3.61017 1.49585e-05
3.61683 1.47535e-05
3.62351 1.45678e-05
3.6302 1.43775e-05
3.63691 1.41737e-05
3.64362 1.40048e-05
3.65035 1.37747e-05
3.65709 1.36414e-05
3.66384 1.33819e-05
3.67061 1.33055e-05
3.67739 1.30741e-05
3.68418 1.29953e-05
3.69098 1.27637e-05
3.6978 1.2683e-05
3.70463 1.24511e-05
3.71147 1.23698e-05
3.71832 1.21385e-05
3.72519 1.20546e-05
3.73207 1.18248e-05
3.73896 1.17393e-05
3.74586 1.15131e-05
3.75278 1.14281e-05
3.75971 1.12064e-05
3.76665 1.11252e-05
3.77361 1.09216e-05
3.78058 1.08455e-05
3.78756 1.06652e-05
3.79455 1.05858e-05
3.80156 1.04069e-05
3.80858 1.03241e-05
3.81561 1.0147e-05
3.82266 1.00613e-05
3.82972 9.88625e-06
3.83679 9.7962e-06
3.84387 9.62462e-06
3.85097 9.53265e-06
3.85808 9.36553e-06
3.86521 9.26909e-06
3.87234 9.11108e-06
3.87949 9.01631e-06
3.88666 8.8763e-06
3.89384 8.785e-06
3.90103 8.66267e-06
3.90823 8.56356e-06
3.91545 8.44828e-06
3.92268 8.33783e-06
3.92992 8.23318e-06
3.93718 8.10839e-06
3.94445 8.0162e-06
3.95173 7.86413e-06
3.95903 7.7998e-06
3.96634 7.63406e-06
3.97366 7.58473e-06
3.981 7.4215e-06
3.98835 7.3746e-06
3.99572 7.22357e-06
4.0031 7.18045e-06
4.01049 7.04801e-06
4.01789 7.00341e-06
4.02531 6.8718e-06
4.03275 6.82578e-06
4.04019 6.69444e-06
4.04765 6.64709e-06
4.05513 6.51628e-06
4.06262 6.46741e-06
4.07012 6.33754e-06
4.07763 6.28767e-06
4.08516 6.15926e-06
4.09271 6.10986e-06
4.10027 5.98435e-06
4.10784 5.93656e-06
4.11542 5.8213e-06
4.12302 5.7766e-06
4.13064 5.67692e-06
4.13826 5.63039e-06
4.14591 5.53222e-06
4.15356 5.48246e-06
4.16123 5.3861e-06
4.16892 5.33335e-06
4.17661 5.23938e-06
4.18433 5.18343e-06
4.19205 5.0922e-06
4.19979 5.03271e-06
4.20755 4.94575e-06
4.21532 4.88213e-06
4.2231 4.80268e-06
4.2309 4.73742e-06
4.23871 4.66905e-06
4.24654 4.60561e-06
4.25438 4.55062e-06
4.26224 4.47653e-06
4.27011 4.43161e-06
4.278 4.33871e-06
4.2859 4.31171e-06
4.29381 4.21893e-06
4.30174 4.1911e-06
4.30968 4.09874e-06
4.31764 4.0706e-06
4.32561 3.97883e-06
4.3336 3.95076e-06
4.3416 3.86002e-06
4.34962 3.83344e-06
4.35765 3.74875e-06
4.3657 3.72497e-06
4.37376 3.65287e-06
4.38184 3.62816e-06
4.38993 3.55614e-06
4.39804 3.53027e-06
4.40616 3.45894e-06
4.41429 3.43211e-06
4.42245 3.36067e-06
4.43061 3.33312e-06
4.43879 3.26252e-06
4.44699 3.23389e-06
4.4552 3.16441e-06
4.46343 3.13522e-06
4.47167 3.06796e-06
4.47993 3.03938e-06
4.4882 2.97753e-06
4.49649 2.95137e-06
4.50479 2.8994e-06
4.51311 2.87154e-06
4.52144 2.82103e-06
4.52979 2.7905e-06
4.53816 2.74184e-06
4.54654 2.70879e-06
4.55493 2.66203e-06
4.56335 2.62595e-06
4.57177 2.5824e-06
4.58021 2.54223e-06
4.58867 2.50286e-06
4.59715 2.45774e-06
4.60564 2.42476e-06
4.61414 2.37238e-06
4.62266 2.35182e-06
4.6312 2.30224e-06
4.63975 2.28869e-06
4.64832 2.23899e-06
4.6569 2.22517e-06
4.6655 2.17545e-06
4.67411 2.16113e-06
4.68275 2.11146e-06
4.69139 2.0967e-06
4.70006 2.047e-06
4.70874 2.03184e-06
4.71743 1.98278e-06
4.72614 1.96772e-06
4.73487 1.91929e-06
4.74361 1.90455e-06
4.75237 1.85912e-06
4.76115 1.84644e-06
4.76994 1.80861e-06
4.77875 1.79531e-06
4.78757 1.75777e-06
4.79641 1.74382e-06
4.80527 1.70665e-06
4.81414 1.69204e-06
4.82303 1.655e-06
4.83194 1.63947e-06
4.84086 1.60329e-06
4.8498 1.587e-06
4.85876 1.55156e-06
4.86773 1.5346e-06
4.87672 1.50066e-06
4.88572 1.48311e-06
4.89475 1.45243e-06
4.90378 1.43698e-06
4.91284 1.41208e-06
4.92191 1.39483e-06
4.931 1.37136e-06
4.94011 1.35228e-06
4.94923 1.33033e-06
4.95837 1.30865e-06
4.96752 1.28908e-06
4.9767 1.26345e-06
4.98589 1.24759e-06
4.99509 1.2143e-06
5.00432 1.20628e-06
5.01356 1.17334e-06
5.02282 1.16551e-06
5.03209 1.13407e-06
5.04138 1.12746e-06
5.05069 1.10217e-06
5.06002 1.09519e-06
5.06936 1.06996e-06
5.07873 1.06275e-06
5.0881 1.03746e-06
5.0975 1.03018e-06
5.10691 1.00485e-06
5.11634 9.97207e-07
5.12579 9.71987e-07
5.13526 9.64158e-07
5.14474 9.39212e-07
5.15424 9.31242e-07
5.16376 9.06599e-07
5.17329 8.98788e-07
5.18285 8.75556e-07
5.19242 8.68889e-07
5.202 8.50345e-07
5.21161 8.43278e-07
5.22123 8.24863e-07
5.23088 8.17295e-07
5.24054 7.99254e-07
5.25021 7.91203e-07
5.25991 7.73346e-07
5.26962 7.64605e-07
5.27935 7.47419e-07
5.2891 7.38017e-07
5.29887 7.21464e-07
5.30865 7.11363e-07
5.31846 6.95842e-07
5.32828 6.84998e-07
5.33812 6.71412e-07
5.34797 6.61744e-07
5.35785 6.51561e-07
5.36774 6.40323e-07
5.37765 6.31568e-07
5.38758 6.17848e-07
5.39753 6.11414e-07
5.4075 5.95034e-07
5.41749 5.91096e-07
5.42749 5.74712e-07
5.43751 5.7069e-07
5.44755 5.54343e-07
5.45761 5.50358e-07
5.46769 5.34161e-07
5.47779 5.30212e-07
5.4879 5.14539e-07
5.49804 5.1135e-07
5.50819 4.99131e-07
5.51836 4.95789e-07
5.52855 4.83609e-07
5.53876 4.80142e-07
5.54899 4.67976e-07
5.55923 4.64367e-07
5.5695 4.52234e-07
5.57979 4.4842e-07
5.59009 4.3633e-07
5.60041 4.32391e-07
5.61075 4.2047e-07
5.62111 4.16411e-07
5.63149 4.04715e-07
5.64189 4.00586e-07
5.65231 3.89499e-07
5.66275 3.8604e-07
5.67321 3.77528e-07
5.68368 3.73759e-07
5.69418 3.65471e-07
5.70469 3.61387e-07
5.71523 3.53336e-07
5.72578 3.48829e-07
5.73635 3.41094e-07
5.74695 3.36117e-07
5.75756 3.28755e-07
5.76819 3.23131e-07
5.77884 3.16475e-07
5.78951 3.10149e-07
5.8002 3.0425e-07
5.81092 2.9688e-07
5.82165 2.92618e-07
5.8324 2.84923e-07
5.84317 2.83315e-07
5.85396 2.75699e-07
5.86477 2.74036e-07
5.8756 2.6642e-07
5.88645 2.64677e-07
5.89732 2.57057e-07
5.90821 2.55249e-07
5.91912 2.47618e-07
5.93005 2.45753e-07
5.941 2.38151e-07
5.95197 2.36274e-07
5.96296 2.2873e-07
5.97397 2.26894e-07
5.985 2.19571e-07
5.99605 2.18077e-07
6.00713 2.12449e-07
6.01822 2.10889e-07
6.02933 2.05397e-07
6.04047 2.03788e-07
6.05162 1.98276e-07
6.06279 1.96558e-07
6.07399 1.91117e-07
6.08521 1.89276e-07
6.09644 1.83899e-07
6.1077 1.81942e-07
6.11898 1.76658e-07
6.13028 1.74591e-07
6.1416 1.69477e-07
6.15294 1.67312e-07
6.1643 1.62549e-07
6.17569 1.60696e-07
6.18709 1.57087e-07
6.19851 1.55091e-07
6.20996 1.51753e-07
6.22143 1.49518e-07
6.23292 1.46357e-07
6.24443 1.43799e-07
6.25596 1.40925e-07
6.26751 1.37895e-07
6.27908 1.3544e-07
6.29068 1.31747e-07
6.30229 1.29985e-07
6.31393 1.2541e-07
6.32559 1.24544e-07
6.33727 1.20068e-07
6.34897 1.19375e-07
6.3607 1.15932e-07
6.37244 1.15242e-07
6.38421 1.11933e-07
6.396 1.11198e-07
6.40781 1.07903e-07
6.41964 1.07146e-07
6.4315 1.03841e-07
6.44338 1.0305e-07
6.45527 9.97252e-08
6.46719 9.89079e-08
6.47914 9.56131e-08
6.4911 9.47827e-08
6.50309 9.1522e-08
6.5151 9.07017e-08
6.52713 8.75429e-08
6.53918 8.68684e-08
6.55126 8.44261e-08
6.56335 8.37465e-08
6.57547 8.14436e-08
6.58761 8.0701e-08
6.59978 7.84269e-08
6.61197 7.7636e-08
6.62418 7.53933e-08
6.63641 7.45199e-08
6.64866 7.23251e-08
6.66094 7.13551e-08
6.67324 6.92603e-08
6.68556 6.82117e-08
6.69791 6.62011e-08
6.71028 6.50571e-08
6.72267 6.32668e-08
6.73508 6.22541e-08
6.74752 6.09405e-08
6.75998 5.98426e-08
6.77246 5.8726e-08
6.78497 5.73999e-08
6.7975 5.64907e-08
6.81005 5.45869e-08
6.82263 5.42362e-08
6.83522 5.23247e-08
6.84785 5.19631e-08
6.86049 5.00547e-08
6.87316 4.96874e-08
6.88585 4.77913e-08
6.89857 4.74246e-08
6.91131 4.55693e-08
6.92407 4.52796e-08
6.93686 4.38418e-08
6.94967 4.35596e-08
6.9625 4.22235e-08
6.97536 4.19278e-08
6.98824 4.05901e-08
7.00114 4.02826e-08
7.01407 3.89481e-08
7.02702 3.86275e-08
7.04 3.72885e-08
7.053 3.69506e-08
7.06602 3.56239e-08
7.07907 3.5274e-08
7.09214 3.39618e-08
7.10524 3.36055e-08
7.11836 3.23506e-08
7.1315 3.20472e-08
7.14467 3.10836e-08
7.15787 3.07787e-08
7.17108 2.99124e-08
7.18433 2.95728e-08
7.19759 2.87269e-08
7.21088 2.83563e-08
7.2242 2.75351e-08
7.23754 2.71125e-08
7.2509 2.63273e-08
7.26429 2.5846e-08
7.27771 2.51169e-08
7.29115 2.45749e-08
7.30461 2.39155e-08
7.3181 2.32753e-08
7.33161 2.27563e-08
7.34515 2.21318e-08
7.35872 2.18376e-08
7.3723 2.1114e-08
7.38592 2.09904e-08
7.39956 2.02635e-08
7.41322 2.01372e-08
7.42691 1.94079e-08
7.44062 1.92752e-08
7.45436 1.85422e-08
7.46813 1.8405e-08
7.48192 1.76728e-08
7.49574 1.75324e-08
7.50958 1.68056e-08
7.52345 1.66659e-08
7.53734 1.59544e-08
7.55126 1.5841e-08
7.5652 1.52858e-08
7.57917 1.51824e-08
7.59317 1.46845e-08
7.60719 1.45754e-08
7.62124 1.40793e-08
7.63531 1.39622e-08
7.64941 1.34671e-08
7.66353 1.33415e-08
7.67769 1.28497e-08
7.69186 1.27145e-08
7.70607 1.22295e-08
7.7203 1.20827e-08
7.73455 1.16094e-08
7.74884 1.14537e-08
7.76315 1.10076e-08
7.77748 1.08733e-08
7.79184 1.05312e-08
7.80623 1.03969e-08
7.82065 1.01065e-08
7.83509 9.95413e-09
7.84956 9.6792e-09
7.86405 9.50198e-09
7.87857 9.24701e-09
7.89312 9.0383e-09
7.9077 8.80998e-09
7.9223 8.55424e-09
7.93693 8.3718e-09
7.95158 8.02409e-09
7.96627 7.93622e-09
7.98098 7.56082e-09
7.99572 7.51563e-09
8.01048 7.22108e-09
8.02527 7.18021e-09
8.04009 6.92466e-09
8.05494 6.88195e-09
8.06981 6.62634e-09
8.08472 6.58204e-09
8.09965 6.32549e-09
8.1146 6.27902e-09
8.12959 6.02085e-09
8.1446 5.97188e-09
8.15964 5.71486e-09
8.17471 5.66567e-09
8.1898 5.40848e-09
8.20492 5.35944e-09
8.22008 5.10863e-09
8.23526 5.06822e-09
8.25046 4.87139e-09
8.2657 4.83452e-09
8.28096 4.66666e-09
8.29625 4.62724e-09
8.31157 4.46101e-09
8.32692 4.4177e-09
8.3423 4.25345e-09
8.3577 4.2048e-09
8.37314 4.04291e-09
8.3886 3.98876e-09
8.40409 3.83123e-09
8.41961 3.772e-09
8.43516 3.62044e-09
8.45073 3.55435e-09
8.46634 3.41477e-09
8.48197 3.35393e-09
8.49763 3.25103e-09
8.51333 3.19008e-09
8.52905 3.11067e-09
8.5448 3.0372e-09
8.56057 2.96927e-09
8.57638 2.87607e-09
8.59222 2.82663e-09
8.60809 2.70072e-09
8.62398 2.68204e-09
8.63991 2.55602e-09
8.65586 2.53724e-09
8.67185 2.41138e-09
8.68786 2.39258e-09
8.7039 2.26807e-09
8.71997 2.25323e-09
8.73608 2.15413e-09
8.75221 2.14155e-09
8.76837 2.05996e-09
8.78456 2.04666e-09
8.80078 1.96498e-09
8.81704 1.95122e-09
8.83332 1.8692e-09
8.84963 1.85454e-09
8.86597 1.77192e-09
8.88234 1.75657e-09
8.89874 1.67436e-09
8.91518 1.65828e-09
8.93164 1.57683e-09
8.94813 1.56002e-09
8.96466 1.48084e-09
8.98121 1.46665e-09
8.9978 1.40397e-09
9.01441 1.39146e-09
9.03106 1.3408e-09
9.04773 1.32677e-09
9.06444 1.27729e-09
9.08118 1.26135e-09
9.09795 1.21307e-09
9.11475 1.19441e-09
9.13158 1.14822e-09
9.14844 1.12652e-09
9.16534 1.08278e-09
9.18226 1.05763e-09
9.19922 1.01742e-09
9.2162 9.87351e-10
9.23322 9.53851e-10
9.25027 9.2402e-10
9.26736 9.02538e-10
9.28447 8.7066e-10
9.30161 8.6094e-10
9.31879 8.23781e-10
9.336 8.18975e-10
9.35324 7.81678e-10
9.37051 7.766e-10
9.38781 7.39044e-10
9.40515 7.33707e-10
9.42252 6.95923e-10
9.43992 6.90533e-10
9.45735 6.52875e-10
9.47481 6.47493e-10
9.49231 6.10307e-10
9.50984 6.05892e-10
9.5274 5.75747e-10
9.54499 5.72273e-10
9.56262 5.48787e-10
9.58027 5.45103e-10
9.59797 5.21524e-10
9.61569 5.17724e-10
9.63345 4.94118e-10
9.65123 4.89941e-10
9.66906 4.66323e-10
9.68691 4.61623e-10
9.7048 4.38288e-10
9.72272 4.3328e-10
9.74067 4.10297e-10
9.75866 4.0477e-10
9.77668 3.82701e-10
9.79474 3.77681e-10
9.81282 3.60288e-10
9.83094 3.5594e-10
9.8491 3.42915e-10
9.86728 3.37832e-10
9.88551 3.2545e-10
9.90376 3.19478e-10
9.92205 3.07793e-10
9.94037 3.00461e-10
9.95873 2.89873e-10
9.97712 2.80836e-10
9.99554 2.7184e-10
10.014 2.60386e-10
10.0325 2.53818e-10
10.051 2.37714e-10
10.0696 2.3623e-10
10.0882 2.22944e-10
10.1068 2.21845e-10
10.1255 2.11995e-10
10.1442 2.1084e-10
10.1629 2.00941e-10
10.1817 1.9974e-10
10.2005 1.89757e-10
10.2193 1.88525e-10
10.2382 1.78463e-10
10.2571 1.7716e-10
10.276 1.67049e-10
10.295 1.65722e-10
10.314 1.55627e-10
10.333 1.54309e-10
10.3521 1.44321e-10
10.3712 1.43204e-10
10.3904 1.34972e-10
10.4096 1.34165e-10
10.4288 1.28169e-10
10.4481 1.27268e-10
10.4674 1.21303e-10
10.4867 1.20313e-10
10.5061 1.1437e-10
10.5255 1.13213e-10
10.5449 1.07347e-10
10.5644 1.05984e-10
10.5839 1.00249e-10
10.6034 9.87052e-11
10.623 9.31668e-11
10.6426 9.13603e-11
10.6623 8.616e-11
10.682 8.44063e-11
10.7017 8.03739e-11
10.7214 7.89027e-11
10.7412 7.62272e-11
10.7611 7.43972e-11
10.7809 7.20386e-11
10.8008 6.9702e-11
10.8208 6.78095e-11
10.8408 6.46148e-11
10.8608 6.35113e-11
10.8809 5.95625e-11
10.9009 5.91802e-11
10.9211 5.52265e-11
10.9412 5.485e-11
10.9614 5.0912e-11
10.9817 5.05965e-11
11.002 4.72813e-11
11.0223 4.70949e-11
11.0426 4.4807e-11
11.063 4.45996e-11
11.0835 4.22969e-11
11.1039 4.20869e-11
11.1244 3.97673e-11
11.145 3.95469e-11
11.1655 3.72038e-11
11.1862 3.69598e-11
11.2068 3.46094e-11
11.2275 3.43471e-11
11.2483 3.2003e-11
11.269 3.17348e-11
11.2898 2.94196e-11
11.3107 2.91782e-11
11.3316 2.72434e-11
11.3525 2.70805e-11
11.3735 2.57942e-11
11.3945 2.55978e-11
11.4155 2.43272e-11
11.4366 2.40848e-11
11.4577 2.28443e-11
11.4789 2.25449e-11
11.5001 2.13316e-11
11.5213 2.09561e-11
11.5426 1.98039e-11
11.5639 1.93352e-11
11.5852 1.82709e-11
11.6066 1.76997e-11
11.6281 1.67478e-11
11.6495 1.61276e-11
11.671 1.54742e-11
11.6926 1.49469e-11
11.7142 1.4644e-11
11.7358 1.38344e-11
11.7575 1.38023e-11
11.7792 1.29871e-11
11.801 1.29498e-11
11.8227 1.21267e-11
11.8446 1.20801e-11
11.8664 1.12488e-11
11.8884 1.11999e-11
11.9103 1.03639e-11
11.9323 1.03141e-11
11.9543 9.4794e-12
11.9764 9.43883e-12
11.9985 8.71733e-12
12.0207 8.71015e-12
12.0429 8.25548e-12
12.0651 8.2439e-12
12.0874 7.7853e-12
12.1097 7.77024e-12
12.1321 7.30745e-12
12.1545 7.28501e-12
12.1769 6.8196e-12
12.1994 6.78711e-12
12.2219 6.32064e-12
12.2445 6.28092e-12
12.2671 5.81643e-12
12.2898 5.76731e-12
12.3125 5.31359e-12
12.3352 5.26409e-12
12.358 4.88111e-12
12.3808 4.85401e-12
12.4037 4.62734e-12
12.4266 4.58322e-12
12.4495 4.36535e-12
12.4725 4.30578e-12
12.4955 4.0984e-12
12.5186 4.01611e-12
12.5417 3.82427e-12
12.5649 3.71144e-12
12.5881 3.54261e-12
12.6113 3.3907e-12
12.6346 3.25951e-12
12.658 3.04557e-12
12.6813 2.97408e-12
12.7048 2.72534e-12
12.7282 2.72974e-12
12.7517 2.58534e-12
12.7753 2.58727e-12
12.7989 2.44075e-12
12.8225 2.44136e-12
12.8462 2.29233e-12
12.8699 2.29215e-12
12.8937 2.14027e-12
12.9175 2.13725e-12
12.9413 1.98243e-12
12.9652 1.97751e-12
12.9892 1.82156e-12
13.0131 1.81732e-12
13.0372 1.65982e-12
13.0612 1.65523e-12
13.0854 1.51567e-12
13.1095 1.51664e-12
13.1337 1.43647e-12
13.158 1.43589e-12
13.1823 1.35485e-12
13.2066 1.35236e-12
13.231 1.27104e-12
13.2555 1.26625e-12
13.2799 1.18434e-12
13.3045 1.17631e-12
13.329 1.09469e-12
13.3536 1.08345e-12
13.3783 1.00402e-12
13.403 9.89441e-13
13.4277 9.12266e-13
13.4525 8.94984e-13
13.4774 8.30136e-13
13.5023 8.19461e-13
13.5272 7.85261e-13
13.5522 7.70323e-13
13.5772 7.38842e-13
13.6023 7.17899e-13
13.6274 6.91149e-13
13.6526 6.61225e-13
13.6778 6.41992e-13
13.703 5.93444e-13
13.7283 5.91225e-13
13.7537 5.42433e-13
13.7791 5.40252e-13
13.8045 4.90997e-13
13.83 4.8844e-13
13.8556 4.42991e-13
13.8811 4.42482e-13
13.9068 4.17746e-13
13.9325 4.16938e-13
13.9582 3.91798e-13
13.984 3.90799e-13
14.0098 3.65363e-13
14.0357 3.64166e-13
14.0616 3.38195e-13
14.0875 3.36674e-13
14.1136 3.10227e-13
14.1396 3.0855e-13
14.1657 2.8207e-13
14.1919 2.80321e-13
14.2181 2.5353e-13
14.2443 2.51619e-13
14.2706 2.27135e-13
14.297 2.26204e-13
14.3234 2.13186e-13
14.3499 2.11899e-13
14.3763 1.98921e-13
14.4029 1.9726e-13
14.4295 1.84491e-13
14.4561 1.82318e-13
14.4828 1.69738e-13
14.5096 1.66894e-13
14.5364 1.54616e-13
14.5632 1.51066e-13
14.5901 1.39525e-13
14.617 1.34998e-13
14.644 1.24232e-13
14.6711 1.18753e-13
14.6982 1.10211e-13
14.7253 1.06515e-13
14.7525 1.02844e-13
14.7797 9.76866e-14
14.807 9.53894e-14
14.8344 8.8382e-14
14.8618 8.78847e-14
14.8892 8.07982e-14
14.9167 8.02426e-14
14.9443 7.30276e-14
14.9719 7.24572e-14
14.9995 6.5235e-14
15.0272 6.47233e-14
15.055 5.74476e-14
15.0828 5.6878e-14
15.1106 4.99401e-14
15.1385 4.97258e-14
15.1665 4.62885e-14
15.1945 4.60634e-14
15.2225 4.25861e-14
15.2506 4.23896e-14
15.2788 3.89031e-14
15.307 3.86982e-14
15.3353 3.51593e-14
15.3636 3.48877e-14
15.392 3.12953e-14
15.4204 3.09919e-14
15.4489 2.74597e-14
15.4774 2.71416e-14
15.506 2.36193e-14
15.5346 2.32628e-14
15.5633 2.00391e-14
15.592 1.98947e-14
15.6208 1.87059e-14
15.6497 1.84759e-14
15.6786 1.72971e-14
15.7075 1.70365e-14
15.7365 1.59744e-14
15.7656 1.57057e-14
15.7947 1.4683e-14
15.8239 1.41666e-14
15.8531 1.31144e-14
15.8824 1.25064e-14
15.9117 1.17858e-14
15.9411 1.07871e-14
15.9705 9.47069e-15
16 0
