# 1:pT 2:PhotonSpectrum=dN/d^2xT d^2pT dy
0.01 0.430348
0.0100185 0.429967
0.010037 0.42883
0.0100555 0.428422
0.0100741 0.427275
0.0100927 0.426837
0.0101113 0.425696
0.01013 0.425224
0.0101487 0.424076
0.0101674 0.423572
0.0101862 0.422405
0.010205 0.421864
0.0102239 0.420685
0.0102427 0.420102
0.0102617 0.418897
0.0102806 0.418247
0.0102996 0.416988
0.0103186 0.416196
0.0103377 0.414657
0.0103567 0.413834
0.0103759 0.412302
0.010395 0.411444
0.0104142 0.40993
0.0104335 0.409022
0.0104527 0.407537
0.010472 0.406598
0.0104914 0.405138
0.0105107 0.404165
0.0105301 0.402746
0.0105496 0.401716
0.0105691 0.400333
0.0105886 0.399276
0.0106081 0.397969
0.0106277 0.396917
0.0106474 0.395724
0.010667 0.394602
0.0106867 0.393467
0.0107065 0.392285
0.0107262 0.39121
0.010746 0.389913
0.0107659 0.388927
0.0107858 0.38749
0.0108057 0.386641
0.0108256 0.384964
0.0108456 0.384342
0.0108656 0.382687
0.0108857 0.382057
0.0109058 0.380408
0.0109259 0.379798
0.0109461 0.378279
0.0109663 0.37764
0.0109866 0.37614
0.0110069 0.375475
0.0110272 0.373984
0.0110476 0.373298
0.011068 0.371818
0.0110884 0.371115
0.0111089 0.369636
0.0111294 0.368907
0.0111499 0.367446
0.0111705 0.366694
0.0111912 0.365261
0.0112118 0.364484
0.0112325 0.363098
0.0112533 0.362333
0.0112741 0.361043
0.0112949 0.360247
0.0113157 0.358979
0.0113366 0.358148
0.0113576 0.356912
0.0113785 0.356044
0.0113995 0.354834
0.0114206 0.353926
0.0114417 0.352732
0.0114628 0.351778
0.011484 0.350645
0.0115052 0.349639
0.0115264 0.348547
0.0115477 0.347489
0.011569 0.346484
0.0115904 0.345414
0.0116118 0.344513
0.0116332 0.343351
0.0116547 0.342546
0.0116762 0.341173
0.0116978 0.340571
0.0117194 0.339118
0.0117411 0.338573
0.0117627 0.337127
0.0117845 0.336572
0.0118062 0.335129
0.011828 0.334553
0.0118499 0.333137
0.0118717 0.332545
0.0118937 0.331145
0.0119156 0.330562
0.0119376 0.329263
0.0119597 0.328662
0.0119818 0.327398
0.0120039 0.32677
0.0120261 0.325503
0.0120483 0.324859
0.0120705 0.323603
0.0120928 0.322936
0.0121151 0.321699
0.0121375 0.321004
0.0121599 0.319783
0.0121824 0.31906
0.0122049 0.317868
0.0122274 0.317133
0.01225 0.315986
0.0122726 0.31525
0.0122953 0.314189
0.012318 0.313425
0.0123407 0.3124
0.0123635 0.311604
0.0123863 0.310602
0.0124092 0.309766
0.0124321 0.308792
0.0124551 0.307899
0.0124781 0.306985
0.0125011 0.306034
0.0125242 0.30516
0.0125473 0.304126
0.0125705 0.303336
0.0125937 0.3022
0.012617 0.301542
0.0126403 0.300277
0.0126636 0.299817
0.012687 0.298584
0.0127104 0.298103
0.0127339 0.296876
0.0127574 0.296373
0.012781 0.295152
0.0128046 0.294638
0.0128282 0.293421
0.0128519 0.292893
0.0128756 0.291684
0.0128994 0.291135
0.0129232 0.289948
0.0129471 0.289394
0.012971 0.288224
0.012995 0.287668
0.0130189 0.286572
0.013043 0.286003
0.0130671 0.284941
0.0130912 0.284355
0.0131154 0.283301
0.0131396 0.282682
0.0131639 0.281652
0.0131882 0.281006
0.0132125 0.279985
0.0132369 0.279331
0.0132614 0.27832
0.0132859 0.277637
0.0133104 0.276661
0.013335 0.27595
0.0133596 0.275009
0.0133843 0.274294
0.013409 0.273433
0.0134337 0.272693
0.0134585 0.271864
0.0134834 0.271076
0.0135083 0.27029
0.0135332 0.26944
0.0135582 0.268709
0.0135833 0.267771
0.0136083 0.267113
0.0136335 0.266035
0.0136587 0.265517
0.0136839 0.264348
0.0137091 0.26392
0.0137345 0.262762
0.0137598 0.262342
0.0137852 0.261256
0.0138107 0.260829
0.0138362 0.259778
0.0138617 0.259329
0.0138873 0.258278
0.013913 0.257813
0.0139387 0.256776
0.0139644 0.256298
0.0139902 0.25527
0.014016 0.254768
0.0140419 0.253752
0.0140678 0.253246
0.0140938 0.25223
0.0141198 0.251712
0.0141459 0.250725
0.014172 0.250207
0.0141982 0.249284
0.0142244 0.248748
0.0142507 0.247854
0.014277 0.247301
0.0143034 0.24643
0.0143298 0.245845
0.0143563 0.244987
0.0143828 0.244372
0.0144093 0.243542
0.0144359 0.24289
0.0144626 0.24208
0.0144893 0.241405
0.0145161 0.240629
0.0145429 0.239919
0.0145697 0.239189
0.0145966 0.238468
0.0146236 0.237809
0.0146506 0.237049
0.0146776 0.236452
0.0147047 0.235613
0.0147319 0.235085
0.0147591 0.234082
0.0147863 0.233715
0.0148136 0.232713
0.014841 0.232331
0.0148684 0.231336
0.0148959 0.230941
0.0149234 0.22996
0.0149509 0.229554
0.0149785 0.228587
0.0150062 0.228185
0.0150339 0.227267
0.0150617 0.226866
0.0150895 0.22598
0.0151173 0.225563
0.0151453 0.224684
0.0151732 0.224249
0.0152012 0.223379
0.0152293 0.222923
0.0152574 0.222058
0.0152856 0.221592
0.0153138 0.220744
0.0153421 0.220259
0.0153705 0.21943
0.0153988 0.218928
0.0154273 0.218116
0.0154558 0.217617
0.0154843 0.216854
0.0155129 0.216345
0.0155415 0.215619
0.0155702 0.215085
0.015599 0.214377
0.0156278 0.213815
0.0156567 0.213124
0.0156856 0.212528
0.0157145 0.211867
0.0157435 0.211236
0.0157726 0.210608
0.0158017 0.209924
0.0158309 0.209345
0.0158602 0.208608
0.0158894 0.208096
0.0159188 0.207288
0.0159482 0.206888
0.0159776 0.206024
0.0160071 0.205698
0.0160367 0.204835
0.0160663 0.204504
0.016096 0.203643
0.0161257 0.2033
0.0161555 0.20245
0.0161853 0.202089
0.0162152 0.201244
0.0162451 0.200874
0.0162751 0.200036
0.0163052 0.199659
0.0163353 0.198835
0.0163655 0.198457
0.0163957 0.197679
0.016426 0.197301
0.0164563 0.196552
0.0164867 0.196155
0.0165171 0.195413
0.0165476 0.195002
0.0165782 0.194274
0.0166088 0.193847
0.0166395 0.193122
0.0166702 0.192681
0.016701 0.191976
0.0167318 0.19151
0.0167627 0.190824
0.0167937 0.190337
0.0168247 0.189679
0.0168558 0.189192
0.0168869 0.188569
0.0169181 0.188076
0.0169493 0.187493
0.0169806 0.186962
0.017012 0.186407
0.0170434 0.185843
0.0170748 0.185315
0.0171064 0.184705
0.017138 0.18422
0.0171696 0.183541
0.0172013 0.183116
0.0172331 0.182302
0.0172649 0.182013
0.0172968 0.181208
0.0173287 0.18092
0.0173607 0.180152
0.0173928 0.179861
0.0174249 0.17913
0.0174571 0.178828
0.0174893 0.178099
0.0175216 0.177781
0.017554 0.177061
0.0175864 0.176736
0.0176189 0.176018
0.0176514 0.175685
0.017684 0.174971
0.0177166 0.174624
0.0177494 0.173923
0.0177821 0.173565
0.017815 0.172876
0.0178479 0.172519
0.0178808 0.171865
0.0179138 0.171509
0.0179469 0.170888
0.0179801 0.170511
0.0180133 0.169897
0.0180465 0.169509
0.0180799 0.168906
0.0181132 0.168496
0.0181467 0.167907
0.0181802 0.167476
0.0182138 0.166901
0.0182474 0.166451
0.0182811 0.165896
0.0183149 0.165428
0.0183487 0.164904
0.0183826 0.164415
0.0184165 0.163938
0.0184505 0.163436
0.0184846 0.163002
0.0185187 0.162456
0.0185529 0.162058
0.0185872 0.161443
0.0186215 0.161111
0.0186559 0.160415
0.0186903 0.160156
0.0187248 0.159467
0.0187594 0.159198
0.0187941 0.158509
0.0188288 0.158238
0.0188635 0.157562
0.0188984 0.157284
0.0189333 0.156635
0.0189682 0.156362
0.0190033 0.155742
0.0190384 0.155456
0.0190735 0.154843
0.0191087 0.154547
0.019144 0.153938
0.0191794 0.153634
0.0192148 0.153028
0.0192503 0.15271
0.0192858 0.152115
0.0193214 0.15179
0.0193571 0.151201
0.0193929 0.150864
0.0194287 0.150293
0.0194645 0.14995
0.0195005 0.149405
0.0195365 0.14906
0.0195726 0.148551
0.0196087 0.148185
0.0196449 0.14769
0.0196812 0.147309
0.0197175 0.146822
0.019754 0.146419
0.0197904 0.14595
0.019827 0.145525
0.0198636 0.145073
0.0199003 0.144625
0.019937 0.144201
0.0199738 0.143716
0.0200107 0.143332
0.0200477 0.142816
0.0200847 0.142484
0.0201218 0.141881
0.0201589 0.141666
0.0201962 0.141063
0.0202335 0.14084
0.0202708 0.140241
0.0203082 0.140005
0.0203457 0.139413
0.0203833 0.139171
0.020421 0.138582
0.0204587 0.138334
0.0204964 0.137748
0.0205343 0.137488
0.0205722 0.136915
0.0206102 0.136658
0.0206483 0.136104
0.0206864 0.135846
0.0207246 0.135329
0.0207629 0.135062
0.0208012 0.134547
0.0208396 0.134274
0.0208781 0.133761
0.0209166 0.133478
0.0209553 0.132973
0.020994 0.13267
0.0210327 0.132179
0.0210716 0.131869
0.0211105 0.131385
0.0211495 0.131062
0.0211885 0.130596
0.0212277 0.130262
0.0212669 0.129823
0.0213061 0.129492
0.0213455 0.129082
0.0213849 0.128732
0.0214244 0.128335
0.0214639 0.127961
0.0215036 0.127581
0.0215433 0.127181
0.0215831 0.126825
0.0216229 0.126393
0.0216628 0.126067
0.0217028 0.125576
0.0217429 0.125307
0.0217831 0.124748
0.0218233 0.124549
0.0218636 0.124009
0.021904 0.123812
0.0219444 0.123299
0.0219849 0.123098
0.0220255 0.12259
0.0220662 0.122373
0.022107 0.121873
0.0221478 0.121652
0.0221887 0.121151
0.0222297 0.120923
0.0222707 0.120427
0.0223118 0.120189
0.022353 0.119698
0.0223943 0.11946
0.0224357 0.118973
0.0224771 0.118732
0.0225186 0.118266
0.0225602 0.118024
0.0226018 0.117589
0.0226436 0.117338
0.0226854 0.116911
0.0227273 0.116644
0.0227692 0.116223
0.0228113 0.115946
0.0228534 0.115534
0.0228956 0.115244
0.0229379 0.114843
0.0229803 0.11454
0.0230227 0.114146
0.0230652 0.113831
0.0231078 0.113456
0.0231505 0.113132
0.0231932 0.112782
0.023236 0.112453
0.023279 0.112137
0.0233219 0.11178
0.023365 0.111486
0.0234082 0.111094
0.0234514 0.110829
0.0234947 0.110359
0.0235381 0.110172
0.0235815 0.109691
0.0236251 0.10951
0.0236687 0.10903
0.0237124 0.108846
0.0237562 0.108375
0.0238001 0.108187
0.023844 0.107729
0.0238881 0.107545
0.0239322 0.107113
0.0239764 0.106921
0.0240206 0.106493
0.024065 0.106294
0.0241094 0.105872
0.0241539 0.105664
0.0241985 0.105243
0.0242432 0.105029
0.024288 0.104612
0.0243329 0.104392
0.0243778 0.103981
0.0244228 0.103754
0.0244679 0.10335
0.0245131 0.103116
0.0245583 0.102729
0.0246037 0.1025
0.0246491 0.102142
0.0246946 0.101901
0.0247402 0.10155
0.0247859 0.101296
0.0248317 0.100951
0.0248776 0.100684
0.0249235 0.100352
0.0249695 0.100069
0.0250156 0.0997476
0.0250618 0.0994492
0.0251081 0.0991414
0.0251545 0.0988258
0.0252009 0.0985411
0.0252475 0.0982031
0.0252941 0.0979486
0.0253408 0.0975945
0.0253876 0.0973861
0.0254345 0.0969714
0.0254814 0.0968175
0.0255285 0.096406
0.0255756 0.096247
0.0256229 0.0958331
0.0256702 0.0956706
0.0257176 0.095262
0.0257651 0.0950936
0.0258126 0.0946874
0.0258603 0.0945131
0.0259081 0.0941138
0.0259559 0.093937
0.0260038 0.0935475
0.0260518 0.0933758
0.0261 0.0930134
0.0261482 0.0928327
0.0261964 0.0924725
0.0262448 0.0922854
0.0262933 0.09193
0.0263418 0.0917346
0.0263905 0.0913844
0.0264392 0.091181
0.026488 0.0908365
0.0265369 0.0906242
0.0265859 0.0902851
0.026635 0.090065
0.0266842 0.089736
0.0267335 0.0895115
0.0267829 0.0891967
0.0268323 0.0889747
0.0268819 0.0886832
0.0269315 0.0884507
0.0269812 0.0881701
0.0270311 0.0879208
0.027081 0.0876492
0.027131 0.0873843
0.0271811 0.0871284
0.0272313 0.0868435
0.0272816 0.0866036
0.0273319 0.0862917
0.0273824 0.0860781
0.027433 0.0857139
0.0274836 0.0855554
0.0275344 0.085172
0.0275852 0.0850396
0.0276362 0.0846864
0.0276872 0.0845502
0.0277383 0.084197
0.0277896 0.0840565
0.0278409 0.0837065
0.0278923 0.0835583
0.0279438 0.0832107
0.0279954 0.0830574
0.0280471 0.0827129
0.0280989 0.0825563
0.0281508 0.0822162
0.0282027 0.0820523
0.0282548 0.0817153
0.028307 0.0815499
0.0283593 0.0812213
0.0284116 0.0810595
0.0284641 0.0807562
0.0285167 0.0805871
0.0285693 0.0802865
0.0286221 0.0801088
0.0286749 0.0798134
0.0287279 0.0796293
0.0287809 0.0793405
0.0288341 0.0791455
0.0288873 0.0788626
0.0289407 0.0786582
0.0289941 0.0783833
0.0290477 0.0781711
0.0291013 0.0779042
0.029155 0.0776847
0.0292089 0.0774315
0.0292628 0.0772126
0.0293168 0.0769874
0.029371 0.0767528
0.0294252 0.076538
0.0294796 0.0762833
0.029534 0.0760846
0.0295885 0.0758029
0.0296432 0.0756311
0.0296979 0.0752949
0.0297527 0.0751738
0.0298077 0.0748409
0.0298627 0.0747152
0.0299179 0.0743859
0.0299731 0.0742576
0.0300285 0.0739342
0.0300839 0.0738076
0.0301395 0.0735078
0.0301951 0.0733789
0.0302509 0.0730812
0.0303068 0.0729458
0.0303627 0.0726523
0.0304188 0.0725141
0.030475 0.0722212
0.0305312 0.0720757
0.0305876 0.0717861
0.0306441 0.0716365
0.0307007 0.0713494
0.0307574 0.0711957
0.0308142 0.0709152
0.0308711 0.0707564
0.0309281 0.0704843
0.0309852 0.0703269
0.0310424 0.0700764
0.0310997 0.0699168
0.0311572 0.0696703
0.0312147 0.0695016
0.0312723 0.0692603
0.0313301 0.0690834
0.0313879 0.0688468
0.0314459 0.0686601
0.031504 0.0684337
0.0315621 0.0682369
0.0316204 0.0680181
0.0316788 0.0678092
0.0317373 0.0676036
0.0317959 0.0673815
0.0318546 0.0671956
0.0319135 0.0669658
0.0319724 0.0668061
0.0320314 0.0665423
0.0320906 0.0664164
0.0321498 0.0661294
0.0322092 0.0660227
0.0322687 0.0657361
0.0323283 0.0656267
0.032388 0.0653423
0.0324478 0.0652296
0.0325077 0.0649481
0.0325677 0.0648307
0.0326279 0.0645509
0.0326881 0.0644313
0.0327485 0.064158
0.0328089 0.0640416
0.0328695 0.0637873
0.0329302 0.063665
0.032991 0.063416
0.033052 0.0632915
0.033113 0.0630409
0.0331741 0.0629118
0.0332354 0.0626657
0.0332968 0.0625306
0.0333583 0.0622886
0.0334199 0.0621475
0.0334816 0.0619079
0.0335434 0.061762
0.0336053 0.0615307
0.0336674 0.0613791
0.0337296 0.0611547
0.0337919 0.0610048
0.0338543 0.0607997
0.0339168 0.0606415
0.0339794 0.060443
0.0340421 0.0602778
0.034105 0.0600863
0.034168 0.0599107
0.0342311 0.059727
0.0342943 0.0595386
0.0343576 0.059366
0.0344211 0.0591639
0.0344846 0.0590031
0.0345483 0.058779
0.0346121 0.0586422
0.034676 0.0583749
0.0347401 0.0582852
0.0348042 0.0580365
0.0348685 0.0579438
0.0349329 0.0577001
0.0349974 0.0576043
0.035062 0.0573622
0.0351267 0.057261
0.0351916 0.0570211
0.0352566 0.0569168
0.0353217 0.0566776
0.0353869 0.0565717
0.0354523 0.0563347
0.0355177 0.0562254
0.0355833 0.0559915
0.035649 0.0558793
0.0357149 0.0556511
0.0357808 0.0555395
0.0358469 0.055325
0.0359131 0.0552121
0.0359794 0.055004
0.0360458 0.054886
0.0361124 0.054681
0.0361791 0.0545566
0.0362459 0.0543538
0.0363128 0.0542243
0.0363799 0.0540258
0.0364471 0.0538901
0.0365144 0.0536962
0.0365818 0.0535553
0.0366493 0.0533681
0.036717 0.0532218
0.0367848 0.0530419
0.0368527 0.0528965
0.0369208 0.0527314
0.036989 0.0525782
0.0370573 0.0524246
0.0371257 0.052259
0.0371943 0.0521148
0.0372629 0.0519339
0.0373318 0.0518031
0.0374007 0.0515961
0.0374698 0.0514899
0.037539 0.0512593
0.0376083 0.0511744
0.0376777 0.0509458
0.0377473 0.0508604
0.037817 0.0506346
0.0378868 0.0505505
0.0379568 0.0503402
0.0380269 0.050253
0.0380971 0.0500477
0.0381675 0.0499576
0.0382379 0.0497526
0.0383085 0.0496599
0.0383793 0.0494571
0.0384502 0.04936
0.0385212 0.0491595
0.0385923 0.0490602
0.0386636 0.0488608
0.038735 0.0487578
0.0388065 0.0485618
0.0388781 0.0484563
0.0389499 0.0482653
0.0390219 0.0481606
0.0390939 0.0479816
0.0391661 0.0478739
0.0392384 0.0477021
0.0393109 0.0475882
0.0393835 0.0474201
0.0394562 0.0472998
0.0395291 0.0471361
0.0396021 0.0470105
0.0396752 0.0468501
0.0397485 0.0467183
0.0398219 0.0465634
0.0398954 0.0464246
0.0399691 0.0462772
0.0400429 0.0461295
0.0401168 0.0459938
0.0401909 0.0458425
0.0402651 0.0457232
0.0403395 0.0455596
0.040414 0.0454548
0.0404886 0.0452559
0.0405633 0.0451848
0.0406383 0.0449868
0.0407133 0.0449132
0.0407885 0.044716
0.0408638 0.0446393
0.0409393 0.0444442
0.0410149 0.0443657
0.0410906 0.0441723
0.0411665 0.0440905
0.0412425 0.0439011
0.0413186 0.043821
0.0413949 0.0436421
0.0414714 0.0435618
0.041548 0.0433878
0.0416247 0.0433032
0.0417016 0.0431322
0.0417786 0.0430434
0.0418557 0.0428737
0.041933 0.042783
0.0420104 0.0426145
0.042088 0.0425204
0.0421657 0.0423553
0.0422436 0.0422565
0.0423216 0.0420942
0.0423998 0.0419941
0.042478 0.0418366
0.0425565 0.0417353
0.0426351 0.0415887
0.0427138 0.0414845
0.0427927 0.0413448
0.0428717 0.0412348
0.0429509 0.0410988
0.0430302 0.0409835
0.0431096 0.0408532
0.0431892 0.0407281
0.043269 0.0406046
0.0433489 0.040472
0.0434289 0.0403553
0.0435091 0.0402116
0.0435895 0.0401059
0.04367 0.0399447
0.0437506 0.0398603
0.0438314 0.0396851
0.0439124 0.0396222
0.0439934 0.0394549
0.0440747 0.0393901
0.0441561 0.0392213
0.0442376 0.0391544
0.0443193 0.0389885
0.0444011 0.0389179
0.0444831 0.038753
0.0445653 0.0386813
0.0446476 0.0385165
0.04473 0.0384433
0.0448126 0.0382803
0.0448954 0.0382047
0.0449783 0.0380451
0.0450613 0.0379705
0.0451445 0.0378194
0.0452279 0.0377446
0.0453114 0.0375998
0.0453951 0.0375206
0.0454789 0.0373775
0.0455629 0.0372947
0.045647 0.0371544
0.0457313 0.0370676
0.0458158 0.0369291
0.0459004 0.0368395
0.0459851 0.0367039
0.0460701 0.03661
0.0461551 0.0364785
0.0462404 0.0363801
0.0463257 0.0362541
0.0464113 0.0361552
0.046497 0.036038
0.0465829 0.0359358
0.0466689 0.0358262
0.0467551 0.0357174
0.0468414 0.035614
0.0469279 0.0354952
0.0470145 0.0353999
0.0471014 0.0352694
0.0471883 0.0351838
0.0472755 0.035024
0.0473628 0.034968
0.0474502 0.0348089
0.0475379 0.0347518
0.0476256 0.0345949
0.0477136 0.0345366
0.0478017 0.0343889
0.04789 0.0343303
0.0479784 0.0341886
0.048067 0.0341281
0.0481558 0.0339865
0.0482447 0.033923
0.0483338 0.0337834
0.048423 0.0337187
0.0485124 0.033579
0.048602 0.0335112
0.0486918 0.0333739
0.0487817 0.0333048
0.0488718 0.0331684
0.048962 0.0330977
0.0490524 0.0329637
0.049143 0.0328936
0.0492338 0.0327669
0.0493247 0.0326949
0.0494158 0.0325753
0.049507 0.0325002
0.0495984 0.0323823
0.04969 0.0323033
0.0497818 0.0321887
0.0498737 0.0321048
0.0499658 0.031993
0.0500581 0.031906
0.0501505 0.0317981
0.0502431 0.0317062
0.0503359 0.0316015
0.0504288 0.0315043
0.050522 0.0314063
0.0506153 0.0313064
0.0507087 0.031218
0.0508024 0.0311137
0.0508962 0.0310347
0.0509902 0.030917
0.0510843 0.0308497
0.0511786 0.0307132
0.0512732 0.0306631
0.0513678 0.0305278
0.0514627 0.0304762
0.0515577 0.0303408
0.0516529 0.0302884
0.0517483 0.0301545
0.0518439 0.0301001
0.0519396 0.0299683
0.0520355 0.0299137
0.0521316 0.0297879
0.0522279 0.0297335
0.0523243 0.0296138
0.0524209 0.0295565
0.0525177 0.0294381
0.0526147 0.0293796
0.0527119 0.0292612
0.0528092 0.0292008
0.0529067 0.0290839
0.0530044 0.0290204
0.0531023 0.0289053
0.0532004 0.0288402
0.0532986 0.0287276
0.053397 0.0286596
0.0534956 0.0285494
0.0535944 0.0284806
0.0536934 0.0283775
0.0537925 0.0283081
0.0538919 0.0282114
0.0539914 0.0281386
0.0540911 0.0280428
0.054191 0.0279661
0.054291 0.0278741
0.0543913 0.0277933
0.0544917 0.0277047
0.0545924 0.027618
0.0546932 0.0275345
0.0547942 0.0274408
0.0548954 0.0273638
0.0549967 0.0272613
0.0550983 0.0271937
0.0552 0.0270759
0.055302 0.0270298
0.0554041 0.0269137
0.0555064 0.0268702
0.0556089 0.0267542
0.0557116 0.0267093
0.0558144 0.0265944
0.0559175 0.0265475
0.0560208 0.0264337
0.0561242 0.0263855
0.0562279 0.0262717
0.0563317 0.0262219
0.0564357 0.0261096
0.0565399 0.0260587
0.0566443 0.0259488
0.0567489 0.0258972
0.0568537 0.0257912
0.0569587 0.0257404
0.0570639 0.0256402
0.0571693 0.0255876
0.0572748 0.0254884
0.0573806 0.0254332
0.0574866 0.025335
0.0575927 0.0252771
0.0576991 0.0251808
0.0578056 0.0251206
0.0579124 0.0250263
0.0580193 0.0249638
0.0581264 0.024872
0.0582338 0.0248064
0.0583413 0.0247173
0.058449 0.0246506
0.058557 0.0245676
0.0586651 0.0244999
0.0587734 0.0244229
0.058882 0.0243513
0.0589907 0.0242772
0.0590996 0.0242006
0.0592088 0.0241311
0.0593181 0.0240477
0.0594276 0.0239835
0.0595374 0.0238911
0.0596473 0.0238359
0.0597575 0.0237269
0.0598678 0.0236877
0.0599784 0.0235801
0.0600891 0.0235407
0.0602001 0.0234359
0.0603112 0.0233971
0.0604226 0.0232991
0.0605342 0.0232586
0.060646 0.0231611
0.060758 0.0231191
0.0608702 0.0230218
0.0609826 0.022978
0.0610952 0.0228821
0.061208 0.0228371
0.061321 0.0227416
0.0614343 0.0226947
0.0615477 0.0226001
0.0616614 0.0225522
0.0617752 0.0224598
0.0618893 0.0224111
0.0620036 0.0223227
0.0621181 0.0222742
0.0622328 0.0221917
0.0623477 0.0221408
0.0624628 0.0220591
0.0625782 0.0220059
0.0626937 0.021926
0.0628095 0.0218714
0.0629255 0.0217925
0.0630417 0.0217344
0.0631581 0.0216578
0.0632747 0.0215973
0.0633916 0.0215238
0.0635086 0.0214595
0.0636259 0.0213895
0.0637434 0.0213227
0.0638611 0.0212589
0.063979 0.0211909
0.0640972 0.0211334
0.0642155 0.0210593
0.0643341 0.0210069
0.0644529 0.0209198
0.0645719 0.02088
0.0646912 0.0207863
0.0648106 0.0207519
0.0649303 0.0206585
0.0650502 0.0206233
0.0651703 0.0205307
0.0652907 0.0204946
0.0654113 0.020403
0.065532 0.0203661
0.0656531 0.0202777
0.0657743 0.0202413
0.0658957 0.020159
0.0660174 0.0201213
0.0661393 0.0200396
0.0662615 0.02
0.0663838 0.0199189
0.0665064 0.0198779
0.0666292 0.0197973
0.0667523 0.0197557
0.0668755 0.0196758
0.066999 0.0196326
0.0671227 0.019554
0.0672467 0.0195081
0.0673709 0.0194317
0.0674953 0.019386
0.0676199 0.019313
0.0677448 0.0192666
0.0678699 0.0191991
0.0679952 0.0191503
0.0681208 0.0190844
0.0682466 0.0190333
0.0683726 0.0189686
0.0684988 0.018915
0.0686253 0.0188523
0.0687521 0.0187952
0.068879 0.0187362
0.0690062 0.0186752
0.0691336 0.0186193
0.0692613 0.0185534
0.0693892 0.0185026
0.0695173 0.0184311
0.0696457 0.018389
0.0697743 0.0183092
0.0699031 0.0182801
0.0700322 0.0182006
0.0701616 0.0181702
0.0702911 0.0180913
0.0704209 0.0180598
0.070551 0.0179814
0.0706812 0.0179487
0.0708118 0.0178704
0.0709425 0.0178372
0.0710735 0.0177595
0.0712048 0.0177255
0.0713362 0.017649
0.071468 0.0176145
0.0716 0.0175402
0.0717322 0.0175057
0.0718646 0.0174368
0.0719973 0.0174012
0.0721303 0.0173327
0.0722635 0.0172957
0.0723969 0.0172283
0.0725306 0.0171897
0.0726645 0.017123
0.0727987 0.0170825
0.0729332 0.0170168
0.0730678 0.0169755
0.0732028 0.016911
0.0733379 0.0168676
0.0734734 0.0168052
0.073609 0.0167606
0.073745 0.016701
0.0738812 0.0166567
0.0740176 0.0166026
0.0741543 0.0165557
0.0742912 0.0165032
0.0744284 0.0164531
0.0745658 0.0164037
0.0747035 0.0163494
0.0748415 0.0163031
0.0749797 0.0162441
0.0751181 0.0162021
0.0752568 0.016134
0.0753958 0.0161011
0.075535 0.0160267
0.0756745 0.0159999
0.0758143 0.0159269
0.0759543 0.0159011
0.0760945 0.0158334
0.076235 0.0158066
0.0763758 0.0157395
0.0765168 0.0157114
0.0766581 0.0156444
0.0767997 0.0156151
0.0769415 0.0155491
0.0770836 0.0155191
0.0772259 0.0154534
0.0773685 0.015422
0.0775114 0.0153572
0.0776545 0.0153255
0.0777979 0.015261
0.0779416 0.0152286
0.0780855 0.0151663
0.0782297 0.0151344
0.0783742 0.0150771
0.0785189 0.0150438
0.0786639 0.0149868
0.0788092 0.014952
0.0789547 0.0148966
0.0791005 0.01486
0.0792466 0.0148053
0.0793929 0.014767
0.0795395 0.0147141
0.0796864 0.0146734
0.0798335 0.0146219
0.0799809 0.01458
0.0801286 0.0145303
0.0802766 0.0144861
0.0804248 0.0144401
0.0805734 0.0143961
0.0807221 0.0143548
0.0808712 0.014307
0.0810205 0.0142685
0.0811702 0.0142156
0.08132 0.0141821
0.0814702 0.0141179
0.0816207 0.0140948
0.0817714 0.0140309
0.0819224 0.0140071
0.0820737 0.0139437
0.0822252 0.0139192
0.0823771 0.0138565
0.0825292 0.0138312
0.0826816 0.0137697
0.0828342 0.013745
0.0829872 0.0136883
0.0831405 0.0136631
0.083294 0.0136065
0.0834478 0.0135803
0.0836019 0.0135242
0.0837563 0.0134969
0.0839109 0.0134414
0.0840659 0.0134128
0.0842211 0.0133577
0.0843766 0.0133285
0.0845325 0.0132744
0.0846885 0.0132442
0.0848449 0.0131912
0.0850016 0.0131598
0.0851586 0.0131083
0.0853158 0.0130778
0.0854734 0.0130308
0.0856312 0.0129987
0.0857893 0.0129526
0.0859478 0.0129191
0.0861065 0.0128742
0.0862655 0.012839
0.0864248 0.012795
0.0865844 0.012758
0.0867442 0.0127158
0.0869044 0.012676
0.0870649 0.0126363
0.0872257 0.0125937
0.0873868 0.0125567
0.0875481 0.0125109
0.0877098 0.0124784
0.0878718 0.0124295
0.088034 0.012404
0.0881966 0.0123495
0.0883594 0.012329
0.0885226 0.0122749
0.0886861 0.0122539
0.0888498 0.0121995
0.0890139 0.0121781
0.0891783 0.0121244
0.089343 0.0121019
0.0895079 0.0120486
0.0896732 0.0120256
0.0898388 0.0119727
0.0900047 0.0119495
0.0901709 0.0118978
0.0903374 0.0118747
0.0905043 0.0118271
0.0906714 0.0118035
0.0908388 0.0117563
0.0910066 0.0117317
0.0911746 0.011685
0.091343 0.0116595
0.0915116 0.0116134
0.0916806 0.0115868
0.0918499 0.0115414
0.0920195 0.0115136
0.0921895 0.0114692
0.0923597 0.0114402
0.0925303 0.011397
0.0927011 0.0113668
0.0928723 0.0113255
0.0930438 0.0112959
0.0932156 0.0112577
0.0933877 0.0112266
0.0935602 0.01119
0.093733 0.011157
0.0939061 0.0111217
0.0940795 0.0110864
0.0942532 0.0110533
0.0944272 0.0110153
0.0946016 0.0109845
0.0947763 0.0109422
0.0949513 0.0109152
0.0951266 0.010864
0.0953023 0.0108462
0.0954783 0.0107956
0.0956546 0.0107782
0.0958312 0.0107313
0.0960082 0.0107131
0.0961855 0.0106671
0.0963631 0.0106483
0.0965411 0.0106027
0.0967193 0.0105828
0.0968979 0.0105375
0.0970769 0.0105173
0.0972561 0.0104721
0.0974357 0.0104516
0.0976156 0.0104066
0.0977959 0.0103852
0.0979765 0.0103413
0.0981574 0.010319
0.0983387 0.010276
0.0985203 0.0102548
0.0987022 0.0102145
0.0988845 0.0101923
0.0990671 0.0101533
0.09925 0.0101299
0.0994333 0.0100914
0.0996169 0.0100673
0.0998008 0.0100294
0.0999851 0.010004
0.10017 0.00996718
0.100355 0.00994027
0.10054 0.00990435
0.100726 0.00987629
0.100912 0.00984163
0.101098 0.00981252
0.101285 0.00977994
0.101472 0.00975058
0.101659 0.00972093
0.101847 0.00968988
0.102035 0.00966243
0.102223 0.0096286
0.102412 0.00960329
0.102601 0.00956511
0.102791 0.00954427
0.102981 0.00950046
0.103171 0.00948445
0.103361 0.00944122
0.103552 0.00942471
0.103743 0.00938146
0.103935 0.00936473
0.104127 0.00932257
0.104319 0.00930575
0.104512 0.00926646
0.104705 0.00924951
0.104898 0.00921088
0.105092 0.00919347
0.105286 0.00915498
0.10548 0.00913675
0.105675 0.00909868
0.10587 0.00907991
0.106066 0.00904218
0.106262 0.00902292
0.106458 0.00898566
0.106654 0.00896549
0.106851 0.00892885
0.107049 0.00890833
0.107246 0.00887279
0.107444 0.00885203
0.107643 0.00881895
0.107841 0.00879791
0.108041 0.00876594
0.10824 0.0087438
0.10844 0.00871262
0.10864 0.00868906
0.108841 0.00865874
0.109042 0.00863414
0.109243 0.00860469
0.109445 0.00857853
0.109647 0.00855055
0.10985 0.00852283
0.110052 0.00849637
0.110256 0.00846691
0.110459 0.00844292
0.110663 0.00841192
0.110868 0.00839144
0.111072 0.00835415
0.111277 0.00834075
0.111483 0.0083035
0.111689 0.00828971
0.111895 0.0082526
0.112102 0.0082381
0.112309 0.00820145
0.112516 0.00818649
0.112724 0.00815009
0.112932 0.00813476
0.11314 0.0080986
0.113349 0.00808268
0.113559 0.00804738
0.113768 0.00803195
0.113978 0.00799858
0.114189 0.00798266
0.1144 0.00795051
0.114611 0.00793414
0.114823 0.00790203
0.115035 0.00788516
0.115247 0.00785336
0.11546 0.0078358
0.115673 0.00780429
0.115887 0.00778586
0.116101 0.00775508
0.116315 0.00773601
0.11653 0.00770585
0.116745 0.00768602
0.116961 0.00765723
0.117177 0.0076371
0.117393 0.00761032
0.11761 0.00758996
0.117827 0.00756458
0.118045 0.00754295
0.118263 0.00751819
0.118481 0.00749514
0.1187 0.00747153
0.118919 0.00744692
0.119139 0.00742498
0.119359 0.0073982
0.119579 0.00737801
0.1198 0.00734812
0.120021 0.00733112
0.120243 0.00729676
0.120465 0.00728468
0.120687 0.0072523
0.12091 0.00724018
0.121133 0.00720858
0.121357 0.00719614
0.121581 0.00716482
0.121806 0.00715174
0.12203 0.00712065
0.122256 0.0071071
0.122482 0.00707621
0.122708 0.00706229
0.122934 0.00703166
0.123161 0.00701722
0.123389 0.00698702
0.123617 0.00697245
0.123845 0.00694253
0.124074 0.0069281
0.124303 0.00690009
0.124532 0.00688525
0.124762 0.00685844
0.124993 0.00684307
0.125223 0.00681667
0.125455 0.0068005
0.125686 0.00677435
0.125918 0.00675746
0.126151 0.00673201
0.126384 0.00671433
0.126617 0.00668956
0.126851 0.00667112
0.127085 0.00664676
0.12732 0.00662761
0.127555 0.0066046
0.127791 0.00658532
0.128027 0.00656409
0.128263 0.00654399
0.1285 0.00652444
0.128737 0.00650262
0.128975 0.00648443
0.129213 0.00646061
0.129452 0.00644402
0.129691 0.00641594
0.12993 0.00640384
0.13017 0.00637414
0.130411 0.00636319
0.130651 0.00633364
0.130893 0.00632245
0.131134 0.0062935
0.131376 0.00628235
0.131619 0.00625489
0.131862 0.00624355
0.132106 0.00621704
0.13235 0.00620533
0.132594 0.00617901
0.132839 0.00616679
0.133084 0.00614086
0.13333 0.00612812
0.133576 0.00610221
0.133823 0.00608925
0.13407 0.00606358
0.134317 0.0060502
0.134565 0.00602494
0.134814 0.00601113
0.135063 0.00598644
0.135312 0.0059725
0.135562 0.00594932
0.135812 0.00593547
0.136063 0.00591333
0.136315 0.00589869
0.136566 0.00587717
0.136818 0.00586169
0.137071 0.00584054
0.137324 0.00582431
0.137578 0.0058039
0.137832 0.00578693
0.138086 0.00576702
0.138341 0.00574894
0.138597 0.00573024
0.138853 0.00571105
0.139109 0.00569369
0.139366 0.00567373
0.139623 0.0056584
0.139881 0.00563706
0.14014 0.00562414
0.140398 0.00559884
0.140658 0.00558942
0.140917 0.00556434
0.141177 0.00555466
0.141438 0.00552953
0.141699 0.00551955
0.141961 0.00549467
0.142223 0.00548444
0.142486 0.00545978
0.142749 0.00544927
0.143013 0.00542494
0.143277 0.0054144
0.143541 0.00539135
0.143806 0.00538085
0.144072 0.0053588
0.144338 0.00534783
0.144604 0.00532587
0.144871 0.00531447
0.145139 0.00529285
0.145407 0.00528099
0.145675 0.00525966
0.145944 0.00524735
0.146214 0.00522637
0.146484 0.00521356
0.146754 0.00519287
0.147025 0.00517985
0.147297 0.00515964
0.147569 0.00514657
0.147841 0.00512759
0.148114 0.00511412
0.148388 0.00509627
0.148662 0.00508219
0.148937 0.00506496
0.149212 0.00505003
0.149487 0.00503326
0.149763 0.00501736
0.15004 0.00500152
0.150317 0.00498427
0.150594 0.00496971
0.150872 0.00495089
0.151151 0.00493767
0.15143 0.00491601
0.15171 0.00490609
0.15199 0.0048835
0.152271 0.00487544
0.152552 0.00485396
0.152833 0.00484564
0.153116 0.00482428
0.153398 0.00481566
0.153682 0.00479438
0.153965 0.00478532
0.15425 0.00476426
0.154535 0.00475492
0.15482 0.00473406
0.155106 0.00472451
0.155392 0.00470387
0.155679 0.00469395
0.155967 0.00467366
0.156255 0.00466375
0.156543 0.00464431
0.156832 0.00463462
0.157122 0.0046162
0.157412 0.00460605
0.157703 0.00458783
0.157994 0.00457704
0.158286 0.00455914
0.158578 0.00454814
0.158871 0.00453059
0.159164 0.00451883
0.159458 0.00450172
0.159753 0.00448947
0.160048 0.00447288
0.160343 0.00446014
0.160639 0.00444404
0.160936 0.00443117
0.161233 0.00441611
0.161531 0.0044031
0.161829 0.00438927
0.162128 0.0043752
0.162427 0.00436211
0.162727 0.00434683
0.163028 0.00433475
0.163329 0.00431794
0.16363 0.00430731
0.163933 0.00428716
0.164235 0.00427973
0.164539 0.00425973
0.164842 0.0042521
0.165147 0.00423235
0.165452 0.00422471
0.165757 0.00420575
0.166063 0.0041981
0.16637 0.00418013
0.166677 0.00417228
0.166985 0.00415441
0.167293 0.00414634
0.167602 0.00412858
0.167912 0.0041202
0.168222 0.0041026
0.168532 0.00409382
0.168844 0.00407649
0.169155 0.00406745
0.169468 0.0040502
0.169781 0.00404102
0.170094 0.00402418
0.170408 0.00401488
0.170723 0.00399885
0.171038 0.00398943
0.171354 0.00397432
0.171671 0.00396471
0.171988 0.00394977
0.172305 0.00393966
0.172623 0.00392504
0.172942 0.00391445
0.173261 0.0039002
0.173581 0.00388897
0.173902 0.00387522
0.174223 0.00386344
0.174545 0.00385024
0.174867 0.00383773
0.17519 0.00382545
0.175514 0.00381233
0.175838 0.00380119
0.176162 0.00378765
0.176488 0.00377788
0.176814 0.00376223
0.17714 0.0037544
0.177467 0.00373724
0.177795 0.0037307
0.178123 0.00371358
0.178452 0.00370695
0.178782 0.00368988
0.179112 0.00368308
0.179443 0.00366622
0.179774 0.00365915
0.180106 0.00364244
0.180438 0.00363529
0.180772 0.00361929
0.181105 0.00361225
0.18144 0.00359721
0.181775 0.00358983
0.182111 0.00357494
0.182447 0.00356744
0.182784 0.00355257
0.183121 0.00354472
0.183459 0.00353002
0.183798 0.00352192
0.184138 0.00350746
0.184478 0.00349905
0.184818 0.00348475
0.18516 0.00347607
0.185502 0.00346226
0.185844 0.0034534
0.186187 0.00344018
0.186531 0.00343137
0.186876 0.00341919
0.187221 0.00340992
0.187566 0.00339789
0.187913 0.00338818
0.18826 0.00337657
0.188607 0.00336615
0.188956 0.00335511
0.189305 0.00334407
0.189654 0.00333359
0.190004 0.00332165
0.190355 0.00331203
0.190707 0.00329884
0.191059 0.00329056
0.191412 0.00327496
0.191765 0.00326956
0.192119 0.003255
0.192474 0.00324935
0.192829 0.00323487
0.193186 0.00322904
0.193542 0.00321463
0.1939 0.00320862
0.194258 0.00319428
0.194616 0.00318798
0.194976 0.00317374
0.195336 0.00316739
0.195697 0.00315328
0.196058 0.0031467
0.19642 0.00313282
0.196783 0.00312617
0.197146 0.00311271
0.19751 0.0031061
0.197875 0.00309351
0.19824 0.00308673
0.198606 0.00307433
0.198973 0.00306726
0.199341 0.00305503
0.199709 0.0030476
0.200077 0.00303549
0.200447 0.0030278
0.200817 0.00301596
0.201188 0.00300796
0.201559 0.00299631
0.201932 0.00298793
0.202304 0.00297674
0.202678 0.00296818
0.203052 0.00295753
0.203427 0.00294906
0.203803 0.00293938
0.204179 0.00293019
0.204556 0.00292098
0.204934 0.00291115
0.205312 0.00290249
0.205692 0.00289182
0.206071 0.0028839
0.206452 0.00287183
0.206833 0.00286527
0.207215 0.0028517
0.207598 0.00284652
0.207981 0.00283317
0.208365 0.00282797
0.20875 0.00281478
0.209135 0.00280976
0.209522 0.00279757
0.209908 0.00279227
0.210296 0.00278016
0.210684 0.00277474
0.211073 0.00276258
0.211463 0.002757
0.211854 0.00274501
0.212245 0.0027392
0.212637 0.00272732
0.21303 0.00272137
0.213423 0.00270956
0.213817 0.00270341
0.214212 0.00269184
0.214607 0.00268559
0.215004 0.00267439
0.215401 0.00266822
0.215799 0.00265786
0.216197 0.00265141
0.216596 0.00264121
0.216996 0.00263447
0.217397 0.00262448
0.217798 0.00261736
0.218201 0.00260763
0.218603 0.00260024
0.219007 0.00259068
0.219412 0.00258292
0.219817 0.00257374
0.220223 0.00256559
0.220629 0.00255681
0.221037 0.00254831
0.221445 0.00254024
0.221854 0.00253161
0.222263 0.0025245
0.222674 0.00251495
0.223085 0.00250861
0.223497 0.002497
0.22391 0.00249268
0.224323 0.00248108
0.224737 0.00247664
0.225152 0.0024651
0.225568 0.00246046
0.225985 0.00244905
0.226402 0.00244432
0.22682 0.00243304
0.227239 0.00242819
0.227659 0.00241711
0.228079 0.00241237
0.2285 0.00240215
0.228922 0.00239732
0.229345 0.00238711
0.229768 0.00238205
0.230193 0.00237199
0.230618 0.00236669
0.231044 0.0023567
0.23147 0.00235136
0.231898 0.00234141
0.232326 0.0023359
0.232755 0.0023261
0.233185 0.00232026
0.233615 0.00231077
0.234047 0.00230484
0.234479 0.0022956
0.234912 0.0022898
0.235346 0.0022814
0.23578 0.00227523
0.236216 0.002267
0.236652 0.00226054
0.237089 0.00225253
0.237527 0.00224576
0.237965 0.00223806
0.238405 0.00223082
0.238845 0.00222344
0.239286 0.00221571
0.239728 0.00220884
0.240171 0.00220048
0.240614 0.00219423
0.241058 0.00218494
0.241504 0.00217988
0.24195 0.00217
0.242396 0.00216619
0.242844 0.00215642
0.243292 0.00215248
0.243742 0.00214264
0.244192 0.00213865
0.244643 0.00212893
0.245094 0.00212466
0.245547 0.00211507
0.246 0.00211075
0.246455 0.00210118
0.24691 0.00209676
0.247366 0.00208726
0.247822 0.00208276
0.24828 0.00207347
0.248739 0.00206915
0.249198 0.0020605
0.249658 0.00205602
0.250119 0.00204753
0.250581 0.0020428
0.251044 0.00203441
0.251507 0.00202955
0.251972 0.0020213
0.252437 0.00201615
0.252903 0.00200801
0.25337 0.00200274
0.253838 0.00199478
0.254307 0.00198927
0.254776 0.00198155
0.255247 0.00197586
0.255718 0.00196842
0.25619 0.00196279
0.256663 0.00195603
0.257137 0.00195015
0.257612 0.00194364
0.258088 0.00193728
0.258565 0.00193114
0.259042 0.00192433
0.25952 0.00191859
0.26 0.00191112
0.26048 0.00190593
0.260961 0.00189673
0.261443 0.00189328
0.261925 0.00188412
0.262409 0.00188066
0.262894 0.00187162
0.263379 0.00186819
0.263865 0.00185988
0.264353 0.00185634
0.264841 0.00184814
0.26533 0.00184449
0.26582 0.00183629
0.266311 0.00183253
0.266803 0.00182439
0.267295 0.00182051
0.267789 0.00181244
0.268283 0.00180844
0.268779 0.00180044
0.269275 0.00179634
0.269772 0.00178844
0.27027 0.00178427
0.27077 0.00177657
0.27127 0.00177248
0.27177 0.0017653
0.272272 0.00176104
0.272775 0.00175406
0.273279 0.00174964
0.273783 0.00174276
0.274289 0.00173817
0.274796 0.00173145
0.275303 0.00172653
0.275811 0.00171999
0.276321 0.00171494
0.276831 0.00170859
0.277342 0.00170325
0.277854 0.00169714
0.278367 0.0016915
0.278881 0.0016858
0.279396 0.00168021
0.279912 0.00167507
0.280429 0.00166902
0.280947 0.00166432
0.281466 0.00165762
0.281986 0.00165354
0.282506 0.00164572
0.283028 0.00164266
0.283551 0.00163488
0.284074 0.00163179
0.284599 0.00162398
0.285124 0.00162083
0.285651 0.00161315
0.286178 0.00160989
0.286707 0.00160236
0.287236 0.00159914
0.287767 0.00159211
0.288298 0.00158884
0.28883 0.00158196
0.289364 0.00157856
0.289898 0.00157173
0.290433 0.00156825
0.29097 0.00156142
0.291507 0.00155782
0.292045 0.00155109
0.292585 0.00154734
0.293125 0.00154071
0.293666 0.00153687
0.294208 0.00153038
0.294752 0.0015264
0.295296 0.00152006
0.295841 0.00151613
0.296388 0.0015103
0.296935 0.00150626
0.297483 0.00150062
0.298033 0.00149639
0.298583 0.0014908
0.299134 0.00148635
0.299687 0.00148102
0.30024 0.00147632
0.300795 0.00147114
0.30135 0.00146615
0.301906 0.00146129
0.302464 0.00145595
0.303022 0.00145141
0.303582 0.00144564
0.304143 0.00144166
0.304704 0.00143525
0.305267 0.00143235
0.305831 0.00142569
0.306395 0.00142306
0.306961 0.00141644
0.307528 0.00141374
0.308096 0.00140712
0.308665 0.00140434
0.309235 0.00139781
0.309806 0.00139492
0.310378 0.00138841
0.310951 0.00138545
0.311525 0.00137902
0.312101 0.001376
0.312677 0.00136972
0.313254 0.00136672
0.313833 0.00136078
0.314412 0.00135775
0.314993 0.00135199
0.315574 0.00134885
0.316157 0.00134314
0.316741 0.00133988
0.317326 0.00133424
0.317912 0.00133082
0.318499 0.00132528
0.319087 0.00132179
0.319676 0.00131636
0.320267 0.00131269
0.320858 0.00130739
0.321451 0.00130358
0.322044 0.00129848
0.322639 0.00129472
0.323235 0.00128997
0.323832 0.0012861
0.32443 0.00128157
0.325029 0.00127743
0.325629 0.00127315
0.32623 0.00126872
0.326833 0.00126464
0.327436 0.00125986
0.328041 0.00125609
0.328646 0.00125082
0.329253 0.00124757
0.329861 0.00124138
0.33047 0.00123901
0.331081 0.00123292
0.331692 0.00123057
0.332305 0.00122482
0.332918 0.00122243
0.333533 0.00121686
0.334149 0.00121441
0.334766 0.00120887
0.335384 0.00120634
0.336003 0.00120082
0.336624 0.0011982
0.337246 0.00119275
0.337868 0.00119008
0.338492 0.00118466
0.339117 0.00118189
0.339743 0.00117653
0.340371 0.00117369
0.340999 0.00116846
0.341629 0.00116568
0.34226 0.00116075
0.342892 0.00115787
0.343525 0.00115316
0.344159 0.00115017
0.344795 0.00114548
0.345432 0.00114243
0.34607 0.0011378
0.346709 0.00113463
0.347349 0.0011301
0.34799 0.00112678
0.348633 0.00112233
0.349277 0.00111885
0.349922 0.00111462
0.350568 0.00111099
0.351215 0.00110694
0.351864 0.00110327
0.352513 0.00109959
0.353164 0.00109574
0.353817 0.00109237
0.35447 0.00108815
0.355125 0.00108509
0.35578 0.00108021
0.356437 0.00107778
0.357095 0.00107252
0.357755 0.00107043
0.358416 0.00106518
0.359077 0.00106305
0.35974 0.00105784
0.360405 0.00105568
0.36107 0.00105054
0.361737 0.00104838
0.362405 0.00104351
0.363074 0.00104131
0.363745 0.00103665
0.364416 0.00103439
0.365089 0.00102977
0.365763 0.0010274
0.366439 0.00102281
0.367116 0.00102039
0.367793 0.0010158
0.368473 0.00101333
0.369153 0.00100881
0.369835 0.00100625
0.370518 0.00100181
0.371202 0.000999166
0.371887 0.000994823
0.372574 0.000992211
0.373262 0.000988152
0.373951 0.000985451
0.374642 0.000981587
0.375334 0.000978761
0.376027 0.000974995
0.376721 0.000972047
0.377417 0.000968342
0.378114 0.000965272
0.378812 0.0009617
0.379511 0.000958449
0.380212 0.000955025
0.380914 0.000951571
0.381618 0.000948348
0.382322 0.000944644
0.383028 0.000941732
0.383736 0.000937841
0.384444 0.000935342
0.385154 0.000930876
0.385866 0.000929106
0.386578 0.000924635
0.387292 0.000922804
0.388007 0.00091835
0.388724 0.000916455
0.389441 0.00091205
0.390161 0.000910083
0.390881 0.000905714
0.391603 0.000903702
0.392326 0.000899355
0.39305 0.000897341
0.393776 0.000893054
0.394503 0.000891042
0.395232 0.000886978
0.395962 0.000884943
0.396693 0.000881058
0.397425 0.000878935
0.398159 0.000875071
0.398895 0.000872897
0.399631 0.000869096
0.400369 0.000866839
0.401108 0.000863101
0.401849 0.000860753
0.402591 0.000857041
0.403335 0.000854628
0.404079 0.000850996
0.404826 0.000848502
0.405573 0.000844984
0.406322 0.000842476
0.407072 0.000839174
0.407824 0.000836638
0.408577 0.00083351
0.409332 0.000830829
0.410088 0.00082782
0.410845 0.000824956
0.411604 0.000822112
0.412364 0.000819034
0.413125 0.000816357
0.413888 0.000813035
0.414652 0.000810595
0.415418 0.000806826
0.416185 0.000804831
0.416954 0.000800709
0.417723 0.000799098
0.418495 0.000795152
0.419268 0.000793567
0.420042 0.000789785
0.420818 0.000788159
0.421595 0.000784423
0.422373 0.000782709
0.423153 0.000778992
0.423934 0.000777238
0.424717 0.000773535
0.425502 0.00077174
0.426287 0.000768079
0.427075 0.000766231
0.427863 0.000762617
0.428653 0.000760738
0.429445 0.000757166
0.430238 0.000755277
0.431032 0.000751877
0.431828 0.000749991
0.432626 0.000746775
0.433425 0.000744825
0.434225 0.000741622
0.435027 0.000739608
0.43583 0.000736472
0.436635 0.00073435
0.437441 0.000731281
0.438249 0.000729058
0.439058 0.000726064
0.439869 0.000723767
0.440681 0.000720826
0.441495 0.000718451
0.44231 0.000715646
0.443127 0.00071319
0.443945 0.000710614
0.444765 0.000708118
0.445586 0.000705735
0.446409 0.000703044
0.447234 0.000700837
0.448059 0.000697865
0.448887 0.000695896
0.449716 0.000692349
0.450546 0.00069094
0.451378 0.00068741
0.452212 0.000685966
0.453047 0.000682455
0.453883 0.000680982
0.454722 0.000677524
0.455561 0.000676048
0.456402 0.00067273
0.457245 0.000671236
0.45809 0.000668108
0.458935 0.000666587
0.459783 0.000663465
0.460632 0.000661894
0.461483 0.000658804
0.462335 0.000657181
0.463189 0.000654114
0.464044 0.000652434
0.464901 0.000649387
0.465759 0.000647677
0.466619 0.000644684
0.467481 0.000642928
0.468344 0.000640009
0.469209 0.000638231
0.470076 0.000635424
0.470944 0.000633653
0.471813 0.000631022
0.472684 0.000629176
0.473557 0.000626585
0.474432 0.000624657
0.475308 0.000622111
0.476186 0.000620101
0.477065 0.000617626
0.477946 0.000615531
0.478828 0.000613159
0.479713 0.000610903
0.480598 0.000608656
0.481486 0.000606273
0.482375 0.000604189
0.483266 0.000601688
0.484158 0.000599829
0.485052 0.000597165
0.485948 0.000595631
0.486845 0.000592644
0.487744 0.000591385
0.488645 0.000588431
0.489547 0.000587145
0.490451 0.000584167
0.491357 0.000582867
0.492264 0.000579924
0.493173 0.000578569
0.494084 0.000575653
0.494996 0.000574286
0.495911 0.000571389
0.496826 0.000570016
0.497744 0.000567236
0.498663 0.000565872
0.499584 0.000563254
0.500506 0.000561855
0.50143 0.000559242
0.502356 0.000557791
0.503284 0.000555217
0.504213 0.000553715
0.505144 0.000551178
0.506077 0.00054963
0.507012 0.000547129
0.507948 0.000545526
0.508886 0.000543064
0.509826 0.000541408
0.510767 0.000539026
0.51171 0.000537331
0.512655 0.000535075
0.513602 0.000533407
0.51455 0.000531282
0.515501 0.000529524
0.516453 0.00052747
0.517406 0.000525623
0.518362 0.000523634
0.519319 0.000521684
0.520278 0.000519797
0.521239 0.00051769
0.522201 0.000515944
0.523165 0.000513652
0.524131 0.000512069
0.525099 0.000509309
0.526069 0.000508235
0.52704 0.000505548
0.528014 0.000504485
0.528989 0.00050196
0.529966 0.000500849
0.530944 0.000498347
0.531925 0.00049721
0.532907 0.000494722
0.533891 0.000493556
0.534877 0.000491066
0.535865 0.000489859
0.536854 0.00048741
0.537845 0.000486185
0.538839 0.000483738
0.539834 0.000482477
0.54083 0.000480085
0.541829 0.000478813
0.54283 0.000476487
0.543832 0.000475242
0.544836 0.000473063
0.545842 0.000471779
0.54685 0.000469628
0.54786 0.000468269
0.548872 0.000466164
0.549885 0.000464771
0.550901 0.000462688
0.551918 0.00046124
0.552937 0.000459209
0.553958 0.000457686
0.554981 0.000455709
0.556006 0.00045415
0.557033 0.000452228
0.558061 0.000450638
0.559092 0.000448833
0.560124 0.000447215
0.561159 0.000445565
0.562195 0.000443845
0.563233 0.000442286
0.564273 0.000440431
0.565315 0.000438989
0.566359 0.000436917
0.567405 0.000435683
0.568453 0.00043333
0.569502 0.000432354
0.570554 0.000430027
0.571608 0.000429034
0.572663 0.000426703
0.573721 0.000425725
0.57478 0.000423468
0.575842 0.000422466
0.576905 0.000420381
0.57797 0.000419365
0.579037 0.000417276
0.580107 0.000416237
0.581178 0.000414166
0.582251 0.000413082
0.583326 0.000411021
0.584404 0.000409936
0.585483 0.000407882
0.586564 0.000406764
0.587647 0.000404746
0.588732 0.000403582
0.589819 0.000401606
0.590908 0.000400433
0.592 0.000398531
0.593093 0.000397357
0.594188 0.000395581
0.595285 0.000394374
0.596385 0.000392638
0.597486 0.000391373
0.598589 0.000389668
0.599694 0.000388356
0.600802 0.000386679
0.601911 0.000385314
0.603023 0.000383692
0.604136 0.000382265
0.605252 0.000380702
0.60637 0.000379177
0.607489 0.000377713
0.608611 0.000376117
0.609735 0.000374784
0.610861 0.000373152
0.611989 0.000371975
0.613119 0.000370032
0.614251 0.00036917
0.615386 0.000367185
0.616522 0.000366339
0.61766 0.000364358
0.618801 0.000363489
0.619944 0.000361532
0.621088 0.00036064
0.622235 0.0003587
0.623384 0.000357792
0.624535 0.000355862
0.625689 0.000354944
0.626844 0.000353063
0.628002 0.000352168
0.629161 0.000350433
0.630323 0.000349496
0.631487 0.000347766
0.632653 0.000346812
0.633821 0.000345092
0.634992 0.000344113
0.636164 0.000342415
0.637339 0.000341402
0.638516 0.000339724
0.639695 0.000338672
0.640876 0.000337027
0.64206 0.000335951
0.643246 0.000334344
0.644433 0.000333242
0.645623 0.000331698
0.646816 0.000330603
0.64801 0.00032917
0.649207 0.000328037
0.650405 0.000326645
0.651606 0.000325452
0.65281 0.0003241
0.654015 0.000322844
0.655223 0.00032154
0.656433 0.000320214
0.657645 0.000318985
0.658859 0.000317545
0.660076 0.000316412
0.661295 0.000314839
0.662516 0.000313858
0.66374 0.000312055
0.664965 0.000311337
0.666193 0.000309683
0.667423 0.000308949
0.668656 0.000307278
0.669891 0.000306533
0.671128 0.000304883
0.672367 0.000304108
0.673608 0.000302469
0.674852 0.000301673
0.676099 0.000300047
0.677347 0.000299236
0.678598 0.000297625
0.679851 0.000296804
0.681106 0.000295204
0.682364 0.000294367
0.683624 0.000292802
0.684887 0.000291981
0.686151 0.00029054
0.687418 0.000289687
0.688688 0.000288275
0.689959 0.000287394
0.691233 0.000285995
0.69251 0.000285082
0.693789 0.000283696
0.69507 0.000282753
0.696353 0.000281403
0.697639 0.000280426
0.698928 0.000279104
0.700218 0.000278095
0.701511 0.0002768
0.702807 0.000275768
0.704104 0.00027454
0.705405 0.000273511
0.706707 0.000272388
0.708012 0.000271303
0.70932 0.000270238
0.710629 0.000269079
0.711942 0.000268072
0.713256 0.000266815
0.714574 0.000265897
0.715893 0.000264447
0.717215 0.000263723
0.718539 0.000262188
0.719866 0.000261535
0.721196 0.000260012
0.722527 0.000259359
0.723862 0.00025785
0.725198 0.000257205
0.726537 0.000255819
0.727879 0.000255153
0.729223 0.000253773
0.73057 0.000253091
0.731919 0.000251723
0.73327 0.000251023
0.734624 0.000249674
0.735981 0.000248948
0.73734 0.000247601
0.738702 0.000246865
0.740066 0.000245532
0.741432 0.000244779
0.742801 0.000243472
0.744173 0.000242703
0.745547 0.000241427
0.746924 0.00024067
0.748303 0.000239494
0.749685 0.00023872
0.75107 0.000237572
0.752456 0.000236759
0.753846 0.000235632
0.755238 0.000234787
0.756633 0.000233682
0.75803 0.000232807
0.75943 0.000231727
0.760832 0.00023082
0.762237 0.000229771
0.763644 0.000228813
0.765055 0.000227826
0.766467 0.000226822
0.767883 0.000225898
0.769301 0.000224874
0.770721 0.000224053
0.772145 0.000222953
0.77357 0.000222225
0.774999 0.000220931
0.77643 0.000220379
0.777864 0.000219096
0.7793 0.000218527
0.780739 0.000217249
0.782181 0.000216668
0.783625 0.000215403
0.785072 0.000214805
0.786522 0.000213549
0.787974 0.000212952
0.78943 0.000211713
0.790887 0.000211123
0.792348 0.000209976
0.793811 0.000209381
0.795277 0.000208251
0.796745 0.000207629
0.798217 0.000206509
0.799691 0.000205871
0.801167 0.000204758
0.802647 0.000204104
0.804129 0.000203012
0.805614 0.000202336
0.807101 0.000201261
0.808592 0.00020056
0.810085 0.000199502
0.811581 0.000198803
0.81308 0.000197768
0.814581 0.000197077
0.816085 0.000196124
0.817592 0.00019541
0.819102 0.000194481
0.820615 0.000193734
0.82213 0.000192841
0.823648 0.000192059
0.825169 0.000191186
0.826693 0.00019036
0.828219 0.000189532
0.829749 0.000188651
0.831281 0.000187877
0.832816 0.000186922
0.834354 0.000186219
0.835895 0.000185143
0.837438 0.000184589
0.838985 0.000183498
0.840534 0.000183025
0.842086 0.000181951
0.843641 0.000181471
0.845199 0.000180402
0.84676 0.00017991
0.848323 0.000178851
0.84989 0.000178341
0.851459 0.000177284
0.853031 0.000176765
0.854607 0.000175722
0.856185 0.000175198
0.857766 0.000174167
0.85935 0.000173624
0.860937 0.000172618
0.862526 0.000172093
0.864119 0.000171139
0.865715 0.000170606
0.867313 0.000169683
0.868915 0.00016913
0.87052 0.000168221
0.872127 0.000167648
0.873738 0.000166745
0.875351 0.000166157
0.876967 0.000165277
0.878587 0.000164664
0.880209 0.000163797
0.881835 0.000163165
0.883463 0.000162325
0.885094 0.000161666
0.886729 0.000160857
0.888366 0.000160208
0.890007 0.000159463
0.89165 0.000158788
0.893297 0.000158079
0.894946 0.000157362
0.896599 0.000156691
0.898255 0.000155921
0.899913 0.000155294
0.901575 0.000154458
0.90324 0.0001539
0.904908 0.000152915
0.906579 0.000152501
0.908253 0.000151525
0.90993 0.000151104
0.911611 0.00015014
0.913294 0.000149729
0.91498 0.000148826
0.91667 0.000148401
0.918363 0.000147528
0.920059 0.000147094
0.921758 0.000146221
0.92346 0.000145783
0.925165 0.000144915
0.926873 0.000144465
0.928585 0.000143605
0.9303 0.00014314
0.932018 0.000142292
0.933739 0.000141812
0.935463 0.000140971
0.93719 0.000140488
0.938921 0.000139669
0.940655 0.00013919
0.942392 0.000138426
0.944132 0.000137935
0.945875 0.000137194
0.947622 0.000136689
0.949372 0.000135959
0.951125 0.000135434
0.952881 0.000134717
0.954641 0.000134175
0.956404 0.000133477
0.95817 0.000132912
0.959939 0.000132232
0.961712 0.000131648
0.963488 0.000130991
0.965267 0.000130378
0.967049 0.000129767
0.968835 0.000129143
0.970624 0.000128589
0.972417 0.00012793
0.974212 0.000127432
0.976011 0.000126694
0.977814 0.00012627
0.979619 0.000125458
0.981428 0.000125099
0.983241 0.000124291
0.985056 0.000123931
0.986875 0.000123124
0.988698 0.000122759
0.990523 0.000121965
0.992352 0.00012159
0.994185 0.000120806
0.996021 0.000120435
0.99786 0.000119695
0.999703 0.000119326
1.00155 0.000118611
1.0034 0.000118227
1.00525 0.000117521
1.00711 0.000117131
1.00897 0.000116426
1.01083 0.000116022
1.0127 0.000115327
1.01457 0.000114913
1.01644 0.000114228
1.01832 0.000113805
1.0202 0.000113132
1.02208 0.000112698
1.02397 0.000112046
1.02586 0.000111611
1.02775 0.000111001
1.02965 0.000110559
1.03155 0.000109977
1.03346 0.00010952
1.03537 0.000108946
1.03728 0.000108471
1.03919 0.000107916
1.04111 0.000107416
1.04304 0.000106882
1.04496 0.000106351
1.04689 0.000105846
1.04882 0.000105281
1.05076 0.000104816
1.0527 0.000104204
1.05465 0.000103792
1.05659 0.000103097
1.05854 0.000102808
1.0605 0.000102141
1.06246 0.000101844
1.06442 0.000101177
1.06638 0.000100873
1.06835 0.000100212
1.07033 9.99012e-05
1.0723 9.92451e-05
1.07428 9.89222e-05
1.07627 9.82741e-05
1.07825 9.79494e-05
1.08025 9.73051e-05
1.08224 9.69794e-05
1.08424 9.63436e-05
1.08624 9.60156e-05
1.08825 9.54193e-05
1.09026 9.50874e-05
1.09227 9.45137e-05
1.09429 9.41765e-05
1.09631 9.36082e-05
1.09833 9.32612e-05
1.10036 9.27012e-05
1.10239 9.23403e-05
1.10443 9.17869e-05
1.10647 9.14196e-05
1.10851 9.08759e-05
1.11056 9.04939e-05
1.11261 8.9964e-05
1.11466 8.957e-05
1.11672 8.90588e-05
1.11878 8.86635e-05
1.12085 8.81862e-05
1.12292 8.77886e-05
1.12499 8.73415e-05
1.12707 8.6914e-05
1.12915 8.64876e-05
1.13124 8.60344e-05
1.13333 8.56311e-05
1.13542 8.51487e-05
1.13751 8.47721e-05
1.13962 8.4237e-05
1.14172 8.39141e-05
1.14383 8.33144e-05
1.14594 8.30564e-05
1.14806 8.2466e-05
1.15018 8.2212e-05
1.1523 8.16434e-05
1.15443 8.13912e-05
1.15656 8.08547e-05
1.1587 8.05917e-05
1.16083 8.00568e-05
1.16298 7.97907e-05
1.16513 7.9257e-05
1.16728 7.89842e-05
1.16943 7.84562e-05
1.17159 7.81773e-05
1.17376 7.76538e-05
1.17592 7.73704e-05
1.1781 7.68521e-05
1.18027 7.65636e-05
1.18245 7.6056e-05
1.18463 7.57686e-05
1.18682 7.52883e-05
1.18901 7.49993e-05
1.19121 7.45458e-05
1.19341 7.42452e-05
1.19561 7.37966e-05
1.19782 7.34855e-05
1.20003 7.30469e-05
1.20225 7.2725e-05
1.20447 7.22944e-05
1.20669 7.19608e-05
1.20892 7.15413e-05
1.21115 7.1196e-05
1.21339 7.0791e-05
1.21563 7.04292e-05
1.21787 7.00448e-05
1.22012 6.96783e-05
1.22238 6.93276e-05
1.22463 6.89484e-05
1.2269 6.86307e-05
1.22916 6.82201e-05
1.23143 6.79287e-05
1.2337 6.74363e-05
1.23598 6.72272e-05
1.23826 6.67369e-05
1.24055 6.65236e-05
1.24284 6.6036e-05
1.24514 6.58163e-05
1.24744 6.53351e-05
1.24974 6.51136e-05
1.25205 6.46388e-05
1.25436 6.44192e-05
1.25668 6.39639e-05
1.259 6.37436e-05
1.26132 6.33151e-05
1.26365 6.30923e-05
1.26598 6.26643e-05
1.26832 6.24319e-05
1.27066 6.20104e-05
1.27301 6.17728e-05
1.27536 6.13527e-05
1.27772 6.11121e-05
1.28008 6.06965e-05
1.28244 6.04503e-05
1.28481 6.00415e-05
1.28718 5.97851e-05
1.28956 5.93906e-05
1.29194 5.91364e-05
1.29432 5.87597e-05
1.29671 5.85055e-05
1.29911 5.81534e-05
1.30151 5.7887e-05
1.30391 5.75427e-05
1.30632 5.72672e-05
1.30873 5.69328e-05
1.31115 5.6644e-05
1.31357 5.63187e-05
1.31599 5.60152e-05
1.31842 5.57036e-05
1.32086 5.53831e-05
1.3233 5.50912e-05
1.32574 5.47506e-05
1.32819 5.44846e-05
1.33064 5.41193e-05
1.3331 5.38961e-05
1.33556 5.35002e-05
1.33803 5.33265e-05
1.3405 5.29341e-05
1.34297 5.27565e-05
1.34545 5.23627e-05
1.34794 5.21841e-05
1.35043 5.17933e-05
1.35292 5.16069e-05
1.35542 5.12214e-05
1.35792 5.10327e-05
1.36043 5.06499e-05
1.36294 5.04587e-05
1.36546 5.00818e-05
1.36798 4.98895e-05
1.37051 4.95292e-05
1.37304 4.93422e-05
1.37557 4.90007e-05
1.37811 4.88084e-05
1.38066 4.84716e-05
1.38321 4.82714e-05
1.38576 4.79394e-05
1.38832 4.77348e-05
1.39088 4.74089e-05
1.39345 4.7195e-05
1.39603 4.68747e-05
1.3986 4.66555e-05
1.40119 4.63428e-05
1.40377 4.61177e-05
1.40637 4.58148e-05
1.40896 4.55878e-05
1.41157 4.52997e-05
1.41417 4.5075e-05
1.41678 4.48096e-05
1.4194 4.45743e-05
1.42202 4.43169e-05
1.42465 4.4067e-05
1.42728 4.38226e-05
1.42991 4.35542e-05
1.43255 4.33258e-05
1.4352 4.3036e-05
1.43785 4.28279e-05
1.4405 4.24899e-05
1.44316 4.23334e-05
1.44583 4.19873e-05
1.4485 4.18419e-05
1.45117 4.15071e-05
1.45385 4.13641e-05
1.45654 4.10532e-05
1.45923 4.09063e-05
1.46192 4.05972e-05
1.46462 4.04476e-05
1.46733 4.01377e-05
1.47004 3.99847e-05
1.47275 3.96778e-05
1.47547 3.95217e-05
1.47819 3.92195e-05
1.48092 3.90578e-05
1.48366 3.87585e-05
1.4864 3.85956e-05
1.48914 3.83008e-05
1.49189 3.81382e-05
1.49465 3.78565e-05
1.49741 3.76955e-05
1.50017 3.74322e-05
1.50294 3.72655e-05
1.50572 3.70066e-05
1.5085 3.68348e-05
1.51129 3.65805e-05
1.51408 3.64031e-05
1.51687 3.61542e-05
1.51967 3.5969e-05
1.52248 3.57247e-05
1.52529 3.55331e-05
1.52811 3.5298e-05
1.53093 3.50981e-05
1.53376 3.48729e-05
1.53659 3.46689e-05
1.53943 3.44584e-05
1.54227 3.42552e-05
1.54512 3.40659e-05
1.54797 3.38467e-05
1.55083 3.36695e-05
1.55369 3.34278e-05
1.55656 3.32734e-05
1.55944 3.29948e-05
1.56231 3.28755e-05
1.5652 3.25997e-05
1.56809 3.24786e-05
1.57099 3.22024e-05
1.57389 3.20813e-05
1.57679 3.18099e-05
1.5797 3.16884e-05
1.58262 3.14255e-05
1.58554 3.13067e-05
1.58847 3.10635e-05
1.59141 3.09407e-05
1.59434 3.06998e-05
1.59729 3.05752e-05
1.60024 3.03357e-05
1.60319 3.02063e-05
1.60615 2.99687e-05
1.60912 2.98361e-05
1.61209 2.96023e-05
1.61507 2.94658e-05
1.61805 2.92363e-05
1.62104 2.9097e-05
1.62403 2.88726e-05
1.62703 2.87318e-05
1.63003 2.85161e-05
1.63304 2.8378e-05
1.63606 2.81799e-05
1.63908 2.80388e-05
1.64211 2.78426e-05
1.64514 2.76945e-05
1.64818 2.75034e-05
1.65122 2.73494e-05
1.65427 2.71656e-05
1.65733 2.70027e-05
1.66039 2.68249e-05
1.66345 2.66541e-05
1.66652 2.64866e-05
1.6696 2.63056e-05
1.67268 2.61497e-05
1.67577 2.59576e-05
1.67887 2.58217e-05
1.68197 2.56172e-05
1.68507 2.55118e-05
1.68819 2.52938e-05
1.6913 2.51999e-05
1.69443 2.49822e-05
1.69756 2.48871e-05
1.70069 2.46706e-05
1.70383 2.45734e-05
1.70698 2.43581e-05
1.71013 2.42582e-05
1.71329 2.40454e-05
1.71645 2.39441e-05
1.71962 2.37343e-05
1.7228 2.36335e-05
1.72598 2.34306e-05
1.72916 2.33306e-05
1.73236 2.31449e-05
1.73556 2.30423e-05
1.73876 2.28575e-05
1.74197 2.27528e-05
1.74519 2.25704e-05
1.74841 2.24621e-05
1.75164 2.22824e-05
1.75487 2.21703e-05
1.75812 2.19931e-05
1.76136 2.18787e-05
1.76461 2.17061e-05
1.76787 2.15875e-05
1.77114 2.14195e-05
1.77441 2.12988e-05
1.77768 2.1139e-05
1.78097 2.10215e-05
1.78426 2.08756e-05
1.78755 2.07533e-05
1.79085 2.06112e-05
1.79416 2.04819e-05
1.79747 2.03471e-05
1.80079 2.021e-05
1.80412 2.00813e-05
1.80745 1.9934e-05
1.81079 1.9815e-05
1.81413 1.96541e-05
1.81748 1.95499e-05
1.82084 1.93615e-05
1.8242 1.92858e-05
1.82757 1.91023e-05
1.83094 1.90283e-05
1.83432 1.88612e-05
1.83771 1.87857e-05
1.8411 1.86197e-05
1.8445 1.85417e-05
1.84791 1.8376e-05
1.85132 1.82973e-05
1.85474 1.81326e-05
1.85816 1.80513e-05
1.8616 1.78893e-05
1.86503 1.78074e-05
1.86848 1.76462e-05
1.87193 1.7562e-05
1.87538 1.74042e-05
1.87885 1.73194e-05
1.88232 1.71657e-05
1.88579 1.70843e-05
1.88928 1.69454e-05
1.89276 1.6861e-05
1.89626 1.67238e-05
1.89976 1.66362e-05
1.90327 1.65005e-05
1.90678 1.64113e-05
1.9103 1.62777e-05
1.91383 1.61847e-05
1.91737 1.60541e-05
1.92091 1.5958e-05
1.92445 1.58308e-05
1.92801 1.57302e-05
1.93157 1.56092e-05
1.93514 1.55054e-05
1.93871 1.53907e-05
1.94229 1.52897e-05
1.94588 1.51878e-05
1.94947 1.50799e-05
1.95307 1.49843e-05
1.95667 1.48674e-05
1.96029 1.478e-05
1.96391 1.46465e-05
1.96753 1.45753e-05
1.97117 1.44303e-05
1.97481 1.43699e-05
1.97845 1.42258e-05
1.98211 1.41652e-05
1.98577 1.40227e-05
1.98943 1.39621e-05
1.99311 1.38224e-05
1.99679 1.37639e-05
2.00048 1.3637e-05
2.00417 1.35766e-05
2.00787 1.34517e-05
2.01158 1.33902e-05
2.01529 1.3266e-05
2.01902 1.32018e-05
2.02274 1.30792e-05
2.02648 1.30146e-05
2.03022 1.28922e-05
2.03397 1.28257e-05
2.03773 1.27058e-05
2.04149 1.26376e-05
2.04526 1.25203e-05
2.04904 1.24512e-05
2.05282 1.23369e-05
2.05661 1.22703e-05
2.06041 1.21681e-05
2.06421 1.20988e-05
2.06802 1.19983e-05
2.07184 1.19263e-05
2.07567 1.18286e-05
2.0795 1.17527e-05
2.08334 1.16576e-05
2.08719 1.15787e-05
2.09104 1.14871e-05
2.0949 1.14043e-05
2.09877 1.13168e-05
2.10265 1.123e-05
2.10653 1.11475e-05
2.11042 1.10552e-05
2.11432 1.09813e-05
2.11822 1.08882e-05
2.12213 1.08271e-05
2.12605 1.07175e-05
2.12998 1.06729e-05
2.13391 1.05638e-05
2.13785 1.0518e-05
2.1418 1.04096e-05
2.14576 1.0363e-05
2.14972 1.02553e-05
2.15369 1.02074e-05
2.15766 1.0101e-05
2.16165 1.00523e-05
2.16564 9.94716e-06
2.16964 9.89893e-06
2.17365 9.79562e-06
2.17766 9.74894e-06
2.18168 9.65546e-06
2.18571 9.60747e-06
2.18975 9.51614e-06
2.19379 9.46633e-06
2.19784 9.37547e-06
2.2019 9.3247e-06
2.20597 9.23539e-06
2.21004 9.183e-06
2.21412 9.09517e-06
2.21821 9.04111e-06
2.2223 8.95459e-06
2.22641 8.89903e-06
2.23052 8.81502e-06
2.23464 8.75793e-06
2.23876 8.67723e-06
2.2429 8.62264e-06
2.24704 8.54992e-06
2.25119 8.49333e-06
2.25535 8.42305e-06
2.25951 8.36367e-06
2.26368 8.29566e-06
2.26786 8.2328e-06
2.27205 8.16844e-06
2.27625 8.10105e-06
2.28045 8.04069e-06
2.28466 7.96795e-06
2.28888 7.91331e-06
2.29311 7.83115e-06
2.29734 7.78671e-06
2.30158 7.69633e-06
2.30583 7.66253e-06
2.31009 7.58083e-06
2.31436 7.54692e-06
2.31863 7.4665e-06
2.32291 7.43191e-06
2.3272 7.35228e-06
2.3315 7.31661e-06
2.33581 7.2374e-06
2.34012 7.20096e-06
2.34444 7.12226e-06
2.34877 7.08518e-06
2.35311 7.00756e-06
2.35745 6.9695e-06
2.36181 6.89325e-06
2.36617 6.85523e-06
2.37054 6.78068e-06
2.37491 6.74365e-06
2.3793 6.67613e-06
2.38369 6.63858e-06
2.38809 6.57329e-06
2.3925 6.53454e-06
2.39692 6.46996e-06
2.40135 6.42976e-06
2.40578 6.36651e-06
2.41023 6.32468e-06
2.41468 6.26289e-06
2.41914 6.21928e-06
2.4236 6.15926e-06
2.42808 6.11435e-06
2.43256 6.05626e-06
2.43705 6.00978e-06
2.44155 5.95508e-06
2.44606 5.90972e-06
2.45058 5.86075e-06
2.4551 5.81338e-06
2.45964 5.76807e-06
2.46418 5.71724e-06
2.46873 5.67486e-06
2.47329 5.61876e-06
2.47786 5.58136e-06
2.48243 5.51385e-06
2.48702 5.48784e-06
2.49161 5.42095e-06
2.49621 5.39478e-06
2.50082 5.32851e-06
2.50544 5.30192e-06
2.51006 5.23706e-06
2.5147 5.21159e-06
2.51934 5.15261e-06
2.52399 5.12658e-06
2.52866 5.06986e-06
2.53333 5.04334e-06
2.538 4.98676e-06
2.54269 4.95983e-06
2.54739 4.90349e-06
2.55209 4.87552e-06
2.5568 4.82032e-06
2.56152 4.79129e-06
2.56625 4.73685e-06
2.57099 4.70759e-06
2.57574 4.65391e-06
2.5805 4.62426e-06
2.58526 4.57242e-06
2.59004 4.54361e-06
2.59482 4.49642e-06
2.59961 4.46753e-06
2.60441 4.42233e-06
2.60922 4.39206e-06
2.61404 4.34803e-06
2.61886 4.31626e-06
2.6237 4.27334e-06
2.62855 4.24005e-06
2.6334 4.19845e-06
2.63826 4.16384e-06
2.64313 4.12417e-06
2.64801 4.08725e-06
2.6529 4.04993e-06
2.6578 4.01142e-06
2.66271 3.97726e-06
2.66763 3.93851e-06
2.67255 3.90921e-06
2.67749 3.8671e-06
2.68243 3.84312e-06
2.68739 3.79508e-06
2.69235 3.7764e-06
2.69732 3.72882e-06
2.7023 3.70969e-06
2.70729 3.66207e-06
2.71229 3.64263e-06
2.7173 3.59578e-06
2.72232 3.57586e-06
2.72735 3.52961e-06
2.73238 3.50977e-06
2.73743 3.46433e-06
2.74248 3.44528e-06
2.74755 3.40371e-06
2.75262 3.3845e-06
2.7577 3.34502e-06
2.7628 3.3253e-06
2.7679 3.28621e-06
2.77301 3.26597e-06
2.77813 3.22733e-06
2.78326 3.20621e-06
2.7884 3.16813e-06
2.79355 3.1466e-06
2.79871 3.10928e-06
2.80387 3.0868e-06
2.80905 3.05042e-06
2.81424 3.02774e-06
2.81944 2.9927e-06
2.82464 2.97062e-06
2.82986 2.93896e-06
2.83508 2.91649e-06
2.84032 2.88701e-06
2.84556 2.86347e-06
2.85082 2.83481e-06
2.85608 2.80983e-06
2.86136 2.78241e-06
2.86664 2.75596e-06
2.87193 2.73014e-06
2.87724 2.70148e-06
2.88255 2.67784e-06
2.88787 2.64657e-06
2.89321 2.6258e-06
2.89855 2.58779e-06
2.9039 2.5749e-06
2.90926 2.5401e-06
2.91464 2.52737e-06
2.92002 2.49441e-06
2.92541 2.48111e-06
2.93081 2.44853e-06
2.93623 2.43488e-06
2.94165 2.40247e-06
2.94708 2.38861e-06
2.95252 2.35631e-06
2.95797 2.342e-06
2.96344 2.31022e-06
2.96891 2.29583e-06
2.97439 2.26438e-06
2.97988 2.24969e-06
2.98539 2.2192e-06
2.9909 2.20511e-06
2.99642 2.17713e-06
3.00195 2.16317e-06
3.0075 2.1368e-06
3.01305 2.12242e-06
3.01862 2.09635e-06
3.02419 2.08136e-06
3.02977 2.05585e-06
3.03537 2.04021e-06
3.04097 2.01519e-06
3.04659 1.99897e-06
3.05222 1.97476e-06
3.05785 1.95777e-06
3.0635 1.93435e-06
3.06916 1.91701e-06
3.07482 1.89485e-06
3.0805 1.87774e-06
3.08619 1.85777e-06
3.09189 1.8405e-06
3.0976 1.82228e-06
3.10332 1.80381e-06
3.10905 1.78688e-06
3.11479 1.76672e-06
3.12054 1.75119e-06
3.1263 1.72861e-06
3.13208 1.71553e-06
3.13786 1.68941e-06
3.14365 1.67987e-06
3.14946 1.65406e-06
3.15528 1.64453e-06
3.1611 1.6191e-06
3.16694 1.61002e-06
3.17279 1.58667e-06
3.17865 1.5777e-06
3.18452 1.55597e-06
3.1904 1.54667e-06
3.19629 1.52516e-06
3.20219 1.5156e-06
3.2081 1.49421e-06
3.21403 1.48433e-06
3.21996 1.46321e-06
3.22591 1.45321e-06
3.23187 1.43225e-06
3.23783 1.42198e-06
3.24381 1.40149e-06
3.2498 1.39099e-06
3.2558 1.37112e-06
3.26182 1.361e-06
3.26784 1.3429e-06
3.27387 1.3329e-06
3.27992 1.31614e-06
3.28598 1.30564e-06
3.29204 1.28929e-06
3.29812 1.27834e-06
3.30421 1.26238e-06
3.31031 1.25097e-06
3.31643 1.23536e-06
3.32255 1.22335e-06
3.32869 1.20844e-06
3.33483 1.19591e-06
3.34099 1.18172e-06
3.34716 1.16846e-06
3.35334 1.15546e-06
3.35953 1.14205e-06
3.36574 1.13089e-06
3.37195 1.1171e-06
3.37818 1.10763e-06
3.38442 1.09126e-06
3.39067 1.08443e-06
3.39693 1.06727e-06
3.4032 1.06104e-06
3.40949 1.04393e-06
3.41578 1.03753e-06
3.42209 1.02071e-06
3.42841 1.01418e-06
3.43474 9.97546e-07
3.44108 9.91034e-07
3.44744 9.74677e-07
3.4538 9.68395e-07
3.46018 9.53321e-07
3.46657 9.4717e-07
3.47297 9.33487e-07
3.47939 9.27088e-07
3.48581 9.13451e-07
3.49225 9.06924e-07
3.4987 8.9342e-07
3.50516 8.86657e-07
3.51163 8.73376e-07
3.51811 8.66356e-07
3.52461 8.53285e-07
3.53112 8.46085e-07
3.53764 8.33346e-07
3.54417 8.26033e-07
3.55072 8.13701e-07
3.55727 8.06531e-07
3.56384 7.95393e-07
3.57042 7.88373e-07
3.57702 7.7827e-07
3.58362 7.70882e-07
3.59024 7.6116e-07
3.59687 7.53307e-07
3.60351 7.43924e-07
3.61017 7.35629e-07
3.61683 7.26713e-07
3.62351 7.17801e-07
3.6302 7.09491e-07
3.63691 6.99843e-07
3.64362 6.92382e-07
3.65035 6.81693e-07
3.65709 6.75617e-07
3.66384 6.63743e-07
3.67061 6.5993e-07
3.67739 6.49248e-07
3.68418 6.45308e-07
3.69098 6.34635e-07
3.6978 6.30605e-07
3.70463 6.19973e-07
3.71147 6.15883e-07
3.71832 6.05324e-07
3.72519 6.01105e-07
3.73207 5.90655e-07
3.73896 5.86322e-07
3.74586 5.7607e-07
3.75278 5.71722e-07
3.75971 5.61677e-07
3.76665 5.57444e-07
3.77361 5.4818e-07
3.78058 5.44111e-07
3.78756 5.35854e-07
3.79455 5.31618e-07
3.80156 5.23468e-07
3.80858 5.19065e-07
3.81561 5.11035e-07
3.82266 5.0648e-07
3.82972 4.98576e-07
3.83679 4.9383e-07
3.84387 4.86116e-07
3.85097 4.81272e-07
3.85808 4.73757e-07
3.86521 4.68694e-07
3.87234 4.61578e-07
3.87949 4.56572e-07
3.88666 4.50201e-07
3.89384 4.45367e-07
3.90103 4.39732e-07
3.90823 4.34567e-07
3.91545 4.29246e-07
3.92268 4.23608e-07
3.92992 4.1874e-07
3.93718 4.1253e-07
3.94445 4.08178e-07
3.95173 4.00858e-07
3.95903 3.97666e-07
3.96634 3.89803e-07
3.97366 3.87216e-07
3.981 3.79472e-07
3.98835 3.76978e-07
3.99572 3.69775e-07
4.0031 3.6741e-07
4.01049 3.61039e-07
4.01789 3.58585e-07
4.02531 3.5228e-07
4.03275 3.49745e-07
4.04019 3.43482e-07
4.04765 3.40875e-07
4.05513 3.34677e-07
4.06262 3.31974e-07
4.07012 3.2586e-07
4.07763 3.2309e-07
4.08516 3.17077e-07
4.09271 3.14308e-07
4.10027 3.08444e-07
4.10784 3.05728e-07
4.11542 3.00321e-07
4.12302 2.97733e-07
4.13064 2.93023e-07
4.13826 2.90346e-07
4.14591 2.85729e-07
4.15356 2.82889e-07
4.16123 2.78376e-07
4.16892 2.75396e-07
4.17661 2.71011e-07
4.18433 2.67898e-07
4.19205 2.63652e-07
4.19979 2.6038e-07
4.20755 2.56326e-07
4.21532 2.52873e-07
4.2231 2.49159e-07
4.2309 2.45651e-07
4.23871 2.42393e-07
4.24654 2.39009e-07
4.25438 2.36313e-07
4.26224 2.32497e-07
4.27011 2.30216e-07
4.278 2.25608e-07
4.2859 2.24086e-07
4.29381 2.19507e-07
4.30174 2.17942e-07
4.30968 2.13406e-07
4.31764 2.11821e-07
4.32561 2.07329e-07
4.3336 2.05732e-07
4.3416 2.01309e-07
4.34962 1.99774e-07
4.35765 1.95636e-07
4.3657 1.94216e-07
4.37376 1.90673e-07
4.38184 1.89197e-07
4.38993 1.85675e-07
4.39804 1.84128e-07
4.40616 1.80665e-07
4.41429 1.79058e-07
4.42245 1.75614e-07
4.43061 1.7397e-07
4.43879 1.70591e-07
4.44699 1.68887e-07
4.4552 1.65577e-07
4.46343 1.63832e-07
4.47167 1.60642e-07
4.47993 1.58931e-07
4.4882 1.5598e-07
4.49649 1.54396e-07
4.50479 1.5189e-07
4.51311 1.50226e-07
4.52144 1.47795e-07
4.52979 1.46005e-07
4.53816 1.43667e-07
4.54654 1.4177e-07
4.55493 1.39523e-07
4.56335 1.37502e-07
4.57177 1.35405e-07
4.58021 1.33209e-07
4.58867 1.31293e-07
4.59715 1.28898e-07
4.60564 1.27261e-07
4.61414 1.24574e-07
4.62266 1.23464e-07
4.6312 1.20947e-07
4.63975 1.20126e-07
4.64832 1.17611e-07
4.6569 1.16776e-07
4.6655 1.1427e-07
4.67411 1.13405e-07
4.68275 1.10916e-07
4.69139 1.10029e-07
4.70006 1.07558e-07
4.70874 1.06641e-07
4.71743 1.04215e-07
4.72614 1.03295e-07
4.73487 1.00916e-07
4.74361 1.00004e-07
4.75237 9.77736e-08
4.76115 9.69633e-08
4.76994 9.5092e-08
4.77875 9.42407e-08
4.78757 9.2395e-08
4.79641 9.15058e-08
4.80527 8.96891e-08
4.81414 8.8764e-08
4.82303 8.69653e-08
4.83194 8.59965e-08
4.84086 8.42546e-08
4.8498 8.32461e-08
4.85876 8.15438e-08
4.86773 8.05037e-08
4.87672 7.88834e-08
4.88572 7.78208e-08
4.89475 7.63492e-08
4.90378 7.54077e-08
4.91284 7.41939e-08
4.92191 7.31723e-08
4.931 7.2025e-08
4.94011 7.0925e-08
4.94923 6.98435e-08
4.95837 6.86361e-08
4.96752 6.76594e-08
4.9767 6.62925e-08
4.98589 6.54731e-08
4.99509 6.37882e-08
5.00432 6.32985e-08
5.01356 6.16385e-08
5.02282 6.11602e-08
5.03209 5.95783e-08
5.04138 5.91536e-08
5.05069 5.78704e-08
5.06002 5.74243e-08
5.06936 5.61515e-08
5.07873 5.56893e-08
5.0881 5.44219e-08
5.0975 5.39518e-08
5.10691 5.2691e-08
5.11634 5.22012e-08
5.12579 5.09578e-08
5.13526 5.0455e-08
5.14474 4.92331e-08
5.15424 4.87163e-08
5.16376 4.75215e-08
5.17329 4.70134e-08
5.18285 4.5889e-08
5.19242 4.54416e-08
5.202 4.45362e-08
5.21161 4.40664e-08
5.22123 4.31717e-08
5.23088 4.26754e-08
5.24054 4.18019e-08
5.25021 4.12833e-08
5.25991 4.04223e-08
5.26962 3.9874e-08
5.27935 3.90508e-08
5.2891 3.84722e-08
5.29887 3.76786e-08
5.30865 3.70713e-08
5.31846 3.63313e-08
5.32828 3.56952e-08
5.33812 3.50423e-08
5.34797 3.44827e-08
5.35785 3.39764e-08
5.36774 3.3353e-08
5.37765 3.29052e-08
5.38758 3.21798e-08
5.39753 3.18266e-08
5.4075 3.09944e-08
5.41749 3.07442e-08
5.42749 2.99182e-08
5.43751 2.9664e-08
5.44755 2.88423e-08
5.45761 2.85875e-08
5.46769 2.77799e-08
5.47779 2.7528e-08
5.4879 2.67493e-08
5.49804 2.6535e-08
5.50819 2.59256e-08
5.51836 2.57e-08
5.52855 2.50972e-08
5.53876 2.48626e-08
5.54899 2.42641e-08
5.55923 2.40199e-08
5.5695 2.34285e-08
5.57979 2.31729e-08
5.59009 2.25906e-08
5.60041 2.23268e-08
5.61075 2.17562e-08
5.62111 2.14855e-08
5.63149 2.09311e-08
5.64189 2.06585e-08
5.65231 2.01354e-08
5.66275 1.99023e-08
5.67321 1.94965e-08
5.68368 1.92488e-08
5.69418 1.88547e-08
5.70469 1.85921e-08
5.71523 1.82096e-08
5.72578 1.79284e-08
5.73635 1.75619e-08
5.74695 1.72621e-08
5.75756 1.69131e-08
5.76819 1.6587e-08
5.77884 1.62685e-08
5.78951 1.59155e-08
5.8002 1.56316e-08
5.81092 1.52397e-08
5.82165 1.50247e-08
5.8324 1.4636e-08
5.84317 1.45286e-08
5.85396 1.41451e-08
5.86477 1.40342e-08
5.8756 1.36521e-08
5.88645 1.35357e-08
5.89732 1.31561e-08
5.90821 1.30365e-08
5.91912 1.26599e-08
5.93005 1.25367e-08
5.941 1.21637e-08
5.95197 1.20381e-08
5.96296 1.16724e-08
5.97397 1.15493e-08
5.985 1.11966e-08
5.99605 1.10915e-08
6.00713 1.08205e-08
6.01822 1.07109e-08
6.02933 1.04481e-08
6.04047 1.03354e-08
6.05162 1.00731e-08
6.06279 9.9535e-09
6.07399 9.69715e-09
6.08521 9.57166e-09
6.09644 9.32096e-09
6.1077 9.19004e-09
6.11898 8.94434e-09
6.13028 8.80814e-09
6.1416 8.57348e-09
6.15294 8.43371e-09
6.1643 8.21579e-09
6.17569 8.09641e-09
6.18709 7.92844e-09
6.19851 7.80395e-09
6.20996 7.64812e-09
6.22143 7.51303e-09
6.23292 7.3644e-09
6.24443 7.21659e-09
6.25596 7.08019e-09
6.26751 6.91483e-09
6.27908 6.79514e-09
6.29068 6.60468e-09
6.30229 6.51219e-09
6.31393 6.28794e-09
6.32559 6.23226e-09
6.33727 6.01446e-09
6.34897 5.9671e-09
6.3607 5.79919e-09
6.37244 5.75171e-09
6.38421 5.59116e-09
6.396 5.5405e-09
6.40781 5.38161e-09
6.41964 5.32938e-09
6.4315 5.17127e-09
6.44338 5.11697e-09
6.45527 4.95948e-09
6.46719 4.90329e-09
6.47914 4.74875e-09
6.4911 4.691e-09
6.50309 4.54024e-09
6.5151 4.48332e-09
6.52713 4.33855e-09
6.53918 4.29002e-09
6.55126 4.17794e-09
6.56335 4.12926e-09
6.57547 4.02404e-09
6.58761 3.97175e-09
6.59978 3.86839e-09
6.61197 3.81375e-09
6.62418 3.71248e-09
6.63641 3.65442e-09
6.64866 3.55611e-09
6.66094 3.49378e-09
6.67324 3.40024e-09
6.68556 3.33484e-09
6.69791 3.24588e-09
6.71028 3.17736e-09
6.72267 3.09837e-09
6.73508 3.03924e-09
6.74752 2.97975e-09
6.75998 2.9184e-09
6.77246 2.8665e-09
6.78497 2.79661e-09
6.7975 2.75221e-09
6.81005 2.66083e-09
6.82263 2.63752e-09
6.83522 2.54654e-09
6.84785 2.52277e-09
6.86049 2.43248e-09
6.87316 2.40803e-09
6.88585 2.31932e-09
6.89857 2.29512e-09
6.91131 2.20905e-09
6.92407 2.18888e-09
6.93686 2.12213e-09
6.94967 2.10215e-09
6.9625 2.04031e-09
6.97536 2.01924e-09
6.98824 1.95793e-09
7.00114 1.93574e-09
7.01407 1.87516e-09
7.02702 1.85223e-09
7.04 1.79222e-09
7.053 1.76821e-09
7.06602 1.70928e-09
7.07907 1.68448e-09
7.09214 1.62695e-09
7.10524 1.60203e-09
7.11836 1.54769e-09
7.1315 1.5264e-09
7.14467 1.48457e-09
7.15787 1.46356e-09
7.17108 1.42603e-09
7.18433 1.40334e-09
7.19759 1.36674e-09
7.21088 1.34284e-09
7.2242 1.30747e-09
7.23754 1.28148e-09
7.2509 1.24776e-09
7.26429 1.21961e-09
7.27771 1.18807e-09
7.29115 1.15789e-09
7.30461 1.12942e-09
7.3181 1.09598e-09
7.33161 1.07318e-09
7.34515 1.04244e-09
7.35872 1.02797e-09
7.3723 9.94388e-10
7.38592 9.86014e-10
7.39956 9.52459e-10
7.41322 9.4377e-10
7.42691 9.10301e-10
7.44062 9.01283e-10
7.45436 8.68007e-10
7.46813 8.58699e-10
7.48192 8.25699e-10
7.49574 8.16057e-10
7.50958 7.83747e-10
7.52345 7.74168e-10
7.53734 7.42901e-10
7.55126 7.34771e-10
7.5652 7.10545e-10
7.57917 7.02892e-10
7.59317 6.81283e-10
7.60719 6.73163e-10
7.62124 6.51818e-10
7.63531 6.43181e-10
7.64941 6.22096e-10
7.66353 6.13062e-10
7.67769 5.92374e-10
7.69186 5.82856e-10
7.70607 5.62602e-10
7.7203 5.52542e-10
7.73455 5.33066e-10
7.74884 5.22754e-10
7.76315 5.04627e-10
7.77748 4.95877e-10
7.79184 4.81884e-10
7.80623 4.73427e-10
7.82065 4.61467e-10
7.83509 4.52313e-10
7.84956 4.4093e-10
7.86405 4.30843e-10
7.87857 4.20238e-10
7.89312 4.0909e-10
7.9077 3.99445e-10
7.9223 3.86752e-10
7.93693 3.78657e-10
7.95158 3.62875e-10
7.96627 3.58202e-10
7.98098 3.41638e-10
7.99572 3.38638e-10
8.01048 3.25688e-10
8.02527 3.22881e-10
8.04009 3.1171e-10
8.05494 3.08736e-10
8.06981 2.97627e-10
8.08472 2.94515e-10
8.09965 2.83463e-10
8.1146 2.80207e-10
8.12959 2.69215e-10
8.1446 2.65784e-10
8.15964 2.54982e-10
8.17471 2.51473e-10
8.1898 2.40793e-10
8.20492 2.37278e-10
8.22008 2.27047e-10
8.23526 2.24057e-10
8.25046 2.16092e-10
8.2657 2.13326e-10
8.28096 2.06572e-10
8.29625 2.0364e-10
8.31157 1.96995e-10
8.32692 1.9388e-10
8.3423 1.87358e-10
8.3577 1.84023e-10
8.37314 1.77662e-10
8.3886 1.74101e-10
8.40409 1.67942e-10
8.41961 1.64203e-10
8.43516 1.58348e-10
8.45073 1.54396e-10
8.46634 1.49074e-10
8.48197 1.4561e-10
8.49763 1.41649e-10
8.51333 1.38375e-10
8.52905 1.35225e-10
8.5448 1.31535e-10
8.56057 1.28749e-10
8.57638 1.24434e-10
8.59222 1.22237e-10
8.60809 1.16877e-10
8.62398 1.15683e-10
8.63991 1.10366e-10
8.65586 1.09137e-10
8.67185 1.03878e-10
8.68786 1.02659e-10
8.7039 9.75277e-11
8.71997 9.65179e-11
8.73608 9.24598e-11
8.75221 9.15545e-11
8.76837 8.82286e-11
8.78456 8.72598e-11
8.80078 8.39655e-11
8.81704 8.2946e-11
8.83332 7.96681e-11
8.84963 7.85871e-11
8.86597 7.53393e-11
8.88234 7.42028e-11
8.89874 7.10103e-11
8.91518 6.98219e-11
8.93164 6.67064e-11
8.94813 6.54933e-11
8.96466 6.25188e-11
8.98121 6.14905e-11
8.9978 5.91572e-11
9.01441 5.82587e-11
9.03106 5.63774e-11
9.04773 5.54103e-11
9.06444 5.35801e-11
9.08118 5.2535e-11
9.09795 5.07574e-11
9.11475 4.96152e-11
9.13158 4.79257e-11
9.14844 4.66836e-11
9.16534 4.50792e-11
9.18226 4.37283e-11
9.19922 4.22586e-11
9.2162 4.07708e-11
9.23322 3.95514e-11
9.25027 3.81805e-11
9.26736 3.73571e-11
9.28447 3.60162e-11
9.30161 3.55543e-11
9.31879 3.40562e-11
9.336 3.37345e-11
9.35324 3.22385e-11
9.37051 3.19e-11
9.38781 3.04113e-11
9.40515 3.00573e-11
9.42252 2.85735e-11
9.43992 2.82048e-11
9.45735 2.67471e-11
9.47481 2.63765e-11
9.49231 2.49591e-11
9.50984 2.4645e-11
9.5274 2.3509e-11
9.54499 2.32417e-11
9.56262 2.23638e-11
9.58027 2.20774e-11
9.59797 2.12068e-11
9.61569 2.09068e-11
9.63345 2.00423e-11
9.65123 1.97221e-11
9.66906 1.88709e-11
9.68691 1.85247e-11
9.7048 1.76932e-11
9.72272 1.73331e-11
9.74067 1.65252e-11
9.75866 1.61467e-11
9.77668 1.53861e-11
9.79474 1.50558e-11
9.81282 1.44611e-11
9.83094 1.4185e-11
9.8491 1.37365e-11
9.86728 1.34343e-11
9.88551 1.3007e-11
9.90376 1.2675e-11
9.92205 1.22705e-11
9.94037 1.18982e-11
9.95873 1.15281e-11
9.97712 1.11078e-11
9.99554 1.07842e-11
10.014 1.02977e-11
10.0325 1.00458e-11
10.051 9.43022e-12
10.0696 9.33715e-12
10.0882 8.83422e-12
10.1068 8.7567e-12
10.1255 8.38829e-12
10.1442 8.30615e-12
10.1629 7.9379e-12
10.1817 7.85088e-12
10.2005 7.48297e-12
10.2193 7.39166e-12
10.2382 7.02562e-12
10.2571 6.93001e-12
10.276 6.5669e-12
10.295 6.4662e-12
10.314 6.10883e-12
10.333 6.00718e-12
10.3521 5.66059e-12
10.3712 5.57173e-12
10.3904 5.29019e-12
10.4096 5.21998e-12
10.4288 5.01638e-12
10.4481 4.94044e-12
10.4674 4.73974e-12
10.4867 4.65865e-12
10.5061 4.46028e-12
10.5255 4.37248e-12
10.5449 4.17907e-12
10.5644 4.08404e-12
10.5839 3.89637e-12
10.6034 3.79502e-12
10.623 3.61561e-12
10.6426 3.50664e-12
10.6623 3.34156e-12
10.682 3.24317e-12
10.7017 3.11554e-12
10.7214 3.03738e-12
10.7412 2.95002e-12
10.7611 2.86146e-12
10.7809 2.78239e-12
10.8008 2.6805e-12
10.8208 2.61354e-12
10.8408 2.4891e-12
10.8608 2.4432e-12
10.8809 2.29956e-12
10.9009 2.27239e-12
10.9211 2.12977e-12
10.9412 2.10256e-12
10.9614 1.96268e-12
10.9817 1.93899e-12
11.002 1.82264e-12
11.0223 1.80484e-12
11.0426 1.72497e-12
11.063 1.70549e-12
11.0835 1.62617e-12
11.1039 1.60565e-12
11.1244 1.52651e-12
11.145 1.50486e-12
11.1655 1.42621e-12
11.1862 1.40299e-12
11.2068 1.32535e-12
11.2275 1.30067e-12
11.2483 1.22436e-12
11.269 1.199e-12
11.2898 1.12556e-12
11.3107 1.10295e-12
11.3316 1.04222e-12
11.3525 1.02535e-12
11.3735 9.84903e-13
11.3945 9.66661e-13
11.4155 9.26954e-13
11.4366 9.07005e-13
11.4577 8.68381e-13
11.4789 8.46712e-13
11.5001 8.09272e-13
11.5213 7.85564e-13
11.5426 7.50062e-13
11.5639 7.23652e-13
11.5852 6.90857e-13
11.6066 6.62124e-13
11.6281 6.33154e-13
11.6495 6.05341e-13
11.671 5.84974e-13
11.6926 5.63311e-13
11.7142 5.51908e-13
11.7358 5.23392e-13
11.7575 5.18497e-13
11.7792 4.90004e-13
11.801 4.84766e-13
11.8227 4.56366e-13
11.8446 4.50829e-13
11.8664 4.225e-13
11.8884 4.16704e-13
11.9103 3.88617e-13
11.9323 3.82554e-13
11.9543 3.55151e-13
11.9764 3.49806e-13
11.9985 3.26398e-13
12.0207 3.22664e-13
12.0429 3.0785e-13
12.0651 3.03874e-13
12.0874 2.89128e-13
12.1097 2.84795e-13
12.1321 2.70165e-13
12.1545 2.6553e-13
12.1769 2.51104e-13
12.1994 2.46122e-13
12.2219 2.31919e-13
12.2445 2.2661e-13
12.2671 2.12692e-13
12.2898 2.07061e-13
12.3125 1.93821e-13
12.3352 1.8865e-13
12.358 1.77568e-13
12.3808 1.74044e-13
12.4037 1.67235e-13
12.4266 1.63291e-13
12.4495 1.5676e-13
12.4725 1.52396e-13
12.4955 1.46221e-13
12.5186 1.41297e-13
12.5417 1.35551e-13
12.5649 1.29987e-13
12.5881 1.24823e-13
12.6113 1.18401e-13
12.6346 1.14105e-13
12.658 1.06373e-13
12.6813 1.03631e-13
12.7048 9.55078e-14
12.7282 9.47179e-14
12.7517 8.98939e-14
12.7753 8.90441e-14
12.7989 8.42157e-14
12.8225 8.3305e-14
12.8462 7.84858e-14
12.8699 7.75063e-14
12.8937 7.2703e-14
12.9175 7.16675e-14
12.9413 6.68842e-14
12.9652 6.57654e-14
12.9892 6.10358e-14
13.0131 5.98937e-14
13.0372 5.52606e-14
13.0612 5.41962e-14
13.0854 5.01593e-14
13.1095 4.94776e-14
13.1337 4.71382e-14
13.158 4.6402e-14
13.1823 4.40892e-14
13.2066 4.32894e-14
13.231 4.10104e-14
13.2555 4.01416e-14
13.2799 3.7896e-14
13.3045 3.69481e-14
13.329 3.47667e-14
13.3536 3.37318e-14
13.3783 3.16253e-14
13.403 3.0519e-14
13.4277 2.8534e-14
13.4525 2.74435e-14
13.4774 2.5807e-14
13.5023 2.5124e-14
13.5272 2.42119e-14
13.5522 2.34429e-14
13.5772 2.26038e-14
13.6023 2.17107e-14
13.6274 2.09754e-14
13.6526 1.99071e-14
13.6778 1.93314e-14
13.703 1.7892e-14
13.7283 1.7676e-14
13.7537 1.62422e-14
13.7791 1.60194e-14
13.8045 1.46024e-14
13.83 1.4394e-14
13.8556 1.31106e-14
13.8811 1.2988e-14
13.9068 1.22938e-14
13.9325 1.21616e-14
13.9582 1.14674e-14
13.984 1.13218e-14
14.0098 1.06333e-14
14.0357 1.04768e-14
14.0616 9.78932e-15
14.0875 9.62056e-15
14.1136 8.94052e-15
14.1396 8.75768e-15
14.1657 8.08769e-15
14.1919 7.899e-15
14.2181 7.24011e-15
14.2443 7.05843e-15
14.2706 6.4686e-15
14.297 6.36148e-15
14.3234 6.05352e-15
14.3499 5.93646e-15
14.3763 5.63273e-15
14.4029 5.5036e-15
14.4295 5.20859e-15
14.4561 5.06572e-15
14.4828 4.7792e-15
14.5096 4.6231e-15
14.5364 4.34628e-15
14.5632 4.17346e-15
14.5901 3.91319e-15
14.617 3.71954e-15
14.644 3.48308e-15
14.6711 3.27882e-15
14.6982 3.09495e-15
14.7253 2.973e-15
14.7525 2.88869e-15
14.7797 2.7389e-15
14.807 2.67953e-15
14.8344 2.49416e-15
14.8618 2.4682e-15
14.8892 2.28288e-15
14.9167 2.25471e-15
14.9443 2.0696e-15
14.9719 2.03952e-15
14.9995 1.85527e-15
15.0272 1.82276e-15
15.055 1.6414e-15
15.0828 1.61002e-15
15.1106 1.43967e-15
15.1385 1.42338e-15
15.1665 1.34058e-15
15.1945 1.32254e-15
15.2225 1.24027e-15
15.2506 1.22101e-15
15.2788 1.13902e-15
15.307 1.118e-15
15.3353 1.0368e-15
15.3636 1.01375e-15
15.392 9.33457e-16
15.4204 9.08664e-16
15.4489 8.29813e-16
15.4774 8.02688e-16
15.506 7.26486e-16
15.5346 6.99527e-16
15.5633 6.30506e-16
15.592 6.19471e-16
15.6208 5.93901e-16
15.6497 5.81621e-16
15.6786 5.56852e-16
15.7075 5.42879e-16
15.7365 5.19052e-16
15.7656 5.03205e-16
15.7947 4.80389e-16
15.8239 4.61438e-16
15.8531 4.39829e-16
15.8824 4.16515e-16
15.9117 3.94022e-16
15.9411 3.58964e-16
15.9705 3.13735e-16
16 0
