# 1:pT 2:PhotonSpectrum=dN/d^2xT d^2pT dy
0.01 22.2695
0.0100185 22.233
0.010037 22.1754
0.0100555 22.1376
0.0100741 22.0793
0.0100927 22.0402
0.0101113 21.9822
0.01013 21.9418
0.0101487 21.8834
0.0101674 21.8413
0.0101862 21.7817
0.010205 21.7382
0.0102239 21.6781
0.0102427 21.6333
0.0102617 21.5716
0.0102806 21.5242
0.0102996 21.4604
0.0103186 21.4091
0.0103377 21.3375
0.0103567 21.286
0.0103759 21.2144
0.010395 21.1621
0.0104142 21.0912
0.0104335 21.0369
0.0104527 20.9671
0.010472 20.913
0.0104914 20.8438
0.0105107 20.7886
0.0105301 20.7212
0.0105496 20.6642
0.0105691 20.5977
0.0105886 20.5407
0.0106081 20.4765
0.0106277 20.4198
0.0106474 20.3585
0.010667 20.2997
0.0106867 20.2402
0.0107065 20.1802
0.0107262 20.1223
0.010746 20.0594
0.0107659 20.0037
0.0107858 19.9372
0.0108057 19.8856
0.0108256 19.8122
0.0108456 19.7671
0.0108656 19.6949
0.0108857 19.6499
0.0109058 19.5776
0.0109259 19.5337
0.0109461 19.4655
0.0109663 19.4203
0.0109866 19.3529
0.0110069 19.3073
0.0110272 19.2399
0.0110476 19.1941
0.011068 19.1272
0.0110884 19.0812
0.0111089 19.0144
0.0111294 18.9678
0.0111499 18.9014
0.0111705 18.8548
0.0111912 18.7892
0.0112118 18.7422
0.0112325 18.6783
0.0112533 18.6317
0.0112741 18.5707
0.0112949 18.5229
0.0113157 18.4624
0.0113366 18.4143
0.0113576 18.3549
0.0113785 18.3058
0.0113995 18.2472
0.0114206 18.1972
0.0114417 18.1385
0.0114628 18.0877
0.011484 18.0312
0.0115052 17.9792
0.0115264 17.9238
0.0115477 17.8706
0.011569 17.8182
0.0115904 17.7646
0.0116118 17.7151
0.0116332 17.6591
0.0116547 17.6119
0.0116762 17.5501
0.0116978 17.5092
0.0117194 17.4451
0.0117411 17.4057
0.0117627 17.342
0.0117845 17.3025
0.0118062 17.239
0.011828 17.1991
0.0118499 17.137
0.0118717 17.0965
0.0118937 17.0349
0.0119156 16.9949
0.0119376 16.9365
0.0119597 16.8963
0.0119818 16.8389
0.0120039 16.7979
0.0120261 16.7402
0.0120483 16.6993
0.0120705 16.6416
0.0120928 16.6006
0.0121151 16.5434
0.0121375 16.5018
0.0121599 16.4453
0.0121824 16.4025
0.0122049 16.3471
0.0122274 16.3047
0.01225 16.2507
0.0122726 16.208
0.0122953 16.1566
0.012318 16.1131
0.0123407 16.0628
0.0123635 16.0187
0.0123863 15.9688
0.0124092 15.924
0.0124321 15.8748
0.0124551 15.8284
0.0124781 15.7813
0.0125011 15.7337
0.0125242 15.6876
0.0125473 15.6378
0.0125705 15.5941
0.0125937 15.5421
0.012617 15.5024
0.0126403 15.4463
0.0126636 15.4122
0.012687 15.3571
0.0127104 15.3225
0.0127339 15.2676
0.0127574 15.2321
0.012781 15.1778
0.0128046 15.1421
0.0128282 15.088
0.0128519 15.0521
0.0128756 14.9982
0.0128994 14.9619
0.0129232 14.9089
0.0129471 14.8729
0.012971 14.8205
0.012995 14.7844
0.0130189 14.734
0.013043 14.6978
0.0130671 14.6484
0.0130912 14.612
0.0131154 14.5629
0.0131396 14.5257
0.0131639 14.4775
0.0131882 14.4394
0.0132125 14.3911
0.0132369 14.3537
0.0132614 14.3057
0.0132859 14.2675
0.0133104 14.2209
0.013335 14.1819
0.0133596 14.1361
0.0133843 14.0973
0.013409 14.0541
0.0134337 14.015
0.0134585 13.9725
0.0134834 13.932
0.0135083 13.8909
0.0135332 13.8487
0.0135582 13.8093
0.0135833 13.7649
0.0136083 13.7273
0.0136335 13.6791
0.0136587 13.6458
0.0136839 13.5952
0.0137091 13.5644
0.0137345 13.5141
0.0137598 13.4837
0.0137852 13.4354
0.0138107 13.4048
0.0138362 13.3578
0.0138617 13.3263
0.0138873 13.2791
0.013913 13.2475
0.0139387 13.2009
0.0139644 13.169
0.0139902 13.1228
0.014016 13.0903
0.0140419 13.0445
0.0140678 13.0124
0.0140938 12.9662
0.0141198 12.9343
0.0141459 12.8893
0.014172 12.8576
0.0141982 12.8144
0.0142244 12.782
0.0142507 12.7398
0.014277 12.7074
0.0143034 12.6659
0.0143298 12.6324
0.0143563 12.5915
0.0143828 12.5571
0.0144093 12.5171
0.0144359 12.482
0.0144626 12.4422
0.0144893 12.4069
0.0145161 12.3682
0.0145429 12.332
0.0145697 12.2948
0.0145966 12.2584
0.0146236 12.2231
0.0146506 12.1855
0.0146776 12.152
0.0147047 12.1124
0.0147319 12.0806
0.0147591 12.0364
0.0147863 12.0095
0.0148136 11.9653
0.014841 11.9379
0.0148684 11.8941
0.0148959 11.8664
0.0149234 11.8233
0.0149509 11.7953
0.0149785 11.7527
0.0150062 11.725
0.0150339 11.6838
0.0150617 11.6563
0.0150895 11.616
0.0151173 11.5883
0.0151453 11.5482
0.0151732 11.5199
0.0152012 11.4802
0.0152293 11.4514
0.0152574 11.4117
0.0152856 11.3831
0.0153138 11.3439
0.0153421 11.3149
0.0153705 11.2765
0.0153988 11.2469
0.0154273 11.209
0.0154558 11.1799
0.0154843 11.1432
0.0155129 11.114
0.0155415 11.0784
0.0155702 11.0484
0.015599 11.0133
0.0156278 10.9828
0.0156567 10.9481
0.0156856 10.9169
0.0157145 10.883
0.0157435 10.8508
0.0157726 10.8182
0.0158017 10.7845
0.0158309 10.7534
0.0158602 10.7185
0.0158894 10.6893
0.0159188 10.6525
0.0159482 10.6268
0.0159776 10.5886
0.0160071 10.5647
0.0160367 10.5266
0.0160663 10.5027
0.016096 10.4646
0.0161257 10.4406
0.0161555 10.4031
0.0161853 10.3782
0.0162152 10.341
0.0162451 10.3161
0.0162751 10.279
0.0163052 10.2542
0.0163353 10.2178
0.0163655 10.1929
0.0163957 10.1578
0.016426 10.1333
0.0164563 10.0986
0.0164867 10.0737
0.0165171 10.0392
0.0165476 10.014
0.0165782 9.97999
0.0166088 9.95447
0.0166395 9.92052
0.0166702 9.89474
0.016701 9.86163
0.0167318 9.83512
0.0167627 9.80262
0.0167937 9.77563
0.0168247 9.74409
0.0168558 9.71731
0.0168869 9.68647
0.0169181 9.65981
0.0169493 9.63017
0.0169806 9.60246
0.017012 9.57365
0.0170434 9.54513
0.0170748 9.51716
0.0171064 9.48745
0.017138 9.46072
0.0171696 9.42921
0.0172013 9.40412
0.0172331 9.36885
0.0172649 9.34788
0.0172968 9.31296
0.0173287 9.29196
0.0173607 9.25814
0.0173928 9.23704
0.0174249 9.20443
0.0174571 9.18307
0.0174893 9.15055
0.0175216 9.1287
0.017554 9.0965
0.0175864 9.07459
0.0176189 9.0425
0.0176514 9.02051
0.017684 8.98852
0.0177166 8.96621
0.0177494 8.93468
0.0177821 8.91226
0.017815 8.88094
0.0178479 8.85893
0.0178808 8.82868
0.0179138 8.8068
0.0179469 8.77747
0.0179801 8.7548
0.0180133 8.72562
0.0180465 8.70292
0.0180799 8.67413
0.0181132 8.65085
0.0181467 8.62251
0.0181802 8.59856
0.0182138 8.57056
0.0182474 8.54642
0.0182811 8.519
0.0183149 8.49462
0.0183487 8.46819
0.0183826 8.44301
0.0184165 8.41803
0.0184505 8.39259
0.0184846 8.36885
0.0185187 8.3423
0.0185529 8.31938
0.0185872 8.29112
0.0186215 8.27021
0.0186559 8.23963
0.0186903 8.22072
0.0187248 8.19065
0.0187594 8.17157
0.0187941 8.14136
0.0188288 8.12248
0.0188635 8.093
0.0188984 8.07379
0.0189333 8.04511
0.0189682 8.0262
0.0190033 7.99821
0.0190384 7.97916
0.0190735 7.95142
0.0191087 7.93205
0.019144 7.90444
0.0191794 7.88514
0.0192148 7.85735
0.0192503 7.83776
0.0192858 7.81045
0.0193214 7.7907
0.0193571 7.76363
0.0193929 7.74361
0.0194287 7.71716
0.0194645 7.69699
0.0195005 7.67134
0.0195365 7.65129
0.0195726 7.62666
0.0196087 7.60593
0.0196449 7.58185
0.0196812 7.56093
0.0197175 7.53676
0.019754 7.51535
0.0197904 7.49186
0.019827 7.4699
0.0198636 7.44686
0.0199003 7.42441
0.019937 7.40228
0.0199738 7.37885
0.0200107 7.35798
0.0200477 7.33379
0.0200847 7.31419
0.0201218 7.28761
0.0201589 7.27152
0.0201962 7.24491
0.0202335 7.2286
0.0202708 7.20219
0.0203082 7.18537
0.0203457 7.15938
0.0203833 7.14249
0.020421 7.11663
0.0204587 7.09964
0.0204964 7.07386
0.0205343 7.05662
0.0205722 7.03135
0.0206102 7.01443
0.0206483 6.98966
0.0206864 6.97267
0.0207246 6.94885
0.0207629 6.93174
0.0208012 6.90781
0.0208396 6.89077
0.0208781 6.86689
0.0209166 6.84968
0.0209553 6.82609
0.020994 6.80811
0.0210327 6.78501
0.0210716 6.76715
0.0211105 6.74423
0.0211495 6.72605
0.0211885 6.70377
0.0212277 6.68523
0.0212669 6.6638
0.0213061 6.64553
0.0213455 6.62496
0.0213849 6.60623
0.0214244 6.58593
0.0214639 6.56656
0.0215036 6.54683
0.0215433 6.52681
0.0215831 6.50782
0.0216229 6.48704
0.0216628 6.46884
0.0217028 6.44646
0.0217429 6.42998
0.0217831 6.40581
0.0218233 6.39124
0.0218636 6.36781
0.021904 6.35336
0.0219444 6.33046
0.0219849 6.31608
0.0220255 6.2935
0.0220662 6.27846
0.022107 6.25625
0.0221478 6.2412
0.0221887 6.21885
0.0222297 6.20376
0.0222707 6.18164
0.0223118 6.16629
0.022353 6.14429
0.0223943 6.12919
0.0224357 6.10724
0.0224771 6.09222
0.0225186 6.07091
0.0225602 6.05584
0.0226018 6.03543
0.0226436 6.02018
0.0226854 6.00007
0.0227273 5.98431
0.0227692 5.96427
0.0228113 5.94838
0.0228534 5.92872
0.0228956 5.91243
0.0229379 5.89316
0.0229803 5.87656
0.0230227 5.85728
0.0230652 5.84058
0.0231078 5.82197
0.0231505 5.80512
0.0231932 5.78718
0.023236 5.77017
0.023279 5.75328
0.0233219 5.73548
0.023365 5.71925
0.0234082 5.70057
0.0234514 5.68504
0.0234947 5.6642
0.0235381 5.65111
0.0235815 5.62994
0.0236251 5.617
0.0236687 5.59595
0.0237124 5.58294
0.0237562 5.56236
0.0238001 5.54935
0.023844 5.52924
0.0238881 5.51635
0.0239322 5.49688
0.0239764 5.48376
0.0240206 5.46456
0.024065 5.45139
0.0241094 5.43233
0.0241539 5.41886
0.0241985 5.39981
0.0242432 5.38635
0.024288 5.36736
0.0243329 5.35388
0.0243778 5.33507
0.0244228 5.32145
0.0244679 5.30287
0.0245131 5.28896
0.0245583 5.27097
0.0246037 5.25747
0.0246491 5.24027
0.0246946 5.22637
0.0247402 5.20946
0.0247859 5.19513
0.0248317 5.17834
0.0248776 5.16381
0.0249235 5.14739
0.0249695 5.13251
0.0250156 5.11639
0.0250618 5.10107
0.0251081 5.08543
0.0251545 5.06982
0.0252009 5.05483
0.0252475 5.03867
0.0252941 5.02448
0.0253408 5.00791
0.0253876 4.99505
0.0254345 4.97671
0.0254814 4.96538
0.0255285 4.94724
0.0255756 4.93585
0.0256229 4.91752
0.0256702 4.90606
0.0257176 4.88809
0.0257651 4.87641
0.0258126 4.85856
0.0258603 4.84682
0.0259081 4.82918
0.0259559 4.81746
0.0260038 4.80019
0.0260518 4.78876
0.0261 4.7722
0.0261482 4.76053
0.0261964 4.744
0.0262448 4.73223
0.0262933 4.71583
0.0263418 4.70389
0.0263905 4.68769
0.0264392 4.67559
0.026488 4.65958
0.0265369 4.64719
0.0265859 4.63133
0.026635 4.6189
0.0266842 4.60338
0.0267335 4.5909
0.0267829 4.5758
0.0268323 4.56338
0.0268819 4.54882
0.0269315 4.53621
0.0269812 4.52206
0.0270311 4.50901
0.027081 4.49502
0.027131 4.48157
0.0271811 4.46814
0.0272313 4.45413
0.0272816 4.44117
0.0273319 4.42648
0.0273824 4.41421
0.027433 4.3981
0.0274836 4.38758
0.0275344 4.37098
0.0275852 4.36115
0.0276362 4.34537
0.0276872 4.33549
0.0277383 4.31972
0.0277896 4.30973
0.0278409 4.29419
0.0278923 4.28393
0.0279438 4.26839
0.0279954 4.25804
0.0280471 4.24269
0.0280989 4.23235
0.0281508 4.21717
0.0282027 4.20661
0.0282548 4.1915
0.028307 4.18105
0.0283593 4.16616
0.0284116 4.15596
0.0284641 4.14176
0.0285167 4.13141
0.0285693 4.11729
0.0286221 4.10658
0.0286749 4.09265
0.0287279 4.08191
0.0287809 4.0682
0.0288341 4.05711
0.0288873 4.04362
0.0289407 4.03228
0.0289941 4.01905
0.0290477 4.0076
0.0291013 3.99458
0.029155 3.9831
0.0292089 3.97048
0.0292628 3.95902
0.0293168 3.94722
0.029371 3.93534
0.0294252 3.92383
0.0294796 3.9114
0.029534 3.90034
0.0295885 3.88727
0.0296432 3.87699
0.0296979 3.86232
0.0297527 3.85354
0.0298077 3.83903
0.0298627 3.83013
0.0299179 3.81578
0.0299731 3.80681
0.0300285 3.79276
0.0300839 3.78382
0.0301395 3.77043
0.0301951 3.76152
0.0302509 3.74817
0.0303068 3.73909
0.0303627 3.72591
0.0304188 3.71684
0.030475 3.70368
0.0305312 3.69441
0.0305876 3.68131
0.0306441 3.67198
0.0307007 3.65897
0.0307574 3.64961
0.0308142 3.63686
0.0308711 3.6274
0.0309281 3.61493
0.0309852 3.60548
0.0310424 3.59348
0.0310997 3.58413
0.0311572 3.57224
0.0312147 3.56266
0.0312723 3.55093
0.0313301 3.5411
0.0313879 3.52946
0.0314459 3.51945
0.031504 3.50813
0.0315621 3.49793
0.0316204 3.48685
0.0316788 3.47628
0.0317373 3.46566
0.0317959 3.45479
0.0318546 3.44477
0.0319135 3.43372
0.0319724 3.4244
0.0320314 3.41239
0.0320906 3.40413
0.0321498 3.39148
0.0322092 3.38369
0.0322687 3.37106
0.0323283 3.36324
0.032388 3.35071
0.0324478 3.34283
0.0325077 3.33049
0.0325677 3.32241
0.0326279 3.31012
0.0326881 3.30208
0.0327485 3.29003
0.0328089 3.28216
0.0328695 3.27066
0.0329302 3.26261
0.032991 3.25126
0.033052 3.24324
0.033113 3.23172
0.0331741 3.22367
0.0332354 3.21234
0.0332968 3.20414
0.0333583 3.19294
0.0334199 3.18457
0.0334816 3.17346
0.0335434 3.16506
0.0336053 3.15425
0.0336674 3.1457
0.0337296 3.13513
0.0337919 3.12662
0.0338543 3.11662
0.0339168 3.10791
0.0339794 3.09801
0.0340421 3.08919
0.034105 3.0795
0.034168 3.07041
0.0342311 3.06096
0.0342943 3.05157
0.0343576 3.04246
0.0344211 3.0327
0.0344846 3.02394
0.0345483 3.01364
0.0346121 3.00555
0.034676 2.99405
0.0347401 2.98738
0.0348042 2.97641
0.0348685 2.96965
0.0349329 2.95883
0.0349974 2.95198
0.035062 2.94128
0.0351267 2.93425
0.0351916 2.92361
0.0352566 2.91653
0.0353217 2.90591
0.0353869 2.89886
0.0354523 2.88832
0.0355177 2.88122
0.0355833 2.87078
0.035649 2.8636
0.0357149 2.85336
0.0357808 2.84624
0.0358469 2.83632
0.0359131 2.82926
0.0359794 2.81954
0.0360458 2.81236
0.0361124 2.80275
0.0361791 2.79534
0.0362459 2.78578
0.0363128 2.77831
0.0363799 2.76889
0.0364471 2.76128
0.0365144 2.752
0.0365818 2.74428
0.0366493 2.73521
0.036717 2.72743
0.0367848 2.71857
0.0368527 2.71088
0.0369208 2.70242
0.036989 2.69447
0.0370573 2.68641
0.0371257 2.67813
0.0371943 2.67033
0.0372629 2.66166
0.0373318 2.65422
0.0374007 2.64484
0.0374698 2.63816
0.037539 2.62813
0.0376083 2.62201
0.0376777 2.6121
0.0377473 2.60601
0.037817 2.59619
0.0378868 2.59022
0.0379568 2.58089
0.0380269 2.57478
0.0380971 2.56559
0.0381675 2.55942
0.0382379 2.55022
0.0383085 2.54404
0.0383793 2.53493
0.0384502 2.5286
0.0385212 2.51958
0.0385923 2.51329
0.0386636 2.50422
0.038735 2.49789
0.0388065 2.48894
0.0388781 2.48257
0.0389499 2.4738
0.0390219 2.46749
0.0390939 2.45907
0.0391661 2.45269
0.0392384 2.44452
0.0393109 2.43796
0.0393835 2.42989
0.0394562 2.42314
0.0395291 2.41524
0.0396021 2.4084
0.0396752 2.40051
0.0397485 2.39358
0.0398219 2.38587
0.0398954 2.37876
0.0399691 2.3713
0.0400429 2.36398
0.0401168 2.35687
0.0401909 2.34947
0.0402651 2.34281
0.0403395 2.33507
0.040414 2.3288
0.0404886 2.32006
0.0405633 2.3148
0.0406383 2.3061
0.0407133 2.30077
0.0407885 2.2921
0.0408638 2.28668
0.0409393 2.27814
0.0410149 2.27269
0.0410906 2.26423
0.0411665 2.25869
0.0412425 2.25037
0.0413186 2.24494
0.0413949 2.23693
0.0414714 2.23155
0.041548 2.22366
0.0416247 2.21814
0.0417016 2.21036
0.0417786 2.20477
0.0418557 2.19697
0.041933 2.19141
0.0420104 2.18365
0.042088 2.17803
0.0421657 2.1704
0.0422436 2.16461
0.0423216 2.15707
0.0423998 2.15134
0.042478 2.14397
0.0425565 2.13822
0.0426351 2.13116
0.0427138 2.12529
0.0427927 2.11842
0.0428717 2.11245
0.0429509 2.10567
0.0430302 2.09961
0.0431096 2.09299
0.0431892 2.08661
0.043269 2.08022
0.0433489 2.07367
0.0434289 2.06749
0.0435091 2.06068
0.0435895 2.05478
0.04367 2.04753
0.0437506 2.04228
0.0438314 2.03462
0.0439124 2.02995
0.0439934 2.02258
0.0440747 2.01786
0.0441561 2.01039
0.0442376 2.00566
0.0443193 1.99834
0.0444011 1.99345
0.0444831 1.98617
0.0445653 1.98131
0.0446476 1.97399
0.04473 1.96915
0.0448126 1.96193
0.0448954 1.95704
0.0449783 1.94992
0.0450613 1.94513
0.0451445 1.9382
0.0452279 1.93343
0.0453114 1.92672
0.0453951 1.92182
0.0454789 1.91515
0.0455629 1.91018
0.045647 1.90359
0.0457313 1.89851
0.0458158 1.89198
0.0459004 1.88686
0.0459851 1.88043
0.0460701 1.8752
0.0461551 1.86892
0.0462404 1.86359
0.0463257 1.85742
0.0464113 1.85213
0.046497 1.84625
0.0465829 1.84088
0.0466689 1.83519
0.0467551 1.82965
0.0468414 1.82416
0.0469279 1.81834
0.0470145 1.8131
0.0471014 1.80698
0.0471883 1.80198
0.0472755 1.79505
0.0473628 1.79095
0.0474502 1.78405
0.0475379 1.77993
0.0476256 1.77314
0.0477136 1.76897
0.0478017 1.76248
0.04789 1.75832
0.0479784 1.752
0.048067 1.74779
0.0481558 1.74145
0.0482447 1.73717
0.0483338 1.73092
0.048423 1.72666
0.0485124 1.72038
0.048602 1.71603
0.0486918 1.70985
0.0487817 1.7055
0.0488718 1.69932
0.048962 1.69501
0.0490524 1.6889
0.049143 1.68464
0.0492338 1.67875
0.0493247 1.67439
0.0494158 1.66871
0.049507 1.66434
0.0495984 1.6587
0.04969 1.65421
0.0497818 1.64868
0.0498737 1.64404
0.0499658 1.63861
0.0500581 1.63392
0.0501505 1.62862
0.0502431 1.62383
0.0503359 1.6186
0.0504288 1.61367
0.050522 1.60866
0.0506153 1.6037
0.0507087 1.59897
0.0508024 1.59389
0.0508962 1.58941
0.0509902 1.58398
0.0510843 1.57983
0.0511786 1.57387
0.0512732 1.5702
0.0513678 1.56431
0.0514627 1.56062
0.0515577 1.55469
0.0516529 1.55102
0.0517483 1.54519
0.0518439 1.54142
0.0519396 1.53568
0.0520355 1.53196
0.0521316 1.52636
0.0522279 1.52268
0.0523243 1.51727
0.0524209 1.51351
0.0525177 1.50814
0.0526147 1.50437
0.0527119 1.49897
0.0528092 1.49518
0.0529067 1.48983
0.0530044 1.48597
0.0531023 1.48068
0.0532004 1.47681
0.0532986 1.47162
0.053397 1.46765
0.0534956 1.46253
0.0535944 1.45859
0.0536934 1.4537
0.0537925 1.44974
0.0538919 1.44503
0.0539914 1.44099
0.0540911 1.43625
0.054191 1.43214
0.054291 1.42754
0.0543913 1.42334
0.0544917 1.41883
0.0545924 1.41448
0.0546932 1.41014
0.0547942 1.40561
0.0548954 1.40147
0.0549967 1.39671
0.0550983 1.39282
0.0552 1.38766
0.055302 1.38442
0.0554041 1.37928
0.0555064 1.37611
0.0556089 1.37098
0.0557116 1.36779
0.0558144 1.36271
0.0559175 1.35945
0.0560208 1.35444
0.0561242 1.35114
0.0562279 1.3461
0.0563317 1.34278
0.0564357 1.33781
0.0565399 1.33449
0.0566443 1.32961
0.0567489 1.32626
0.0568537 1.32149
0.0569587 1.3182
0.0570639 1.31357
0.0571693 1.31027
0.0572748 1.30566
0.0573806 1.3023
0.0574866 1.29771
0.0575927 1.29425
0.0576991 1.28974
0.0578056 1.28628
0.0579124 1.28182
0.0580193 1.27829
0.0581264 1.27394
0.0582338 1.27033
0.0583413 1.26606
0.058449 1.26246
0.058557 1.25836
0.0586651 1.25474
0.0587734 1.2508
0.058882 1.24707
0.0589907 1.24323
0.0590996 1.23938
0.0592088 1.23566
0.0593181 1.23165
0.0594276 1.22806
0.0595374 1.22382
0.0596473 1.22051
0.0597575 1.21579
0.0598678 1.21295
0.0599784 1.2083
0.0600891 1.20547
0.0602001 1.20089
0.0603112 1.1981
0.0604226 1.19375
0.0605342 1.19089
0.060646 1.18657
0.060758 1.18368
0.0608702 1.17936
0.0609826 1.17644
0.0610952 1.17217
0.061208 1.16924
0.061321 1.16498
0.0614343 1.16202
0.0615477 1.15777
0.0616614 1.15481
0.0617752 1.15063
0.0618893 1.14767
0.0620036 1.14361
0.0621181 1.14067
0.0622328 1.13678
0.0623477 1.13375
0.0624628 1.12987
0.0625782 1.12682
0.0626937 1.123
0.0628095 1.11992
0.0629255 1.11613
0.0630417 1.11295
0.0631581 1.10921
0.0632747 1.106
0.0633916 1.10237
0.0635086 1.09907
0.0636259 1.09554
0.0637434 1.09218
0.0638611 1.08885
0.063979 1.08546
0.0640972 1.08231
0.0642155 1.07876
0.0643341 1.07572
0.0644529 1.07181
0.0645719 1.06918
0.0646912 1.06508
0.0648106 1.06259
0.0649303 1.05851
0.0650502 1.05601
0.0651703 1.05197
0.0652907 1.04946
0.0654113 1.04548
0.065532 1.04293
0.0656531 1.03904
0.0657743 1.03653
0.0658957 1.03282
0.0660174 1.03029
0.0661393 1.0266
0.0662615 1.02401
0.0663838 1.02033
0.0665064 1.01773
0.0666292 1.01404
0.0667523 1.01146
0.0668755 1.0078
0.066999 1.00519
0.0671227 1.00157
0.0672467 0.998865
0.0673709 0.995325
0.0674953 0.992676
0.0676199 0.989242
0.0677448 0.986564
0.0678699 0.983296
0.0679952 0.980554
0.0681208 0.97733
0.0682466 0.974536
0.0683726 0.971332
0.0684988 0.968504
0.0686253 0.965352
0.0687521 0.962431
0.068879 0.959406
0.0690062 0.95639
0.0691336 0.953458
0.0692613 0.950317
0.0693892 0.94753
0.0695173 0.944266
0.0696457 0.941727
0.0697743 0.938205
0.0699031 0.936047
0.0700322 0.932542
0.0701616 0.930345
0.0702911 0.926857
0.0704209 0.924633
0.070551 0.92118
0.0706812 0.918914
0.0708118 0.915466
0.0709425 0.913208
0.0710735 0.909783
0.0712048 0.907518
0.0713362 0.904147
0.071468 0.901892
0.0716 0.898584
0.0717322 0.896335
0.0718646 0.893165
0.0719973 0.89089
0.0721303 0.887734
0.0722635 0.885442
0.0723969 0.882323
0.0725306 0.879999
0.0726645 0.876905
0.0727987 0.874523
0.0729332 0.871443
0.0730678 0.869078
0.0732028 0.866038
0.0733379 0.863633
0.0734734 0.860658
0.073609 0.858224
0.073745 0.855329
0.0738812 0.852927
0.0740176 0.85019
0.0741543 0.847725
0.0742912 0.845031
0.0744284 0.84247
0.0745658 0.839883
0.0747035 0.837209
0.0748415 0.834706
0.0749797 0.831917
0.0751181 0.829535
0.0752568 0.826495
0.0753958 0.824394
0.075535 0.821185
0.0756745 0.81925
0.0758143 0.816091
0.0759543 0.814205
0.0760945 0.811189
0.076235 0.809286
0.0763758 0.806307
0.0765168 0.80434
0.0766581 0.801361
0.0767997 0.799378
0.0769415 0.796433
0.0770836 0.794446
0.0772259 0.791517
0.0773685 0.789489
0.0775114 0.786589
0.0776545 0.784585
0.0777979 0.781674
0.0779416 0.779673
0.0780855 0.776836
0.0782297 0.774857
0.0783742 0.772154
0.0785189 0.770134
0.0786639 0.767436
0.0788092 0.765393
0.0789547 0.762751
0.0791005 0.760651
0.0792466 0.758034
0.0793929 0.755889
0.0795395 0.753335
0.0796864 0.751144
0.0798335 0.748615
0.0799809 0.746417
0.0801286 0.743942
0.0802766 0.741685
0.0804248 0.739331
0.0805734 0.737096
0.0807221 0.734877
0.0808712 0.732533
0.0810205 0.730391
0.0811702 0.727915
0.08132 0.725909
0.0814702 0.723116
0.0816207 0.721423
0.0817714 0.718643
0.0819224 0.716929
0.0820737 0.714171
0.0822252 0.712444
0.0823771 0.709721
0.0825292 0.707982
0.0826816 0.705301
0.0828342 0.703586
0.0829872 0.701042
0.0831405 0.69933
0.083294 0.696787
0.0834478 0.695056
0.0836019 0.692526
0.0837563 0.690759
0.0839109 0.688252
0.0840659 0.686461
0.0842211 0.683948
0.0843766 0.682171
0.0845325 0.679696
0.0846885 0.677904
0.0848449 0.675472
0.0850016 0.673642
0.0851586 0.671253
0.0853158 0.669461
0.0854734 0.667192
0.0856312 0.665362
0.0857893 0.663116
0.0859478 0.661248
0.0861065 0.659029
0.0862655 0.657134
0.0864248 0.654941
0.0865844 0.653014
0.0867442 0.650871
0.0869044 0.648854
0.0870649 0.646808
0.0872257 0.64472
0.0873868 0.642754
0.0875481 0.640599
0.0877098 0.638754
0.0878718 0.636521
0.088034 0.634887
0.0881966 0.632491
0.0883594 0.63099
0.0885226 0.628619
0.0886861 0.627115
0.0888498 0.624724
0.0890139 0.623225
0.0891783 0.62087
0.089343 0.619325
0.0895079 0.616987
0.0896732 0.61544
0.0898388 0.613112
0.0900047 0.611581
0.0901709 0.609297
0.0903374 0.607768
0.0905043 0.605598
0.0906714 0.604077
0.0908388 0.601896
0.0910066 0.600356
0.0911746 0.598195
0.091343 0.596631
0.0915116 0.594492
0.0916806 0.592903
0.0918499 0.590783
0.0920195 0.589168
0.0921895 0.587087
0.0923597 0.585448
0.0925303 0.58341
0.0927011 0.581741
0.0928723 0.579767
0.0930438 0.578134
0.0932156 0.576218
0.0933877 0.574556
0.0935602 0.572696
0.093733 0.570978
0.0939061 0.56916
0.0940795 0.567386
0.0942532 0.565632
0.0944272 0.563787
0.0946016 0.562102
0.0947763 0.560149
0.0949513 0.558565
0.0951266 0.556363
0.0953023 0.555062
0.0954783 0.552882
0.0956546 0.5516
0.0958312 0.549522
0.0960082 0.548211
0.0961855 0.546172
0.0963631 0.544848
0.0965411 0.542823
0.0967193 0.541464
0.0968979 0.539451
0.0970769 0.538092
0.0972561 0.536086
0.0974357 0.534735
0.0976156 0.532729
0.0977959 0.531354
0.0979765 0.52939
0.0981574 0.528003
0.0983387 0.526053
0.0985203 0.524721
0.0987022 0.522846
0.0988845 0.521494
0.0990671 0.519656
0.09925 0.518257
0.0994333 0.516434
0.0996169 0.515036
0.0998008 0.513231
0.0999851 0.511802
0.10017 0.51003
0.100355 0.508551
0.10054 0.506811
0.100726 0.50532
0.100912 0.503618
0.101098 0.502113
0.101285 0.500472
0.101472 0.49895
0.101659 0.497399
0.101847 0.495834
0.102035 0.494346
0.102223 0.492713
0.102412 0.491271
0.102601 0.489526
0.102791 0.488223
0.102981 0.486314
0.103171 0.485144
0.103361 0.483272
0.103552 0.482093
0.103743 0.480207
0.103935 0.47904
0.104127 0.477204
0.104319 0.476025
0.104512 0.474274
0.104705 0.473103
0.104898 0.471358
0.105092 0.470188
0.105286 0.468454
0.10548 0.46726
0.105675 0.465533
0.10587 0.46434
0.106066 0.462615
0.106262 0.461414
0.106458 0.459714
0.106654 0.458491
0.106851 0.456812
0.107049 0.455593
0.107246 0.45395
0.107444 0.452721
0.107643 0.451145
0.107841 0.449919
0.108041 0.448374
0.10824 0.447119
0.10844 0.445604
0.10864 0.444313
0.108841 0.442807
0.109042 0.441498
0.109243 0.440024
0.109445 0.438676
0.109647 0.437245
0.10985 0.435864
0.110052 0.434481
0.110256 0.433056
0.110459 0.431754
0.110663 0.430289
0.110868 0.429074
0.111072 0.427431
0.111277 0.426432
0.111483 0.424789
0.111689 0.423781
0.111895 0.422146
0.112102 0.421115
0.112309 0.419502
0.112516 0.418464
0.112724 0.416864
0.112932 0.415816
0.11314 0.414223
0.113349 0.413165
0.113559 0.411606
0.113768 0.41058
0.113978 0.409071
0.114189 0.408026
0.1144 0.406553
0.114611 0.405502
0.114823 0.404022
0.115035 0.402974
0.115247 0.401501
0.11546 0.400439
0.115673 0.398976
0.115887 0.397883
0.116101 0.396446
0.116315 0.395358
0.11653 0.393937
0.116745 0.392829
0.116961 0.391458
0.117177 0.390339
0.117393 0.389022
0.11761 0.387907
0.117827 0.38663
0.118045 0.385483
0.118263 0.384219
0.118481 0.383031
0.1187 0.381805
0.118919 0.380581
0.119139 0.379405
0.119359 0.378125
0.119579 0.376996
0.1198 0.375638
0.120021 0.374604
0.120243 0.373121
0.120465 0.372229
0.120687 0.37081
0.12091 0.369925
0.121133 0.368515
0.121357 0.367627
0.121581 0.366236
0.121806 0.365319
0.12203 0.363942
0.122256 0.36302
0.122482 0.36164
0.122708 0.360716
0.122934 0.359351
0.123161 0.358419
0.123389 0.357066
0.123617 0.356139
0.123845 0.354788
0.124074 0.353876
0.124303 0.352583
0.124532 0.351658
0.124762 0.350404
0.124993 0.349468
0.125223 0.348226
0.125455 0.347267
0.125686 0.346026
0.125918 0.345058
0.126151 0.343844
0.126384 0.342858
0.126617 0.341665
0.126851 0.340662
0.127085 0.339472
0.12732 0.338463
0.127555 0.337321
0.127791 0.33631
0.128027 0.335214
0.128263 0.33418
0.1285 0.333138
0.128737 0.332056
0.128975 0.331053
0.129213 0.329916
0.129452 0.328953
0.129691 0.327701
0.12993 0.326878
0.13017 0.325578
0.130411 0.324787
0.130651 0.323496
0.130893 0.322707
0.131134 0.321437
0.131376 0.320652
0.131619 0.319434
0.131862 0.31864
0.132106 0.317445
0.13235 0.316646
0.132594 0.315462
0.132839 0.314654
0.133084 0.313485
0.13333 0.312659
0.133576 0.311487
0.133823 0.310667
0.13407 0.309499
0.134317 0.308678
0.134565 0.307522
0.134814 0.306694
0.135063 0.305559
0.135312 0.304723
0.135562 0.303631
0.135812 0.302814
0.136063 0.301748
0.136315 0.300903
0.136566 0.29986
0.136818 0.298992
0.137071 0.297957
0.137324 0.297075
0.137578 0.29606
0.137832 0.295164
0.138086 0.294164
0.138341 0.293237
0.138597 0.292278
0.138853 0.291331
0.139109 0.290409
0.139366 0.289442
0.139623 0.288576
0.139881 0.287577
0.14014 0.286783
0.140398 0.285664
0.140658 0.284971
0.140917 0.283863
0.141177 0.28317
0.141438 0.282053
0.141699 0.281353
0.141961 0.280256
0.142223 0.279546
0.142486 0.27846
0.142749 0.277747
0.143013 0.276671
0.143277 0.275964
0.143541 0.274927
0.143806 0.274227
0.144072 0.273217
0.144338 0.272505
0.144604 0.271493
0.144871 0.270773
0.145139 0.269773
0.145407 0.269044
0.145675 0.268054
0.145944 0.267317
0.146214 0.26634
0.146484 0.265589
0.146754 0.264616
0.147025 0.263871
0.147297 0.262917
0.147569 0.262179
0.147841 0.261258
0.148114 0.260508
0.148388 0.259613
0.148662 0.258851
0.148937 0.257979
0.149212 0.257196
0.149487 0.256335
0.149763 0.255524
0.15004 0.254695
0.150317 0.253848
0.150594 0.253059
0.150872 0.252172
0.151151 0.251417
0.15143 0.250453
0.15171 0.249804
0.15199 0.248814
0.152271 0.248218
0.152552 0.247256
0.152833 0.246657
0.153116 0.245699
0.153398 0.245091
0.153682 0.244143
0.153965 0.243518
0.15425 0.242576
0.154535 0.241948
0.15482 0.241016
0.155106 0.240388
0.155392 0.239464
0.155679 0.238825
0.155967 0.237913
0.156255 0.237281
0.156543 0.236388
0.156832 0.235772
0.157122 0.234907
0.157412 0.234279
0.157703 0.233419
0.157994 0.232772
0.158286 0.231921
0.158578 0.231277
0.158871 0.230439
0.159164 0.22977
0.159458 0.228947
0.159753 0.228268
0.160048 0.227462
0.160343 0.226773
0.160639 0.225979
0.160936 0.225297
0.161233 0.224534
0.161531 0.223846
0.161829 0.223121
0.162128 0.222405
0.162427 0.221701
0.162727 0.220951
0.163028 0.220277
0.163329 0.21949
0.16363 0.218855
0.163933 0.217972
0.164235 0.217435
0.164539 0.216558
0.164842 0.216017
0.165147 0.21515
0.165452 0.214611
0.165757 0.213773
0.166063 0.213233
0.16637 0.21242
0.166677 0.211878
0.166985 0.211069
0.167293 0.210524
0.167602 0.209719
0.167912 0.209168
0.168222 0.208369
0.168532 0.207808
0.168844 0.207016
0.169155 0.20645
0.169468 0.205661
0.169781 0.205099
0.170094 0.204325
0.170408 0.203763
0.170723 0.203015
0.171038 0.202447
0.171354 0.20172
0.171671 0.201155
0.171988 0.200431
0.172305 0.199855
0.172623 0.199141
0.172942 0.198552
0.173261 0.197847
0.173581 0.197245
0.173902 0.196555
0.174223 0.195942
0.174545 0.19527
0.174867 0.194636
0.17519 0.193997
0.175514 0.193348
0.175838 0.192742
0.176162 0.192083
0.176488 0.191515
0.176814 0.190796
0.17714 0.190288
0.177467 0.189527
0.177795 0.189053
0.178123 0.188294
0.178452 0.187822
0.178782 0.187064
0.179112 0.186592
0.179443 0.185846
0.179774 0.185362
0.180106 0.184623
0.180438 0.184142
0.180772 0.183426
0.181105 0.182952
0.18144 0.182263
0.181775 0.181777
0.182111 0.181093
0.182447 0.18061
0.182784 0.179921
0.183121 0.179431
0.183459 0.178748
0.183798 0.178254
0.184138 0.17758
0.184478 0.177079
0.184818 0.176409
0.18516 0.175906
0.185502 0.175253
0.185844 0.174745
0.186187 0.174111
0.186531 0.173605
0.186876 0.172999
0.187221 0.172484
0.187566 0.171878
0.187913 0.171354
0.18826 0.170761
0.188607 0.170217
0.188956 0.169643
0.189305 0.169085
0.189654 0.168529
0.190004 0.167946
0.190355 0.167415
0.190707 0.1668
0.191059 0.166309
0.191412 0.165626
0.191765 0.165222
0.192119 0.164569
0.192474 0.164156
0.192829 0.163505
0.193186 0.163089
0.193542 0.162443
0.1939 0.162022
0.194258 0.161378
0.194616 0.16095
0.194976 0.16031
0.195336 0.159886
0.195697 0.159251
0.196058 0.158824
0.19642 0.158198
0.196783 0.157769
0.197146 0.157156
0.19751 0.156732
0.197875 0.156139
0.19824 0.155715
0.198606 0.15513
0.198973 0.154698
0.199341 0.15412
0.199709 0.153676
0.200077 0.1531
0.200447 0.152655
0.200817 0.152088
0.201188 0.151635
0.201559 0.151074
0.201932 0.150612
0.202304 0.150063
0.202678 0.149603
0.203052 0.14907
0.203427 0.148615
0.203803 0.14811
0.204179 0.147631
0.204556 0.147142
0.204934 0.146646
0.205312 0.146174
0.205692 0.145658
0.206071 0.145204
0.206452 0.14465
0.206833 0.14424
0.207215 0.143642
0.207598 0.14327
0.207981 0.142684
0.208365 0.142316
0.20875 0.14173
0.209135 0.141372
0.209522 0.140818
0.209908 0.140448
0.210296 0.139898
0.210684 0.139526
0.211073 0.138972
0.211463 0.138601
0.211854 0.138054
0.212245 0.137674
0.212637 0.137132
0.21303 0.136755
0.213423 0.136211
0.213817 0.135831
0.214212 0.135298
0.214607 0.134916
0.215004 0.134396
0.215401 0.134019
0.215799 0.133522
0.216197 0.133138
0.216596 0.132646
0.216996 0.132254
0.217397 0.131769
0.217798 0.131367
0.218201 0.13089
0.218603 0.130486
0.219007 0.130009
0.219412 0.129597
0.219817 0.129135
0.220223 0.128712
0.220629 0.128263
0.221037 0.127834
0.221445 0.127406
0.221854 0.126971
0.222263 0.126572
0.222674 0.126113
0.223085 0.125733
0.223497 0.125214
0.22391 0.124897
0.224323 0.124378
0.224737 0.124058
0.225152 0.123542
0.225568 0.123215
0.225985 0.122706
0.226402 0.122379
0.22682 0.121877
0.227239 0.121547
0.227659 0.121052
0.228079 0.120728
0.2285 0.120257
0.228922 0.119935
0.229345 0.119464
0.229768 0.119133
0.230193 0.118668
0.230618 0.118332
0.231044 0.117866
0.23147 0.117534
0.231898 0.11707
0.232326 0.116735
0.232755 0.116277
0.233185 0.115932
0.233615 0.115483
0.234047 0.115141
0.234479 0.114701
0.234912 0.114363
0.235346 0.113945
0.23578 0.113594
0.236216 0.113182
0.236652 0.112827
0.237089 0.11242
0.237527 0.112059
0.237965 0.111662
0.238405 0.111285
0.238845 0.1109
0.239286 0.110511
0.239728 0.110142
0.240171 0.109738
0.240614 0.109385
0.241058 0.108958
0.241504 0.108643
0.24195 0.108199
0.242396 0.107918
0.242844 0.10748
0.243292 0.107196
0.243742 0.106752
0.244192 0.106471
0.244643 0.106034
0.245094 0.105741
0.245547 0.10531
0.246 0.105019
0.246455 0.104587
0.24691 0.104296
0.247366 0.103867
0.247822 0.103576
0.24828 0.103153
0.248739 0.102871
0.249198 0.102464
0.249658 0.102178
0.250119 0.101777
0.250581 0.101483
0.251044 0.101086
0.251507 0.10079
0.251972 0.100398
0.252437 0.100094
0.252903 0.0997035
0.25337 0.0993982
0.253838 0.0990151
0.254307 0.098705
0.254776 0.0983306
0.255247 0.0980176
0.255718 0.0976496
0.25619 0.0973407
0.256663 0.0969931
0.257137 0.0966779
0.257612 0.0963376
0.258088 0.0960093
0.258565 0.0956803
0.259042 0.09534
0.25952 0.0950244
0.26 0.0946664
0.26048 0.0943647
0.260961 0.0939577
0.261443 0.0937104
0.261925 0.0933053
0.262409 0.0930587
0.262894 0.092658
0.263379 0.0924134
0.263865 0.0920346
0.264353 0.0917867
0.264841 0.0914121
0.26533 0.0911606
0.26582 0.0907851
0.266311 0.0905313
0.266803 0.090159
0.267295 0.0899051
0.267789 0.0895345
0.268283 0.0892757
0.268779 0.0889089
0.269275 0.0886502
0.269772 0.0882846
0.27027 0.088028
0.27077 0.0876695
0.27127 0.0874162
0.27177 0.0870726
0.272272 0.0868129
0.272775 0.0864759
0.273279 0.0862154
0.273783 0.0858802
0.274289 0.0856145
0.274796 0.085286
0.275303 0.0850103
0.275811 0.0846868
0.276321 0.0844105
0.276831 0.0840934
0.277342 0.0838108
0.277854 0.0835009
0.278367 0.0832097
0.278881 0.0829139
0.279396 0.082626
0.279912 0.082346
0.280429 0.0820456
0.280947 0.0817771
0.281466 0.0814601
0.281986 0.0812103
0.282506 0.0808598
0.283028 0.0806401
0.283551 0.0802928
0.284074 0.0800741
0.284599 0.0797233
0.285124 0.079505
0.285651 0.0791614
0.286178 0.0789383
0.286707 0.0786016
0.287236 0.078382
0.287767 0.0780577
0.288298 0.0778382
0.28883 0.0775195
0.289364 0.0772971
0.289898 0.0769788
0.290433 0.076755
0.29097 0.0764363
0.291507 0.0762104
0.292045 0.0758951
0.292585 0.0756651
0.293125 0.0753551
0.293666 0.0751251
0.294208 0.0748193
0.294752 0.0745851
0.295296 0.0742839
0.295841 0.0740537
0.296388 0.0737683
0.296935 0.0735352
0.297483 0.0732547
0.298033 0.0730177
0.298583 0.0727359
0.299134 0.0724942
0.299687 0.0722223
0.30024 0.071974
0.300795 0.071706
0.30135 0.0714502
0.301906 0.0711939
0.302464 0.0709284
0.303022 0.070682
0.303582 0.0704061
0.304143 0.0701752
0.304704 0.0698807
0.305267 0.0696838
0.305831 0.069382
0.306395 0.0691924
0.306961 0.0688917
0.307528 0.0687013
0.308096 0.0684011
0.308665 0.0682088
0.309235 0.0679131
0.309806 0.0677172
0.310378 0.0674215
0.310951 0.0672253
0.311525 0.0669335
0.312101 0.0667379
0.312677 0.0664526
0.313254 0.0662567
0.313833 0.0659807
0.314412 0.0657861
0.314993 0.0655139
0.315574 0.0653182
0.316157 0.0650477
0.316741 0.0648488
0.317326 0.0645808
0.317912 0.0643765
0.318499 0.0641127
0.319087 0.0639091
0.319676 0.0636491
0.320267 0.06344
0.320858 0.0631847
0.321451 0.0629727
0.322044 0.0627235
0.322639 0.0625147
0.323235 0.0622751
0.323832 0.0620648
0.32443 0.0618308
0.325029 0.0616121
0.325629 0.0613871
0.32623 0.0611614
0.326833 0.0609415
0.327436 0.060706
0.328041 0.0604956
0.328646 0.0602482
0.329253 0.0600536
0.329861 0.0597787
0.33047 0.059611
0.331081 0.0593408
0.331692 0.0591751
0.332305 0.0589135
0.332918 0.0587467
0.333533 0.0584915
0.334149 0.0583223
0.334766 0.0580691
0.335384 0.0578982
0.336003 0.0576455
0.336624 0.0574731
0.337246 0.0572229
0.337868 0.0570508
0.338492 0.0568016
0.339117 0.0566271
0.339743 0.0563799
0.340371 0.0562044
0.340999 0.055962
0.341629 0.0557894
0.34226 0.0555566
0.342892 0.0553821
0.343525 0.0551562
0.344159 0.0549778
0.344795 0.0547512
0.345432 0.0545741
0.34607 0.0543492
0.346709 0.0541692
0.347349 0.0539477
0.34799 0.0537634
0.348633 0.0535434
0.349277 0.0533565
0.349922 0.0531446
0.350568 0.0529548
0.351215 0.0527477
0.351864 0.0525567
0.352513 0.0523617
0.353164 0.0521654
0.353817 0.05198
0.35447 0.0517735
0.355125 0.0515962
0.35578 0.0513704
0.356437 0.0512136
0.357095 0.0509776
0.357755 0.0508305
0.358416 0.0505946
0.359077 0.0504479
0.35974 0.050214
0.360405 0.0500671
0.36107 0.0498373
0.361737 0.0496901
0.362405 0.0494679
0.363074 0.0493206
0.363745 0.049105
0.364416 0.048957
0.365089 0.0487429
0.365763 0.0485909
0.366439 0.0483782
0.367116 0.0482264
0.367793 0.0480122
0.368473 0.0478608
0.369153 0.0476497
0.369835 0.0474959
0.370518 0.0472876
0.371202 0.047132
0.371887 0.0469276
0.372574 0.0467748
0.373262 0.0465789
0.373951 0.0464228
0.374642 0.0462329
0.375334 0.0460734
0.376027 0.0458865
0.376721 0.0457243
0.377417 0.0455384
0.378114 0.0453746
0.378812 0.0451929
0.379511 0.0450236
0.380212 0.0448472
0.380914 0.0446732
0.381618 0.0445032
0.382322 0.0443223
0.383028 0.0441625
0.383736 0.0439775
0.384444 0.0438292
0.385154 0.0436269
0.385866 0.0435008
0.386578 0.0432989
0.387292 0.0431711
0.388007 0.0429694
0.388724 0.0428404
0.389441 0.0426414
0.390161 0.0425095
0.390881 0.0423123
0.391603 0.0421802
0.392326 0.0419838
0.39305 0.0418534
0.393776 0.0416591
0.394503 0.04153
0.395232 0.0413426
0.395962 0.0412125
0.396693 0.0410305
0.397425 0.040898
0.398159 0.0407163
0.398895 0.0405834
0.399631 0.0404044
0.400369 0.0402697
0.401108 0.0400932
0.401849 0.0399558
0.402591 0.0397797
0.403335 0.0396423
0.404079 0.0394685
0.404826 0.0393299
0.405573 0.0391601
0.406322 0.0390216
0.407072 0.0388579
0.407824 0.0387195
0.408577 0.038561
0.409332 0.0384191
0.410088 0.038264
0.410845 0.0381163
0.411604 0.0379673
0.412364 0.0378136
0.413125 0.0376698
0.413888 0.03751
0.414652 0.0373733
0.415418 0.0372007
0.416185 0.0370782
0.416954 0.0368961
0.417723 0.0367847
0.418495 0.036608
0.419268 0.0364987
0.420042 0.0363262
0.420818 0.0362164
0.421595 0.0360466
0.422373 0.035933
0.423153 0.0357639
0.423934 0.0356498
0.424717 0.0354812
0.425502 0.0353672
0.426287 0.0352003
0.427075 0.0350844
0.427863 0.03492
0.428653 0.0348049
0.429445 0.0346409
0.430238 0.0345262
0.431032 0.0343676
0.431828 0.0342535
0.432626 0.0341007
0.433425 0.0339854
0.434225 0.0338328
0.435027 0.0337158
0.43583 0.033566
0.436635 0.0334459
0.437441 0.0332982
0.438249 0.0331755
0.439058 0.0330305
0.439869 0.0329069
0.440681 0.0327629
0.441495 0.0326385
0.44231 0.0324991
0.443127 0.0323724
0.443945 0.0322406
0.444765 0.0321131
0.445586 0.0319872
0.446409 0.0318541
0.447234 0.0317334
0.448059 0.0315929
0.448887 0.0314788
0.449716 0.0313213
0.450546 0.0312249
0.451378 0.0310684
0.452212 0.030971
0.453047 0.0308153
0.453883 0.0307176
0.454722 0.0305646
0.455561 0.0304672
0.456402 0.0303186
0.457245 0.0302209
0.45809 0.0300778
0.458935 0.0299801
0.459783 0.0298372
0.460632 0.0297386
0.461483 0.0295968
0.462335 0.0294965
0.463189 0.0293557
0.464044 0.0292545
0.464901 0.0291136
0.465759 0.0290129
0.466619 0.0288745
0.467481 0.0287728
0.468344 0.0286375
0.469209 0.0285354
0.470076 0.0284033
0.470944 0.0283023
0.471813 0.0281756
0.472684 0.0280723
0.473557 0.027947
0.474432 0.0278416
0.475308 0.0277172
0.476186 0.0276105
0.477065 0.0274883
0.477946 0.0273801
0.478828 0.0272613
0.479713 0.0271476
0.480598 0.0270336
0.481486 0.026917
0.482375 0.0268083
0.483266 0.0266892
0.484158 0.0265867
0.485052 0.0264634
0.485948 0.0263708
0.486845 0.0262379
0.487744 0.0261532
0.488645 0.0260222
0.489547 0.0259373
0.490451 0.0258045
0.491357 0.0257202
0.492264 0.0255896
0.493173 0.0255033
0.494084 0.0253739
0.494996 0.0252881
0.495911 0.0251593
0.496826 0.0250746
0.497744 0.0249497
0.498663 0.024865
0.499584 0.0247451
0.500506 0.0246605
0.50143 0.0245398
0.502356 0.0244538
0.503284 0.0243349
0.504213 0.0242474
0.505144 0.0241301
0.506077 0.0240419
0.507012 0.0239257
0.507948 0.0238362
0.508886 0.0237215
0.509826 0.0236309
0.510767 0.0235191
0.51171 0.0234276
0.512655 0.02332
0.513602 0.0232303
0.51455 0.0231257
0.515501 0.0230337
0.516453 0.0229316
0.517406 0.0228371
0.518362 0.022737
0.519319 0.0226399
0.520278 0.0225434
0.521239 0.0224418
0.522201 0.0223499
0.523165 0.0222436
0.524131 0.0221561
0.525099 0.0220365
0.526069 0.0219653
0.52704 0.0218481
0.528014 0.0217776
0.528989 0.0216652
0.529966 0.021593
0.530944 0.0214819
0.531925 0.0214091
0.532907 0.0212988
0.533891 0.0212255
0.534877 0.0211148
0.535865 0.0210407
0.536854 0.0209318
0.537845 0.0208581
0.538839 0.0207492
0.539834 0.0206746
0.54083 0.0205682
0.541829 0.0204936
0.54283 0.020389
0.543832 0.0203162
0.544836 0.0202158
0.545842 0.0201421
0.54685 0.0200428
0.54786 0.0199667
0.548872 0.0198689
0.549885 0.0197926
0.550901 0.0196955
0.551918 0.0196179
0.552937 0.0195224
0.553958 0.0194426
0.554981 0.0193493
0.556006 0.0192693
0.557033 0.0191778
0.558061 0.0190978
0.559092 0.01901
0.560124 0.0189287
0.561159 0.0188459
0.562195 0.0187619
0.563233 0.0186819
0.564273 0.0185945
0.565315 0.0185175
0.566359 0.0184243
0.567405 0.0183539
0.568453 0.0182524
0.569502 0.0181897
0.570554 0.0180898
0.571608 0.018027
0.572663 0.0179265
0.573721 0.0178653
0.57478 0.0177678
0.575842 0.0177054
0.576905 0.0176131
0.57797 0.0175508
0.579037 0.0174582
0.580107 0.0173955
0.581178 0.0173037
0.582251 0.0172398
0.583326 0.0171481
0.584404 0.0170852
0.585483 0.0169936
0.586564 0.01693
0.587647 0.0168399
0.588732 0.016775
0.589819 0.0166868
0.590908 0.0166223
0.592 0.0165368
0.593093 0.0164724
0.594188 0.0163903
0.595285 0.0163252
0.596385 0.0162446
0.597486 0.016178
0.598589 0.0160983
0.599694 0.0160307
0.600802 0.0159517
0.601911 0.0158831
0.603023 0.0158061
0.604136 0.0157361
0.605252 0.0156609
0.60637 0.0155882
0.607489 0.0155166
0.608611 0.0154422
0.609735 0.0153748
0.610861 0.0152997
0.611989 0.0152365
0.613119 0.0151524
0.614251 0.0150992
0.615386 0.015014
0.616522 0.0149612
0.61766 0.0148761
0.618801 0.0148229
0.619944 0.0147392
0.621088 0.0146855
0.622235 0.0146025
0.623384 0.0145488
0.624535 0.014466
0.625689 0.0144123
0.626844 0.0143315
0.628002 0.0142792
0.629161 0.0142029
0.630323 0.0141488
0.631487 0.0140728
0.632653 0.0140189
0.633821 0.0139428
0.634992 0.0138886
0.636164 0.0138134
0.637339 0.0137584
0.638516 0.0136838
0.639695 0.0136278
0.640876 0.0135546
0.64206 0.0134987
0.643246 0.0134268
0.644433 0.0133703
0.645623 0.0133009
0.646816 0.0132446
0.64801 0.0131784
0.649207 0.0131214
0.650405 0.0130565
0.651606 0.012998
0.65281 0.0129342
0.654015 0.0128739
0.655223 0.0128117
0.656433 0.0127499
0.657645 0.0126901
0.658859 0.0126253
0.660076 0.0125683
0.661295 0.0125002
0.662516 0.012448
0.66374 0.0123732
0.664965 0.0123291
0.666193 0.0122591
0.667423 0.0122148
0.668656 0.0121437
0.669891 0.0120994
0.671128 0.0120295
0.672367 0.0119841
0.673608 0.0119147
0.674852 0.011869
0.676099 0.0118001
0.677347 0.0117543
0.678598 0.011686
0.679851 0.0116404
0.681106 0.0115725
0.682364 0.0115268
0.683624 0.0114603
0.684887 0.0114154
0.686151 0.0113524
0.687418 0.0113067
0.688688 0.0112449
0.689959 0.0111986
0.691233 0.0111372
0.69251 0.0110899
0.693789 0.0110288
0.69507 0.0109812
0.696353 0.0109214
0.697639 0.010873
0.698928 0.0108142
0.700218 0.0107653
0.701511 0.0107072
0.702807 0.010658
0.704104 0.0106025
0.705405 0.0105536
0.706707 0.0105009
0.708012 0.0104505
0.70932 0.0103999
0.710629 0.0103472
0.711942 0.0102984
0.713256 0.0102433
0.714574 0.0101969
0.715893 0.0101362
0.717215 0.0100962
0.718539 0.0100333
0.719866 0.00999527
0.721196 0.00993298
0.722527 0.00989552
0.723862 0.00983382
0.725198 0.00979685
0.726537 0.00973915
0.727879 0.00970166
0.729223 0.00964385
0.73057 0.00960608
0.731919 0.00954894
0.73327 0.00951093
0.734624 0.00945451
0.735981 0.00941562
0.73734 0.00935937
0.738702 0.00932062
0.740066 0.00926476
0.741432 0.009226
0.742801 0.0091711
0.744173 0.00913216
0.745547 0.00907836
0.746924 0.00903992
0.748303 0.00898909
0.749685 0.00895032
0.75107 0.0089005
0.752456 0.0088606
0.753846 0.00881148
0.755238 0.00877076
0.756633 0.00872226
0.75803 0.00868099
0.75943 0.00863334
0.760832 0.0085915
0.762237 0.00854481
0.763644 0.00850165
0.765055 0.0084572
0.766467 0.00841302
0.767883 0.00837067
0.769301 0.00832598
0.770721 0.00828668
0.772145 0.00824019
0.77357 0.00820366
0.774999 0.00815143
0.77643 0.00812016
0.777864 0.00806854
0.7793 0.00803684
0.780739 0.00798543
0.782181 0.00795357
0.783625 0.00790284
0.785072 0.00787057
0.786522 0.00782022
0.787974 0.00778844
0.78943 0.00773883
0.790887 0.00770747
0.792348 0.0076607
0.793811 0.00762952
0.795277 0.00758321
0.796745 0.0075513
0.798217 0.00750535
0.799691 0.00747301
0.801167 0.00742728
0.802647 0.00739479
0.804129 0.00734989
0.805614 0.0073169
0.807101 0.00727268
0.808592 0.00723916
0.810085 0.00719537
0.811581 0.00716253
0.81308 0.00711951
0.814581 0.00708704
0.816085 0.00704651
0.817592 0.00701347
0.819102 0.00697359
0.820615 0.00693966
0.82213 0.00690107
0.823648 0.0068663
0.825169 0.00682814
0.826693 0.00679226
0.828219 0.00675567
0.829749 0.00671826
0.831281 0.00668343
0.832816 0.00664422
0.834354 0.00661155
0.835895 0.00656898
0.837438 0.00654107
0.838985 0.0064983
0.840534 0.00647262
0.842086 0.00643035
0.843641 0.00640469
0.845199 0.00636259
0.84676 0.00633674
0.848323 0.00629513
0.84989 0.00626877
0.851459 0.00622715
0.853031 0.00620078
0.854607 0.0061598
0.856185 0.00613358
0.857766 0.00609309
0.85935 0.00606635
0.860937 0.00602686
0.862526 0.00600111
0.864119 0.00596294
0.865715 0.00593706
0.867313 0.00589996
0.868915 0.00587359
0.87052 0.00583691
0.872127 0.00581006
0.873738 0.00577356
0.875351 0.00574653
0.876967 0.00571085
0.878587 0.00568316
0.880209 0.00564802
0.881835 0.00561995
0.883463 0.00558579
0.885094 0.00555713
0.886729 0.00552395
0.888366 0.00549595
0.890007 0.00546469
0.89165 0.00543598
0.893297 0.00540584
0.894946 0.00537604
0.896599 0.00534709
0.898255 0.00531575
0.899913 0.00528814
0.901575 0.00525521
0.90324 0.00522955
0.904908 0.00519245
0.906579 0.00517109
0.908253 0.00513442
0.90993 0.00511302
0.911611 0.00507685
0.913294 0.005056
0.91498 0.00502174
0.91667 0.00500054
0.918363 0.00496712
0.920059 0.00494575
0.921758 0.00491238
0.92346 0.00489109
0.925165 0.00485789
0.926873 0.00483644
0.928585 0.0048035
0.9303 0.00478169
0.932018 0.00474931
0.933739 0.00472721
0.935463 0.00469503
0.93719 0.00467319
0.938921 0.00464186
0.940655 0.00462026
0.942392 0.00459066
0.944132 0.00456879
0.945875 0.00453981
0.947622 0.00451771
0.949372 0.00448898
0.951125 0.00446645
0.952881 0.00443813
0.954641 0.00441526
0.956404 0.00438759
0.95817 0.00436414
0.959939 0.0043371
0.961712 0.0043133
0.963488 0.00428698
0.965267 0.00426251
0.967049 0.00423776
0.968835 0.00421308
0.970624 0.00418998
0.972417 0.00416447
0.974212 0.004143
0.976011 0.00411524
0.977814 0.00409601
0.979619 0.00406625
0.981428 0.0040488
0.983241 0.00401921
0.985056 0.00400196
0.986875 0.00397245
0.988698 0.0039552
0.990523 0.00392625
0.992352 0.00390881
0.994185 0.00388029
0.996021 0.0038631
0.99786 0.00383592
0.999703 0.00381899
1.00155 0.00379249
1.0034 0.00377513
1.00525 0.00374901
1.00711 0.00373168
1.00897 0.00370551
1.01083 0.00368778
1.0127 0.00366201
1.01457 0.00364419
1.01644 0.0036187
1.01832 0.00360083
1.0202 0.00357573
1.02208 0.00355768
1.02397 0.00353341
1.02586 0.00351546
1.02775 0.00349243
1.02965 0.00347431
1.03155 0.00345214
1.03346 0.00343372
1.03537 0.00341173
1.03728 0.00339293
1.03919 0.00337153
1.04111 0.00335209
1.04304 0.00333135
1.04496 0.00331115
1.04689 0.00329134
1.04882 0.00327028
1.05076 0.00325168
1.0527 0.0032295
1.05465 0.00321251
1.05659 0.00318812
1.05854 0.00317467
1.0605 0.00315112
1.06246 0.00313749
1.06442 0.00311398
1.06638 0.00310016
1.06835 0.00307689
1.07033 0.00306299
1.0723 0.00303989
1.07428 0.0030257
1.07627 0.00300291
1.07825 0.00298883
1.08025 0.00296618
1.08224 0.00295227
1.08424 0.00292993
1.08624 0.00291606
1.08825 0.00289501
1.09026 0.00288109
1.09227 0.00286064
1.09429 0.00284673
1.09631 0.00282641
1.09833 0.00281231
1.10036 0.00279225
1.10239 0.00277781
1.10443 0.00275796
1.10647 0.00274349
1.10851 0.00272395
1.11056 0.00270917
1.11261 0.00269011
1.11466 0.00267513
1.11672 0.0026567
1.11878 0.00264181
1.12085 0.00262439
1.12292 0.00260955
1.12499 0.002593
1.12707 0.00257732
1.12915 0.0025614
1.13124 0.00254507
1.13333 0.00252981
1.13542 0.00251276
1.13751 0.00249828
1.13962 0.00247991
1.14172 0.00246694
1.14383 0.00244687
1.14594 0.00243576
1.14806 0.0024161
1.15018 0.00240524
1.1523 0.00238617
1.15443 0.0023755
1.15656 0.00235736
1.1587 0.0023464
1.16083 0.00232831
1.16298 0.00231735
1.16513 0.00229931
1.16728 0.00228823
1.16943 0.00227038
1.17159 0.00225921
1.17376 0.00224152
1.17592 0.00223038
1.1781 0.00221287
1.18027 0.00220167
1.18245 0.00218455
1.18463 0.00217351
1.18682 0.00215722
1.18901 0.00214623
1.19121 0.0021307
1.19341 0.00211942
1.19561 0.00210403
1.19782 0.00209253
1.20003 0.00207742
1.20225 0.00206567
1.20447 0.00205083
1.20669 0.00203885
1.20892 0.00202433
1.21115 0.00201211
1.21339 0.00199807
1.21563 0.00198551
1.21787 0.00197209
1.22012 0.00195952
1.22238 0.00194709
1.22463 0.00193421
1.2269 0.00192269
1.22916 0.00190902
1.23143 0.00189821
1.2337 0.00188236
1.23598 0.00187382
1.23826 0.00185807
1.24055 0.00184947
1.24284 0.00183384
1.24514 0.0018251
1.24744 0.00180973
1.24974 0.00180104
1.25205 0.0017859
1.25436 0.00177739
1.25668 0.00176282
1.259 0.00175436
1.26132 0.00174055
1.26365 0.00173209
1.26598 0.00171827
1.26832 0.00170958
1.27066 0.00169598
1.27301 0.00168719
1.27536 0.00167363
1.27772 0.00166487
1.28008 0.00165144
1.28244 0.00164261
1.28481 0.00162938
1.28718 0.00162035
1.28956 0.00160759
1.29194 0.00159874
1.29432 0.0015865
1.29671 0.0015777
1.29911 0.00156614
1.30151 0.00155705
1.30391 0.00154571
1.30632 0.0015364
1.30873 0.00152536
1.31115 0.00151574
1.31357 0.00150495
1.31599 0.001495
1.31842 0.00148459
1.32086 0.00147427
1.3233 0.00146445
1.32574 0.00145366
1.32819 0.0014446
1.33064 0.00143326
1.3331 0.00142537
1.33556 0.00141326
1.33803 0.00140669
1.3405 0.00139471
1.34297 0.00138806
1.34545 0.00137604
1.34794 0.00136943
1.35043 0.0013575
1.35292 0.00135073
1.35542 0.00133897
1.35792 0.0013322
1.36043 0.00132055
1.36294 0.00131377
1.36546 0.00130232
1.36798 0.00129561
1.37051 0.00128465
1.37304 0.00127816
1.37557 0.00126772
1.37811 0.00126113
1.38066 0.0012508
1.38321 0.00124404
1.38576 0.00123384
1.38832 0.001227
1.39088 0.00121698
1.39345 0.00120995
1.39603 0.00120007
1.3986 0.00119296
1.40119 0.00118332
1.40377 0.00117613
1.40637 0.00116679
1.40896 0.00115962
1.41157 0.00115071
1.41417 0.00114363
1.41678 0.00113534
1.4194 0.00112802
1.42202 0.00111992
1.42465 0.00111226
1.42728 0.00110451
1.42991 0.0010964
1.43255 0.00108908
1.4352 0.00108046
1.43785 0.00107369
1.4405 0.00106388
1.44316 0.00105848
1.44583 0.00104851
1.4485 0.00104346
1.45117 0.00103382
1.45385 0.00102888
1.45654 0.0010199
1.45923 0.00101488
1.46192 0.00100594
1.46462 0.0010009
1.46733 0.000991931
1.47004 0.000986819
1.47275 0.000977939
1.47547 0.000972802
1.47819 0.000964062
1.48092 0.000958813
1.48366 0.000950165
1.4864 0.000944961
1.48914 0.000936458
1.49189 0.000931335
1.49465 0.000923206
1.49741 0.000918169
1.50017 0.000910516
1.50294 0.00090536
1.50572 0.000897821
1.5085 0.000892572
1.51129 0.000885146
1.51408 0.000879782
1.51687 0.000872507
1.51967 0.000866976
1.52248 0.000859823
1.52529 0.000854183
1.52811 0.000847291
1.53093 0.00084148
1.53376 0.000834875
1.53659 0.00082902
1.53943 0.000822821
1.54227 0.000817027
1.54512 0.000811374
1.54797 0.000805187
1.55083 0.000799847
1.55369 0.000793122
1.55656 0.000788353
1.55944 0.000780719
1.56231 0.000776844
1.5652 0.000769304
1.56809 0.000765405
1.57099 0.000757861
1.57389 0.000754017
1.57679 0.000746617
1.5797 0.000742815
1.58262 0.000735665
1.58554 0.000731974
1.58847 0.000725343
1.59141 0.000721566
1.59434 0.000714984
1.59729 0.000711191
1.60024 0.000704642
1.60319 0.000700752
1.60615 0.000694252
1.60912 0.000690319
1.61209 0.000683917
1.61507 0.00067993
1.61805 0.000673642
1.62104 0.000669633
1.62403 0.000663499
1.62703 0.000659501
1.63003 0.000653613
1.63304 0.000649712
1.63606 0.000644267
1.63908 0.000640326
1.64211 0.000634919
1.64514 0.000630824
1.64818 0.000625541
1.65122 0.000621307
1.65427 0.000616222
1.65733 0.000611797
1.66039 0.000606851
1.66345 0.000602267
1.66652 0.000597592
1.6696 0.000592794
1.67268 0.000588428
1.67577 0.000583394
1.67887 0.000579554
1.68197 0.000574249
1.68507 0.000571158
1.68819 0.000565533
1.6913 0.000562725
1.69443 0.00055711
1.69756 0.00055429
1.70069 0.000548709
1.70383 0.000545857
1.70698 0.000540308
1.71013 0.000537424
1.71329 0.000531949
1.71645 0.000529063
1.71962 0.000523673
1.7228 0.000520839
1.72598 0.000515647
1.72916 0.000512868
1.73236 0.000508097
1.73556 0.000505278
1.73876 0.000500522
1.74197 0.00049767
1.74519 0.000492967
1.74841 0.000490047
1.75164 0.0004854
1.75487 0.000482414
1.75812 0.000477825
1.76136 0.000474807
1.76461 0.000470345
1.76787 0.000467254
1.77114 0.000462914
1.77441 0.000459808
1.77768 0.000455682
1.78097 0.00045268
1.78426 0.000448898
1.78755 0.00044579
1.79085 0.000442093
1.79416 0.000438833
1.79747 0.000435312
1.80079 0.000431879
1.80412 0.000428501
1.80745 0.000424839
1.81079 0.000421701
1.81413 0.000417737
1.81748 0.000414964
1.82084 0.000410377
1.8242 0.000408296
1.82757 0.000403852
1.83094 0.000401838
1.83432 0.000397802
1.83771 0.000395765
1.8411 0.000391748
1.8445 0.000389665
1.84791 0.000385649
1.85132 0.000383562
1.85474 0.00037957
1.85816 0.00037744
1.8616 0.000373511
1.86503 0.000371387
1.86848 0.000367475
1.87193 0.000365321
1.87538 0.000361495
1.87885 0.000359354
1.88232 0.00035564
1.88579 0.000353602
1.88928 0.000350239
1.89276 0.00034814
1.89626 0.000344808
1.89976 0.000342654
1.90327 0.00033935
1.90678 0.000337172
1.9103 0.000333912
1.91383 0.000331663
1.91737 0.000328473
1.92091 0.000326171
1.92445 0.000323068
1.92801 0.000320682
1.93157 0.000317733
1.93514 0.000315299
1.93871 0.000312513
1.94229 0.000310161
1.94588 0.000307673
1.94947 0.000305167
1.95307 0.00030282
1.95667 0.000300115
1.96029 0.000297961
1.96391 0.00029488
1.96753 0.000293096
1.97117 0.000289767
1.97481 0.000288232
1.97845 0.000284924
1.98211 0.000283403
1.98577 0.000280142
1.98943 0.000278636
1.99311 0.000275451
1.99679 0.000274021
2.00048 0.000271134
2.00417 0.000269669
2.00787 0.000266825
2.01158 0.000265342
2.01529 0.000262508
2.01902 0.000260979
2.02274 0.000258177
2.02648 0.000256652
2.03022 0.000253853
2.03397 0.0002523
2.03773 0.000249556
2.04149 0.000247983
2.04526 0.000245303
2.04904 0.000243732
2.05282 0.000241127
2.05661 0.000239631
2.06041 0.000237303
2.06421 0.000235754
2.06802 0.00023346
2.07184 0.00023186
2.07567 0.000229625
2.0795 0.000227944
2.08334 0.000225766
2.08719 0.000224028
2.09104 0.000221924
2.0949 0.000220113
2.09877 0.000218104
2.10265 0.000216216
2.10653 0.000214322
2.11042 0.000212326
2.11432 0.000210636
2.11822 0.000208623
2.12213 0.000207219
2.12605 0.000204852
2.12998 0.000203803
2.13391 0.000201447
2.13785 0.000200378
2.1418 0.000198038
2.14576 0.000196958
2.14972 0.000194629
2.15369 0.000193531
2.15766 0.000191231
2.16165 0.000190129
2.16564 0.000187859
2.16964 0.000186784
2.17365 0.000184562
2.17766 0.000183536
2.18168 0.000181533
2.18571 0.000180486
2.18975 0.000178527
2.19379 0.000177448
2.19784 0.000175493
2.2019 0.000174402
2.20597 0.000172475
2.21004 0.000171357
2.21412 0.000169458
2.21821 0.000168315
2.2223 0.000166444
2.22641 0.00016528
2.23052 0.000163464
2.23464 0.000162282
2.23876 0.000160543
2.2429 0.000159424
2.24704 0.000157863
2.25119 0.000156705
2.25535 0.000155194
2.25951 0.000153979
2.26368 0.000152516
2.26786 0.000151234
2.27205 0.000149845
2.27625 0.000148471
2.28045 0.000147169
2.28466 0.000145686
2.28888 0.000144511
2.29311 0.000142834
2.29734 0.000141879
2.30158 0.000140038
2.30583 0.000139317
2.31009 0.000137661
2.31436 0.000136941
2.31863 0.000135312
2.32291 0.000134581
2.3272 0.000132964
2.3315 0.000132217
2.33581 0.000130607
2.34012 0.000129849
2.34444 0.000128247
2.34877 0.000127482
2.35311 0.0001259
2.35745 0.000125124
2.36181 0.000123571
2.36617 0.000122807
2.37054 0.000121293
2.37491 0.000120558
2.3793 0.00011919
2.38369 0.00011845
2.38809 0.000117124
2.3925 0.000116364
2.39692 0.000115049
2.40135 0.000114263
2.40578 0.000112973
2.41023 0.000112159
2.41468 0.000110896
2.41914 0.000110052
2.4236 0.000108825
2.42808 0.00010796
2.43256 0.000106776
2.43705 0.000105888
2.44155 0.000104778
2.44606 0.000103917
2.45058 0.000102929
2.4551 0.000102029
2.45964 0.000101114
2.46418 0.000100146
2.46873 9.92899e-05
2.47329 9.82137e-05
2.47786 9.74613e-05
2.48243 9.61556e-05
2.48702 9.56336e-05
2.49161 9.43396e-05
2.49621 9.382e-05
2.50082 9.25393e-05
2.50544 9.20161e-05
2.51006 9.07662e-05
2.5147 9.02727e-05
2.51934 8.91414e-05
2.52399 8.86411e-05
2.52866 8.75519e-05
2.53333 8.70448e-05
2.538 8.59553e-05
2.54269 8.54432e-05
2.54739 8.43564e-05
2.55209 8.38295e-05
2.5568 8.27612e-05
2.56152 8.2218e-05
2.56625 8.11641e-05
2.57099 8.06218e-05
2.57574 7.95808e-05
2.5805 7.90382e-05
2.58526 7.80354e-05
2.59004 7.75146e-05
2.59482 7.66071e-05
2.59961 7.60868e-05
2.60441 7.52177e-05
2.60922 7.46728e-05
2.61404 7.38243e-05
2.61886 7.32531e-05
2.6237 7.24238e-05
2.62855 7.18253e-05
2.6334 7.10201e-05
2.63826 7.03973e-05
2.64313 6.96307e-05
2.64801 6.89665e-05
2.6529 6.82466e-05
2.6578 6.7555e-05
2.66271 6.69014e-05
2.66763 6.62054e-05
2.67255 6.56517e-05
2.67749 6.48888e-05
2.68243 6.44396e-05
2.68739 6.3561e-05
2.69235 6.32167e-05
2.69732 6.23446e-05
2.7023 6.19932e-05
2.70729 6.11202e-05
2.71229 6.07653e-05
2.7173 5.99049e-05
2.72232 5.95444e-05
2.72735 5.86953e-05
2.73238 5.83408e-05
2.73743 5.75085e-05
2.74248 5.71725e-05
2.74755 5.64143e-05
2.75262 5.60792e-05
2.7577 5.53593e-05
2.7628 5.50168e-05
2.7679 5.43018e-05
2.77301 5.39522e-05
2.77813 5.32428e-05
2.78326 5.28794e-05
2.7884 5.21779e-05
2.79355 5.18093e-05
2.79871 5.11212e-05
2.80387 5.07384e-05
2.80905 5.00666e-05
2.81424 4.96837e-05
2.81944 4.90383e-05
2.82464 4.86681e-05
2.82986 4.80876e-05
2.83508 4.77108e-05
2.84032 4.71714e-05
2.84556 4.67751e-05
2.85082 4.62497e-05
2.85608 4.58273e-05
2.86136 4.53246e-05
2.86664 4.48747e-05
2.87193 4.44019e-05
2.87724 4.3911e-05
2.88255 4.348e-05
2.88787 4.29389e-05
2.89321 4.25653e-05
2.89855 4.18972e-05
2.9039 4.16761e-05
2.90926 4.10689e-05
2.91464 4.08532e-05
2.92002 4.02798e-05
2.92541 4.00546e-05
2.93081 3.94867e-05
2.93623 3.92561e-05
2.94165 3.86895e-05
2.94708 3.84565e-05
2.95252 3.78906e-05
2.95797 3.76513e-05
2.96344 3.70932e-05
2.96891 3.68542e-05
2.97439 3.6301e-05
2.97988 3.60607e-05
2.98539 3.55242e-05
2.9909 3.52972e-05
2.99642 3.48071e-05
3.00195 3.45836e-05
3.0075 3.41213e-05
3.01305 3.38919e-05
3.01862 3.34335e-05
3.02419 3.31943e-05
3.02977 3.27444e-05
3.03537 3.24944e-05
3.04097 3.2052e-05
3.04659 3.17929e-05
3.05222 3.13642e-05
3.05785 3.10928e-05
3.0635 3.06778e-05
3.06916 3.04018e-05
3.07482 3.00106e-05
3.0805 2.97392e-05
3.08619 2.93899e-05
3.09189 2.91155e-05
3.0976 2.87984e-05
3.10332 2.85017e-05
3.10905 2.82081e-05
3.11479 2.78798e-05
3.12054 2.76127e-05
3.1263 2.72385e-05
3.13208 2.70171e-05
3.13786 2.65771e-05
3.14365 2.64226e-05
3.14946 2.59867e-05
3.15528 2.58337e-05
3.1611 2.54051e-05
3.16694 2.52611e-05
3.17279 2.48694e-05
3.17865 2.4729e-05
3.18452 2.43652e-05
3.1904 2.42198e-05
3.19629 2.38585e-05
3.20219 2.37095e-05
3.2081 2.3349e-05
3.21403 2.31953e-05
3.21996 2.2838e-05
3.22591 2.26834e-05
3.23187 2.23276e-05
3.23783 2.21702e-05
3.24381 2.18214e-05
3.2498 2.16616e-05
3.2558 2.13231e-05
3.26182 2.11711e-05
3.26784 2.08641e-05
3.27387 2.07147e-05
3.27992 2.04311e-05
3.28598 2.02737e-05
3.29204 1.99959e-05
3.29812 1.98312e-05
3.30421 1.95597e-05
3.31031 1.93871e-05
3.31643 1.9121e-05
3.32255 1.89383e-05
3.32869 1.86839e-05
3.33483 1.84919e-05
3.34099 1.82505e-05
3.34716 1.80463e-05
3.35334 1.78263e-05
3.35953 1.76184e-05
3.36574 1.74326e-05
3.37195 1.72162e-05
3.37818 1.70619e-05
3.38442 1.67981e-05
3.39067 1.66916e-05
3.39693 1.64128e-05
3.4032 1.63181e-05
3.40949 1.60393e-05
3.41578 1.59423e-05
3.42209 1.56675e-05
3.42841 1.55689e-05
3.43474 1.52968e-05
3.44108 1.51995e-05
3.44744 1.4932e-05
3.4538 1.48394e-05
3.46018 1.45938e-05
3.46657 1.45043e-05
3.47297 1.4282e-05
3.47939 1.41892e-05
3.48581 1.39667e-05
3.49225 1.38725e-05
3.4987 1.36512e-05
3.50516 1.35535e-05
3.51163 1.33349e-05
3.51811 1.32336e-05
3.52461 1.30175e-05
3.53112 1.29139e-05
3.53764 1.27028e-05
3.54417 1.25977e-05
3.55072 1.23934e-05
3.55727 1.22911e-05
3.56384 1.21075e-05
3.57042 1.20076e-05
3.57702 1.18416e-05
3.58362 1.17356e-05
3.59024 1.15756e-05
3.59687 1.14615e-05
3.60351 1.13072e-05
3.61017 1.11854e-05
3.61683 1.10388e-05
3.62351 1.09058e-05
3.6302 1.07699e-05
3.63691 1.06235e-05
3.64362 1.05029e-05
3.65035 1.03373e-05
3.65709 1.0242e-05
3.66384 1.00541e-05
3.67061 9.99964e-06
3.67739 9.83134e-06
3.68418 9.77506e-06
3.69098 9.6066e-06
3.6978 9.54898e-06
3.70463 9.38045e-06
3.71147 9.32229e-06
3.71832 9.15432e-06
3.72519 9.09437e-06
3.73207 8.92759e-06
3.73896 8.86633e-06
3.74586 8.70212e-06
3.75278 8.64103e-06
3.75971 8.47989e-06
3.76665 8.42123e-06
3.77361 8.27263e-06
3.78058 8.21707e-06
3.78756 8.08482e-06
3.79455 8.02685e-06
3.80156 7.89573e-06
3.80858 7.83524e-06
3.81561 7.70547e-06
3.82266 7.64278e-06
3.82972 7.5147e-06
3.83679 7.44896e-06
3.84387 7.3235e-06
3.85097 7.25621e-06
3.85808 7.13385e-06
3.86521 7.06311e-06
3.87234 6.94731e-06
3.87949 6.87739e-06
3.88666 6.7743e-06
3.89384 6.70654e-06
3.90103 6.61634e-06
3.90823 6.54277e-06
3.91545 6.45783e-06
3.92268 6.37579e-06
3.92992 6.29874e-06
3.93718 6.2062e-06
3.94445 6.13851e-06
3.95173 6.0258e-06
3.95903 5.97877e-06
3.96634 5.85589e-06
3.97366 5.81987e-06
3.981 5.69869e-06
3.98835 5.66433e-06
3.99572 5.55186e-06
4.0031 5.51991e-06
4.01049 5.42082e-06
4.01789 5.38774e-06
4.02531 5.2893e-06
4.03275 5.25512e-06
4.04019 5.15691e-06
4.04765 5.12174e-06
4.05513 5.02409e-06
4.06262 4.98779e-06
4.07012 4.89091e-06
4.07763 4.85381e-06
4.08516 4.75807e-06
4.09271 4.72115e-06
4.10027 4.62749e-06
4.10784 4.5916e-06
4.11542 4.50531e-06
4.12302 4.47141e-06
4.13064 4.3965e-06
4.13826 4.36124e-06
4.14591 4.2875e-06
4.15356 4.24974e-06
4.16123 4.17742e-06
4.16892 4.13741e-06
4.17661 4.06696e-06
4.18433 4.02467e-06
4.19205 3.95635e-06
4.19979 3.9113e-06
4.20755 3.84612e-06
4.21532 3.79788e-06
4.2231 3.73829e-06
4.2309 3.68868e-06
4.23871 3.63714e-06
4.24654 3.58861e-06
4.25438 3.54706e-06
4.26224 3.49051e-06
4.27011 3.45654e-06
4.278 3.38571e-06
4.2859 3.36536e-06
4.29381 3.2947e-06
4.30174 3.27375e-06
4.30968 3.2035e-06
4.31764 3.18231e-06
4.32561 3.11249e-06
4.3336 3.09125e-06
4.3416 3.02224e-06
4.34962 3.00206e-06
4.35765 2.93749e-06
4.3657 2.9192e-06
4.37376 2.86405e-06
4.38184 2.84503e-06
4.38993 2.78997e-06
4.39804 2.77003e-06
4.40616 2.71554e-06
4.41429 2.69483e-06
4.42245 2.64035e-06
4.43061 2.61913e-06
4.43879 2.56538e-06
4.44699 2.5433e-06
4.4552 2.4904e-06
4.46343 2.46778e-06
4.47167 2.41657e-06
4.47993 2.39439e-06
4.4882 2.34712e-06
4.49649 2.32663e-06
4.50479 2.28678e-06
4.51311 2.26496e-06
4.52144 2.22625e-06
4.52979 2.20236e-06
4.53816 2.16507e-06
4.54654 2.1393e-06
4.55493 2.10352e-06
4.56335 2.07547e-06
4.57177 2.0422e-06
4.58021 2.01098e-06
4.58867 1.98085e-06
4.59715 1.94585e-06
4.60564 1.92059e-06
4.61414 1.87998e-06
4.62266 1.8641e-06
4.6312 1.8255e-06
4.63975 1.81498e-06
4.64832 1.7763e-06
4.6569 1.76557e-06
4.6655 1.72688e-06
4.67411 1.71574e-06
4.68275 1.67715e-06
4.69139 1.6657e-06
4.70006 1.62717e-06
4.70874 1.61539e-06
4.71743 1.57735e-06
4.72614 1.56558e-06
4.73487 1.52806e-06
4.74361 1.51651e-06
4.75237 1.48125e-06
4.76115 1.47119e-06
4.76994 1.44174e-06
4.77875 1.43116e-06
4.78757 1.40195e-06
4.79641 1.39084e-06
4.80527 1.36195e-06
4.81414 1.35031e-06
4.82303 1.32156e-06
4.83194 1.30924e-06
4.84086 1.28123e-06
4.8498 1.26828e-06
4.85876 1.24082e-06
4.86773 1.22732e-06
4.87672 1.20104e-06
4.88572 1.18707e-06
4.89475 1.16324e-06
4.90378 1.15084e-06
4.91284 1.13143e-06
4.92191 1.11763e-06
4.931 1.09933e-06
4.94011 1.0841e-06
4.94923 1.06698e-06
4.95837 1.04975e-06
4.96752 1.0345e-06
4.9767 1.01425e-06
4.98589 1.0019e-06
4.99509 9.7569e-07
5.00432 9.69388e-07
5.01356 9.43456e-07
5.02282 9.37314e-07
5.03209 9.12541e-07
5.04138 9.07266e-07
5.05069 8.87245e-07
5.06002 8.8168e-07
5.06936 8.61726e-07
5.07873 8.5595e-07
5.0881 8.35974e-07
5.0975 8.30116e-07
5.10691 8.10141e-07
5.11634 8.04014e-07
5.12579 7.8418e-07
5.13526 7.77893e-07
5.14474 7.58273e-07
5.15424 7.51826e-07
5.16376 7.32479e-07
5.17329 7.26162e-07
5.18285 7.07884e-07
5.19242 7.02416e-07
5.202 6.87779e-07
5.21161 6.81977e-07
5.22123 6.67457e-07
5.23088 6.61249e-07
5.24054 6.47023e-07
5.25021 6.40437e-07
5.25991 6.2638e-07
5.26962 6.19268e-07
5.27935 6.0577e-07
5.2891 5.98129e-07
5.29887 5.85106e-07
5.30865 5.76909e-07
5.31846 5.64722e-07
5.32828 5.5594e-07
5.33812 5.45233e-07
5.34797 5.37376e-07
5.35785 5.29323e-07
5.36774 5.20238e-07
5.37765 5.133e-07
5.38758 5.02258e-07
5.39753 4.97133e-07
5.4075 4.84019e-07
5.41749 4.80867e-07
5.42749 4.67781e-07
5.43751 4.64568e-07
5.44755 4.51508e-07
5.45761 4.48292e-07
5.46769 4.35367e-07
5.47779 4.32188e-07
5.4879 4.19669e-07
5.49804 4.17052e-07
5.50819 4.07246e-07
5.51836 4.04491e-07
5.52855 3.9473e-07
5.53876 3.91861e-07
5.54899 3.82117e-07
5.55923 3.7912e-07
5.5695 3.69427e-07
5.57979 3.66271e-07
5.59009 3.56646e-07
5.60041 3.53379e-07
5.61075 3.43888e-07
5.62111 3.40508e-07
5.63149 3.31211e-07
5.64189 3.27782e-07
5.65231 3.1896e-07
5.66275 3.16053e-07
5.67321 3.09264e-07
5.68368 3.06109e-07
5.69418 2.995e-07
5.70469 2.96087e-07
5.71523 2.89671e-07
5.72578 2.85917e-07
5.73635 2.79766e-07
5.74695 2.75652e-07
5.75756 2.69804e-07
5.76819 2.65177e-07
5.77884 2.59879e-07
5.78951 2.54694e-07
5.8002 2.50011e-07
5.81092 2.43999e-07
5.82165 2.40588e-07
5.8324 2.34331e-07
5.84317 2.33014e-07
5.85396 2.26823e-07
5.86477 2.25457e-07
5.8756 2.19264e-07
5.88645 2.17827e-07
5.89732 2.11641e-07
5.90821 2.10154e-07
5.91912 2.0398e-07
5.93005 2.02445e-07
5.941 1.96295e-07
5.95197 1.94733e-07
5.96296 1.88642e-07
5.97397 1.87114e-07
5.985 1.81202e-07
5.99605 1.79935e-07
6.00713 1.75385e-07
6.01822 1.74059e-07
6.02933 1.69624e-07
6.04047 1.68253e-07
6.05162 1.63806e-07
6.06279 1.62337e-07
6.07399 1.57958e-07
6.08521 1.56393e-07
6.09644 1.5208e-07
6.1077 1.50422e-07
6.11898 1.46179e-07
6.13028 1.44424e-07
6.1416 1.40331e-07
6.15294 1.38497e-07
6.1643 1.34676e-07
6.17569 1.33097e-07
6.18709 1.30192e-07
6.19851 1.28498e-07
6.20996 1.25811e-07
6.22143 1.2392e-07
6.23292 1.21373e-07
6.24443 1.19225e-07
6.25596 1.16911e-07
6.26751 1.14396e-07
6.27908 1.12419e-07
6.29068 1.09374e-07
6.30229 1.07943e-07
6.31393 1.04195e-07
6.32559 1.03488e-07
6.33727 9.98218e-08
6.34897 9.92426e-08
6.3607 9.64149e-08
6.37244 9.58347e-08
6.38421 9.31196e-08
6.396 9.24979e-08
6.40781 8.97948e-08
6.41964 8.91519e-08
6.4315 8.64464e-08
6.44338 8.57753e-08
6.45527 8.30629e-08
6.46719 8.23675e-08
6.47914 7.96826e-08
6.4911 7.89676e-08
6.50309 7.63175e-08
6.5151 7.56113e-08
6.52713 7.30435e-08
6.53918 7.24532e-08
6.55126 7.04652e-08
6.56335 6.98692e-08
6.57547 6.79955e-08
6.58761 6.73431e-08
6.59978 6.5495e-08
6.61197 6.48013e-08
6.62418 6.29824e-08
6.63641 6.22244e-08
6.64866 6.04497e-08
6.66094 5.96119e-08
6.67324 5.79173e-08
6.68556 5.70137e-08
6.69791 5.53916e-08
6.71028 5.44112e-08
6.72267 5.29642e-08
6.73508 5.20974e-08
6.74752 5.10327e-08
6.75998 5.00988e-08
6.77246 4.91917e-08
6.78497 4.80736e-08
6.7975 4.73315e-08
6.81005 4.5751e-08
6.82263 4.54581e-08
6.83522 4.3876e-08
6.84785 4.35751e-08
6.86049 4.19963e-08
6.87316 4.16868e-08
6.88585 4.01209e-08
6.89857 3.98123e-08
6.91131 3.82807e-08
6.92407 3.80322e-08
6.93686 3.68436e-08
6.94967 3.65997e-08
6.9625 3.54951e-08
6.97536 3.5237e-08
6.98824 3.41336e-08
7.00114 3.38621e-08
7.01407 3.27633e-08
7.02702 3.24812e-08
7.04 3.13836e-08
7.053 3.10855e-08
7.06602 2.9999e-08
7.07907 2.96878e-08
7.09214 2.86158e-08
7.10524 2.82992e-08
7.11836 2.72741e-08
7.1315 2.70028e-08
7.14467 2.62144e-08
7.15787 2.59415e-08
7.17108 2.52333e-08
7.18433 2.49304e-08
7.19759 2.4239e-08
7.21088 2.39104e-08
7.2242 2.32408e-08
7.23754 2.28702e-08
7.2509 2.22318e-08
7.26429 2.18136e-08
7.27771 2.12198e-08
7.29115 2.07521e-08
7.30461 2.02163e-08
7.3181 1.96699e-08
7.33161 1.92467e-08
7.34515 1.8718e-08
7.35872 1.84756e-08
7.3723 1.78685e-08
7.38592 1.77637e-08
7.39956 1.71543e-08
7.41322 1.70456e-08
7.42691 1.6435e-08
7.44062 1.63211e-08
7.45436 1.57099e-08
7.46813 1.55919e-08
7.48192 1.49818e-08
7.49574 1.48593e-08
7.50958 1.4255e-08
7.52345 1.41326e-08
7.53734 1.35417e-08
7.55126 1.34405e-08
7.5652 1.29793e-08
7.57917 1.28857e-08
7.59317 1.24725e-08
7.60719 1.23726e-08
7.62124 1.19615e-08
7.63531 1.18539e-08
7.64941 1.14448e-08
7.66353 1.13303e-08
7.67769 1.09256e-08
7.69186 1.08025e-08
7.70607 1.04039e-08
7.7203 1.02702e-08
7.73455 9.88234e-09
7.74884 9.74128e-09
7.76315 9.37569e-09
7.77748 9.25394e-09
7.79184 8.97327e-09
7.80623 8.85204e-09
7.82065 8.61371e-09
7.83509 8.47734e-09
7.84956 8.25152e-09
7.86405 8.09455e-09
7.87857 7.88557e-09
7.89312 7.7034e-09
7.9077 7.51645e-09
7.9223 7.29641e-09
7.93693 7.14606e-09
7.95158 6.85124e-09
7.96627 6.77818e-09
7.98098 6.46132e-09
7.99572 6.42269e-09
8.01048 6.17382e-09
8.02527 6.13841e-09
8.04009 5.92279e-09
8.05494 5.88522e-09
8.06981 5.66965e-09
8.08472 5.63021e-09
8.09965 5.41439e-09
8.1146 5.37288e-09
8.12959 5.15667e-09
8.1446 5.11272e-09
8.15964 4.89799e-09
8.17471 4.85309e-09
8.1898 4.63865e-09
8.20492 4.59352e-09
8.22008 4.3849e-09
8.23526 4.34712e-09
8.25046 4.18334e-09
8.2657 4.14852e-09
8.28096 4.00907e-09
8.29625 3.97154e-09
8.31157 3.83356e-09
8.32692 3.79264e-09
8.3423 3.65651e-09
8.3577 3.61116e-09
8.37314 3.47762e-09
8.3886 3.42757e-09
8.40409 3.29773e-09
8.41961 3.24322e-09
8.43516 3.11861e-09
8.45073 3.05834e-09
8.46634 2.94366e-09
8.48197 2.88859e-09
8.49763 2.80391e-09
8.51333 2.74935e-09
8.52905 2.68391e-09
8.5448 2.61898e-09
8.56057 2.56278e-09
8.57638 2.48179e-09
8.59222 2.44064e-09
8.60809 2.33318e-09
8.62398 2.31728e-09
8.63991 2.20993e-09
8.65586 2.19355e-09
8.67185 2.08648e-09
8.68786 2.07002e-09
8.7039 1.96433e-09
8.71997 1.95108e-09
8.73608 1.86698e-09
8.75221 1.85547e-09
8.76837 1.7863e-09
8.78456 1.77395e-09
8.80078 1.70488e-09
8.81704 1.69186e-09
8.83332 1.62268e-09
8.84963 1.60882e-09
8.86597 1.53955e-09
8.88234 1.52492e-09
8.89874 1.45613e-09
8.91518 1.44062e-09
8.93164 1.37265e-09
8.94813 1.35647e-09
8.96466 1.29053e-09
8.98121 1.2767e-09
8.9978 1.22451e-09
9.01441 1.21227e-09
9.03106 1.17016e-09
9.04773 1.15651e-09
9.06444 1.1154e-09
9.08118 1.10005e-09
9.09795 1.06003e-09
9.11475 1.04245e-09
9.13158 1.00427e-09
9.14844 9.8422e-10
9.16534 9.48059e-10
9.18226 9.2506e-10
9.19922 8.91883e-10
9.2162 8.64842e-10
9.23322 8.37209e-10
9.25027 8.10775e-10
9.26736 7.92903e-10
9.28447 7.65122e-10
9.30161 7.56857e-10
9.31879 7.24753e-10
9.336 7.2044e-10
9.35324 6.88237e-10
9.37051 6.83666e-10
9.38781 6.51389e-10
9.40515 6.46579e-10
9.42252 6.14199e-10
9.43992 6.09203e-10
9.45735 5.7701e-10
9.47481 5.71962e-10
9.49231 5.40229e-10
9.50984 5.36012e-10
9.5274 5.103e-10
9.54499 5.06828e-10
9.56262 4.86819e-10
9.58027 4.83085e-10
9.59797 4.63067e-10
9.61569 4.59144e-10
9.63345 4.39133e-10
9.65123 4.34857e-10
9.66906 4.14972e-10
9.68691 4.10207e-10
9.7048 3.90608e-10
9.72272 3.85525e-10
9.74067 3.66263e-10
9.75866 3.60697e-10
9.77668 3.42246e-10
9.79474 3.37223e-10
9.81282 3.22658e-10
9.83094 3.1833e-10
9.8491 3.07423e-10
9.86728 3.02447e-10
9.88551 2.92074e-10
9.90376 2.86335e-10
9.92205 2.76556e-10
9.94037 2.69712e-10
9.95873 2.60872e-10
9.97712 2.52642e-10
9.99554 2.45098e-10
10.014 2.34879e-10
10.0325 2.29317e-10
10.051 2.15278e-10
10.0696 2.13927e-10
10.0882 2.02328e-10
10.1068 2.01257e-10
10.1255 1.92641e-10
10.1442 1.91504e-10
10.1629 1.82855e-10
10.1817 1.81647e-10
10.2005 1.72956e-10
10.2193 1.71695e-10
10.2382 1.62981e-10
10.2571 1.61654e-10
10.276 1.52933e-10
10.295 1.5154e-10
10.314 1.42853e-10
10.333 1.4144e-10
10.3521 1.32868e-10
10.3712 1.3164e-10
10.3904 1.24571e-10
10.4096 1.23618e-10
10.4288 1.1847e-10
10.4481 1.17418e-10
10.4674 1.12309e-10
10.4867 1.11156e-10
10.5061 1.0608e-10
10.5255 1.04779e-10
10.5449 9.97956e-11
10.5644 9.83226e-11
10.5839 9.34582e-11
10.6034 9.18158e-11
10.623 8.71212e-11
10.6426 8.52525e-11
10.6623 8.08565e-11
10.682 7.90746e-11
10.7017 7.56406e-11
10.7214 7.41474e-11
10.7412 7.18449e-11
10.7611 7.00493e-11
10.7809 6.80052e-11
10.8008 6.57921e-11
10.8208 6.41303e-11
10.8408 6.12166e-11
10.8608 6.02143e-11
10.8809 5.66864e-11
10.9009 5.62742e-11
10.9211 5.27449e-11
10.9412 5.23297e-11
10.9614 4.88238e-11
10.9817 4.84631e-11
11.002 4.55048e-11
11.0223 4.52456e-11
11.0426 4.31857e-11
11.063 4.29038e-11
11.0835 4.08403e-11
11.1039 4.05465e-11
11.1244 3.84753e-11
11.145 3.8166e-11
11.1655 3.60895e-11
11.1862 3.57572e-11
11.2068 3.36837e-11
11.2275 3.33284e-11
11.2483 3.12655e-11
11.269 3.08945e-11
11.2898 2.88703e-11
11.3107 2.85317e-11
11.3316 2.68302e-11
11.3525 2.65727e-11
11.3735 2.54282e-11
11.3945 2.51395e-11
11.4155 2.40118e-11
11.4366 2.36809e-11
11.4577 2.25804e-11
11.4789 2.22036e-11
11.5001 2.1134e-11
11.5213 2.06961e-11
11.5426 1.96803e-11
11.5639 1.91603e-11
11.5852 1.82201e-11
11.6066 1.76162e-11
11.6281 1.67763e-11
11.6495 1.61446e-11
11.671 1.55502e-11
11.6926 1.50178e-11
11.7142 1.47145e-11
11.7358 1.39488e-11
11.7575 1.38711e-11
11.7792 1.31027e-11
11.801 1.302e-11
11.8227 1.22487e-11
11.8446 1.21613e-11
11.8664 1.13874e-11
11.8884 1.12963e-11
11.9103 1.05223e-11
11.9323 1.04277e-11
11.9543 9.65981e-12
11.9764 9.576e-12
11.9985 8.90939e-12
12.0207 8.85404e-12
12.0429 8.42477e-12
12.0651 8.36602e-12
12.0874 7.93554e-12
12.1097 7.87199e-12
12.1321 7.44104e-12
12.1545 7.37221e-12
12.1769 6.94302e-12
12.1994 6.86724e-12
12.2219 6.44086e-12
12.2445 6.35758e-12
12.2671 5.93606e-12
12.2898 5.84375e-12
12.3125 5.43475e-12
12.3352 5.3459e-12
12.358 4.9971e-12
12.3808 4.93399e-12
12.4037 4.71873e-12
12.4266 4.6436e-12
12.4495 4.43726e-12
12.4725 4.34902e-12
12.4955 4.15393e-12
12.5186 4.04739e-12
12.5417 3.8672e-12
12.5649 3.73777e-12
12.5881 3.57818e-12
12.6113 3.41684e-12
12.6346 3.28841e-12
12.658 3.07679e-12
12.6813 3.00091e-12
12.7048 2.76361e-12
12.7282 2.75107e-12
12.7517 2.60746e-12
12.7753 2.59412e-12
12.7989 2.44975e-12
12.8225 2.4356e-12
12.8462 2.29072e-12
12.8699 2.27562e-12
12.8937 2.13015e-12
12.9175 2.11411e-12
12.9413 1.96802e-12
12.9652 1.95092e-12
12.9892 1.80486e-12
13.0131 1.78764e-12
13.0372 1.64213e-12
13.0612 1.62599e-12
13.0854 1.49632e-12
13.1095 1.48644e-12
13.1337 1.40979e-12
13.158 1.39891e-12
13.1823 1.32253e-12
13.2066 1.31027e-12
13.231 1.23444e-12
13.2555 1.22053e-12
13.2799 1.14532e-12
13.3045 1.12915e-12
13.329 1.05547e-12
13.3536 1.03669e-12
13.3783 9.65078e-13
13.403 9.43676e-13
13.4277 8.74943e-13
13.4525 8.52148e-13
13.4774 7.94064e-13
13.5023 7.78924e-13
13.5272 7.47026e-13
13.5522 7.28636e-13
13.5772 6.99545e-13
13.6023 6.76345e-13
13.6274 6.51508e-13
13.6526 6.21155e-13
13.6778 6.02936e-13
13.703 5.57446e-13
13.7283 5.53866e-13
13.7537 5.08274e-13
13.7791 5.04605e-13
13.8045 4.58993e-13
13.83 4.55444e-13
13.8556 4.1345e-13
13.8811 4.11622e-13
13.9068 3.88479e-13
13.9325 3.865e-13
13.9582 3.63215e-13
13.984 3.61046e-13
14.0098 3.37702e-13
14.0357 3.35377e-13
14.0616 3.11867e-13
14.0875 3.09348e-13
14.1136 2.85773e-13
14.1396 2.83045e-13
14.1657 2.59522e-13
14.1919 2.56669e-13
14.2181 2.33153e-13
14.2443 2.30298e-13
14.2706 2.08748e-13
14.297 2.07077e-13
14.3234 1.95644e-13
14.3499 1.93699e-13
14.3763 1.82371e-13
14.4029 1.80064e-13
14.4295 1.6898e-13
14.4561 1.66229e-13
14.4828 1.55417e-13
14.5096 1.52165e-13
14.5364 1.41696e-13
14.5632 1.37805e-13
14.5901 1.27929e-13
14.617 1.23171e-13
14.644 1.14088e-13
14.6711 1.08576e-13
14.6982 1.01302e-13
14.7253 9.76988e-14
14.7525 9.45759e-14
14.7797 8.97293e-14
14.807 8.77664e-14
14.8344 8.13229e-14
14.8618 8.08885e-14
14.8892 7.44042e-14
14.9167 7.39287e-14
14.9443 6.73985e-14
14.9719 6.68935e-14
14.9995 6.03445e-14
15.0272 5.98141e-14
15.055 5.32578e-14
15.0828 5.27249e-14
15.1106 4.64549e-14
15.1385 4.62195e-14
15.1665 4.31125e-14
15.1945 4.28536e-14
15.2225 3.97296e-14
15.2506 3.9461e-14
15.2788 3.63222e-14
15.307 3.60247e-14
15.3353 3.28727e-14
15.3636 3.25273e-14
15.392 2.93696e-14
15.4204 2.89808e-14
15.4489 2.58525e-14
15.4774 2.54032e-14
15.506 2.23179e-14
15.5346 2.18411e-14
15.5633 1.89698e-14
15.592 1.87813e-14
15.6208 1.77361e-14
15.6497 1.7492e-14
15.6786 1.64698e-14
15.7075 1.61758e-14
15.7365 1.52196e-14
15.7656 1.48785e-14
15.7947 1.3966e-14
15.8239 1.34634e-14
15.8531 1.25839e-14
15.8824 1.19716e-14
15.9117 1.12714e-14
15.9411 1.03054e-14
15.9705 9.17823e-15
16 0
