# 1:pT 2:PhotonSpectrum=dN/d^2xT d^2pT dy
0.01 603.736
0.0100185 602.384
0.010037 600.746
0.0100555 599.359
0.0100741 597.717
0.0100927 596.301
0.0101113 594.671
0.01013 593.232
0.0101487 591.603
0.0101674 590.119
0.0101862 588.465
0.010205 586.958
0.0102239 585.308
0.0102427 583.786
0.0102617 582.1
0.0102806 580.537
0.0102996 578.818
0.0103186 577.209
0.0103377 575.385
0.0103567 573.795
0.0103759 571.968
0.010395 570.376
0.0104142 568.57
0.0104335 566.922
0.0104527 565.142
0.010472 563.531
0.0104914 561.763
0.0105107 560.123
0.0105301 558.398
0.0105496 556.732
0.0105691 555.019
0.0105886 553.373
0.0106081 551.695
0.0106277 550.071
0.0106474 548.426
0.010667 546.772
0.0106867 545.164
0.0107065 543.513
0.0107262 541.919
0.010746 540.249
0.0107659 538.671
0.0107858 536.968
0.0108057 535.448
0.0108256 533.666
0.0108456 532.227
0.0108656 530.473
0.0108857 529.042
0.0109058 527.28
0.0109259 525.866
0.0109461 524.182
0.0109663 522.734
0.0109866 521.075
0.0110069 519.629
0.0110272 517.957
0.0110476 516.518
0.011068 514.868
0.0110884 513.43
0.0111089 511.783
0.0111294 510.339
0.0111499 508.689
0.0111705 507.263
0.0111912 505.631
0.0112118 504.203
0.0112325 502.602
0.0112533 501.18
0.0112741 499.619
0.0112949 498.174
0.0113157 496.619
0.0113366 495.193
0.0113576 493.667
0.0113785 492.221
0.0113995 490.716
0.0114206 489.261
0.0114417 487.733
0.0114628 486.291
0.011484 484.8
0.0115052 483.35
0.0115264 481.876
0.0115477 480.418
0.011569 478.998
0.0115904 477.537
0.0116118 476.155
0.0116332 474.673
0.0116547 473.305
0.0116762 471.762
0.0116978 470.49
0.0117194 468.918
0.0117411 467.657
0.0117627 466.101
0.0117845 464.838
0.0118062 463.295
0.011828 462.031
0.0118499 460.527
0.0118717 459.241
0.0118937 457.744
0.0119156 456.472
0.0119376 455.028
0.0119597 453.76
0.0119818 452.33
0.0120039 451.056
0.0120261 449.615
0.0120483 448.352
0.0120705 446.912
0.0120928 445.66
0.0121151 444.227
0.0121375 442.977
0.0121599 441.558
0.0121824 440.268
0.0122049 438.88
0.0122274 437.625
0.01225 436.26
0.0122726 434.992
0.0122953 433.667
0.012318 432.388
0.0123407 431.082
0.0123635 429.806
0.0123863 428.499
0.0124092 427.23
0.0124321 425.931
0.0124551 424.641
0.0124781 423.382
0.0125011 422.086
0.0125242 420.833
0.0125473 419.521
0.0125705 418.294
0.0125937 416.965
0.012617 415.792
0.0126403 414.415
0.0126636 413.312
0.012687 411.951
0.0127104 410.841
0.0127339 409.491
0.0127574 408.36
0.012781 407.033
0.0128046 405.895
0.0128282 404.577
0.0128519 403.444
0.0128756 402.128
0.0128994 400.995
0.0129232 399.701
0.0129471 398.576
0.012971 397.3
0.012995 396.177
0.0130189 394.916
0.013043 393.802
0.0130671 392.555
0.0130912 391.446
0.0131154 390.209
0.0131396 389.089
0.0131639 387.873
0.0131882 386.733
0.0132125 385.508
0.0132369 384.404
0.0132614 383.192
0.0132859 382.075
0.0133104 380.889
0.013335 379.757
0.0133596 378.575
0.0133843 377.465
0.013409 376.315
0.0134337 375.212
0.0134585 374.076
0.0134834 372.952
0.0135083 371.842
0.0135332 370.702
0.0135582 369.618
0.0135833 368.456
0.0136083 367.386
0.0136335 366.187
0.0136587 365.178
0.0136839 363.949
0.0137091 362.971
0.0137345 361.754
0.0137598 360.779
0.0137852 359.597
0.0138107 358.623
0.0138362 357.469
0.0138617 356.47
0.0138873 355.317
0.013913 354.321
0.0139387 353.183
0.0139644 352.188
0.0139902 351.057
0.014016 350.054
0.0140419 348.928
0.0140678 347.941
0.0140938 346.801
0.0141198 345.828
0.0141459 344.71
0.014172 343.743
0.0141982 342.648
0.0142244 341.66
0.0142507 340.585
0.014277 339.612
0.0143034 338.549
0.0143298 337.555
0.0143563 336.507
0.0143828 335.501
0.0144093 334.473
0.0144359 333.463
0.0144626 332.429
0.0144893 331.432
0.0145161 330.417
0.0145429 329.411
0.0145697 328.416
0.0145966 327.421
0.0146236 326.45
0.0146506 325.443
0.0146776 324.497
0.0147047 323.471
0.0147319 322.542
0.0147591 321.462
0.0147863 320.6
0.0148136 319.524
0.014841 318.653
0.0148684 317.588
0.0148959 316.712
0.0149234 315.671
0.0149509 314.787
0.0149785 313.758
0.0150062 312.885
0.0150339 311.875
0.0150617 311.01
0.0150895 310.017
0.0151173 309.151
0.0151453 308.164
0.0151732 307.291
0.0152012 306.308
0.0152293 305.432
0.0152574 304.449
0.0152856 303.586
0.0153138 302.613
0.0153421 301.749
0.0153705 300.79
0.0153988 299.907
0.0154273 298.958
0.0154558 298.092
0.0154843 297.159
0.0155129 296.296
0.0155415 295.379
0.0155702 294.504
0.015599 293.59
0.0156278 292.719
0.0156567 291.809
0.0156856 290.939
0.0157145 290.044
0.0157435 289.154
0.0157726 288.285
0.0158017 287.384
0.0158309 286.534
0.0158602 285.626
0.0158894 284.795
0.0159188 283.87
0.0159482 283.088
0.0159776 282.145
0.0160071 281.381
0.0160367 280.447
0.0160663 279.681
0.016096 278.753
0.0161257 277.99
0.0161555 277.082
0.0161853 276.297
0.0162152 275.397
0.0162451 274.618
0.0162751 273.72
0.0163052 272.948
0.0163353 272.064
0.0163655 271.292
0.0163957 270.428
0.016426 269.668
0.0164563 268.801
0.0164867 268.045
0.0165171 267.181
0.0165476 266.423
0.0165782 265.571
0.0166088 264.805
0.0166395 263.957
0.0166702 263.193
0.016701 262.363
0.0167318 261.588
0.0167627 260.77
0.0167937 259.99
0.0168247 259.193
0.0168558 258.422
0.0168869 257.622
0.0169181 256.863
0.0169493 256.08
0.0169806 255.309
0.017012 254.539
0.0170434 253.763
0.0170748 253.006
0.0171064 252.219
0.017138 251.477
0.0171696 250.673
0.0172013 249.947
0.0172331 249.1
0.0172649 248.431
0.0172968 247.589
0.0173287 246.918
0.0173607 246.097
0.0173928 245.424
0.0174249 244.626
0.0174571 243.949
0.0174893 243.155
0.0175216 242.47
0.017554 241.684
0.0175864 241
0.0176189 240.22
0.0176514 239.537
0.017684 238.759
0.0177166 238.074
0.0177494 237.301
0.0177821 236.622
0.017815 235.848
0.0178479 235.183
0.0178808 234.427
0.0179138 233.767
0.0179469 233.026
0.0179801 232.346
0.0180133 231.609
0.0180465 230.939
0.0180799 230.211
0.0181132 229.534
0.0181467 228.817
0.0181802 228.126
0.0182138 227.411
0.0182474 226.732
0.0182811 226.025
0.0183149 225.349
0.0183487 224.657
0.0183826 223.967
0.0184165 223.298
0.0184505 222.609
0.0184846 221.958
0.0185187 221.261
0.0185529 220.611
0.0185872 219.9
0.0186215 219.28
0.0186559 218.54
0.0186903 217.939
0.0187248 217.216
0.0187594 216.612
0.0187941 215.885
0.0188288 215.288
0.0188635 214.581
0.0188984 213.972
0.0189333 213.279
0.0189682 212.678
0.0190033 211.989
0.0190384 211.393
0.0190735 210.712
0.0191087 210.112
0.019144 209.433
0.0191794 208.84
0.0192148 208.153
0.0192503 207.562
0.0192858 206.887
0.0193214 206.294
0.0193571 205.624
0.0193929 205.028
0.0194287 204.371
0.0194645 203.772
0.0195005 203.128
0.0195365 202.536
0.0195726 201.907
0.0196087 201.304
0.0196449 200.689
0.0196812 200.088
0.0197175 199.462
0.019754 198.862
0.0197904 198.249
0.019827 197.644
0.0198636 197.037
0.0199003 196.432
0.019937 195.839
0.0199738 195.224
0.0200107 194.65
0.0200477 194.029
0.0200847 193.466
0.0201218 192.821
0.0201589 192.306
0.0201962 191.659
0.0202335 191.141
0.0202708 190.502
0.0203082 189.972
0.0203457 189.346
0.0203833 188.818
0.020421 188.196
0.0204587 187.665
0.0204964 187.046
0.0205343 186.512
0.0205722 185.905
0.0206102 185.38
0.0206483 184.778
0.0206864 184.253
0.0207246 183.663
0.0207629 183.14
0.0208012 182.546
0.0208396 182.031
0.0208781 181.438
0.0209166 180.924
0.0209553 180.339
0.020994 179.806
0.0210327 179.23
0.0210716 178.709
0.0211105 178.136
0.0211495 177.61
0.0211885 177.05
0.0212277 176.516
0.0212669 175.969
0.0213061 175.447
0.0213455 174.91
0.0213849 174.385
0.0214244 173.85
0.0214639 173.317
0.0215036 172.793
0.0215433 172.255
0.0215831 171.74
0.0216229 171.198
0.0216628 170.69
0.0217028 170.13
0.0217429 169.646
0.0217831 169.07
0.0218233 168.605
0.0218636 168.044
0.021904 167.584
0.0219444 167.025
0.0219849 166.567
0.0220255 166.021
0.0220662 165.548
0.022107 165.012
0.0221478 164.541
0.0221887 163.999
0.0222297 163.533
0.0222707 162.999
0.0223118 162.53
0.022353 161.997
0.0223943 161.536
0.0224357 161.001
0.0224771 160.546
0.0225186 160.022
0.0225602 159.566
0.0226018 159.055
0.0226436 158.598
0.0226854 158.095
0.0227273 157.629
0.0227692 157.125
0.0228113 156.663
0.0228534 156.17
0.0228956 155.701
0.0229379 155.217
0.0229803 154.745
0.0230227 154.255
0.0230652 153.79
0.0231078 153.311
0.0231505 152.848
0.0231932 152.378
0.023236 151.914
0.023279 151.459
0.0233219 150.987
0.023365 150.542
0.0234082 150.061
0.0234514 149.621
0.0234947 149.117
0.0235381 148.711
0.0235815 148.203
0.0236251 147.797
0.0236687 147.294
0.0237124 146.885
0.0237562 146.393
0.0238001 145.987
0.023844 145.504
0.0238881 145.097
0.0239322 144.622
0.0239764 144.211
0.0240206 143.745
0.024065 143.337
0.0241094 142.873
0.0241539 142.461
0.0241985 141.996
0.0242432 141.588
0.024288 141.124
0.0243329 140.721
0.0243778 140.26
0.0244228 139.857
0.0244679 139.402
0.0245131 138.99
0.0245583 138.545
0.0246037 138.149
0.0246491 137.715
0.0246946 137.31
0.0247402 136.883
0.0247859 136.472
0.0248317 136.047
0.0248776 135.637
0.0249235 135.216
0.0249695 134.806
0.0250156 134.388
0.0250618 133.972
0.0251081 133.564
0.0251545 133.148
0.0252009 132.747
0.0252475 132.328
0.0252941 131.934
0.0253408 131.513
0.0253876 131.138
0.0254345 130.696
0.0254814 130.337
0.0255285 129.901
0.0255756 129.544
0.0256229 129.103
0.0256702 128.744
0.0257176 128.315
0.0257651 127.95
0.0258126 127.525
0.0258603 127.162
0.0259081 126.739
0.0259559 126.378
0.0260038 125.963
0.0260518 125.607
0.0261 125.201
0.0261482 124.842
0.0261964 124.435
0.0262448 124.078
0.0262933 123.673
0.0263418 123.316
0.0263905 122.915
0.0264392 122.556
0.026488 122.16
0.0265369 121.795
0.0265859 121.401
0.026635 121.042
0.0266842 120.655
0.0267335 120.295
0.0267829 119.916
0.0268323 119.558
0.0268819 119.181
0.0269315 118.827
0.0269812 118.458
0.0270311 118.099
0.027081 117.732
0.027131 117.369
0.0271811 117.012
0.0272313 116.643
0.0272816 116.293
0.0273319 115.919
0.0273824 115.574
0.027433 115.185
0.0274836 114.866
0.0275344 114.473
0.0275852 114.161
0.0276362 113.779
0.0276872 113.466
0.0277383 113.086
0.0277896 112.773
0.0278409 112.4
0.0278923 112.08
0.0279438 111.707
0.0279954 111.387
0.0280471 111.02
0.0280989 110.702
0.0281508 110.339
0.0282027 110.019
0.0282548 109.656
0.028307 109.34
0.0283593 108.979
0.0284116 108.671
0.0284641 108.318
0.0285167 108.011
0.0285693 107.66
0.0286221 107.342
0.0286749 106.998
0.0287279 106.685
0.0287809 106.344
0.0288341 106.026
0.0288873 105.69
0.0289407 105.367
0.0289941 105.037
0.0290477 104.715
0.0291013 104.385
0.029155 104.069
0.0292089 103.744
0.0292628 103.429
0.0293168 103.116
0.029371 102.797
0.0294252 102.487
0.0294796 102.164
0.029534 101.858
0.0295885 101.531
0.0296432 101.235
0.0296979 100.888
0.0297527 100.611
0.0298077 100.267
0.0298627 99.9895
0.0299179 99.6497
0.0299731 99.3695
0.0300285 99.0378
0.0300839 98.7574
0.0301395 98.4337
0.0301951 98.1557
0.0302509 97.8326
0.0303068 97.553
0.0303627 97.2342
0.0304188 96.9557
0.030475 96.6389
0.0305312 96.358
0.0305876 96.0401
0.0306441 95.7607
0.0307007 95.4452
0.0307574 95.1676
0.0308142 94.8574
0.0308711 94.5796
0.0309281 94.2748
0.0309852 93.9961
0.0310424 93.6955
0.0310997 93.4227
0.0311572 93.1251
0.0312147 92.8502
0.0312723 92.5554
0.0313301 92.2759
0.0313879 91.9806
0.0314459 91.703
0.031504 91.4117
0.0315621 91.1346
0.0316204 90.8482
0.0316788 90.5647
0.0317373 90.2861
0.0317959 90.001
0.0318546 89.7307
0.0319135 89.4457
0.0319724 89.1814
0.0320314 88.8866
0.0320906 88.6379
0.0321498 88.3352
0.0322092 88.0907
0.0322687 87.7902
0.0323283 87.5454
0.032388 87.2479
0.0324478 87.0033
0.0325077 86.7123
0.0325677 86.4619
0.0326279 86.1724
0.0326881 85.9253
0.0327485 85.6402
0.0328089 85.3968
0.0328695 85.119
0.0329302 84.8739
0.032991 84.5984
0.033052 84.3554
0.033113 84.0747
0.0331741 83.8346
0.0332354 83.5584
0.0332968 83.3169
0.0333583 83.0434
0.0334199 82.7976
0.0334816 82.5271
0.0335434 82.2842
0.0336053 82.0185
0.0336674 81.7733
0.0337296 81.5124
0.0337919 81.2678
0.0338543 81.0156
0.0339168 80.7702
0.0339794 80.5167
0.0340421 80.273
0.034105 80.0223
0.034168 79.7758
0.0342311 79.529
0.0342943 79.2809
0.0343576 79.0384
0.0344211 78.787
0.0344846 78.5489
0.0345483 78.2926
0.0346121 78.0616
0.034676 77.7926
0.0347401 77.5806
0.0348042 77.3178
0.0348685 77.1045
0.0349329 76.8448
0.0349974 76.6297
0.035062 76.3745
0.0351267 76.1562
0.0351916 75.9025
0.0352566 75.6848
0.0353217 75.4321
0.0353869 75.216
0.0354523 74.9654
0.0355177 74.7499
0.0355833 74.5018
0.035649 74.2851
0.0357149 74.0396
0.0357808 73.8254
0.0358469 73.5834
0.0359131 73.3727
0.0359794 73.1336
0.0360458 72.9226
0.0361124 72.686
0.0361791 72.4696
0.0362459 72.2341
0.0363128 72.0193
0.0363799 71.7866
0.0364471 71.5711
0.0365144 71.3407
0.0365818 71.1237
0.0366493 70.8959
0.036717 70.6813
0.0367848 70.4564
0.0368527 70.2457
0.0369208 70.0258
0.036989 69.8103
0.0370573 69.5978
0.0371257 69.3796
0.0371943 69.17
0.0372629 68.9486
0.0373318 68.7422
0.0374007 68.5136
0.0374698 68.3178
0.037539 68.0816
0.0376083 67.8912
0.0376777 67.659
0.0377473 67.4689
0.037817 67.2385
0.0378868 67.0513
0.0379568 66.8291
0.0380269 66.6374
0.0380971 66.4177
0.0381675 66.2266
0.0382379 66.0064
0.0383085 65.817
0.0383793 65.5991
0.0384502 65.4074
0.0385212 65.1915
0.0385923 65.002
0.0386636 64.7835
0.038735 64.5961
0.0388065 64.3796
0.0388781 64.1924
0.0389499 63.9798
0.0390219 63.7931
0.0390939 63.5853
0.0391661 63.399
0.0392384 63.196
0.0393109 63.0073
0.0393835 62.8065
0.0394562 62.6153
0.0395291 62.418
0.0396021 62.227
0.0396752 62.0274
0.0397485 61.8381
0.0398219 61.6417
0.0398954 61.4507
0.0399691 61.2585
0.0400429 61.0664
0.0401168 60.8793
0.0401909 60.6879
0.0402651 60.5057
0.0403395 60.3111
0.040414 60.1329
0.0404886 59.927
0.0405633 59.7619
0.0406383 59.5569
0.0407133 59.3909
0.0407885 59.1871
0.0408638 59.0195
0.0409393 58.8196
0.0410149 58.652
0.0410906 58.4538
0.0411665 58.2846
0.0412425 58.0892
0.0413186 57.9225
0.0413949 57.7318
0.0414714 57.5669
0.041548 57.3774
0.0416247 57.2105
0.0417016 57.0228
0.0417786 56.8564
0.0418557 56.6673
0.041933 56.5035
0.0420104 56.3157
0.042088 56.1517
0.0421657 55.9667
0.0422436 55.7986
0.0423216 55.6149
0.0423998 55.4504
0.042478 55.2701
0.0425565 55.1055
0.0426351 54.9298
0.0427138 54.7629
0.0427927 54.589
0.0428717 54.4235
0.0429509 54.2511
0.0430302 54.086
0.0431096 53.9154
0.0431892 53.7453
0.043269 53.5793
0.0433489 53.4084
0.0434289 53.2454
0.0435091 53.0736
0.0435895 52.9117
0.04367 52.7363
0.0437506 52.584
0.0438314 52.4042
0.0439124 52.2572
0.0439934 52.0834
0.0440747 51.9364
0.0441561 51.7599
0.0442376 51.6137
0.0443193 51.4418
0.0444011 51.2916
0.0444831 51.121
0.0445653 50.9724
0.0446476 50.8
0.04473 50.6538
0.0448126 50.4843
0.0448954 50.337
0.0449783 50.1687
0.0450613 50.0247
0.0451445 49.8574
0.0452279 49.7149
0.0453114 49.5516
0.0453951 49.4072
0.0454789 49.245
0.0455629 49.0999
0.045647 48.939
0.0457313 48.7925
0.0458158 48.6329
0.0459004 48.4871
0.0459851 48.3298
0.0460701 48.1828
0.0461551 48.0291
0.0462404 47.8815
0.0463257 47.727
0.0464113 47.5822
0.046497 47.4323
0.0465829 47.2873
0.0466689 47.1395
0.0467551 46.9932
0.0468414 46.8485
0.0469279 46.6994
0.0470145 46.5583
0.0471014 46.4063
0.0471883 46.2665
0.0472755 46.1063
0.0473628 45.9785
0.0474502 45.8182
0.0475379 45.6901
0.0476256 45.5324
0.0477136 45.4029
0.0478017 45.2502
0.04789 45.1216
0.0479784 44.9715
0.048067 44.8413
0.0481558 44.6912
0.0482447 44.5606
0.0483338 44.4128
0.048423 44.2837
0.0485124 44.1349
0.048602 44.0048
0.0486918 43.8578
0.0487817 43.7288
0.0488718 43.5814
0.048962 43.4549
0.0490524 43.3084
0.049143 43.1837
0.0492338 43.041
0.0493247 42.9131
0.0494158 42.7736
0.049507 42.6482
0.0495984 42.5093
0.04969 42.3818
0.0497818 42.2453
0.0498737 42.1156
0.0499658 41.9805
0.0500581 41.8519
0.0501505 41.7187
0.0502431 41.5899
0.0503359 41.4571
0.0504288 41.3266
0.050522 41.1978
0.0506153 41.0682
0.0507087 40.9425
0.0508024 40.8128
0.0508962 40.689
0.0509902 40.5556
0.0510843 40.4365
0.0511786 40.2976
0.0512732 40.1829
0.0513678 40.0463
0.0514627 39.9324
0.0515577 39.7942
0.0516529 39.6813
0.0517483 39.546
0.0518439 39.4304
0.0519396 39.2977
0.0520355 39.1837
0.0521316 39.0519
0.0522279 38.9395
0.0523243 38.811
0.0524209 38.6977
0.0525177 38.5697
0.0526147 38.4572
0.0527119 38.3277
0.0528092 38.2162
0.0529067 38.0882
0.0530044 37.9757
0.0531023 37.8491
0.0532004 37.7371
0.0532986 37.6124
0.053397 37.4986
0.0534956 37.3746
0.0535944 37.2627
0.0536934 37.1427
0.0537925 37.0306
0.0538919 36.9132
0.0539914 36.7999
0.0540911 36.6805
0.054191 36.5682
0.054291 36.4513
0.0543913 36.3386
0.0544917 36.2227
0.0545924 36.1084
0.0546932 35.9955
0.0547942 35.8799
0.0548954 35.7696
0.0549967 35.6516
0.0550983 35.5435
0.0552 35.4221
0.055302 35.3228
0.0554041 35.2017
0.0555064 35.1028
0.0556089 34.9825
0.0557116 34.8838
0.0558144 34.7646
0.0559175 34.6649
0.0560208 34.5479
0.0561242 34.447
0.0562279 34.3296
0.0563317 34.2288
0.0564357 34.1136
0.0565399 34.0138
0.0566443 33.8999
0.0567489 33.8
0.0568537 33.6872
0.0569587 33.589
0.0570639 33.4777
0.0571693 33.3805
0.0572748 33.2691
0.0573806 33.1717
0.0574866 33.0611
0.0575927 32.9613
0.0576991 32.8522
0.0578056 32.7544
0.0579124 32.6464
0.0580193 32.5472
0.0581264 32.4411
0.0582338 32.3408
0.0583413 32.2362
0.058449 32.137
0.058557 32.0342
0.0586651 31.936
0.0587734 31.8349
0.058882 31.7353
0.0589907 31.6363
0.0590996 31.5363
0.0592088 31.4382
0.0593181 31.3371
0.0594276 31.24
0.0595374 31.1374
0.0596473 31.0441
0.0597575 30.9359
0.0598678 30.848
0.0599784 30.741
0.0600891 30.6542
0.0602001 30.5476
0.0603112 30.4611
0.0604226 30.3588
0.0605342 30.2708
0.060646 30.1695
0.060758 30.0813
0.0608702 29.9796
0.0609826 29.8916
0.0610952 29.791
0.061208 29.7035
0.061321 29.6033
0.0614343 29.5154
0.0615477 29.4152
0.0616614 29.3282
0.0617752 29.2292
0.0618893 29.1429
0.0620036 29.0459
0.0621181 28.9602
0.0622328 28.8655
0.0623477 28.7782
0.0624628 28.6834
0.0625782 28.5971
0.0626937 28.5037
0.0628095 28.4176
0.0629255 28.3246
0.0630417 28.2371
0.0631581 28.1441
0.0632747 28.0575
0.0633916 27.9663
0.0635086 27.8793
0.0636259 27.7895
0.0637434 27.7018
0.0638611 27.6152
0.063979 27.5275
0.0640972 27.443
0.0642155 27.354
0.0643341 27.2699
0.0644529 27.1773
0.0645719 27.099
0.0646912 27.0043
0.0648106 26.9275
0.0649303 26.8333
0.0650502 26.7567
0.0651703 26.6633
0.0652907 26.5869
0.0654113 26.4955
0.065532 26.4178
0.0656531 26.3276
0.0657743 26.2507
0.0658957 26.1635
0.0660174 26.0871
0.0661393 26.0002
0.0662615 25.9228
0.0663838 25.8358
0.0665064 25.7589
0.0666292 25.6716
0.0667523 25.5962
0.0668755 25.509
0.066999 25.434
0.0671227 25.3479
0.0672467 25.2704
0.0673709 25.186
0.0674953 25.1108
0.0676199 25.0279
0.0677448 24.9521
0.0678699 24.8715
0.0679952 24.795
0.0681208 24.7151
0.0682466 24.6384
0.0683726 24.5582
0.0684988 24.4822
0.0686253 24.4027
0.0687521 24.3257
0.068879 24.2483
0.0690062 24.1707
0.0691336 24.0945
0.0692613 24.0159
0.0693892 23.9411
0.0695173 23.8622
0.0696457 23.7903
0.0697743 23.7083
0.0699031 23.6414
0.0700322 23.5596
0.0701616 23.4922
0.0702911 23.411
0.0704209 23.3431
0.070551 23.263
0.0706812 23.1943
0.0708118 23.1147
0.0709425 23.0465
0.0710735 22.9672
0.0712048 22.8994
0.0713362 22.8214
0.071468 22.754
0.0716 22.6771
0.0717322 22.6099
0.0718646 22.5341
0.0719973 22.4671
0.0721303 22.3918
0.0722635 22.3251
0.0723969 22.2505
0.0725306 22.1837
0.0726645 22.1097
0.0727987 22.0418
0.0729332 21.9677
0.0730678 21.9011
0.0732028 21.8278
0.0733379 21.7612
0.0734734 21.6888
0.073609 21.6217
0.073745 21.55
0.0738812 21.4843
0.0740176 21.4143
0.0741543 21.3483
0.0742912 21.2793
0.0744284 21.2118
0.0745658 21.1446
0.0747035 21.0761
0.0748415 21.0099
0.0749797 20.9406
0.0751181 20.8755
0.0752568 20.8039
0.0753958 20.7427
0.075535 20.6692
0.0756745 20.6096
0.0758143 20.5373
0.0759543 20.4788
0.0760945 20.4082
0.076235 20.35
0.0763758 20.2806
0.0765168 20.2205
0.0766581 20.1514
0.0767997 20.0916
0.0769415 20.0232
0.0770836 19.9637
0.0772259 19.8958
0.0773685 19.8359
0.0775114 19.7684
0.0776545 19.7093
0.0777979 19.6412
0.0779416 19.5829
0.0780855 19.5161
0.0782297 19.4584
0.0783742 19.3931
0.0785189 19.3348
0.0786639 19.2698
0.0788092 19.2117
0.0789547 19.1476
0.0791005 19.0888
0.0792466 19.0253
0.0793929 18.966
0.0795395 18.9036
0.0796864 18.8443
0.0798335 18.7817
0.0799809 18.723
0.0801286 18.6612
0.0802766 18.6019
0.0804248 18.542
0.0805734 18.4836
0.0807221 18.4253
0.0808712 18.3658
0.0810205 18.3082
0.0811702 18.2476
0.08132 18.1914
0.0814702 18.1273
0.0816207 18.0752
0.0817714 18.0113
0.0819224 17.9591
0.0820737 17.8957
0.0822252 17.8433
0.0823771 17.781
0.0825292 17.7285
0.0826816 17.6669
0.0828342 17.6147
0.0829872 17.5551
0.0831405 17.5032
0.083294 17.4437
0.0834478 17.392
0.0836019 17.3328
0.0837563 17.2804
0.0839109 17.2215
0.0840659 17.1692
0.0842211 17.1101
0.0843766 17.0587
0.0845325 17.0002
0.0846885 16.949
0.0848449 16.8913
0.0850016 16.8391
0.0851586 16.7821
0.0853158 16.7312
0.0854734 16.6756
0.0856312 16.6245
0.0857893 16.5693
0.0859478 16.5176
0.0861065 16.4625
0.0862655 16.4113
0.0864248 16.3564
0.0865844 16.3053
0.0867442 16.2513
0.0869044 16.1988
0.0870649 16.1466
0.0872257 16.0936
0.0873868 16.0423
0.0875481 15.9893
0.0877098 15.939
0.0878718 15.8853
0.088034 15.8379
0.0881966 15.7822
0.0883594 15.7361
0.0885226 15.6812
0.0886861 15.6353
0.0888498 15.58
0.0890139 15.5344
0.0891783 15.4802
0.089343 15.4334
0.0895079 15.3798
0.0896732 15.3333
0.0898388 15.2797
0.0900047 15.2341
0.0901709 15.1814
0.0903374 15.1358
0.0905043 15.0846
0.0906714 15.0393
0.0908388 14.9875
0.0910066 14.9426
0.0911746 14.8912
0.091343 14.8461
0.0915116 14.7952
0.0916806 14.7498
0.0918499 14.6993
0.0920195 14.6538
0.0921895 14.604
0.0923597 14.5584
0.0925303 14.5093
0.0927011 14.4634
0.0928723 14.4153
0.0930438 14.3704
0.0932156 14.3223
0.0933877 14.2775
0.0935602 14.2304
0.093733 14.1849
0.0939061 14.1384
0.0940795 14.0927
0.0942532 14.0471
0.0944272 14.0007
0.0946016 13.9561
0.0947763 13.9087
0.0949513 13.8649
0.0951266 13.815
0.0953023 13.775
0.0954783 13.7253
0.0956546 13.6857
0.0958312 13.6373
0.0960082 13.5972
0.0961855 13.5497
0.0963631 13.5095
0.0965411 13.4625
0.0967193 13.4216
0.0968979 13.375
0.0970769 13.3343
0.0972561 13.2879
0.0974357 13.2478
0.0976156 13.2014
0.0977959 13.1609
0.0979765 13.1152
0.0981574 13.0749
0.0983387 13.0291
0.0985203 12.9901
0.0987022 12.9454
0.0988845 12.9063
0.0990671 12.8621
0.09925 12.822
0.0994333 12.7781
0.0996169 12.7386
0.0998008 12.695
0.0999851 12.6554
0.10017 12.6123
0.100355 12.5718
0.10054 12.5292
0.100726 12.4892
0.100912 12.4472
0.101098 12.4073
0.101285 12.366
0.101472 12.3258
0.101659 12.2859
0.101847 12.2455
0.102035 12.2064
0.102223 12.1657
0.102412 12.1265
0.102601 12.0848
0.102791 12.0477
0.102981 12.0041
0.103171 11.9683
0.103361 11.9257
0.103552 11.8898
0.103743 11.8468
0.103935 11.8115
0.104127 11.7696
0.104319 11.7337
0.104512 11.6931
0.104705 11.6576
0.104898 11.6167
0.105092 11.5816
0.105286 11.5412
0.10548 11.5058
0.105675 11.4654
0.10587 11.4303
0.106066 11.3897
0.106262 11.3548
0.106458 11.3149
0.106654 11.2798
0.106851 11.2402
0.107049 11.2053
0.107246 11.1664
0.107444 11.1314
0.107643 11.0932
0.107841 11.0586
0.108041 11.021
0.10824 10.9861
0.10844 10.9491
0.10864 10.9139
0.108841 10.8765
0.109042 10.8414
0.109243 10.8047
0.109445 10.7693
0.109647 10.7332
0.10985 10.6977
0.110052 10.6622
0.110256 10.6265
0.110459 10.5922
0.110663 10.5561
0.110868 10.5225
0.111072 10.4845
0.111277 10.4537
0.111483 10.4157
0.111689 10.3848
0.111895 10.3471
0.112102 10.3159
0.112309 10.2787
0.112516 10.2475
0.112724 10.2108
0.112932 10.1793
0.11314 10.1427
0.113349 10.1112
0.113559 10.0753
0.113768 10.0446
0.113978 10.0093
0.114189 9.97823
0.1144 9.9434
0.114611 9.91247
0.114823 9.8774
0.115035 9.84699
0.115247 9.81201
0.11546 9.78154
0.115673 9.74687
0.115887 9.71571
0.116101 9.68146
0.116315 9.65104
0.11653 9.61698
0.116745 9.58622
0.116961 9.55304
0.117177 9.52213
0.117393 9.48958
0.11761 9.45911
0.117827 9.42709
0.118045 9.39639
0.118263 9.36445
0.118481 9.33323
0.1187 9.302
0.118919 9.2706
0.119139 9.23997
0.119359 9.20824
0.119579 9.17799
0.1198 9.14561
0.120021 9.11662
0.120243 9.08298
0.120465 9.05557
0.120687 9.02286
0.12091 8.99576
0.121133 8.96282
0.121357 8.93579
0.121581 8.90354
0.121806 8.87572
0.12203 8.84403
0.122256 8.81641
0.122482 8.78437
0.122708 8.75699
0.122934 8.72545
0.123161 8.69805
0.123389 8.66672
0.123617 8.63947
0.123845 8.60796
0.124074 8.58128
0.124303 8.55059
0.124532 8.52371
0.124762 8.4937
0.124993 8.46674
0.125223 8.43699
0.125455 8.40967
0.125686 8.3798
0.125918 8.3528
0.126151 8.3235
0.126384 8.29628
0.126617 8.26739
0.126851 8.24006
0.127085 8.21084
0.12732 8.18392
0.127555 8.15547
0.127791 8.12863
0.128027 8.10076
0.128263 8.07371
0.1285 8.0467
0.128737 8.01918
0.128975 7.99268
0.129213 7.96462
0.129452 7.93839
0.129691 7.90926
0.12993 7.88492
0.13017 7.85518
0.130411 7.83113
0.130651 7.80167
0.130893 7.77784
0.131134 7.74869
0.131376 7.72494
0.131619 7.69678
0.131862 7.67267
0.132106 7.64475
0.13235 7.62071
0.132594 7.59314
0.132839 7.56913
0.133084 7.54188
0.13333 7.5176
0.133576 7.49022
0.133823 7.46624
0.13407 7.43889
0.134317 7.41517
0.134565 7.38801
0.134814 7.36437
0.135063 7.33761
0.135312 7.31366
0.135562 7.28748
0.135812 7.26427
0.136063 7.23839
0.136315 7.21464
0.136566 7.18922
0.136818 7.16521
0.137071 7.13986
0.137324 7.11594
0.137578 7.09079
0.137832 7.06691
0.138086 7.04202
0.138341 7.01773
0.138597 6.99352
0.138853 6.96933
0.139109 6.94546
0.139366 6.92117
0.139623 6.89786
0.139881 6.87349
0.14014 6.85114
0.140398 6.82526
0.140658 6.80408
0.140917 6.77843
0.141177 6.75746
0.141438 6.73156
0.141699 6.71046
0.141961 6.6852
0.142223 6.66381
0.142486 6.63893
0.142749 6.61756
0.143013 6.59278
0.143277 6.57169
0.143541 6.54748
0.143806 6.52658
0.144072 6.50278
0.144338 6.48169
0.144604 6.45773
0.144871 6.43673
0.145139 6.41304
0.145407 6.392
0.145675 6.36854
0.145944 6.34751
0.146214 6.32437
0.146484 6.30309
0.146754 6.27986
0.147025 6.259
0.147297 6.23618
0.147569 6.21558
0.147841 6.19315
0.148114 6.17238
0.148388 6.15009
0.148662 6.12947
0.148937 6.10755
0.149212 6.08678
0.149487 6.06504
0.149763 6.04395
0.15004 6.02275
0.150317 6.00129
0.150594 5.98067
0.150872 5.95889
0.151151 5.93848
0.15143 5.91597
0.15171 5.89708
0.15199 5.87428
0.152271 5.85596
0.152552 5.83349
0.152833 5.81522
0.153116 5.79284
0.153398 5.77449
0.153682 5.75252
0.153965 5.73372
0.15425 5.71189
0.154535 5.69315
0.15482 5.6716
0.155106 5.65306
0.155392 5.6317
0.155679 5.61294
0.155967 5.59175
0.156255 5.57321
0.156543 5.55215
0.156832 5.53409
0.157122 5.51344
0.157412 5.49525
0.157703 5.4747
0.157994 5.45619
0.158286 5.43584
0.158578 5.41762
0.158871 5.39749
0.159164 5.37885
0.159458 5.35902
0.159753 5.34037
0.160048 5.32078
0.160343 5.30215
0.160639 5.28263
0.160936 5.26439
0.161233 5.24526
0.161531 5.22692
0.161829 5.20834
0.162128 5.18981
0.162427 5.17149
0.162727 5.15261
0.163028 5.13467
0.163329 5.11554
0.16363 5.09802
0.163933 5.07778
0.164235 5.06151
0.164539 5.0414
0.164842 5.0251
0.165147 5.00517
0.165452 4.9889
0.165757 4.96953
0.166063 4.95313
0.16637 4.93412
0.166677 4.91777
0.166985 4.89885
0.167293 4.88258
0.167602 4.86374
0.167912 4.84747
0.168222 4.82883
0.168532 4.81239
0.168844 4.79379
0.169155 4.7774
0.169468 4.75891
0.169781 4.74273
0.170094 4.72452
0.170408 4.70844
0.170723 4.69067
0.171038 4.67442
0.171354 4.65681
0.171671 4.64083
0.171988 4.6233
0.172305 4.60726
0.172623 4.58987
0.172942 4.57368
0.173261 4.55635
0.173581 4.54022
0.173902 4.52309
0.174223 4.50696
0.174545 4.49015
0.174867 4.4737
0.17519 4.45745
0.175514 4.44092
0.175838 4.42507
0.176162 4.40854
0.176488 4.39302
0.176814 4.37589
0.17714 4.36123
0.177467 4.34361
0.177795 4.32926
0.178123 4.31172
0.178452 4.29747
0.178782 4.27996
0.179112 4.26583
0.179443 4.24871
0.179774 4.23419
0.180106 4.21723
0.180438 4.20288
0.180772 4.18623
0.181105 4.17208
0.18144 4.15584
0.181775 4.14148
0.182111 4.12534
0.182447 4.11112
0.182784 4.0948
0.183121 4.08063
0.183459 4.06448
0.183798 4.05025
0.184138 4.03432
0.184478 4.02005
0.184818 4.0042
0.18516 3.99002
0.185502 3.97445
0.185844 3.96023
0.186187 3.94495
0.186531 3.9308
0.186876 3.9159
0.187221 3.90177
0.187566 3.88674
0.187913 3.87263
0.18826 3.85781
0.188607 3.84345
0.188956 3.82894
0.189305 3.81456
0.189654 3.80032
0.190004 3.78571
0.190355 3.77176
0.190707 3.75694
0.191059 3.74343
0.191412 3.72784
0.191765 3.7155
0.192119 3.70027
0.192474 3.68778
0.192829 3.67258
0.193186 3.66007
0.193542 3.64509
0.1939 3.63249
0.194258 3.61762
0.194616 3.60493
0.194976 3.59014
0.195336 3.5776
0.195697 3.56295
0.196058 3.55044
0.19642 3.53598
0.196783 3.52342
0.197146 3.50912
0.19751 3.49672
0.197875 3.48261
0.19824 3.47031
0.198606 3.45641
0.198973 3.44405
0.199341 3.43033
0.199709 3.41775
0.200077 3.40405
0.200447 3.3916
0.200817 3.37807
0.201188 3.36554
0.201559 3.35212
0.201932 3.33951
0.202304 3.3262
0.202678 3.31381
0.203052 3.30071
0.203427 3.28852
0.203803 3.27575
0.204179 3.26315
0.204556 3.25069
0.204934 3.23798
0.205312 3.22574
0.205692 3.21293
0.206071 3.2008
0.206452 3.18762
0.206833 3.17612
0.207215 3.16246
0.207598 3.15133
0.207981 3.13797
0.208365 3.12695
0.20875 3.11353
0.209135 3.10272
0.209522 3.08984
0.209908 3.07875
0.210296 3.06598
0.210684 3.05494
0.211073 3.04206
0.211463 3.03118
0.211854 3.0185
0.212245 3.00744
0.212637 2.99489
0.21303 2.98397
0.213423 2.97128
0.213817 2.96041
0.214212 2.948
0.214607 2.93709
0.215004 2.92491
0.215401 2.91411
0.215799 2.90222
0.216197 2.89132
0.216596 2.87955
0.216996 2.8686
0.217397 2.85695
0.217798 2.8459
0.218201 2.83438
0.218603 2.82346
0.219007 2.8118
0.219412 2.80089
0.219817 2.78952
0.220223 2.77848
0.220629 2.76731
0.221037 2.75631
0.221445 2.74543
0.221854 2.73443
0.222263 2.72391
0.222674 2.7127
0.223085 2.70232
0.223497 2.69044
0.22391 2.68093
0.224323 2.66904
0.224737 2.6595
0.225152 2.64769
0.225568 2.63802
0.225985 2.62643
0.226402 2.61679
0.22682 2.60536
0.227239 2.59566
0.227659 2.58436
0.228079 2.57482
0.2285 2.56382
0.228922 2.55439
0.229345 2.5434
0.229768 2.53381
0.230193 2.52296
0.230618 2.51334
0.231044 2.50242
0.23147 2.49296
0.231898 2.48216
0.232326 2.47271
0.232755 2.46204
0.233185 2.4524
0.233615 2.44189
0.234047 2.43242
0.234479 2.42206
0.234912 2.41267
0.235346 2.40258
0.23578 2.39301
0.236216 2.38301
0.236652 2.3735
0.237089 2.36357
0.237527 2.35411
0.237965 2.34428
0.238405 2.33455
0.238845 2.32499
0.239286 2.31519
0.239728 2.30585
0.240171 2.296
0.240614 2.28673
0.241058 2.27672
0.241504 2.26801
0.24195 2.25779
0.242396 2.24941
0.242844 2.23936
0.243292 2.23096
0.243742 2.22077
0.244192 2.21249
0.244643 2.20254
0.245094 2.19398
0.245547 2.18416
0.246 2.17573
0.246455 2.16586
0.24691 2.15751
0.247366 2.14777
0.247822 2.13944
0.24828 2.12977
0.248739 2.12165
0.249198 2.11212
0.249658 2.10396
0.250119 2.09461
0.250581 2.08632
0.251044 2.07709
0.251507 2.06884
0.251972 2.05972
0.252437 2.05134
0.252903 2.04224
0.25337 2.03391
0.253838 2.02497
0.254307 2.0166
0.254776 2.00781
0.255247 1.99949
0.255718 1.9907
0.25619 1.98253
0.256663 1.97402
0.257137 1.96579
0.257612 1.95739
0.258088 1.94903
0.258565 1.94079
0.259042 1.93234
0.25952 1.9243
0.26 1.91571
0.26048 1.90776
0.260961 1.89866
0.261443 1.89142
0.261925 1.88237
0.262409 1.87515
0.262894 1.86618
0.263379 1.85901
0.263865 1.85035
0.264353 1.84315
0.264841 1.83461
0.26533 1.82733
0.26582 1.81877
0.266311 1.81151
0.266803 1.80306
0.267295 1.79587
0.267789 1.78747
0.268283 1.78016
0.268779 1.77187
0.269275 1.76463
0.269772 1.75632
0.27027 1.7492
0.27077 1.74103
0.27127 1.73397
0.27177 1.72602
0.272272 1.71884
0.272775 1.711
0.273279 1.70391
0.273783 1.69611
0.274289 1.68894
0.274796 1.68126
0.275303 1.67398
0.275811 1.66637
0.276321 1.65916
0.276831 1.65165
0.277342 1.64443
0.277854 1.63702
0.278367 1.62969
0.278881 1.62252
0.279396 1.6153
0.279912 1.6083
0.280429 1.601
0.280947 1.5941
0.281466 1.58669
0.281986 1.58003
0.282506 1.57224
0.283028 1.56591
0.283551 1.55822
0.284074 1.55197
0.284599 1.54417
0.285124 1.53796
0.285651 1.53039
0.286178 1.52405
0.286707 1.51663
0.287236 1.5104
0.287767 1.50308
0.288298 1.49691
0.28883 1.48973
0.289364 1.48353
0.289898 1.47636
0.290433 1.47016
0.29097 1.46298
0.291507 1.45679
0.292045 1.44969
0.292585 1.44345
0.293125 1.43651
0.293666 1.43032
0.294208 1.42345
0.294752 1.41719
0.295296 1.41038
0.295841 1.40424
0.296388 1.39768
0.296935 1.39151
0.297483 1.38501
0.298033 1.37884
0.298583 1.37226
0.299134 1.3661
0.299687 1.3597
0.30024 1.35348
0.300795 1.34713
0.30135 1.34085
0.301906 1.33471
0.302464 1.32833
0.303022 1.32232
0.303582 1.3159
0.304143 1.31003
0.304704 1.30345
0.305267 1.29803
0.305831 1.29139
0.306395 1.28603
0.306961 1.27942
0.307528 1.27409
0.308096 1.26751
0.308665 1.26217
0.309235 1.25572
0.309806 1.25031
0.310378 1.24385
0.310951 1.23848
0.311525 1.23213
0.312101 1.22681
0.312677 1.2206
0.313254 1.21525
0.313833 1.20916
0.314412 1.20388
0.314993 1.19782
0.315574 1.19256
0.316157 1.18655
0.316741 1.18127
0.317326 1.17533
0.317912 1.16997
0.318499 1.16413
0.319087 1.15883
0.319676 1.15306
0.320267 1.14769
0.320858 1.14201
0.321451 1.13663
0.322044 1.13103
0.322639 1.12575
0.323235 1.12027
0.323832 1.11503
0.32443 1.10961
0.325029 1.10426
0.325629 1.099
0.32623 1.09362
0.326833 1.08841
0.327436 1.08295
0.328041 1.07784
0.328646 1.07233
0.329253 1.06742
0.329861 1.0616
0.33047 1.057
0.331081 1.05129
0.331692 1.04676
0.332305 1.04113
0.332918 1.03658
0.333533 1.0311
0.334149 1.0265
0.334766 1.02108
0.335384 1.01649
0.336003 1.01108
0.336624 1.0065
0.337246 1.00115
0.337868 0.9966
0.338492 0.99129
0.339117 0.986725
0.339743 0.981448
0.340371 0.976888
0.340999 0.971701
0.341629 0.967207
0.34226 0.962179
0.342892 0.957681
0.343525 0.952769
0.344159 0.948207
0.344795 0.943267
0.345432 0.938798
0.34607 0.933903
0.346709 0.929409
0.347349 0.92457
0.34799 0.920043
0.348633 0.91521
0.349277 0.910709
0.349922 0.90602
0.350568 0.901524
0.351215 0.896889
0.351864 0.892392
0.352513 0.887942
0.353164 0.8834
0.353817 0.879074
0.35447 0.874461
0.355125 0.870201
0.35578 0.865397
0.356437 0.861406
0.357095 0.856522
0.357755 0.852629
0.358416 0.847758
0.359077 0.843904
0.35974 0.839076
0.360405 0.83524
0.36107 0.830523
0.361737 0.82667
0.362405 0.822046
0.363074 0.818221
0.363745 0.813718
0.364416 0.809913
0.365089 0.805449
0.365763 0.80157
0.366439 0.797153
0.367116 0.793312
0.367793 0.788857
0.368473 0.785065
0.369153 0.780683
0.369835 0.776869
0.370518 0.772548
0.371202 0.768726
0.371887 0.764491
0.372574 0.760738
0.373262 0.756616
0.373951 0.752826
0.374642 0.748793
0.375334 0.744973
0.376027 0.740991
0.376721 0.737166
0.377417 0.733186
0.378114 0.729394
0.378812 0.72548
0.379511 0.721626
0.380212 0.717793
0.380914 0.713923
0.381618 0.710186
0.382322 0.706264
0.383028 0.702658
0.383736 0.698751
0.384444 0.695256
0.385154 0.69118
0.385866 0.687944
0.386578 0.683895
0.387292 0.680647
0.388007 0.676604
0.388724 0.673362
0.389441 0.669392
0.390161 0.666099
0.390881 0.662182
0.391603 0.658913
0.392326 0.655016
0.39305 0.651805
0.393776 0.647953
0.394503 0.644781
0.395232 0.641036
0.395962 0.637848
0.396693 0.634179
0.397425 0.630975
0.398159 0.627319
0.398895 0.624131
0.399631 0.620539
0.400369 0.617346
0.401108 0.613811
0.401849 0.610583
0.402591 0.607054
0.403335 0.603868
0.404079 0.600381
0.404826 0.597203
0.405573 0.593777
0.406322 0.590622
0.407072 0.587274
0.407824 0.584155
0.408577 0.580879
0.409332 0.577748
0.410088 0.574512
0.410845 0.571308
0.411604 0.568178
0.412364 0.564929
0.413125 0.561861
0.413888 0.558583
0.414652 0.555586
0.415418 0.552202
0.416185 0.54938
0.416954 0.545923
0.417723 0.543212
0.418495 0.53984
0.419268 0.537188
0.420042 0.53386
0.420818 0.531225
0.421595 0.527971
0.422373 0.525269
0.423153 0.522033
0.423934 0.519344
0.424717 0.516131
0.425502 0.513472
0.426287 0.510296
0.427075 0.507607
0.427863 0.504498
0.428653 0.50185
0.429445 0.498736
0.430238 0.49611
0.431032 0.493079
0.431828 0.490477
0.432626 0.487533
0.433425 0.484931
0.434225 0.482001
0.435027 0.47939
0.43583 0.476514
0.436635 0.473874
0.437441 0.471036
0.438249 0.468376
0.439058 0.465583
0.439869 0.462947
0.440681 0.460162
0.441495 0.457548
0.44231 0.454835
0.443127 0.452207
0.443945 0.449593
0.444765 0.44698
0.445586 0.444446
0.446409 0.441785
0.447234 0.439307
0.448059 0.436606
0.448887 0.434186
0.449716 0.431324
0.450546 0.429106
0.451378 0.426275
0.452212 0.424048
0.453047 0.421235
0.453883 0.419024
0.454722 0.416271
0.455561 0.414073
0.456402 0.41139
0.457245 0.409198
0.45809 0.406592
0.458935 0.40442
0.459783 0.401827
0.460632 0.399656
0.461483 0.397089
0.462335 0.394899
0.463189 0.39236
0.464044 0.390175
0.464901 0.387632
0.465759 0.385479
0.466619 0.382992
0.467481 0.380837
0.468344 0.37841
0.469209 0.376258
0.470076 0.373873
0.470944 0.371761
0.471813 0.369446
0.472684 0.367312
0.473557 0.365027
0.474432 0.362878
0.475308 0.360604
0.476186 0.358468
0.477065 0.356227
0.477946 0.354099
0.478828 0.351905
0.479713 0.349713
0.480598 0.347592
0.481486 0.345394
0.482375 0.34334
0.483266 0.341146
0.484158 0.339148
0.485052 0.336951
0.485948 0.335059
0.486845 0.332775
0.487744 0.330951
0.488645 0.328715
0.489547 0.326906
0.490451 0.324638
0.491357 0.322854
0.492264 0.320639
0.493173 0.318833
0.494084 0.31664
0.494996 0.314854
0.495911 0.31268
0.496826 0.310933
0.497744 0.308818
0.498663 0.307074
0.499584 0.30503
0.500506 0.303306
0.50143 0.301248
0.502356 0.299513
0.503284 0.297497
0.504213 0.295752
0.505144 0.293766
0.506077 0.292028
0.507012 0.290065
0.507948 0.28832
0.508886 0.286387
0.509826 0.284644
0.510767 0.282758
0.51171 0.281014
0.512655 0.279189
0.513602 0.277494
0.51455 0.27569
0.515501 0.273982
0.516453 0.27222
0.517406 0.270492
0.518362 0.268754
0.519319 0.267015
0.520278 0.265326
0.521239 0.263553
0.522201 0.261918
0.523165 0.260124
0.524131 0.258523
0.525099 0.256623
0.526069 0.255197
0.52704 0.253338
0.528014 0.251926
0.528989 0.250128
0.529966 0.248699
0.530944 0.24693
0.531925 0.245505
0.532907 0.243753
0.533891 0.242332
0.534877 0.24058
0.535865 0.239159
0.536854 0.237442
0.537845 0.236041
0.538839 0.23433
0.539834 0.232922
0.54083 0.23126
0.541829 0.229862
0.54283 0.228223
0.543832 0.226863
0.544836 0.225279
0.545842 0.223918
0.54685 0.222352
0.54786 0.220968
0.548872 0.219426
0.549885 0.218055
0.550901 0.216527
0.551918 0.21515
0.552937 0.213648
0.553958 0.212254
0.554981 0.210788
0.556006 0.209406
0.557033 0.207967
0.558061 0.206606
0.559092 0.20521
0.560124 0.203844
0.561159 0.202508
0.562195 0.201127
0.563233 0.199822
0.564273 0.198426
0.565315 0.197143
0.566359 0.195712
0.567405 0.194494
0.568453 0.193002
0.569502 0.19185
0.570554 0.190391
0.571608 0.189249
0.572663 0.187783
0.573721 0.186678
0.57478 0.18526
0.575842 0.184142
0.576905 0.182788
0.57797 0.181679
0.579037 0.180326
0.580107 0.179222
0.581178 0.177886
0.582251 0.176774
0.583326 0.175444
0.584404 0.174357
0.585483 0.173032
0.586564 0.171943
0.587647 0.170645
0.588732 0.169549
0.589819 0.168285
0.590908 0.167203
0.592 0.165977
0.593093 0.164907
0.594188 0.163716
0.595285 0.162646
0.596385 0.16148
0.597486 0.1604
0.598589 0.159248
0.599694 0.15817
0.600802 0.157023
0.601911 0.155946
0.603023 0.154831
0.604136 0.15375
0.605252 0.152654
0.60637 0.151558
0.607489 0.150505
0.608611 0.149407
0.609735 0.1484
0.610861 0.147319
0.611989 0.146343
0.613119 0.145194
0.614251 0.14431
0.615386 0.14316
0.616522 0.14228
0.61766 0.141136
0.618801 0.140258
0.619944 0.139138
0.621088 0.138261
0.622235 0.137157
0.623384 0.136286
0.624535 0.135188
0.625689 0.134327
0.626844 0.133261
0.628002 0.132427
0.629161 0.131411
0.630323 0.130557
0.631487 0.129553
0.632653 0.128708
0.633821 0.127703
0.634992 0.126865
0.636164 0.125876
0.637339 0.125034
0.638516 0.124056
0.639695 0.123209
0.640876 0.122252
0.64206 0.121419
0.643246 0.120481
0.644433 0.119648
0.645623 0.118743
0.646816 0.117921
0.64801 0.117048
0.649207 0.116227
0.650405 0.11537
0.651606 0.114543
0.65281 0.113699
0.654015 0.11286
0.655223 0.112034
0.656433 0.111193
0.657645 0.110391
0.658859 0.109534
0.660076 0.108755
0.661295 0.107888
0.662516 0.107153
0.66374 0.106242
0.664965 0.105575
0.666193 0.104719
0.667423 0.104055
0.668656 0.103188
0.669891 0.10253
0.671128 0.101682
0.672367 0.101015
0.673608 0.100177
0.674852 0.0995134
0.676099 0.0986843
0.677347 0.098025
0.678598 0.0972078
0.679851 0.0965579
0.681106 0.0957495
0.682364 0.0951047
0.683624 0.094317
0.684887 0.0936855
0.686151 0.0929347
0.687418 0.0923
0.688688 0.0915658
0.689959 0.090931
0.691233 0.0902032
0.69251 0.0895629
0.693789 0.0888411
0.69507 0.0882045
0.696353 0.0874993
0.697639 0.0868615
0.698928 0.0861684
0.700218 0.0855341
0.701511 0.0848507
0.702807 0.0842219
0.704104 0.0835703
0.705405 0.0829526
0.706707 0.0823242
0.708012 0.0816999
0.70932 0.0810923
0.710629 0.080455
0.711942 0.0798615
0.713256 0.0792152
0.714574 0.0786391
0.715893 0.0779584
0.717215 0.0774338
0.718539 0.0767452
0.719866 0.0762348
0.721196 0.0755567
0.722527 0.0750588
0.723862 0.0743905
0.725198 0.0739027
0.726537 0.0732766
0.727879 0.0727868
0.729223 0.0721601
0.73057 0.0716716
0.731919 0.0710561
0.73327 0.07057
0.734624 0.0699643
0.735981 0.0694712
0.73734 0.0688722
0.738702 0.0683855
0.740066 0.0677925
0.741432 0.067312
0.742801 0.0667322
0.744173 0.0662549
0.745547 0.0656891
0.746924 0.0652219
0.748303 0.0646847
0.749685 0.0642188
0.75107 0.0636929
0.752456 0.0632204
0.753846 0.0627032
0.755238 0.0622277
0.756633 0.0617171
0.75803 0.061242
0.75943 0.0607413
0.760832 0.0602677
0.762237 0.0597762
0.763644 0.0592976
0.765055 0.0588273
0.766467 0.0583479
0.767883 0.0578972
0.769301 0.0574228
0.770721 0.0569945
0.772145 0.0565162
0.77357 0.0561068
0.774999 0.0555937
0.77643 0.0552194
0.777864 0.0547157
0.7793 0.0543399
0.780739 0.0538403
0.782181 0.0534668
0.783625 0.052977
0.785072 0.052603
0.786522 0.0521198
0.787974 0.0517544
0.78943 0.0512818
0.790887 0.050924
0.792348 0.0504778
0.793811 0.0501254
0.795277 0.0496845
0.796745 0.0493281
0.798217 0.0488934
0.799691 0.0485349
0.801167 0.0481041
0.802647 0.0477481
0.804129 0.047327
0.805614 0.0469701
0.807101 0.0465575
0.808592 0.0461999
0.810085 0.0457922
0.811581 0.0454462
0.81308 0.0450474
0.814581 0.0447093
0.816085 0.044332
0.817592 0.043993
0.819102 0.0436211
0.820615 0.0432783
0.82213 0.0429187
0.823648 0.0425736
0.825169 0.0422164
0.826693 0.0418676
0.828219 0.0415237
0.829749 0.0411681
0.831281 0.040838
0.832816 0.0404771
0.834354 0.0401617
0.835895 0.0397852
0.837438 0.0395034
0.838985 0.0391343
0.840534 0.0388651
0.842086 0.0385015
0.843641 0.0382349
0.845199 0.0378742
0.84676 0.0376086
0.848323 0.037254
0.84989 0.0369861
0.851459 0.0366329
0.853031 0.0363675
0.854607 0.036022
0.856185 0.0357606
0.857766 0.0354214
0.85935 0.0351579
0.860937 0.0348296
0.862526 0.034578
0.864119 0.0342607
0.865715 0.0340102
0.867313 0.0337027
0.868915 0.0334504
0.87052 0.0331472
0.872127 0.0328935
0.873738 0.0325929
0.875351 0.0323406
0.876967 0.0320478
0.878587 0.031793
0.880209 0.0315059
0.881835 0.0312514
0.883463 0.0309732
0.885094 0.030718
0.886729 0.0304485
0.888366 0.030203
0.890007 0.0299474
0.89165 0.0297001
0.893297 0.0294522
0.894946 0.0292009
0.896599 0.0289612
0.898255 0.0287028
0.899913 0.0284714
0.901575 0.0282083
0.90324 0.0279876
0.904908 0.0277052
0.906579 0.0275087
0.908253 0.0272318
0.90993 0.0270369
0.911611 0.0267655
0.913294 0.0265774
0.91498 0.0263214
0.91667 0.0261325
0.918363 0.0258834
0.920059 0.0256946
0.921758 0.0254472
0.92346 0.0252605
0.925165 0.0250156
0.926873 0.0248295
0.928585 0.0245875
0.9303 0.0244004
0.932018 0.0241645
0.933739 0.0239773
0.935463 0.0237441
0.93719 0.0235612
0.938921 0.0233358
0.940655 0.0231571
0.942392 0.0229445
0.944132 0.0227657
0.945875 0.0225579
0.947622 0.0223795
0.949372 0.0221737
0.951125 0.0219944
0.952881 0.021792
0.954641 0.0216126
0.956404 0.0214151
0.95817 0.0212338
0.959939 0.0210415
0.961712 0.0208607
0.963488 0.0206733
0.965267 0.0204913
0.967049 0.0203148
0.968835 0.0201352
0.970624 0.0199684
0.972417 0.0197877
0.974212 0.0196294
0.976011 0.0194392
0.977814 0.0192923
0.979619 0.0190946
0.981428 0.0189556
0.983241 0.0187601
0.985056 0.018624
0.986875 0.0184301
0.988698 0.0182954
0.990523 0.0181066
0.992352 0.0179723
0.994185 0.0177877
0.996021 0.0176566
0.99786 0.0174818
0.999703 0.0173537
1.00155 0.0171839
1.0034 0.0170538
1.00525 0.0168874
1.00711 0.016759
1.00897 0.0165927
1.01083 0.0164627
1.0127 0.0163
1.01457 0.0161707
1.01644 0.0160105
1.01832 0.0158826
1.0202 0.0157257
1.02208 0.0155983
1.02397 0.0154478
1.02586 0.0153229
1.02775 0.0151802
1.02965 0.0150559
1.03155 0.0149185
1.03346 0.0147938
1.03537 0.0146576
1.03728 0.0145322
1.03919 0.0143995
1.04111 0.0142721
1.04304 0.0141433
1.04496 0.0140137
1.04689 0.01389
1.04882 0.0137581
1.05076 0.0136408
1.0527 0.0135061
1.05465 0.013397
1.05659 0.013256
1.05854 0.013163
1.0605 0.0130276
1.06246 0.0129341
1.06442 0.0127996
1.06638 0.0127056
1.06835 0.0125731
1.07033 0.0124795
1.0723 0.0123486
1.07428 0.0122543
1.07627 0.0121259
1.07825 0.0120332
1.08025 0.0119066
1.08224 0.0118158
1.08424 0.0116918
1.08624 0.0116026
1.08825 0.0114866
1.09026 0.011398
1.09227 0.0112857
1.09429 0.011198
1.09631 0.0110868
1.09833 0.0109987
1.10036 0.0108893
1.10239 0.0108004
1.10443 0.0106925
1.10647 0.0106043
1.10851 0.0104986
1.11056 0.0104099
1.11261 0.0103072
1.11466 0.0102187
1.11672 0.01012
1.11878 0.0100335
1.12085 0.0099402
1.12292 0.00985535
1.12499 0.00976635
1.12707 0.00967833
1.12915 0.00959229
1.13124 0.00950248
1.13333 0.00941934
1.13542 0.00932761
1.13751 0.0092478
1.13962 0.00915224
1.14172 0.00907851
1.14383 0.00897753
1.14594 0.00891138
1.14806 0.00881336
1.15018 0.00874939
1.1523 0.00865498
1.15443 0.00859277
1.15656 0.00850345
1.1587 0.00844026
1.16083 0.00835152
1.16298 0.00828876
1.16513 0.00820067
1.16728 0.00813783
1.16943 0.0080511
1.17159 0.00798832
1.17376 0.00790287
1.17592 0.00784101
1.1781 0.00775703
1.18027 0.00769547
1.18245 0.00761414
1.18463 0.00755425
1.18682 0.00747731
1.18901 0.00741851
1.19121 0.00734528
1.19341 0.00728562
1.19561 0.00721331
1.19782 0.00715317
1.20003 0.00708225
1.20225 0.00702153
1.20447 0.00695215
1.20669 0.00689118
1.20892 0.0068234
1.21115 0.00676203
1.21339 0.0066967
1.21563 0.00663494
1.21787 0.00657257
1.22012 0.00651197
1.22238 0.00645394
1.22463 0.0063933
1.2269 0.00633886
1.22916 0.00627608
1.23143 0.00622398
1.2337 0.00615434
1.23598 0.00611013
1.23826 0.00604129
1.24055 0.00599716
1.24284 0.00592925
1.24514 0.00588486
1.24744 0.00581857
1.24974 0.00577493
1.25205 0.00571011
1.25436 0.00566788
1.25668 0.00560604
1.259 0.00556449
1.26132 0.00550619
1.26365 0.00546496
1.26598 0.00540681
1.26832 0.00536485
1.27066 0.00530788
1.27301 0.00526579
1.27536 0.00520925
1.27772 0.00516771
1.28008 0.005112
1.28244 0.00507052
1.28481 0.00501597
1.28718 0.00497426
1.28956 0.00492204
1.29194 0.00488167
1.29432 0.00483186
1.29671 0.00479237
1.29911 0.00474539
1.30151 0.00470506
1.30391 0.00465904
1.30632 0.00461821
1.30873 0.00457348
1.31115 0.00453187
1.31357 0.00448808
1.31599 0.00444581
1.31842 0.00440348
1.32086 0.0043605
1.3233 0.00432041
1.32574 0.00427653
1.32819 0.00423929
1.33064 0.00419464
1.3331 0.00416134
1.33556 0.00411529
1.33803 0.00408607
1.3405 0.0040407
1.34297 0.0040113
1.34545 0.00396597
1.34794 0.00393697
1.35043 0.0038921
1.35292 0.00386273
1.35542 0.00381878
1.35792 0.00378966
1.36043 0.0037464
1.36294 0.00371755
1.36546 0.00367537
1.36798 0.00364718
1.37051 0.00360714
1.37304 0.00358016
1.37557 0.00354221
1.37811 0.003515
1.38066 0.00347763
1.38321 0.00344995
1.38576 0.00341315
1.38832 0.00338544
1.39088 0.00334939
1.39345 0.00332126
1.39603 0.00328584
1.3986 0.00325768
1.40119 0.0032233
1.40377 0.00319527
1.40637 0.00316213
1.40896 0.0031346
1.41157 0.00310318
1.41417 0.00307644
1.41678 0.00304719
1.4194 0.00301989
1.42202 0.00299124
1.42465 0.00296309
1.42728 0.00293557
1.42991 0.00290634
1.43255 0.00288012
1.4352 0.00284975
1.43785 0.00282512
1.4405 0.00279183
1.44316 0.00277117
1.44583 0.00273778
1.4485 0.00271835
1.45117 0.00268639
1.45385 0.00266758
1.45654 0.0026381
1.45923 0.0026191
1.46192 0.00258982
1.46462 0.00257088
1.46733 0.00254159
1.47004 0.00252252
1.47275 0.00249363
1.47547 0.00247462
1.47819 0.00244632
1.48092 0.00242709
1.48366 0.00239926
1.4864 0.00238039
1.48914 0.00235323
1.49189 0.00233487
1.49465 0.00230913
1.49741 0.00229131
1.50017 0.00226718
1.50294 0.00224909
1.50572 0.00222537
1.5085 0.00220713
1.51129 0.00218382
1.51408 0.00216536
1.51687 0.00214258
1.51967 0.00212376
1.52248 0.00210141
1.52529 0.00208248
1.52811 0.00206101
1.53093 0.0020418
1.53376 0.0020213
1.53659 0.00200229
1.53943 0.00198311
1.54227 0.00196471
1.54512 0.00194708
1.54797 0.00192776
1.55083 0.00191093
1.55369 0.00189043
1.55656 0.00187503
1.55944 0.00185238
1.56231 0.00183922
1.5652 0.00181697
1.56809 0.00180384
1.57099 0.00178168
1.57389 0.00176885
1.57679 0.00174725
1.5797 0.00173471
1.58262 0.00171402
1.58554 0.00170198
1.58847 0.00168297
1.59141 0.00167073
1.59434 0.0016519
1.59729 0.00163968
1.60024 0.001621
1.60319 0.00160855
1.60615 0.00159009
1.60912 0.00157759
1.61209 0.00155948
1.61507 0.00154692
1.61805 0.00152922
1.62104 0.00151673
1.62403 0.00149958
1.62703 0.00148729
1.63003 0.00147096
1.63304 0.00145914
1.63606 0.00144409
1.63908 0.00143224
1.64211 0.0014173
1.64514 0.00140513
1.64818 0.00139053
1.65122 0.00137806
1.65427 0.00136403
1.65733 0.00135117
1.66039 0.00133749
1.66345 0.00132437
1.66652 0.00131143
1.6696 0.00129795
1.67268 0.00128584
1.67577 0.00127203
1.67887 0.0012613
1.68197 0.0012472
1.68507 0.00123822
1.68819 0.00122346
1.6913 0.0012151
1.69443 0.00120041
1.69756 0.00119206
1.70069 0.00117751
1.70383 0.00116912
1.70698 0.00115468
1.71013 0.00114628
1.71329 0.00113211
1.71645 0.00112377
1.71962 0.0011099
1.7228 0.00110179
1.72598 0.00108856
1.72916 0.00108072
1.73236 0.00106866
1.73556 0.00106075
1.73876 0.00104875
1.74197 0.00104079
1.74519 0.00102896
1.74841 0.00102086
1.75164 0.00100919
1.75487 0.00100098
1.75812 0.000989488
1.76136 0.000981251
1.76461 0.000970137
1.76787 0.000961803
1.77114 0.000951045
1.77441 0.000942781
1.77768 0.000932633
1.78097 0.000924777
1.78426 0.000915491
1.78755 0.000907431
1.79085 0.000898338
1.79416 0.000889984
1.79747 0.000881301
1.80079 0.000872606
1.80412 0.000864234
1.80745 0.000855093
1.81079 0.000847267
1.81413 0.000837572
1.81748 0.000830543
1.82084 0.000819623
1.8242 0.000814099
1.82757 0.0008036
1.83094 0.000798322
1.83432 0.000788891
1.83771 0.000783572
1.8411 0.000774201
1.8445 0.000768792
1.84791 0.00075944
1.85132 0.000754042
1.85474 0.000744771
1.85816 0.000739296
1.8616 0.000730199
1.86503 0.000724771
1.86848 0.000715743
1.87193 0.000710288
1.87538 0.000701515
1.87885 0.000696146
1.88232 0.000687705
1.88579 0.000682666
1.88928 0.000675084
1.89276 0.000669922
1.89626 0.000662418
1.89976 0.000657159
1.90327 0.000649725
1.90678 0.000644435
1.9103 0.000637107
1.91383 0.000631688
1.91737 0.000624532
1.92091 0.000619037
1.92445 0.000612096
1.92801 0.000606462
1.93157 0.000599888
1.93514 0.000594217
1.93871 0.000588044
1.94229 0.000582676
1.94588 0.000577152
1.94947 0.000571494
1.95307 0.000566252
1.95667 0.000560227
1.96029 0.000555367
1.96391 0.000548633
1.96753 0.000544491
1.97117 0.000537313
1.97481 0.000533653
1.97845 0.000526545
1.98211 0.000522942
1.98577 0.00051597
1.98943 0.000512434
1.99311 0.000505669
1.99679 0.000502358
2.00048 0.000496289
2.00417 0.000492907
2.00787 0.00048694
2.01158 0.000483527
2.01529 0.000477589
2.01902 0.000474094
2.02274 0.000468234
2.02648 0.000464759
2.03022 0.000458917
2.03397 0.000455396
2.03773 0.000449693
2.04149 0.000446156
2.04526 0.00044061
2.04904 0.000437114
2.05282 0.000431763
2.05661 0.00042848
2.06041 0.000423729
2.06421 0.000420349
2.06802 0.000415669
2.07184 0.000412202
2.07567 0.000407644
2.0795 0.000404026
2.08334 0.000399582
2.08719 0.000395873
2.09104 0.000391576
2.0949 0.000387748
2.09877 0.000383651
2.10265 0.000379706
2.10653 0.000375845
2.11042 0.00037174
2.11432 0.000368301
2.11822 0.000364256
2.12213 0.000361361
2.12605 0.000356698
2.12998 0.000354435
2.13391 0.0003498
2.13785 0.000347504
2.1418 0.00034291
2.14576 0.000340596
2.14972 0.000336032
2.15369 0.000333691
2.15766 0.000329196
2.16165 0.000326861
2.16564 0.000322443
2.16964 0.000320182
2.17365 0.000315884
2.17766 0.000313754
2.18168 0.000309912
2.18571 0.00030775
2.18975 0.000304001
2.19379 0.00030178
2.19784 0.000298043
2.2019 0.000295803
2.20597 0.000292127
2.21004 0.000289841
2.21412 0.000286223
2.21821 0.000283902
2.2223 0.000280346
2.22641 0.000277999
2.23052 0.000274561
2.23464 0.0002722
2.23876 0.00026893
2.2429 0.00026673
2.24704 0.000263808
2.25119 0.000261544
2.25535 0.000258713
2.25951 0.000256353
2.26368 0.00025361
2.26786 0.000251139
2.27205 0.000248526
2.27625 0.000245901
2.28045 0.000243444
2.28466 0.00024064
2.28888 0.00023841
2.29311 0.00023529
2.29734 0.000233447
2.30158 0.000230071
2.30583 0.000228655
2.31009 0.000225647
2.31436 0.000224241
2.31863 0.00022129
2.32291 0.000219863
2.3272 0.000216939
2.3315 0.000215485
2.33581 0.000212576
2.34012 0.000211105
2.34444 0.000208214
2.34877 0.000206734
2.35311 0.000203887
2.35745 0.000202395
2.36181 0.000199608
2.36617 0.000198149
2.37054 0.00019545
2.37491 0.000194065
2.3793 0.000191644
2.38369 0.000190257
2.38809 0.000187914
2.3925 0.000186493
2.39692 0.000184171
2.40135 0.000182708
2.40578 0.000180431
2.41023 0.000178923
2.41468 0.000176694
2.41914 0.000175138
2.4236 0.000172979
2.42808 0.000171394
2.43256 0.000169314
2.43705 0.000167702
2.44155 0.000165762
2.44606 0.000164222
2.45058 0.0001625
2.4551 0.000160904
2.45964 0.000159305
2.46418 0.000157599
2.46873 0.000156097
2.47329 0.000154217
2.47786 0.000152884
2.48243 0.000150636
2.48702 0.000149675
2.49161 0.000147452
2.49621 0.0001465
2.50082 0.000144307
2.50544 0.000143354
2.51006 0.000141223
2.5147 0.000140335
2.51934 0.000138423
2.52399 0.000137527
2.52866 0.000135691
2.53333 0.000134785
2.538 0.000132949
2.54269 0.000132036
2.54739 0.000130206
2.55209 0.000129269
2.5568 0.000127472
2.56152 0.000126508
2.56625 0.00012474
2.57099 0.000123782
2.57574 0.000122038
2.5805 0.000121086
2.58526 0.000119417
2.59004 0.000118515
2.59482 0.000117013
2.59961 0.000116116
2.60441 0.000114682
2.60922 0.000113746
2.61404 0.000112345
2.61886 0.000111368
2.6237 0.000109998
2.62855 0.000108978
2.6334 0.000107647
2.63826 0.00010659
2.64313 0.000105324
2.64801 0.000104206
2.6529 0.000103017
2.6578 0.000101863
2.66271 0.000100789
2.66763 9.96438e-05
2.67255 9.87321e-05
2.67749 9.74914e-05
2.68243 9.67427e-05
2.68739 9.53238e-05
2.69235 9.47365e-05
2.69732 9.33286e-05
2.7023 9.273e-05
2.70729 9.13217e-05
2.71229 9.07179e-05
2.7173 8.93314e-05
2.72232 8.87208e-05
2.72735 8.73562e-05
2.73238 8.67582e-05
2.73743 8.5426e-05
2.74248 8.48648e-05
2.74755 8.36591e-05
2.75262 8.31028e-05
2.7577 8.19616e-05
2.7628 8.13936e-05
2.7679 8.02607e-05
2.77301 7.96826e-05
2.77813 7.85585e-05
2.78326 7.79583e-05
2.7884 7.68468e-05
2.79355 7.62393e-05
2.79871 7.51507e-05
2.80387 7.45231e-05
2.80905 7.34622e-05
2.81424 7.28384e-05
2.81944 7.18239e-05
2.82464 7.12278e-05
2.82986 7.03206e-05
2.83508 6.97176e-05
2.84032 6.88763e-05
2.84556 6.82442e-05
2.85082 6.74238e-05
2.85608 6.67528e-05
2.86136 6.5967e-05
2.86664 6.52545e-05
2.87193 6.45135e-05
2.87724 6.37404e-05
2.88255 6.30635e-05
2.88787 6.22172e-05
2.89321 6.16285e-05
2.89855 6.05956e-05
2.9039 6.02402e-05
2.90926 5.93077e-05
2.91464 5.8963e-05
2.92002 5.80858e-05
2.92541 5.7726e-05
2.93081 5.68576e-05
2.93623 5.649e-05
2.94165 5.56235e-05
2.94708 5.52523e-05
2.95252 5.43867e-05
2.95797 5.40058e-05
2.96344 5.31533e-05
2.96891 5.27738e-05
2.97439 5.19295e-05
2.97988 5.15502e-05
2.98539 5.07345e-05
2.9909 5.03795e-05
2.99642 4.9639e-05
3.00195 4.92914e-05
3.0075 4.8595e-05
3.01305 4.82391e-05
3.01862 4.75489e-05
3.02419 4.71784e-05
3.02977 4.65012e-05
3.03537 4.6114e-05
3.04097 4.54478e-05
3.04659 4.50477e-05
3.05222 4.44023e-05
3.05785 4.39853e-05
3.0635 4.33613e-05
3.06916 4.29395e-05
3.07482 4.23537e-05
3.0805 4.1943e-05
3.08619 4.14221e-05
3.09189 4.10099e-05
3.0976 4.0537e-05
3.10332 4.00928e-05
3.10905 3.96542e-05
3.11479 3.9164e-05
3.12054 3.87637e-05
3.1263 3.82071e-05
3.13208 3.78727e-05
3.13786 3.72213e-05
3.14365 3.69837e-05
3.14946 3.63391e-05
3.15528 3.61051e-05
3.1611 3.5473e-05
3.16694 3.52543e-05
3.17279 3.46797e-05
3.17865 3.44682e-05
3.18452 3.39365e-05
3.1904 3.37176e-05
3.19629 3.31899e-05
3.20219 3.29657e-05
3.2081 3.24391e-05
3.21403 3.2208e-05
3.21996 3.16857e-05
3.22591 3.14533e-05
3.23187 3.09332e-05
3.23783 3.06976e-05
3.24381 3.01886e-05
3.2498 2.99503e-05
3.2558 2.94577e-05
3.26182 2.9233e-05
3.26784 2.87886e-05
3.27387 2.85696e-05
3.27992 2.81603e-05
3.28598 2.79296e-05
3.29204 2.75286e-05
3.29812 2.72876e-05
3.30421 2.68955e-05
3.31031 2.66432e-05
3.31643 2.62586e-05
3.32255 2.59919e-05
3.32869 2.56241e-05
3.33483 2.53447e-05
3.34099 2.4996e-05
3.34716 2.47003e-05
3.35334 2.43832e-05
3.35953 2.40845e-05
3.36574 2.38177e-05
3.37195 2.35088e-05
3.37818 2.32867e-05
3.38442 2.29115e-05
3.39067 2.27566e-05
3.39693 2.23601e-05
3.4032 2.22216e-05
3.40949 2.18251e-05
3.41578 2.1683e-05
3.42209 2.12921e-05
3.42841 2.11481e-05
3.43474 2.07613e-05
3.44108 2.06197e-05
3.44744 2.02401e-05
3.4538 2.01063e-05
3.46018 1.97593e-05
3.46657 1.9631e-05
3.47297 1.93183e-05
3.47939 1.91854e-05
3.48581 1.88722e-05
3.49225 1.87375e-05
3.4987 1.84259e-05
3.50516 1.82861e-05
3.51163 1.79781e-05
3.51811 1.78332e-05
3.52461 1.75286e-05
3.53112 1.7381e-05
3.53764 1.70837e-05
3.54417 1.69342e-05
3.55072 1.66473e-05
3.55727 1.65031e-05
3.56384 1.62463e-05
3.57042 1.61065e-05
3.57702 1.58749e-05
3.58362 1.57266e-05
3.59024 1.55034e-05
3.59687 1.53441e-05
3.60351 1.51285e-05
3.61017 1.49583e-05
3.61683 1.47533e-05
3.62351 1.45676e-05
3.6302 1.43774e-05
3.63691 1.41735e-05
3.64362 1.40046e-05
3.65035 1.37746e-05
3.65709 1.36412e-05
3.66384 1.33818e-05
3.67061 1.33053e-05
3.67739 1.3074e-05
3.68418 1.29952e-05
3.69098 1.27636e-05
3.6978 1.26829e-05
3.70463 1.2451e-05
3.71147 1.23697e-05
3.71832 1.21384e-05
3.72519 1.20544e-05
3.73207 1.18247e-05
3.73896 1.17391e-05
3.74586 1.1513e-05
3.75278 1.1428e-05
3.75971 1.12063e-05
3.76665 1.11251e-05
3.77361 1.09215e-05
3.78058 1.08454e-05
3.78756 1.06651e-05
3.79455 1.05857e-05
3.80156 1.04068e-05
3.80858 1.0324e-05
3.81561 1.01469e-05
3.82266 1.00612e-05
3.82972 9.88616e-06
3.83679 9.79611e-06
3.84387 9.62453e-06
3.85097 9.53256e-06
3.85808 9.36544e-06
3.86521 9.269e-06
3.87234 9.111e-06
3.87949 9.01624e-06
3.88666 8.87623e-06
3.89384 8.78493e-06
3.90103 8.6626e-06
3.90823 8.56349e-06
3.91545 8.44822e-06
3.92268 8.33776e-06
3.92992 8.23312e-06
3.93718 8.10833e-06
3.94445 8.01615e-06
3.95173 7.86408e-06
3.95903 7.79975e-06
3.96634 7.63401e-06
3.97366 7.58468e-06
3.981 7.42146e-06
3.98835 7.37456e-06
3.99572 7.22353e-06
4.0031 7.18041e-06
4.01049 7.04797e-06
4.01789 7.00337e-06
4.02531 6.87176e-06
4.03275 6.82574e-06
4.04019 6.6944e-06
4.04765 6.64705e-06
4.05513 6.51625e-06
4.06262 6.46737e-06
4.07012 6.3375e-06
4.07763 6.28763e-06
4.08516 6.15922e-06
4.09271 6.10982e-06
4.10027 5.98432e-06
4.10784 5.93653e-06
4.11542 5.82127e-06
4.12302 5.77657e-06
4.13064 5.67689e-06
4.13826 5.63036e-06
4.14591 5.5322e-06
4.15356 5.48244e-06
4.16123 5.38607e-06
4.16892 5.33332e-06
4.17661 5.23936e-06
4.18433 5.1834e-06
4.19205 5.09218e-06
4.19979 5.03268e-06
4.20755 4.94573e-06
4.21532 4.88211e-06
4.2231 4.80266e-06
4.2309 4.73741e-06
4.23871 4.66903e-06
4.24654 4.60559e-06
4.25438 4.5506e-06
4.26224 4.47652e-06
4.27011 4.43159e-06
4.278 4.33869e-06
4.2859 4.31169e-06
4.29381 4.21892e-06
4.30174 4.19109e-06
4.30968 4.09873e-06
4.31764 4.07059e-06
4.32561 3.97882e-06
4.3336 3.95074e-06
4.3416 3.86001e-06
4.34962 3.83343e-06
4.35765 3.74874e-06
4.3657 3.72496e-06
4.37376 3.65286e-06
4.38184 3.62815e-06
4.38993 3.55612e-06
4.39804 3.53026e-06
4.40616 3.45893e-06
4.41429 3.4321e-06
4.42245 3.36065e-06
4.43061 3.33311e-06
4.43879 3.26251e-06
4.44699 3.23387e-06
4.4552 3.1644e-06
4.46343 3.13521e-06
4.47167 3.06795e-06
4.47993 3.03937e-06
4.4882 2.97751e-06
4.49649 2.95136e-06
4.50479 2.89938e-06
4.51311 2.87152e-06
4.52144 2.82101e-06
4.52979 2.79049e-06
4.53816 2.74183e-06
4.54654 2.70877e-06
4.55493 2.66202e-06
4.56335 2.62594e-06
4.57177 2.58239e-06
4.58021 2.54221e-06
4.58867 2.50285e-06
4.59715 2.45773e-06
4.60564 2.42474e-06
4.61414 2.37237e-06
4.62266 2.35181e-06
4.6312 2.30223e-06
4.63975 2.28868e-06
4.64832 2.23898e-06
4.6569 2.22516e-06
4.6655 2.17544e-06
4.67411 2.16112e-06
4.68275 2.11145e-06
4.69139 2.09669e-06
4.70006 2.04699e-06
4.70874 2.03183e-06
4.71743 1.98277e-06
4.72614 1.96771e-06
4.73487 1.91928e-06
4.74361 1.90454e-06
4.75237 1.85912e-06
4.76115 1.84644e-06
4.76994 1.8086e-06
4.77875 1.7953e-06
4.78757 1.75777e-06
4.79641 1.74381e-06
4.80527 1.70665e-06
4.81414 1.69203e-06
4.82303 1.65499e-06
4.83194 1.63946e-06
4.84086 1.60329e-06
4.8498 1.58699e-06
4.85876 1.55156e-06
4.86773 1.53459e-06
4.87672 1.50066e-06
4.88572 1.48311e-06
4.89475 1.45243e-06
4.90378 1.43697e-06
4.91284 1.41207e-06
4.92191 1.39482e-06
4.931 1.37135e-06
4.94011 1.35228e-06
4.94923 1.33033e-06
4.95837 1.30865e-06
4.96752 1.28908e-06
4.9767 1.26345e-06
4.98589 1.24759e-06
4.99509 1.2143e-06
5.00432 1.20628e-06
5.01356 1.17333e-06
5.02282 1.16551e-06
5.03209 1.13407e-06
5.04138 1.12746e-06
5.05069 1.10217e-06
5.06002 1.09519e-06
5.06936 1.06996e-06
5.07873 1.06274e-06
5.0881 1.03746e-06
5.0975 1.03018e-06
5.10691 1.00484e-06
5.11634 9.97204e-07
5.12579 9.71984e-07
5.13526 9.64154e-07
5.14474 9.39208e-07
5.15424 9.31238e-07
5.16376 9.06596e-07
5.17329 8.98785e-07
5.18285 8.75552e-07
5.19242 8.68886e-07
5.202 8.50342e-07
5.21161 8.43275e-07
5.22123 8.2486e-07
5.23088 8.17292e-07
5.24054 7.99251e-07
5.25021 7.912e-07
5.25991 7.73344e-07
5.26962 7.64602e-07
5.27935 7.47417e-07
5.2891 7.38015e-07
5.29887 7.21462e-07
5.30865 7.11361e-07
5.31846 6.95839e-07
5.32828 6.84995e-07
5.33812 6.7141e-07
5.34797 6.61741e-07
5.35785 6.51559e-07
5.36774 6.40321e-07
5.37765 6.31566e-07
5.38758 6.17845e-07
5.39753 6.11411e-07
5.4075 5.95031e-07
5.41749 5.91093e-07
5.42749 5.74709e-07
5.43751 5.70688e-07
5.44755 5.54341e-07
5.45761 5.50356e-07
5.46769 5.34159e-07
5.47779 5.3021e-07
5.4879 5.14536e-07
5.49804 5.11348e-07
5.50819 4.99129e-07
5.51836 4.95787e-07
5.52855 4.83608e-07
5.53876 4.8014e-07
5.54899 4.67974e-07
5.55923 4.64365e-07
5.5695 4.52233e-07
5.57979 4.48418e-07
5.59009 4.36329e-07
5.60041 4.3239e-07
5.61075 4.20469e-07
5.62111 4.16409e-07
5.63149 4.04714e-07
5.64189 4.00585e-07
5.65231 3.89498e-07
5.66275 3.86039e-07
5.67321 3.77527e-07
5.68368 3.73758e-07
5.69418 3.6547e-07
5.70469 3.61386e-07
5.71523 3.53335e-07
5.72578 3.48828e-07
5.73635 3.41094e-07
5.74695 3.36117e-07
5.75756 3.28755e-07
5.76819 3.23131e-07
5.77884 3.16475e-07
5.78951 3.10149e-07
5.8002 3.0425e-07
5.81092 2.9688e-07
5.82165 2.92618e-07
5.8324 2.84923e-07
5.84317 2.83315e-07
5.85396 2.75699e-07
5.86477 2.74036e-07
5.8756 2.6642e-07
5.88645 2.64677e-07
5.89732 2.57057e-07
5.90821 2.55249e-07
5.91912 2.47618e-07
5.93005 2.45753e-07
5.941 2.38151e-07
5.95197 2.36274e-07
5.96296 2.2873e-07
5.97397 2.26894e-07
5.985 2.19571e-07
5.99605 2.18077e-07
6.00713 2.12449e-07
6.01822 2.10889e-07
6.02933 2.05397e-07
6.04047 2.03788e-07
6.05162 1.98277e-07
6.06279 1.96558e-07
6.07399 1.91117e-07
6.08521 1.89276e-07
6.09644 1.83899e-07
6.1077 1.81943e-07
6.11898 1.76658e-07
6.13028 1.74591e-07
6.1416 1.69477e-07
6.15294 1.67312e-07
6.1643 1.62549e-07
6.17569 1.60696e-07
6.18709 1.57087e-07
6.19851 1.55092e-07
6.20996 1.51753e-07
6.22143 1.49518e-07
6.23292 1.46357e-07
6.24443 1.43799e-07
6.25596 1.40925e-07
6.26751 1.37896e-07
6.27908 1.3544e-07
6.29068 1.31747e-07
6.30229 1.29985e-07
6.31393 1.2541e-07
6.32559 1.24545e-07
6.33727 1.20069e-07
6.34897 1.19375e-07
6.3607 1.15933e-07
6.37244 1.15242e-07
6.38421 1.11933e-07
6.396 1.11199e-07
6.40781 1.07904e-07
6.41964 1.07146e-07
6.4315 1.03841e-07
6.44338 1.03051e-07
6.45527 9.97253e-08
6.46719 9.89081e-08
6.47914 9.56132e-08
6.4911 9.47828e-08
6.50309 9.1522e-08
6.5151 9.07018e-08
6.52713 8.7543e-08
6.53918 8.68684e-08
6.55126 8.44261e-08
6.56335 8.37465e-08
6.57547 8.14437e-08
6.58761 8.0701e-08
6.59978 7.84269e-08
6.61197 7.7636e-08
6.62418 7.53934e-08
6.63641 7.45199e-08
6.64866 7.23251e-08
6.66094 7.13551e-08
6.67324 6.92604e-08
6.68556 6.82118e-08
6.69791 6.62012e-08
6.71028 6.50572e-08
6.72267 6.32669e-08
6.73508 6.22542e-08
6.74752 6.09405e-08
6.75998 5.98427e-08
6.77246 5.8726e-08
6.78497 5.73999e-08
6.7975 5.64907e-08
6.81005 5.45869e-08
6.82263 5.42362e-08
6.83522 5.23248e-08
6.84785 5.19632e-08
6.86049 5.00548e-08
6.87316 4.96874e-08
6.88585 4.77914e-08
6.89857 4.74247e-08
6.91131 4.55694e-08
6.92407 4.52797e-08
6.93686 4.38419e-08
6.94967 4.35597e-08
6.9625 4.22236e-08
6.97536 4.19278e-08
6.98824 4.05901e-08
7.00114 4.02827e-08
7.01407 3.89481e-08
7.02702 3.86275e-08
7.04 3.72885e-08
7.053 3.69507e-08
7.06602 3.56239e-08
7.07907 3.5274e-08
7.09214 3.39618e-08
7.10524 3.36055e-08
7.11836 3.23506e-08
7.1315 3.20472e-08
7.14467 3.10836e-08
7.15787 3.07787e-08
7.17108 2.99124e-08
7.18433 2.95728e-08
7.19759 2.87269e-08
7.21088 2.83563e-08
7.2242 2.75351e-08
7.23754 2.71125e-08
7.2509 2.63273e-08
7.26429 2.5846e-08
7.27771 2.51169e-08
7.29115 2.45749e-08
7.30461 2.39155e-08
7.3181 2.32754e-08
7.33161 2.27563e-08
7.34515 2.21318e-08
7.35872 2.18376e-08
7.3723 2.1114e-08
7.38592 2.09904e-08
7.39956 2.02635e-08
7.41322 2.01372e-08
7.42691 1.94079e-08
7.44062 1.92752e-08
7.45436 1.85422e-08
7.46813 1.8405e-08
7.48192 1.76728e-08
7.49574 1.75324e-08
7.50958 1.68056e-08
7.52345 1.66658e-08
7.53734 1.59543e-08
7.55126 1.5841e-08
7.5652 1.52858e-08
7.57917 1.51824e-08
7.59317 1.46845e-08
7.60719 1.45754e-08
7.62124 1.40793e-08
7.63531 1.39622e-08
7.64941 1.34671e-08
7.66353 1.33415e-08
7.67769 1.28497e-08
7.69186 1.27145e-08
7.70607 1.22295e-08
7.7203 1.20828e-08
7.73455 1.16094e-08
7.74884 1.14537e-08
7.76315 1.10076e-08
7.77748 1.08733e-08
7.79184 1.05313e-08
7.80623 1.03969e-08
7.82065 1.01065e-08
7.83509 9.95415e-09
7.84956 9.67922e-09
7.86405 9.50199e-09
7.87857 9.24702e-09
7.89312 9.03831e-09
7.9077 8.80999e-09
7.9223 8.55426e-09
7.93693 8.37182e-09
7.95158 8.0241e-09
7.96627 7.93624e-09
7.98098 7.56084e-09
7.99572 7.51565e-09
8.01048 7.22109e-09
8.02527 7.18023e-09
8.04009 6.92468e-09
8.05494 6.88197e-09
8.06981 6.62636e-09
8.08472 6.58206e-09
8.09965 6.32551e-09
8.1146 6.27904e-09
8.12959 6.02088e-09
8.1446 5.97191e-09
8.15964 5.71488e-09
8.17471 5.6657e-09
8.1898 5.4085e-09
8.20492 5.35947e-09
8.22008 5.10865e-09
8.23526 5.06825e-09
8.25046 4.87142e-09
8.2657 4.83455e-09
8.28096 4.66669e-09
8.29625 4.62726e-09
8.31157 4.46103e-09
8.32692 4.41772e-09
8.3423 4.25348e-09
8.3577 4.20482e-09
8.37314 4.04293e-09
8.3886 3.98878e-09
8.40409 3.83125e-09
8.41961 3.77202e-09
8.43516 3.62046e-09
8.45073 3.55436e-09
8.46634 3.41479e-09
8.48197 3.35394e-09
8.49763 3.25105e-09
8.51333 3.19009e-09
8.52905 3.11069e-09
8.5448 3.03722e-09
8.56057 2.96929e-09
8.57638 2.87609e-09
8.59222 2.82665e-09
8.60809 2.70074e-09
8.62398 2.68206e-09
8.63991 2.55604e-09
8.65586 2.53726e-09
8.67185 2.4114e-09
8.68786 2.3926e-09
8.7039 2.26809e-09
8.71997 2.25325e-09
8.73608 2.15415e-09
8.75221 2.14157e-09
8.76837 2.05998e-09
8.78456 2.04668e-09
8.80078 1.965e-09
8.81704 1.95123e-09
8.83332 1.86922e-09
8.84963 1.85456e-09
8.86597 1.77194e-09
8.88234 1.75659e-09
8.89874 1.67438e-09
8.91518 1.65829e-09
8.93164 1.57684e-09
8.94813 1.56003e-09
8.96466 1.48085e-09
8.98121 1.46666e-09
8.9978 1.40398e-09
9.01441 1.39148e-09
9.03106 1.34081e-09
9.04773 1.32678e-09
9.06444 1.2773e-09
9.08118 1.26136e-09
9.09795 1.21308e-09
9.11475 1.19441e-09
9.13158 1.14822e-09
9.14844 1.12653e-09
9.16534 1.08279e-09
9.18226 1.05763e-09
9.19922 1.01743e-09
9.2162 9.87358e-10
9.23322 9.53859e-10
9.25027 9.24027e-10
9.26736 9.02545e-10
9.28447 8.70666e-10
9.30161 8.60946e-10
9.31879 8.23786e-10
9.336 8.1898e-10
9.35324 7.81683e-10
9.37051 7.76605e-10
9.38781 7.39049e-10
9.40515 7.33711e-10
9.42252 6.95928e-10
9.43992 6.90537e-10
9.45735 6.5288e-10
9.47481 6.47497e-10
9.49231 6.10311e-10
9.50984 6.05895e-10
9.5274 5.7575e-10
9.54499 5.72276e-10
9.56262 5.4879e-10
9.58027 5.45107e-10
9.59797 5.21527e-10
9.61569 5.17727e-10
9.63345 4.94121e-10
9.65123 4.89944e-10
9.66906 4.66326e-10
9.68691 4.61626e-10
9.7048 4.38292e-10
9.72272 4.33284e-10
9.74067 4.10301e-10
9.75866 4.04774e-10
9.77668 3.82705e-10
9.79474 3.77684e-10
9.81282 3.60292e-10
9.83094 3.55943e-10
9.8491 3.42918e-10
9.86728 3.37835e-10
9.88551 3.25453e-10
9.90376 3.19481e-10
9.92205 3.07795e-10
9.94037 3.00463e-10
9.95873 2.89875e-10
9.97712 2.80838e-10
9.99554 2.71842e-10
10.014 2.60388e-10
10.0325 2.5382e-10
10.051 2.37716e-10
10.0696 2.36231e-10
10.0882 2.22945e-10
10.1068 2.21847e-10
10.1255 2.11996e-10
10.1442 2.10841e-10
10.1629 2.00942e-10
10.1817 1.99741e-10
10.2005 1.89757e-10
10.2193 1.88525e-10
10.2382 1.78463e-10
10.2571 1.7716e-10
10.276 1.67049e-10
10.295 1.65722e-10
10.314 1.55627e-10
10.333 1.54309e-10
10.3521 1.44321e-10
10.3712 1.43204e-10
10.3904 1.34971e-10
10.4096 1.34164e-10
10.4288 1.28168e-10
10.4481 1.27267e-10
10.4674 1.21303e-10
10.4867 1.20312e-10
10.5061 1.14369e-10
10.5255 1.13212e-10
10.5449 1.07346e-10
10.5644 1.05983e-10
10.5839 1.00248e-10
10.6034 9.87042e-11
10.623 9.3166e-11
10.6426 9.13593e-11
10.6623 8.61591e-11
10.682 8.44053e-11
10.7017 8.0373e-11
10.7214 7.89017e-11
10.7412 7.62262e-11
10.7611 7.4396e-11
10.7809 7.20375e-11
10.8008 6.97007e-11
10.8208 6.78083e-11
10.8408 6.46134e-11
10.8608 6.351e-11
10.8809 5.95611e-11
10.9009 5.91789e-11
10.9211 5.52251e-11
10.9412 5.48487e-11
10.9614 5.09106e-11
10.9817 5.05951e-11
11.002 4.72799e-11
11.0223 4.70935e-11
11.0426 4.48056e-11
11.063 4.45982e-11
11.0835 4.22956e-11
11.1039 4.20855e-11
11.1244 3.9766e-11
11.145 3.95456e-11
11.1655 3.72025e-11
11.1862 3.69586e-11
11.2068 3.46083e-11
11.2275 3.43461e-11
11.2483 3.20021e-11
11.269 3.17338e-11
11.2898 2.94187e-11
11.3107 2.91774e-11
11.3316 2.72425e-11
11.3525 2.70797e-11
11.3735 2.57935e-11
11.3945 2.55971e-11
11.4155 2.43264e-11
11.4366 2.40841e-11
11.4577 2.28436e-11
11.4789 2.25442e-11
11.5001 2.1331e-11
11.5213 2.09555e-11
11.5426 1.98034e-11
11.5639 1.93348e-11
11.5852 1.82705e-11
11.6066 1.76993e-11
11.6281 1.67475e-11
11.6495 1.61273e-11
11.671 1.54739e-11
11.6926 1.49466e-11
11.7142 1.46438e-11
11.7358 1.38342e-11
11.7575 1.38022e-11
11.7792 1.2987e-11
11.801 1.29497e-11
11.8227 1.21267e-11
11.8446 1.20801e-11
11.8664 1.12488e-11
11.8884 1.12e-11
11.9103 1.03639e-11
11.9323 1.03141e-11
11.9543 9.47948e-12
11.9764 9.43893e-12
11.9985 8.71744e-12
12.0207 8.71027e-12
12.0429 8.25561e-12
12.0651 8.24404e-12
12.0874 7.78545e-12
12.1097 7.77038e-12
12.1321 7.3076e-12
12.1545 7.28515e-12
12.1769 6.81976e-12
12.1994 6.78726e-12
12.2219 6.32081e-12
12.2445 6.28108e-12
12.2671 5.81661e-12
12.2898 5.76748e-12
12.3125 5.31376e-12
12.3352 5.26425e-12
12.358 4.88127e-12
12.3808 4.85416e-12
12.4037 4.62748e-12
12.4266 4.58335e-12
12.4495 4.36547e-12
12.4725 4.30588e-12
12.4955 4.09849e-12
12.5186 4.01618e-12
12.5417 3.82434e-12
12.5649 3.7115e-12
12.5881 3.54266e-12
12.6113 3.39073e-12
12.6346 3.25954e-12
12.658 3.04558e-12
12.6813 2.97408e-12
12.7048 2.72534e-12
12.7282 2.72973e-12
12.7517 2.58532e-12
12.7753 2.58724e-12
12.7989 2.44071e-12
12.8225 2.44131e-12
12.8462 2.29228e-12
12.8699 2.29209e-12
12.8937 2.14022e-12
12.9175 2.13719e-12
12.9413 1.98237e-12
12.9652 1.97745e-12
12.9892 1.8215e-12
13.0131 1.81727e-12
13.0372 1.65977e-12
13.0612 1.65518e-12
13.0854 1.51562e-12
13.1095 1.51659e-12
13.1337 1.43642e-12
13.158 1.43585e-12
13.1823 1.35482e-12
13.2066 1.35232e-12
13.231 1.27101e-12
13.2555 1.26622e-12
13.2799 1.18432e-12
13.3045 1.17628e-12
13.329 1.09467e-12
13.3536 1.08343e-12
13.3783 1.004e-12
13.403 9.89428e-13
13.4277 9.12258e-13
13.4525 8.94977e-13
13.4774 8.30132e-13
13.5023 8.19458e-13
13.5272 7.85259e-13
13.5522 7.70322e-13
13.5772 7.38843e-13
13.6023 7.17899e-13
13.6274 6.91149e-13
13.6526 6.61225e-13
13.6778 6.41993e-13
13.703 5.93445e-13
13.7283 5.91226e-13
13.7537 5.42434e-13
13.7791 5.40253e-13
13.8045 4.90997e-13
13.83 4.8844e-13
13.8556 4.4299e-13
13.8811 4.42481e-13
13.9068 4.17744e-13
13.9325 4.16935e-13
13.9582 3.91795e-13
13.984 3.90796e-13
14.0098 3.65359e-13
14.0357 3.64161e-13
14.0616 3.3819e-13
14.0875 3.36668e-13
14.1136 3.10221e-13
14.1396 3.08544e-13
14.1657 2.82064e-13
14.1919 2.80315e-13
14.2181 2.53523e-13
14.2443 2.51612e-13
14.2706 2.27129e-13
14.297 2.26197e-13
14.3234 2.1318e-13
14.3499 2.11893e-13
14.3763 1.98917e-13
14.4029 1.97257e-13
14.4295 1.84488e-13
14.4561 1.82316e-13
14.4828 1.69736e-13
14.5096 1.66893e-13
14.5364 1.54616e-13
14.5632 1.51067e-13
14.5901 1.39525e-13
14.617 1.34998e-13
14.644 1.24232e-13
14.6711 1.18753e-13
14.6982 1.1021e-13
14.7253 1.06514e-13
14.7525 1.02843e-13
14.7797 9.7686e-14
14.807 9.5389e-14
14.8344 8.83819e-14
14.8618 8.78852e-14
14.8892 8.07992e-14
14.9167 8.02443e-14
14.9443 7.30297e-14
14.9719 7.24594e-14
14.9995 6.52372e-14
15.0272 6.47253e-14
15.055 5.74491e-14
15.0828 5.68788e-14
15.1106 4.99402e-14
15.1385 4.97255e-14
15.1665 4.6288e-14
15.1945 4.60629e-14
15.2225 4.2586e-14
15.2506 4.239e-14
15.2788 3.8904e-14
15.307 3.86994e-14
15.3353 3.51605e-14
15.3636 3.48886e-14
15.392 3.12957e-14
15.4204 3.09914e-14
15.4489 2.74588e-14
15.4774 2.71405e-14
15.506 2.36185e-14
15.5346 2.32628e-14
15.5633 2.00399e-14
15.592 1.98959e-14
15.6208 1.87068e-14
15.6497 1.84761e-14
15.6786 1.72963e-14
15.7075 1.70354e-14
15.7365 1.59737e-14
15.7656 1.5706e-14
15.7947 1.46839e-14
15.8239 1.41671e-14
15.8531 1.31138e-14
15.8824 1.25056e-14
15.9117 1.17861e-14
15.9411 1.07876e-14
15.9705 9.47018e-15
16 0
