# 1:pT 2:PhotonSpectrum=dN/d^2xT d^2pT dy
0.01 259.746
0.0100185 259.198
0.010037 258.507
0.0100555 257.943
0.0100741 257.248
0.0100927 256.671
0.0101113 255.981
0.01013 255.393
0.0101487 254.701
0.0101674 254.093
0.0101862 253.39
0.010205 252.77
0.0102239 252.066
0.0102427 251.438
0.0102617 250.718
0.0102806 250.068
0.0102996 249.331
0.0103186 248.656
0.0103377 247.866
0.0103567 247.197
0.0103759 246.407
0.010395 245.734
0.0104142 244.953
0.0104335 244.257
0.0104527 243.486
0.010472 242.804
0.0104914 242.038
0.0105107 241.343
0.0105301 240.597
0.0105496 239.89
0.0105691 239.15
0.0105886 238.45
0.0106081 237.728
0.0106277 237.037
0.0106474 236.331
0.010667 235.625
0.0106867 234.936
0.0107065 234.228
0.0107262 233.547
0.010746 232.827
0.0107659 232.155
0.0107858 231.417
0.0108057 230.774
0.0108256 229.994
0.0108456 229.391
0.0108656 228.624
0.0108857 228.024
0.0109058 227.254
0.0109259 226.662
0.0109461 225.928
0.0109663 225.322
0.0109866 224.598
0.0110069 223.993
0.0110272 223.264
0.0110476 222.661
0.011068 221.942
0.0110884 221.338
0.0111089 220.62
0.0111294 220.013
0.0111499 219.296
0.0111705 218.695
0.0111912 217.986
0.0112118 217.383
0.0112325 216.689
0.0112533 216.089
0.0112741 215.414
0.0112949 214.804
0.0113157 214.131
0.0113366 213.527
0.0113576 212.866
0.0113785 212.253
0.0113995 211.601
0.0114206 210.983
0.0114417 210.323
0.0114628 209.707
0.011484 209.065
0.0115052 208.444
0.0115264 207.809
0.0115477 207.184
0.011569 206.575
0.0115904 205.948
0.0116118 205.359
0.0116332 204.721
0.0116547 204.14
0.0116762 203.469
0.0116978 202.935
0.0117194 202.25
0.0117411 201.722
0.0117627 201.044
0.0117845 200.515
0.0118062 199.841
0.011828 199.311
0.0118499 198.654
0.0118717 198.115
0.0118937 197.461
0.0119156 196.929
0.0119376 196.299
0.0119597 195.768
0.0119818 195.145
0.0120039 194.609
0.0120261 193.983
0.0120483 193.451
0.0120705 192.825
0.0120928 192.296
0.0121151 191.674
0.0121375 191.145
0.0121599 190.53
0.0121824 189.985
0.0122049 189.382
0.0122274 188.85
0.01225 188.258
0.0122726 187.721
0.0122953 187.148
0.012318 186.604
0.0123407 186.039
0.0123635 185.496
0.0123863 184.932
0.0124092 184.389
0.0124321 183.829
0.0124551 183.276
0.0124781 182.734
0.0125011 182.176
0.0125242 181.638
0.0125473 181.071
0.0125705 180.547
0.0125937 179.971
0.012617 179.475
0.0126403 178.876
0.0126636 178.416
0.012687 177.824
0.0127104 177.361
0.0127339 176.773
0.0127574 176.301
0.012781 175.723
0.0128046 175.247
0.0128282 174.672
0.0128519 174.198
0.0128756 173.624
0.0128994 173.149
0.0129232 172.585
0.0129471 172.112
0.012971 171.555
0.012995 171.082
0.0130189 170.532
0.013043 170.062
0.0130671 169.519
0.0130912 169.05
0.0131154 168.511
0.0131396 168.036
0.0131639 167.507
0.0131882 167.023
0.0132125 166.49
0.0132369 166.02
0.0132614 165.492
0.0132859 165.016
0.0133104 164.499
0.013335 164.017
0.0133596 163.504
0.0133843 163.03
0.013409 162.535
0.0134337 162.062
0.0134585 161.573
0.0134834 161.09
0.0135083 160.613
0.0135332 160.122
0.0135582 159.657
0.0135833 159.154
0.0136083 158.697
0.0136335 158.174
0.0136587 157.748
0.0136839 157.211
0.0137091 156.8
0.0137345 156.267
0.0137598 155.859
0.0137852 155.343
0.0138107 154.935
0.0138362 154.432
0.0138617 154.013
0.0138873 153.509
0.013913 153.092
0.0139387 152.595
0.0139644 152.178
0.0139902 151.684
0.014016 151.262
0.0140419 150.771
0.0140678 150.356
0.0140938 149.86
0.0141198 149.45
0.0141459 148.964
0.014172 148.556
0.0141982 148.083
0.0142244 147.667
0.0142507 147.201
0.014277 146.79
0.0143034 146.331
0.0143298 145.91
0.0143563 145.457
0.0143828 145.031
0.0144093 144.587
0.0144359 144.157
0.0144626 143.711
0.0144893 143.285
0.0145161 142.847
0.0145429 142.416
0.0145697 141.989
0.0145966 141.561
0.0146236 141.145
0.0146506 140.711
0.0146776 140.307
0.0147047 139.863
0.0147319 139.468
0.0147591 138.995
0.0147863 138.634
0.0148136 138.162
0.014841 137.796
0.0148684 137.33
0.0148959 136.962
0.0149234 136.505
0.0149509 136.134
0.0149785 135.682
0.0150062 135.316
0.0150339 134.874
0.0150617 134.511
0.0150895 134.077
0.0151173 133.712
0.0151453 133.281
0.0151732 132.912
0.0152012 132.482
0.0152293 132.112
0.0152574 131.683
0.0152856 131.316
0.0153138 130.892
0.0153421 130.525
0.0153705 130.108
0.0153988 129.733
0.0154273 129.321
0.0154558 128.954
0.0154843 128.549
0.0155129 128.184
0.0155415 127.787
0.0155702 127.416
0.015599 127.022
0.0156278 126.65
0.0156567 126.259
0.0156856 125.887
0.0157145 125.501
0.0157435 125.12
0.0157726 124.747
0.0158017 124.358
0.0158309 123.995
0.0158602 123.602
0.0158894 123.249
0.0159188 122.846
0.0159482 122.516
0.0159776 122.105
0.0160071 121.785
0.0160367 121.377
0.0160663 121.056
0.016096 120.65
0.0161257 120.33
0.0161555 119.932
0.0161853 119.602
0.0162152 119.208
0.0162451 118.88
0.0162751 118.486
0.0163052 118.162
0.0163353 117.774
0.0163655 117.449
0.0163957 117.071
0.016426 116.751
0.0164563 116.373
0.0164867 116.053
0.0165171 115.677
0.0165476 115.355
0.0165782 114.984
0.0166088 114.659
0.0166395 114.29
0.0166702 113.965
0.016701 113.603
0.0167318 113.273
0.0167627 112.917
0.0167937 112.584
0.0168247 112.238
0.0168558 111.909
0.0168869 111.563
0.0169181 111.238
0.0169493 110.901
0.0169806 110.57
0.017012 110.238
0.0170434 109.904
0.0170748 109.579
0.0171064 109.239
0.017138 108.921
0.0171696 108.572
0.0172013 108.263
0.0172331 107.891
0.0172649 107.61
0.0172968 107.241
0.0173287 106.96
0.0173607 106.6
0.0173928 106.317
0.0174249 105.968
0.0174571 105.683
0.0174893 105.335
0.0175216 105.047
0.017554 104.702
0.0175864 104.414
0.0176189 104.071
0.0176514 103.783
0.017684 103.442
0.0177166 103.152
0.0177494 102.814
0.0177821 102.526
0.017815 102.188
0.0178479 101.906
0.0178808 101.577
0.0179138 101.298
0.0179469 100.976
0.0179801 100.688
0.0180133 100.368
0.0180465 100.083
0.0180799 99.7678
0.0181132 99.4795
0.0181467 99.1683
0.0181802 98.8741
0.0182138 98.5645
0.0182474 98.2736
0.0182811 97.9681
0.0183149 97.6783
0.0183487 97.3803
0.0183826 97.0837
0.0184165 96.7966
0.0184505 96.5
0.0184846 96.2213
0.0185187 95.9197
0.0185529 95.6428
0.0185872 95.3333
0.0186215 95.0704
0.0186559 94.7461
0.0186903 94.4937
0.0187248 94.1764
0.0187594 93.9228
0.0187941 93.6036
0.0188288 93.3527
0.0188635 93.0423
0.0188984 92.7866
0.0189333 92.4824
0.0189682 92.2304
0.0190033 91.9291
0.0190384 91.6784
0.0190735 91.3806
0.0191087 91.1275
0.019144 90.8311
0.0191794 90.5809
0.0192148 90.2809
0.0192503 90.0304
0.0192858 89.736
0.0193214 89.4844
0.0193571 89.1926
0.0193929 88.9393
0.0194287 88.653
0.0194645 88.3986
0.0195005 88.118
0.0195365 87.8661
0.0195726 87.593
0.0196087 87.3357
0.0196449 87.0685
0.0196812 86.8117
0.0197175 86.5402
0.019754 86.2824
0.0197904 86.0168
0.019827 85.756
0.0198636 85.4935
0.0199003 85.2316
0.019937 84.9759
0.0199738 84.7086
0.0200107 84.4622
0.0200477 84.1917
0.0200847 83.9514
0.0201218 83.6681
0.0201589 83.4516
0.0201962 83.1677
0.0202335 82.9494
0.0202708 82.6687
0.0203082 82.4454
0.0203457 82.1703
0.0203833 81.9473
0.020421 81.6737
0.0204587 81.4501
0.0204964 81.1778
0.0205343 80.9527
0.0205722 80.6857
0.0206102 80.4646
0.0206483 80.2007
0.0206864 79.979
0.0207246 79.7218
0.0207629 79.5008
0.0208012 79.2418
0.0208396 79.0235
0.0208781 78.7651
0.0209166 78.5467
0.0209553 78.2919
0.020994 78.0653
0.0210327 77.8147
0.0210716 77.5927
0.0211105 77.3436
0.0211495 77.1192
0.0211885 76.8759
0.0212277 76.6481
0.0212669 76.411
0.0213061 76.1876
0.0213455 75.9557
0.0213849 75.7305
0.0214244 75.4995
0.0214639 75.2701
0.0215036 75.044
0.0215433 74.8116
0.0215831 74.5903
0.0216229 74.355
0.0216628 74.1374
0.0217028 73.8927
0.0217429 73.6871
0.0217831 73.4332
0.0218233 73.2379
0.0218636 72.991
0.021904 72.7975
0.0219444 72.5526
0.0219849 72.3603
0.0220255 72.1205
0.0220662 71.9212
0.022107 71.6859
0.0221478 71.4876
0.0221887 71.25
0.0222297 71.0532
0.0222707 70.8188
0.0223118 70.6202
0.022353 70.3865
0.0223943 70.1916
0.0224357 69.9573
0.0224771 69.7645
0.0225186 69.5354
0.0225602 69.3421
0.0226018 69.1196
0.0226436 68.9255
0.0226854 68.7064
0.0227273 68.508
0.0227692 68.289
0.0228113 68.0916
0.0228534 67.877
0.0228956 67.6766
0.0229379 67.466
0.0229803 67.2639
0.0230227 67.051
0.0230652 66.8512
0.0231078 66.644
0.0231505 66.4447
0.0231932 66.2419
0.023236 66.0421
0.023279 65.8466
0.0233219 65.6423
0.023365 65.4512
0.0234082 65.2424
0.0234514 65.0543
0.0234947 64.8331
0.0235381 64.6619
0.0235815 64.4384
0.0236251 64.2672
0.0236687 64.0456
0.0237124 63.8736
0.0237562 63.6569
0.0238001 63.4854
0.023844 63.2731
0.0238881 63.1016
0.0239322 62.8928
0.0239764 62.7195
0.0240206 62.5146
0.024065 62.3421
0.0241094 62.1382
0.0241539 61.9635
0.0241985 61.7594
0.0242432 61.5862
0.024288 61.3825
0.0243329 61.2108
0.0243778 61.0084
0.0244228 60.8368
0.0244679 60.637
0.0245131 60.4615
0.0245583 60.2668
0.0246037 60.0974
0.0246491 59.9081
0.0246946 59.7348
0.0247402 59.5486
0.0247859 59.3722
0.0248317 59.1868
0.0248776 59.0107
0.0249235 58.8278
0.0249695 58.6506
0.0250156 58.4694
0.0250618 58.2892
0.0251081 58.1125
0.0251545 57.9323
0.0252009 57.7591
0.0252475 57.5768
0.0252941 57.4081
0.0253408 57.2247
0.0253876 57.0649
0.0254345 56.8707
0.0254814 56.7196
0.0255285 56.5276
0.0255756 56.3771
0.0256229 56.1833
0.0256702 56.0318
0.0257176 55.843
0.0257651 55.6893
0.0258126 55.502
0.0258603 55.3488
0.0259081 55.1629
0.0259559 55.0105
0.0260038 54.828
0.0260518 54.6781
0.0261 54.5004
0.0261482 54.3488
0.0261964 54.1709
0.0262448 54.0198
0.0262933 53.8428
0.0263418 53.691
0.0263905 53.5161
0.0264392 53.3633
0.026488 53.1902
0.0265369 53.0345
0.0265859 52.8627
0.026635 52.7089
0.0266842 52.5401
0.0267335 52.3861
0.0267829 52.2207
0.0268323 52.0674
0.0268819 51.9038
0.0269315 51.7513
0.0269812 51.5912
0.0270311 51.4364
0.027081 51.2773
0.027131 51.1203
0.0271811 50.9661
0.0272313 50.8059
0.0272816 50.6549
0.0273319 50.4914
0.0273824 50.3436
0.027433 50.1722
0.0274836 50.0371
0.0275344 49.8633
0.0275852 49.7319
0.0276362 49.5639
0.0276872 49.4323
0.0277383 49.2648
0.0277896 49.1327
0.0278409 48.9684
0.0278923 48.8332
0.0279438 48.6689
0.0279954 48.5335
0.0280471 48.3717
0.0280989 48.2371
0.0281508 48.0769
0.0282027 47.9413
0.0282548 47.7815
0.028307 47.6477
0.0283593 47.4894
0.0284116 47.3589
0.0284641 47.205
0.0285167 47.0743
0.0285693 46.9215
0.0286221 46.7865
0.0286749 46.6362
0.0287279 46.5029
0.0287809 46.3543
0.0288341 46.218
0.0288873 46.0717
0.0289407 45.9336
0.0289941 45.7894
0.0290477 45.6514
0.0291013 45.5079
0.029155 45.3714
0.0292089 45.2303
0.0292628 45.0943
0.0293168 44.9588
0.029371 44.8204
0.0294252 44.6867
0.0294796 44.5454
0.029534 44.4139
0.0295885 44.2703
0.0296432 44.1437
0.0296979 43.9898
0.0297527 43.8729
0.0298077 43.7207
0.0298627 43.6032
0.0299179 43.4528
0.0299731 43.3343
0.0300285 43.1876
0.0300839 43.0693
0.0301395 42.9269
0.0301951 42.8096
0.0302509 42.6675
0.0303068 42.5492
0.0303627 42.4091
0.0304188 42.2911
0.030475 42.1517
0.0305312 42.0324
0.0305876 41.8929
0.0306441 41.7739
0.0307007 41.6354
0.0307574 41.5171
0.0308142 41.381
0.0308711 41.2625
0.0309281 41.129
0.0309852 41.01
0.0310424 40.8787
0.0310997 40.7621
0.0311572 40.632
0.0312147 40.5141
0.0312723 40.3853
0.0313301 40.2655
0.0313879 40.1368
0.0314459 40.0171
0.031504 39.8907
0.0315621 39.7708
0.0316204 39.6465
0.0316788 39.5237
0.0317373 39.403
0.0317959 39.2791
0.0318546 39.1626
0.0319135 39.0386
0.0319724 38.9256
0.0320314 38.7962
0.0320906 38.6908
0.0321498 38.5575
0.0322092 38.4544
0.0322687 38.3219
0.0323283 38.2186
0.032388 38.0874
0.0324478 37.984
0.0325077 37.8555
0.0325677 37.7497
0.0326279 37.6218
0.0326881 37.5172
0.0327485 37.3914
0.0328089 37.2885
0.0328695 37.1663
0.0329302 37.0622
0.032991 36.9411
0.033052 36.8379
0.033113 36.7146
0.0331741 36.6122
0.0332354 36.4908
0.0332968 36.3876
0.0333583 36.2674
0.0334199 36.1623
0.0334816 36.0433
0.0335434 35.939
0.0336053 35.8224
0.0336674 35.7169
0.0337296 35.6026
0.0337919 35.4975
0.0338543 35.3874
0.0339168 35.2816
0.0339794 35.1712
0.0340421 35.0659
0.034105 34.957
0.034168 34.8501
0.0342311 34.743
0.0342943 34.635
0.0343576 34.5301
0.0344211 34.4202
0.0344846 34.3177
0.0345483 34.2051
0.0346121 34.1064
0.034676 33.9872
0.0347401 33.8978
0.0348042 33.7819
0.0348685 33.6919
0.0349329 33.5774
0.0349974 33.4865
0.035062 33.3738
0.0351267 33.2814
0.0351916 33.1694
0.0352566 33.0771
0.0353217 32.9655
0.0353869 32.8738
0.0354523 32.7631
0.0355177 32.6717
0.0355833 32.5621
0.035649 32.4701
0.0357149 32.362
0.0357808 32.271
0.0358469 32.1648
0.0359131 32.0751
0.0359794 31.9704
0.0360458 31.8803
0.0361124 31.7768
0.0361791 31.6843
0.0362459 31.5812
0.0363128 31.4892
0.0363799 31.3873
0.0364471 31.2947
0.0365144 31.1938
0.0365818 31.1004
0.0366493 31.0009
0.036717 30.9082
0.0367848 30.8101
0.0368527 30.7189
0.0369208 30.6234
0.036989 30.5299
0.0370573 30.4378
0.0371257 30.3428
0.0371943 30.2521
0.0372629 30.1551
0.0373318 30.0664
0.0374007 29.9656
0.0374698 29.882
0.037539 29.7773
0.0376083 29.6967
0.0376777 29.5938
0.0377473 29.5134
0.037817 29.4113
0.0378868 29.3322
0.0379568 29.2341
0.0380269 29.1532
0.0380971 29.0562
0.0381675 28.9753
0.0382379 28.8782
0.0383085 28.7979
0.0383793 28.7018
0.0384502 28.6203
0.0385212 28.5252
0.0385923 28.4446
0.0386636 28.3484
0.038735 28.2684
0.0388065 28.1732
0.0388781 28.0932
0.0389499 27.9998
0.0390219 27.9201
0.0390939 27.829
0.0391661 27.7493
0.0392384 27.6604
0.0393109 27.5794
0.0393835 27.4915
0.0394562 27.4091
0.0395291 27.3228
0.0396021 27.2404
0.0396752 27.1532
0.0397485 27.0712
0.0398219 26.9855
0.0398954 26.9025
0.0399691 26.8188
0.0400429 26.735
0.0401168 26.6539
0.0401909 26.5703
0.0402651 26.4918
0.0403395 26.4065
0.040414 26.3302
0.0404886 26.239
0.0405633 26.1692
0.0406383 26.0785
0.0407133 26.0082
0.0407885 25.9179
0.0408638 25.8469
0.0409393 25.7583
0.0410149 25.6872
0.0410906 25.5994
0.0411665 25.5277
0.0412425 25.4412
0.0413186 25.3705
0.0413949 25.2863
0.0414714 25.2163
0.041548 25.1327
0.0416247 25.0617
0.0417016 24.979
0.0417786 24.908
0.0418557 24.8248
0.041933 24.7547
0.0420104 24.6721
0.042088 24.6018
0.0421657 24.5204
0.0422436 24.4483
0.0423216 24.3676
0.0423998 24.2969
0.042478 24.2177
0.0425565 24.147
0.0426351 24.0701
0.0427138 23.9983
0.0427927 23.9224
0.0428717 23.8509
0.0429509 23.7757
0.0430302 23.7042
0.0431096 23.63
0.0431892 23.556
0.043269 23.4839
0.0433489 23.4093
0.0434289 23.3387
0.0435091 23.2633
0.0435895 23.1936
0.04367 23.1162
0.0437506 23.0511
0.0438314 22.9714
0.0439124 22.9093
0.0439934 22.8323
0.0440747 22.7701
0.0441561 22.6919
0.0442376 22.6299
0.0443193 22.5536
0.0444011 22.4899
0.0444831 22.4142
0.0445653 22.3511
0.0446476 22.2747
0.04473 22.2124
0.0448126 22.1372
0.0448954 22.0744
0.0449783 21.9998
0.0450613 21.9384
0.0451445 21.8646
0.0452279 21.8037
0.0453114 21.7317
0.0453951 21.6698
0.0454789 21.5984
0.0455629 21.5361
0.045647 21.4653
0.0457313 21.4023
0.0458158 21.3321
0.0459004 21.2692
0.0459851 21.2
0.0460701 21.1365
0.0461551 21.0689
0.0462404 21.0051
0.0463257 20.9375
0.0464113 20.8748
0.046497 20.8094
0.0465829 20.7464
0.0466689 20.6822
0.0467551 20.6185
0.0468414 20.5557
0.0469279 20.4904
0.0470145 20.4294
0.0471014 20.3625
0.0471883 20.3024
0.0472755 20.231
0.0473628 20.1769
0.0474502 20.1056
0.0475379 20.0513
0.0476256 19.9812
0.0477136 19.9264
0.0478017 19.8587
0.04789 19.8042
0.0479784 19.7378
0.048067 19.6827
0.0481558 19.6162
0.0482447 19.5608
0.0483338 19.4954
0.048423 19.4405
0.0485124 19.3747
0.048602 19.3192
0.0486918 19.2543
0.0487817 19.1993
0.0488718 19.1343
0.048962 19.0801
0.0490524 19.0156
0.049143 18.9621
0.0492338 18.8993
0.0493247 18.8445
0.0494158 18.7832
0.049507 18.7293
0.0495984 18.6682
0.04969 18.6133
0.0497818 18.5533
0.0498737 18.4972
0.0499658 18.438
0.0500581 18.3822
0.0501505 18.3239
0.0502431 18.2678
0.0503359 18.2098
0.0504288 18.1528
0.050522 18.0967
0.0506153 18.0401
0.0507087 17.9856
0.0508024 17.9287
0.0508962 17.8754
0.0509902 17.8165
0.0510843 17.7655
0.0511786 17.7037
0.0512732 17.6551
0.0513678 17.5943
0.0514627 17.5459
0.0515577 17.4845
0.0516529 17.4365
0.0517483 17.3763
0.0518439 17.3272
0.0519396 17.2681
0.0520355 17.2196
0.0521316 17.1611
0.0522279 17.1133
0.0523243 17.0563
0.0524209 17.008
0.0525177 16.9514
0.0526147 16.9033
0.0527119 16.8461
0.0528092 16.7983
0.0529067 16.7417
0.0530044 16.6933
0.0531023 16.6374
0.0532004 16.5892
0.0532986 16.5342
0.053397 16.4852
0.0534956 16.4305
0.0535944 16.3823
0.0536934 16.3295
0.0537925 16.2812
0.0538919 16.2298
0.0539914 16.1809
0.0540911 16.1286
0.054191 16.0799
0.054291 16.0289
0.0543913 15.9799
0.0544917 15.9294
0.0545924 15.8795
0.0546932 15.8304
0.0547942 15.7798
0.0548954 15.732
0.0549967 15.6801
0.0550983 15.6335
0.0552 15.5796
0.055302 15.5375
0.0554041 15.4838
0.0555064 15.4419
0.0556089 15.3884
0.0557116 15.3465
0.0558144 15.2936
0.0559175 15.2512
0.0560208 15.1992
0.0561242 15.1563
0.0562279 15.1041
0.0563317 15.0611
0.0564357 15.0099
0.0565399 14.9673
0.0566443 14.9167
0.0567489 14.8739
0.0568537 14.824
0.0569587 14.782
0.0570639 14.7328
0.0571693 14.6912
0.0572748 14.642
0.0573806 14.6001
0.0574866 14.5513
0.0575927 14.5084
0.0576991 14.4602
0.0578056 14.4179
0.0579124 14.3703
0.0580193 14.3274
0.0581264 14.2807
0.0582338 14.2372
0.0583413 14.1912
0.058449 14.1481
0.058557 14.1031
0.0586651 14.0604
0.0587734 14.0163
0.058882 13.9728
0.0589907 13.9297
0.0590996 13.8859
0.0592088 13.8432
0.0593181 13.7987
0.0594276 13.7567
0.0595374 13.7113
0.0596473 13.6711
0.0597575 13.6228
0.0598678 13.5854
0.0599784 13.5377
0.0600891 13.5008
0.0602001 13.4534
0.0603112 13.4167
0.0604226 13.3713
0.0605342 13.3339
0.060646 13.2889
0.060758 13.2513
0.0608702 13.2062
0.0609826 13.1687
0.0610952 13.1241
0.061208 13.0867
0.061321 13.0423
0.0614343 13.0047
0.0615477 12.9603
0.0616614 12.923
0.0617752 12.8792
0.0618893 12.8422
0.0620036 12.7994
0.0621181 12.7626
0.0622328 12.7209
0.0623477 12.6833
0.0624628 12.6416
0.0625782 12.6044
0.0626937 12.5633
0.0628095 12.526
0.0629255 12.4851
0.0630417 12.4472
0.0631581 12.4064
0.0632747 12.3687
0.0633916 12.3288
0.0635086 12.2908
0.0636259 12.2515
0.0637434 12.2132
0.0638611 12.1756
0.063979 12.1372
0.0640972 12.1007
0.0642155 12.0615
0.0643341 12.0253
0.0644529 11.9843
0.0645719 11.9509
0.0646912 11.9088
0.0648106 11.8761
0.0649303 11.8342
0.0650502 11.8016
0.0651703 11.7601
0.0652907 11.7275
0.0654113 11.6868
0.065532 11.6537
0.0656531 11.6136
0.0657743 11.5808
0.0658957 11.5421
0.0660174 11.5094
0.0661393 11.4709
0.0662615 11.4377
0.0663838 11.3991
0.0665064 11.3662
0.0666292 11.3274
0.0667523 11.295
0.0668755 11.2564
0.066999 11.2241
0.0671227 11.1859
0.0672467 11.1525
0.0673709 11.1152
0.0674953 11.0827
0.0676199 11.0461
0.0677448 11.0134
0.0678699 10.9779
0.0679952 10.9448
0.0681208 10.9097
0.0682466 10.8764
0.0683726 10.8412
0.0684988 10.8081
0.0686253 10.7733
0.0687521 10.7397
0.068879 10.7059
0.0690062 10.6718
0.0691336 10.6386
0.0692613 10.604
0.0693892 10.5716
0.0695173 10.5366
0.0696457 10.5057
0.0697743 10.4692
0.0699031 10.4408
0.0700322 10.4044
0.0701616 10.3757
0.0702911 10.3395
0.0704209 10.3106
0.070551 10.2749
0.0706812 10.2456
0.0708118 10.2101
0.0709425 10.181
0.0710735 10.1457
0.0712048 10.1167
0.0713362 10.0819
0.071468 10.0531
0.0716 10.0189
0.0717322 9.9902
0.0718646 9.95669
0.0719973 9.92795
0.0721303 9.89463
0.0722635 9.86595
0.0723969 9.83297
0.0725306 9.80421
0.0726645 9.77147
0.0727987 9.74221
0.0729332 9.70947
0.0730678 9.6807
0.0732028 9.64835
0.0733379 9.61948
0.0734734 9.58761
0.073609 9.55852
0.073745 9.52706
0.0738812 9.49853
0.0740176 9.46801
0.0741543 9.43921
0.0742912 9.40909
0.0744284 9.37959
0.0745658 9.35035
0.0747035 9.32026
0.0748415 9.29152
0.0749797 9.26097
0.0751181 9.2328
0.0752568 9.20093
0.0753958 9.17471
0.075535 9.1419
0.0756745 9.11655
0.0758143 9.08424
0.0759543 9.0594
0.0760945 9.02799
0.076235 9.0032
0.0763758 8.97233
0.0765168 8.94674
0.0766581 8.91595
0.0767997 8.89043
0.0769415 8.85997
0.0770836 8.83455
0.0772259 8.80431
0.0773685 8.77862
0.0775114 8.7486
0.0776545 8.72327
0.0777979 8.69301
0.0779416 8.66796
0.0780855 8.63834
0.0782297 8.61353
0.0783742 8.58471
0.0785189 8.55958
0.0786639 8.53084
0.0788092 8.50575
0.0789547 8.47746
0.0791005 8.45198
0.0792466 8.42394
0.0793929 8.39817
0.0795395 8.37069
0.0796864 8.34482
0.0798335 8.31731
0.0799809 8.29165
0.0801286 8.26451
0.0802766 8.23858
0.0804248 8.21237
0.0805734 8.1868
0.0807221 8.16144
0.0808712 8.13526
0.0810205 8.11029
0.0811702 8.0835
0.08132 8.05929
0.0814702 8.03067
0.0816207 8.0085
0.0817714 7.97999
0.0819224 7.95772
0.0820737 7.92944
0.0822252 7.90708
0.0823771 7.87926
0.0825292 7.85686
0.0826816 7.82939
0.0828342 7.80715
0.0829872 7.78065
0.0831405 7.75854
0.083294 7.7321
0.0834478 7.70997
0.0836019 7.68366
0.0837563 7.66124
0.0839109 7.63509
0.0840659 7.61263
0.0842211 7.58639
0.0843766 7.5643
0.0845325 7.53836
0.0846885 7.51629
0.0848449 7.49076
0.0850016 7.46826
0.0851586 7.44305
0.0853158 7.42109
0.0854734 7.39664
0.0856312 7.37451
0.0857893 7.35024
0.0859478 7.32785
0.0861065 7.30368
0.0862655 7.28137
0.0864248 7.25733
0.0865844 7.23502
0.0867442 7.21137
0.0869044 7.18837
0.0870649 7.16555
0.0872257 7.14226
0.0873868 7.11994
0.0875481 7.09653
0.0877098 7.07478
0.0878718 7.05099
0.088034 7.03062
0.0881966 7.00582
0.0883594 6.98615
0.0885226 6.96169
0.0886861 6.94208
0.0888498 6.9174
0.0890139 6.89793
0.0891783 6.87375
0.089343 6.85375
0.0895079 6.82977
0.0896732 6.8099
0.0898388 6.78597
0.0900047 6.76642
0.0901709 6.74294
0.0903374 6.72339
0.0905043 6.70067
0.0906714 6.68131
0.0908388 6.65834
0.0910066 6.63905
0.0911746 6.61629
0.091343 6.59686
0.0915116 6.57432
0.0916806 6.55475
0.0918499 6.53243
0.0920195 6.51275
0.0921895 6.49075
0.0923597 6.47102
0.0925303 6.44936
0.0927011 6.42946
0.0928723 6.40832
0.0930438 6.38886
0.0932156 6.36782
0.0933877 6.34832
0.0935602 6.32774
0.093733 6.30789
0.0939061 6.28761
0.0940795 6.26756
0.0942532 6.24769
0.0944272 6.22728
0.0946016 6.20788
0.0947763 6.18694
0.0949513 6.168
0.0951266 6.14567
0.0953023 6.12864
0.0954783 6.10644
0.0956546 6.08956
0.0958312 6.06805
0.0960082 6.05095
0.0961855 6.02982
0.0963631 6.01265
0.0965411 5.99173
0.0967193 5.97424
0.0968979 5.95345
0.0970769 5.93607
0.0972561 5.9154
0.0974357 5.89821
0.0976156 5.87752
0.0977959 5.86016
0.0979765 5.83984
0.0981574 5.82249
0.0983387 5.80218
0.0985203 5.78546
0.0987022 5.76565
0.0988845 5.74885
0.0990671 5.72931
0.09925 5.71205
0.0994333 5.69265
0.0996169 5.6756
0.0998008 5.65636
0.0999851 5.63919
0.10017 5.6202
0.100355 5.60261
0.10054 5.58386
0.100726 5.56643
0.100912 5.54796
0.101098 5.53054
0.101285 5.51245
0.101472 5.49491
0.101659 5.47748
0.101847 5.45977
0.102035 5.44275
0.102223 5.4248
0.102412 5.40784
0.102601 5.38935
0.102791 5.37337
0.102981 5.35387
0.103171 5.33859
0.103361 5.31956
0.103552 5.30426
0.103743 5.28504
0.103935 5.26997
0.104127 5.25129
0.104319 5.23599
0.104512 5.21791
0.104705 5.20278
0.104898 5.18462
0.105092 5.16964
0.105286 5.15168
0.10548 5.13653
0.105675 5.11857
0.10587 5.10355
0.106066 5.08554
0.106262 5.07055
0.106458 5.05284
0.106654 5.03772
0.106851 5.02019
0.107049 5.00516
0.107246 4.98792
0.107444 4.97283
0.107643 4.956
0.107841 4.94105
0.108041 4.92447
0.10824 4.90935
0.10844 4.89306
0.10864 4.87775
0.108841 4.86134
0.109042 4.84606
0.109243 4.82994
0.109445 4.81447
0.109647 4.79864
0.10985 4.78308
0.110052 4.7676
0.110256 4.75185
0.110459 4.73694
0.110663 4.72103
0.110868 4.70648
0.111072 4.68957
0.111277 4.67644
0.111483 4.65951
0.111689 4.64633
0.111895 4.62952
0.112102 4.61618
0.112309 4.5996
0.112516 4.58626
0.112724 4.56988
0.112932 4.55641
0.11314 4.54009
0.113349 4.52659
0.113559 4.51062
0.113768 4.4975
0.113978 4.48181
0.114189 4.46851
0.1144 4.45308
0.114611 4.43982
0.114823 4.42428
0.115035 4.41121
0.115247 4.39573
0.11546 4.38261
0.115673 4.36724
0.115887 4.35381
0.116101 4.33866
0.116315 4.32549
0.11653 4.31044
0.116745 4.29712
0.116961 4.28248
0.117177 4.26908
0.117393 4.25478
0.11761 4.24154
0.117827 4.22752
0.118045 4.21413
0.118263 4.20015
0.118481 4.1865
0.1187 4.17284
0.118919 4.15906
0.119139 4.14571
0.119359 4.13171
0.119579 4.11858
0.1198 4.10422
0.120021 4.09171
0.120243 4.07668
0.120465 4.065
0.120687 4.05044
0.12091 4.03889
0.121133 4.02426
0.121357 4.01273
0.121581 3.99838
0.121806 3.98652
0.12203 3.9724
0.122256 3.96059
0.122482 3.94635
0.122708 3.93461
0.122934 3.92057
0.123161 3.90882
0.123389 3.89488
0.123617 3.88319
0.123845 3.86919
0.124074 3.85773
0.124303 3.84413
0.124532 3.83257
0.124762 3.81929
0.124993 3.80768
0.125223 3.79452
0.125455 3.78273
0.125686 3.76952
0.125918 3.75783
0.126151 3.74488
0.126384 3.73307
0.126617 3.72031
0.126851 3.70843
0.127085 3.69556
0.12732 3.68381
0.127555 3.67133
0.127791 3.65962
0.128027 3.64744
0.128263 3.63561
0.1285 3.62384
0.128737 3.61177
0.128975 3.60024
0.129213 3.58788
0.129452 3.57652
0.129691 3.56357
0.12993 3.55315
0.13017 3.53989
0.130411 3.52963
0.130651 3.5165
0.130893 3.50633
0.131134 3.49336
0.131376 3.48323
0.131619 3.47072
0.131862 3.46044
0.132106 3.44805
0.13235 3.43779
0.132594 3.42554
0.132839 3.41527
0.133084 3.40316
0.13333 3.39275
0.133576 3.3806
0.133823 3.37031
0.13407 3.35818
0.134317 3.34797
0.134565 3.33593
0.134814 3.32574
0.135063 3.31388
0.135312 3.30356
0.135562 3.292
0.135812 3.28199
0.136063 3.27058
0.136315 3.26033
0.136566 3.24913
0.136818 3.23873
0.137071 3.22758
0.137324 3.21718
0.137578 3.20614
0.137832 3.19573
0.138086 3.18481
0.138341 3.1742
0.138597 3.1636
0.138853 3.15299
0.139109 3.14258
0.139366 3.13191
0.139623 3.1218
0.139881 3.11104
0.14014 3.1014
0.140398 3.08987
0.140658 3.08084
0.140917 3.06942
0.141177 3.06046
0.141438 3.04893
0.141699 3.03991
0.141961 3.02865
0.142223 3.01951
0.142486 3.00841
0.142749 2.99926
0.143013 2.98823
0.143277 2.9792
0.143541 2.96845
0.143806 2.95951
0.144072 2.94896
0.144338 2.93992
0.144604 2.92931
0.144871 2.92029
0.145139 2.9098
0.145407 2.90075
0.145675 2.89036
0.145944 2.88129
0.146214 2.87105
0.146484 2.86186
0.146754 2.85159
0.147025 2.84257
0.147297 2.83248
0.147569 2.82357
0.147841 2.81368
0.148114 2.80469
0.148388 2.7949
0.148662 2.78594
0.148937 2.77633
0.149212 2.76727
0.149487 2.75775
0.149763 2.74852
0.15004 2.73926
0.150317 2.72983
0.150594 2.72085
0.150872 2.71124
0.151151 2.70239
0.15143 2.69238
0.15171 2.68428
0.15199 2.67413
0.152271 2.66634
0.152552 2.65637
0.152833 2.64858
0.153116 2.63864
0.153398 2.63081
0.153682 2.62104
0.153965 2.613
0.15425 2.6033
0.154535 2.59527
0.15482 2.58569
0.155106 2.57774
0.155392 2.56824
0.155679 2.56018
0.155967 2.55077
0.156255 2.54281
0.156543 2.53347
0.156832 2.52572
0.157122 2.51658
0.157412 2.50876
0.157703 2.49966
0.157994 2.49168
0.158286 2.48267
0.158578 2.4748
0.158871 2.4659
0.159164 2.45783
0.159458 2.44906
0.159753 2.44096
0.160048 2.43232
0.160343 2.42421
0.160639 2.41562
0.160936 2.40766
0.161233 2.39927
0.161531 2.39128
0.161829 2.38316
0.162128 2.37504
0.162427 2.36705
0.162727 2.35874
0.163028 2.35094
0.163329 2.34248
0.16363 2.33489
0.163933 2.32586
0.164235 2.31891
0.164539 2.30994
0.164842 2.30297
0.165147 2.29409
0.165452 2.28713
0.165757 2.27851
0.166063 2.27151
0.16637 2.26307
0.166677 2.25609
0.166985 2.24769
0.167293 2.24072
0.167602 2.23236
0.167912 2.22538
0.168222 2.2171
0.168532 2.21004
0.168844 2.20179
0.169155 2.19474
0.169468 2.18654
0.169781 2.17957
0.170094 2.1715
0.170408 2.16456
0.170723 2.1567
0.171038 2.14969
0.171354 2.14192
0.171671 2.13502
0.171988 2.12728
0.172305 2.12034
0.172623 2.11266
0.172942 2.10564
0.173261 2.098
0.173581 2.09097
0.173902 2.08344
0.174223 2.07639
0.174545 2.06901
0.174867 2.0618
0.17519 2.05469
0.175514 2.04743
0.175838 2.04052
0.176162 2.03325
0.176488 2.02652
0.176814 2.01893
0.17714 2.01262
0.177467 2.00478
0.177795 1.99864
0.178123 1.99083
0.178452 1.98473
0.178782 1.97693
0.179112 1.97088
0.179443 1.96324
0.179774 1.95702
0.180106 1.94946
0.180438 1.9433
0.180772 1.9359
0.181105 1.92983
0.18144 1.92262
0.181775 1.91645
0.182111 1.90929
0.182447 1.90318
0.182784 1.89594
0.183121 1.88984
0.183459 1.88267
0.183798 1.87653
0.184138 1.86946
0.184478 1.8633
0.184818 1.85626
0.18516 1.85013
0.185502 1.84323
0.185844 1.83707
0.186187 1.83031
0.186531 1.82418
0.186876 1.81762
0.187221 1.81148
0.187566 1.80486
0.187913 1.79871
0.18826 1.7922
0.188607 1.78592
0.188956 1.77954
0.189305 1.77324
0.189654 1.76699
0.190004 1.76055
0.190355 1.75446
0.190707 1.74789
0.191059 1.74204
0.191412 1.73507
0.191765 1.72979
0.192119 1.723
0.192474 1.71766
0.192829 1.71089
0.193186 1.70552
0.193542 1.69884
0.1939 1.69344
0.194258 1.6868
0.194616 1.68135
0.194976 1.67475
0.195336 1.66935
0.195697 1.66282
0.196058 1.65743
0.19642 1.65098
0.196783 1.64558
0.197146 1.63921
0.19751 1.63387
0.197875 1.62762
0.19824 1.62232
0.198606 1.61615
0.198973 1.61081
0.199341 1.60472
0.199709 1.59927
0.200077 1.59319
0.200447 1.58779
0.200817 1.58178
0.201188 1.57634
0.201559 1.57039
0.201932 1.5649
0.202304 1.55901
0.202678 1.5536
0.203052 1.54781
0.203427 1.54249
0.203803 1.53687
0.204179 1.53135
0.204556 1.52587
0.204934 1.52028
0.205312 1.51491
0.205692 1.50925
0.206071 1.50396
0.206452 1.49809
0.206833 1.4931
0.207215 1.48699
0.207598 1.4822
0.207981 1.47622
0.208365 1.47148
0.20875 1.46548
0.209135 1.46083
0.209522 1.45509
0.209908 1.45032
0.210296 1.44462
0.210684 1.43986
0.211073 1.43411
0.211463 1.42941
0.211854 1.42375
0.212245 1.41897
0.212637 1.41336
0.21303 1.40864
0.213423 1.40297
0.213817 1.39826
0.214212 1.39272
0.214607 1.38799
0.215004 1.38256
0.215401 1.37788
0.215799 1.3726
0.216197 1.36787
0.216596 1.36263
0.216996 1.35788
0.217397 1.3527
0.217798 1.34788
0.218201 1.34276
0.218603 1.33798
0.219007 1.33282
0.219412 1.32803
0.219817 1.32299
0.220223 1.31814
0.220629 1.3132
0.221037 1.30835
0.221445 1.30356
0.221854 1.29869
0.222263 1.29408
0.222674 1.2891
0.223085 1.28458
0.223497 1.27924
0.22391 1.27514
0.224323 1.26981
0.224737 1.26569
0.225152 1.26039
0.225568 1.25621
0.225985 1.251
0.226402 1.24683
0.22682 1.2417
0.227239 1.2375
0.227659 1.23243
0.228079 1.2283
0.2285 1.22338
0.228922 1.2193
0.229345 1.21438
0.229768 1.21022
0.230193 1.20536
0.230618 1.20118
0.231044 1.19629
0.23147 1.19218
0.231898 1.18734
0.232326 1.18322
0.232755 1.17843
0.233185 1.17423
0.233615 1.16953
0.234047 1.16539
0.234479 1.16075
0.234912 1.15665
0.235346 1.15216
0.23578 1.14797
0.236216 1.14352
0.236652 1.13934
0.237089 1.13493
0.237527 1.13075
0.237965 1.12639
0.238405 1.12209
0.238845 1.11785
0.239286 1.1135
0.239728 1.10936
0.240171 1.10497
0.240614 1.10089
0.241058 1.0964
0.241504 1.09259
0.24195 1.08799
0.242396 1.08436
0.242844 1.07983
0.243292 1.07619
0.243742 1.0716
0.244192 1.068
0.244643 1.06351
0.245094 1.05979
0.245547 1.05535
0.246 1.05168
0.246455 1.04723
0.24691 1.04359
0.247366 1.03919
0.247822 1.03555
0.24828 1.03119
0.248739 1.02765
0.249198 1.02337
0.249658 1.01981
0.250119 1.01561
0.250581 1.01197
0.251044 1.00782
0.251507 1.0042
0.251972 1.0001
0.252437 0.996416
0.252903 0.992323
0.25337 0.988654
0.253838 0.984632
0.254307 0.980944
0.254776 0.976994
0.255247 0.973315
0.255718 0.969375
0.25619 0.96576
0.256663 0.961958
0.257137 0.958307
0.257612 0.954557
0.258088 0.950836
0.258565 0.947165
0.259042 0.943388
0.25952 0.939814
0.26 0.935953
0.26048 0.932436
0.260961 0.928298
0.261443 0.925138
0.261925 0.921022
0.262409 0.917869
0.262894 0.913792
0.263379 0.910661
0.263865 0.90674
0.264353 0.903586
0.264841 0.899715
0.26533 0.896526
0.26582 0.892649
0.266311 0.889461
0.266803 0.885628
0.267295 0.882464
0.267789 0.878652
0.268283 0.875435
0.268779 0.871668
0.269275 0.868477
0.269772 0.864708
0.27027 0.861564
0.27077 0.857861
0.27127 0.854748
0.27177 0.851146
0.272272 0.847975
0.272775 0.844428
0.273279 0.841287
0.273783 0.837753
0.274289 0.83457
0.274796 0.831099
0.275303 0.827852
0.275811 0.824413
0.276321 0.821192
0.276831 0.8178
0.277342 0.814565
0.277854 0.81122
0.278367 0.807927
0.278881 0.804694
0.279396 0.801452
0.279912 0.798309
0.280429 0.795012
0.280947 0.791923
0.281466 0.788557
0.281986 0.78559
0.282506 0.782021
0.283028 0.77923
0.283551 0.775705
0.284074 0.772944
0.284599 0.769371
0.285124 0.766624
0.285651 0.763147
0.286178 0.760343
0.286707 0.756939
0.287236 0.754181
0.287767 0.75084
0.288298 0.748104
0.28883 0.744821
0.289364 0.742068
0.289898 0.738789
0.290433 0.736033
0.29097 0.73275
0.291507 0.729994
0.292045 0.726746
0.292585 0.723962
0.293125 0.720781
0.293666 0.718015
0.294208 0.71487
0.294752 0.712066
0.295296 0.708953
0.295841 0.706202
0.296388 0.703205
0.296935 0.700437
0.297483 0.697468
0.298033 0.694693
0.298583 0.691691
0.299134 0.688911
0.299687 0.685993
0.30024 0.683179
0.300795 0.680283
0.30135 0.677432
0.301906 0.674636
0.302464 0.67173
0.303022 0.669
0.303582 0.666061
0.304143 0.663409
0.304704 0.660376
0.305267 0.657953
0.305831 0.654884
0.306395 0.652493
0.306961 0.649439
0.307528 0.647057
0.308096 0.644012
0.308665 0.64162
0.309235 0.638634
0.309806 0.636206
0.310378 0.633217
0.310951 0.630802
0.311525 0.627862
0.312101 0.62547
0.312677 0.622593
0.313254 0.620187
0.313833 0.617366
0.314412 0.614986
0.314993 0.612185
0.315574 0.609814
0.316157 0.60703
0.316741 0.604645
0.317326 0.601892
0.317912 0.599462
0.318499 0.596755
0.319087 0.594353
0.319676 0.591678
0.320267 0.589235
0.320858 0.586602
0.321451 0.58415
0.322044 0.581559
0.322639 0.579151
0.323235 0.576616
0.323832 0.574222
0.32443 0.571721
0.325029 0.569268
0.325629 0.566843
0.32623 0.564366
0.326833 0.561966
0.327436 0.559439
0.328041 0.557094
0.328646 0.554528
0.329253 0.552283
0.329861 0.549554
0.33047 0.547472
0.331081 0.544791
0.331692 0.542737
0.332305 0.5401
0.332918 0.53804
0.333533 0.535468
0.334149 0.53338
0.334766 0.530836
0.335384 0.528747
0.336003 0.526207
0.336624 0.524119
0.337246 0.521606
0.337868 0.519529
0.338492 0.517033
0.339117 0.514943
0.339743 0.512462
0.340371 0.510373
0.340999 0.507935
0.341629 0.505875
0.34226 0.503513
0.342892 0.501447
0.343525 0.499141
0.344159 0.497042
0.344795 0.494722
0.345432 0.492661
0.34607 0.490361
0.346709 0.488285
0.347349 0.486011
0.34799 0.483913
0.348633 0.481641
0.349277 0.479549
0.349922 0.477347
0.350568 0.475252
0.351215 0.473077
0.351864 0.470978
0.352513 0.468893
0.353164 0.466766
0.353817 0.464745
0.35447 0.462573
0.355125 0.460588
0.35578 0.458309
0.356437 0.456463
0.357095 0.454134
0.357755 0.452341
0.358416 0.450017
0.359077 0.448238
0.35974 0.445933
0.360405 0.44416
0.36107 0.441905
0.361737 0.440123
0.362405 0.437916
0.363074 0.436143
0.363745 0.433994
0.364416 0.432227
0.365089 0.430095
0.365763 0.42829
0.366439 0.426177
0.367116 0.424387
0.367793 0.422256
0.368473 0.420485
0.369153 0.418387
0.369835 0.416603
0.370518 0.414533
0.371202 0.412741
0.371887 0.410711
0.372574 0.40895
0.373262 0.406978
0.373951 0.405195
0.374642 0.403267
0.375334 0.401466
0.376027 0.399561
0.376721 0.397753
0.377417 0.39585
0.378114 0.394052
0.378812 0.39218
0.379511 0.390347
0.380212 0.388516
0.380914 0.386669
0.381618 0.384883
0.382322 0.383003
0.383028 0.381285
0.383736 0.379405
0.384444 0.377748
0.385154 0.37577
0.385866 0.37425
0.386578 0.372283
0.387292 0.370755
0.388007 0.36879
0.388724 0.367261
0.389441 0.365329
0.390161 0.363773
0.390881 0.361865
0.391603 0.360317
0.392326 0.358417
0.39305 0.356895
0.393776 0.355016
0.394503 0.353511
0.395232 0.351685
0.395962 0.350169
0.396693 0.348381
0.397425 0.346854
0.398159 0.34507
0.398895 0.343548
0.399631 0.341794
0.400369 0.340266
0.401108 0.338539
0.401849 0.336991
0.402591 0.335264
0.403335 0.333733
0.404079 0.332026
0.404826 0.330495
0.405573 0.328819
0.406322 0.327296
0.407072 0.325659
0.407824 0.32415
0.408577 0.322549
0.409332 0.321029
0.410088 0.319448
0.410845 0.317889
0.411604 0.31636
0.412364 0.314772
0.413125 0.313276
0.413888 0.311665
0.414652 0.310208
0.415418 0.308534
0.416185 0.307169
0.416954 0.30545
0.417723 0.304145
0.418495 0.302468
0.419268 0.301189
0.420042 0.299535
0.420818 0.298262
0.421595 0.296642
0.422373 0.295333
0.423153 0.293721
0.423934 0.292416
0.424717 0.290813
0.425502 0.28952
0.426287 0.287935
0.427075 0.286625
0.427863 0.285071
0.428653 0.283778
0.429445 0.282221
0.430238 0.280937
0.431032 0.279422
0.431828 0.278148
0.432626 0.276675
0.433425 0.275398
0.434225 0.273931
0.435027 0.272647
0.43583 0.271206
0.436635 0.269904
0.437441 0.26848
0.438249 0.267165
0.439058 0.265764
0.439869 0.264456
0.440681 0.263058
0.441495 0.261758
0.44231 0.260396
0.443127 0.259085
0.443945 0.257775
0.444765 0.256468
0.445586 0.255199
0.446409 0.253863
0.447234 0.252623
0.448059 0.251259
0.448887 0.250052
0.449716 0.248594
0.450546 0.247498
0.451378 0.246053
0.452212 0.244951
0.453047 0.243513
0.453883 0.242416
0.454722 0.241008
0.455561 0.239915
0.456402 0.238542
0.457245 0.237449
0.45809 0.236115
0.458935 0.235031
0.459783 0.233702
0.460632 0.232616
0.461483 0.2313
0.462335 0.230201
0.463189 0.228897
0.464044 0.227799
0.464901 0.226493
0.465759 0.225408
0.466619 0.224128
0.467481 0.22304
0.468344 0.221791
0.469209 0.220702
0.470076 0.219473
0.470944 0.218402
0.471813 0.21721
0.472684 0.216126
0.473557 0.214947
0.474432 0.213852
0.475308 0.212678
0.476186 0.211587
0.477065 0.210429
0.477946 0.209338
0.478828 0.208206
0.479713 0.207077
0.480598 0.205983
0.481486 0.204848
0.482375 0.203788
0.483266 0.20265
0.484158 0.201622
0.485052 0.200475
0.485948 0.199506
0.486845 0.198308
0.487744 0.197378
0.488645 0.196203
0.489547 0.195278
0.490451 0.194085
0.491357 0.193171
0.492264 0.192004
0.493173 0.191076
0.494084 0.18992
0.494996 0.189001
0.495911 0.187853
0.496826 0.186951
0.497744 0.185834
0.498663 0.184932
0.499584 0.183851
0.500506 0.182958
0.50143 0.181868
0.502356 0.180968
0.503284 0.179899
0.504213 0.178991
0.505144 0.177937
0.506077 0.17703
0.507012 0.175987
0.507948 0.175075
0.508886 0.174046
0.509826 0.173132
0.510767 0.172128
0.51171 0.171211
0.512655 0.170238
0.513602 0.169345
0.51455 0.168383
0.515501 0.16748
0.516453 0.166541
0.517406 0.165625
0.518362 0.164698
0.519319 0.163772
0.520278 0.162871
0.521239 0.161924
0.522201 0.161053
0.523165 0.16009
0.524131 0.159238
0.525099 0.158208
0.526069 0.157457
0.52704 0.156447
0.528014 0.155702
0.528989 0.154724
0.529966 0.153968
0.530944 0.153005
0.531925 0.152249
0.532907 0.151295
0.533891 0.150539
0.534877 0.149584
0.535865 0.148826
0.536854 0.147888
0.537845 0.14714
0.538839 0.146204
0.539834 0.14545
0.54083 0.144539
0.541829 0.143789
0.54283 0.14289
0.543832 0.142158
0.544836 0.141288
0.545842 0.140554
0.54685 0.139693
0.54786 0.138944
0.548872 0.138096
0.549885 0.137352
0.550901 0.136511
0.551918 0.135762
0.552937 0.134933
0.553958 0.134173
0.554981 0.133363
0.556006 0.132607
0.557033 0.131811
0.558061 0.131065
0.559092 0.130292
0.560124 0.12954
0.561159 0.128801
0.562195 0.128038
0.563233 0.127316
0.564273 0.126541
0.565315 0.125833
0.566359 0.125034
0.567405 0.124364
0.568453 0.123525
0.569502 0.122895
0.570554 0.122073
0.571608 0.121447
0.572663 0.12062
0.573721 0.120013
0.57478 0.119212
0.575842 0.118595
0.576905 0.117829
0.57797 0.117217
0.579037 0.11645
0.580107 0.115839
0.581178 0.115081
0.582251 0.114463
0.583326 0.113708
0.584404 0.113103
0.585483 0.112349
0.586564 0.111742
0.587647 0.111002
0.588732 0.110389
0.589819 0.109667
0.590908 0.109061
0.592 0.10836
0.593093 0.107757
0.594188 0.107076
0.595285 0.106472
0.596385 0.105804
0.597486 0.105193
0.598589 0.104533
0.599694 0.103921
0.600802 0.103263
0.601911 0.10265
0.603023 0.102009
0.604136 0.101391
0.605252 0.100761
0.60637 0.100133
0.607489 0.0995275
0.608611 0.0988952
0.609735 0.0983162
0.610861 0.0976898
0.611989 0.0971297
0.613119 0.0964591
0.614251 0.095956
0.615386 0.095283
0.616522 0.0947813
0.61766 0.0941112
0.618801 0.0936095
0.619944 0.092952
0.621088 0.0924497
0.622235 0.0918007
0.623384 0.0913004
0.624535 0.0906536
0.625689 0.0901577
0.626844 0.0895288
0.628002 0.0890464
0.629161 0.0884455
0.630323 0.087951
0.631487 0.087356
0.632653 0.0868653
0.633821 0.0862696
0.634992 0.0857814
0.636164 0.0851941
0.637339 0.0847028
0.638516 0.084121
0.639695 0.0836252
0.640876 0.0830552
0.64206 0.0825658
0.643246 0.0820067
0.644433 0.0815157
0.645623 0.0809752
0.646816 0.080489
0.64801 0.0799671
0.649207 0.0794806
0.650405 0.0789675
0.651606 0.0784757
0.65281 0.0779697
0.654015 0.0774694
0.655223 0.0769742
0.656433 0.0764708
0.657645 0.0759899
0.658859 0.0754744
0.660076 0.0750078
0.661295 0.0744831
0.662516 0.0740432
0.66374 0.073488
0.664965 0.0730911
0.666193 0.0725681
0.667423 0.0721718
0.668656 0.0716415
0.669891 0.071248
0.671128 0.0707283
0.672367 0.0703284
0.673608 0.0698144
0.674852 0.0694156
0.676099 0.0689059
0.677347 0.0685089
0.678598 0.0680057
0.679851 0.0676132
0.681106 0.0671145
0.682364 0.066724
0.683624 0.0662368
0.684887 0.0658533
0.686151 0.065388
0.687418 0.0650015
0.688688 0.064546
0.689959 0.0641584
0.691233 0.0637063
0.69251 0.0633142
0.693789 0.0628651
0.69507 0.0624743
0.696353 0.062035
0.697639 0.0616422
0.698928 0.0612099
0.700218 0.060818
0.701511 0.0603908
0.702807 0.060001
0.704104 0.0595928
0.705405 0.0592081
0.706707 0.0588142
0.708012 0.058424
0.70932 0.0580432
0.710629 0.0576434
0.711942 0.0572715
0.713256 0.056864
0.714574 0.0565034
0.715893 0.0560715
0.717215 0.0557446
0.718539 0.0553059
0.719866 0.0549881
0.721196 0.0545552
0.722527 0.0542443
0.723862 0.0538166
0.725198 0.0535109
0.726537 0.0531089
0.727879 0.0528012
0.729223 0.0523983
0.73057 0.0520906
0.731919 0.0516944
0.73327 0.0513874
0.734624 0.050997
0.735981 0.0506849
0.73734 0.0502979
0.738702 0.0499891
0.740066 0.0496054
0.741432 0.0492996
0.742801 0.0489237
0.744173 0.0486191
0.745547 0.0482514
0.746924 0.0479521
0.748303 0.0476023
0.749685 0.0473031
0.75107 0.0469603
0.752456 0.0466559
0.753846 0.0463183
0.755238 0.0460112
0.756633 0.0456775
0.75803 0.0453697
0.75943 0.0450419
0.760832 0.0447342
0.762237 0.0444121
0.763644 0.0440999
0.765055 0.0437914
0.766467 0.0434773
0.767883 0.0431813
0.769301 0.0428687
0.770721 0.0425875
0.772145 0.0422707
0.77357 0.0420024
0.774999 0.0416604
0.77643 0.0414166
0.777864 0.0410802
0.7793 0.0408348
0.780739 0.0405006
0.782181 0.0402561
0.783625 0.0399279
0.785072 0.0396822
0.786522 0.0393578
0.787974 0.0391171
0.78943 0.0387989
0.790887 0.0385623
0.792348 0.0382609
0.793811 0.0380273
0.795277 0.0377291
0.796745 0.0374922
0.798217 0.0371976
0.799691 0.0369588
0.801167 0.0366664
0.802647 0.0364287
0.804129 0.0361424
0.805614 0.0359034
0.807101 0.0356225
0.808592 0.0353822
0.810085 0.0351041
0.811581 0.034871
0.81308 0.0345983
0.814581 0.0343695
0.816085 0.034111
0.817592 0.0338809
0.819102 0.0336258
0.820615 0.0333925
0.82213 0.0331456
0.823648 0.03291
0.825169 0.0326646
0.826693 0.0324256
0.828219 0.0321892
0.829749 0.0319447
0.831281 0.0317176
0.832816 0.0314682
0.834354 0.0312512
0.835895 0.0309893
0.837438 0.030796
0.838985 0.0305375
0.840534 0.0303532
0.842086 0.0300981
0.843641 0.0299152
0.845199 0.0296618
0.84676 0.029479
0.848323 0.0292296
0.84989 0.0290448
0.851459 0.0287959
0.853031 0.0286124
0.854607 0.0283686
0.856185 0.0281873
0.857766 0.0279475
0.85935 0.0277642
0.860937 0.0275314
0.862526 0.0273558
0.864119 0.02713
0.865715 0.0269547
0.867313 0.0267356
0.868915 0.0265585
0.87052 0.0263422
0.872127 0.0261637
0.873738 0.025949
0.875351 0.0257711
0.876967 0.0255615
0.878587 0.0253812
0.880209 0.0251754
0.881835 0.0249948
0.883463 0.024795
0.885094 0.0246132
0.886729 0.0244192
0.888366 0.0242435
0.890007 0.0240592
0.89165 0.0238816
0.893297 0.0237028
0.894946 0.0235216
0.896599 0.0233487
0.898255 0.0231618
0.899913 0.0229948
0.901575 0.0228037
0.90324 0.0226447
0.904908 0.0224382
0.906579 0.0222974
0.908253 0.0220944
0.90993 0.0219544
0.911611 0.021755
0.913294 0.0216193
0.91498 0.0214306
0.91667 0.0212939
0.918363 0.0211099
0.920059 0.020973
0.921758 0.02079
0.92346 0.0206544
0.925165 0.020473
0.926873 0.0203375
0.928585 0.0201579
0.9303 0.0200214
0.932018 0.019846
0.933739 0.0197089
0.935463 0.0195352
0.93719 0.0194009
0.938921 0.0192326
0.940655 0.0191009
0.942392 0.0189417
0.944132 0.0188095
0.945875 0.0186536
0.947622 0.0185214
0.949372 0.0183669
0.951125 0.0182336
0.952881 0.0180815
0.954641 0.0179478
0.956404 0.0177992
0.95817 0.0176637
0.959939 0.0175187
0.961712 0.0173831
0.963488 0.0172417
0.965267 0.0171047
0.967049 0.0169712
0.968835 0.0168353
0.970624 0.016709
0.972417 0.0165717
0.974212 0.0164519
0.976011 0.0163066
0.977814 0.0161958
0.979619 0.0160442
0.981428 0.0159396
0.983241 0.0157894
0.985056 0.0156867
0.986875 0.0155376
0.988698 0.0154358
0.990523 0.0152902
0.992352 0.0151883
0.994185 0.0150456
0.996021 0.0149459
0.99786 0.0148103
0.999703 0.0147126
1.00155 0.0145806
1.0034 0.0144811
1.00525 0.0143515
1.00711 0.0142532
1.00897 0.0141236
1.01083 0.0140238
1.0127 0.0138968
1.01457 0.0137973
1.01644 0.013672
1.01832 0.0135733
1.0202 0.0134504
1.02208 0.0133518
1.02397 0.0132336
1.02586 0.0131365
1.02775 0.0130242
1.02965 0.0129273
1.03155 0.012819
1.03346 0.0127214
1.03537 0.012614
1.03728 0.0125158
1.03919 0.012411
1.04111 0.0123109
1.04304 0.0122091
1.04496 0.0121069
1.04689 0.0120091
1.04882 0.0119047
1.05076 0.0118119
1.0527 0.0117049
1.05465 0.0116185
1.05659 0.0115055
1.05854 0.0114323
1.0605 0.0113235
1.06246 0.0112497
1.06442 0.0111414
1.06638 0.0110672
1.06835 0.0109605
1.07033 0.0108864
1.0723 0.0107807
1.07428 0.0107059
1.07627 0.0106022
1.07825 0.0105284
1.08025 0.0104259
1.08224 0.0103535
1.08424 0.0102529
1.08624 0.0101815
1.08825 0.0100871
1.09026 0.010016
1.09227 0.0099244
1.09429 0.00985383
1.09631 0.00976307
1.09833 0.00969213
1.10036 0.00960273
1.10239 0.00953087
1.10443 0.00944263
1.10647 0.00937122
1.10851 0.00928464
1.11056 0.00921262
1.11261 0.00912839
1.11466 0.00905633
1.11672 0.00897519
1.11878 0.00890447
1.12085 0.00882759
1.12292 0.00875799
1.12499 0.00868456
1.12707 0.00861217
1.12915 0.00854115
1.13124 0.00846708
1.13333 0.00839847
1.13542 0.00832258
1.13751 0.00825671
1.13962 0.00817734
1.14172 0.00811658
1.14383 0.00803233
1.14594 0.00797795
1.14806 0.007896
1.15018 0.00784326
1.1523 0.00776406
1.15443 0.00771263
1.15656 0.00763751
1.1587 0.00758518
1.16083 0.00751047
1.16298 0.00745842
1.16513 0.00738418
1.16728 0.00733196
1.16943 0.00725878
1.17159 0.00720651
1.17376 0.00713432
1.17592 0.0070827
1.1781 0.00701163
1.18027 0.00696014
1.18245 0.00689118
1.18463 0.00684093
1.18682 0.0067755
1.18901 0.00672601
1.19121 0.00666363
1.19341 0.00661333
1.19561 0.00655166
1.19782 0.00650087
1.20003 0.00644036
1.20225 0.00638897
1.20447 0.0063297
1.20669 0.006278
1.20892 0.00622004
1.21115 0.00616787
1.21339 0.00611193
1.21563 0.00605926
1.21787 0.00600577
1.22012 0.00595389
1.22238 0.00590406
1.22463 0.00585193
1.2269 0.00580516
1.22916 0.00575103
1.23143 0.00570632
1.2337 0.005646
1.23598 0.00560827
1.23826 0.00554856
1.24055 0.00551083
1.24284 0.00545187
1.24514 0.00541384
1.24744 0.00535618
1.24974 0.00531872
1.25205 0.00526225
1.25436 0.00522588
1.25668 0.00517187
1.259 0.00513599
1.26132 0.00508494
1.26365 0.00504929
1.26598 0.00499833
1.26832 0.004962
1.27066 0.00491203
1.27301 0.00487552
1.27536 0.00482588
1.27772 0.0047898
1.28008 0.00474082
1.28244 0.00470472
1.28481 0.0046567
1.28718 0.00462031
1.28956 0.00457426
1.29194 0.00453894
1.29432 0.00449492
1.29671 0.00446026
1.29911 0.00441867
1.30151 0.00438321
1.30391 0.00434245
1.30632 0.00430649
1.30873 0.00426685
1.31115 0.00423014
1.31357 0.0041913
1.31599 0.00415394
1.31842 0.00411637
1.32086 0.00407828
1.3233 0.00404268
1.32574 0.00400368
1.32819 0.00397058
1.33064 0.00393073
1.3331 0.00390114
1.33556 0.00385982
1.33803 0.00383395
1.3405 0.00379321
1.34297 0.00376715
1.34545 0.00372641
1.34794 0.00370067
1.35043 0.00366032
1.35292 0.00363421
1.35542 0.00359464
1.35792 0.00356871
1.36043 0.00352972
1.36294 0.00350398
1.36546 0.00346591
1.36798 0.00344069
1.37051 0.00340448
1.37304 0.00338029
1.37557 0.00334588
1.37811 0.00332147
1.38066 0.00328756
1.38321 0.00326269
1.38576 0.00322929
1.38832 0.00320436
1.39088 0.00317161
1.39345 0.00314625
1.39603 0.00311405
1.3986 0.00308863
1.40119 0.00305734
1.40377 0.00303198
1.40637 0.00300177
1.40896 0.00297681
1.41157 0.00294811
1.41417 0.00292379
1.41678 0.00289704
1.4194 0.00287218
1.42202 0.00284597
1.42465 0.00282029
1.42728 0.00279513
1.42991 0.0027684
1.43255 0.00274442
1.4352 0.0027166
1.43785 0.00269408
1.4405 0.00266348
1.44316 0.00264464
1.44583 0.0026139
1.4485 0.00259617
1.45117 0.00256668
1.45385 0.00254948
1.45654 0.00252222
1.45923 0.00250483
1.46192 0.00247774
1.46462 0.00246038
1.46733 0.00243326
1.47004 0.00241577
1.47275 0.002389
1.47547 0.00237155
1.47819 0.00234531
1.48092 0.00232763
1.48366 0.0023018
1.4864 0.00228442
1.48914 0.00225918
1.49189 0.00224225
1.49465 0.00221828
1.49741 0.0022018
1.50017 0.0021793
1.50294 0.00216255
1.50572 0.00214043
1.5085 0.00212353
1.51129 0.00210177
1.51408 0.00208464
1.51687 0.00206337
1.51967 0.00204589
1.52248 0.002025
1.52529 0.00200739
1.52811 0.00198731
1.53093 0.00196942
1.53376 0.00195022
1.53659 0.00193247
1.53943 0.00191449
1.54227 0.00189725
1.54512 0.00188073
1.54797 0.0018626
1.55083 0.00184683
1.55369 0.00182756
1.55656 0.00181314
1.55944 0.00179181
1.56231 0.00177952
1.5652 0.00175855
1.56809 0.00174627
1.57099 0.00172537
1.57389 0.00171336
1.57679 0.00169298
1.5797 0.00168122
1.58262 0.00166167
1.58554 0.00165035
1.58847 0.00163235
1.59141 0.00162083
1.59434 0.001603
1.59729 0.0015915
1.60024 0.00157379
1.60319 0.00156207
1.60615 0.00154456
1.60912 0.00153278
1.61209 0.00151559
1.61507 0.00150375
1.61805 0.00148694
1.62104 0.00147515
1.62403 0.00145884
1.62703 0.00144722
1.63003 0.00143167
1.63304 0.00142047
1.63606 0.00140612
1.63908 0.00139488
1.64211 0.00138064
1.64514 0.00136908
1.64818 0.00135516
1.65122 0.00134331
1.65427 0.00132993
1.65733 0.00131769
1.66039 0.00130465
1.66345 0.00129215
1.66652 0.0012798
1.6696 0.00126694
1.67268 0.00125538
1.67577 0.00124217
1.67887 0.00123193
1.68197 0.00121841
1.68507 0.00120984
1.68819 0.00119567
1.6913 0.00118771
1.69443 0.00117361
1.69756 0.00116565
1.70069 0.00115167
1.70383 0.00114367
1.70698 0.0011298
1.71013 0.00112177
1.71329 0.00110816
1.71645 0.00110018
1.71962 0.00108685
1.7228 0.00107908
1.72598 0.00106635
1.72916 0.00105883
1.73236 0.0010472
1.73556 0.00103961
1.73876 0.00102804
1.74197 0.0010204
1.74519 0.00100898
1.74841 0.00100121
1.75164 0.000989944
1.75487 0.00098205
1.75812 0.000970957
1.76136 0.000963035
1.76461 0.0009523
1.76787 0.000944278
1.77114 0.00093388
1.77441 0.000925916
1.77768 0.000916098
1.78097 0.000908513
1.78426 0.00089952
1.78755 0.000891734
1.79085 0.000882928
1.79416 0.000874852
1.79747 0.000866442
1.80079 0.00085803
1.80412 0.000849923
1.80745 0.000841072
1.81079 0.000833493
1.81413 0.000824095
1.81748 0.00081729
1.82084 0.000806689
1.8242 0.000801348
1.82757 0.000791148
1.83094 0.000786038
1.83432 0.000776861
1.83771 0.00077171
1.8411 0.000762588
1.8445 0.000757348
1.84791 0.000748244
1.85132 0.000743013
1.85474 0.000733985
1.85816 0.000728676
1.8616 0.000719816
1.86503 0.00071455
1.86848 0.000705755
1.87193 0.000700459
1.87538 0.000691907
1.87885 0.000686691
1.88232 0.000678457
1.88579 0.000673554
1.88928 0.00066615
1.89276 0.000661126
1.89626 0.000653796
1.89976 0.000648676
1.90327 0.000641413
1.90678 0.000636262
1.9103 0.000629102
1.91383 0.000623822
1.91737 0.000616828
1.92091 0.000611471
1.92445 0.000604686
1.92801 0.000599189
1.93157 0.00059276
1.93514 0.000587224
1.93871 0.000581183
1.94229 0.000575932
1.94588 0.000570524
1.94947 0.000564988
1.95307 0.000559857
1.95667 0.000553959
1.96029 0.000549202
1.96391 0.000542604
1.96753 0.000538554
1.97117 0.000531517
1.97481 0.000527941
1.97845 0.00052097
1.98211 0.000517448
1.98577 0.000510609
1.98943 0.00050715
1.99311 0.00050051
1.99679 0.000497267
2.00048 0.000491305
2.00417 0.000487991
2.00787 0.000482128
2.01158 0.000478784
2.01529 0.000472948
2.01902 0.000469523
2.02274 0.000463763
2.02648 0.000460357
2.03022 0.000454614
2.03397 0.000451161
2.03773 0.000445553
2.04149 0.000442083
2.04526 0.000436629
2.04904 0.000433197
2.05282 0.00042793
2.05661 0.000424705
2.06041 0.000420026
2.06421 0.000416704
2.06802 0.000412094
2.07184 0.000408686
2.07567 0.000404195
2.0795 0.000400638
2.08334 0.00039626
2.08719 0.000392611
2.09104 0.000388378
2.0949 0.000384611
2.09877 0.000380574
2.10265 0.00037669
2.10653 0.000372885
2.11042 0.000368841
2.11432 0.00036545
2.11822 0.000361461
2.12213 0.000358606
2.12605 0.000354004
2.12998 0.000351775
2.13391 0.0003472
2.13785 0.000344939
2.1418 0.000340404
2.14576 0.000338124
2.14972 0.000333618
2.15369 0.000331312
2.15766 0.000326873
2.16165 0.000324572
2.16564 0.000320208
2.16964 0.000317979
2.17365 0.000313732
2.17766 0.000311631
2.18168 0.000307832
2.18571 0.000305698
2.18975 0.000301991
2.19379 0.000299798
2.19784 0.000296103
2.2019 0.000293891
2.20597 0.000290256
2.21004 0.000287999
2.21412 0.00028442
2.21821 0.000282128
2.2223 0.000278611
2.22641 0.000276292
2.23052 0.00027289
2.23464 0.000270557
2.23876 0.000267321
2.2429 0.000265145
2.24704 0.000262251
2.25119 0.000260012
2.25535 0.000257209
2.25951 0.000254874
2.26368 0.000252157
2.26786 0.000249713
2.27205 0.000247126
2.27625 0.000244527
2.28045 0.000242094
2.28466 0.000239319
2.28888 0.000237111
2.29311 0.00023402
2.29734 0.000232196
2.30158 0.000228851
2.30583 0.000227449
2.31009 0.000224467
2.31436 0.000223074
2.31863 0.000220148
2.32291 0.000218736
2.3272 0.000215836
2.3315 0.000214396
2.33581 0.000211511
2.34012 0.000210055
2.34444 0.000207188
2.34877 0.000205722
2.35311 0.000202898
2.35745 0.000201421
2.36181 0.000198656
2.36617 0.00019721
2.37054 0.000194532
2.37491 0.000193159
2.3793 0.000190756
2.38369 0.00018938
2.38809 0.000187055
2.3925 0.000185645
2.39692 0.00018334
2.40135 0.00018189
2.40578 0.000179629
2.41023 0.000178134
2.41468 0.00017592
2.41914 0.000174377
2.4236 0.000172233
2.42808 0.000170661
2.43256 0.000168596
2.43705 0.000166996
2.44155 0.000165069
2.44606 0.00016354
2.45058 0.00016183
2.4551 0.000160245
2.45964 0.000158656
2.46418 0.000156962
2.46873 0.000155469
2.47329 0.000153602
2.47786 0.000152278
2.48243 0.000150044
2.48702 0.00014909
2.49161 0.000146881
2.49621 0.000145936
2.50082 0.000143756
2.50544 0.000142811
2.51006 0.000140693
2.5147 0.00013981
2.51934 0.000137909
2.52399 0.000137019
2.52866 0.000135193
2.53333 0.000134293
2.538 0.000132468
2.54269 0.00013156
2.54739 0.00012974
2.55209 0.000128809
2.5568 0.000127022
2.56152 0.000126065
2.56625 0.000124306
2.57099 0.000123354
2.57574 0.00012162
2.5805 0.000120674
2.58526 0.000119013
2.59004 0.000118116
2.59482 0.000116622
2.59961 0.00011573
2.60441 0.000114303
2.60922 0.000113372
2.61404 0.000111978
2.61886 0.000111006
2.6237 0.000109643
2.62855 0.000108629
2.6334 0.000107304
2.63826 0.000106254
2.64313 0.000104994
2.64801 0.000103882
2.6529 0.000102699
2.6578 0.000101551
2.66271 0.000100481
2.66763 9.93414e-05
2.67255 9.8434e-05
2.67749 9.71989e-05
2.68243 9.64538e-05
2.68739 9.50411e-05
2.69235 9.44567e-05
2.69732 9.3055e-05
2.7023 9.24595e-05
2.70729 9.10574e-05
2.71229 9.04565e-05
2.7173 8.90762e-05
2.72232 8.84685e-05
2.72735 8.71098e-05
2.73238 8.65148e-05
2.73743 8.51881e-05
2.74248 8.46296e-05
2.74755 8.34286e-05
2.75262 8.28748e-05
2.7577 8.17381e-05
2.7628 8.11726e-05
2.7679 8.00441e-05
2.77301 7.94686e-05
2.77813 7.8349e-05
2.78326 7.77513e-05
2.7884 7.66442e-05
2.79355 7.60394e-05
2.79871 7.4955e-05
2.80387 7.43301e-05
2.80905 7.32733e-05
2.81424 7.26521e-05
2.81944 7.16415e-05
2.82464 7.10477e-05
2.82986 7.01438e-05
2.83508 6.95431e-05
2.84032 6.87048e-05
2.84556 6.80751e-05
2.85082 6.72577e-05
2.85608 6.65892e-05
2.86136 6.58062e-05
2.86664 6.50963e-05
2.87193 6.43581e-05
2.87724 6.35878e-05
2.88255 6.29134e-05
2.88787 6.20701e-05
2.89321 6.14836e-05
2.89855 6.04543e-05
2.9039 6.01002e-05
2.90926 5.91707e-05
2.91464 5.88273e-05
2.92002 5.79529e-05
2.92541 5.75944e-05
2.93081 5.67286e-05
2.93623 5.63624e-05
2.94165 5.54986e-05
2.94708 5.51287e-05
2.95252 5.42659e-05
2.95797 5.38864e-05
2.96344 5.30366e-05
2.96891 5.26584e-05
2.97439 5.18168e-05
2.97988 5.14388e-05
2.98539 5.06256e-05
2.9909 5.02717e-05
2.99642 4.95335e-05
3.00195 4.9187e-05
3.0075 4.84925e-05
3.01305 4.81378e-05
3.01862 4.74496e-05
3.02419 4.70802e-05
3.02977 4.64049e-05
3.03537 4.60189e-05
3.04097 4.53547e-05
3.04659 4.49558e-05
3.05222 4.43124e-05
3.05785 4.38966e-05
3.0635 4.32744e-05
3.06916 4.28539e-05
3.07482 4.22697e-05
3.0805 4.18602e-05
3.08619 4.13407e-05
3.09189 4.09297e-05
3.0976 4.0458e-05
3.10332 4.0015e-05
3.10905 3.95776e-05
3.11479 3.90887e-05
3.12054 3.86895e-05
3.1263 3.81344e-05
3.13208 3.7801e-05
3.13786 3.71513e-05
3.14365 3.69145e-05
3.14946 3.62715e-05
3.15528 3.60382e-05
3.1611 3.54077e-05
3.16694 3.51897e-05
3.17279 3.46165e-05
3.17865 3.44055e-05
3.18452 3.38751e-05
3.1904 3.36568e-05
3.19629 3.31303e-05
3.20219 3.29068e-05
3.2081 3.23814e-05
3.21403 3.2151e-05
3.21996 3.16299e-05
3.22591 3.13981e-05
3.23187 3.08793e-05
3.23783 3.06444e-05
3.24381 3.01366e-05
3.2498 2.98989e-05
3.2558 2.94075e-05
3.26182 2.91833e-05
3.26784 2.874e-05
3.27387 2.85215e-05
3.27992 2.8113e-05
3.28598 2.7883e-05
3.29204 2.74828e-05
3.29812 2.72424e-05
3.30421 2.68512e-05
3.31031 2.65994e-05
3.31643 2.62157e-05
3.32255 2.59496e-05
3.32869 2.55827e-05
3.33483 2.53039e-05
3.34099 2.4956e-05
3.34716 2.46609e-05
3.35334 2.43446e-05
3.35953 2.40465e-05
3.36574 2.37803e-05
3.37195 2.3472e-05
3.37818 2.32504e-05
3.38442 2.28759e-05
3.39067 2.27214e-05
3.39693 2.23257e-05
3.4032 2.21875e-05
3.40949 2.17917e-05
3.41578 2.165e-05
3.42209 2.12599e-05
3.42841 2.11162e-05
3.43474 2.07303e-05
3.44108 2.05889e-05
3.44744 2.02101e-05
3.4538 2.00765e-05
3.46018 1.97303e-05
3.46657 1.96022e-05
3.47297 1.92901e-05
3.47939 1.91574e-05
3.48581 1.88449e-05
3.49225 1.87104e-05
3.4987 1.83994e-05
3.50516 1.82599e-05
3.51163 1.79525e-05
3.51811 1.78078e-05
3.52461 1.75038e-05
3.53112 1.73565e-05
3.53764 1.70598e-05
3.54417 1.69107e-05
3.55072 1.66243e-05
3.55727 1.64803e-05
3.56384 1.6224e-05
3.57042 1.60845e-05
3.57702 1.58533e-05
3.58362 1.57053e-05
3.59024 1.54824e-05
3.59687 1.53234e-05
3.60351 1.51082e-05
3.61017 1.49383e-05
3.61683 1.47337e-05
3.62351 1.45483e-05
3.6302 1.43584e-05
3.63691 1.41549e-05
3.64362 1.39864e-05
3.65035 1.37567e-05
3.65709 1.36236e-05
3.66384 1.33646e-05
3.67061 1.32883e-05
3.67739 1.30573e-05
3.68418 1.29786e-05
3.69098 1.27474e-05
3.6978 1.26669e-05
3.70463 1.24354e-05
3.71147 1.23542e-05
3.71832 1.21232e-05
3.72519 1.20395e-05
3.73207 1.18101e-05
3.73896 1.17247e-05
3.74586 1.14989e-05
3.75278 1.1414e-05
3.75971 1.11927e-05
3.76665 1.11117e-05
3.77361 1.09084e-05
3.78058 1.08324e-05
3.78756 1.06523e-05
3.79455 1.05731e-05
3.80156 1.03945e-05
3.80858 1.03118e-05
3.81561 1.01349e-05
3.82266 1.00493e-05
3.82972 9.8746e-06
3.83679 9.78468e-06
3.84387 9.61339e-06
3.85097 9.52156e-06
3.85808 9.35471e-06
3.86521 9.25841e-06
3.87234 9.10067e-06
3.87949 9.00603e-06
3.88666 8.86623e-06
3.89384 8.77505e-06
3.90103 8.65291e-06
3.90823 8.55393e-06
3.91545 8.43883e-06
3.92268 8.32851e-06
3.92992 8.22404e-06
3.93718 8.09942e-06
3.94445 8.00737e-06
3.95173 7.85552e-06
3.95903 7.79129e-06
3.96634 7.62579e-06
3.97366 7.57654e-06
3.981 7.41355e-06
3.98835 7.36672e-06
3.99572 7.2159e-06
4.0031 7.17284e-06
4.01049 7.04058e-06
4.01789 6.99604e-06
4.02531 6.8646e-06
4.03275 6.81864e-06
4.04019 6.68748e-06
4.04765 6.6402e-06
4.05513 6.50957e-06
4.06262 6.46077e-06
4.07012 6.33107e-06
4.07763 6.28127e-06
4.08516 6.15304e-06
4.09271 6.1037e-06
4.10027 5.97837e-06
4.10784 5.93064e-06
4.11542 5.81553e-06
4.12302 5.77088e-06
4.13064 5.67132e-06
4.13826 5.62484e-06
4.14591 5.5268e-06
4.15356 5.47709e-06
4.16123 5.38086e-06
4.16892 5.32816e-06
4.17661 5.23432e-06
4.18433 5.17843e-06
4.19205 5.08733e-06
4.19979 5.0279e-06
4.20755 4.94106e-06
4.21532 4.87752e-06
4.2231 4.79817e-06
4.2309 4.73299e-06
4.23871 4.6647e-06
4.24654 4.60132e-06
4.25438 4.54641e-06
4.26224 4.4724e-06
4.27011 4.42753e-06
4.278 4.33473e-06
4.2859 4.30776e-06
4.29381 4.21509e-06
4.30174 4.1873e-06
4.30968 4.09504e-06
4.31764 4.06694e-06
4.32561 3.97528e-06
4.3336 3.94723e-06
4.3416 3.85661e-06
4.34962 3.83005e-06
4.35765 3.74546e-06
4.3657 3.7217e-06
4.37376 3.64968e-06
4.38184 3.62499e-06
4.38993 3.55305e-06
4.39804 3.52721e-06
4.40616 3.45596e-06
4.41429 3.42915e-06
4.42245 3.35779e-06
4.43061 3.33027e-06
4.43879 3.25975e-06
4.44699 3.23114e-06
4.4552 3.16175e-06
4.46343 3.13259e-06
4.47167 3.06541e-06
4.47993 3.03685e-06
4.4882 2.97507e-06
4.49649 2.94894e-06
4.50479 2.89702e-06
4.51311 2.86918e-06
4.52144 2.81873e-06
4.52979 2.78822e-06
4.53816 2.73961e-06
4.54654 2.70659e-06
4.55493 2.65989e-06
4.56335 2.62384e-06
4.57177 2.58035e-06
4.58021 2.54021e-06
4.58867 2.50089e-06
4.59715 2.45581e-06
4.60564 2.42286e-06
4.61414 2.37054e-06
4.62266 2.35e-06
4.6312 2.30047e-06
4.63975 2.28693e-06
4.64832 2.23727e-06
4.6569 2.22347e-06
4.6655 2.1738e-06
4.67411 2.15949e-06
4.68275 2.10986e-06
4.69139 2.09513e-06
4.70006 2.04548e-06
4.70874 2.03033e-06
4.71743 1.98132e-06
4.72614 1.96627e-06
4.73487 1.91789e-06
4.74361 1.90316e-06
4.75237 1.85778e-06
4.76115 1.84511e-06
4.76994 1.80731e-06
4.77875 1.79402e-06
4.78757 1.75652e-06
4.79641 1.74257e-06
4.80527 1.70544e-06
4.81414 1.69084e-06
4.82303 1.65383e-06
4.83194 1.63832e-06
4.84086 1.60218e-06
4.8498 1.58589e-06
4.85876 1.5505e-06
4.86773 1.53354e-06
4.87672 1.49964e-06
4.88572 1.4821e-06
4.89475 1.45145e-06
4.90378 1.43601e-06
4.91284 1.41113e-06
4.92191 1.39389e-06
4.931 1.37044e-06
4.94011 1.35138e-06
4.94923 1.32945e-06
4.95837 1.30778e-06
4.96752 1.28823e-06
4.9767 1.26262e-06
4.98589 1.24678e-06
4.99509 1.21351e-06
5.00432 1.2055e-06
5.01356 1.17258e-06
5.02282 1.16477e-06
5.03209 1.13335e-06
5.04138 1.12674e-06
5.05069 1.10147e-06
5.06002 1.0945e-06
5.06936 1.06928e-06
5.07873 1.06208e-06
5.0881 1.03681e-06
5.0975 1.02953e-06
5.10691 1.00422e-06
5.11634 9.96584e-07
5.12579 9.71387e-07
5.13526 9.63563e-07
5.14474 9.38638e-07
5.15424 9.30672e-07
5.16376 9.06052e-07
5.17329 8.98245e-07
5.18285 8.75033e-07
5.19242 8.68368e-07
5.202 8.49841e-07
5.21161 8.42775e-07
5.22123 8.24376e-07
5.23088 8.16809e-07
5.24054 7.98785e-07
5.25021 7.90735e-07
5.25991 7.72895e-07
5.26962 7.64157e-07
5.27935 7.46989e-07
5.2891 7.37591e-07
5.29887 7.21053e-07
5.30865 7.10956e-07
5.31846 6.9545e-07
5.32828 6.8461e-07
5.33812 6.71038e-07
5.34797 6.61373e-07
5.35785 6.512e-07
5.36774 6.39967e-07
5.37765 6.3122e-07
5.38758 6.17507e-07
5.39753 6.11078e-07
5.4075 5.94708e-07
5.41749 5.90774e-07
5.42749 5.74401e-07
5.43751 5.70385e-07
5.44755 5.54048e-07
5.45761 5.50066e-07
5.46769 5.33881e-07
5.47779 5.29935e-07
5.4879 5.14272e-07
5.49804 5.11086e-07
5.50819 4.98875e-07
5.51836 4.95533e-07
5.52855 4.83362e-07
5.53876 4.79895e-07
5.54899 4.67737e-07
5.55923 4.64129e-07
5.5695 4.52005e-07
5.57979 4.48191e-07
5.59009 4.36111e-07
5.60041 4.32174e-07
5.61075 4.20262e-07
5.62111 4.16203e-07
5.63149 4.04517e-07
5.64189 4.00389e-07
5.65231 3.8931e-07
5.66275 3.85851e-07
5.67321 3.77346e-07
5.68368 3.73577e-07
5.69418 3.65296e-07
5.70469 3.61212e-07
5.71523 3.53167e-07
5.72578 3.4866e-07
5.73635 3.40933e-07
5.74695 3.35957e-07
5.75756 3.28602e-07
5.76819 3.2298e-07
5.77884 3.1633e-07
5.78951 3.10007e-07
5.8002 3.04114e-07
5.81092 2.96746e-07
5.82165 2.92488e-07
5.8324 2.84797e-07
5.84317 2.83191e-07
5.85396 2.75578e-07
5.86477 2.73916e-07
5.8756 2.66303e-07
5.88645 2.64561e-07
5.89732 2.56945e-07
5.90821 2.55137e-07
5.91912 2.47511e-07
5.93005 2.45648e-07
5.941 2.38049e-07
5.95197 2.36173e-07
5.96296 2.28634e-07
5.97397 2.26798e-07
5.985 2.1948e-07
5.99605 2.17985e-07
6.00713 2.12362e-07
6.01822 2.10801e-07
6.02933 2.05313e-07
6.04047 2.03703e-07
6.05162 1.98195e-07
6.06279 1.96476e-07
6.07399 1.91039e-07
6.08521 1.89197e-07
6.09644 1.83825e-07
6.1077 1.81868e-07
6.11898 1.76588e-07
6.13028 1.74521e-07
6.1416 1.69411e-07
6.15294 1.67246e-07
6.1643 1.62486e-07
6.17569 1.60633e-07
6.18709 1.57027e-07
6.19851 1.55031e-07
6.20996 1.51695e-07
6.22143 1.4946e-07
6.23292 1.46302e-07
6.24443 1.43743e-07
6.25596 1.40872e-07
6.26751 1.37843e-07
6.27908 1.3539e-07
6.29068 1.31698e-07
6.30229 1.29938e-07
6.31393 1.25364e-07
6.32559 1.245e-07
6.33727 1.20026e-07
6.34897 1.19333e-07
6.3607 1.15891e-07
6.37244 1.15201e-07
6.38421 1.11893e-07
6.396 1.11159e-07
6.40781 1.07865e-07
6.41964 1.07108e-07
6.4315 1.03804e-07
6.44338 1.03014e-07
6.45527 9.96905e-08
6.46719 9.88735e-08
6.47914 9.55805e-08
6.4911 9.47501e-08
6.50309 9.14913e-08
6.5151 9.06709e-08
6.52713 8.7514e-08
6.53918 8.68391e-08
6.55126 8.43982e-08
6.56335 8.37183e-08
6.57547 8.14168e-08
6.58761 8.06736e-08
6.59978 7.84009e-08
6.61197 7.76096e-08
6.62418 7.53684e-08
6.63641 7.44946e-08
6.64866 7.23015e-08
6.66094 7.13312e-08
6.67324 6.92381e-08
6.68556 6.81891e-08
6.69791 6.61802e-08
6.71028 6.50358e-08
6.72267 6.32469e-08
6.73508 6.2234e-08
6.74752 6.09214e-08
6.75998 5.98234e-08
6.77246 5.87077e-08
6.78497 5.73816e-08
6.7975 5.6473e-08
6.81005 5.45698e-08
6.82263 5.42194e-08
6.83522 5.23087e-08
6.84785 5.19475e-08
6.86049 5.00399e-08
6.87316 4.96728e-08
6.88585 4.77776e-08
6.89857 4.74111e-08
6.91131 4.55566e-08
6.92407 4.5267e-08
6.93686 4.38298e-08
6.94967 4.35478e-08
6.9625 4.22122e-08
6.97536 4.19164e-08
6.98824 4.05794e-08
7.00114 4.02718e-08
7.01407 3.89379e-08
7.02702 3.86172e-08
7.04 3.72791e-08
7.053 3.69411e-08
7.06602 3.56152e-08
7.07907 3.52651e-08
7.09214 3.39537e-08
7.10524 3.35972e-08
7.11836 3.23431e-08
7.1315 3.20395e-08
7.14467 3.10765e-08
7.15787 3.07713e-08
7.17108 2.99056e-08
7.18433 2.95656e-08
7.19759 2.87203e-08
7.21088 2.83494e-08
7.2242 2.75288e-08
7.23754 2.7106e-08
7.2509 2.63214e-08
7.26429 2.584e-08
7.27771 2.51115e-08
7.29115 2.45693e-08
7.30461 2.39105e-08
7.3181 2.32703e-08
7.33161 2.27517e-08
7.34515 2.21272e-08
7.35872 2.18331e-08
7.3723 2.11096e-08
7.38592 2.09861e-08
7.39956 2.02594e-08
7.41322 2.01331e-08
7.42691 1.94039e-08
7.44062 1.92713e-08
7.45436 1.85385e-08
7.46813 1.84014e-08
7.48192 1.76695e-08
7.49574 1.75291e-08
7.50958 1.68026e-08
7.52345 1.66628e-08
7.53734 1.59516e-08
7.55126 1.58382e-08
7.5652 1.52832e-08
7.57917 1.51798e-08
7.59317 1.46821e-08
7.60719 1.45728e-08
7.62124 1.40769e-08
7.63531 1.39597e-08
7.64941 1.34649e-08
7.66353 1.33392e-08
7.67769 1.28477e-08
7.69186 1.27123e-08
7.70607 1.22277e-08
7.7203 1.20808e-08
7.73455 1.16078e-08
7.74884 1.1452e-08
7.76315 1.10062e-08
7.77748 1.08718e-08
7.79184 1.05299e-08
7.80623 1.03954e-08
7.82065 1.01052e-08
7.83509 9.95276e-09
7.84956 9.67802e-09
7.86405 9.50067e-09
7.87857 9.24591e-09
7.89312 9.03713e-09
7.9077 8.80902e-09
7.9223 8.55327e-09
7.93693 8.37098e-09
7.95158 8.0233e-09
7.96627 7.93552e-09
7.98098 7.56017e-09
7.99572 7.51503e-09
8.01048 7.22049e-09
8.02527 7.17965e-09
8.04009 6.92414e-09
8.05494 6.88143e-09
8.06981 6.62584e-09
8.08472 6.58152e-09
8.09965 6.32501e-09
8.1146 6.27854e-09
8.12959 6.02045e-09
8.1446 5.97147e-09
8.15964 5.71454e-09
8.17471 5.66533e-09
8.1898 5.40823e-09
8.20492 5.35915e-09
8.22008 5.10844e-09
8.23526 5.06798e-09
8.25046 4.87123e-09
8.2657 4.83431e-09
8.28096 4.66654e-09
8.29625 4.62703e-09
8.31157 4.46089e-09
8.32692 4.4175e-09
8.3423 4.25335e-09
8.3577 4.20463e-09
8.37314 4.04285e-09
8.3886 3.98865e-09
8.40409 3.83123e-09
8.41961 3.77193e-09
8.43516 3.62048e-09
8.45073 3.55431e-09
8.46634 3.41483e-09
8.48197 3.35393e-09
8.49763 3.2511e-09
8.51333 3.19009e-09
8.52905 3.11075e-09
8.5448 3.03723e-09
8.56057 2.96934e-09
8.57638 2.8761e-09
8.59222 2.8267e-09
8.60809 2.7008e-09
8.62398 2.68215e-09
8.63991 2.55614e-09
8.65586 2.53737e-09
8.67185 2.41152e-09
8.68786 2.39273e-09
8.7039 2.26824e-09
8.71997 2.25339e-09
8.73608 2.1543e-09
8.75221 2.14172e-09
8.76837 2.06013e-09
8.78456 2.04681e-09
8.80078 1.96515e-09
8.81704 1.95136e-09
8.83332 1.86936e-09
8.84963 1.85468e-09
8.86597 1.77209e-09
8.88234 1.75672e-09
8.89874 1.67455e-09
8.91518 1.65844e-09
8.93164 1.57702e-09
8.94813 1.56018e-09
8.96466 1.48104e-09
8.98121 1.46682e-09
8.9978 1.40417e-09
9.01441 1.39163e-09
9.03106 1.34099e-09
9.04773 1.32693e-09
9.06444 1.27748e-09
9.08118 1.26149e-09
9.09795 1.21324e-09
9.11475 1.19455e-09
9.13158 1.14839e-09
9.14844 1.12668e-09
9.16534 1.08296e-09
9.18226 1.05778e-09
9.19922 1.01761e-09
9.2162 9.87513e-10
9.23322 9.54038e-10
9.25027 9.24187e-10
9.26736 9.02718e-10
9.28447 8.70828e-10
9.30161 8.61112e-10
9.31879 8.23944e-10
9.336 8.19137e-10
9.35324 7.81831e-10
9.37051 7.76754e-10
9.38781 7.39196e-10
9.40515 7.33861e-10
9.42252 6.96079e-10
9.43992 6.90688e-10
9.45735 6.53032e-10
9.47481 6.47646e-10
9.49231 6.10461e-10
9.50984 6.06041e-10
9.5274 5.75899e-10
9.54499 5.72417e-10
9.56262 5.48934e-10
9.58027 5.45241e-10
9.59797 5.21666e-10
9.61569 5.17854e-10
9.63345 4.94253e-10
9.65123 4.90064e-10
9.66906 4.66458e-10
9.68691 4.61746e-10
9.7048 4.38424e-10
9.72272 4.33404e-10
9.74067 4.10433e-10
9.75866 4.04891e-10
9.77668 3.82833e-10
9.79474 3.77798e-10
9.81282 3.60413e-10
9.83094 3.56053e-10
9.8491 3.43035e-10
9.86728 3.37939e-10
9.88551 3.25562e-10
9.90376 3.19577e-10
9.92205 3.07897e-10
9.94037 3.00554e-10
9.95873 2.89974e-10
9.97712 2.80929e-10
9.99554 2.7194e-10
10.014 2.60479e-10
10.0325 2.53915e-10
10.051 2.37807e-10
10.0696 2.36323e-10
10.0882 2.23033e-10
10.1068 2.21934e-10
10.1255 2.1208e-10
10.1442 2.10925e-10
10.1629 2.01022e-10
10.1817 1.99819e-10
10.2005 1.89833e-10
10.2193 1.88597e-10
10.2382 1.78535e-10
10.2571 1.7723e-10
10.276 1.6712e-10
10.295 1.6579e-10
10.314 1.55696e-10
10.333 1.54373e-10
10.3521 1.44386e-10
10.3712 1.43265e-10
10.3904 1.35033e-10
10.4096 1.34221e-10
10.4288 1.28226e-10
10.4481 1.2732e-10
10.4674 1.21357e-10
10.4867 1.2036e-10
10.5061 1.14419e-10
10.5255 1.13256e-10
10.5449 1.07394e-10
10.5644 1.06026e-10
10.5839 1.00294e-10
10.6034 9.87454e-11
10.623 9.321e-11
10.6426 9.13978e-11
10.6623 8.62005e-11
10.682 8.44421e-11
10.7017 8.04114e-11
10.7214 7.89362e-11
10.7412 7.62617e-11
10.7611 7.44277e-11
10.7809 7.20696e-11
10.8008 6.97292e-11
10.8208 6.7837e-11
10.8408 6.46396e-11
10.8608 6.35364e-11
10.8809 5.9586e-11
10.9009 5.92035e-11
10.9211 5.52481e-11
10.9412 5.48711e-11
10.9614 5.09314e-11
10.9817 5.06153e-11
11.002 4.72986e-11
11.0223 4.71113e-11
11.0426 4.48223e-11
11.063 4.46138e-11
11.0835 4.23102e-11
11.1039 4.20988e-11
11.1244 3.97785e-11
11.145 3.95566e-11
11.1655 3.72134e-11
11.1862 3.69683e-11
11.2068 3.46184e-11
11.2275 3.43548e-11
11.2483 3.20111e-11
11.269 3.17411e-11
11.2898 2.94266e-11
11.3107 2.91837e-11
11.3316 2.72491e-11
11.3525 2.70849e-11
11.3735 2.5799e-11
11.3945 2.5601e-11
11.4155 2.43308e-11
11.4366 2.40868e-11
11.4577 2.28467e-11
11.4789 2.25459e-11
11.5001 2.13335e-11
11.5213 2.09569e-11
11.5426 1.98056e-11
11.5639 1.93358e-11
11.5852 1.82723e-11
11.6066 1.76999e-11
11.6281 1.67489e-11
11.6495 1.61278e-11
11.671 1.5475e-11
11.6926 1.49471e-11
11.7142 1.46446e-11
11.7358 1.38346e-11
11.7575 1.38027e-11
11.7792 1.29871e-11
11.801 1.29498e-11
11.8227 1.21266e-11
11.8446 1.20802e-11
11.8664 1.12489e-11
11.8884 1.12001e-11
11.9103 1.0364e-11
11.9323 1.03142e-11
11.9543 9.47954e-12
11.9764 9.43898e-12
11.9985 8.7175e-12
12.0207 8.71022e-12
12.0429 8.2557e-12
12.0651 8.24397e-12
12.0874 7.78552e-12
12.1097 7.77021e-12
12.1321 7.30758e-12
12.1545 7.28487e-12
12.1769 6.81975e-12
12.1994 6.78705e-12
12.2219 6.32096e-12
12.2445 6.28098e-12
12.2671 5.8168e-12
12.2898 5.76733e-12
12.3125 5.31395e-12
12.3352 5.26417e-12
12.358 4.88142e-12
12.3808 4.85408e-12
12.4037 4.62759e-12
12.4266 4.58322e-12
12.4495 4.36551e-12
12.4725 4.30565e-12
12.4955 4.09841e-12
12.5186 4.01586e-12
12.5417 3.82422e-12
12.5649 3.71122e-12
12.5881 3.54259e-12
12.6113 3.39051e-12
12.6346 3.25944e-12
12.658 3.04533e-12
12.6813 2.97397e-12
12.7048 2.72514e-12
12.7282 2.72957e-12
12.7517 2.58512e-12
12.7753 2.58708e-12
12.7989 2.44051e-12
12.8225 2.44112e-12
12.8462 2.29204e-12
12.8699 2.29186e-12
12.8937 2.13998e-12
12.9175 2.13699e-12
12.9413 1.98222e-12
12.9652 1.97733e-12
12.9892 1.82142e-12
13.0131 1.81717e-12
13.0372 1.65972e-12
13.0612 1.65514e-12
13.0854 1.51563e-12
13.1095 1.5166e-12
13.1337 1.4365e-12
13.158 1.43592e-12
13.1823 1.35496e-12
13.2066 1.35244e-12
13.231 1.2712e-12
13.2555 1.26638e-12
13.2799 1.18457e-12
13.3045 1.17653e-12
13.329 1.09503e-12
13.3536 1.08376e-12
13.3783 1.00442e-12
13.403 9.89802e-13
13.4277 9.12725e-13
13.4525 8.95406e-13
13.4774 8.30627e-13
13.5023 8.19933e-13
13.5272 7.85785e-13
13.5522 7.70824e-13
13.5772 7.39385e-13
13.6023 7.18406e-13
13.6274 6.91682e-13
13.6526 6.61725e-13
13.6778 6.42519e-13
13.703 5.9396e-13
13.7283 5.91758e-13
13.7537 5.42943e-13
13.7791 5.40757e-13
13.8045 4.91474e-13
13.83 4.88918e-13
13.8556 4.43436e-13
13.8811 4.42911e-13
13.9068 4.18154e-13
13.9325 4.17326e-13
13.9582 3.92164e-13
13.984 3.91139e-13
14.0098 3.65674e-13
14.0357 3.64447e-13
14.0616 3.38454e-13
14.0875 3.36907e-13
14.1136 3.10447e-13
14.1396 3.0874e-13
14.1657 2.82243e-13
14.1919 2.8046e-13
14.2181 2.53654e-13
14.2443 2.51712e-13
14.2706 2.27216e-13
14.297 2.26261e-13
14.3234 2.13236e-13
14.3499 2.11931e-13
14.3763 1.98951e-13
14.4029 1.97272e-13
14.4295 1.84502e-13
14.4561 1.82315e-13
14.4828 1.69739e-13
14.5096 1.66885e-13
14.5364 1.54615e-13
14.5632 1.51054e-13
14.5901 1.39514e-13
14.617 1.34973e-13
14.644 1.24211e-13
14.6711 1.18719e-13
14.6982 1.10176e-13
14.7253 1.06475e-13
14.7525 1.02805e-13
14.7797 9.76448e-14
14.807 9.53505e-14
14.8344 8.83425e-14
14.8618 8.78491e-14
14.8892 8.07645e-14
14.9167 8.02154e-14
14.9443 7.30042e-14
14.9719 7.24374e-14
14.9995 6.52147e-14
15.0272 6.4701e-14
15.055 5.74217e-14
15.0828 5.6849e-14
15.1106 4.99063e-14
15.1385 4.96903e-14
15.1665 4.62538e-14
15.1945 4.60315e-14
15.2225 4.25597e-14
15.2506 4.23693e-14
15.2788 3.88896e-14
15.307 3.86889e-14
15.3353 3.5153e-14
15.3636 3.48816e-14
15.392 3.12884e-14
15.4204 3.09805e-14
15.4489 2.74467e-14
15.4774 2.7128e-14
15.506 2.36102e-14
15.5346 2.326e-14
15.5633 2.00436e-14
15.592 1.99027e-14
15.6208 1.8713e-14
15.6497 1.84777e-14
15.6786 1.72916e-14
15.7075 1.70287e-14
15.7365 1.59697e-14
15.7656 1.57095e-14
15.7947 1.4691e-14
15.8239 1.41711e-14
15.8531 1.31095e-14
15.8824 1.24999e-14
15.9117 1.17892e-14
15.9411 1.07918e-14
15.9705 9.46575e-15
16 0
