# 1:pT 2:PhotonSpectrum=dN/d^2xT d^2pT dy
0.01 1.15542
0.0100185 1.15424
0.010037 1.15119
0.0100555 1.14993
0.0100741 1.14685
0.0100927 1.14552
0.0101113 1.14245
0.01013 1.14104
0.0101487 1.13794
0.0101674 1.13644
0.0101862 1.13329
0.010205 1.1317
0.0102239 1.12851
0.0102427 1.12682
0.0102617 1.12356
0.0102806 1.12169
0.0102996 1.11831
0.0103186 1.11611
0.0103377 1.11201
0.0103567 1.10974
0.0103759 1.10566
0.010395 1.10331
0.0104142 1.09927
0.0104335 1.09679
0.0104527 1.09282
0.010472 1.09028
0.0104914 1.08638
0.0105107 1.08376
0.0105301 1.07997
0.0105496 1.0772
0.0105691 1.0735
0.0105886 1.07067
0.0106081 1.06716
0.0106277 1.06435
0.0106474 1.06113
0.010667 1.05814
0.0106867 1.05508
0.0107065 1.05194
0.0107262 1.04902
0.010746 1.0456
0.0107659 1.04291
0.0107858 1.03914
0.0108057 1.0368
0.0108256 1.03242
0.0108456 1.03065
0.0108656 1.02633
0.0108857 1.02454
0.0109058 1.02022
0.0109259 1.01848
0.0109461 1.01448
0.0109663 1.01267
0.0109866 1.00872
0.0110069 1.00685
0.0110272 1.00291
0.0110476 1.001
0.011068 0.997088
0.0110884 0.995135
0.0111089 0.991233
0.0111294 0.989219
0.0111499 0.985358
0.0111705 0.983297
0.0111912 0.979506
0.0112118 0.977392
0.0112325 0.973717
0.0112533 0.97163
0.0112741 0.968195
0.0112949 0.966032
0.0113157 0.96265
0.0113366 0.960409
0.0113576 0.957109
0.0113785 0.954778
0.0113995 0.951544
0.0114206 0.949117
0.0114417 0.945917
0.0114628 0.943381
0.011484 0.940338
0.0115052 0.937676
0.0115264 0.934733
0.0115477 0.93194
0.011569 0.929217
0.0115904 0.926382
0.0116118 0.923924
0.0116332 0.920857
0.0116547 0.918637
0.0116762 0.915039
0.0116978 0.913343
0.0117194 0.90954
0.0117411 0.907991
0.0117627 0.904208
0.0117845 0.902636
0.0118062 0.898862
0.011828 0.897243
0.0118499 0.893542
0.0118717 0.891885
0.0118937 0.888217
0.0119156 0.886583
0.0119376 0.883171
0.0119597 0.881497
0.0119818 0.878169
0.0120039 0.876432
0.0120261 0.873094
0.0120483 0.871324
0.0120705 0.868012
0.0120928 0.866192
0.0121151 0.862923
0.0121375 0.861039
0.0121599 0.857811
0.0121824 0.855852
0.0122049 0.852696
0.0122274 0.850716
0.01225 0.847666
0.0122726 0.84567
0.0122953 0.842828
0.012318 0.84076
0.0123407 0.838009
0.0123635 0.835866
0.0123863 0.833167
0.0124092 0.830929
0.0124321 0.828302
0.0124551 0.82592
0.0124781 0.823448
0.0125011 0.820926
0.0125242 0.818555
0.0125473 0.815824
0.0125705 0.813666
0.0125937 0.810681
0.012617 0.808857
0.0126403 0.80553
0.0126636 0.80421
0.012687 0.800959
0.0127104 0.79959
0.0127339 0.796353
0.0127574 0.794932
0.012781 0.791715
0.0128046 0.790266
0.0128282 0.787062
0.0128519 0.785582
0.0128756 0.782395
0.0128994 0.780868
0.0129232 0.777736
0.0129471 0.776203
0.012971 0.773113
0.012995 0.771577
0.0130189 0.768672
0.013043 0.767105
0.0130671 0.764285
0.0130912 0.762682
0.0131154 0.759883
0.0131396 0.758201
0.0131639 0.755461
0.0131882 0.753715
0.0132125 0.750992
0.0132369 0.749236
0.0132614 0.746542
0.0132859 0.744714
0.0133104 0.742109
0.013335 0.740209
0.0133596 0.737684
0.0133843 0.735778
0.013409 0.733463
0.0134337 0.731497
0.0134585 0.729265
0.0134834 0.727178
0.0135083 0.725056
0.0135332 0.722813
0.0135582 0.720831
0.0135833 0.718371
0.0136083 0.716571
0.0136335 0.713757
0.0136587 0.712313
0.0136839 0.709271
0.0137091 0.708057
0.0137345 0.705037
0.0137598 0.70384
0.0137852 0.700986
0.0138107 0.699772
0.0138362 0.696999
0.0138617 0.69573
0.0138873 0.692957
0.013913 0.691652
0.0139387 0.688915
0.0139644 0.68758
0.0139902 0.684866
0.014016 0.683474
0.0140419 0.68079
0.0140678 0.679395
0.0140938 0.676706
0.0141198 0.675287
0.0141459 0.672669
0.014172 0.671251
0.0141982 0.668792
0.0142244 0.667331
0.0142507 0.664948
0.014277 0.66345
0.0143034 0.661123
0.0143298 0.659546
0.0143563 0.657253
0.0143828 0.655605
0.0144093 0.653383
0.0144359 0.651645
0.0144626 0.64947
0.0144893 0.647682
0.0145161 0.645596
0.0145429 0.64372
0.0145697 0.641747
0.0145966 0.63984
0.0146236 0.638048
0.0146506 0.636036
0.0146776 0.634405
0.0147047 0.632196
0.0147319 0.630739
0.0147591 0.628113
0.0147863 0.627069
0.0148136 0.624446
0.014841 0.623365
0.0148684 0.62076
0.0148959 0.619648
0.0149234 0.617082
0.0149509 0.615942
0.0149785 0.613408
0.0150062 0.612277
0.0150339 0.60986
0.0150617 0.608734
0.0150895 0.606394
0.0151173 0.60523
0.0151453 0.602906
0.0151732 0.601699
0.0152012 0.599398
0.0152293 0.598142
0.0152574 0.595852
0.0152856 0.594577
0.0153138 0.592329
0.0153421 0.591011
0.0153705 0.588811
0.0153988 0.587449
0.0154273 0.585292
0.0154558 0.583941
0.0154843 0.581903
0.0155129 0.580529
0.0155415 0.578582
0.0155702 0.577147
0.015599 0.575247
0.0156278 0.573744
0.0156567 0.571887
0.0156856 0.570303
0.0157145 0.568518
0.0157435 0.566847
0.0157726 0.565151
0.0158017 0.563345
0.0158309 0.561772
0.0158602 0.559834
0.0158894 0.558428
0.0159188 0.556305
0.0159482 0.555188
0.0159776 0.552924
0.0160071 0.551992
0.0160367 0.549732
0.0160663 0.548788
0.016096 0.546532
0.0161257 0.545564
0.0161555 0.543337
0.0161853 0.542323
0.0162152 0.540109
0.0162451 0.539076
0.0162751 0.536877
0.0163052 0.53583
0.0163353 0.533668
0.0163655 0.532618
0.0163957 0.530564
0.016426 0.529516
0.0164563 0.527525
0.0164867 0.526434
0.0165171 0.524462
0.0165476 0.523339
0.0165782 0.521399
0.0166088 0.520239
0.0166395 0.518309
0.0166702 0.517114
0.016701 0.515237
0.0167318 0.513981
0.0167627 0.512151
0.0167937 0.510846
0.0168247 0.509086
0.0168558 0.507782
0.0168869 0.506107
0.0169181 0.504792
0.0169493 0.50322
0.0169806 0.501811
0.017012 0.50031
0.0170434 0.498818
0.0170748 0.497385
0.0171064 0.495779
0.017138 0.494457
0.0171696 0.492677
0.0172013 0.491506
0.0172331 0.489382
0.0172649 0.488562
0.0172968 0.48646
0.0173287 0.485639
0.0173607 0.483626
0.0173928 0.482795
0.0174249 0.480874
0.0174571 0.48002
0.0174893 0.478107
0.0175216 0.477213
0.017554 0.475321
0.0175864 0.474412
0.0176189 0.472524
0.0176514 0.471599
0.017684 0.469722
0.0177166 0.468764
0.0177494 0.46692
0.0177821 0.465935
0.017815 0.464117
0.0178479 0.463139
0.0178808 0.461402
0.0179138 0.460424
0.0179469 0.458765
0.0179801 0.457735
0.0180133 0.456092
0.0180465 0.455038
0.0180799 0.453422
0.0181132 0.452315
0.0181467 0.450734
0.0181802 0.449575
0.0182138 0.448029
0.0182474 0.446825
0.0182811 0.44533
0.0183149 0.444084
0.0183487 0.442669
0.0183826 0.441368
0.0184165 0.44007
0.0184505 0.438736
0.0184846 0.43755
0.0185187 0.436105
0.0185529 0.43501
0.0185872 0.433392
0.0186215 0.432467
0.0186559 0.430645
0.0186903 0.429906
0.0187248 0.428102
0.0187594 0.427341
0.0187941 0.425536
0.0188288 0.424774
0.0188635 0.423003
0.0188984 0.422223
0.0189333 0.420517
0.0189682 0.419748
0.0190033 0.418112
0.0190384 0.417316
0.0190735 0.415696
0.0191087 0.414876
0.019144 0.413266
0.0191794 0.41243
0.0192148 0.410824
0.0192503 0.409956
0.0192858 0.408378
0.0193214 0.407493
0.0193571 0.405931
0.0193929 0.405014
0.0194287 0.403497
0.0194645 0.402565
0.0195005 0.401112
0.0195365 0.400177
0.0195726 0.398812
0.0196087 0.397825
0.0196449 0.396497
0.0196812 0.395476
0.0197175 0.394165
0.019754 0.39309
0.0197904 0.391828
0.019827 0.3907
0.0198636 0.389478
0.0199003 0.388292
0.019937 0.387143
0.0199738 0.385865
0.0200107 0.384818
0.0200477 0.383459
0.0200847 0.382541
0.0201218 0.380963
0.0201589 0.380343
0.0201962 0.378765
0.0202335 0.378127
0.0202708 0.376558
0.0203082 0.375888
0.0203457 0.374339
0.0203833 0.373656
0.020421 0.372115
0.0204587 0.371419
0.0204964 0.369884
0.0205343 0.369164
0.0205722 0.36766
0.0206102 0.366948
0.0206483 0.365491
0.0206864 0.364773
0.0207246 0.363402
0.0207629 0.362665
0.0208012 0.361294
0.0208396 0.360545
0.0208781 0.359181
0.0209166 0.358409
0.0209553 0.357064
0.020994 0.35624
0.0210327 0.354931
0.0210716 0.354093
0.0211105 0.352799
0.0211495 0.35193
0.0211885 0.350681
0.0212277 0.349784
0.0212669 0.348601
0.0213061 0.347712
0.0213455 0.346608
0.0213849 0.345671
0.0214244 0.344597
0.0214639 0.343603
0.0215036 0.342573
0.0215433 0.341513
0.0215831 0.340546
0.0216229 0.339407
0.0216628 0.338515
0.0217028 0.337227
0.0217429 0.336481
0.0217831 0.335021
0.0218233 0.334453
0.0218636 0.333043
0.021904 0.332478
0.0219444 0.331131
0.0219849 0.33056
0.0220255 0.329226
0.0220662 0.328616
0.022107 0.327303
0.0221478 0.326683
0.0221887 0.325367
0.0222297 0.324734
0.0222707 0.32343
0.0223118 0.322773
0.022353 0.321481
0.0223943 0.320826
0.0224357 0.319542
0.0224771 0.318882
0.0225186 0.317648
0.0225602 0.316983
0.0226018 0.315824
0.0226436 0.31514
0.0226854 0.314001
0.0227273 0.313277
0.0227692 0.312152
0.0228113 0.311406
0.0228534 0.310305
0.0228956 0.309526
0.0229379 0.308454
0.0229803 0.307642
0.0230227 0.306585
0.0230652 0.305746
0.0231078 0.304736
0.0231505 0.303874
0.0231932 0.302923
0.023236 0.302046
0.023279 0.301182
0.0233219 0.300232
0.023365 0.299427
0.0234082 0.29839
0.0234514 0.297657
0.0234947 0.296422
0.0235381 0.295891
0.0235815 0.294625
0.0236251 0.294112
0.0236687 0.29285
0.0237124 0.292327
0.0237562 0.291089
0.0238001 0.290561
0.023844 0.289356
0.0238881 0.288837
0.0239322 0.287697
0.0239764 0.287157
0.0240206 0.286029
0.024065 0.285477
0.0241094 0.284361
0.0241539 0.283785
0.0241985 0.282672
0.0242432 0.282086
0.024288 0.280982
0.0243329 0.280382
0.0243778 0.279294
0.0244228 0.278677
0.0244679 0.277606
0.0245131 0.276971
0.0245583 0.275943
0.0246037 0.275322
0.0246491 0.274366
0.0246946 0.273716
0.0247402 0.27278
0.0247859 0.272095
0.0248317 0.271172
0.0248776 0.27046
0.0249235 0.269569
0.0249695 0.268817
0.0250156 0.267954
0.0250618 0.267163
0.0251081 0.266335
0.0251545 0.265502
0.0252009 0.264731
0.0252475 0.263842
0.0252941 0.263145
0.0253408 0.262209
0.0253876 0.261629
0.0254345 0.260538
0.0254814 0.260097
0.0255285 0.259014
0.0255756 0.258563
0.0256229 0.257473
0.0256702 0.257013
0.0257176 0.255938
0.0257651 0.255463
0.0258126 0.254394
0.0258603 0.253907
0.0259081 0.252854
0.0259559 0.252362
0.0260038 0.251334
0.0260518 0.250856
0.0261 0.249898
0.0261482 0.249399
0.0261964 0.248446
0.0262448 0.247932
0.0262933 0.24699
0.0263418 0.246457
0.0263905 0.245528
0.0264392 0.244977
0.026488 0.244063
0.0265369 0.243489
0.0265859 0.242588
0.026635 0.241997
0.0266842 0.24112
0.0267335 0.240517
0.0267829 0.239674
0.0268323 0.239074
0.0268819 0.238286
0.0269315 0.237663
0.0269812 0.236903
0.0270311 0.236238
0.027081 0.235501
0.027131 0.234797
0.0271811 0.234101
0.0272313 0.233346
0.0272816 0.232692
0.0273319 0.231869
0.0273824 0.231282
0.027433 0.230327
0.0274836 0.229882
0.0275344 0.228877
0.0275852 0.228496
0.0276362 0.227565
0.0276872 0.227177
0.0277383 0.226246
0.0277896 0.225847
0.0278409 0.224925
0.0278923 0.224507
0.0279438 0.22359
0.0279954 0.223161
0.0280471 0.222253
0.0280989 0.221818
0.0281508 0.22092
0.0282027 0.220468
0.0282548 0.219578
0.028307 0.219123
0.0283593 0.218253
0.0284116 0.217808
0.0284641 0.217002
0.0285167 0.216541
0.0285693 0.215742
0.0286221 0.215258
0.0286749 0.214472
0.0287279 0.213974
0.0287809 0.213205
0.0288341 0.21268
0.0288873 0.211925
0.0289407 0.211377
0.0289941 0.210642
0.0290477 0.210076
0.0291013 0.209361
0.029155 0.208778
0.0292089 0.208095
0.0292628 0.207511
0.0293168 0.206899
0.029371 0.206277
0.0294252 0.205691
0.0294796 0.205017
0.029534 0.204473
0.0295885 0.203732
0.0296432 0.203257
0.0296979 0.202377
0.0297527 0.202032
0.0298077 0.20116
0.0298627 0.200804
0.0299179 0.199941
0.0299731 0.199579
0.0300285 0.198731
0.0300839 0.198372
0.0301395 0.197583
0.0301951 0.197219
0.0302509 0.196435
0.0303068 0.196056
0.0303627 0.195282
0.0304188 0.194897
0.030475 0.194124
0.0305312 0.193722
0.0305876 0.192958
0.0306441 0.192546
0.0307007 0.191787
0.0307574 0.191367
0.0308142 0.190625
0.0308711 0.190194
0.0309281 0.189472
0.0309852 0.189042
0.0310424 0.188369
0.0310997 0.187936
0.0311572 0.187272
0.0312147 0.186817
0.0312723 0.186167
0.0313301 0.185691
0.0313879 0.185052
0.0314459 0.184553
0.031504 0.183941
0.0315621 0.183417
0.0316204 0.182824
0.0316788 0.182269
0.0317373 0.181711
0.0317959 0.181122
0.0318546 0.180613
0.0319135 0.180007
0.0319724 0.179567
0.0320314 0.178874
0.0320906 0.178521
0.0321498 0.17777
0.0322092 0.177466
0.0322687 0.176715
0.0323283 0.176406
0.032388 0.175661
0.0324478 0.175344
0.0325077 0.174607
0.0325677 0.174278
0.0326279 0.173545
0.0326881 0.173212
0.0327485 0.172495
0.0328089 0.17217
0.0328695 0.171499
0.0329302 0.171159
0.032991 0.170501
0.033052 0.170157
0.033113 0.169494
0.0331741 0.16914
0.0332354 0.168487
0.0332968 0.168119
0.0333583 0.167477
0.0334199 0.167094
0.0334816 0.166458
0.0335434 0.166065
0.0336053 0.16545
0.0336674 0.165043
0.0337296 0.164444
0.0337919 0.16404
0.0338543 0.163489
0.0339168 0.163064
0.0339794 0.162529
0.0340421 0.162087
0.034105 0.16157
0.034168 0.161103
0.0342311 0.160605
0.0342943 0.160107
0.0343576 0.159638
0.0344211 0.159105
0.0344846 0.158667
0.0345483 0.158077
0.0346121 0.1577
0.034676 0.157
0.0347401 0.156743
0.0348042 0.156088
0.0348685 0.155824
0.0349329 0.155181
0.0349974 0.154909
0.035062 0.154271
0.0351267 0.153986
0.0351916 0.153353
0.0352566 0.153061
0.0353217 0.15243
0.0353869 0.152135
0.0354523 0.15151
0.0355177 0.151207
0.0355833 0.150589
0.035649 0.15028
0.0357149 0.149675
0.0357808 0.149366
0.0358469 0.148795
0.0359131 0.148483
0.0359794 0.147928
0.0360458 0.147604
0.0361124 0.147057
0.0361791 0.146717
0.0362459 0.146175
0.0363128 0.145824
0.0363799 0.145292
0.0364471 0.144926
0.0365144 0.144405
0.0365818 0.144027
0.0366493 0.143523
0.036717 0.143131
0.0367848 0.142646
0.0368527 0.142257
0.0369208 0.141809
0.036989 0.1414
0.0370573 0.140982
0.0371257 0.140542
0.0371943 0.140147
0.0372629 0.139669
0.0373318 0.139309
0.0374007 0.138764
0.0374698 0.138468
0.037539 0.137863
0.0376083 0.137621
0.0376777 0.137022
0.0377473 0.136779
0.037817 0.136186
0.0378868 0.135947
0.0379568 0.135393
0.0380269 0.135146
0.0380971 0.134603
0.0381675 0.13435
0.0382379 0.133808
0.0383085 0.133549
0.0383793 0.133013
0.0384502 0.132743
0.0385212 0.132212
0.0385923 0.131939
0.0386636 0.13141
0.038735 0.131128
0.0388065 0.130607
0.0388781 0.13032
0.0389499 0.129812
0.0390219 0.129526
0.0390939 0.129049
0.0391661 0.128756
0.0392384 0.128297
0.0393109 0.127989
0.0393835 0.127539
0.0394562 0.127215
0.0395291 0.126777
0.0396021 0.126441
0.0396752 0.12601
0.0397485 0.125659
0.0398219 0.125243
0.0398954 0.124875
0.0399691 0.124477
0.0400429 0.124087
0.0401168 0.123718
0.0401909 0.123317
0.0402651 0.12299
0.0403395 0.122557
0.040414 0.122267
0.0404886 0.121744
0.0405633 0.12154
0.0406383 0.12102
0.0407133 0.12081
0.0407885 0.120291
0.0408638 0.120074
0.0409393 0.119561
0.0410149 0.119339
0.0410906 0.118831
0.0411665 0.118601
0.0412425 0.118103
0.0413186 0.117878
0.0413949 0.117405
0.0414714 0.117181
0.041548 0.116721
0.0416247 0.116486
0.0417016 0.116033
0.0417786 0.115789
0.0418557 0.115338
0.041933 0.11509
0.0420104 0.114643
0.042088 0.114387
0.0421657 0.113948
0.0422436 0.113681
0.0423216 0.113249
0.0423998 0.112979
0.042478 0.112559
0.0425565 0.112286
0.0426351 0.111893
0.0427138 0.111612
0.0427927 0.111237
0.0428717 0.110942
0.0429509 0.110576
0.0430302 0.110269
0.0431096 0.109917
0.0431892 0.109585
0.043269 0.109251
0.0433489 0.1089
0.0434289 0.108584
0.0435091 0.108206
0.0435895 0.107917
0.04367 0.107495
0.0437506 0.10726
0.0438314 0.1068
0.0439124 0.10662
0.0439934 0.106181
0.0440747 0.105996
0.0441561 0.105552
0.0442376 0.105363
0.0443193 0.104926
0.0444011 0.104728
0.0444831 0.104294
0.0445653 0.104093
0.0446476 0.103659
0.04473 0.103455
0.0448126 0.103026
0.0448954 0.102816
0.0449783 0.102394
0.0450613 0.102188
0.0451445 0.101786
0.0452279 0.101579
0.0453114 0.101193
0.0453951 0.100975
0.0454789 0.100593
0.0455629 0.100366
0.045647 0.0999914
0.0457313 0.0997554
0.0458158 0.0993849
0.0459004 0.0991426
0.0459851 0.0987794
0.0460701 0.0985267
0.0461551 0.0981741
0.0462404 0.0979104
0.0463257 0.0975708
0.0464113 0.0973063
0.046497 0.0969895
0.0465829 0.0967164
0.0466689 0.0964189
0.0467551 0.0961295
0.0468414 0.0958477
0.0469279 0.0955333
0.0470145 0.0952725
0.0471014 0.0949284
0.0471883 0.0946923
0.0472755 0.0942737
0.0473628 0.0941137
0.0474502 0.093697
0.0475379 0.0935345
0.0476256 0.0931231
0.0477136 0.0929578
0.0478017 0.092569
0.04789 0.0924031
0.0479784 0.0920293
0.048067 0.0918589
0.0481558 0.091485
0.0482447 0.0913076
0.0483338 0.0909389
0.048423 0.0907593
0.0485124 0.0903902
0.048602 0.0902032
0.0486918 0.0898399
0.0487817 0.08965
0.0488718 0.0892886
0.048962 0.089096
0.0490524 0.0887399
0.049143 0.0885484
0.0492338 0.0882102
0.0493247 0.0880128
0.0494158 0.0876924
0.049507 0.0874883
0.0495984 0.0871721
0.04969 0.086958
0.0497818 0.08665
0.0498737 0.086424
0.0499658 0.0861234
0.0500581 0.0858898
0.0501505 0.085599
0.0502431 0.0853537
0.0503359 0.0850709
0.0504288 0.0848123
0.050522 0.0845465
0.0506153 0.0842812
0.0507087 0.0840399
0.0508024 0.0837634
0.0508962 0.0835461
0.0509902 0.0832359
0.0510843 0.0830487
0.0511786 0.0826905
0.0512732 0.0825473
0.0513678 0.0821927
0.0514627 0.082046
0.0515577 0.0816906
0.0516529 0.0815428
0.0517483 0.0811915
0.0518439 0.0810384
0.0519396 0.0806922
0.0520355 0.080539
0.0521316 0.080207
0.0522279 0.0800544
0.0523243 0.0797372
0.0524209 0.0795779
0.0525177 0.0792638
0.0526147 0.0791018
0.0527119 0.078787
0.0528092 0.0786208
0.0529067 0.07831
0.0530044 0.0781365
0.0531023 0.0778302
0.0532004 0.077653
0.0532986 0.0773532
0.053397 0.0771689
0.0534956 0.0768748
0.0535944 0.0766887
0.0536934 0.0764122
0.0537925 0.0762242
0.0538919 0.075964
0.0539914 0.0757675
0.0540911 0.0755092
0.054191 0.0753037
0.054291 0.0750554
0.0543913 0.0748398
0.0544917 0.0745998
0.0545924 0.0743697
0.0546932 0.0741431
0.0547942 0.0738954
0.0548954 0.0736856
0.0549967 0.0734154
0.0550983 0.0732293
0.0552 0.0729199
0.055302 0.0727891
0.0554041 0.0724834
0.0555064 0.0723594
0.0556089 0.072054
0.0557116 0.0719269
0.0558144 0.0716244
0.0559175 0.0714923
0.0560208 0.0711927
0.0561242 0.0710575
0.0562279 0.0707573
0.0563317 0.0706186
0.0564357 0.0703224
0.0565399 0.0701813
0.0566443 0.0698908
0.0567489 0.0697476
0.0568537 0.0694668
0.0569587 0.0693255
0.0570639 0.0690588
0.0571693 0.0689138
0.0572748 0.0686492
0.0573806 0.0684982
0.0574866 0.0682362
0.0575927 0.0680784
0.0576991 0.0678212
0.0578056 0.0676584
0.0579124 0.0674063
0.0580193 0.0672378
0.0581264 0.0669923
0.0582338 0.0668163
0.0583413 0.0665775
0.058449 0.0663987
0.058557 0.0661747
0.0586651 0.0659934
0.0587734 0.0657846
0.058882 0.0655933
0.0589907 0.0653921
0.0590996 0.0651885
0.0592088 0.0649989
0.0593181 0.0647784
0.0594276 0.0646022
0.0595374 0.0643588
0.0596473 0.064206
0.0597575 0.0639202
0.0598678 0.0638085
0.0599784 0.0635263
0.0600891 0.0634144
0.0602001 0.0631389
0.0603112 0.0630288
0.0604226 0.0627704
0.0605342 0.0626559
0.060646 0.0623989
0.060758 0.0622807
0.0608702 0.0620243
0.0609826 0.0619022
0.0610952 0.0616488
0.061208 0.0615242
0.061321 0.061272
0.0614343 0.0611431
0.0615477 0.0608929
0.0616614 0.0607616
0.0617752 0.0605165
0.0618893 0.0603835
0.0620036 0.0601481
0.0621181 0.0600155
0.0622328 0.0597944
0.0623477 0.0596556
0.0624628 0.0594364
0.0625782 0.0592925
0.0626937 0.0590779
0.0628095 0.0589307
0.0629255 0.0587186
0.0630417 0.0585627
0.0631581 0.0583563
0.0632747 0.0581947
0.0633916 0.0579965
0.0635086 0.0578256
0.0636259 0.0576361
0.0637434 0.0574586
0.0638611 0.0572849
0.063979 0.0571038
0.0640972 0.056946
0.0642155 0.0567494
0.0643341 0.0566048
0.0644529 0.0563751
0.0645719 0.0562633
0.0646912 0.0560167
0.0648106 0.0559187
0.0649303 0.0556729
0.0650502 0.055573
0.0651703 0.0553292
0.0652907 0.0552274
0.0654113 0.0549863
0.065532 0.0548822
0.0656531 0.0546488
0.0657743 0.0545461
0.0658957 0.0543281
0.0660174 0.0542228
0.0661393 0.0540063
0.0662615 0.0538961
0.0663838 0.053681
0.0665064 0.0535679
0.0666292 0.0533537
0.0667523 0.0532397
0.0668755 0.0530271
0.066999 0.0529092
0.0671227 0.0527002
0.0672467 0.0525757
0.0673709 0.0523722
0.0674953 0.0522484
0.0676199 0.0520531
0.0677448 0.0519274
0.0678699 0.051746
0.0679952 0.0516144
0.0681208 0.051437
0.0682466 0.0512998
0.0683726 0.0511254
0.0684988 0.0509824
0.0686253 0.050813
0.0687521 0.0506611
0.068879 0.0505013
0.0690062 0.0503398
0.0691336 0.0501879
0.0692613 0.0500141
0.0693892 0.0498752
0.0695173 0.0496869
0.0696457 0.0495698
0.0697743 0.0493593
0.0699031 0.0492758
0.0700322 0.0490662
0.0701616 0.0489795
0.0702911 0.048771
0.0704209 0.048682
0.070551 0.048475
0.0706812 0.0483829
0.0708118 0.0481762
0.0709425 0.0480831
0.0710735 0.047878
0.0712048 0.047783
0.0713362 0.0475811
0.071468 0.0474852
0.0716 0.0472883
0.0717322 0.0471926
0.0718646 0.0470092
0.0719973 0.0469107
0.0721303 0.0467283
0.0722635 0.0466269
0.0723969 0.0464472
0.0725306 0.0463419
0.0726645 0.0461642
0.0727987 0.0460541
0.0729332 0.0458786
0.0730678 0.0457669
0.0732028 0.0455944
0.0733379 0.0454779
0.0734734 0.0453104
0.073609 0.0451907
0.073745 0.04503
0.0738812 0.0449109
0.0740176 0.0447641
0.0741543 0.0446385
0.0742912 0.0444956
0.0744284 0.0443618
0.0745658 0.0442271
0.0747035 0.0440828
0.0748415 0.0439559
0.0749797 0.0437998
0.0751181 0.0436843
0.0752568 0.0435049
0.0753958 0.0434129
0.075535 0.0432173
0.0756745 0.0431412
0.0758143 0.042949
0.0759543 0.0428753
0.0760945 0.0426965
0.076235 0.0426206
0.0763758 0.0424434
0.0765168 0.042364
0.0766581 0.0421869
0.0767997 0.0421049
0.0769415 0.0419301
0.0770836 0.0418466
0.0772259 0.0416728
0.0773685 0.0415857
0.0775114 0.0414142
0.0776545 0.0413269
0.0777979 0.0411556
0.0779416 0.0410668
0.0780855 0.0409008
0.0782297 0.0408132
0.0783742 0.0406598
0.0785189 0.0405686
0.0786639 0.040416
0.0788092 0.0403215
0.0789547 0.0401729
0.0791005 0.0400737
0.0792466 0.0399271
0.0793929 0.0398237
0.0795395 0.0396815
0.0796864 0.0395726
0.0798335 0.0394338
0.0799809 0.0393222
0.0801286 0.0391879
0.0802766 0.0390703
0.0804248 0.0389454
0.0805734 0.0388281
0.0807221 0.0387149
0.0808712 0.0385879
0.0810205 0.0384822
0.0811702 0.0383421
0.08132 0.0382491
0.0814702 0.0380802
0.0816207 0.0380143
0.0817714 0.0378463
0.0819224 0.0377784
0.0820737 0.0376117
0.0822252 0.0375424
0.0823771 0.0373774
0.0825292 0.0373064
0.0826816 0.0371442
0.0828342 0.0370745
0.0829872 0.0369244
0.0831405 0.0368538
0.083294 0.036704
0.0834478 0.036631
0.0836019 0.0364824
0.0837563 0.0364066
0.0839109 0.0362596
0.0840659 0.036181
0.0842211 0.0360345
0.0843766 0.0359548
0.0845325 0.0358109
0.0846885 0.0357288
0.0848449 0.0355879
0.0850016 0.0355029
0.0851586 0.0353653
0.0853158 0.0352821
0.0854734 0.0351553
0.0856312 0.0350682
0.0857893 0.0349436
0.0859478 0.034853
0.0861065 0.0347313
0.0862655 0.0346368
0.0864248 0.0345176
0.0865844 0.0344188
0.0867442 0.0343038
0.0869044 0.0341979
0.0870649 0.0340898
0.0872257 0.0339765
0.0873868 0.0338755
0.0875481 0.033754
0.0877098 0.0336642
0.0878718 0.0335349
0.088034 0.0334634
0.0881966 0.0333197
0.0883594 0.033261
0.0885226 0.0331185
0.0886861 0.0330587
0.0888498 0.0329155
0.0890139 0.032855
0.0891783 0.0327134
0.089343 0.0326501
0.0895079 0.0325095
0.0896732 0.0324452
0.0898388 0.0323055
0.0900047 0.0322408
0.0901709 0.0321042
0.0903374 0.0320398
0.0905043 0.0319132
0.0906714 0.0318479
0.0908388 0.031722
0.0910066 0.0316543
0.0911746 0.0315298
0.091343 0.0314597
0.0915116 0.0313368
0.0916806 0.0312642
0.0918499 0.0311428
0.0920195 0.0310676
0.0921895 0.0309488
0.0923597 0.0308706
0.0925303 0.030755
0.0927011 0.0306737
0.0928723 0.0305628
0.0930438 0.030483
0.0932156 0.0303794
0.0933877 0.0302962
0.0935602 0.0301969
0.093733 0.0301088
0.0939061 0.030013
0.0940795 0.029919
0.0942532 0.0298288
0.0944272 0.029728
0.0946016 0.0296437
0.0947763 0.0295324
0.0949513 0.0294577
0.0951266 0.0293234
0.0953023 0.0292726
0.0954783 0.0291398
0.0956546 0.02909
0.0958312 0.0289657
0.0960082 0.0289137
0.0961855 0.0287918
0.0963631 0.0287386
0.0965411 0.0286174
0.0967193 0.0285616
0.0968979 0.0284413
0.0970769 0.0283846
0.0972561 0.0282648
0.0974357 0.0282075
0.0976156 0.028088
0.0977959 0.0280286
0.0979765 0.0279118
0.0981574 0.0278506
0.0983387 0.0277356
0.0985203 0.0276771
0.0987022 0.0275695
0.0988845 0.0275089
0.0990671 0.0274046
0.09925 0.0273407
0.0994333 0.0272377
0.0996169 0.0271725
0.0998008 0.0270709
0.0999851 0.0270026
0.10017 0.0269037
0.100355 0.0268315
0.10054 0.0267351
0.100726 0.0266603
0.100912 0.026567
0.101098 0.0264896
0.101285 0.0264014
0.101472 0.026323
0.101659 0.0262422
0.101847 0.0261594
0.102035 0.0260842
0.102223 0.0259944
0.102412 0.0259246
0.102601 0.0258237
0.102791 0.0257656
0.102981 0.0256502
0.103171 0.0256045
0.103361 0.0254908
0.103552 0.0254439
0.103743 0.0253299
0.103935 0.0252827
0.104127 0.0251716
0.104319 0.025124
0.104512 0.0250198
0.104705 0.024972
0.104898 0.0248692
0.105092 0.0248205
0.105286 0.0247182
0.10548 0.0246674
0.105675 0.0245661
0.10587 0.0245143
0.106066 0.0244136
0.106262 0.0243606
0.106458 0.0242613
0.106654 0.0242061
0.106851 0.0241083
0.107049 0.0240524
0.107246 0.0239573
0.107444 0.0239006
0.107643 0.0238116
0.107841 0.0237544
0.108041 0.0236682
0.10824 0.0236083
0.10844 0.0235242
0.10864 0.0234608
0.108841 0.0233786
0.109042 0.0233127
0.109243 0.0232329
0.109445 0.0231631
0.109647 0.0230871
0.10985 0.0230134
0.110052 0.0229413
0.110256 0.0228631
0.110459 0.0227973
0.110663 0.0227152
0.110868 0.0226584
0.111072 0.0225601
0.111277 0.0225216
0.111483 0.0224233
0.111689 0.0223839
0.111895 0.0222861
0.112102 0.0222449
0.112309 0.0221482
0.112516 0.0221061
0.112724 0.02201
0.112932 0.021967
0.11314 0.0218715
0.113349 0.0218271
0.113559 0.0217338
0.113768 0.0216907
0.113978 0.021602
0.114189 0.0215576
0.1144 0.0214719
0.114611 0.0214264
0.114823 0.0213407
0.115035 0.0212943
0.115247 0.0212093
0.11546 0.0211613
0.115673 0.0210771
0.115887 0.0210268
0.116101 0.0209444
0.116315 0.0208929
0.11653 0.020812
0.116745 0.0207585
0.116961 0.0206811
0.117177 0.0206268
0.117393 0.0205542
0.11761 0.0204993
0.117827 0.0204302
0.118045 0.0203722
0.118263 0.0203047
0.118481 0.020243
0.1187 0.0201786
0.118919 0.0201129
0.119139 0.0200528
0.119359 0.0199817
0.119579 0.0199261
0.1198 0.019847
0.120021 0.0197998
0.120243 0.0197091
0.120465 0.0196745
0.120687 0.019589
0.12091 0.0195544
0.121133 0.0194708
0.121357 0.0194355
0.121581 0.0193527
0.121806 0.0193157
0.12203 0.0192336
0.122256 0.0191956
0.122482 0.0191138
0.122708 0.019075
0.122934 0.0189939
0.123161 0.0189539
0.123389 0.0188738
0.123617 0.0188336
0.123845 0.0187541
0.124074 0.0187142
0.124303 0.0186393
0.124532 0.0185985
0.124762 0.0185265
0.124993 0.0184844
0.125223 0.0184135
0.125455 0.0183694
0.125686 0.018299
0.125918 0.0182533
0.126151 0.0181848
0.126384 0.0181371
0.126617 0.0180703
0.126851 0.0180207
0.127085 0.0179548
0.12732 0.0179036
0.127555 0.0178412
0.127791 0.0177895
0.128027 0.0177315
0.128263 0.0176777
0.1285 0.0176241
0.128737 0.0175659
0.128975 0.0175158
0.129213 0.0174525
0.129452 0.0174066
0.129691 0.0173323
0.12993 0.0172981
0.13017 0.0172197
0.130411 0.0171885
0.130651 0.0171105
0.130893 0.0170788
0.131134 0.0170023
0.131376 0.0169707
0.131619 0.016898
0.131862 0.0168659
0.132106 0.0167956
0.13235 0.0167627
0.132594 0.0166928
0.132839 0.0166588
0.133084 0.0165899
0.13333 0.0165545
0.133576 0.0164856
0.133823 0.0164499
0.13407 0.0163815
0.134317 0.0163449
0.134565 0.0162776
0.134814 0.0162399
0.135063 0.016174
0.135312 0.016136
0.135562 0.0160738
0.135812 0.0160361
0.136063 0.0159765
0.136315 0.0159367
0.136566 0.0158787
0.136818 0.0158369
0.137071 0.0157798
0.137324 0.0157362
0.137578 0.015681
0.137832 0.0156356
0.138086 0.0155816
0.138341 0.0155334
0.138597 0.0154826
0.138853 0.0154316
0.139109 0.0153841
0.139366 0.015331
0.139623 0.0152887
0.139881 0.0152319
0.14014 0.0151959
0.140398 0.0151288
0.140658 0.0151019
0.140917 0.0150354
0.141177 0.0150079
0.141438 0.0149412
0.141699 0.014913
0.141961 0.0148471
0.142223 0.0148183
0.142486 0.0147529
0.142749 0.0147234
0.143013 0.0146589
0.143277 0.0146293
0.143541 0.0145679
0.143806 0.0145385
0.144072 0.0144796
0.144338 0.014449
0.144604 0.0143903
0.144871 0.0143588
0.145139 0.0143008
0.145407 0.0142682
0.145675 0.014211
0.145944 0.0141774
0.146214 0.0141211
0.146484 0.0140862
0.146754 0.0140306
0.147025 0.0139953
0.147297 0.013941
0.147569 0.0139056
0.147841 0.0138544
0.148114 0.0138181
0.148388 0.0137697
0.148662 0.0137319
0.148937 0.0136851
0.149212 0.0136453
0.149487 0.0135997
0.149763 0.0135573
0.15004 0.0135142
0.150317 0.0134684
0.150594 0.0134286
0.150872 0.0133788
0.151151 0.0133424
0.15143 0.0132853
0.15171 0.0132575
0.15199 0.0131978
0.152271 0.0131747
0.152552 0.0131177
0.152833 0.013094
0.153116 0.0130372
0.153398 0.0130128
0.153682 0.0129563
0.153965 0.0129308
0.15425 0.0128748
0.154535 0.0128487
0.15482 0.0127932
0.155106 0.0127667
0.155392 0.0127118
0.155679 0.0126843
0.155967 0.0126303
0.156255 0.0126029
0.156543 0.0125509
0.156832 0.0125241
0.157122 0.0124747
0.157412 0.0124468
0.157703 0.0123979
0.157994 0.0123684
0.158286 0.0123202
0.158578 0.0122903
0.158871 0.0122431
0.159164 0.0122112
0.159458 0.0121651
0.159753 0.0121321
0.160048 0.0120873
0.160343 0.0120531
0.160639 0.0120095
0.160936 0.0119749
0.161233 0.0119339
0.161531 0.0118989
0.161829 0.0118611
0.162128 0.0118234
0.162427 0.0117875
0.162727 0.0117468
0.163028 0.0117135
0.163329 0.0116689
0.16363 0.0116393
0.163933 0.0115861
0.164235 0.0115649
0.164539 0.011512
0.164842 0.0114904
0.165147 0.0114381
0.165452 0.0114165
0.165757 0.0113662
0.166063 0.0113445
0.16637 0.0112967
0.166677 0.0112745
0.166985 0.0112269
0.167293 0.0112043
0.167602 0.011157
0.167912 0.0111337
0.168222 0.0110867
0.168532 0.0110624
0.168844 0.0110161
0.169155 0.0109913
0.169468 0.0109451
0.169781 0.01092
0.170094 0.0108749
0.170408 0.0108495
0.170723 0.0108064
0.171038 0.0107806
0.171354 0.0107398
0.171671 0.0107136
0.171988 0.0106732
0.172305 0.0106458
0.172623 0.0106063
0.172942 0.0105776
0.173261 0.010539
0.173581 0.0105089
0.173902 0.0104715
0.174223 0.01044
0.174545 0.0104041
0.174867 0.0103707
0.17519 0.0103372
0.175514 0.0103022
0.175838 0.0102716
0.176162 0.0102355
0.176488 0.0102083
0.176814 0.0101667
0.17714 0.0101447
0.177467 0.0100992
0.177795 0.0100806
0.178123 0.0100351
0.178452 0.0100163
0.178782 0.00997102
0.179112 0.00995187
0.179443 0.00990713
0.179774 0.00988727
0.180106 0.00984292
0.180438 0.00982291
0.180772 0.00978033
0.181105 0.00976059
0.18144 0.00972043
0.181775 0.00969985
0.182111 0.00966006
0.182447 0.00963928
0.182784 0.00959944
0.183121 0.00957785
0.183459 0.00953845
0.183798 0.00951626
0.184138 0.00947748
0.184478 0.00945456
0.184818 0.00941617
0.18516 0.00939261
0.185502 0.00935547
0.185844 0.00933145
0.186187 0.00929579
0.186531 0.00927184
0.186876 0.00923883
0.187221 0.00921379
0.187566 0.00918113
0.187913 0.00915502
0.18826 0.00912343
0.188607 0.00909552
0.188956 0.00906543
0.189305 0.00903597
0.189654 0.00900736
0.190004 0.0089756
0.190355 0.0089492
0.190707 0.00891424
0.191059 0.00889127
0.191412 0.00885005
0.191765 0.0088345
0.192119 0.00879578
0.192474 0.00877962
0.192829 0.00874108
0.193186 0.00872451
0.193542 0.00868617
0.1939 0.00866918
0.194258 0.00863101
0.194616 0.00861332
0.194976 0.00857542
0.195336 0.00855765
0.195697 0.00852007
0.196058 0.00850179
0.19642 0.00846477
0.196783 0.00844633
0.197146 0.00841034
0.19751 0.00839199
0.197875 0.00835813
0.19824 0.00833943
0.198606 0.00830607
0.198973 0.00828666
0.199341 0.00825375
0.199709 0.00823343
0.200077 0.00820081
0.200447 0.00817992
0.200817 0.00814798
0.201188 0.00812633
0.201559 0.00809488
0.201932 0.00807229
0.202304 0.00804198
0.202678 0.00801897
0.203052 0.00799
0.203427 0.00796718
0.203803 0.00794064
0.204179 0.00791597
0.204556 0.00789069
0.204934 0.00786438
0.205312 0.00784055
0.205692 0.00781208
0.206071 0.00779018
0.206452 0.00775809
0.206833 0.00773977
0.207215 0.00770379
0.207598 0.00768907
0.207981 0.00765366
0.208365 0.00763895
0.20875 0.00760387
0.209135 0.00758962
0.209522 0.00755714
0.209908 0.00754217
0.210296 0.00750988
0.210684 0.00749463
0.211073 0.00746222
0.211463 0.00744663
0.211854 0.00741465
0.212245 0.00739848
0.212637 0.00736677
0.21303 0.00735036
0.213423 0.00731876
0.213817 0.00730189
0.214212 0.00727092
0.214607 0.00725376
0.215004 0.00722371
0.215401 0.00720677
0.215799 0.00717882
0.216197 0.0071612
0.216596 0.00713368
0.216996 0.00711533
0.217397 0.00708833
0.217798 0.00706907
0.218201 0.00704272
0.218603 0.00702283
0.219007 0.00699688
0.219412 0.00697606
0.219817 0.00695114
0.220223 0.00692934
0.220629 0.00690544
0.221037 0.00688273
0.221445 0.00686058
0.221854 0.00683743
0.222263 0.00681777
0.222674 0.00679223
0.223085 0.00677457
0.223497 0.00674369
0.22391 0.00673132
0.224323 0.00670044
0.224737 0.00668779
0.225152 0.0066571
0.225568 0.00664393
0.225985 0.00661358
0.226402 0.00660024
0.22682 0.00657022
0.227239 0.00655661
0.227659 0.0065271
0.228079 0.00651378
0.2285 0.00648643
0.228922 0.00647294
0.229345 0.00644562
0.229768 0.00643153
0.230193 0.00640462
0.230618 0.00638997
0.231044 0.00636317
0.23147 0.00634848
0.231898 0.00632179
0.232326 0.00630671
0.232755 0.00628041
0.233185 0.00626451
0.233615 0.00623897
0.234047 0.0062229
0.234479 0.00619797
0.234912 0.00618215
0.235346 0.00615929
0.23578 0.00614254
0.236216 0.00612014
0.236652 0.00610268
0.237089 0.00608083
0.237527 0.00606263
0.237965 0.00604158
0.238405 0.00602213
0.238845 0.00600196
0.239286 0.00598128
0.239728 0.00596243
0.240171 0.00594014
0.240614 0.00592289
0.241058 0.00589819
0.241504 0.00588401
0.24195 0.00585774
0.242396 0.00584682
0.242844 0.00582084
0.243292 0.00580962
0.243742 0.00578343
0.244192 0.00577212
0.244643 0.00574625
0.245094 0.00573424
0.245547 0.00570869
0.246 0.00569659
0.246455 0.00567109
0.24691 0.00565879
0.247366 0.00563347
0.247822 0.005621
0.24828 0.00559615
0.248739 0.00558414
0.249198 0.00556087
0.249658 0.00554845
0.250119 0.00552559
0.250581 0.00551257
0.251044 0.00548996
0.251507 0.00547663
0.251972 0.00545437
0.252437 0.00544034
0.252903 0.00541835
0.25337 0.00540401
0.253838 0.00538249
0.254307 0.0053676
0.254776 0.0053467
0.255247 0.00533135
0.255718 0.00531112
0.25619 0.0052959
0.256663 0.00527743
0.257137 0.00526157
0.257612 0.00524376
0.258088 0.00522669
0.258565 0.00520983
0.259042 0.00519162
0.25952 0.00517584
0.26 0.00515589
0.26048 0.00514153
0.260961 0.00511713
0.261443 0.00510735
0.261925 0.00508304
0.262409 0.00507323
0.262894 0.00504921
0.263379 0.00503947
0.263865 0.00501726
0.264353 0.00500725
0.264841 0.00498532
0.26533 0.00497503
0.26582 0.00495309
0.266311 0.00494253
0.266803 0.00492076
0.267295 0.00490997
0.267789 0.00488835
0.268283 0.00487724
0.268779 0.00485582
0.269275 0.0048445
0.269772 0.00482329
0.27027 0.00481185
0.27077 0.00479112
0.27127 0.00477986
0.27177 0.00476048
0.272272 0.00474877
0.272775 0.00472991
0.273279 0.00471784
0.273783 0.00469921
0.274289 0.00468672
0.274796 0.00466851
0.275303 0.00465519
0.275811 0.00463743
0.276321 0.0046238
0.276831 0.00460655
0.277342 0.00459221
0.277854 0.00457556
0.278367 0.00456045
0.278881 0.00454486
0.279396 0.00452982
0.279912 0.00451564
0.280429 0.0044994
0.280947 0.00448638
0.281466 0.00446846
0.281986 0.00445707
0.282506 0.00443622
0.283028 0.00442753
0.283551 0.00440681
0.284074 0.00439803
0.284599 0.00437722
0.285124 0.00436834
0.285651 0.00434785
0.286178 0.0043387
0.286707 0.00431857
0.287236 0.00430952
0.287767 0.00429068
0.288298 0.00428152
0.28883 0.00426307
0.289364 0.0042536
0.289898 0.00423524
0.290433 0.00422559
0.29097 0.00420725
0.291507 0.00419732
0.292045 0.00417922
0.292585 0.00416891
0.293125 0.00415111
0.293666 0.00414062
0.294208 0.00412314
0.294752 0.0041123
0.295296 0.0040952
0.295841 0.00408447
0.296388 0.00406865
0.296935 0.00405764
0.297483 0.0040423
0.298033 0.00403083
0.298583 0.0040156
0.299134 0.00400359
0.299687 0.00398903
0.30024 0.00397638
0.300795 0.00396223
0.30135 0.00394885
0.301906 0.00393552
0.302464 0.00392124
0.303022 0.00390876
0.303582 0.00389334
0.304143 0.00388229
0.304704 0.0038652
0.305267 0.00385697
0.305831 0.00383922
0.306395 0.00383172
0.306961 0.00381403
0.307528 0.00380638
0.308096 0.00378872
0.308665 0.00378087
0.309235 0.00376343
0.309806 0.00375532
0.310378 0.00373793
0.310951 0.00372968
0.311525 0.00371248
0.312101 0.0037041
0.312677 0.00368731
0.313254 0.00367895
0.313833 0.00366301
0.314412 0.00365459
0.314993 0.00363906
0.315574 0.00363042
0.316157 0.00361504
0.316741 0.00360609
0.317326 0.00359087
0.317912 0.00358153
0.318499 0.00356658
0.319087 0.00355708
0.319676 0.00354241
0.320267 0.00353246
0.320858 0.00351812
0.321451 0.00350783
0.322044 0.00349399
0.322639 0.00348381
0.323235 0.00347087
0.323832 0.00346042
0.32443 0.00344803
0.325029 0.0034369
0.325629 0.00342517
0.32623 0.00341329
0.326833 0.00340209
0.327436 0.00338931
0.328041 0.00337893
0.328646 0.00336489
0.329253 0.00335586
0.329861 0.00333942
0.33047 0.00333272
0.331081 0.00331652
0.331692 0.00330987
0.332305 0.00329449
0.332918 0.00328774
0.333533 0.0032728
0.334149 0.00326588
0.334766 0.00325104
0.335384 0.00324392
0.336003 0.00322913
0.336624 0.00322181
0.337246 0.00320719
0.337868 0.00319978
0.338492 0.00318521
0.339117 0.00317755
0.339743 0.00316314
0.340371 0.00315533
0.340999 0.00314124
0.341629 0.00313356
0.34226 0.00312026
0.342892 0.00311237
0.343525 0.00309963
0.344159 0.00309144
0.344795 0.00307876
0.345432 0.00307046
0.34607 0.00305791
0.346709 0.00304931
0.347349 0.00303704
0.34799 0.00302805
0.348633 0.00301597
0.349277 0.0030066
0.349922 0.00299509
0.350568 0.00298534
0.351215 0.00297427
0.351864 0.00296439
0.352513 0.00295428
0.353164 0.00294394
0.353817 0.00293464
0.35447 0.00292331
0.355125 0.00291481
0.35578 0.00290176
0.356437 0.00289495
0.357095 0.00288092
0.357755 0.002875
0.358416 0.00286099
0.359077 0.002855
0.35974 0.00284109
0.360405 0.00283502
0.36107 0.00282131
0.361737 0.00281523
0.362405 0.00280219
0.363074 0.00279602
0.363745 0.00278349
0.364416 0.00277719
0.365089 0.00276476
0.365763 0.00275818
0.366439 0.00274585
0.367116 0.00273917
0.367793 0.00272681
0.368473 0.00272003
0.369153 0.00270786
0.369835 0.00270086
0.370518 0.00268888
0.371202 0.00268167
0.371887 0.00266995
0.372574 0.00266283
0.373262 0.00265183
0.373951 0.00264447
0.374642 0.00263397
0.375334 0.0026263
0.376027 0.00261605
0.376721 0.00260807
0.377417 0.00259797
0.378114 0.0025897
0.378812 0.00257994
0.379511 0.00257121
0.380212 0.00256184
0.380914 0.00255259
0.381618 0.00254375
0.382322 0.00253383
0.383028 0.00252581
0.383736 0.00251539
0.384444 0.00250844
0.385154 0.0024965
0.385866 0.00249147
0.386578 0.00247953
0.387292 0.00247434
0.388007 0.00246244
0.388724 0.00245711
0.389441 0.00244534
0.390161 0.00243983
0.390881 0.00242815
0.391603 0.00242254
0.392326 0.00241092
0.39305 0.00240532
0.393776 0.00239385
0.394503 0.00238826
0.395232 0.00237734
0.395962 0.00237169
0.396693 0.00236123
0.397425 0.00235536
0.398159 0.00234495
0.398895 0.00233897
0.399631 0.00232872
0.400369 0.00232254
0.401108 0.00231245
0.401849 0.00230604
0.402591 0.00229602
0.403335 0.00228947
0.404079 0.00227964
0.404826 0.0022729
0.405573 0.00226337
0.406322 0.00225658
0.407072 0.00224758
0.407824 0.00224072
0.408577 0.00223217
0.409332 0.00222494
0.410088 0.00221669
0.410845 0.00220899
0.411604 0.00220119
0.412364 0.00219293
0.413125 0.00218557
0.413888 0.00217668
0.414652 0.00216995
0.415418 0.00215989
0.416185 0.00215434
0.416954 0.00214334
0.417723 0.0021388
0.418495 0.00212825
0.419268 0.00212378
0.420042 0.00211365
0.420818 0.00210908
0.421595 0.00209908
0.422373 0.00209429
0.423153 0.00208432
0.423934 0.00207944
0.424717 0.00206951
0.425502 0.00206454
0.426287 0.00205472
0.427075 0.00204962
0.427863 0.00203992
0.428653 0.00203476
0.429445 0.00202516
0.430238 0.00201997
0.431032 0.0020108
0.431828 0.00200562
0.432626 0.00199692
0.433425 0.00199158
0.434225 0.00198292
0.435027 0.00197743
0.43583 0.00196894
0.436635 0.00196318
0.437441 0.00195487
0.438249 0.00194886
0.439058 0.00194074
0.439869 0.00193456
0.440681 0.00192657
0.441495 0.0019202
0.44231 0.00191256
0.443127 0.00190597
0.443945 0.00189892
0.444765 0.00189221
0.445586 0.00188567
0.446409 0.00187845
0.447234 0.00187238
0.448059 0.00186442
0.448887 0.00185897
0.449716 0.00184951
0.450546 0.00184555
0.451378 0.00183613
0.452212 0.00183208
0.453047 0.00182271
0.453883 0.0018186
0.454722 0.00180937
0.455561 0.00180524
0.456402 0.00179636
0.457245 0.00179219
0.45809 0.00178379
0.458935 0.00177956
0.459783 0.00177118
0.460632 0.00176683
0.461483 0.00175853
0.462335 0.00175405
0.463189 0.00174581
0.464044 0.0017412
0.464901 0.00173299
0.465759 0.00172833
0.466619 0.00172026
0.467481 0.00171548
0.468344 0.00170761
0.469209 0.00170278
0.470076 0.00169519
0.470944 0.00169037
0.471813 0.00168323
0.472684 0.00167823
0.473557 0.0016712
0.474432 0.00166599
0.475308 0.00165906
0.476186 0.00165366
0.477065 0.00164692
0.477946 0.0016413
0.478828 0.00163483
0.479713 0.00162879
0.480598 0.00162266
0.481486 0.00161629
0.482375 0.00161059
0.483266 0.00160391
0.484158 0.00159878
0.485052 0.00159166
0.485948 0.00158739
0.486845 0.00157942
0.487744 0.00157588
0.488645 0.001568
0.489547 0.0015644
0.490451 0.00155645
0.491357 0.00155283
0.492264 0.00154497
0.493173 0.00154121
0.494084 0.00153342
0.494996 0.00152964
0.495911 0.0015219
0.496826 0.00151812
0.497744 0.00151066
0.498663 0.00150689
0.499584 0.00149984
0.500506 0.001496
0.50143 0.00148895
0.502356 0.00148498
0.503284 0.00147804
0.504213 0.00147394
0.505144 0.00146709
0.506077 0.00146289
0.507012 0.00145613
0.507948 0.00145179
0.508886 0.00144514
0.509826 0.00144066
0.510767 0.00143421
0.51171 0.00142964
0.512655 0.00142351
0.513602 0.001419
0.51455 0.00141321
0.515501 0.00140848
0.516453 0.00140287
0.517406 0.00139791
0.518362 0.00139247
0.519319 0.00138724
0.520278 0.00138208
0.521239 0.00137644
0.522201 0.00137166
0.523165 0.00136554
0.524131 0.00136118
0.525099 0.00135383
0.526069 0.00135082
0.52704 0.00134365
0.528014 0.00134067
0.528989 0.00133391
0.529966 0.00133081
0.530944 0.00132412
0.531925 0.00132095
0.532907 0.0013143
0.533891 0.00131107
0.534877 0.0013044
0.535865 0.00130108
0.536854 0.00129452
0.537845 0.00129116
0.538839 0.00128462
0.539834 0.00128117
0.54083 0.00127477
0.541829 0.00127129
0.54283 0.00126505
0.543832 0.00126165
0.544836 0.00125578
0.545842 0.00125228
0.54685 0.00124648
0.54786 0.0012428
0.548872 0.00123711
0.549885 0.00123335
0.550901 0.00122772
0.551918 0.00122383
0.552937 0.00121833
0.553958 0.00121424
0.554981 0.00120889
0.556006 0.00120471
0.557033 0.0011995
0.558061 0.00119524
0.559092 0.00119032
0.560124 0.00118598
0.561159 0.00118147
0.562195 0.00117686
0.563233 0.00117259
0.564273 0.00116763
0.565315 0.00116367
0.566359 0.00115814
0.567405 0.00115474
0.568453 0.00114847
0.569502 0.00114575
0.570554 0.00113956
0.571608 0.0011368
0.572663 0.00113059
0.573721 0.00112788
0.57478 0.00112186
0.575842 0.00111909
0.576905 0.00111351
0.57797 0.0011107
0.579037 0.00110511
0.580107 0.00110225
0.581178 0.0010967
0.582251 0.00109374
0.583326 0.00108821
0.584404 0.00108525
0.585483 0.00107974
0.586564 0.0010767
0.587647 0.00107129
0.588732 0.00106813
0.589819 0.00106282
0.590908 0.00105965
0.592 0.00105453
0.593093 0.00105135
0.594188 0.00104655
0.595285 0.00104329
0.596385 0.00103859
0.597486 0.00103519
0.598589 0.00103057
0.599694 0.00102705
0.600802 0.0010225
0.601911 0.00101885
0.603023 0.00101445
0.604136 0.00101064
0.605252 0.0010064
0.60637 0.00100233
0.607489 0.000998358
0.608611 0.000994103
0.609735 0.000990463
0.610861 0.000986102
0.611989 0.000982875
0.613119 0.000977693
0.614251 0.000975304
0.615386 0.000970013
0.616522 0.000967669
0.61766 0.000962389
0.618801 0.000959989
0.619944 0.000954776
0.621088 0.000952321
0.622235 0.000947151
0.623384 0.000944664
0.624535 0.000939514
0.625689 0.000937006
0.626844 0.000931982
0.628002 0.000929534
0.629161 0.000924885
0.630323 0.000922328
0.631487 0.000917693
0.632653 0.000915101
0.633821 0.000910485
0.634992 0.000907835
0.636164 0.000903277
0.637339 0.000900543
0.638516 0.000896033
0.639695 0.000893202
0.640876 0.000888779
0.64206 0.000885896
0.643246 0.000881573
0.644433 0.000878624
0.645623 0.000874459
0.646816 0.000871521
0.64801 0.000867645
0.649207 0.000864611
0.650405 0.000860844
0.651606 0.000857658
0.65281 0.000853995
0.654015 0.000850646
0.655223 0.000847111
0.656433 0.000843584
0.657645 0.00084025
0.658859 0.000836426
0.660076 0.000833347
0.661295 0.000829175
0.662516 0.000826502
0.66374 0.000821717
0.664965 0.000819731
0.666193 0.000815321
0.667423 0.000813299
0.668656 0.000808843
0.669891 0.000806796
0.671128 0.000802395
0.672367 0.000800271
0.673608 0.000795901
0.674852 0.00079373
0.676099 0.000789391
0.677347 0.000787188
0.678598 0.000782888
0.679851 0.000780664
0.681106 0.000776393
0.682364 0.000774132
0.683624 0.000769948
0.684887 0.000767728
0.686151 0.000763864
0.687418 0.000761567
0.688688 0.000757774
0.689959 0.000755411
0.691233 0.000751652
0.69251 0.000749204
0.693789 0.000745479
0.69507 0.000742961
0.696353 0.000739326
0.697639 0.000736724
0.698928 0.000733164
0.700218 0.000730483
0.701511 0.00072699
0.702807 0.000724247
0.704104 0.000720928
0.705405 0.000718183
0.706707 0.000715136
0.708012 0.000712245
0.70932 0.000709355
0.710629 0.000706268
0.711942 0.000703532
0.713256 0.00070019
0.714574 0.000697689
0.715893 0.000693837
0.717215 0.000691857
0.718539 0.000687782
0.719866 0.000685995
0.721196 0.000681952
0.722527 0.000680172
0.723862 0.000676164
0.725198 0.000674402
0.726537 0.000670716
0.727879 0.000668907
0.729223 0.00066523
0.73057 0.000663383
0.731919 0.000659741
0.73327 0.000657851
0.734624 0.000654258
0.735981 0.000652303
0.73734 0.000648715
0.738702 0.000646738
0.740066 0.000643184
0.741432 0.000641172
0.742801 0.000637681
0.744173 0.00063563
0.745547 0.000632216
0.746924 0.00063019
0.748303 0.00062703
0.749685 0.000624959
0.75107 0.000621874
0.752456 0.000619704
0.753846 0.000616672
0.755238 0.00061442
0.756633 0.000611445
0.75803 0.000609122
0.75943 0.000606212
0.760832 0.000603808
0.762237 0.00060098
0.763644 0.000598444
0.765055 0.000595783
0.766467 0.000593127
0.767883 0.000590629
0.769301 0.000587912
0.770721 0.000585692
0.772145 0.000582775
0.77357 0.000580802
0.774999 0.000577375
0.77643 0.000575869
0.777864 0.00057247
0.7793 0.000570926
0.780739 0.00056754
0.782181 0.000565966
0.783625 0.000562615
0.785072 0.000561001
0.786522 0.000557674
0.787974 0.000556067
0.78943 0.000552783
0.790887 0.000551192
0.792348 0.000548143
0.793811 0.000546543
0.795277 0.000543535
0.796745 0.00054187
0.798217 0.000538886
0.799691 0.000537182
0.801167 0.000534214
0.802647 0.000532474
0.804129 0.00052956
0.805614 0.000527765
0.807101 0.000524896
0.808592 0.000523039
0.810085 0.000520212
0.811581 0.000518363
0.81308 0.000515595
0.814581 0.000513761
0.816085 0.000511202
0.817592 0.00050931
0.819102 0.000506814
0.820615 0.000504835
0.82213 0.000502434
0.823648 0.000500365
0.825169 0.000498017
0.826693 0.000495837
0.828219 0.000493608
0.829749 0.000491283
0.831281 0.000489201
0.832816 0.000486683
0.834354 0.000484793
0.835895 0.000481953
0.837438 0.000480458
0.838985 0.000477573
0.840534 0.000476291
0.842086 0.00047345
0.843641 0.000472154
0.845199 0.000469323
0.84676 0.000468001
0.848323 0.000465198
0.84989 0.000463831
0.851459 0.00046103
0.853031 0.000459643
0.854607 0.000456881
0.856185 0.000455483
0.857766 0.000452751
0.85935 0.000451305
0.860937 0.000448633
0.862526 0.000447237
0.864119 0.000444695
0.865715 0.000443277
0.867313 0.000440819
0.868915 0.000439351
0.87052 0.000436926
0.872127 0.000435409
0.873738 0.000433002
0.875351 0.000431448
0.876967 0.0004291
0.878587 0.000427484
0.880209 0.000425173
0.881835 0.000423509
0.883463 0.000421268
0.885094 0.000419536
0.886729 0.000417375
0.888366 0.00041567
0.890007 0.000413676
0.89165 0.000411903
0.893297 0.000410005
0.894946 0.000408124
0.896599 0.000406326
0.898255 0.000404301
0.899913 0.000402624
0.901575 0.000400427
0.90324 0.000398931
0.904908 0.000396341
0.906579 0.000395228
0.908253 0.00039266
0.90993 0.000391533
0.911611 0.000388993
0.913294 0.000387889
0.91498 0.000385505
0.91667 0.000384368
0.918363 0.000382056
0.920059 0.000380897
0.921758 0.000378586
0.92346 0.000377419
0.925165 0.000375121
0.926873 0.000373926
0.928585 0.000371649
0.9303 0.000370419
0.932018 0.000368173
0.933739 0.000366909
0.935463 0.000364681
0.93719 0.000363413
0.938921 0.000361243
0.940655 0.000359982
0.942392 0.000357956
0.944132 0.000356667
0.945875 0.000354699
0.947622 0.000353375
0.949372 0.000351434
0.951125 0.000350062
0.952881 0.000348155
0.954641 0.000346739
0.956404 0.000344882
0.95817 0.000343409
0.959939 0.000341599
0.961712 0.000340076
0.963488 0.000338328
0.965267 0.000336727
0.967049 0.0003351
0.968835 0.000333466
0.970624 0.000331987
0.972417 0.00033026
0.974212 0.00032893
0.976011 0.000326992
0.977814 0.000325863
0.979619 0.000323727
0.981428 0.000322772
0.983241 0.000320645
0.985056 0.00031969
0.986875 0.000317567
0.988698 0.000316601
0.990523 0.000314512
0.992352 0.000313521
0.994185 0.000311457
0.996021 0.000310477
0.99786 0.000308525
0.999703 0.00030755
1.00155 0.000305661
1.0034 0.00030465
1.00525 0.000302787
1.00711 0.000301761
1.00897 0.000299899
1.01083 0.000298837
1.0127 0.000297002
1.01457 0.000295919
1.01644 0.000294108
1.01832 0.000293004
1.0202 0.000291223
1.02208 0.000290093
1.02397 0.000288366
1.02586 0.000287233
1.02775 0.000285615
1.02965 0.00028446
1.03155 0.000282917
1.03346 0.000281725
1.03537 0.000280201
1.03728 0.000278965
1.03919 0.000277491
1.04111 0.00027619
1.04304 0.000274772
1.04496 0.00027339
1.04689 0.000272052
1.04882 0.000270578
1.05076 0.000269345
1.0527 0.00026775
1.05465 0.000266658
1.05659 0.000264839
1.05854 0.000264073
1.0605 0.000262323
1.06246 0.00026154
1.06442 0.000259792
1.06638 0.000258989
1.06835 0.000257256
1.07033 0.000256439
1.0723 0.000254717
1.07428 0.000253871
1.07627 0.000252171
1.07825 0.000251321
1.08025 0.000249631
1.08224 0.000248781
1.08424 0.000247112
1.08624 0.000246257
1.08825 0.000244689
1.09026 0.000243823
1.09227 0.000242313
1.09429 0.000241436
1.09631 0.000239939
1.09833 0.000239038
1.10036 0.000237562
1.10239 0.000236627
1.10443 0.000235168
1.10647 0.000234217
1.10851 0.000232783
1.11056 0.000231795
1.11261 0.000230397
1.11466 0.000229379
1.11672 0.00022803
1.11878 0.000227008
1.12085 0.000225747
1.12292 0.000224718
1.12499 0.000223537
1.12707 0.00022243
1.12915 0.000221304
1.13124 0.00022013
1.13333 0.000219066
1.13542 0.000217815
1.13751 0.000216823
1.13962 0.000215432
1.14172 0.000214584
1.14383 0.000213022
1.14594 0.000212348
1.14806 0.000210809
1.15018 0.000210145
1.1523 0.000208661
1.15443 0.000208003
1.15656 0.000206599
1.1587 0.000205914
1.16083 0.000204514
1.16298 0.000203822
1.16513 0.000202425
1.16728 0.000201718
1.16943 0.000200335
1.17159 0.000199613
1.17376 0.000198242
1.17592 0.000197511
1.1781 0.000196153
1.18027 0.00019541
1.18245 0.00019408
1.18463 0.00019334
1.18682 0.000192081
1.18901 0.000191337
1.19121 0.000190147
1.19341 0.000189375
1.19561 0.000188198
1.19782 0.000187399
1.20003 0.000186248
1.20225 0.000185422
1.20447 0.000184291
1.20669 0.000183436
1.20892 0.000182334
1.21115 0.000181448
1.21339 0.000180385
1.21563 0.000179456
1.21787 0.000178447
1.22012 0.000177504
1.22238 0.000176582
1.22463 0.000175603
1.2269 0.000174769
1.22916 0.000173707
1.23143 0.000172944
1.2337 0.000171664
1.23598 0.00017112
1.23826 0.000169845
1.24055 0.000169292
1.24284 0.000168024
1.24514 0.000167455
1.24744 0.000166205
1.24974 0.000165633
1.25205 0.000164398
1.25436 0.000163831
1.25668 0.000162646
1.259 0.000162078
1.26132 0.00016096
1.26365 0.000160387
1.26598 0.00015927
1.26832 0.000158673
1.27066 0.000157574
1.27301 0.000156964
1.27536 0.000155868
1.27772 0.000155252
1.28008 0.000154167
1.28244 0.000153538
1.28481 0.00015247
1.28718 0.000151816
1.28956 0.000150785
1.29194 0.000150136
1.29432 0.000149151
1.29671 0.000148502
1.29911 0.000147581
1.30151 0.000146901
1.30391 0.000146
1.30632 0.000145296
1.30873 0.000144421
1.31115 0.000143683
1.31357 0.000142832
1.31599 0.000142056
1.31842 0.000141242
1.32086 0.000140421
1.3233 0.000139659
1.32574 0.000138785
1.32819 0.000138093
1.33064 0.000137151
1.3331 0.000136572
1.33556 0.000135548
1.33803 0.000135102
1.3405 0.000134086
1.34297 0.00013363
1.34545 0.000132611
1.34794 0.000132154
1.35043 0.000131142
1.35292 0.000130666
1.35542 0.000129668
1.35792 0.000129187
1.36043 0.000128195
1.36294 0.000127709
1.36546 0.000126732
1.36798 0.000126244
1.37051 0.000125309
1.37304 0.000124834
1.37557 0.000123947
1.37811 0.000123459
1.38066 0.000122584
1.38321 0.000122076
1.38576 0.000121213
1.38832 0.000120695
1.39088 0.000119847
1.39345 0.000119305
1.39603 0.000118472
1.3986 0.000117917
1.40119 0.000117103
1.40377 0.000116534
1.40637 0.000115745
1.40896 0.00011517
1.41157 0.000114419
1.41417 0.000113849
1.41678 0.000113158
1.4194 0.00011256
1.42202 0.00011189
1.42465 0.000111254
1.42728 0.000110619
1.42991 0.000109934
1.43255 0.000109342
1.4352 0.0001086
1.43785 0.000108063
1.4405 0.000107193
1.44316 0.000106793
1.44583 0.000105901
1.4485 0.000105531
1.45117 0.000104668
1.45385 0.000104305
1.45654 0.000103503
1.45923 0.00010313
1.46192 0.000102333
1.46462 0.000101954
1.46733 0.000101154
1.47004 0.000100767
1.47275 9.99747e-05
1.47547 9.95802e-05
1.47819 9.88e-05
1.48092 9.8392e-05
1.48366 9.76192e-05
1.4864 9.7209e-05
1.48914 9.64475e-05
1.49189 9.60386e-05
1.49465 9.53101e-05
1.49741 9.49052e-05
1.50017 9.42244e-05
1.50294 9.38055e-05
1.50572 9.31357e-05
1.5085 9.27043e-05
1.51129 9.20462e-05
1.51408 9.16006e-05
1.51687 9.09564e-05
1.51967 9.04913e-05
1.52248 8.98594e-05
1.52529 8.9378e-05
1.52811 8.877e-05
1.53093 8.82669e-05
1.53376 8.76851e-05
1.53659 8.71707e-05
1.53943 8.66266e-05
1.54227 8.61125e-05
1.54512 8.56242e-05
1.54797 8.50678e-05
1.55083 8.46123e-05
1.55369 8.39956e-05
1.55656 8.3601e-05
1.55944 8.28861e-05
1.56231 8.25851e-05
1.5652 8.18774e-05
1.56809 8.15722e-05
1.57099 8.08632e-05
1.57389 8.0559e-05
1.57679 7.9862e-05
1.5797 7.95571e-05
1.58262 7.88817e-05
1.58554 7.85836e-05
1.58847 7.79592e-05
1.59141 7.76512e-05
1.59434 7.70322e-05
1.59729 7.67201e-05
1.60024 7.61045e-05
1.60319 7.57809e-05
1.60615 7.51703e-05
1.60912 7.48393e-05
1.61209 7.4238e-05
1.61507 7.3898e-05
1.61805 7.33075e-05
1.62104 7.29609e-05
1.62403 7.23835e-05
1.62703 7.2033e-05
1.63003 7.14775e-05
1.63304 7.11331e-05
1.63606 7.06229e-05
1.63908 7.02713e-05
1.64211 6.9766e-05
1.64514 6.93963e-05
1.64818 6.89042e-05
1.65122 6.8519e-05
1.65427 6.80459e-05
1.65733 6.76379e-05
1.66039 6.71805e-05
1.66345 6.67516e-05
1.66652 6.63213e-05
1.6696 6.58657e-05
1.67268 6.54663e-05
1.67577 6.49799e-05
1.67887 6.4633e-05
1.68197 6.41124e-05
1.68507 6.38465e-05
1.68819 6.32898e-05
1.6913 6.3055e-05
1.69443 6.2499e-05
1.69756 6.22616e-05
1.70069 6.17083e-05
1.70383 6.14661e-05
1.70698 6.0916e-05
1.71013 6.06674e-05
1.71329 6.01235e-05
1.71645 5.9872e-05
1.71962 5.93356e-05
1.7228 5.90859e-05
1.72598 5.85668e-05
1.72916 5.8319e-05
1.73236 5.78445e-05
1.73556 5.75908e-05
1.73876 5.71185e-05
1.74197 5.68594e-05
1.74519 5.6393e-05
1.74841 5.61253e-05
1.75164 5.56652e-05
1.75487 5.53882e-05
1.75812 5.49345e-05
1.76136 5.46519e-05
1.76461 5.42098e-05
1.76787 5.39166e-05
1.77114 5.34866e-05
1.77441 5.31878e-05
1.77768 5.2778e-05
1.78097 5.24868e-05
1.78426 5.2113e-05
1.78755 5.18092e-05
1.79085 5.14453e-05
1.79416 5.11232e-05
1.79747 5.07785e-05
1.80079 5.04359e-05
1.80412 5.01074e-05
1.80745 4.97379e-05
1.81079 4.94352e-05
1.81413 4.9029e-05
1.81748 4.87664e-05
1.82084 4.82874e-05
1.8242 4.81008e-05
1.82757 4.7634e-05
1.83094 4.74515e-05
1.83432 4.7027e-05
1.83771 4.68409e-05
1.8411 4.64188e-05
1.8445 4.62269e-05
1.84791 4.58055e-05
1.85132 4.56117e-05
1.85474 4.51928e-05
1.85816 4.49931e-05
1.8616 4.45806e-05
1.86503 4.43795e-05
1.86848 4.39688e-05
1.87193 4.37621e-05
1.87538 4.33597e-05
1.87885 4.31518e-05
1.88232 4.27592e-05
1.88579 4.25593e-05
1.88928 4.22055e-05
1.89276 4.19981e-05
1.89626 4.16482e-05
1.89976 4.14331e-05
1.90327 4.1087e-05
1.90678 4.08678e-05
1.9103 4.05269e-05
1.91383 4.02983e-05
1.91737 3.99651e-05
1.92091 3.97287e-05
1.92445 3.94045e-05
1.92801 3.91568e-05
1.93157 3.88487e-05
1.93514 3.85926e-05
1.93871 3.83006e-05
1.94229 3.80505e-05
1.94588 3.77919e-05
1.94947 3.75235e-05
1.95307 3.72812e-05
1.95667 3.69891e-05
1.96029 3.6769e-05
1.96391 3.64324e-05
1.96753 3.62555e-05
1.97117 3.58885e-05
1.97481 3.57404e-05
1.97845 3.53753e-05
1.98211 3.52272e-05
1.98577 3.48661e-05
1.98943 3.4718e-05
1.99311 3.43638e-05
1.99679 3.42211e-05
2.00048 3.39001e-05
2.00417 3.37527e-05
2.00787 3.34368e-05
2.01158 3.32867e-05
2.01529 3.29721e-05
2.01902 3.28157e-05
2.02274 3.25052e-05
2.02648 3.23478e-05
2.03022 3.20377e-05
2.03397 3.18758e-05
2.03773 3.15718e-05
2.04149 3.14059e-05
2.04526 3.11084e-05
2.04904 3.09405e-05
2.05282 3.06502e-05
2.05661 3.04882e-05
2.06041 3.02288e-05
2.06421 3.00601e-05
2.06802 2.98051e-05
2.07184 2.96296e-05
2.07567 2.93815e-05
2.0795 2.91958e-05
2.08334 2.89548e-05
2.08719 2.87614e-05
2.09104 2.85291e-05
2.0949 2.83258e-05
2.09877 2.81042e-05
2.10265 2.78904e-05
2.10653 2.7682e-05
2.11042 2.74533e-05
2.11432 2.72673e-05
2.11822 2.70345e-05
2.12213 2.68823e-05
2.12605 2.66057e-05
2.12998 2.64971e-05
2.13391 2.62217e-05
2.13785 2.61104e-05
2.1418 2.58367e-05
2.14576 2.57234e-05
2.14972 2.54512e-05
2.15369 2.53349e-05
2.15766 2.50659e-05
2.16165 2.49479e-05
2.16564 2.46821e-05
2.16964 2.45655e-05
2.17365 2.43041e-05
2.17766 2.41912e-05
2.18168 2.39553e-05
2.18571 2.38393e-05
2.18975 2.36088e-05
2.19379 2.34884e-05
2.19784 2.32588e-05
2.2019 2.31361e-05
2.20597 2.29103e-05
2.21004 2.27836e-05
2.21412 2.25613e-05
2.21821 2.24305e-05
2.2223 2.22116e-05
2.22641 2.2077e-05
2.23052 2.18644e-05
2.23464 2.1726e-05
2.23876 2.15216e-05
2.2429 2.13892e-05
2.24704 2.12055e-05
2.25119 2.10679e-05
2.25535 2.08905e-05
2.25951 2.07457e-05
2.26368 2.05742e-05
2.26786 2.04203e-05
2.27205 2.02583e-05
2.27625 2.00926e-05
2.28045 1.99412e-05
2.28466 1.97612e-05
2.28888 1.9625e-05
2.29311 1.94199e-05
2.29734 1.93107e-05
2.30158 1.90836e-05
2.30583 1.90023e-05
2.31009 1.87971e-05
2.31436 1.87154e-05
2.31863 1.85135e-05
2.32291 1.84302e-05
2.3272 1.823e-05
2.3315 1.81442e-05
2.33581 1.7945e-05
2.34012 1.78573e-05
2.34444 1.76593e-05
2.34877 1.75701e-05
2.35311 1.73747e-05
2.35745 1.72832e-05
2.36181 1.70912e-05
2.36617 1.7e-05
2.37054 1.6812e-05
2.37491 1.67231e-05
2.3793 1.6553e-05
2.38369 1.64627e-05
2.38809 1.62981e-05
2.3925 1.62049e-05
2.39692 1.6042e-05
2.40135 1.59452e-05
2.40578 1.57856e-05
2.41023 1.56847e-05
2.41468 1.55287e-05
2.41914 1.54233e-05
2.4236 1.52719e-05
2.42808 1.51632e-05
2.43256 1.50167e-05
2.43705 1.4904e-05
2.44155 1.47661e-05
2.44606 1.46559e-05
2.45058 1.45329e-05
2.4551 1.44173e-05
2.45964 1.43038e-05
2.46418 1.41791e-05
2.46873 1.40734e-05
2.47329 1.39347e-05
2.47786 1.38423e-05
2.48243 1.36733e-05
2.48702 1.36112e-05
2.49161 1.34435e-05
2.49621 1.33811e-05
2.50082 1.3215e-05
2.50544 1.31515e-05
2.51006 1.29888e-05
2.5147 1.2928e-05
2.51934 1.27801e-05
2.52399 1.27179e-05
2.52866 1.25756e-05
2.53333 1.25122e-05
2.538 1.23701e-05
2.54269 1.23058e-05
2.54739 1.21642e-05
2.55209 1.20974e-05
2.5568 1.19585e-05
2.56152 1.18891e-05
2.56625 1.17521e-05
2.57099 1.16822e-05
2.57574 1.1547e-05
2.5805 1.14761e-05
2.58526 1.13454e-05
2.59004 1.12765e-05
2.59482 1.11576e-05
2.59961 1.10884e-05
2.60441 1.09746e-05
2.60922 1.09019e-05
2.61404 1.0791e-05
2.61886 1.07146e-05
2.6237 1.06064e-05
2.62855 1.05261e-05
2.6334 1.04213e-05
2.63826 1.03374e-05
2.64313 1.02376e-05
2.64801 1.01478e-05
2.6529 1.00541e-05
2.6578 9.96002e-06
2.66271 9.87447e-06
2.66763 9.7792e-06
2.67255 9.70652e-06
2.67749 9.60204e-06
2.68243 9.54347e-06
2.68739 9.4233e-06
2.69235 9.37884e-06
2.69732 9.25971e-06
2.7023 9.21417e-06
2.70729 9.09492e-06
2.71229 9.04866e-06
2.7173 8.93121e-06
2.72232 8.88382e-06
2.72735 8.76782e-06
2.73238 8.72074e-06
2.73743 8.60667e-06
2.74248 8.56144e-06
2.74755 8.45714e-06
2.75262 8.41151e-06
2.7577 8.31247e-06
2.7628 8.26562e-06
2.7679 8.16745e-06
2.77301 8.11935e-06
2.77813 8.02224e-06
2.78326 7.97199e-06
2.7884 7.87618e-06
2.79355 7.82492e-06
2.79871 7.73099e-06
2.80387 7.67737e-06
2.80905 7.58577e-06
2.81424 7.53164e-06
2.81944 7.44327e-06
2.82464 7.39044e-06
2.82986 7.31071e-06
2.83508 7.25677e-06
2.84032 7.18267e-06
2.84556 7.12596e-06
2.85082 7.05394e-06
2.85608 6.99346e-06
2.86136 6.92468e-06
2.86664 6.86032e-06
2.87193 6.7957e-06
2.87724 6.72551e-06
2.88255 6.66663e-06
2.88787 6.58942e-06
2.89321 6.53819e-06
2.89855 6.44302e-06
2.9039 6.41252e-06
2.90926 6.32544e-06
2.91464 6.29536e-06
2.92002 6.21288e-06
2.92541 6.18139e-06
2.93081 6.09982e-06
2.93623 6.06747e-06
2.94165 5.98622e-06
2.94708 5.95338e-06
2.95252 5.87237e-06
2.95797 5.83843e-06
2.96344 5.75865e-06
2.96891 5.72454e-06
2.97439 5.64552e-06
2.97988 5.61073e-06
2.98539 5.53398e-06
2.9909 5.50064e-06
2.99642 5.43019e-06
3.00195 5.39711e-06
3.0075 5.33072e-06
3.01305 5.29661e-06
3.01862 5.23093e-06
3.02419 5.19529e-06
3.02977 5.13095e-06
3.03537 5.09369e-06
3.04097 5.03057e-06
3.04659 4.99182e-06
3.05222 4.9307e-06
3.05785 4.89003e-06
3.0635 4.83091e-06
3.06916 4.78931e-06
3.07482 4.73339e-06
3.0805 4.69219e-06
3.08619 4.64197e-06
3.09189 4.60021e-06
3.0976 4.55457e-06
3.10332 4.50962e-06
3.10905 4.46737e-06
3.11479 4.41791e-06
3.12054 4.37943e-06
3.1263 4.32346e-06
3.13208 4.29149e-06
3.13786 4.22607e-06
3.14365 4.20355e-06
3.14946 4.13883e-06
3.15528 4.11633e-06
3.1611 4.0525e-06
3.16694 4.03104e-06
3.17279 3.97242e-06
3.17865 3.95119e-06
3.18452 3.89663e-06
3.1904 3.87462e-06
3.19629 3.82054e-06
3.20219 3.79789e-06
3.2081 3.74408e-06
3.21403 3.72063e-06
3.21996 3.66745e-06
3.22591 3.64371e-06
3.23187 3.59086e-06
3.23783 3.56651e-06
3.24381 3.51481e-06
3.2498 3.4899e-06
3.2558 3.43971e-06
3.26182 3.41572e-06
3.26784 3.36997e-06
3.27387 3.34624e-06
3.27992 3.3039e-06
3.28598 3.27891e-06
3.29204 3.23756e-06
3.29812 3.21143e-06
3.30421 3.17109e-06
3.31031 3.14375e-06
3.31643 3.10429e-06
3.32255 3.07539e-06
3.32869 3.03773e-06
3.33483 3.0074e-06
3.34099 2.9716e-06
3.34716 2.93934e-06
3.35334 2.90656e-06
3.35953 2.87365e-06
3.36574 2.84569e-06
3.37195 2.81157e-06
3.37818 2.78814e-06
3.38442 2.74707e-06
3.39067 2.7307e-06
3.39693 2.68749e-06
3.4032 2.67277e-06
3.40949 2.62965e-06
3.41578 2.6145e-06
3.42209 2.57205e-06
3.42841 2.55659e-06
3.43474 2.5146e-06
3.44108 2.4992e-06
3.44744 2.45786e-06
3.4538 2.44301e-06
3.46018 2.40489e-06
3.46657 2.39035e-06
3.47297 2.35574e-06
3.47939 2.3406e-06
3.48581 2.30608e-06
3.49225 2.29063e-06
3.4987 2.2564e-06
3.50516 2.24036e-06
3.51163 2.20665e-06
3.51811 2.18997e-06
3.52461 2.15675e-06
3.53112 2.13961e-06
3.53764 2.1072e-06
3.54417 2.08976e-06
3.55072 2.05835e-06
3.55727 2.04122e-06
3.56384 2.01285e-06
3.57042 1.99601e-06
3.57702 1.97034e-06
3.58362 1.95254e-06
3.59024 1.92784e-06
3.59687 1.90881e-06
3.60351 1.88501e-06
3.61017 1.8648e-06
3.61683 1.84221e-06
3.62351 1.82034e-06
3.6302 1.79937e-06
3.63691 1.77549e-06
3.64362 1.75679e-06
3.65035 1.73005e-06
3.65709 1.71504e-06
3.66384 1.68498e-06
3.67061 1.676e-06
3.67739 1.64898e-06
3.68418 1.63968e-06
3.69098 1.61267e-06
3.6978 1.60314e-06
3.70463 1.57621e-06
3.71147 1.56654e-06
3.71832 1.53976e-06
3.72519 1.52977e-06
3.73207 1.50324e-06
3.73896 1.49297e-06
3.74586 1.4669e-06
3.75278 1.45659e-06
3.75971 1.43101e-06
3.76665 1.42098e-06
3.77361 1.39735e-06
3.78058 1.38768e-06
3.78756 1.36661e-06
3.79455 1.35652e-06
3.80156 1.3357e-06
3.80858 1.3252e-06
3.81561 1.30466e-06
3.82266 1.29377e-06
3.82972 1.27354e-06
3.83679 1.26215e-06
3.84387 1.2424e-06
3.85097 1.23074e-06
3.85808 1.21149e-06
3.86521 1.19925e-06
3.87234 1.18102e-06
3.87949 1.16887e-06
3.88666 1.15253e-06
3.89384 1.14074e-06
3.90103 1.12633e-06
3.90823 1.11364e-06
3.91545 1.10008e-06
3.92268 1.0861e-06
3.92992 1.07375e-06
3.93718 1.0582e-06
3.94445 1.04727e-06
3.95173 1.02868e-06
3.95903 1.02089e-06
3.96634 1.00079e-06
3.97366 9.94651e-07
3.981 9.74827e-07
3.98835 9.6891e-07
3.99572 9.50451e-07
4.0031 9.44836e-07
4.01049 9.28516e-07
4.01789 9.22681e-07
4.02531 9.06512e-07
4.03275 9.00474e-07
4.04019 8.84392e-07
4.04765 8.78172e-07
4.05513 8.6224e-07
4.06262 8.55784e-07
4.07012 8.4004e-07
4.07763 8.33418e-07
4.08516 8.17912e-07
4.09271 8.11283e-07
4.10027 7.96135e-07
4.10784 7.8963e-07
4.11542 7.75637e-07
4.12302 7.69428e-07
4.13064 7.5725e-07
4.13826 7.50806e-07
4.14591 7.38856e-07
4.15356 7.31991e-07
4.16123 7.20306e-07
4.16892 7.13072e-07
4.17661 7.01714e-07
4.18433 6.94119e-07
4.19205 6.83122e-07
4.19979 6.75091e-07
4.20755 6.646e-07
4.21532 6.56066e-07
4.2231 6.46461e-07
4.2309 6.37727e-07
4.23871 6.29324e-07
4.24654 6.20823e-07
4.25438 6.13951e-07
4.26224 6.04244e-07
4.27011 5.98522e-07
4.278 5.86635e-07
4.2859 5.83e-07
4.29381 5.71174e-07
4.30174 5.67432e-07
4.30968 5.55703e-07
4.31764 5.51909e-07
4.32561 5.40277e-07
4.3336 5.36455e-07
4.3416 5.24987e-07
4.34962 5.21309e-07
4.35765 5.10555e-07
4.3657 5.07148e-07
4.37376 4.97926e-07
4.38184 4.94378e-07
4.38993 4.852e-07
4.39804 4.81474e-07
4.40616 4.72434e-07
4.41429 4.68559e-07
4.42245 4.59558e-07
4.43061 4.55584e-07
4.43879 4.46739e-07
4.44699 4.42609e-07
4.4552 4.33934e-07
4.46343 4.29693e-07
4.47167 4.21319e-07
4.47993 4.17154e-07
4.4882 4.09395e-07
4.49649 4.05523e-07
4.50479 3.9895e-07
4.51311 3.9486e-07
4.52144 3.88484e-07
4.52979 3.84056e-07
4.53816 3.77925e-07
4.54654 3.73202e-07
4.55493 3.67318e-07
4.56335 3.62245e-07
4.57177 3.56767e-07
4.58021 3.51202e-07
4.58867 3.46217e-07
4.59715 3.40082e-07
4.60564 3.35857e-07
4.61414 3.28873e-07
4.62266 3.26084e-07
4.6312 3.19496e-07
4.63975 3.17521e-07
4.64832 3.10933e-07
4.6569 3.08921e-07
4.6655 3.0235e-07
4.67411 3.0026e-07
4.68275 2.93727e-07
4.69139 2.91581e-07
4.70006 2.85086e-07
4.70874 2.82866e-07
4.71743 2.76477e-07
4.72614 2.74247e-07
4.73487 2.67971e-07
4.74361 2.6576e-07
4.75237 2.59859e-07
4.76115 2.57893e-07
4.76994 2.52943e-07
4.77875 2.50872e-07
4.78757 2.45982e-07
4.79641 2.43812e-07
4.80527 2.38993e-07
4.81414 2.36728e-07
4.82303 2.31953e-07
4.83194 2.2957e-07
4.84086 2.24939e-07
4.8498 2.22448e-07
4.85876 2.17918e-07
4.86773 2.15337e-07
4.87672 2.11018e-07
4.88572 2.08363e-07
4.89475 2.0443e-07
4.90378 2.02063e-07
4.91284 1.98827e-07
4.92191 1.96237e-07
4.931 1.93184e-07
4.94011 1.90371e-07
4.94923 1.87504e-07
4.95837 1.84384e-07
4.96752 1.81812e-07
4.9767 1.78235e-07
4.98589 1.76109e-07
4.99509 1.71621e-07
5.00432 1.70428e-07
5.01356 1.65998e-07
5.02282 1.64833e-07
5.03209 1.60601e-07
5.04138 1.59566e-07
5.05069 1.5613e-07
5.06002 1.55039e-07
5.06936 1.51627e-07
5.07873 1.50495e-07
5.0881 1.47093e-07
5.0975 1.45939e-07
5.10691 1.42552e-07
5.11634 1.41347e-07
5.12579 1.37999e-07
5.13526 1.3676e-07
5.14474 1.33464e-07
5.15424 1.32188e-07
5.16376 1.28958e-07
5.17329 1.27702e-07
5.18285 1.24651e-07
5.19242 1.23542e-07
5.202 1.21088e-07
5.21161 1.19919e-07
5.22123 1.17493e-07
5.23088 1.16252e-07
5.24054 1.13882e-07
5.25021 1.12578e-07
5.25991 1.10241e-07
5.26962 1.08854e-07
5.27935 1.06618e-07
5.2891 1.05145e-07
5.29887 1.02989e-07
5.30865 1.0143e-07
5.31846 9.94198e-08
5.32828 9.77731e-08
5.33812 9.59957e-08
5.34797 9.45308e-08
5.35785 9.31653e-08
5.36774 9.1514e-08
5.37765 9.0319e-08
5.38758 8.83697e-08
5.39753 8.74509e-08
5.4075 8.51887e-08
5.41749 8.4571e-08
5.42749 8.23227e-08
5.43751 8.1694e-08
5.44755 7.9455e-08
5.45761 7.88234e-08
5.46769 7.66183e-08
5.47779 7.59937e-08
5.4879 7.38601e-08
5.49804 7.33277e-08
5.50819 7.16556e-08
5.51836 7.10935e-08
5.52855 6.94367e-08
5.53876 6.88509e-08
5.54899 6.72038e-08
5.55923 6.65919e-08
5.5695 6.49619e-08
5.57979 6.43196e-08
5.59009 6.27116e-08
5.60041 6.20464e-08
5.61075 6.04676e-08
5.62111 5.97823e-08
5.63149 5.82449e-08
5.64189 5.75517e-08
5.65231 5.60942e-08
5.66275 5.5498e-08
5.67321 5.43677e-08
5.68368 5.37299e-08
5.69418 5.2632e-08
5.70469 5.19516e-08
5.71523 5.08865e-08
5.72578 5.01518e-08
5.73635 4.91318e-08
5.74695 4.83421e-08
5.75756 4.73719e-08
5.76819 4.65038e-08
5.77884 4.56206e-08
5.78951 4.46704e-08
5.8002 4.38872e-08
5.81092 4.28167e-08
5.82165 4.22294e-08
5.8324 4.11491e-08
5.84317 4.08803e-08
5.85396 3.98136e-08
5.86477 3.95351e-08
5.8756 3.84712e-08
5.88645 3.81782e-08
5.89732 3.71197e-08
5.90821 3.68179e-08
5.91912 3.57666e-08
5.93005 3.54548e-08
5.941 3.44117e-08
5.95197 3.4093e-08
5.96296 3.30679e-08
5.97397 3.27553e-08
5.985 3.17625e-08
5.99605 3.14946e-08
6.00713 3.07285e-08
6.01822 3.0448e-08
6.02933 2.9704e-08
6.04047 2.94147e-08
6.05162 2.86716e-08
6.06279 2.83631e-08
6.07399 2.76354e-08
6.08521 2.73104e-08
6.09644 2.65976e-08
6.1077 2.62567e-08
6.11898 2.55573e-08
6.13028 2.52004e-08
6.1416 2.4531e-08
6.15294 2.41622e-08
6.1643 2.35378e-08
6.17569 2.32207e-08
6.18709 2.27417e-08
6.19851 2.24082e-08
6.20996 2.19646e-08
6.22143 2.15999e-08
6.23292 2.11778e-08
6.24443 2.07744e-08
6.25596 2.0389e-08
6.26751 1.99318e-08
6.27908 1.95969e-08
6.29068 1.90623e-08
6.30229 1.88094e-08
6.31393 1.81712e-08
6.32559 1.80289e-08
6.33727 1.7407e-08
6.34897 1.72856e-08
6.3607 1.68035e-08
6.37244 1.66814e-08
6.38421 1.62196e-08
6.396 1.60888e-08
6.40781 1.5631e-08
6.41964 1.54957e-08
6.4315 1.50396e-08
6.44338 1.48985e-08
6.45527 1.44436e-08
6.46719 1.42971e-08
6.47914 1.38496e-08
6.4911 1.36985e-08
6.50309 1.32606e-08
6.5151 1.31114e-08
6.52713 1.26891e-08
6.53918 1.25615e-08
6.55126 1.22339e-08
6.56335 1.21054e-08
6.57547 1.17974e-08
6.58761 1.16585e-08
6.59978 1.13559e-08
6.61197 1.12099e-08
6.62418 1.09131e-08
6.63641 1.0757e-08
6.64866 1.04686e-08
6.66094 1.02995e-08
6.67324 1.00249e-08
6.68556 9.84603e-09
6.69791 9.58464e-09
6.71028 9.39499e-09
6.72267 9.1618e-09
6.73508 8.99631e-09
6.74752 8.82173e-09
6.75998 8.64807e-09
6.77246 8.49701e-09
6.78497 8.29638e-09
6.7975 8.16916e-09
6.81005 7.90082e-09
6.82263 7.83983e-09
6.83522 7.57233e-09
6.84785 7.50995e-09
6.86049 7.24401e-09
6.87316 7.17959e-09
6.88585 6.91759e-09
6.89857 6.85363e-09
6.91131 6.59847e-09
6.92407 6.54511e-09
6.93686 6.34683e-09
6.94967 6.29384e-09
6.9625 6.10998e-09
6.97536 6.05389e-09
6.98824 5.8713e-09
7.00114 5.81204e-09
7.01407 5.63133e-09
7.02702 5.56992e-09
7.04 5.39058e-09
7.053 5.32601e-09
7.06602 5.14949e-09
7.07907 5.08248e-09
7.09214 4.90977e-09
7.10524 4.84212e-09
7.11836 4.6781e-09
7.1315 4.61986e-09
7.14467 4.49323e-09
7.15787 4.4353e-09
7.17108 4.3216e-09
7.18433 4.25857e-09
7.19759 4.14773e-09
7.21088 4.08079e-09
7.2242 3.9737e-09
7.23754 3.90024e-09
7.2509 3.79822e-09
7.26429 3.71777e-09
7.27771 3.62255e-09
7.29115 3.53531e-09
7.30461 3.44946e-09
7.3181 3.35126e-09
7.33161 3.28263e-09
7.34515 3.19088e-09
7.35872 3.14868e-09
7.3723 3.04699e-09
7.38592 3.02454e-09
7.39956 2.92283e-09
7.41322 2.89944e-09
7.42691 2.79788e-09
7.44062 2.77352e-09
7.45436 2.67241e-09
7.46813 2.64719e-09
7.48192 2.54674e-09
7.49574 2.52049e-09
7.50958 2.42187e-09
7.52345 2.39571e-09
7.53734 2.29984e-09
7.55126 2.27755e-09
7.5652 2.20281e-09
7.57917 2.18176e-09
7.59317 2.11492e-09
7.60719 2.0925e-09
7.62124 2.02637e-09
7.63531 2.0024e-09
7.64941 1.93698e-09
7.66353 1.91178e-09
7.67769 1.84749e-09
7.69186 1.82078e-09
7.70607 1.75772e-09
7.7203 1.72927e-09
7.73455 1.66849e-09
7.74884 1.63907e-09
7.76315 1.58218e-09
7.77748 1.55702e-09
7.79184 1.51305e-09
7.80623 1.4885e-09
7.82065 1.45098e-09
7.83509 1.42414e-09
7.84956 1.38849e-09
7.86405 1.3586e-09
7.87857 1.3255e-09
7.89312 1.29205e-09
7.9077 1.26213e-09
7.9223 1.22345e-09
7.93693 1.19868e-09
7.95158 1.14959e-09
7.96627 1.13609e-09
7.98098 1.08418e-09
7.99572 1.0759e-09
8.01048 1.03517e-09
8.02527 1.0274e-09
8.04009 9.92203e-10
8.05494 9.83933e-10
8.06981 9.48885e-10
8.08472 9.402e-10
8.09965 9.05288e-10
8.1146 8.96164e-10
8.12959 8.61398e-10
8.1446 8.51743e-10
8.15964 8.17489e-10
8.17471 8.07581e-10
8.1898 7.73642e-10
8.20492 7.63675e-10
8.22008 7.30982e-10
8.23526 7.22457e-10
8.25046 6.96808e-10
8.2657 6.88873e-10
8.28096 6.67036e-10
8.29625 6.58574e-10
8.31157 6.37061e-10
8.32692 6.28013e-10
8.3423 6.06876e-10
8.3577 5.97108e-10
8.37314 5.76478e-10
8.3886 5.65958e-10
8.40409 5.45968e-10
8.41961 5.34812e-10
8.43516 5.15764e-10
8.45073 5.03832e-10
8.46634 4.86425e-10
8.48197 4.75839e-10
8.49763 4.6291e-10
8.51333 4.52787e-10
8.52905 4.4261e-10
8.5448 4.31046e-10
8.56057 4.22133e-10
8.57638 4.08392e-10
8.59222 4.01526e-10
8.60809 3.84164e-10
8.62398 3.80771e-10
8.63991 3.63516e-10
8.65586 3.60008e-10
8.67185 3.42904e-10
8.68786 3.39411e-10
8.7039 3.22661e-10
8.71997 3.19759e-10
8.73608 3.06447e-10
8.75221 3.03835e-10
8.76837 2.92889e-10
8.78456 2.90081e-10
8.80078 2.79222e-10
8.81704 2.76256e-10
8.83332 2.65437e-10
8.84963 2.62279e-10
8.86597 2.51542e-10
8.88234 2.48206e-10
8.89874 2.37625e-10
8.91518 2.34115e-10
8.93164 2.23757e-10
8.94813 2.20149e-10
8.96466 2.10205e-10
8.98121 2.0712e-10
8.9978 1.99267e-10
9.01441 1.96548e-10
9.03106 1.90197e-10
9.04773 1.87246e-10
9.06444 1.81064e-10
9.08118 1.77846e-10
9.09795 1.71844e-10
9.11475 1.6829e-10
9.13158 1.62584e-10
9.14844 1.5868e-10
9.16534 1.53267e-10
9.18226 1.48966e-10
9.19922 1.44012e-10
9.2162 1.39196e-10
9.23322 1.35076e-10
9.25027 1.30561e-10
9.26736 1.27805e-10
9.28447 1.23294e-10
9.30161 1.21832e-10
9.31879 1.16749e-10
9.336 1.158e-10
9.35324 1.10719e-10
9.37051 1.09717e-10
9.38781 1.04652e-10
9.40515 1.03599e-10
9.42252 9.85448e-11
9.43992 9.74419e-11
9.45735 9.24623e-11
9.47481 9.13491e-11
9.49231 8.64851e-11
9.50984 8.55379e-11
9.5274 8.16174e-11
9.54499 8.08065e-11
9.56262 7.77648e-11
9.58027 7.68921e-11
9.59797 7.38716e-11
9.61569 7.29536e-11
9.63345 6.99506e-11
9.65123 6.89652e-11
9.66906 6.60034e-11
9.68691 6.49296e-11
9.7048 6.20307e-11
9.72272 6.09054e-11
9.74067 5.80817e-11
9.75866 5.68869e-11
9.77668 5.42132e-11
9.79474 5.31583e-11
9.81282 5.10553e-11
9.83094 5.01633e-11
9.8491 4.85773e-11
9.86728 4.75903e-11
9.88551 4.6081e-11
9.90376 4.49855e-11
9.92205 4.35594e-11
9.94037 4.23148e-11
9.95873 4.10164e-11
9.97712 3.95914e-11
9.99554 3.84648e-11
10.014 3.67879e-11
10.0325 3.59259e-11
10.051 3.37595e-11
10.0696 3.34755e-11
10.0882 3.16948e-11
10.1068 3.14574e-11
10.1255 3.01427e-11
10.1442 2.98898e-11
10.1629 2.85745e-11
10.1817 2.83054e-11
10.2005 2.69902e-11
10.2193 2.67064e-11
10.2382 2.53961e-11
10.2571 2.50976e-11
10.276 2.37953e-11
10.295 2.34792e-11
10.314 2.2194e-11
10.333 2.18732e-11
10.3521 2.06202e-11
10.3712 2.03381e-11
10.3904 1.93139e-11
10.4096 1.90894e-11
10.4288 1.83465e-11
10.4481 1.81023e-11
10.4674 1.73689e-11
10.4867 1.71063e-11
10.5061 1.63811e-11
10.5255 1.60941e-11
10.5449 1.53863e-11
10.5644 1.50728e-11
10.5839 1.43853e-11
10.6034 1.40476e-11
10.623 1.3389e-11
10.6426 1.30212e-11
10.6623 1.2412e-11
10.682 1.20745e-11
10.7017 1.16e-11
10.7214 1.13266e-11
10.7412 1.10024e-11
10.7611 1.06886e-11
10.7809 1.03971e-11
10.8008 1.00307e-11
10.8208 9.78696e-12
10.8408 9.3317e-12
10.8608 9.17117e-12
10.8809 8.63959e-12
10.9009 8.55281e-12
10.9211 8.02398e-12
10.9412 7.93651e-12
10.9614 7.41587e-12
10.9817 7.33931e-12
11.002 6.90348e-12
11.0223 6.84565e-12
11.0426 6.54435e-12
11.063 6.48073e-12
11.0835 6.18103e-12
11.1039 6.11371e-12
11.1244 5.81441e-12
11.145 5.74311e-12
11.1655 5.44519e-12
11.1862 5.36833e-12
11.2068 5.07355e-12
11.2275 4.99136e-12
11.2483 4.70088e-12
11.269 4.61581e-12
11.2898 4.33474e-12
11.3107 4.25822e-12
11.3316 4.02417e-12
11.3525 3.96641e-12
11.3735 3.80993e-12
11.3945 3.74697e-12
11.4155 3.5933e-12
11.4366 3.52378e-12
11.4577 3.37427e-12
11.4789 3.29804e-12
11.5001 3.15317e-12
11.5213 3.06878e-12
11.5426 2.93142e-12
11.5639 2.83619e-12
11.5852 2.70934e-12
11.6066 2.60425e-12
11.6281 2.49187e-12
11.6495 2.38808e-12
11.671 2.30859e-12
11.6926 2.22552e-12
11.7142 2.18204e-12
11.7358 2.07039e-12
11.7575 2.05415e-12
11.7792 1.94247e-12
11.801 1.92498e-12
11.8227 1.81352e-12
11.8446 1.79492e-12
11.8664 1.6836e-12
11.8884 1.66401e-12
11.9103 1.5534e-12
11.9323 1.53276e-12
11.9543 1.42437e-12
11.9764 1.40605e-12
11.9985 1.3128e-12
12.0207 1.29987e-12
12.0429 1.24035e-12
12.0651 1.22652e-12
12.0874 1.1672e-12
12.1097 1.15205e-12
12.1321 1.09311e-12
12.1545 1.0768e-12
12.1769 1.01858e-12
12.1994 1.00091e-12
12.2219 9.43496e-13
12.2445 9.24518e-13
12.2671 8.68142e-13
12.2898 8.47783e-13
12.3125 7.93883e-13
12.3352 7.7496e-13
12.358 7.29446e-13
12.3808 7.16331e-13
12.4037 6.88236e-13
12.4266 6.73388e-13
12.4495 6.46464e-13
12.4725 6.29848e-13
12.4955 6.0441e-13
12.5186 5.8543e-13
12.5417 5.6183e-13
12.5649 5.40086e-13
12.5881 5.1898e-13
12.6113 4.93481e-13
12.6346 4.76094e-13
12.658 4.44815e-13
12.6813 4.33983e-13
12.7048 4.00549e-13
12.7282 3.97774e-13
12.7517 3.77676e-13
12.7753 3.74671e-13
12.7989 3.54541e-13
12.8225 3.51301e-13
12.8462 3.31188e-13
12.8699 3.27682e-13
12.8937 3.07611e-13
12.9175 3.03885e-13
12.9413 2.83869e-13
12.9652 2.79818e-13
12.9892 2.59982e-13
13.0131 2.55822e-13
13.0372 2.36314e-13
13.0612 2.32409e-13
13.0854 2.15253e-13
13.1095 2.12722e-13
13.1337 2.02637e-13
13.158 1.99882e-13
13.1823 1.899e-13
13.2066 1.86883e-13
13.231 1.77035e-13
13.2555 1.73732e-13
13.2799 1.6402e-13
13.3045 1.60377e-13
13.329 1.50931e-13
13.3536 1.4691e-13
13.3783 1.37774e-13
13.403 1.33423e-13
13.4277 1.24778e-13
13.4525 1.20416e-13
13.4774 1.13207e-13
13.5023 1.10418e-13
13.5272 1.06399e-13
13.5522 1.03218e-13
13.5772 9.95329e-14
13.6023 9.57832e-14
13.6274 9.258e-14
13.6526 8.80186e-14
13.6778 8.5558e-14
13.703 7.9279e-14
13.7283 7.8482e-14
13.7537 7.22176e-14
13.7791 7.1389e-14
13.8045 6.51805e-14
13.83 6.44e-14
13.8556 5.87383e-14
13.8811 5.82756e-14
13.9068 5.51671e-14
13.9325 5.46648e-14
13.9582 5.15543e-14
13.984 5.09969e-14
14.0098 4.79063e-14
14.0357 4.73043e-14
14.0616 4.42153e-14
14.0875 4.35624e-14
14.1136 4.05003e-14
14.1396 3.97886e-14
14.1657 3.67636e-14
14.1919 3.60241e-14
14.2181 3.304e-14
14.2443 3.232e-14
14.2706 2.96219e-14
14.297 2.91892e-14
14.3234 2.77639e-14
14.3499 2.72869e-14
14.3763 2.58807e-14
14.4029 2.53488e-14
14.4295 2.39818e-14
14.4561 2.33869e-14
14.4828 2.20593e-14
14.5096 2.14022e-14
14.5364 2.012e-14
14.5632 1.93832e-14
14.5901 1.81767e-14
14.617 1.73391e-14
14.644 1.62413e-14
14.6711 1.53405e-14
14.6982 1.44757e-14
14.7253 1.3922e-14
14.7525 1.35293e-14
14.7797 1.28377e-14
14.807 1.25698e-14
14.8344 1.17018e-14
14.8618 1.16002e-14
14.8892 1.07315e-14
14.9167 1.06204e-14
14.9443 9.75173e-15
14.9719 9.63227e-15
14.9995 8.76618e-15
15.0272 8.63602e-15
15.055 7.78074e-15
15.0828 7.65416e-15
15.1106 6.84473e-15
15.1385 6.77805e-15
15.1665 6.3758e-15
15.1945 6.30145e-15
15.2225 5.90117e-15
15.2506 5.82134e-15
15.2788 5.42188e-15
15.307 5.33416e-15
15.3353 4.9379e-15
15.3636 4.84098e-15
15.392 4.44854e-15
15.4204 4.3433e-15
15.4489 3.95708e-15
15.4774 3.84052e-15
15.506 3.46597e-15
15.5346 3.34843e-15
15.5633 3.00486e-15
15.592 2.95633e-15
15.6208 2.82881e-15
15.6497 2.77414e-15
15.6786 2.65064e-15
15.7075 2.58759e-15
15.7365 2.46904e-15
15.7656 2.39664e-15
15.7947 2.2836e-15
15.8239 2.1961e-15
15.8531 2.0903e-15
15.8824 1.98204e-15
15.9117 1.87511e-15
15.9411 1.71548e-15
15.9705 1.51927e-15
16 0
