# 1:pT 2:PhotonSpectrum=dN/d^2xT d^2pT dy
0.01 0.000140401
0.0100185 0.000140344
0.010037 0.000140007
0.0100555 0.000139941
0.0100741 0.000139599
0.0100927 0.000139521
0.0101113 0.000139179
0.01013 0.000139087
0.0101487 0.000138741
0.0101674 0.000138638
0.0101862 0.000138284
0.010205 0.000138164
0.0102239 0.000137801
0.0102427 0.000137662
0.0102617 0.000137285
0.0102806 0.000137116
0.0102996 0.000136706
0.0103186 0.000136456
0.0103377 0.000135917
0.0103567 0.00013565
0.0103759 0.000135113
0.010395 0.000134831
0.0104142 0.000134299
0.0104335 0.000133999
0.0104527 0.000133479
0.010472 0.000133161
0.0104914 0.000132648
0.0105107 0.000132317
0.0105301 0.00013182
0.0105496 0.000131463
0.0105691 0.000130976
0.0105886 0.000130606
0.0106081 0.000130146
0.0106277 0.000129771
0.0106474 0.000129363
0.010667 0.000128963
0.0106867 0.000128574
0.0107065 0.000128149
0.0107262 0.000127783
0.010746 0.000127312
0.0107659 0.00012698
0.0107858 0.000126459
0.0108057 0.000126176
0.0108256 0.000125568
0.0108456 0.000125371
0.0108656 0.000124773
0.0108857 0.000124572
0.0109058 0.000123985
0.0109259 0.000123805
0.0109461 0.000123261
0.0109663 0.000123072
0.0109866 0.000122533
0.0110069 0.000122331
0.0110272 0.000121799
0.0110476 0.000121585
0.011068 0.000121054
0.0110884 0.000120832
0.0111089 0.000120301
0.0111294 0.000120065
0.0111499 0.000119541
0.0111705 0.000119293
0.0111912 0.000118781
0.0112118 0.000118521
0.0112325 0.00011802
0.0112533 0.000117758
0.0112741 0.000117306
0.0112949 0.000117032
0.0113157 0.000116589
0.0113366 0.000116298
0.0113576 0.000115866
0.0113785 0.000115561
0.0113995 0.000115136
0.0114206 0.000114815
0.0114417 0.000114398
0.0114628 0.000114056
0.011484 0.000113664
0.0115052 0.000113303
0.0115264 0.00011293
0.0115477 0.000112557
0.011569 0.000112226
0.0115904 0.000111875
0.0116118 0.000111595
0.0116332 0.000111217
0.0116547 0.000110972
0.0116762 0.000110522
0.0116978 0.000110344
0.0117194 0.000109868
0.0117411 0.00010971
0.0117627 0.000109237
0.0117845 0.000109074
0.0118062 0.000108603
0.011828 0.000108432
0.0118499 0.000107969
0.0118717 0.000107793
0.0118937 0.000107335
0.0119156 0.000107153
0.0119376 0.000106695
0.0119597 0.000106501
0.0119818 0.00010605
0.0120039 0.000105845
0.0120261 0.00010539
0.0120483 0.000105176
0.0120705 0.000104726
0.0120928 0.000104497
0.0121151 0.000104054
0.0121375 0.000103811
0.0121599 0.000103372
0.0121824 0.000103118
0.0122049 0.000102687
0.0122274 0.000102425
0.01225 0.000102016
0.0122726 0.000101758
0.0122953 0.000101379
0.012318 0.000101111
0.0123407 0.000100747
0.0123635 0.000100465
0.0123863 0.00010011
0.0124092 9.98101e-05
0.0124321 9.94668e-05
0.0124551 9.91453e-05
0.0124781 9.88264e-05
0.0125011 9.84837e-05
0.0125242 9.81836e-05
0.0125473 9.78125e-05
0.0125705 9.75499e-05
0.0125937 9.71441e-05
0.012617 9.6939e-05
0.0126403 9.65025e-05
0.0126636 9.63748e-05
0.012687 9.59549e-05
0.0127104 9.58171e-05
0.0127339 9.53995e-05
0.0127574 9.52537e-05
0.012781 9.4836e-05
0.0128046 9.46869e-05
0.0128282 9.42702e-05
0.0128519 9.41138e-05
0.0128756 9.36997e-05
0.0128994 9.35336e-05
0.0129232 9.31278e-05
0.0129471 9.29599e-05
0.012971 9.25569e-05
0.012995 9.23832e-05
0.0130189 9.20071e-05
0.013043 9.18254e-05
0.0130671 9.1462e-05
0.0130912 9.1273e-05
0.0131154 9.09115e-05
0.0131396 9.07084e-05
0.0131639 9.03547e-05
0.0131882 9.01421e-05
0.0132125 8.9792e-05
0.0132369 8.95722e-05
0.0132614 8.92228e-05
0.0132859 8.89908e-05
0.0133104 8.8654e-05
0.013335 8.84125e-05
0.0133596 8.8093e-05
0.0133843 8.78485e-05
0.013409 8.75598e-05
0.0134337 8.73042e-05
0.0134585 8.70259e-05
0.0134834 8.67532e-05
0.0135083 8.64896e-05
0.0135332 8.61929e-05
0.0135582 8.59496e-05
0.0135833 8.56196e-05
0.0136083 8.54033e-05
0.0136335 8.502e-05
0.0136587 8.48533e-05
0.0136839 8.44357e-05
0.0137091 8.43e-05
0.0137345 8.38854e-05
0.0137598 8.37542e-05
0.0137852 8.33685e-05
0.0138107 8.32342e-05
0.0138362 8.28595e-05
0.0138617 8.27175e-05
0.0138873 8.23426e-05
0.013913 8.21922e-05
0.0139387 8.18216e-05
0.0139644 8.1664e-05
0.0139902 8.12977e-05
0.014016 8.11323e-05
0.0140419 8.07722e-05
0.0140678 8.06065e-05
0.0140938 8.02515e-05
0.0141198 8.00827e-05
0.0141459 7.97407e-05
0.014172 7.95717e-05
0.0141982 7.92649e-05
0.0142244 7.9089e-05
0.0142507 7.87965e-05
0.014277 7.86126e-05
0.0143034 7.83286e-05
0.0143298 7.81321e-05
0.0143563 7.78517e-05
0.0143828 7.76441e-05
0.0144093 7.73744e-05
0.0144359 7.7152e-05
0.0144626 7.68903e-05
0.0144893 7.66592e-05
0.0145161 7.6411e-05
0.0145429 7.61696e-05
0.0145697 7.59418e-05
0.0145966 7.57015e-05
0.0146236 7.54949e-05
0.0146506 7.52424e-05
0.0146776 7.50551e-05
0.0147047 7.4773e-05
0.0147319 7.46107e-05
0.0147591 7.42682e-05
0.0147863 7.4163e-05
0.0148136 7.38195e-05
0.014841 7.37069e-05
0.0148684 7.33648e-05
0.0148959 7.32445e-05
0.0149234 7.29043e-05
0.0149509 7.27783e-05
0.0149785 7.2441e-05
0.0150062 7.23139e-05
0.0150339 7.1995e-05
0.0150617 7.18673e-05
0.0150895 7.15605e-05
0.0151173 7.14253e-05
0.0151453 7.11201e-05
0.0151732 7.09778e-05
0.0152012 7.06768e-05
0.0152293 7.05253e-05
0.0152574 7.02261e-05
0.0152856 7.0071e-05
0.0153138 6.97804e-05
0.0153421 6.96197e-05
0.0153705 6.93389e-05
0.0153988 6.91756e-05
0.0154273 6.89033e-05
0.0154558 6.87395e-05
0.0154843 6.8486e-05
0.0155129 6.8317e-05
0.0155415 6.80768e-05
0.0155702 6.78988e-05
0.015599 6.76662e-05
0.0156278 6.74753e-05
0.0156567 6.72491e-05
0.0156856 6.70449e-05
0.0157145 6.68292e-05
0.0157435 6.66132e-05
0.0157726 6.64075e-05
0.0158017 6.61701e-05
0.0158309 6.59811e-05
0.0158602 6.5725e-05
0.0158894 6.55623e-05
0.0159188 6.52777e-05
0.0159482 6.51541e-05
0.0159776 6.48459e-05
0.0160071 6.47491e-05
0.0160367 6.44404e-05
0.0160663 6.43409e-05
0.016096 6.40326e-05
0.0161257 6.39269e-05
0.0161555 6.36212e-05
0.0161853 6.35093e-05
0.0162152 6.32052e-05
0.0162451 6.30887e-05
0.0162751 6.27881e-05
0.0163052 6.26687e-05
0.0163353 6.23749e-05
0.0163655 6.22586e-05
0.0163957 6.19914e-05
0.016426 6.18757e-05
0.0164563 6.16284e-05
0.0164867 6.15042e-05
0.0165171 6.12599e-05
0.0165476 6.1131e-05
0.0165782 6.08913e-05
0.0166088 6.0757e-05
0.0166395 6.05182e-05
0.0166702 6.03785e-05
0.016701 6.01477e-05
0.0167318 5.99992e-05
0.0167627 5.97759e-05
0.0167937 5.96204e-05
0.0168247 5.94064e-05
0.0168558 5.92456e-05
0.0168869 5.90417e-05
0.0169181 5.88734e-05
0.0169493 5.86808e-05
0.0169806 5.84976e-05
0.017012 5.83148e-05
0.0170434 5.81177e-05
0.0170748 5.79432e-05
0.0171064 5.77289e-05
0.017138 5.75698e-05
0.0171696 5.73283e-05
0.0172013 5.71901e-05
0.0172331 5.68981e-05
0.0172649 5.68067e-05
0.0172968 5.6518e-05
0.0173287 5.64276e-05
0.0173607 5.61585e-05
0.0173928 5.60678e-05
0.0174249 5.58176e-05
0.0174571 5.57227e-05
0.0174893 5.54734e-05
0.0175216 5.53719e-05
0.017554 5.51254e-05
0.0175864 5.50206e-05
0.0176189 5.47748e-05
0.0176514 5.46673e-05
0.017684 5.44237e-05
0.0177166 5.43119e-05
0.0177494 5.40758e-05
0.0177821 5.39598e-05
0.017815 5.37319e-05
0.0178479 5.36178e-05
0.0178808 5.34027e-05
0.0179138 5.32901e-05
0.0179469 5.30855e-05
0.0179801 5.29659e-05
0.0180133 5.27642e-05
0.0180465 5.26394e-05
0.0180799 5.24411e-05
0.0181132 5.23076e-05
0.0181467 5.21141e-05
0.0181802 5.19732e-05
0.0182138 5.17852e-05
0.0182474 5.16359e-05
0.0182811 5.14556e-05
0.0183149 5.13002e-05
0.0183487 5.11334e-05
0.0183826 5.09724e-05
0.0184165 5.08211e-05
0.0184505 5.0656e-05
0.0184846 5.05183e-05
0.0185187 5.0336e-05
0.0185529 5.02119e-05
0.0185872 5.00031e-05
0.0186215 4.99012e-05
0.0186559 4.9663e-05
0.0186903 4.95879e-05
0.0187248 4.93503e-05
0.0187594 4.92705e-05
0.0187941 4.90332e-05
0.0188288 4.89515e-05
0.0188635 4.87173e-05
0.0188984 4.86333e-05
0.0189333 4.84107e-05
0.0189682 4.83276e-05
0.0190033 4.81193e-05
0.0190384 4.80297e-05
0.0190735 4.78232e-05
0.0191087 4.77301e-05
0.019144 4.75251e-05
0.0191794 4.7428e-05
0.0192148 4.72254e-05
0.0192503 4.71227e-05
0.0192858 4.69237e-05
0.0193214 4.68187e-05
0.0193571 4.66221e-05
0.0193929 4.65121e-05
0.0194287 4.63237e-05
0.0194645 4.62119e-05
0.0195005 4.6033e-05
0.0195365 4.59205e-05
0.0195726 4.57525e-05
0.0196087 4.56322e-05
0.0196449 4.54688e-05
0.0196812 4.53419e-05
0.0197175 4.51826e-05
0.019754 4.50466e-05
0.0197904 4.48934e-05
0.019827 4.47495e-05
0.0198636 4.46022e-05
0.0199003 4.44496e-05
0.019937 4.4313e-05
0.0199738 4.41481e-05
0.0200107 4.40268e-05
0.0200477 4.38541e-05
0.0200847 4.3753e-05
0.0201218 4.35562e-05
0.0201589 4.34953e-05
0.0201962 4.32988e-05
0.0202335 4.32354e-05
0.0202708 4.30401e-05
0.0203082 4.29721e-05
0.0203457 4.27788e-05
0.0203833 4.27083e-05
0.020421 4.25162e-05
0.0204587 4.24435e-05
0.0204964 4.22518e-05
0.0205343 4.21742e-05
0.0205722 4.19856e-05
0.0206102 4.19057e-05
0.0206483 4.1721e-05
0.0206864 4.16369e-05
0.0207246 4.14617e-05
0.0207629 4.13733e-05
0.0208012 4.1199e-05
0.0208396 4.11073e-05
0.0208781 4.09335e-05
0.0209166 4.08375e-05
0.0209553 4.06659e-05
0.020994 4.05626e-05
0.0210327 4.03972e-05
0.0210716 4.02899e-05
0.0211105 4.01274e-05
0.0211495 4.00175e-05
0.0211885 3.98649e-05
0.0212277 3.97553e-05
0.0212669 3.96159e-05
0.0213061 3.95113e-05
0.0213455 3.93814e-05
0.0213849 3.92687e-05
0.0214244 3.91434e-05
0.0214639 3.90223e-05
0.0215036 3.89017e-05
0.0215433 3.87708e-05
0.0215831 3.86587e-05
0.0216229 3.85155e-05
0.0216628 3.84144e-05
0.0217028 3.82495e-05
0.0217429 3.81681e-05
0.0217831 3.79786e-05
0.0218233 3.79228e-05
0.0218636 3.77408e-05
0.021904 3.76844e-05
0.0219444 3.75147e-05
0.0219849 3.74566e-05
0.0220255 3.72878e-05
0.0220662 3.72242e-05
0.022107 3.70581e-05
0.0221478 3.69922e-05
0.0221887 3.68265e-05
0.0222297 3.67572e-05
0.0222707 3.65928e-05
0.0223118 3.65194e-05
0.022353 3.63574e-05
0.0223943 3.62832e-05
0.0224357 3.61235e-05
0.0224771 3.60487e-05
0.0225186 3.58975e-05
0.0225602 3.58241e-05
0.0226018 3.56848e-05
0.0226436 3.5608e-05
0.0226854 3.5471e-05
0.0227273 3.53881e-05
0.0227692 3.52535e-05
0.0228113 3.51664e-05
0.0228534 3.50344e-05
0.0228956 3.49425e-05
0.0229379 3.48146e-05
0.0229803 3.47179e-05
0.0230227 3.45932e-05
0.0230652 3.44919e-05
0.0231078 3.43732e-05
0.0231505 3.42679e-05
0.0231932 3.41562e-05
0.023236 3.40482e-05
0.023279 3.39487e-05
0.0233219 3.38308e-05
0.023365 3.37384e-05
0.0234082 3.36086e-05
0.0234514 3.35257e-05
0.0234947 3.33695e-05
0.0235381 3.33124e-05
0.0235815 3.31521e-05
0.0236251 3.30969e-05
0.0236687 3.29368e-05
0.0237124 3.28797e-05
0.0237562 3.27234e-05
0.0238001 3.26657e-05
0.023844 3.25144e-05
0.0238881 3.2461e-05
0.0239322 3.23159e-05
0.0239764 3.22588e-05
0.0240206 3.21146e-05
0.024065 3.20546e-05
0.0241094 3.19123e-05
0.0241539 3.18487e-05
0.0241985 3.17065e-05
0.0242432 3.16405e-05
0.024288 3.15e-05
0.0243329 3.14306e-05
0.0243778 3.12923e-05
0.0244228 3.122e-05
0.0244679 3.10846e-05
0.0245131 3.1011e-05
0.0245583 3.08834e-05
0.0246037 3.08111e-05
0.0246491 3.06961e-05
0.0246946 3.06203e-05
0.0247402 3.05078e-05
0.0247859 3.04267e-05
0.0248317 3.03159e-05
0.0248776 3.02302e-05
0.0249235 3.01242e-05
0.0249695 3.00321e-05
0.0250156 2.99302e-05
0.0250618 2.9833e-05
0.0251081 2.97352e-05
0.0251545 2.96318e-05
0.0252009 2.95429e-05
0.0252475 2.94322e-05
0.0252941 2.93548e-05
0.0253408 2.92415e-05
0.0253876 2.91802e-05
0.0254345 2.90469e-05
0.0254814 2.90033e-05
0.0255285 2.88709e-05
0.0255756 2.88247e-05
0.0256229 2.86916e-05
0.0256702 2.86439e-05
0.0257176 2.85117e-05
0.0257651 2.84622e-05
0.0258126 2.83307e-05
0.0258603 2.82788e-05
0.0259081 2.81507e-05
0.0259559 2.8098e-05
0.0260038 2.79735e-05
0.0260518 2.79229e-05
0.0261 2.78069e-05
0.0261482 2.77526e-05
0.0261964 2.76375e-05
0.0262448 2.75804e-05
0.0262933 2.7467e-05
0.0263418 2.74066e-05
0.0263905 2.72948e-05
0.0264392 2.72314e-05
0.026488 2.71219e-05
0.0265369 2.70558e-05
0.0265859 2.69485e-05
0.026635 2.68788e-05
0.0266842 2.67749e-05
0.0267335 2.67038e-05
0.0267829 2.66044e-05
0.0268323 2.65344e-05
0.0268819 2.64432e-05
0.0269315 2.63687e-05
0.0269812 2.62811e-05
0.0270311 2.62005e-05
0.027081 2.61157e-05
0.027131 2.60297e-05
0.0271811 2.59498e-05
0.0272313 2.5857e-05
0.0272816 2.57823e-05
0.0273319 2.56805e-05
0.0273824 2.56151e-05
0.027433 2.54958e-05
0.0274836 2.54483e-05
0.0275344 2.53229e-05
0.0275852 2.52851e-05
0.0276362 2.51701e-05
0.0276872 2.51306e-05
0.0277383 2.50154e-05
0.0277896 2.49741e-05
0.0278409 2.48596e-05
0.0278923 2.48157e-05
0.0279438 2.47025e-05
0.0279954 2.46563e-05
0.0280471 2.45436e-05
0.0280989 2.44955e-05
0.0281508 2.43842e-05
0.0282027 2.43335e-05
0.0282548 2.42237e-05
0.028307 2.41729e-05
0.0283593 2.40672e-05
0.0284116 2.4018e-05
0.0284641 2.39208e-05
0.0285167 2.38685e-05
0.0285693 2.37719e-05
0.0286221 2.37169e-05
0.0286749 2.36216e-05
0.0287279 2.35635e-05
0.0287809 2.34707e-05
0.0288341 2.34087e-05
0.0288873 2.33177e-05
0.0289407 2.32525e-05
0.0289941 2.31644e-05
0.0290477 2.30965e-05
0.0291013 2.30118e-05
0.029155 2.29418e-05
0.0292089 2.28635e-05
0.0292628 2.27953e-05
0.0293168 2.27267e-05
0.029371 2.26528e-05
0.0294252 2.25875e-05
0.0294796 2.25066e-05
0.029534 2.24469e-05
0.0295885 2.23564e-05
0.0296432 2.23058e-05
0.0296979 2.21966e-05
0.0297527 2.21631e-05
0.0298077 2.20551e-05
0.0298627 2.20197e-05
0.0299179 2.19133e-05
0.0299731 2.18773e-05
0.0300285 2.17725e-05
0.0300839 2.17372e-05
0.0301395 2.16412e-05
0.0301951 2.16047e-05
0.0302509 2.15095e-05
0.0303068 2.14704e-05
0.0303627 2.13766e-05
0.0304188 2.13362e-05
0.030475 2.12423e-05
0.0305312 2.11992e-05
0.0305876 2.11068e-05
0.0306441 2.1062e-05
0.0307007 2.09703e-05
0.0307574 2.09238e-05
0.0308142 2.08343e-05
0.0308711 2.07857e-05
0.0309281 2.06991e-05
0.0309852 2.06506e-05
0.0310424 2.0572e-05
0.0310997 2.05221e-05
0.0311572 2.04445e-05
0.0312147 2.0391e-05
0.0312723 2.03151e-05
0.0313301 2.02588e-05
0.0313879 2.01846e-05
0.0314459 2.01244e-05
0.031504 2.00539e-05
0.0315621 1.99899e-05
0.0316204 1.99216e-05
0.0316788 1.9854e-05
0.0317373 1.97902e-05
0.0317959 1.97183e-05
0.0318546 1.96617e-05
0.0319135 1.95877e-05
0.0319724 1.95404e-05
0.0320314 1.94551e-05
0.0320906 1.94183e-05
0.0321498 1.93255e-05
0.0322092 1.92948e-05
0.0322687 1.9202e-05
0.0323283 1.917e-05
0.032388 1.90779e-05
0.0324478 1.90445e-05
0.0325077 1.89531e-05
0.0325677 1.89185e-05
0.0326279 1.88281e-05
0.0326881 1.87925e-05
0.0327485 1.87052e-05
0.0328089 1.86725e-05
0.0328695 1.85927e-05
0.0329302 1.85581e-05
0.032991 1.84802e-05
0.033052 1.84447e-05
0.033113 1.83665e-05
0.0331741 1.83289e-05
0.0332354 1.82522e-05
0.0332968 1.82124e-05
0.0333583 1.8137e-05
0.0334199 1.80953e-05
0.0334816 1.80203e-05
0.0335434 1.79766e-05
0.0336053 1.79046e-05
0.0336674 1.78587e-05
0.0337296 1.77884e-05
0.0337919 1.77423e-05
0.0338543 1.76782e-05
0.0339168 1.76285e-05
0.0339794 1.75668e-05
0.0340421 1.75143e-05
0.034105 1.74547e-05
0.034168 1.73985e-05
0.0342311 1.73415e-05
0.0342943 1.72806e-05
0.0343576 1.72271e-05
0.0344211 1.71616e-05
0.0344846 1.71121e-05
0.0345483 1.70396e-05
0.0346121 1.69985e-05
0.034676 1.6912e-05
0.0347401 1.68872e-05
0.0348042 1.68081e-05
0.0348685 1.67824e-05
0.0349329 1.67054e-05
0.0349974 1.66785e-05
0.035062 1.66016e-05
0.0351267 1.65729e-05
0.0351916 1.64968e-05
0.0352566 1.64668e-05
0.0353217 1.63908e-05
0.0353869 1.63601e-05
0.0354523 1.62848e-05
0.0355177 1.62524e-05
0.0355833 1.61781e-05
0.035649 1.61451e-05
0.0357149 1.60731e-05
0.0357808 1.60406e-05
0.0358469 1.59753e-05
0.0359131 1.59421e-05
0.0359794 1.58794e-05
0.0360458 1.58443e-05
0.0361124 1.57824e-05
0.0361791 1.57453e-05
0.0362459 1.5684e-05
0.0363128 1.5645e-05
0.0363799 1.55851e-05
0.0364471 1.5544e-05
0.0365144 1.54857e-05
0.0365818 1.5443e-05
0.0366493 1.53872e-05
0.036717 1.53425e-05
0.0367848 1.52891e-05
0.0368527 1.52434e-05
0.0369208 1.51932e-05
0.036989 1.51444e-05
0.0370573 1.50973e-05
0.0371257 1.50441e-05
0.0371943 1.50001e-05
0.0372629 1.49416e-05
0.0373318 1.49021e-05
0.0374007 1.48345e-05
0.0374698 1.4803e-05
0.037539 1.47275e-05
0.0376083 1.4703e-05
0.0376777 1.46279e-05
0.0377473 1.46033e-05
0.037817 1.45295e-05
0.0378868 1.45054e-05
0.0379568 1.44389e-05
0.0380269 1.4414e-05
0.0380971 1.43499e-05
0.0381675 1.43237e-05
0.0382379 1.42598e-05
0.0383085 1.42322e-05
0.0383793 1.41688e-05
0.0384502 1.41397e-05
0.0385212 1.40772e-05
0.0385923 1.40471e-05
0.0386636 1.39854e-05
0.038735 1.3954e-05
0.0388065 1.38937e-05
0.0388781 1.38615e-05
0.0389499 1.3803e-05
0.0390219 1.37722e-05
0.0390939 1.37184e-05
0.0391661 1.36871e-05
0.0392384 1.36356e-05
0.0393109 1.36022e-05
0.0393835 1.35519e-05
0.0394562 1.35163e-05
0.0395291 1.34672e-05
0.0396021 1.34297e-05
0.0396752 1.33819e-05
0.0397485 1.33421e-05
0.0398219 1.3296e-05
0.0398954 1.32542e-05
0.0399691 1.32106e-05
0.0400429 1.31662e-05
0.0401168 1.31267e-05
0.0401909 1.30805e-05
0.0402651 1.30462e-05
0.0403395 1.29955e-05
0.040414 1.29657e-05
0.0404886 1.29035e-05
0.0405633 1.28842e-05
0.0406383 1.28223e-05
0.0407133 1.28021e-05
0.0407885 1.27406e-05
0.0408638 1.27191e-05
0.0409393 1.26581e-05
0.0410149 1.26359e-05
0.0410906 1.25753e-05
0.0411665 1.25518e-05
0.0412425 1.24924e-05
0.0413186 1.24694e-05
0.0413949 1.24139e-05
0.0414714 1.23908e-05
0.041548 1.23373e-05
0.0416247 1.23127e-05
0.0417016 1.22601e-05
0.0417786 1.22338e-05
0.0418557 1.21818e-05
0.041933 1.21547e-05
0.0420104 1.21028e-05
0.042088 1.20744e-05
0.0421657 1.20237e-05
0.0422436 1.19939e-05
0.0423216 1.19444e-05
0.0423998 1.19144e-05
0.042478 1.18669e-05
0.0425565 1.18365e-05
0.0426351 1.17926e-05
0.0427138 1.17612e-05
0.0427927 1.17194e-05
0.0428717 1.16857e-05
0.0429509 1.16451e-05
0.0430302 1.16095e-05
0.0431096 1.15708e-05
0.0431892 1.1532e-05
0.043269 1.14953e-05
0.0433489 1.14542e-05
0.0434289 1.14197e-05
0.0435091 1.13749e-05
0.0435895 1.13441e-05
0.04367 1.12938e-05
0.0437506 1.12701e-05
0.0438314 1.12161e-05
0.0439124 1.11996e-05
0.0439934 1.11485e-05
0.0440747 1.11312e-05
0.0441561 1.10798e-05
0.0442376 1.10616e-05
0.0443193 1.10109e-05
0.0444011 1.09915e-05
0.0444831 1.09411e-05
0.0445653 1.09213e-05
0.0446476 1.0871e-05
0.04473 1.08502e-05
0.0448126 1.08002e-05
0.0448954 1.07787e-05
0.0449783 1.07298e-05
0.0450613 1.07082e-05
0.0451445 1.06625e-05
0.0452279 1.06407e-05
0.0453114 1.05968e-05
0.0453951 1.05734e-05
0.0454789 1.053e-05
0.0455629 1.05053e-05
0.045647 1.0463e-05
0.0457313 1.04368e-05
0.0458158 1.03949e-05
0.0459004 1.03677e-05
0.0459851 1.03266e-05
0.0460701 1.02981e-05
0.0461551 1.02583e-05
0.0462404 1.02282e-05
0.0463257 1.01907e-05
0.0464113 1.01606e-05
0.046497 1.01257e-05
0.0465829 1.00945e-05
0.0466689 1.00619e-05
0.0467551 1.00284e-05
0.0468414 9.99768e-06
0.0469279 9.96096e-06
0.0470145 9.93265e-06
0.0471014 9.89207e-06
0.0471883 9.86701e-06
0.0472755 9.81698e-06
0.0473628 9.8012e-06
0.0474502 9.75157e-06
0.0475379 9.73558e-06
0.0476256 9.68688e-06
0.0477136 9.67084e-06
0.0478017 9.62598e-06
0.04789 9.60993e-06
0.0479784 9.56768e-06
0.048067 9.55099e-06
0.0481558 9.50865e-06
0.0482447 9.49073e-06
0.0483338 9.44893e-06
0.048423 9.4304e-06
0.0485124 9.38858e-06
0.048602 9.36907e-06
0.0486918 9.32803e-06
0.0487817 9.30806e-06
0.0488718 9.26757e-06
0.048962 9.24704e-06
0.0490524 9.20743e-06
0.049143 9.18713e-06
0.0492338 9.14957e-06
0.0493247 9.12868e-06
0.0494158 9.09307e-06
0.049507 9.07087e-06
0.0495984 9.03585e-06
0.04969 9.01244e-06
0.0497818 8.97845e-06
0.0498737 8.95341e-06
0.0499658 8.92032e-06
0.0500581 8.89413e-06
0.0501505 8.8623e-06
0.0502431 8.83439e-06
0.0503359 8.80363e-06
0.0504288 8.77419e-06
0.050522 8.74548e-06
0.0506153 8.71552e-06
0.0507087 8.69014e-06
0.0508024 8.65915e-06
0.0508962 8.63688e-06
0.0509902 8.60166e-06
0.0510843 8.58279e-06
0.0511786 8.5416e-06
0.0512732 8.52812e-06
0.0513678 8.48725e-06
0.0514627 8.47305e-06
0.0515577 8.43226e-06
0.0516529 8.41761e-06
0.0517483 8.37709e-06
0.0518439 8.36185e-06
0.0519396 8.32187e-06
0.0520355 8.30643e-06
0.0521316 8.26862e-06
0.0522279 8.25312e-06
0.0523243 8.21713e-06
0.0524209 8.2006e-06
0.0525177 8.16508e-06
0.0526147 8.14803e-06
0.0527119 8.11253e-06
0.0528092 8.09479e-06
0.0529067 8.05973e-06
0.0530044 8.04089e-06
0.0531023 8.00632e-06
0.0532004 7.98694e-06
0.0532986 7.95328e-06
0.053397 7.93317e-06
0.0534956 7.90058e-06
0.0535944 7.88032e-06
0.0536934 7.84999e-06
0.0537925 7.82966e-06
0.0538919 7.80114e-06
0.0539914 7.77962e-06
0.0540911 7.75143e-06
0.054191 7.72849e-06
0.054291 7.7014e-06
0.0543913 7.67708e-06
0.0544917 7.65106e-06
0.0545924 7.62485e-06
0.0546932 7.60046e-06
0.0547942 7.57209e-06
0.0548954 7.5498e-06
0.0549967 7.51881e-06
0.0550983 7.49973e-06
0.0552 7.46432e-06
0.055302 7.45205e-06
0.0554041 7.41752e-06
0.0555064 7.40604e-06
0.0556089 7.37147e-06
0.0557116 7.35947e-06
0.0558144 7.32529e-06
0.0559175 7.31254e-06
0.0560208 7.27858e-06
0.0561242 7.26547e-06
0.0562279 7.23152e-06
0.0563317 7.2177e-06
0.0564357 7.18407e-06
0.0565399 7.16967e-06
0.0566443 7.1368e-06
0.0567489 7.1222e-06
0.0568537 7.09052e-06
0.0569587 7.0762e-06
0.0570639 7.04644e-06
0.0571693 7.03137e-06
0.0572748 7.00189e-06
0.0573806 6.98594e-06
0.0574866 6.95669e-06
0.0575927 6.93991e-06
0.0576991 6.91121e-06
0.0578056 6.8935e-06
0.0579124 6.86545e-06
0.0580193 6.84714e-06
0.0581264 6.81997e-06
0.0582338 6.80079e-06
0.0583413 6.77455e-06
0.058449 6.75509e-06
0.058557 6.7312e-06
0.0586651 6.71132e-06
0.0587734 6.68969e-06
0.058882 6.66864e-06
0.0589907 6.64773e-06
0.0590996 6.6251e-06
0.0592088 6.60556e-06
0.0593181 6.58082e-06
0.0594276 6.56282e-06
0.0595374 6.5353e-06
0.0596473 6.51982e-06
0.0597575 6.48741e-06
0.0598678 6.47663e-06
0.0599784 6.44469e-06
0.0600891 6.43386e-06
0.0602001 6.40303e-06
0.0603112 6.39262e-06
0.0604226 6.36386e-06
0.0605342 6.35297e-06
0.060646 6.32431e-06
0.060758 6.31278e-06
0.0608702 6.28425e-06
0.0609826 6.27208e-06
0.0610952 6.24399e-06
0.061208 6.2314e-06
0.061321 6.20352e-06
0.0614343 6.19035e-06
0.0615477 6.1628e-06
0.0616614 6.14932e-06
0.0617752 6.12251e-06
0.0618893 6.10872e-06
0.0620036 6.08309e-06
0.0621181 6.06924e-06
0.0622328 6.04539e-06
0.0623477 6.03079e-06
0.0624628 6.00722e-06
0.0625782 5.99168e-06
0.0626937 5.96861e-06
0.0628095 5.95262e-06
0.0629255 5.92976e-06
0.0630417 5.9126e-06
0.0631581 5.89048e-06
0.0632747 5.87242e-06
0.0633916 5.85132e-06
0.0635086 5.83217e-06
0.0636259 5.8123e-06
0.0637434 5.79275e-06
0.0638611 5.775e-06
0.063979 5.7556e-06
0.0640972 5.73972e-06
0.0642155 5.71848e-06
0.0643341 5.70416e-06
0.0644529 5.67904e-06
0.0645719 5.66834e-06
0.0646912 5.64126e-06
0.0648106 5.63215e-06
0.0649303 5.60519e-06
0.0650502 5.59575e-06
0.0651703 5.56902e-06
0.0652907 5.55924e-06
0.0654113 5.5327e-06
0.065532 5.52276e-06
0.0656531 5.49734e-06
0.0657743 5.48756e-06
0.0658957 5.46367e-06
0.0660174 5.45339e-06
0.0661393 5.42967e-06
0.0662615 5.41876e-06
0.0663838 5.39519e-06
0.0665064 5.38373e-06
0.0666292 5.36032e-06
0.0667523 5.34852e-06
0.0668755 5.32531e-06
0.066999 5.31293e-06
0.0671227 5.29016e-06
0.0672467 5.277e-06
0.0673709 5.25488e-06
0.0674953 5.24171e-06
0.0676199 5.22071e-06
0.0677448 5.20736e-06
0.0678699 5.18804e-06
0.0679952 5.17388e-06
0.0681208 5.15503e-06
0.0682466 5.14013e-06
0.0683726 5.12169e-06
0.0684988 5.10591e-06
0.0686253 5.08803e-06
0.0687521 5.07118e-06
0.068879 5.05443e-06
0.0690062 5.03636e-06
0.0691336 5.0205e-06
0.0692613 5.00101e-06
0.0693892 4.98674e-06
0.0695173 4.96565e-06
0.0696457 4.95404e-06
0.0697743 4.931e-06
0.0699031 4.92317e-06
0.0700322 4.90021e-06
0.0701616 4.89194e-06
0.0702911 4.86916e-06
0.0704209 4.86055e-06
0.070551 4.83783e-06
0.0706812 4.82886e-06
0.0708118 4.80614e-06
0.0709425 4.79695e-06
0.0710735 4.77446e-06
0.0712048 4.76501e-06
0.0713362 4.74295e-06
0.071468 4.73339e-06
0.0716 4.71208e-06
0.0717322 4.70253e-06
0.0718646 4.68275e-06
0.0719973 4.67277e-06
0.0721303 4.65308e-06
0.0722635 4.64264e-06
0.0723969 4.62326e-06
0.0725306 4.61219e-06
0.0726645 4.59304e-06
0.0727987 4.58142e-06
0.0729332 4.5626e-06
0.0730678 4.55063e-06
0.0732028 4.53223e-06
0.0733379 4.51964e-06
0.0734734 4.50192e-06
0.073609 4.48909e-06
0.073745 4.47243e-06
0.0738812 4.45991e-06
0.0740176 4.44509e-06
0.0741543 4.43171e-06
0.0742912 4.41728e-06
0.0744284 4.403e-06
0.0745658 4.3894e-06
0.0747035 4.3738e-06
0.0748415 4.36106e-06
0.0749797 4.34407e-06
0.0751181 4.3326e-06
0.0752568 4.31295e-06
0.0753958 4.30399e-06
0.075535 4.28261e-06
0.0756745 4.27554e-06
0.0758143 4.25471e-06
0.0759543 4.24811e-06
0.0760945 4.22917e-06
0.076235 4.22218e-06
0.0763758 4.20335e-06
0.0765168 4.19602e-06
0.0766581 4.17721e-06
0.0767997 4.16945e-06
0.0769415 4.1509e-06
0.0770836 4.14287e-06
0.0772259 4.1244e-06
0.0773685 4.11591e-06
0.0775114 4.09771e-06
0.0776545 4.08909e-06
0.0777979 4.071e-06
0.0779416 4.06211e-06
0.0780855 4.0446e-06
0.0782297 4.03568e-06
0.0783742 4.01953e-06
0.0785189 4.01013e-06
0.0786639 3.994e-06
0.0788092 3.9841e-06
0.0789547 3.96847e-06
0.0791005 3.95796e-06
0.0792466 3.94252e-06
0.0793929 3.9315e-06
0.0795395 3.91658e-06
0.0796864 3.90478e-06
0.0798335 3.89031e-06
0.0799809 3.87814e-06
0.0801286 3.8642e-06
0.0802766 3.85138e-06
0.0804248 3.83875e-06
0.0805734 3.82625e-06
0.0807221 3.81479e-06
0.0808712 3.80116e-06
0.0810205 3.79051e-06
0.0811702 3.77531e-06
0.08132 3.76615e-06
0.0814702 3.74762e-06
0.0816207 3.74148e-06
0.0817714 3.72304e-06
0.0819224 3.71663e-06
0.0820737 3.69841e-06
0.0822252 3.69182e-06
0.0823771 3.67376e-06
0.0825292 3.66696e-06
0.0826816 3.64928e-06
0.0828342 3.64253e-06
0.0829872 3.62651e-06
0.0831405 3.61961e-06
0.083294 3.6036e-06
0.0834478 3.59628e-06
0.0836019 3.58044e-06
0.0837563 3.57277e-06
0.0839109 3.55713e-06
0.0840659 3.54901e-06
0.0842211 3.53346e-06
0.0843766 3.52513e-06
0.0845325 3.5099e-06
0.0846885 3.50124e-06
0.0848449 3.48638e-06
0.0850016 3.47748e-06
0.0851586 3.4632e-06
0.0853158 3.45467e-06
0.0854734 3.4417e-06
0.0856312 3.43267e-06
0.0857893 3.41991e-06
0.0859478 3.41046e-06
0.0861065 3.39806e-06
0.0862655 3.38803e-06
0.0864248 3.37586e-06
0.0865844 3.36523e-06
0.0867442 3.35351e-06
0.0869044 3.34209e-06
0.0870649 3.33105e-06
0.0872257 3.31878e-06
0.0873868 3.30858e-06
0.0875481 3.2955e-06
0.0877098 3.28683e-06
0.0878718 3.27317e-06
0.088034 3.26646e-06
0.0881966 3.25127e-06
0.0883594 3.24594e-06
0.0885226 3.23085e-06
0.0886861 3.22534e-06
0.0888498 3.21019e-06
0.0890139 3.20455e-06
0.0891783 3.18955e-06
0.089343 3.18361e-06
0.0895079 3.16877e-06
0.0896732 3.16269e-06
0.0898388 3.14802e-06
0.0900047 3.14186e-06
0.0901709 3.12758e-06
0.0903374 3.12148e-06
0.0905043 3.10832e-06
0.0906714 3.10199e-06
0.0908388 3.08898e-06
0.0910066 3.08228e-06
0.0911746 3.06939e-06
0.091343 3.06237e-06
0.0915116 3.04965e-06
0.0916806 3.04226e-06
0.0918499 3.0297e-06
0.0920195 3.02197e-06
0.0921895 3.00969e-06
0.0923597 3.00159e-06
0.0925303 2.9897e-06
0.0927011 2.98123e-06
0.0928723 2.96992e-06
0.0930438 2.96169e-06
0.0932156 2.9514e-06
0.0933877 2.94276e-06
0.0935602 2.93292e-06
0.093733 2.92372e-06
0.0939061 2.91424e-06
0.0940795 2.90437e-06
0.0942532 2.89548e-06
0.0944272 2.88483e-06
0.0946016 2.87654e-06
0.0947763 2.86469e-06
0.0949513 2.85746e-06
0.0951266 2.84313e-06
0.0953023 2.83838e-06
0.0954783 2.82429e-06
0.0956546 2.81974e-06
0.0958312 2.80661e-06
0.0960082 2.80178e-06
0.0961855 2.78887e-06
0.0963631 2.78386e-06
0.0965411 2.77101e-06
0.0967193 2.76564e-06
0.0968979 2.75291e-06
0.0970769 2.7474e-06
0.0972561 2.73471e-06
0.0974357 2.72909e-06
0.0976156 2.71648e-06
0.0977959 2.71062e-06
0.0979765 2.69835e-06
0.0981574 2.69226e-06
0.0983387 2.68037e-06
0.0985203 2.67471e-06
0.0987022 2.66373e-06
0.0988845 2.65783e-06
0.0990671 2.64724e-06
0.09925 2.64098e-06
0.0994333 2.63052e-06
0.0996169 2.62403e-06
0.0998008 2.61371e-06
0.0999851 2.6068e-06
0.10017 2.59678e-06
0.100355 2.58943e-06
0.10054 2.57964e-06
0.100726 2.57194e-06
0.100912 2.56253e-06
0.101098 2.55454e-06
0.101285 2.54574e-06
0.101472 2.53757e-06
0.101659 2.52957e-06
0.101847 2.52089e-06
0.102035 2.51351e-06
0.102223 2.50403e-06
0.102412 2.49724e-06
0.102601 2.48655e-06
0.102791 2.48096e-06
0.102981 2.46872e-06
0.103171 2.46447e-06
0.103361 2.45236e-06
0.103552 2.44794e-06
0.103743 2.43586e-06
0.103935 2.43133e-06
0.104127 2.41958e-06
0.104319 2.41509e-06
0.104512 2.40419e-06
0.104705 2.39965e-06
0.104898 2.38894e-06
0.105092 2.38419e-06
0.105286 2.37349e-06
0.10548 2.36848e-06
0.105675 2.35791e-06
0.10587 2.35269e-06
0.106066 2.34225e-06
0.106262 2.33687e-06
0.106458 2.32655e-06
0.106654 2.3209e-06
0.106851 2.31079e-06
0.107049 2.30508e-06
0.107246 2.29538e-06
0.107444 2.28979e-06
0.107643 2.28094e-06
0.107841 2.27533e-06
0.108041 2.26682e-06
0.10824 2.26087e-06
0.10844 2.25256e-06
0.10864 2.24618e-06
0.108841 2.23814e-06
0.109042 2.23143e-06
0.109243 2.2236e-06
0.109445 2.21645e-06
0.109647 2.20902e-06
0.10985 2.20143e-06
0.110052 2.1944e-06
0.110256 2.18637e-06
0.110459 2.18003e-06
0.110663 2.17154e-06
0.110868 2.16616e-06
0.111072 2.15594e-06
0.111277 2.15245e-06
0.111483 2.14224e-06
0.111689 2.13865e-06
0.111895 2.12848e-06
0.112102 2.12465e-06
0.112309 2.11462e-06
0.112516 2.11064e-06
0.112724 2.10067e-06
0.112932 2.0966e-06
0.11314 2.08672e-06
0.113349 2.08246e-06
0.113559 2.07283e-06
0.113768 2.0687e-06
0.113978 2.0597e-06
0.114189 2.05544e-06
0.1144 2.0468e-06
0.114611 2.04239e-06
0.114823 2.03378e-06
0.115035 2.02916e-06
0.115247 2.02063e-06
0.11546 2.01581e-06
0.115673 2.00734e-06
0.115887 2.00228e-06
0.116101 1.99404e-06
0.116315 1.98878e-06
0.11653 1.98073e-06
0.116745 1.9753e-06
0.116961 1.96769e-06
0.117177 1.96221e-06
0.117393 1.95508e-06
0.11761 1.94953e-06
0.117827 1.94274e-06
0.118045 1.9368e-06
0.118263 1.93017e-06
0.118481 1.92384e-06
0.1187 1.9175e-06
0.118919 1.91072e-06
0.119139 1.90485e-06
0.119359 1.89744e-06
0.119579 1.89205e-06
0.1198 1.88379e-06
0.120021 1.8793e-06
0.120243 1.86984e-06
0.120465 1.86675e-06
0.120687 1.85797e-06
0.12091 1.85487e-06
0.121133 1.84639e-06
0.121357 1.84317e-06
0.121581 1.83475e-06
0.121806 1.83135e-06
0.12203 1.82297e-06
0.122256 1.8194e-06
0.122482 1.8111e-06
0.122708 1.80739e-06
0.122934 1.79915e-06
0.123161 1.79527e-06
0.123389 1.78713e-06
0.123617 1.7832e-06
0.123845 1.77517e-06
0.124074 1.77129e-06
0.124303 1.76387e-06
0.124532 1.75989e-06
0.124762 1.75281e-06
0.124993 1.74867e-06
0.125223 1.7417e-06
0.125455 1.73732e-06
0.125686 1.73041e-06
0.125918 1.7258e-06
0.126151 1.71908e-06
0.126384 1.71425e-06
0.126617 1.7077e-06
0.126851 1.70266e-06
0.127085 1.69624e-06
0.12732 1.691e-06
0.127555 1.68497e-06
0.127791 1.67973e-06
0.128027 1.67418e-06
0.128263 1.66872e-06
0.1285 1.66357e-06
0.128737 1.65765e-06
0.128975 1.65286e-06
0.129213 1.6464e-06
0.129452 1.64203e-06
0.129691 1.63445e-06
0.12993 1.63127e-06
0.13017 1.62325e-06
0.130411 1.62038e-06
0.130651 1.61242e-06
0.130893 1.6095e-06
0.131134 1.60176e-06
0.131376 1.59888e-06
0.131619 1.59157e-06
0.131862 1.58865e-06
0.132106 1.58164e-06
0.13235 1.57858e-06
0.132594 1.5716e-06
0.132839 1.56837e-06
0.133084 1.5615e-06
0.13333 1.55812e-06
0.133576 1.55125e-06
0.133823 1.54779e-06
0.13407 1.541e-06
0.134317 1.53738e-06
0.134565 1.5307e-06
0.134814 1.52694e-06
0.135063 1.52042e-06
0.135312 1.51668e-06
0.135562 1.51061e-06
0.135812 1.50689e-06
0.136063 1.5011e-06
0.136315 1.49717e-06
0.136566 1.49155e-06
0.136818 1.48738e-06
0.137071 1.48183e-06
0.137324 1.47745e-06
0.137578 1.47211e-06
0.137832 1.4675e-06
0.138086 1.46228e-06
0.138341 1.45739e-06
0.138597 1.45251e-06
0.138853 1.44732e-06
0.139109 1.4428e-06
0.139366 1.43743e-06
0.139623 1.43345e-06
0.139881 1.42773e-06
0.14014 1.42435e-06
0.140398 1.41758e-06
0.140658 1.4151e-06
0.140917 1.40838e-06
0.141177 1.40579e-06
0.141438 1.39907e-06
0.141699 1.39638e-06
0.141961 1.38969e-06
0.142223 1.38695e-06
0.142486 1.38032e-06
0.142749 1.3775e-06
0.143013 1.371e-06
0.143277 1.36821e-06
0.143541 1.36213e-06
0.143806 1.35936e-06
0.144072 1.35358e-06
0.144338 1.35067e-06
0.144604 1.34492e-06
0.144871 1.34189e-06
0.145139 1.33623e-06
0.145407 1.33306e-06
0.145675 1.32748e-06
0.145944 1.32419e-06
0.146214 1.31871e-06
0.146484 1.31529e-06
0.146754 1.3099e-06
0.147025 1.30642e-06
0.147297 1.30117e-06
0.147569 1.29771e-06
0.147841 1.29281e-06
0.148114 1.28926e-06
0.148388 1.28467e-06
0.148662 1.28093e-06
0.148937 1.27649e-06
0.149212 1.27252e-06
0.149487 1.26819e-06
0.149763 1.26396e-06
0.15004 1.25987e-06
0.150317 1.25528e-06
0.150594 1.25152e-06
0.150872 1.24653e-06
0.151151 1.24313e-06
0.15143 1.23742e-06
0.15171 1.23487e-06
0.15199 1.22892e-06
0.152271 1.22685e-06
0.152552 1.22119e-06
0.152833 1.21903e-06
0.153116 1.21339e-06
0.153398 1.21114e-06
0.153682 1.20551e-06
0.153965 1.20313e-06
0.15425 1.19757e-06
0.154535 1.19511e-06
0.15482 1.18959e-06
0.155106 1.18705e-06
0.155392 1.18161e-06
0.155679 1.17898e-06
0.155967 1.17365e-06
0.156255 1.17104e-06
0.156543 1.16601e-06
0.156832 1.16347e-06
0.157122 1.15876e-06
0.157412 1.1561e-06
0.157703 1.15145e-06
0.157994 1.14861e-06
0.158286 1.14404e-06
0.158578 1.14114e-06
0.158871 1.13666e-06
0.159164 1.13355e-06
0.159458 1.12917e-06
0.159753 1.12593e-06
0.160048 1.12168e-06
0.160343 1.11829e-06
0.160639 1.11417e-06
0.160936 1.11075e-06
0.161233 1.1069e-06
0.161531 1.10346e-06
0.161829 1.09991e-06
0.162128 1.09617e-06
0.162427 1.09279e-06
0.162727 1.08872e-06
0.163028 1.08558e-06
0.163329 1.08111e-06
0.16363 1.07832e-06
0.163933 1.073e-06
0.164235 1.07101e-06
0.164539 1.06574e-06
0.164842 1.06371e-06
0.165147 1.05854e-06
0.165452 1.05653e-06
0.165757 1.0516e-06
0.166063 1.04963e-06
0.16637 1.04499e-06
0.166677 1.04296e-06
0.166985 1.03836e-06
0.167293 1.03626e-06
0.167602 1.0317e-06
0.167912 1.02952e-06
0.168222 1.025e-06
0.168532 1.0227e-06
0.168844 1.01826e-06
0.169155 1.0159e-06
0.169468 1.01148e-06
0.169781 1.00907e-06
0.170094 1.00477e-06
0.170408 1.00232e-06
0.170723 9.98226e-07
0.171038 9.95761e-07
0.171354 9.91878e-07
0.171671 9.89345e-07
0.171988 9.85499e-07
0.172305 9.82819e-07
0.172623 9.79047e-07
0.172942 9.76238e-07
0.173261 9.72566e-07
0.173581 9.69574e-07
0.173902 9.66024e-07
0.174223 9.62888e-07
0.174545 9.59483e-07
0.174867 9.56175e-07
0.17519 9.53021e-07
0.175514 9.49584e-07
0.175838 9.46763e-07
0.176162 9.43262e-07
0.176488 9.40796e-07
0.176814 9.36757e-07
0.17714 9.34764e-07
0.177467 9.30349e-07
0.177795 9.28674e-07
0.178123 9.24261e-07
0.178452 9.22553e-07
0.178782 9.18152e-07
0.179112 9.16382e-07
0.179443 9.12032e-07
0.179774 9.10201e-07
0.180106 9.05902e-07
0.180438 9.0405e-07
0.180772 8.99961e-07
0.181105 8.9813e-07
0.18144 8.9432e-07
0.181775 8.92397e-07
0.182111 8.88623e-07
0.182447 8.86658e-07
0.182784 8.82896e-07
0.183121 8.80825e-07
0.183459 8.77109e-07
0.183798 8.74975e-07
0.184138 8.71329e-07
0.184478 8.69115e-07
0.184818 8.65502e-07
0.18516 8.63215e-07
0.185502 8.59746e-07
0.185844 8.57419e-07
0.186187 8.54102e-07
0.186531 8.51815e-07
0.186876 8.4874e-07
0.187221 8.46322e-07
0.187566 8.43286e-07
0.187913 8.40756e-07
0.18826 8.37822e-07
0.188607 8.35106e-07
0.188956 8.32316e-07
0.189305 8.29437e-07
0.189654 8.26777e-07
0.190004 8.23678e-07
0.190355 8.21233e-07
0.190707 8.17814e-07
0.191059 8.15711e-07
0.191412 8.11713e-07
0.191765 8.10337e-07
0.192119 8.06619e-07
0.192474 8.05169e-07
0.192829 8.0147e-07
0.193186 7.99959e-07
0.193542 7.9626e-07
0.1939 7.94691e-07
0.194258 7.91004e-07
0.194616 7.89347e-07
0.194976 7.85681e-07
0.195336 7.84007e-07
0.195697 7.8037e-07
0.196058 7.78628e-07
0.19642 7.7506e-07
0.196783 7.73312e-07
0.197146 7.69872e-07
0.19751 7.6813e-07
0.197875 7.64925e-07
0.19824 7.63135e-07
0.198606 7.59986e-07
0.198973 7.58117e-07
0.199341 7.55011e-07
0.199709 7.53052e-07
0.200077 7.49979e-07
0.200447 7.47942e-07
0.200817 7.44937e-07
0.201188 7.42822e-07
0.201559 7.3987e-07
0.201932 7.37673e-07
0.202304 7.3486e-07
0.202678 7.32631e-07
0.203052 7.29973e-07
0.203427 7.27803e-07
0.203803 7.25424e-07
0.204179 7.23073e-07
0.204556 7.20795e-07
0.204934 7.18285e-07
0.205312 7.16135e-07
0.205692 7.13422e-07
0.206071 7.11449e-07
0.206452 7.08399e-07
0.206833 7.06743e-07
0.207215 7.03346e-07
0.207598 7.02018e-07
0.207981 6.98677e-07
0.208365 6.97346e-07
0.20875 6.94063e-07
0.209135 6.92798e-07
0.209522 6.89762e-07
0.209908 6.88422e-07
0.210296 6.85406e-07
0.210684 6.84033e-07
0.211073 6.81005e-07
0.211463 6.7958e-07
0.211854 6.76594e-07
0.212245 6.75108e-07
0.212637 6.72145e-07
0.21303 6.70613e-07
0.213423 6.67669e-07
0.213817 6.66085e-07
0.214212 6.63206e-07
0.214607 6.61599e-07
0.215004 6.58817e-07
0.215401 6.57213e-07
0.215799 6.54675e-07
0.216197 6.52996e-07
0.216596 6.50496e-07
0.216996 6.48732e-07
0.217397 6.46278e-07
0.217798 6.44414e-07
0.218201 6.42017e-07
0.218603 6.40075e-07
0.219007 6.37721e-07
0.219412 6.35687e-07
0.219817 6.33423e-07
0.220223 6.31296e-07
0.220629 6.29124e-07
0.221037 6.26923e-07
0.221445 6.24943e-07
0.221854 6.22748e-07
0.222263 6.20968e-07
0.222674 6.18544e-07
0.223085 6.16947e-07
0.223497 6.14033e-07
0.22391 6.1291e-07
0.224323 6.09998e-07
0.224737 6.08845e-07
0.225152 6.05952e-07
0.225568 6.04742e-07
0.225985 6.01883e-07
0.226402 6.00652e-07
0.22682 5.97836e-07
0.227239 5.96584e-07
0.227659 5.93831e-07
0.228079 5.9261e-07
0.2285 5.90071e-07
0.228922 5.88822e-07
0.229345 5.86287e-07
0.229768 5.84974e-07
0.230193 5.82478e-07
0.230618 5.81096e-07
0.231044 5.78621e-07
0.23147 5.77224e-07
0.231898 5.74753e-07
0.232326 5.73312e-07
0.232755 5.70881e-07
0.233185 5.69355e-07
0.233615 5.67008e-07
0.234047 5.65461e-07
0.234479 5.63195e-07
0.234912 5.61712e-07
0.235346 5.59642e-07
0.23578 5.58066e-07
0.236216 5.56032e-07
0.236652 5.54381e-07
0.237089 5.52395e-07
0.237527 5.50668e-07
0.237965 5.48761e-07
0.238405 5.46914e-07
0.238845 5.4508e-07
0.239286 5.43116e-07
0.239728 5.41403e-07
0.240171 5.39289e-07
0.240614 5.37735e-07
0.241058 5.35402e-07
0.241504 5.34126e-07
0.24195 5.31674e-07
0.242396 5.30697e-07
0.242844 5.28269e-07
0.243292 5.27253e-07
0.243742 5.24812e-07
0.244192 5.23777e-07
0.244643 5.21361e-07
0.245094 5.20251e-07
0.245547 5.17869e-07
0.246 5.16745e-07
0.246455 5.14371e-07
0.24691 5.13219e-07
0.247366 5.10861e-07
0.247822 5.09691e-07
0.24828 5.07398e-07
0.248739 5.0628e-07
0.249198 5.04173e-07
0.249658 5.03014e-07
0.250119 5.00945e-07
0.250581 4.99718e-07
0.251044 4.97668e-07
0.251507 4.96403e-07
0.251972 4.94386e-07
0.252437 4.93047e-07
0.252903 4.91055e-07
0.25337 4.89685e-07
0.253838 4.87741e-07
0.254307 4.86319e-07
0.254776 4.84437e-07
0.255247 4.82978e-07
0.255718 4.81187e-07
0.25619 4.79768e-07
0.256663 4.78134e-07
0.257137 4.76659e-07
0.257612 4.75081e-07
0.258088 4.73494e-07
0.258565 4.71998e-07
0.259042 4.70309e-07
0.25952 4.68904e-07
0.26 4.67056e-07
0.26048 4.65772e-07
0.260961 4.63531e-07
0.261443 4.62642e-07
0.261925 4.60409e-07
0.262409 4.59525e-07
0.262894 4.57332e-07
0.263379 4.56465e-07
0.263865 4.54465e-07
0.264353 4.53568e-07
0.264841 4.51594e-07
0.26533 4.50667e-07
0.26582 4.48692e-07
0.266311 4.47728e-07
0.266803 4.45764e-07
0.267295 4.44769e-07
0.267789 4.4282e-07
0.268283 4.41794e-07
0.268779 4.3986e-07
0.269275 4.38805e-07
0.269772 4.36898e-07
0.27027 4.35825e-07
0.27077 4.33971e-07
0.27127 4.32921e-07
0.27177 4.31175e-07
0.272272 4.30082e-07
0.272775 4.28381e-07
0.273279 4.27243e-07
0.273783 4.25565e-07
0.274289 4.24388e-07
0.274796 4.2275e-07
0.275303 4.21495e-07
0.275811 4.19902e-07
0.276321 4.18625e-07
0.276831 4.17083e-07
0.277342 4.15739e-07
0.277854 4.1426e-07
0.278367 4.12853e-07
0.278881 4.1147e-07
0.279396 4.10088e-07
0.279912 4.08849e-07
0.280429 4.07364e-07
0.280947 4.06226e-07
0.281466 4.04596e-07
0.281986 4.03591e-07
0.282506 4.01708e-07
0.283028 4.00926e-07
0.283551 3.99044e-07
0.284074 3.98243e-07
0.284599 3.96351e-07
0.285124 3.95528e-07
0.285651 3.93658e-07
0.286178 3.92806e-07
0.286707 3.90973e-07
0.287236 3.90138e-07
0.287767 3.88432e-07
0.288298 3.8758e-07
0.28883 3.85907e-07
0.289364 3.85016e-07
0.289898 3.83351e-07
0.290433 3.82439e-07
0.29097 3.80773e-07
0.291507 3.79829e-07
0.292045 3.78187e-07
0.292585 3.77203e-07
0.293125 3.75588e-07
0.293666 3.74588e-07
0.294208 3.73012e-07
0.294752 3.71986e-07
0.295296 3.70455e-07
0.295841 3.69446e-07
0.296388 3.68041e-07
0.296935 3.67009e-07
0.297483 3.65647e-07
0.298033 3.64571e-07
0.298583 3.63218e-07
0.299134 3.62089e-07
0.299687 3.60796e-07
0.30024 3.59607e-07
0.300795 3.58349e-07
0.30135 3.57097e-07
0.301906 3.5591e-07
0.302464 3.54582e-07
0.303022 3.53466e-07
0.303582 3.52044e-07
0.304143 3.5106e-07
0.304704 3.49506e-07
0.305267 3.48759e-07
0.305831 3.47149e-07
0.306395 3.46459e-07
0.306961 3.44855e-07
0.307528 3.44146e-07
0.308096 3.42546e-07
0.308665 3.41818e-07
0.309235 3.40239e-07
0.309806 3.39488e-07
0.310378 3.37919e-07
0.310951 3.37152e-07
0.311525 3.35606e-07
0.312101 3.34831e-07
0.312677 3.33338e-07
0.313254 3.32579e-07
0.313833 3.31175e-07
0.314412 3.30414e-07
0.314993 3.29057e-07
0.315574 3.28271e-07
0.316157 3.2693e-07
0.316741 3.26113e-07
0.317326 3.24786e-07
0.317912 3.23932e-07
0.318499 3.22629e-07
0.319087 3.21752e-07
0.319676 3.20473e-07
0.320267 3.19551e-07
0.320858 3.18295e-07
0.321451 3.1734e-07
0.322044 3.16134e-07
0.322639 3.15198e-07
0.323235 3.14072e-07
0.323832 3.13112e-07
0.32443 3.12028e-07
0.325029 3.11002e-07
0.325629 3.09971e-07
0.32623 3.08874e-07
0.326833 3.07881e-07
0.327436 3.06705e-07
0.328041 3.05778e-07
0.328646 3.04496e-07
0.329253 3.03681e-07
0.329861 3.022e-07
0.33047 3.01583e-07
0.331081 3.0013e-07
0.331692 2.99521e-07
0.332305 2.98154e-07
0.332918 2.97535e-07
0.333533 2.96211e-07
0.334149 2.9558e-07
0.334766 2.94267e-07
0.335384 2.93617e-07
0.336003 2.9231e-07
0.336624 2.91639e-07
0.337246 2.90351e-07
0.337868 2.89667e-07
0.338492 2.88382e-07
0.339117 2.87672e-07
0.339743 2.86403e-07
0.340371 2.85677e-07
0.340999 2.84442e-07
0.341629 2.83731e-07
0.34226 2.82564e-07
0.342892 2.81831e-07
0.343525 2.80713e-07
0.344159 2.79951e-07
0.344795 2.78836e-07
0.345432 2.78058e-07
0.34607 2.7695e-07
0.346709 2.76142e-07
0.347349 2.75057e-07
0.34799 2.74211e-07
0.348633 2.73145e-07
0.349277 2.72264e-07
0.349922 2.71247e-07
0.350568 2.70334e-07
0.351215 2.69359e-07
0.351864 2.68447e-07
0.352513 2.67561e-07
0.353164 2.66616e-07
0.353817 2.658e-07
0.35447 2.64773e-07
0.355125 2.64019e-07
0.35578 2.62855e-07
0.356437 2.62236e-07
0.357095 2.60993e-07
0.357755 2.60443e-07
0.358416 2.59202e-07
0.359077 2.58644e-07
0.35974 2.57416e-07
0.360405 2.5685e-07
0.36107 2.55643e-07
0.361737 2.55086e-07
0.362405 2.53952e-07
0.363074 2.53389e-07
0.363745 2.52306e-07
0.364416 2.51729e-07
0.365089 2.50654e-07
0.365763 2.50052e-07
0.366439 2.48985e-07
0.367116 2.48372e-07
0.367793 2.47302e-07
0.368473 2.46677e-07
0.369153 2.45626e-07
0.369835 2.4498e-07
0.370518 2.4395e-07
0.371202 2.43287e-07
0.371887 2.42282e-07
0.372574 2.41626e-07
0.373262 2.40676e-07
0.373951 2.39996e-07
0.374642 2.3908e-07
0.375334 2.38368e-07
0.376027 2.37473e-07
0.376721 2.36731e-07
0.377417 2.35847e-07
0.378114 2.35077e-07
0.378812 2.34221e-07
0.379511 2.3341e-07
0.380212 2.32587e-07
0.380914 2.31732e-07
0.381618 2.30952e-07
0.382322 2.30044e-07
0.383028 2.29336e-07
0.383736 2.28403e-07
0.384444 2.27788e-07
0.385154 2.26744e-07
0.385866 2.26282e-07
0.386578 2.25237e-07
0.387292 2.2476e-07
0.388007 2.23719e-07
0.388724 2.23227e-07
0.389441 2.22196e-07
0.390161 2.21685e-07
0.390881 2.20662e-07
0.391603 2.20139e-07
0.392326 2.19119e-07
0.39305 2.18597e-07
0.393776 2.17593e-07
0.394503 2.17072e-07
0.395232 2.16119e-07
0.395962 2.1559e-07
0.396693 2.14677e-07
0.397425 2.14126e-07
0.398159 2.13216e-07
0.398895 2.12651e-07
0.399631 2.11756e-07
0.400369 2.1117e-07
0.401108 2.10288e-07
0.401849 2.09682e-07
0.402591 2.08806e-07
0.403335 2.08189e-07
0.404079 2.07334e-07
0.404826 2.06704e-07
0.405573 2.05881e-07
0.406322 2.05254e-07
0.407072 2.04485e-07
0.407824 2.03855e-07
0.408577 2.03126e-07
0.409332 2.02465e-07
0.410088 2.0176e-07
0.410845 2.01059e-07
0.411604 2.00388e-07
0.412364 1.99642e-07
0.413125 1.99004e-07
0.413888 1.98209e-07
0.414652 1.97618e-07
0.415418 1.9673e-07
0.416185 1.96228e-07
0.416954 1.95268e-07
0.417723 1.94845e-07
0.418495 1.93927e-07
0.419268 1.93515e-07
0.420042 1.92638e-07
0.420818 1.92215e-07
0.421595 1.91349e-07
0.422373 1.90907e-07
0.423153 1.90046e-07
0.423934 1.89594e-07
0.424717 1.88738e-07
0.425502 1.88278e-07
0.426287 1.87432e-07
0.427075 1.8696e-07
0.427863 1.86125e-07
0.428653 1.85645e-07
0.429445 1.8482e-07
0.430238 1.84338e-07
0.431032 1.8355e-07
0.431828 1.8307e-07
0.432626 1.82323e-07
0.433425 1.81827e-07
0.434225 1.81079e-07
0.435027 1.80569e-07
0.43583 1.79835e-07
0.436635 1.79299e-07
0.437441 1.78579e-07
0.438249 1.7802e-07
0.439058 1.77316e-07
0.439869 1.76741e-07
0.440681 1.76049e-07
0.441495 1.75462e-07
0.44231 1.74803e-07
0.443127 1.74202e-07
0.443945 1.73594e-07
0.444765 1.72983e-07
0.445586 1.72414e-07
0.446409 1.71763e-07
0.447234 1.71229e-07
0.448059 1.70519e-07
0.448887 1.70032e-07
0.449716 1.69205e-07
0.450546 1.6883e-07
0.451378 1.68008e-07
0.452212 1.67627e-07
0.453047 1.66812e-07
0.453883 1.66426e-07
0.454722 1.65626e-07
0.455561 1.65241e-07
0.456402 1.6447e-07
0.457245 1.6408e-07
0.45809 1.63346e-07
0.458935 1.62951e-07
0.459783 1.62219e-07
0.460632 1.61814e-07
0.461483 1.6109e-07
0.462335 1.60674e-07
0.463189 1.59957e-07
0.464044 1.59528e-07
0.464901 1.58816e-07
0.465759 1.5838e-07
0.466619 1.57679e-07
0.467481 1.57234e-07
0.468344 1.56553e-07
0.469209 1.56106e-07
0.470076 1.55457e-07
0.470944 1.55016e-07
0.471813 1.54416e-07
0.472684 1.53959e-07
0.473557 1.53366e-07
0.474432 1.52889e-07
0.475308 1.52303e-07
0.476186 1.51808e-07
0.477065 1.51233e-07
0.477946 1.50718e-07
0.478828 1.50163e-07
0.479713 1.4961e-07
0.480598 1.49076e-07
0.481486 1.48494e-07
0.482375 1.4799e-07
0.483266 1.47386e-07
0.484158 1.46927e-07
0.485052 1.46292e-07
0.485948 1.45893e-07
0.486845 1.45191e-07
0.487744 1.44843e-07
0.488645 1.44149e-07
0.489547 1.43793e-07
0.490451 1.43092e-07
0.491357 1.42735e-07
0.492264 1.42044e-07
0.493173 1.41676e-07
0.494084 1.40995e-07
0.494996 1.40629e-07
0.495911 1.39959e-07
0.496826 1.39597e-07
0.497744 1.38955e-07
0.498663 1.38597e-07
0.499584 1.37985e-07
0.500506 1.3762e-07
0.50143 1.3701e-07
0.502356 1.36635e-07
0.503284 1.36035e-07
0.504213 1.35649e-07
0.505144 1.35059e-07
0.506077 1.34663e-07
0.507012 1.34081e-07
0.507948 1.33673e-07
0.508886 1.331e-07
0.509826 1.3268e-07
0.510767 1.32124e-07
0.51171 1.31696e-07
0.512655 1.31168e-07
0.513602 1.30754e-07
0.51455 1.30257e-07
0.515501 1.29823e-07
0.516453 1.2934e-07
0.517406 1.28886e-07
0.518362 1.28414e-07
0.519319 1.27939e-07
0.520278 1.27487e-07
0.521239 1.2698e-07
0.522201 1.26554e-07
0.523165 1.2601e-07
0.524131 1.25613e-07
0.525099 1.24978e-07
0.526069 1.24685e-07
0.52704 1.24064e-07
0.528014 1.23774e-07
0.528989 1.23176e-07
0.529966 1.22874e-07
0.530944 1.22282e-07
0.531925 1.21975e-07
0.532907 1.21387e-07
0.533891 1.21076e-07
0.534877 1.20487e-07
0.535865 1.20166e-07
0.536854 1.19587e-07
0.537845 1.19262e-07
0.538839 1.18685e-07
0.539834 1.18354e-07
0.54083 1.17792e-07
0.541829 1.17459e-07
0.54283 1.16917e-07
0.543832 1.16593e-07
0.544836 1.16088e-07
0.545842 1.15756e-07
0.54685 1.15257e-07
0.54786 1.14907e-07
0.548872 1.14416e-07
0.549885 1.14057e-07
0.550901 1.1357e-07
0.551918 1.13198e-07
0.552937 1.12722e-07
0.553958 1.12333e-07
0.554981 1.11869e-07
0.556006 1.11474e-07
0.557033 1.11022e-07
0.558061 1.10624e-07
0.559092 1.10196e-07
0.560124 1.098e-07
0.561159 1.0941e-07
0.562195 1.08994e-07
0.563233 1.08621e-07
0.564273 1.08182e-07
0.565315 1.07831e-07
0.566359 1.07353e-07
0.567405 1.07044e-07
0.568453 1.06515e-07
0.569502 1.06254e-07
0.570554 1.05733e-07
0.571608 1.05469e-07
0.572663 1.04948e-07
0.573721 1.0469e-07
0.57478 1.04187e-07
0.575842 1.03929e-07
0.576905 1.03447e-07
0.57797 1.03185e-07
0.579037 1.02702e-07
0.580107 1.02433e-07
0.581178 1.01952e-07
0.582251 1.01671e-07
0.583326 1.01189e-07
0.584404 1.00906e-07
0.585483 1.00423e-07
0.586564 1.0013e-07
0.587647 9.96531e-08
0.588732 9.93478e-08
0.589819 9.88798e-08
0.590908 9.85711e-08
0.592 9.81158e-08
0.593093 9.78021e-08
0.594188 9.7377e-08
0.595285 9.70566e-08
0.596385 9.66405e-08
0.597486 9.63071e-08
0.598589 9.58972e-08
0.599694 9.55543e-08
0.600802 9.51507e-08
0.601911 9.4798e-08
0.603023 9.44068e-08
0.604136 9.40432e-08
0.605252 9.36647e-08
0.60637 9.32823e-08
0.607489 9.29255e-08
0.608611 9.25325e-08
0.609735 9.22064e-08
0.610861 9.18143e-08
0.611989 9.15188e-08
0.613119 9.1067e-08
0.614251 9.0833e-08
0.615386 9.03734e-08
0.616522 9.01421e-08
0.61766 8.96848e-08
0.618801 8.94492e-08
0.619944 8.90001e-08
0.621088 8.87598e-08
0.622235 8.83144e-08
0.623384 8.80712e-08
0.624535 8.7629e-08
0.625689 8.73866e-08
0.626844 8.69599e-08
0.628002 8.67292e-08
0.629161 8.63347e-08
0.630323 8.60942e-08
0.631487 8.57007e-08
0.632653 8.54575e-08
0.633821 8.50658e-08
0.634992 8.48171e-08
0.636164 8.44291e-08
0.637339 8.41717e-08
0.638516 8.37859e-08
0.639695 8.35198e-08
0.640876 8.31423e-08
0.64206 8.2873e-08
0.643246 8.25043e-08
0.644433 8.223e-08
0.645623 8.1873e-08
0.646816 8.15958e-08
0.64801 8.12633e-08
0.649207 8.09785e-08
0.650405 8.06534e-08
0.651606 8.03556e-08
0.65281 8.00373e-08
0.654015 7.97268e-08
0.655223 7.9417e-08
0.656433 7.90938e-08
0.657645 7.8798e-08
0.658859 7.84516e-08
0.660076 7.81712e-08
0.661295 7.77992e-08
0.662516 7.75456e-08
0.66374 7.71294e-08
0.664965 7.69261e-08
0.666193 7.65356e-08
0.667423 7.63284e-08
0.668656 7.59335e-08
0.669891 7.57241e-08
0.671128 7.53337e-08
0.672367 7.51168e-08
0.673608 7.47288e-08
0.674852 7.45066e-08
0.676099 7.41216e-08
0.677347 7.38963e-08
0.678598 7.35158e-08
0.679851 7.32904e-08
0.681106 7.29148e-08
0.682364 7.26891e-08
0.683624 7.2325e-08
0.684887 7.21077e-08
0.686151 7.17679e-08
0.687418 7.15441e-08
0.688688 7.12108e-08
0.689959 7.09811e-08
0.691233 7.06503e-08
0.69251 7.04134e-08
0.693789 7.00854e-08
0.69507 6.98435e-08
0.696353 6.95242e-08
0.697639 6.92768e-08
0.698928 6.89641e-08
0.700218 6.8711e-08
0.701511 6.84038e-08
0.702807 6.81458e-08
0.704104 6.78527e-08
0.705405 6.75938e-08
0.706707 6.73243e-08
0.708012 6.7054e-08
0.70932 6.67961e-08
0.710629 6.65112e-08
0.711942 6.62642e-08
0.713256 6.59618e-08
0.714574 6.57309e-08
0.715893 6.53909e-08
0.717215 6.51977e-08
0.718539 6.48424e-08
0.719866 6.46622e-08
0.721196 6.43096e-08
0.722527 6.41291e-08
0.723862 6.37816e-08
0.725198 6.36065e-08
0.726537 6.32851e-08
0.727879 6.31059e-08
0.729223 6.27852e-08
0.73057 6.26021e-08
0.731919 6.22846e-08
0.73327 6.20972e-08
0.734624 6.17846e-08
0.735981 6.15913e-08
0.73734 6.12791e-08
0.738702 6.10841e-08
0.740066 6.07754e-08
0.741432 6.05774e-08
0.742801 6.02758e-08
0.744173 6.00753e-08
0.745547 5.97791e-08
0.746924 5.95804e-08
0.748303 5.9305e-08
0.749685 5.91021e-08
0.75107 5.88329e-08
0.752456 5.86209e-08
0.753846 5.83549e-08
0.755238 5.81357e-08
0.756633 5.78733e-08
0.75803 5.76478e-08
0.75943 5.73892e-08
0.760832 5.71563e-08
0.762237 5.69019e-08
0.763644 5.66574e-08
0.765055 5.64158e-08
0.766467 5.61636e-08
0.767883 5.59368e-08
0.769301 5.56819e-08
0.770721 5.54748e-08
0.772145 5.52069e-08
0.77357 5.50176e-08
0.774999 5.47122e-08
0.77643 5.45573e-08
0.777864 5.42554e-08
0.7793 5.40965e-08
0.780739 5.37962e-08
0.782181 5.36349e-08
0.783625 5.33383e-08
0.785072 5.31741e-08
0.786522 5.28803e-08
0.787974 5.27171e-08
0.78943 5.24277e-08
0.790887 5.22668e-08
0.792348 5.19987e-08
0.793811 5.1837e-08
0.795277 5.15719e-08
0.796745 5.14038e-08
0.798217 5.11408e-08
0.799691 5.09689e-08
0.801167 5.07071e-08
0.802647 5.05321e-08
0.804129 5.0275e-08
0.805614 5.0095e-08
0.807101 4.98419e-08
0.808592 4.96573e-08
0.810085 4.94081e-08
0.811581 4.92259e-08
0.81308 4.89816e-08
0.814581 4.88005e-08
0.816085 4.85726e-08
0.817592 4.83865e-08
0.819102 4.81631e-08
0.820615 4.79698e-08
0.82213 4.77538e-08
0.823648 4.75534e-08
0.825169 4.73407e-08
0.826693 4.71324e-08
0.828219 4.69287e-08
0.829749 4.67094e-08
0.831281 4.65162e-08
0.832816 4.62824e-08
0.834354 4.61018e-08
0.835895 4.58453e-08
0.837438 4.56959e-08
0.838985 4.54373e-08
0.840534 4.5303e-08
0.842086 4.50477e-08
0.843641 4.49121e-08
0.845199 4.46579e-08
0.84676 4.45196e-08
0.848323 4.42677e-08
0.84989 4.41251e-08
0.851459 4.38736e-08
0.853031 4.37292e-08
0.854607 4.34821e-08
0.856185 4.3338e-08
0.857766 4.30952e-08
0.85935 4.29479e-08
0.860937 4.27114e-08
0.862526 4.25695e-08
0.864119 4.23446e-08
0.865715 4.22006e-08
0.867313 4.1983e-08
0.868915 4.18344e-08
0.87052 4.16195e-08
0.872127 4.14661e-08
0.873738 4.12523e-08
0.875351 4.10966e-08
0.876967 4.08882e-08
0.878587 4.07274e-08
0.880209 4.05223e-08
0.881835 4.03581e-08
0.883463 4.01597e-08
0.885094 3.9991e-08
0.886729 3.98004e-08
0.888366 3.96379e-08
0.890007 3.94609e-08
0.89165 3.92943e-08
0.893297 3.91247e-08
0.894946 3.89504e-08
0.896599 3.87882e-08
0.898255 3.86034e-08
0.899913 3.84495e-08
0.901575 3.82524e-08
0.90324 3.81105e-08
0.904908 3.78842e-08
0.906579 3.77688e-08
0.908253 3.75438e-08
0.90993 3.74262e-08
0.911611 3.7203e-08
0.913294 3.70858e-08
0.91498 3.68706e-08
0.91667 3.6749e-08
0.918363 3.65377e-08
0.920059 3.64132e-08
0.921758 3.62014e-08
0.92346 3.60758e-08
0.925165 3.58649e-08
0.926873 3.57366e-08
0.928585 3.55275e-08
0.9303 3.53961e-08
0.932018 3.51906e-08
0.933739 3.50561e-08
0.935463 3.48521e-08
0.93719 3.47178e-08
0.938921 3.45197e-08
0.940655 3.43862e-08
0.942392 3.42011e-08
0.944132 3.40658e-08
0.945875 3.38859e-08
0.947622 3.37483e-08
0.949372 3.35711e-08
0.951125 3.34302e-08
0.952881 3.32566e-08
0.954641 3.31134e-08
0.956404 3.29447e-08
0.95817 3.27972e-08
0.959939 3.26329e-08
0.961712 3.24826e-08
0.963488 3.23237e-08
0.965267 3.21691e-08
0.967049 3.20221e-08
0.968835 3.18686e-08
0.970624 3.17333e-08
0.972417 3.15747e-08
0.974212 3.145e-08
0.976011 3.12755e-08
0.977814 3.11652e-08
0.979619 3.0976e-08
0.981428 3.08771e-08
0.983241 3.06878e-08
0.985056 3.05882e-08
0.986875 3.03986e-08
0.988698 3.02973e-08
0.990523 3.01112e-08
0.992352 3.00083e-08
0.994185 2.98249e-08
0.996021 2.9722e-08
0.99786 2.95487e-08
0.999703 2.94452e-08
1.00155 2.92775e-08
1.0034 2.91702e-08
1.00525 2.90047e-08
1.00711 2.88957e-08
1.00897 2.87302e-08
1.01083 2.86177e-08
1.0127 2.8455e-08
1.01457 2.83411e-08
1.01644 2.81809e-08
1.01832 2.80656e-08
1.0202 2.79082e-08
1.02208 2.77907e-08
1.02397 2.76391e-08
1.02586 2.75227e-08
1.02775 2.73762e-08
1.02965 2.72588e-08
1.03155 2.71159e-08
1.03346 2.69953e-08
1.03537 2.68535e-08
1.03728 2.67294e-08
1.03919 2.65913e-08
1.04111 2.64614e-08
1.04304 2.63274e-08
1.04496 2.61907e-08
1.04689 2.60622e-08
1.04882 2.59181e-08
1.05076 2.57974e-08
1.0527 2.56438e-08
1.05465 2.55342e-08
1.05659 2.53664e-08
1.05854 2.52821e-08
1.0605 2.51219e-08
1.06246 2.50359e-08
1.06442 2.4876e-08
1.06638 2.47883e-08
1.06835 2.46302e-08
1.07033 2.45416e-08
1.0723 2.4385e-08
1.07428 2.42941e-08
1.07627 2.41398e-08
1.07825 2.40492e-08
1.08025 2.38962e-08
1.08224 2.38062e-08
1.08424 2.36555e-08
1.08624 2.35653e-08
1.08825 2.34248e-08
1.09026 2.33334e-08
1.09227 2.31986e-08
1.09429 2.31066e-08
1.09631 2.29728e-08
1.09833 2.28789e-08
1.10036 2.27469e-08
1.10239 2.265e-08
1.10443 2.25196e-08
1.10647 2.24218e-08
1.10851 2.22933e-08
1.11056 2.21924e-08
1.11261 2.2067e-08
1.11466 2.19641e-08
1.11672 2.18429e-08
1.11878 2.17386e-08
1.12085 2.16224e-08
1.12292 2.15161e-08
1.12499 2.14047e-08
1.12707 2.12915e-08
1.12915 2.11841e-08
1.13124 2.10658e-08
1.13333 2.09628e-08
1.13542 2.0839e-08
1.13751 2.07411e-08
1.13962 2.06073e-08
1.14172 2.05196e-08
1.14383 2.03733e-08
1.14594 2.02983e-08
1.14806 2.01543e-08
1.15018 2.00809e-08
1.1523 1.99436e-08
1.15443 1.98714e-08
1.15656 1.97433e-08
1.1587 1.96685e-08
1.16083 1.95407e-08
1.16298 1.94655e-08
1.16513 1.93381e-08
1.16728 1.92613e-08
1.16943 1.91354e-08
1.17159 1.90577e-08
1.17376 1.89335e-08
1.17592 1.88561e-08
1.1781 1.87344e-08
1.18027 1.86572e-08
1.18245 1.85392e-08
1.18463 1.84636e-08
1.18682 1.8352e-08
1.18901 1.82767e-08
1.19121 1.81709e-08
1.19341 1.8093e-08
1.19561 1.79881e-08
1.19782 1.79081e-08
1.20003 1.78052e-08
1.20225 1.77227e-08
1.20447 1.76211e-08
1.20669 1.75359e-08
1.20892 1.7436e-08
1.21115 1.73477e-08
1.21339 1.72501e-08
1.21563 1.71584e-08
1.21787 1.70647e-08
1.22012 1.69714e-08
1.22238 1.68845e-08
1.22463 1.67877e-08
1.2269 1.6707e-08
1.22916 1.66043e-08
1.23143 1.65281e-08
1.2337 1.64096e-08
1.23598 1.63489e-08
1.23826 1.6231e-08
1.24055 1.61694e-08
1.24284 1.60524e-08
1.24514 1.59892e-08
1.24744 1.58743e-08
1.24974 1.58114e-08
1.25205 1.5699e-08
1.25436 1.56376e-08
1.25668 1.55292e-08
1.259 1.54684e-08
1.26132 1.53645e-08
1.26365 1.53032e-08
1.26598 1.51994e-08
1.26832 1.51358e-08
1.27066 1.50338e-08
1.27301 1.4969e-08
1.27536 1.48674e-08
1.27772 1.48021e-08
1.28008 1.47014e-08
1.28244 1.46347e-08
1.28481 1.45352e-08
1.28718 1.44655e-08
1.28956 1.43682e-08
1.29194 1.4298e-08
1.29432 1.4204e-08
1.29671 1.41334e-08
1.29911 1.40463e-08
1.30151 1.39731e-08
1.30391 1.38877e-08
1.30632 1.38129e-08
1.30873 1.37299e-08
1.31115 1.36526e-08
1.31357 1.35716e-08
1.31599 1.34921e-08
1.31842 1.34139e-08
1.32086 1.33318e-08
1.3233 1.3258e-08
1.32574 1.31731e-08
1.32819 1.31057e-08
1.33064 1.30178e-08
1.3331 1.296e-08
1.33556 1.28668e-08
1.33803 1.28184e-08
1.3405 1.2726e-08
1.34297 1.26766e-08
1.34545 1.25838e-08
1.34794 1.25341e-08
1.35043 1.24418e-08
1.35292 1.23902e-08
1.35542 1.22992e-08
1.35792 1.22471e-08
1.36043 1.21568e-08
1.36294 1.21041e-08
1.36546 1.20154e-08
1.36798 1.19627e-08
1.37051 1.18774e-08
1.37304 1.18263e-08
1.37557 1.17441e-08
1.37811 1.16917e-08
1.38066 1.16104e-08
1.38321 1.15561e-08
1.38576 1.14756e-08
1.38832 1.14203e-08
1.39088 1.13411e-08
1.39345 1.12835e-08
1.39603 1.12052e-08
1.3986 1.11465e-08
1.40119 1.10702e-08
1.40377 1.10107e-08
1.40637 1.09368e-08
1.40896 1.08771e-08
1.41157 1.08069e-08
1.41417 1.07471e-08
1.41678 1.0682e-08
1.4194 1.06201e-08
1.42202 1.05564e-08
1.42465 1.04915e-08
1.42728 1.04305e-08
1.42991 1.03621e-08
1.43255 1.03044e-08
1.4352 1.02324e-08
1.43785 1.01789e-08
1.4405 1.00982e-08
1.44316 1.0055e-08
1.44583 9.97307e-09
1.4485 9.93207e-09
1.45117 9.85306e-09
1.45385 9.81284e-09
1.45654 9.74064e-09
1.45923 9.69964e-09
1.46192 9.628e-09
1.46462 9.58675e-09
1.46733 9.51511e-09
1.47004 9.4731e-09
1.47275 9.40216e-09
1.47547 9.35943e-09
1.47819 9.28952e-09
1.48092 9.24542e-09
1.48366 9.1761e-09
1.4864 9.13203e-09
1.48914 9.06403e-09
1.49189 9.02027e-09
1.49465 8.95456e-09
1.49741 8.91101e-09
1.50017 8.84657e-09
1.50294 8.80161e-09
1.50572 8.73805e-09
1.5085 8.6918e-09
1.51129 8.62902e-09
1.51408 8.58143e-09
1.51687 8.51982e-09
1.51967 8.47051e-09
1.52248 8.40988e-09
1.52529 8.35951e-09
1.52811 8.30129e-09
1.53093 8.24944e-09
1.53376 8.19383e-09
1.53659 8.14182e-09
1.53943 8.09009e-09
1.54227 8.03924e-09
1.54512 7.99281e-09
1.54797 7.93877e-09
1.55083 7.89465e-09
1.55369 7.8365e-09
1.55656 7.79673e-09
1.55944 7.73156e-09
1.56231 7.69866e-09
1.5652 7.63426e-09
1.56809 7.60069e-09
1.57099 7.5358e-09
1.57389 7.50182e-09
1.57679 7.43769e-09
1.5797 7.4035e-09
1.58262 7.34124e-09
1.58554 7.30797e-09
1.58847 7.24955e-09
1.59141 7.21525e-09
1.59434 7.15734e-09
1.59729 7.1226e-09
1.60024 7.065e-09
1.60319 7.02903e-09
1.60615 6.97185e-09
1.60912 6.93531e-09
1.61209 6.87921e-09
1.61507 6.84208e-09
1.61805 6.78737e-09
1.62104 6.75011e-09
1.62403 6.69707e-09
1.62703 6.65973e-09
1.63003 6.60829e-09
1.63304 6.57105e-09
1.63606 6.52316e-09
1.63908 6.48541e-09
1.64211 6.43781e-09
1.64514 6.39854e-09
1.64818 6.35202e-09
1.65122 6.31141e-09
1.65427 6.26646e-09
1.65733 6.22389e-09
1.66039 6.17993e-09
1.66345 6.1358e-09
1.66652 6.09405e-09
1.6696 6.04821e-09
1.67268 6.00923e-09
1.67577 5.96231e-09
1.67887 5.92861e-09
1.68197 5.88107e-09
1.68507 5.85346e-09
1.68819 5.80342e-09
1.6913 5.7778e-09
1.69443 5.72786e-09
1.69756 5.70196e-09
1.70069 5.65236e-09
1.70383 5.626e-09
1.70698 5.57676e-09
1.71013 5.5499e-09
1.71329 5.50147e-09
1.71645 5.47441e-09
1.71962 5.4267e-09
1.7228 5.39971e-09
1.72598 5.35324e-09
1.72916 5.32631e-09
1.73236 5.28285e-09
1.73556 5.25542e-09
1.73876 5.21219e-09
1.74197 5.18431e-09
1.74519 5.14165e-09
1.74841 5.11305e-09
1.75164 5.07102e-09
1.75487 5.04171e-09
1.75812 5.00026e-09
1.76136 4.97054e-09
1.76461 4.9302e-09
1.76787 4.89968e-09
1.77114 4.86044e-09
1.77441 4.82985e-09
1.77768 4.79283e-09
1.78097 4.76325e-09
1.78426 4.72874e-09
1.78755 4.69815e-09
1.79085 4.66431e-09
1.79416 4.63224e-09
1.79747 4.59991e-09
1.80079 4.56616e-09
1.80412 4.53495e-09
1.80745 4.49921e-09
1.81079 4.46997e-09
1.81413 4.43175e-09
1.81748 4.40558e-09
1.82084 4.36195e-09
1.8242 4.34138e-09
1.82757 4.2991e-09
1.83094 4.27936e-09
1.83432 4.24023e-09
1.83771 4.22008e-09
1.8411 4.18113e-09
1.8445 4.16042e-09
1.84791 4.12158e-09
1.85132 4.10068e-09
1.85474 4.06209e-09
1.85816 4.04053e-09
1.8616 4.00252e-09
1.86503 3.98074e-09
1.86848 3.94281e-09
1.87193 3.92052e-09
1.87538 3.8837e-09
1.87885 3.8616e-09
1.88232 3.82533e-09
1.88579 3.80322e-09
1.88928 3.77087e-09
1.89276 3.74803e-09
1.89626 3.71602e-09
1.89976 3.69251e-09
1.90327 3.6608e-09
1.90678 3.63694e-09
1.9103 3.60569e-09
1.91383 3.58103e-09
1.91737 3.55045e-09
1.92091 3.5252e-09
1.92445 3.49534e-09
1.92801 3.46911e-09
1.93157 3.44046e-09
1.93514 3.41365e-09
1.93871 3.38669e-09
1.94229 3.3613e-09
1.94588 3.3366e-09
1.94947 3.30982e-09
1.95307 3.28632e-09
1.95667 3.25784e-09
1.96029 3.23592e-09
1.96391 3.20425e-09
1.96753 3.18548e-09
1.97117 3.15185e-09
1.97481 3.13519e-09
1.97845 3.10193e-09
1.98211 3.08547e-09
1.98577 3.05288e-09
1.98943 3.03667e-09
1.99311 3.00516e-09
1.99679 2.98999e-09
2.00048 2.96135e-09
2.00417 2.94572e-09
2.00787 2.91754e-09
2.01158 2.90163e-09
2.01529 2.87356e-09
2.01902 2.85702e-09
2.02274 2.82928e-09
2.02648 2.81259e-09
2.03022 2.7848e-09
2.03397 2.76763e-09
2.03773 2.74037e-09
2.04149 2.7228e-09
2.04526 2.69614e-09
2.04904 2.67851e-09
2.05282 2.65278e-09
2.05661 2.63591e-09
2.06041 2.61277e-09
2.06421 2.59533e-09
2.06802 2.57255e-09
2.07184 2.5546e-09
2.07567 2.53245e-09
2.0795 2.51368e-09
2.08334 2.49212e-09
2.08719 2.47287e-09
2.09104 2.45208e-09
2.0949 2.43217e-09
2.09877 2.41233e-09
2.10265 2.39185e-09
2.10653 2.37323e-09
2.11042 2.35188e-09
2.11432 2.335e-09
2.11822 2.3139e-09
2.12213 2.29941e-09
2.12605 2.27511e-09
2.12998 2.26372e-09
2.13391 2.23952e-09
2.13785 2.22782e-09
2.1418 2.20378e-09
2.14576 2.19186e-09
2.14972 2.1679e-09
2.15369 2.15566e-09
2.15766 2.13198e-09
2.16165 2.11951e-09
2.16564 2.09603e-09
2.16964 2.08365e-09
2.17365 2.06059e-09
2.17766 2.04836e-09
2.18168 2.02703e-09
2.18571 2.01445e-09
2.18975 1.99357e-09
2.19379 1.98053e-09
2.19784 1.95976e-09
2.2019 1.94648e-09
2.20597 1.92608e-09
2.21004 1.9124e-09
2.21412 1.8923e-09
2.21821 1.87823e-09
2.2223 1.85842e-09
2.22641 1.84405e-09
2.23052 1.82492e-09
2.23464 1.8104e-09
2.23876 1.79223e-09
2.2429 1.7787e-09
2.24704 1.76224e-09
2.25119 1.74836e-09
2.25535 1.73238e-09
2.25951 1.71795e-09
2.26368 1.70248e-09
2.26786 1.68741e-09
2.27205 1.67271e-09
2.27625 1.6568e-09
2.28045 1.64294e-09
2.28466 1.6261e-09
2.28888 1.61341e-09
2.29311 1.59485e-09
2.29734 1.58423e-09
2.30158 1.56433e-09
2.30583 1.55605e-09
2.31009 1.53852e-09
2.31436 1.53024e-09
2.31863 1.51307e-09
2.32291 1.5046e-09
2.3272 1.48758e-09
2.3315 1.47886e-09
2.33581 1.46192e-09
2.34012 1.45302e-09
2.34444 1.4362e-09
2.34877 1.42718e-09
2.35311 1.41064e-09
2.35745 1.40146e-09
2.36181 1.38522e-09
2.36617 1.37597e-09
2.37054 1.36008e-09
2.37491 1.35107e-09
2.3793 1.33628e-09
2.38369 1.32716e-09
2.38809 1.31273e-09
2.3925 1.30334e-09
2.39692 1.28902e-09
2.40135 1.27929e-09
2.40578 1.26522e-09
2.41023 1.25513e-09
2.41468 1.24133e-09
2.41914 1.23087e-09
2.4236 1.21742e-09
2.42808 1.20671e-09
2.43256 1.19376e-09
2.43705 1.18287e-09
2.44155 1.17067e-09
2.44606 1.16008e-09
2.45058 1.14943e-09
2.4551 1.13853e-09
2.45964 1.12867e-09
2.46418 1.11719e-09
2.46873 1.10783e-09
2.47329 1.09549e-09
2.47786 1.08699e-09
2.48243 1.07275e-09
2.48702 1.06619e-09
2.49161 1.05215e-09
2.49621 1.04561e-09
2.50082 1.03179e-09
2.50544 1.02525e-09
2.51006 1.01198e-09
2.5147 1.00603e-09
2.51934 9.939e-10
2.52399 9.87933e-10
2.52866 9.76211e-10
2.53333 9.70138e-10
2.538 9.58431e-10
2.54269 9.52258e-10
2.54739 9.40594e-10
2.55209 9.34198e-10
2.5568 9.22771e-10
2.56152 9.16128e-10
2.56625 9.04852e-10
2.57099 8.98132e-10
2.57574 8.86969e-10
2.5805 8.80133e-10
2.58526 8.69291e-10
2.59004 8.62616e-10
2.59482 8.52662e-10
2.59961 8.45966e-10
2.60441 8.36384e-10
2.60922 8.29397e-10
2.61404 8.20042e-10
2.61886 8.12752e-10
2.6237 8.03602e-10
2.62855 7.96041e-10
2.6334 7.87153e-10
2.63826 7.7938e-10
2.64313 7.70926e-10
2.64801 7.62771e-10
2.6529 7.54827e-10
2.6578 7.46467e-10
2.66271 7.39169e-10
2.66763 7.30749e-10
2.67255 7.24347e-10
2.67749 7.15306e-10
2.68243 7.09878e-10
2.68739 6.99747e-10
2.69235 6.95291e-10
2.69732 6.8526e-10
2.7023 6.80692e-10
2.70729 6.70658e-10
2.71229 6.65991e-10
2.7173 6.5611e-10
2.72232 6.51316e-10
2.72735 6.4158e-10
2.73238 6.36848e-10
2.73743 6.2739e-10
2.74248 6.2299e-10
2.74755 6.14643e-10
2.75262 6.10285e-10
2.7577 6.02508e-10
2.7628 5.98036e-10
2.7679 5.90341e-10
2.77301 5.85771e-10
2.77813 5.78167e-10
2.78326 5.7342e-10
2.7884 5.65936e-10
2.79355 5.61134e-10
2.79871 5.53841e-10
2.80387 5.4889e-10
2.80905 5.41819e-10
2.81424 5.36912e-10
2.81944 5.30215e-10
2.82464 5.25504e-10
2.82986 5.19373e-10
2.83508 5.14608e-10
2.84032 5.08823e-10
2.84556 5.03848e-10
2.85082 4.98201e-10
2.85608 4.92957e-10
2.86136 4.87529e-10
2.86664 4.82023e-10
2.87193 4.76887e-10
2.87724 4.70995e-10
2.88255 4.66249e-10
2.88787 4.59916e-10
2.89321 4.5569e-10
2.89855 4.48195e-10
2.9039 4.45369e-10
2.90926 4.38587e-10
2.91464 4.35792e-10
2.92002 4.29422e-10
2.92541 4.26509e-10
2.93081 4.20225e-10
2.93623 4.17238e-10
2.94165 4.1099e-10
2.94708 4.07958e-10
2.95252 4.01731e-10
2.95797 3.98592e-10
2.96344 3.92469e-10
2.96891 3.89302e-10
2.97439 3.83241e-10
2.97988 3.80022e-10
2.98539 3.74184e-10
2.9909 3.71168e-10
2.99642 3.6588e-10
3.00195 3.62939e-10
3.0075 3.57978e-10
3.01305 3.54964e-10
3.01862 3.50057e-10
3.02419 3.46927e-10
3.02977 3.42127e-10
3.03537 3.3888e-10
3.04097 3.34173e-10
3.04659 3.30839e-10
3.05222 3.26298e-10
3.05785 3.22853e-10
3.0635 3.18478e-10
3.06916 3.15024e-10
3.07482 3.10934e-10
3.0805 3.07547e-10
3.08619 3.03845e-10
3.09189 3.00438e-10
3.0976 2.97016e-10
3.10332 2.93409e-10
3.10905 2.90208e-10
3.11479 2.86313e-10
3.12054 2.83342e-10
3.1263 2.79053e-10
3.13208 2.76478e-10
3.13786 2.71606e-10
3.14365 2.69618e-10
3.14946 2.64801e-10
3.15528 2.6282e-10
3.1611 2.58104e-10
3.16694 2.56245e-10
3.17279 2.52008e-10
3.17865 2.50199e-10
3.18452 2.46319e-10
3.1904 2.44443e-10
3.19629 2.40606e-10
3.20219 2.38677e-10
3.2081 2.34861e-10
3.21403 2.32865e-10
3.21996 2.29099e-10
3.22591 2.27081e-10
3.23187 2.23342e-10
3.23783 2.21277e-10
3.24381 2.17637e-10
3.2498 2.15542e-10
3.2558 2.12039e-10
3.26182 2.10052e-10
3.26784 2.06856e-10
3.27387 2.04916e-10
3.27992 2.01932e-10
3.28598 1.99905e-10
3.29204 1.96992e-10
3.29812 1.94889e-10
3.30421 1.92046e-10
3.31031 1.89867e-10
3.31643 1.8708e-10
3.32255 1.84807e-10
3.32869 1.82144e-10
3.33483 1.79793e-10
3.34099 1.77263e-10
3.34716 1.74815e-10
3.35334 1.72513e-10
3.35953 1.70093e-10
3.36574 1.68145e-10
3.37195 1.65726e-10
3.37818 1.64061e-10
3.38442 1.61267e-10
3.39067 1.59991e-10
3.39693 1.57082e-10
3.4032 1.5589e-10
3.40949 1.52992e-10
3.41578 1.51767e-10
3.42209 1.48926e-10
3.42841 1.47677e-10
3.43474 1.44876e-10
3.44108 1.43633e-10
3.44744 1.40895e-10
3.4538 1.39715e-10
3.46018 1.37215e-10
3.46657 1.36081e-10
3.47297 1.33827e-10
3.47939 1.32649e-10
3.48581 1.304e-10
3.49225 1.29199e-10
3.4987 1.26974e-10
3.50516 1.25728e-10
3.51163 1.23542e-10
3.51811 1.22255e-10
3.52461 1.20107e-10
3.53112 1.18797e-10
3.53764 1.16717e-10
3.54417 1.15401e-10
3.55072 1.13403e-10
3.55727 1.12122e-10
3.56384 1.10299e-10
3.57042 1.09041e-10
3.57702 1.07349e-10
3.58362 1.06031e-10
3.59024 1.04402e-10
3.59687 1.03008e-10
3.60351 1.01433e-10
3.61017 9.99687e-11
3.61683 9.84674e-11
3.62351 9.69039e-11
3.6302 9.5496e-11
3.63691 9.38173e-11
3.64362 9.25387e-11
3.65035 9.07049e-11
3.65709 8.96559e-11
3.66384 8.77216e-11
3.67061 8.70509e-11
3.67739 8.54114e-11
3.68418 8.47186e-11
3.69098 8.3082e-11
3.6978 8.23736e-11
3.70463 8.07435e-11
3.71147 8.00273e-11
3.71832 7.84103e-11
3.72519 7.7674e-11
3.73207 7.60773e-11
3.73896 7.53247e-11
3.74586 7.37657e-11
3.75278 7.3017e-11
3.75971 7.15061e-11
3.76665 7.07941e-11
3.77361 6.94303e-11
3.78058 6.87608e-11
3.78756 6.75695e-11
3.79455 6.68737e-11
3.80156 6.56993e-11
3.80858 6.49774e-11
3.81561 6.38211e-11
3.82266 6.30773e-11
3.82972 6.19408e-11
3.83679 6.11697e-11
3.84387 6.00616e-11
3.85097 5.92797e-11
3.85808 5.82049e-11
3.86521 5.73994e-11
3.87234 5.63911e-11
3.87949 5.56042e-11
3.88666 5.46976e-11
3.89384 5.39363e-11
3.90103 5.31121e-11
3.90823 5.23055e-11
3.91545 5.1524e-11
3.92268 5.06536e-11
3.92992 4.99335e-11
3.93718 4.8987e-11
3.94445 4.83345e-11
3.95173 4.72415e-11
3.95903 4.6743e-11
3.96634 4.55791e-11
3.97366 4.51602e-11
3.981 4.40183e-11
3.98835 4.36209e-11
3.99572 4.25888e-11
4.0031 4.22293e-11
4.01049 4.13667e-11
4.01789 4.0995e-11
4.02531 4.01429e-11
4.03275 3.97596e-11
4.04019 3.89139e-11
4.04765 3.85202e-11
4.05513 3.76845e-11
4.06262 3.72779e-11
4.07012 3.64547e-11
4.07763 3.60398e-11
4.08516 3.52339e-11
4.09271 3.48226e-11
4.10027 3.40427e-11
4.10784 3.36452e-11
4.11542 3.29359e-11
4.12302 3.25631e-11
4.13064 3.19549e-11
4.13826 3.15709e-11
4.14591 3.09746e-11
4.15356 3.05693e-11
4.16123 2.9986e-11
4.16892 2.95635e-11
4.17661 2.89969e-11
4.18433 2.85582e-11
4.19205 2.80092e-11
4.19979 2.75521e-11
4.20755 2.70273e-11
4.21532 2.65516e-11
4.2231 2.60736e-11
4.2309 2.56004e-11
4.23871 2.51866e-11
4.24654 2.47415e-11
4.25438 2.43943e-11
4.26224 2.39e-11
4.27011 2.35996e-11
4.278 2.30148e-11
4.2859 2.28004e-11
4.29381 2.22197e-11
4.30174 2.19994e-11
4.30968 2.14249e-11
4.31764 2.12018e-11
4.32561 2.06338e-11
4.3336 2.041e-11
4.3416 1.98539e-11
4.34962 1.96428e-11
4.35765 1.91326e-11
4.3657 1.89455e-11
4.37376 1.85244e-11
4.38184 1.83302e-11
4.38993 1.79122e-11
4.39804 1.77091e-11
4.40616 1.72989e-11
4.41429 1.70887e-11
4.42245 1.6681e-11
4.43061 1.64666e-11
4.43879 1.60677e-11
4.44699 1.58466e-11
4.4552 1.54575e-11
4.46343 1.52335e-11
4.47167 1.48613e-11
4.47993 1.46456e-11
4.4882 1.43082e-11
4.49649 1.41162e-11
4.50479 1.38412e-11
4.51311 1.36407e-11
4.52144 1.33739e-11
4.52979 1.316e-11
4.53816 1.29028e-11
4.54654 1.26782e-11
4.55493 1.24303e-11
4.56335 1.21936e-11
4.57177 1.19613e-11
4.58021 1.17072e-11
4.58867 1.14934e-11
4.59715 1.12219e-11
4.60564 1.10387e-11
4.61414 1.07455e-11
4.62266 1.06209e-11
4.6312 1.0361e-11
4.63975 1.02644e-11
4.64832 1.0005e-11
4.6569 9.90674e-12
4.6655 9.64864e-12
4.67411 9.54695e-12
4.68275 9.29108e-12
4.69139 9.18704e-12
4.70006 8.93349e-12
4.70874 8.82648e-12
4.71743 8.57854e-12
4.72614 8.47155e-12
4.73487 8.22974e-12
4.74361 8.12487e-12
4.75237 7.90107e-12
4.76115 7.81157e-12
4.76994 7.62518e-12
4.77875 7.53156e-12
4.78757 7.34798e-12
4.79641 7.25055e-12
4.80527 7.07012e-12
4.81414 6.96918e-12
4.82303 6.79055e-12
4.83194 6.68545e-12
4.84086 6.51277e-12
4.8498 6.40401e-12
4.85876 6.23558e-12
4.86773 6.12466e-12
4.87672 5.96573e-12
4.88572 5.85544e-12
4.89475 5.71549e-12
4.90378 5.6242e-12
4.91284 5.51549e-12
4.92191 5.41743e-12
4.931 5.31427e-12
4.94011 5.20983e-12
4.94923 5.11202e-12
4.95837 4.99909e-12
4.96752 4.90991e-12
4.9767 4.78435e-12
4.98589 4.70801e-12
4.99509 4.55731e-12
5.00432 4.50775e-12
5.01356 4.35983e-12
5.02282 4.31179e-12
5.03209 4.17237e-12
5.04138 4.13107e-12
5.05069 4.02185e-12
5.06002 3.97858e-12
5.06936 3.87044e-12
5.07873 3.8257e-12
5.0881 3.71807e-12
5.0975 3.67268e-12
5.10691 3.56571e-12
5.11634 3.51849e-12
5.12579 3.41319e-12
5.13526 3.36484e-12
5.14474 3.26166e-12
5.15424 3.21229e-12
5.16376 3.11214e-12
5.17329 3.06459e-12
5.18285 2.9723e-12
5.19242 2.93275e-12
5.202 2.861e-12
5.21161 2.81969e-12
5.22123 2.74884e-12
5.23088 2.70552e-12
5.24054 2.63644e-12
5.25021 2.59145e-12
5.25991 2.5234e-12
5.26962 2.47628e-12
5.27935 2.41132e-12
5.2891 2.36207e-12
5.29887 2.29958e-12
5.30865 2.24857e-12
5.31846 2.19069e-12
5.32828 2.13841e-12
5.33812 2.08831e-12
5.34797 2.04531e-12
5.35785 2.00725e-12
5.36774 1.95999e-12
5.37765 1.92587e-12
5.38758 1.87177e-12
5.39753 1.844e-12
5.4075 1.78281e-12
5.41749 1.762e-12
5.42749 1.70139e-12
5.43751 1.68036e-12
5.44755 1.62022e-12
5.45761 1.59925e-12
5.46769 1.54036e-12
5.47779 1.51987e-12
5.4879 1.46384e-12
5.49804 1.44707e-12
5.50819 1.40573e-12
5.51836 1.38813e-12
5.52855 1.34731e-12
5.53876 1.32907e-12
5.54899 1.28862e-12
5.55923 1.26966e-12
5.5695 1.22983e-12
5.57979 1.21008e-12
5.59009 1.17099e-12
5.60041 1.15075e-12
5.61075 1.11259e-12
5.62111 1.092e-12
5.63149 1.05522e-12
5.64189 1.03485e-12
5.65231 1.00087e-12
5.66275 9.84998e-13
5.67321 9.60201e-13
5.68368 9.43489e-13
5.69418 9.19416e-13
5.70469 9.01852e-13
5.71523 8.78479e-13
5.72578 8.59853e-13
5.73635 8.374e-13
5.74695 8.17748e-13
5.75756 7.96291e-13
5.76819 7.7522e-13
5.77884 7.55555e-13
5.78951 7.33108e-13
5.8002 7.15548e-13
5.81092 6.91415e-13
5.82165 6.78402e-13
5.8324 6.56807e-13
5.84317 6.49761e-13
5.85396 6.28573e-13
5.86477 6.21319e-13
5.8756 6.00247e-13
5.88645 5.92679e-13
5.89732 5.71778e-13
5.90821 5.64029e-13
5.91912 5.43349e-13
5.93005 5.35404e-13
5.941 5.14989e-13
5.95197 5.06956e-13
5.96296 4.87076e-13
5.97397 4.79344e-13
5.985 4.60495e-13
5.99605 4.54307e-13
6.00713 4.40433e-13
6.01822 4.3405e-13
6.02933 4.20669e-13
6.04047 4.14134e-13
6.05162 4.00781e-13
6.06279 3.93908e-13
6.07399 3.80887e-13
6.08521 3.7374e-13
6.09644 3.61049e-13
6.1077 3.53669e-13
6.11898 3.41274e-13
6.13028 3.33701e-13
6.1416 3.2194e-13
6.15294 3.14322e-13
6.1643 3.03629e-13
6.17569 2.97615e-13
6.18709 2.89872e-13
6.19851 2.8373e-13
6.20996 2.76588e-13
6.22143 2.69998e-13
6.23292 2.63151e-13
6.24443 2.56052e-13
6.25596 2.49721e-13
6.26751 2.41927e-13
6.27908 2.36289e-13
6.29068 2.27513e-13
6.30229 2.23011e-13
6.31393 2.1291e-13
6.32559 2.09977e-13
6.33727 2.0029e-13
6.34897 1.97917e-13
6.3607 1.90887e-13
6.37244 1.88536e-13
6.38421 1.81897e-13
6.396 1.79407e-13
6.40781 1.7285e-13
6.41964 1.70297e-13
6.4315 1.63783e-13
6.44338 1.61145e-13
6.45527 1.54667e-13
6.46719 1.51957e-13
6.47914 1.45631e-13
6.4911 1.42872e-13
6.50309 1.3675e-13
6.5151 1.34089e-13
6.52713 1.28338e-13
6.53918 1.26254e-13
6.55126 1.22188e-13
6.56335 1.20151e-13
6.57547 1.16417e-13
6.58761 1.14251e-13
6.59978 1.10584e-13
6.61197 1.08343e-13
6.62418 1.04755e-13
6.63641 1.02402e-13
6.64866 9.89238e-14
6.66094 9.64385e-14
6.67324 9.31411e-14
6.68556 9.05787e-14
6.69791 8.74627e-14
6.71028 8.48556e-14
6.72267 8.21536e-14
6.73508 8.00382e-14
6.74752 7.80455e-14
6.75998 7.59172e-14
6.77246 7.4166e-14
6.78497 7.17934e-14
6.7975 7.02563e-14
6.81005 6.72675e-14
6.82263 6.63421e-14
6.83522 6.33745e-14
6.84785 6.24393e-14
6.86049 5.95051e-14
6.87316 5.8554e-14
6.88585 5.56898e-14
6.89857 5.47666e-14
6.91131 5.20338e-14
6.92407 5.13171e-14
6.93686 4.93482e-14
6.94967 4.86584e-14
6.9625 4.68816e-14
6.97536 4.61591e-14
6.98824 4.44002e-14
7.00114 4.36455e-14
7.01407 4.19121e-14
7.02702 4.11372e-14
7.04 3.94248e-14
7.053 3.86206e-14
7.06602 3.69456e-14
7.07907 3.61252e-14
7.09214 3.45015e-14
7.10524 3.36952e-14
7.11836 3.21939e-14
7.1315 3.15499e-14
7.14467 3.04645e-14
7.15787 2.98502e-14
7.17108 2.88991e-14
7.18433 2.82431e-14
7.19759 2.7314e-14
7.21088 2.66318e-14
7.2242 2.57327e-14
7.23754 2.50018e-14
7.2509 2.41429e-14
7.26429 2.33664e-14
7.27771 2.25612e-14
7.29115 2.17472e-14
7.30461 2.10232e-14
7.3181 2.01533e-14
7.33161 1.95878e-14
7.34515 1.88593e-14
7.35872 1.85015e-14
7.3723 1.77505e-14
7.38592 1.75182e-14
7.39956 1.67683e-14
7.41322 1.65292e-14
7.42691 1.57828e-14
7.44062 1.55365e-14
7.45436 1.47963e-14
7.46813 1.45447e-14
7.48192 1.38132e-14
7.49574 1.35561e-14
7.50958 1.28452e-14
7.52345 1.2595e-14
7.53734 1.19194e-14
7.55126 1.17213e-14
7.5652 1.12372e-14
7.57917 1.10577e-14
7.59317 1.06437e-14
7.60719 1.04549e-14
7.62124 1.0047e-14
7.63531 9.84809e-15
7.64941 9.44597e-15
7.66353 9.24021e-15
7.67769 8.84712e-15
7.69186 8.63302e-15
7.70607 8.2498e-15
7.7203 8.02752e-15
7.73455 7.6622e-15
7.74884 7.44042e-15
7.76315 7.1084e-15
7.77748 6.93121e-15
7.79184 6.68316e-15
7.80623 6.51889e-15
7.82065 6.30927e-15
7.83509 6.13388e-15
7.84956 5.93359e-15
7.86405 5.74333e-15
7.87857 5.55558e-15
7.89312 5.3491e-15
7.9077 5.17662e-15
7.9223 4.94728e-15
7.93693 4.79959e-15
7.95158 4.52427e-15
7.96627 4.43244e-15
7.98098 4.14932e-15
7.99572 4.09105e-15
8.01048 3.88611e-15
8.02527 3.83433e-15
8.04009 3.66722e-15
8.05494 3.61284e-15
8.06981 3.44685e-15
8.08472 3.39031e-15
8.09965 3.22544e-15
8.1146 3.16664e-15
8.12959 3.00292e-15
8.1446 2.94149e-15
8.15964 2.78124e-15
8.17471 2.71909e-15
8.1898 2.56147e-15
8.20492 2.50058e-15
8.22008 2.3528e-15
8.23526 2.30513e-15
8.25046 2.19895e-15
8.2657 2.15779e-15
8.28096 2.07305e-15
8.29625 2.02985e-15
8.31157 1.94657e-15
8.32692 1.90112e-15
8.3423 1.81949e-15
8.3577 1.77153e-15
8.37314 1.69197e-15
8.3886 1.64155e-15
8.40409 1.56475e-15
8.41961 1.51287e-15
8.43516 1.44052e-15
8.45073 1.38738e-15
8.46634 1.32334e-15
8.48197 1.28022e-15
8.49763 1.23544e-15
8.51333 1.19751e-15
8.52905 1.16305e-15
8.5448 1.12114e-15
8.56057 1.09011e-15
8.57638 1.04236e-15
8.59222 1.01686e-15
8.60809 9.59267e-16
8.62398 9.43284e-16
8.63991 8.8635e-16
8.65586 8.70078e-16
8.67185 8.14077e-16
8.68786 7.98212e-16
8.7039 7.44338e-16
8.71997 7.32025e-16
8.73608 6.92037e-16
8.75221 6.81677e-16
8.76837 6.5092e-16
8.78456 6.39921e-16
8.80078 6.09524e-16
8.81704 5.98017e-16
8.83332 5.67831e-16
8.84963 5.55731e-16
8.86597 5.25891e-16
8.88234 5.13301e-16
8.89874 4.84101e-16
8.91518 4.71108e-16
8.93164 4.42835e-16
8.94813 4.29873e-16
8.96466 4.0345e-16
8.98121 3.93202e-16
8.9978 3.73679e-16
9.01441 3.65358e-16
9.03106 3.5045e-16
9.04773 3.41595e-16
9.06444 3.2709e-16
9.08118 3.17633e-16
9.09795 3.03537e-16
9.11475 2.9335e-16
9.13158 2.79948e-16
9.14844 2.69044e-16
9.16534 2.56305e-16
9.18226 2.44694e-16
9.19922 2.33067e-16
9.2162 2.2071e-16
9.23322 2.11345e-16
9.25027 2.0098e-16
9.26736 1.95043e-16
9.28447 1.86089e-16
9.30161 1.82679e-16
9.31879 1.7279e-16
9.336 1.702e-16
9.35324 1.60336e-16
9.37051 1.57629e-16
9.38781 1.47832e-16
9.40515 1.45024e-16
9.42252 1.35282e-16
9.43992 1.32396e-16
9.45735 1.22891e-16
9.47481 1.20055e-16
9.49231 1.10947e-16
9.50984 1.08709e-16
9.5274 1.0189e-16
9.54499 1.00153e-16
9.56262 9.53668e-17
9.58027 9.35171e-17
9.59797 8.87768e-17
9.61569 8.68497e-17
9.63345 8.21488e-17
9.65123 8.01089e-17
9.66906 7.54904e-17
9.68691 7.33093e-17
9.7048 6.88084e-17
9.72272 6.65695e-17
9.74067 6.22211e-17
9.75866 5.99233e-17
9.77668 5.59124e-17
9.79474 5.40655e-17
9.81282 5.11578e-17
9.83094 4.97962e-17
9.8491 4.78065e-17
9.86728 4.63348e-17
9.88551 4.44337e-17
9.90376 4.28366e-17
9.92205 4.10295e-17
9.94037 3.92681e-17
9.95873 3.76019e-17
9.97712 3.56504e-17
9.99554 3.41768e-17
10.014 3.19702e-17
10.0325 3.08006e-17
10.051 2.81049e-17
10.0696 2.76385e-17
10.0882 2.55664e-17
10.1068 2.52199e-17
10.1255 2.38651e-17
10.1442 2.35e-17
10.1629 2.21465e-17
10.1817 2.17619e-17
10.2005 2.04106e-17
10.2193 2.00094e-17
10.2382 1.8667e-17
10.2571 1.82496e-17
10.276 1.69217e-17
10.295 1.64868e-17
10.314 1.51871e-17
10.333 1.47563e-17
10.3521 1.35147e-17
10.3712 1.31649e-17
10.3904 1.22244e-17
10.4096 1.19845e-17
10.4288 1.13889e-17
10.4481 1.11316e-17
10.4674 1.05449e-17
10.4867 1.02724e-17
10.5061 9.69234e-18
10.5255 9.40034e-18
10.5449 8.83525e-18
10.5644 8.52271e-18
10.5839 7.97496e-18
10.6034 7.64644e-18
10.623 7.12538e-18
10.6426 6.78077e-18
10.6623 6.31091e-18
10.682 6.02284e-18
10.7017 5.68758e-18
10.7214 5.49317e-18
10.7412 5.29175e-18
10.7611 5.07509e-18
10.7809 4.89075e-18
10.8008 4.6465e-18
10.8208 4.48696e-18
10.8408 4.19591e-18
10.8608 4.07984e-18
10.8809 3.7495e-18
10.9009 3.67237e-18
10.9211 3.34566e-18
10.9412 3.26965e-18
10.9614 2.95282e-18
10.9817 2.89099e-18
11.002 2.64334e-18
11.0223 2.60342e-18
11.0426 2.45843e-18
11.063 2.41508e-18
11.0835 2.27129e-18
11.1039 2.22587e-18
11.1244 2.08257e-18
11.145 2.03488e-18
11.1655 1.89272e-18
11.1862 1.84183e-18
11.2068 1.702e-18
11.2275 1.64842e-18
11.2483 1.51174e-18
11.269 1.45782e-18
11.2898 1.3286e-18
11.3107 1.28386e-18
11.3316 1.18389e-18
11.3525 1.15616e-18
11.3735 1.09911e-18
11.3945 1.06936e-18
11.4155 1.01339e-18
11.4366 9.81184e-19
11.4577 9.26726e-19
11.4789 8.92112e-19
11.5001 8.39282e-19
11.5213 8.01916e-19
11.5426 7.51822e-19
11.5639 7.10889e-19
11.5852 6.6467e-19
11.6066 6.21167e-19
11.6281 5.8106e-19
11.6495 5.41764e-19
11.671 5.15557e-19
11.6926 4.90273e-19
11.7142 4.76848e-19
11.7358 4.44372e-19
11.7575 4.37725e-19
11.7792 4.05304e-19
11.801 3.98222e-19
11.8227 3.65946e-19
11.8446 3.58496e-19
11.8664 3.26345e-19
11.8884 3.18593e-19
11.9103 2.86818e-19
11.9323 2.78815e-19
11.9543 2.48127e-19
11.9764 2.41486e-19
11.9985 2.16827e-19
12.0207 2.13133e-19
12.0429 2.00892e-19
12.0651 1.96973e-19
12.0874 1.84804e-19
12.1097 1.80556e-19
12.1321 1.68499e-19
12.1545 1.63982e-19
12.1769 1.52116e-19
12.1994 1.47296e-19
12.2219 1.35631e-19
12.2445 1.30541e-19
12.2671 1.19151e-19
12.2898 1.13858e-19
12.3125 1.03188e-19
12.3352 9.86186e-20
12.358 9.02024e-20
12.3808 8.77038e-20
12.4037 8.33364e-20
12.4266 8.05674e-20
12.4495 7.63717e-20
12.4725 7.33388e-20
12.4955 6.93652e-20
12.5186 6.59805e-20
12.5417 6.22687e-20
12.5649 5.8492e-20
12.5881 5.51368e-20
12.6113 5.08478e-20
12.6346 4.8032e-20
12.658 4.29824e-20
12.6813 4.11802e-20
12.7048 3.6159e-20
12.7282 3.57068e-20
12.7517 3.33826e-20
12.7753 3.28984e-20
12.7989 3.05737e-20
12.8225 3.00565e-20
12.8462 2.77385e-20
12.8699 2.71842e-20
12.8937 2.48758e-20
12.9175 2.42915e-20
12.9413 2.19949e-20
12.9652 2.13669e-20
12.9892 1.91013e-20
13.0131 1.84663e-20
13.0372 1.6266e-20
13.0612 1.57027e-20
13.0854 1.38808e-20
13.1095 1.36039e-20
13.1337 1.27986e-20
13.158 1.25018e-20
13.1823 1.17065e-20
13.2066 1.13862e-20
13.231 1.06035e-20
13.2555 1.0258e-20
13.2799 9.48686e-21
13.3045 9.11357e-21
13.329 8.36549e-21
13.3536 7.96245e-21
13.3783 7.24137e-21
13.403 6.81774e-21
13.4277 6.14617e-21
13.4525 5.75042e-21
13.4774 5.22982e-21
13.5023 5.04314e-21
13.5272 4.8112e-21
13.5522 4.60348e-21
13.5772 4.38923e-21
13.6023 4.15118e-21
13.6274 3.96165e-21
13.6526 3.68145e-21
13.6778 3.52976e-21
13.703 3.16035e-21
13.7283 3.09477e-21
13.7537 2.72729e-21
13.7791 2.66002e-21
13.8045 2.29851e-21
13.83 2.23804e-21
13.8556 1.92239e-21
13.8811 1.89603e-21
13.9068 1.76976e-21
13.9325 1.74143e-21
13.9582 1.61532e-21
13.984 1.5842e-21
14.0098 1.45937e-21
14.0357 1.426e-21
14.0616 1.30147e-21
14.0875 1.26556e-21
14.1136 1.14265e-21
14.1396 1.10387e-21
14.1657 9.83146e-22
14.1919 9.43395e-22
14.2181 8.25501e-22
14.2443 7.88737e-22
14.2706 6.87292e-22
14.297 6.71858e-22
14.3234 6.30988e-22
14.3499 6.14198e-22
14.3763 5.73883e-22
14.4029 5.55471e-22
14.4295 5.16318e-22
14.4561 4.96054e-22
14.4828 4.58003e-22
14.5096 4.35981e-22
14.5364 3.99187e-22
14.5632 3.74974e-22
14.5901 3.40373e-22
14.617 3.13531e-22
14.644 2.82255e-22
14.6711 2.54888e-22
14.6982 2.31861e-22
14.7253 2.20279e-22
14.7525 2.12477e-22
14.7797 1.98467e-22
14.807 1.92808e-22
14.8344 1.75707e-22
14.8618 1.7293e-22
14.8892 1.55842e-22
14.9167 1.52837e-22
14.9443 1.35781e-22
14.9719 1.32575e-22
14.9995 1.15616e-22
15.0272 1.12168e-22
15.055 9.55386e-23
15.0828 9.22862e-23
15.1106 7.70331e-23
15.1385 7.58351e-23
15.1665 7.05915e-23
15.1945 6.92701e-23
15.2225 6.40678e-23
15.2506 6.26607e-23
15.2788 5.74818e-23
15.307 5.59518e-23
15.3353 5.08308e-23
15.3636 4.91604e-23
15.392 4.41008e-23
15.4204 4.23115e-23
15.4489 3.73489e-23
15.4774 3.54056e-23
15.506 3.06264e-23
15.5346 2.87336e-23
15.5633 2.45233e-23
15.592 2.39451e-23
15.6208 2.2801e-23
15.6497 2.21674e-23
15.6786 2.10615e-23
15.7075 2.03541e-23
15.7365 1.92926e-23
15.7656 1.85069e-23
15.7947 1.74958e-23
15.8239 1.6584e-23
15.8531 1.56371e-23
15.8824 1.45583e-23
15.9117 1.36007e-23
15.9411 1.20572e-23
15.9705 1.02727e-23
16 0
