# 1:pT 2:PhotonSpectrum=dN/d^2xT d^2pT dy
0.01 843.684
0.0100185 841.758
0.010037 839.453
0.0100555 837.481
0.0100741 835.172
0.0100927 833.16
0.0101113 830.87
0.01013 828.827
0.0101487 826.538
0.0101674 824.432
0.0101862 822.112
0.010205 819.974
0.0102239 817.661
0.0102427 815.505
0.0102617 813.142
0.0102806 810.935
0.0102996 808.526
0.0103186 806.259
0.0103377 803.711
0.0103567 801.472
0.0103759 798.92
0.010395 796.678
0.0104142 794.156
0.0104335 791.835
0.0104527 789.348
0.010472 787.083
0.0104914 784.611
0.0105107 782.304
0.0105301 779.893
0.0105496 777.551
0.0105691 775.156
0.0105886 772.843
0.0106081 770.495
0.0106277 768.215
0.0106474 765.91
0.010667 763.591
0.0106867 761.337
0.0107065 759.024
0.0107262 756.789
0.010746 754.456
0.0107659 752.242
0.0107858 749.866
0.0108057 747.731
0.0108256 745.253
0.0108456 743.224
0.0108656 740.785
0.0108857 738.769
0.0109058 736.318
0.0109259 734.323
0.0109461 731.98
0.0109663 729.94
0.0109866 727.632
0.0110069 725.596
0.0110272 723.269
0.0110476 721.244
0.011068 718.95
0.0110884 716.924
0.0111089 714.633
0.0111294 712.6
0.0111499 710.302
0.0111705 708.296
0.0111912 706.022
0.0112118 704.013
0.0112325 701.78
0.0112533 699.779
0.0112741 697.597
0.0112949 695.563
0.0113157 693.39
0.0113366 691.384
0.0113576 689.249
0.0113785 687.216
0.0113995 685.112
0.0114206 683.065
0.0114417 680.928
0.0114628 678.905
0.011484 676.816
0.0115052 674.784
0.0115264 672.719
0.0115477 670.677
0.011569 668.687
0.0115904 666.642
0.0116118 664.703
0.0116332 662.632
0.0116547 660.71
0.0116762 658.559
0.0116978 656.767
0.0117194 654.578
0.0117411 652.8
0.0117627 650.635
0.0117845 648.854
0.0118062 646.706
0.011828 644.924
0.0118499 642.831
0.0118717 641.018
0.0118937 638.934
0.0119156 637.14
0.0119376 635.131
0.0119597 633.344
0.0119818 631.353
0.0120039 629.559
0.0120261 627.553
0.0120483 625.777
0.0120705 623.771
0.0120928 622.011
0.0121151 620.014
0.0121375 618.258
0.0121599 616.282
0.0121824 614.469
0.0122049 612.535
0.0122274 610.773
0.01225 608.87
0.0122726 607.087
0.0122953 605.236
0.012318 603.437
0.0123407 601.611
0.0123635 599.819
0.0123863 597.991
0.0124092 596.211
0.0124321 594.392
0.0124551 592.586
0.0124781 590.823
0.0125011 589.01
0.0125242 587.256
0.0125473 585.423
0.0125705 583.702
0.0125937 581.851
0.012617 580.204
0.0126403 578.289
0.0126636 576.736
0.012687 574.842
0.0127104 573.281
0.0127339 571.403
0.0127574 569.813
0.012781 567.968
0.0128046 566.367
0.0128282 564.535
0.0128519 562.941
0.0128756 561.11
0.0128994 559.517
0.0129232 557.715
0.0129471 556.132
0.012971 554.356
0.012995 552.775
0.0130189 551.016
0.013043 549.45
0.0130671 547.711
0.0130912 546.151
0.0131154 544.427
0.0131396 542.852
0.0131639 541.156
0.0131882 539.554
0.0132125 537.845
0.0132369 536.294
0.0132614 534.603
0.0132859 533.034
0.0133104 531.379
0.013335 529.79
0.0133596 528.138
0.0133843 526.581
0.013409 524.971
0.0134337 523.424
0.0134585 521.833
0.0134834 520.258
0.0135083 518.703
0.0135332 517.108
0.0135582 515.588
0.0135833 513.964
0.0136083 512.462
0.0136335 510.792
0.0136587 509.371
0.0136839 507.662
0.0137091 506.283
0.0137345 504.59
0.0137598 503.215
0.0137852 501.57
0.0138107 500.198
0.0138362 498.593
0.0138617 497.185
0.0138873 495.582
0.013913 494.181
0.0139387 492.598
0.0139644 491.199
0.0139902 489.626
0.014016 488.218
0.0140419 486.651
0.0140678 485.265
0.0140938 483.678
0.0141198 482.311
0.0141459 480.754
0.014172 479.397
0.0141982 477.871
0.0142244 476.481
0.0142507 474.983
0.014277 473.617
0.0143034 472.134
0.0143298 470.74
0.0143563 469.279
0.0143828 467.868
0.0144093 466.435
0.0144359 465.02
0.0144626 463.577
0.0144893 462.182
0.0145161 460.764
0.0145429 459.358
0.0145697 457.968
0.0145966 456.579
0.0146236 455.22
0.0146506 453.815
0.0146776 452.489
0.0147047 451.061
0.0147319 449.758
0.0147591 448.258
0.0147863 447.044
0.0148136 445.549
0.014841 444.323
0.0148684 442.845
0.0148959 441.611
0.0149234 440.166
0.0149509 438.921
0.0149785 437.491
0.0150062 436.261
0.0150339 434.854
0.0150617 433.635
0.0150895 432.251
0.0151173 431.03
0.0151453 429.656
0.0151732 428.425
0.0152012 427.055
0.0152293 425.822
0.0152574 424.451
0.0152856 423.238
0.0153138 421.879
0.0153421 420.664
0.0153705 419.327
0.0153988 418.086
0.0154273 416.761
0.0154558 415.546
0.0154843 414.243
0.0155129 413.032
0.0155415 411.753
0.0155702 410.525
0.015599 409.249
0.0156278 408.03
0.0156567 406.759
0.0156856 405.542
0.0157145 404.291
0.0157435 403.048
0.0157726 401.833
0.0158017 400.576
0.0158309 399.386
0.0158602 398.12
0.0158894 396.955
0.0159188 395.667
0.0159482 394.567
0.0159776 393.257
0.0160071 392.18
0.0160367 390.883
0.0160663 389.803
0.016096 388.514
0.0161257 387.439
0.0161555 386.177
0.0161853 385.07
0.0162152 383.82
0.0162451 382.723
0.0162751 381.474
0.0163052 380.388
0.0163353 379.159
0.0163655 378.072
0.0163957 376.87
0.016426 375.801
0.0164563 374.592
0.0164867 373.53
0.0165171 372.325
0.0165476 371.26
0.0165782 370.072
0.0166088 368.997
0.0166395 367.816
0.0166702 366.744
0.016701 365.587
0.0167318 364.5
0.0167627 363.361
0.0167937 362.267
0.0168247 361.155
0.0168558 360.075
0.0168869 358.958
0.0169181 357.895
0.0169493 356.803
0.0169806 355.725
0.017012 354.648
0.0170434 353.565
0.0170748 352.506
0.0171064 351.409
0.017138 350.37
0.0171696 349.25
0.0172013 348.232
0.0172331 347.056
0.0172649 346.115
0.0172968 344.946
0.0173287 344.002
0.0173607 342.86
0.0173928 341.913
0.0174249 340.804
0.0174571 339.851
0.0174893 338.747
0.0175216 337.783
0.017554 336.69
0.0175864 335.729
0.0176189 334.644
0.0176514 333.684
0.017684 332.603
0.0177166 331.641
0.0177494 330.568
0.0177821 329.614
0.017815 328.538
0.0178479 327.604
0.0178808 326.552
0.0179138 325.624
0.0179469 324.593
0.0179801 323.638
0.0180133 322.61
0.0180465 321.67
0.0180799 320.656
0.0181132 319.706
0.0181467 318.707
0.0181802 317.739
0.0182138 316.741
0.0182474 315.789
0.0182811 314.802
0.0183149 313.855
0.0183487 312.889
0.0183826 311.922
0.0184165 310.987
0.0184505 310.023
0.0184846 309.111
0.0185187 308.138
0.0185529 307.227
0.0185872 306.237
0.0186215 305.366
0.0186559 304.338
0.0186903 303.491
0.0187248 302.486
0.0187594 301.636
0.0187941 300.627
0.0188288 299.785
0.0188635 298.805
0.0188984 297.947
0.0189333 296.985
0.0189682 296.14
0.0190033 295.183
0.0190384 294.345
0.0190735 293.4
0.0191087 292.557
0.019144 291.615
0.0191794 290.783
0.0192148 289.828
0.0192503 289
0.0192858 288.063
0.0193214 287.232
0.0193571 286.303
0.0193929 285.468
0.0194287 284.554
0.0194645 283.715
0.0195005 282.818
0.0195365 281.988
0.0195726 281.112
0.0196087 280.267
0.0196449 279.411
0.0196812 278.569
0.0197175 277.696
0.019754 276.856
0.0197904 276
0.019827 275.155
0.0198636 274.307
0.0199003 273.462
0.019937 272.633
0.0199738 271.775
0.0200107 270.972
0.0200477 270.107
0.0200847 269.317
0.0201218 268.421
0.0201589 267.696
0.0201962 266.797
0.0202335 266.068
0.0202708 265.18
0.0203082 264.435
0.0203457 263.567
0.0203833 262.823
0.020421 261.959
0.0204587 261.214
0.0204964 260.354
0.0205343 259.604
0.0205722 258.761
0.0206102 258.023
0.0206483 257.187
0.0206864 256.448
0.0207246 255.628
0.0207629 254.895
0.0208012 254.069
0.0208396 253.346
0.0208781 252.52
0.0209166 251.799
0.0209553 250.986
0.020994 250.237
0.0210327 249.435
0.0210716 248.705
0.0211105 247.908
0.0211495 247.171
0.0211885 246.392
0.0212277 245.643
0.0212669 244.881
0.0213061 244.15
0.0213455 243.401
0.0213849 242.666
0.0214244 241.919
0.0214639 241.175
0.0215036 240.444
0.0215433 239.693
0.0215831 238.975
0.0216229 238.22
0.0216628 237.509
0.0217028 236.731
0.0217429 236.054
0.0217831 235.255
0.0218233 234.601
0.0218636 233.822
0.021904 233.175
0.0219444 232.399
0.0219849 231.756
0.0220255 230.997
0.0220662 230.332
0.022107 229.588
0.0221478 228.927
0.0221887 228.174
0.0222297 227.519
0.0222707 226.778
0.0223118 226.118
0.022353 225.378
0.0223943 224.731
0.0224357 223.987
0.0224771 223.349
0.0225186 222.62
0.0225602 221.98
0.0226018 221.269
0.0226436 220.628
0.0226854 219.928
0.0227273 219.275
0.0227692 218.574
0.0228113 217.927
0.0228534 217.242
0.0228956 216.586
0.0229379 215.913
0.0229803 215.253
0.0230227 214.571
0.0230652 213.921
0.0231078 213.254
0.0231505 212.607
0.0231932 211.952
0.023236 211.304
0.023279 210.668
0.0233219 210.01
0.023365 209.387
0.0234082 208.718
0.0234514 208.1
0.0234947 207.401
0.0235381 206.83
0.0235815 206.124
0.0236251 205.552
0.0236687 204.854
0.0237124 204.279
0.0237562 203.595
0.0238001 203.024
0.023844 202.354
0.0238881 201.781
0.0239322 201.12
0.0239764 200.543
0.0240206 199.896
0.024065 199.323
0.0241094 198.678
0.0241539 198.101
0.0241985 197.455
0.0242432 196.883
0.024288 196.239
0.0243329 195.674
0.0243778 195.032
0.0244228 194.469
0.0244679 193.836
0.0245131 193.259
0.0245583 192.64
0.0246037 192.085
0.0246491 191.481
0.0246946 190.913
0.0247402 190.318
0.0247859 189.742
0.0248317 189.15
0.0248776 188.577
0.0249235 187.99
0.0249695 187.417
0.0250156 186.835
0.0250618 186.253
0.0251081 185.685
0.0251545 185.106
0.0252009 184.545
0.0252475 183.963
0.0252941 183.412
0.0253408 182.828
0.0253876 182.302
0.0254345 181.691
0.0254814 181.187
0.0255285 180.582
0.0255756 180.081
0.0256229 179.471
0.0256702 178.965
0.0257176 178.372
0.0257651 177.859
0.0258126 177.27
0.0258603 176.761
0.0259081 176.174
0.0259559 175.667
0.0260038 175.091
0.0260518 174.591
0.0261 174.027
0.0261482 173.524
0.0261964 172.958
0.0262448 172.459
0.0262933 171.896
0.0263418 171.396
0.0263905 170.839
0.0264392 170.337
0.026488 169.786
0.0265369 169.275
0.0265859 168.728
0.026635 168.226
0.0266842 167.689
0.0267335 167.187
0.0267829 166.659
0.0268323 166.159
0.0268819 165.634
0.0269315 165.139
0.0269812 164.624
0.0270311 164.124
0.027081 163.612
0.027131 163.107
0.0271811 162.61
0.0272313 162.097
0.0272816 161.608
0.0273319 161.088
0.0273824 160.606
0.027433 160.067
0.0274836 159.619
0.0275344 159.074
0.0275852 158.635
0.0276362 158.106
0.0276872 157.666
0.0277383 157.139
0.0277896 156.699
0.0278409 156.182
0.0278923 155.732
0.0279438 155.215
0.0279954 154.765
0.0280471 154.257
0.0280989 153.81
0.0281508 153.305
0.0282027 152.856
0.0282548 152.352
0.028307 151.909
0.0283593 151.407
0.0284116 150.975
0.0284641 150.484
0.0285167 150.053
0.0285693 149.565
0.0286221 149.12
0.0286749 148.64
0.0287279 148.204
0.0287809 147.729
0.0288341 147.283
0.0288873 146.816
0.0289407 146.366
0.0289941 145.906
0.0290477 145.457
0.0291013 144.998
0.029155 144.557
0.0292089 144.104
0.0292628 143.666
0.0293168 143.229
0.029371 142.785
0.0294252 142.353
0.0294796 141.903
0.029534 141.476
0.0295885 141.021
0.0296432 140.607
0.0296979 140.127
0.0297527 139.738
0.0298077 139.262
0.0298627 138.872
0.0299179 138.402
0.0299731 138.008
0.0300285 137.549
0.0300839 137.156
0.0301395 136.707
0.0301951 136.317
0.0302509 135.869
0.0303068 135.477
0.0303627 135.035
0.0304188 134.645
0.030475 134.206
0.0305312 133.812
0.0305876 133.371
0.0306441 132.98
0.0307007 132.543
0.0307574 132.154
0.0308142 131.724
0.0308711 131.336
0.0309281 130.912
0.0309852 130.522
0.0310424 130.105
0.0310997 129.723
0.0311572 129.309
0.0312147 128.925
0.0312723 128.515
0.0313301 128.125
0.0313879 127.714
0.0314459 127.327
0.031504 126.921
0.0315621 126.535
0.0316204 126.136
0.0316788 125.741
0.0317373 125.353
0.0317959 124.956
0.0318546 124.579
0.0319135 124.183
0.0319724 123.813
0.0320314 123.404
0.0320906 123.055
0.0321498 122.636
0.0322092 122.293
0.0322687 121.877
0.0323283 121.533
0.032388 121.122
0.0324478 120.778
0.0325077 120.376
0.0325677 120.024
0.0326279 119.624
0.0326881 119.277
0.0327485 118.882
0.0328089 118.54
0.0328695 118.155
0.0329302 117.812
0.032991 117.43
0.033052 117.089
0.033113 116.7
0.0331741 116.364
0.0332354 115.98
0.0332968 115.643
0.0333583 115.263
0.0334199 114.919
0.0334816 114.544
0.0335434 114.204
0.0336053 113.835
0.0336674 113.493
0.0337296 113.13
0.0337919 112.789
0.0338543 112.438
0.0339168 112.095
0.0339794 111.743
0.0340421 111.403
0.034105 111.054
0.034168 110.71
0.0342311 110.366
0.0342943 110.021
0.0343576 109.683
0.0344211 109.334
0.0344846 109.002
0.0345483 108.647
0.0346121 108.323
0.034676 107.952
0.0347401 107.654
0.0348042 107.29
0.0348685 106.99
0.0349329 106.63
0.0349974 106.328
0.035062 105.975
0.0351267 105.668
0.0351916 105.317
0.0352566 105.012
0.0353217 104.662
0.0353869 104.359
0.0354523 104.012
0.0355177 103.709
0.0355833 103.366
0.035649 103.062
0.0357149 102.722
0.0357808 102.423
0.0358469 102.087
0.0359131 101.793
0.0359794 101.461
0.0360458 101.166
0.0361124 100.838
0.0361791 100.536
0.0362459 100.209
0.0363128 99.909
0.0363799 99.5863
0.0364471 99.2857
0.0365144 98.9659
0.0365818 98.6632
0.0366493 98.3466
0.036717 98.0477
0.0367848 97.7349
0.0368527 97.4414
0.0369208 97.1354
0.036989 96.8354
0.0370573 96.5394
0.0371257 96.2361
0.0371943 95.9438
0.0372629 95.6365
0.0373318 95.3483
0.0374007 95.0317
0.0374698 94.7575
0.037539 94.4309
0.0376083 94.1638
0.0376777 93.8428
0.0377473 93.576
0.037817 93.2573
0.0378868 92.9945
0.0379568 92.6871
0.0380269 92.4179
0.0380971 92.114
0.0381675 91.8459
0.0382379 91.5411
0.0383085 91.2755
0.0383793 90.9741
0.0384502 90.7058
0.0385212 90.4069
0.0385923 90.1416
0.0386636 89.8392
0.038735 89.5772
0.0388065 89.2773
0.0388781 89.0158
0.0389499 88.7212
0.0390219 88.4602
0.0390939 88.1719
0.0391661 87.9116
0.0392384 87.6298
0.0393109 87.3663
0.0393835 87.0875
0.0394562 86.8208
0.0395291 86.5469
0.0396021 86.2806
0.0396752 86.0032
0.0397485 85.7397
0.0398219 85.4666
0.0398954 85.2008
0.0399691 84.9333
0.0400429 84.6665
0.0401168 84.4058
0.0401909 84.1401
0.0402651 83.8859
0.0403395 83.6161
0.040414 83.3669
0.0404886 83.0824
0.0405633 82.8507
0.0406383 82.5673
0.0407133 82.3345
0.0407885 82.0527
0.0408638 81.8177
0.0409393 81.5414
0.0410149 81.3064
0.0410906 81.0324
0.0411665 80.7953
0.0412425 80.5252
0.0413186 80.2914
0.0413949 80.0275
0.0414714 79.7964
0.041548 79.5341
0.0416247 79.3004
0.0417016 79.0404
0.0417786 78.8079
0.0418557 78.5458
0.041933 78.3171
0.0420104 78.0569
0.042088 77.8279
0.0421657 77.5715
0.0422436 77.3367
0.0423216 77.0822
0.0423998 76.8526
0.042478 76.6026
0.0425565 76.3731
0.0426351 76.1292
0.0427138 75.8963
0.0427927 75.6546
0.0428717 75.4242
0.0429509 75.1844
0.0430302 74.9545
0.0431096 74.7172
0.0431892 74.4808
0.043269 74.2497
0.0433489 74.0124
0.0434289 73.7855
0.0435091 73.5473
0.0435895 73.3214
0.04367 73.0787
0.0437506 72.8655
0.0438314 72.617
0.0439124 72.4107
0.0439934 72.1704
0.0440747 71.9641
0.0441561 71.7201
0.0442376 71.515
0.0443193 71.2774
0.0444011 71.0668
0.0444831 70.8311
0.0445653 70.6227
0.0446476 70.3843
0.04473 70.1794
0.0448126 69.945
0.0448954 69.7389
0.0449783 69.506
0.0450613 69.3042
0.0451445 69.0725
0.0452279 68.8732
0.0453114 68.6468
0.0453951 68.445
0.0454789 68.2201
0.0455629 68.0175
0.045647 67.7944
0.0457313 67.5898
0.0458158 67.3686
0.0459004 67.1653
0.0459851 66.9471
0.0460701 66.7422
0.0461551 66.5289
0.0462404 66.3233
0.0463257 66.1086
0.0464113 65.907
0.046497 65.6985
0.0465829 65.4968
0.0466689 65.291
0.0467551 65.0877
0.0468414 64.8861
0.0469279 64.6793
0.0470145 64.4824
0.0471014 64.2719
0.0471883 64.0766
0.0472755 63.8554
0.0473628 63.6763
0.0474502 63.4549
0.0475379 63.2753
0.0476256 63.0577
0.0477136 62.8763
0.0478017 62.6654
0.04789 62.4854
0.0479784 62.278
0.048067 62.0956
0.0481558 61.8883
0.0482447 61.7056
0.0483338 61.5015
0.048423 61.3209
0.0485124 61.1153
0.048602 60.9334
0.0486918 60.7301
0.0487817 60.5499
0.0488718 60.346
0.048962 60.1693
0.0490524 59.9665
0.049143 59.7922
0.0492338 59.5944
0.0493247 59.4156
0.0494158 59.2218
0.049507 59.0468
0.0495984 58.8538
0.04969 58.676
0.0497818 58.4863
0.0498737 58.3055
0.0499658 58.1178
0.0500581 57.9386
0.0501505 57.7535
0.0502431 57.5741
0.0503359 57.3895
0.0504288 57.208
0.050522 57.0288
0.0506153 56.8489
0.0507087 56.6737
0.0508024 56.4939
0.0508962 56.3212
0.0509902 56.1365
0.0510843 55.9701
0.0511786 55.7784
0.0512732 55.6177
0.0513678 55.4291
0.0514627 55.2696
0.0515577 55.0789
0.0516529 54.9207
0.0517483 54.7341
0.0518439 54.5721
0.0519396 54.3891
0.0520355 54.2294
0.0521316 54.0474
0.0522279 53.8901
0.0523243 53.7124
0.0524209 53.554
0.0525177 53.377
0.0526147 53.2196
0.0527119 53.0406
0.0528092 52.8849
0.0529067 52.7079
0.0530044 52.5509
0.0531023 52.3757
0.0532004 52.2195
0.0532986 52.0469
0.053397 51.8883
0.0534956 51.7165
0.0535944 51.5606
0.0536934 51.3943
0.0537925 51.2381
0.0538919 51.0753
0.0539914 50.9175
0.0540911 50.7518
0.054191 50.5957
0.054291 50.4334
0.0543913 50.2768
0.0544917 50.1157
0.0545924 49.9572
0.0546932 49.8001
0.0547942 49.64
0.0548954 49.4864
0.0549967 49.3231
0.0550983 49.1723
0.0552 49.0047
0.055302 48.8656
0.0554041 48.6982
0.0555064 48.5596
0.0556089 48.3934
0.0557116 48.2551
0.0558144 48.0904
0.0559175 47.9508
0.0560208 47.7893
0.0561242 47.6479
0.0562279 47.4858
0.0563317 47.3448
0.0564357 47.1857
0.0565399 47.046
0.0566443 46.8887
0.0567489 46.749
0.0568537 46.593
0.0569587 46.4557
0.0570639 46.3015
0.0571693 46.1658
0.0572748 46.0115
0.0573806 45.8757
0.0574866 45.7225
0.0575927 45.5834
0.0576991 45.4322
0.0578056 45.296
0.0579124 45.1463
0.0580193 45.0081
0.0581264 44.8611
0.0582338 44.7215
0.0583413 44.5765
0.058449 44.4385
0.058557 44.2958
0.0586651 44.1593
0.0587734 44.0189
0.058882 43.8804
0.0589907 43.7428
0.0590996 43.6041
0.0592088 43.4675
0.0593181 43.3276
0.0594276 43.1923
0.0595374 43.0504
0.0596473 42.9201
0.0597575 42.771
0.0598678 42.6478
0.0599784 42.5002
0.0600891 42.3786
0.0602001 42.2316
0.0603112 42.1104
0.0604226 41.9691
0.0605342 41.8458
0.060646 41.706
0.060758 41.5826
0.0608702 41.4422
0.0609826 41.3193
0.0610952 41.1804
0.061208 41.0581
0.061321 40.9199
0.0614343 40.797
0.0615477 40.6585
0.0616614 40.5372
0.0617752 40.4004
0.0618893 40.2799
0.0620036 40.1456
0.0621181 40.026
0.0622328 39.8949
0.0623477 39.7731
0.0624628 39.6416
0.0625782 39.5215
0.0626937 39.3919
0.0628095 39.272
0.0629255 39.143
0.0630417 39.0213
0.0631581 38.8923
0.0632747 38.7719
0.0633916 38.6452
0.0635086 38.5244
0.0636259 38.3998
0.0637434 38.2781
0.0638611 38.1577
0.063979 38.036
0.0640972 37.9184
0.0642155 37.7951
0.0643341 37.6778
0.0644529 37.55
0.0645719 37.4405
0.0646912 37.3098
0.0648106 37.2024
0.0649303 37.0724
0.0650502 36.9653
0.0651703 36.8364
0.0652907 36.7294
0.0654113 36.6034
0.065532 36.4945
0.0656531 36.3702
0.0657743 36.2626
0.0658957 36.1421
0.0660174 36.0352
0.0661393 35.9152
0.0662615 35.8072
0.0663838 35.6869
0.0665064 35.5796
0.0666292 35.4589
0.0667523 35.3538
0.0668755 35.2333
0.066999 35.1287
0.0671227 35.0097
0.0672467 34.9017
0.0673709 34.785
0.0674953 34.6804
0.0676199 34.5655
0.0677448 34.46
0.0678699 34.3482
0.0679952 34.2417
0.0681208 34.1309
0.0682466 34.0242
0.0683726 33.9129
0.0684988 33.8072
0.0686253 33.6969
0.0687521 33.59
0.068879 33.4825
0.0690062 33.3749
0.0691336 33.2689
0.0692613 33.1601
0.0693892 33.0558
0.0695173 32.9467
0.0696457 32.8464
0.0697743 32.7332
0.0699031 32.6393
0.0700322 32.5264
0.0701616 32.4321
0.0702911 32.32
0.0704209 32.2249
0.070551 32.1144
0.0706812 32.0183
0.0708118 31.9085
0.0709425 31.8131
0.0710735 31.7038
0.0712048 31.609
0.0713362 31.5014
0.071468 31.4072
0.0716 31.3012
0.0717322 31.2073
0.0718646 31.1025
0.0719973 31.009
0.0721303 30.9049
0.0722635 30.8118
0.0723969 30.7086
0.0725306 30.6156
0.0726645 30.5131
0.0727987 30.4187
0.0729332 30.3161
0.0730678 30.2234
0.0732028 30.122
0.0733379 30.0294
0.0734734 29.9292
0.073609 29.8358
0.073745 29.7364
0.0738812 29.6452
0.0740176 29.548
0.0741543 29.4563
0.0742912 29.3605
0.0744284 29.2668
0.0745658 29.1735
0.0747035 29.0785
0.0748415 28.9865
0.0749797 28.8906
0.0751181 28.7999
0.0752568 28.701
0.0753958 28.6154
0.075535 28.5142
0.0756745 28.4307
0.0758143 28.3309
0.0759543 28.2489
0.0760945 28.1512
0.076235 28.0697
0.0763758 27.9738
0.0765168 27.8896
0.0766581 27.7941
0.0767997 27.7105
0.0769415 27.6159
0.0770836 27.5327
0.0772259 27.4389
0.0773685 27.3552
0.0775114 27.2618
0.0776545 27.1792
0.0777979 27.085
0.0779416 27.0037
0.0780855 26.9113
0.0782297 26.8308
0.0783742 26.7404
0.0785189 26.659
0.0786639 26.5691
0.0788092 26.4881
0.0789547 26.3993
0.0791005 26.3175
0.0792466 26.2295
0.0793929 26.147
0.0795395 26.0606
0.0796864 25.9782
0.0798335 25.8915
0.0799809 25.8099
0.0801286 25.7241
0.0802766 25.6419
0.0804248 25.5587
0.0805734 25.4777
0.0807221 25.3965
0.0808712 25.314
0.0810205 25.2339
0.0811702 25.15
0.08132 25.0716
0.0814702 24.9833
0.0816207 24.9104
0.0817714 24.8222
0.0819224 24.7492
0.0820737 24.6617
0.0822252 24.5884
0.0823771 24.5024
0.0825292 24.429
0.0826816 24.3441
0.0828342 24.2711
0.0829872 24.1886
0.0831405 24.1162
0.083294 24.034
0.0834478 23.9617
0.0836019 23.8799
0.0837563 23.8068
0.0839109 23.7254
0.0840659 23.6525
0.0842211 23.5707
0.0843766 23.4992
0.0845325 23.4182
0.0846885 23.3469
0.0848449 23.2671
0.0850016 23.1944
0.0851586 23.1155
0.0853158 23.0445
0.0854734 22.9675
0.0856312 22.8964
0.0857893 22.8199
0.0859478 22.7479
0.0861065 22.6715
0.0862655 22.6003
0.0864248 22.5242
0.0865844 22.4532
0.0867442 22.3783
0.0869044 22.3054
0.0870649 22.2329
0.0872257 22.1594
0.0873868 22.0882
0.0875481 22.0148
0.0877098 21.9447
0.0878718 21.8706
0.088034 21.8043
0.0881966 21.7275
0.0883594 21.6629
0.0885226 21.5872
0.0886861 21.5229
0.0888498 21.4466
0.0890139 21.3828
0.0891783 21.3082
0.089343 21.2427
0.0895079 21.1687
0.0896732 21.1038
0.0898388 21.0298
0.0900047 20.966
0.0901709 20.8933
0.0903374 20.8295
0.0905043 20.7587
0.0906714 20.6955
0.0908388 20.6237
0.0910066 20.5611
0.0911746 20.49
0.091343 20.427
0.0915116 20.3566
0.0916806 20.2932
0.0918499 20.2234
0.0920195 20.1599
0.0921895 20.0909
0.0923597 20.0275
0.0925303 19.9594
0.0927011 19.8956
0.0928723 19.829
0.0930438 19.7665
0.0932156 19.6998
0.0933877 19.6374
0.0935602 19.572
0.093733 19.5088
0.0939061 19.4443
0.0940795 19.3809
0.0942532 19.3175
0.0944272 19.2533
0.0946016 19.1912
0.0947763 19.1258
0.0949513 19.0647
0.0951266 18.9959
0.0953023 18.94
0.0954783 18.8714
0.0956546 18.8159
0.0958312 18.7491
0.0960082 18.693
0.0961855 18.6274
0.0963631 18.5711
0.0965411 18.5062
0.0967193 18.449
0.0968979 18.3845
0.0970769 18.3277
0.0972561 18.2637
0.0974357 18.2076
0.0976156 18.1435
0.0977959 18.087
0.0979765 18.0238
0.0981574 17.9675
0.0983387 17.9042
0.0985203 17.8498
0.0987022 17.7878
0.0988845 17.7333
0.0990671 17.6721
0.09925 17.6163
0.0994333 17.5554
0.0996169 17.5005
0.0998008 17.4401
0.0999851 17.385
0.10017 17.3253
0.100355 17.269
0.10054 17.2099
0.100726 17.1544
0.100912 17.0961
0.101098 17.0407
0.101285 16.9834
0.101472 16.9276
0.101659 16.8722
0.101847 16.8161
0.102035 16.7617
0.102223 16.7053
0.102412 16.6508
0.102601 16.5931
0.102791 16.5414
0.102981 16.4811
0.103171 16.431
0.103361 16.3722
0.103552 16.3221
0.103743 16.2627
0.103935 16.2133
0.104127 16.1555
0.104319 16.1053
0.104512 16.0492
0.104705 15.9995
0.104898 15.943
0.105092 15.8939
0.105286 15.8381
0.10548 15.7887
0.105675 15.7328
0.10587 15.6838
0.106066 15.6276
0.106262 15.5789
0.106458 15.5237
0.106654 15.4747
0.106851 15.42
0.107049 15.3713
0.107246 15.3174
0.107444 15.2686
0.107643 15.2157
0.107841 15.1675
0.108041 15.1152
0.10824 15.0666
0.10844 15.0153
0.10864 14.9663
0.108841 14.9144
0.109042 14.8657
0.109243 14.8147
0.109445 14.7656
0.109647 14.7154
0.10985 14.6662
0.110052 14.617
0.110256 14.5674
0.110459 14.5197
0.110663 14.4698
0.110868 14.4229
0.111072 14.3706
0.111277 14.3275
0.111483 14.275
0.111689 14.2318
0.111895 14.1798
0.112102 14.1361
0.112309 14.0848
0.112516 14.0412
0.112724 13.9905
0.112932 13.9465
0.11314 13.896
0.113349 13.852
0.113559 13.8026
0.113768 13.7596
0.113978 13.7108
0.114189 13.6674
0.1144 13.6192
0.114611 13.576
0.114823 13.5275
0.115035 13.4851
0.115247 13.4367
0.11546 13.3942
0.115673 13.3462
0.115887 13.3028
0.116101 13.2554
0.116315 13.213
0.11653 13.1658
0.116745 13.123
0.116961 13.077
0.117177 13.0339
0.117393 12.9887
0.11761 12.9463
0.117827 12.9018
0.118045 12.8591
0.118263 12.8147
0.118481 12.7713
0.1187 12.7279
0.118919 12.6844
0.119139 12.6417
0.119359 12.5978
0.119579 12.5556
0.1198 12.5108
0.120021 12.4704
0.120243 12.4239
0.120465 12.3856
0.120687 12.3404
0.12091 12.3025
0.121133 12.2569
0.121357 12.2191
0.121581 12.1746
0.121806 12.1357
0.12203 12.0919
0.122256 12.0533
0.122482 12.009
0.122708 11.9708
0.122934 11.9272
0.123161 11.889
0.123389 11.8457
0.123617 11.8077
0.123845 11.7641
0.124074 11.7269
0.124303 11.6844
0.124532 11.6469
0.124762 11.6053
0.124993 11.5677
0.125223 11.5265
0.125455 11.4884
0.125686 11.4471
0.125918 11.4094
0.126151 11.3688
0.126384 11.3309
0.126617 11.2909
0.126851 11.2529
0.127085 11.2123
0.12732 11.1749
0.127555 11.1354
0.127791 11.098
0.128027 11.0593
0.128263 11.0217
0.1285 10.9841
0.128737 10.9459
0.128975 10.9091
0.129213 10.8701
0.129452 10.8336
0.129691 10.7933
0.12993 10.7593
0.13017 10.7182
0.130411 10.6846
0.130651 10.6439
0.130893 10.6106
0.131134 10.5703
0.131376 10.5371
0.131619 10.4982
0.131862 10.4644
0.132106 10.4258
0.13235 10.3922
0.132594 10.3541
0.132839 10.3206
0.133084 10.283
0.13333 10.2491
0.133576 10.2112
0.133823 10.1777
0.13407 10.1399
0.134317 10.1068
0.134565 10.0693
0.134814 10.0363
0.135063 9.99932
0.135312 9.9659
0.135562 9.92967
0.135812 9.8973
0.136063 9.86146
0.136315 9.82834
0.136566 9.79312
0.136818 9.7597
0.137071 9.72458
0.137324 9.6913
0.137578 9.65644
0.137832 9.62326
0.138086 9.58874
0.138341 9.55501
0.138597 9.52142
0.138853 9.48787
0.139109 9.4547
0.139366 9.42102
0.139623 9.38857
0.139881 9.35482
0.14014 9.32365
0.140398 9.2879
0.140658 9.25827
0.140917 9.22281
0.141177 9.1935
0.141438 9.1577
0.141699 9.12821
0.141961 9.09332
0.142223 9.06339
0.142486 9.02904
0.142749 8.99917
0.143013 8.96494
0.143277 8.93546
0.143541 8.902
0.143806 8.87278
0.144072 8.83986
0.144338 8.81041
0.144604 8.77725
0.144871 8.74794
0.145139 8.71517
0.145407 8.68582
0.145675 8.65335
0.145944 8.62403
0.146214 8.59201
0.146484 8.56235
0.146754 8.5302
0.147025 8.50113
0.147297 8.46955
0.147569 8.44083
0.147841 8.40976
0.148114 8.38084
0.148388 8.34992
0.148662 8.32124
0.148937 8.29081
0.149212 8.26196
0.149487 8.23179
0.149763 8.20251
0.15004 8.17307
0.150317 8.14331
0.150594 8.11466
0.150872 8.08449
0.151151 8.05608
0.15143 8.02498
0.15171 7.99862
0.15199 7.96711
0.152271 7.94148
0.152552 7.91041
0.152833 7.88487
0.153116 7.85394
0.153398 7.82828
0.153682 7.79793
0.153965 7.77167
0.15425 7.74152
0.154535 7.71534
0.15482 7.68558
0.155106 7.65971
0.155392 7.63021
0.155679 7.60403
0.155967 7.57476
0.156255 7.54889
0.156543 7.51976
0.156832 7.49456
0.157122 7.46599
0.157412 7.44062
0.157703 7.41221
0.157994 7.3864
0.158286 7.35827
0.158578 7.33288
0.158871 7.30502
0.159164 7.27907
0.159458 7.25162
0.159753 7.22567
0.160048 7.19855
0.160343 7.17266
0.160639 7.1456
0.160936 7.12025
0.161233 7.09372
0.161531 7.06823
0.161829 7.04244
0.162128 7.01672
0.162427 6.99128
0.162727 6.9651
0.163028 6.94016
0.163329 6.91369
0.16363 6.8893
0.163933 6.86137
0.164235 6.83864
0.164539 6.8109
0.164842 6.78815
0.165147 6.76064
0.165452 6.73792
0.165757 6.71118
0.166063 6.68828
0.16637 6.66204
0.166677 6.63922
0.166985 6.61309
0.167293 6.59039
0.167602 6.56437
0.167912 6.54169
0.168222 6.51597
0.168532 6.49304
0.168844 6.46735
0.169155 6.44452
0.169468 6.41899
0.169781 6.39643
0.170094 6.37129
0.170408 6.34887
0.170723 6.32431
0.171038 6.30167
0.171354 6.27731
0.171671 6.25504
0.171988 6.23079
0.172305 6.20847
0.172623 6.18441
0.172942 6.1619
0.173261 6.13791
0.173581 6.11552
0.173902 6.0918
0.174223 6.06941
0.174545 6.04614
0.174867 6.02333
0.17519 6.00082
0.175514 5.97792
0.175838 5.95593
0.176162 5.93305
0.176488 5.91148
0.176814 5.88782
0.17714 5.86741
0.177467 5.8431
0.177795 5.82309
0.178123 5.7989
0.178452 5.77903
0.178782 5.75489
0.179112 5.73517
0.179443 5.71157
0.179774 5.69133
0.180106 5.66795
0.180438 5.64795
0.180772 5.62497
0.181105 5.60525
0.18144 5.58283
0.181775 5.56281
0.182111 5.54054
0.182447 5.52074
0.182784 5.49821
0.183121 5.47849
0.183459 5.4562
0.183798 5.43641
0.184138 5.41443
0.184478 5.3946
0.184818 5.37274
0.18516 5.35303
0.185502 5.33154
0.185844 5.31179
0.186187 5.2907
0.186531 5.27104
0.186876 5.25045
0.187221 5.23084
0.187566 5.21006
0.187913 5.19051
0.18826 5.17002
0.188607 5.15012
0.188956 5.13004
0.189305 5.11015
0.189654 5.09043
0.190004 5.07023
0.190355 5.0509
0.190707 5.03045
0.191059 5.01169
0.191412 4.99023
0.191765 4.97302
0.192119 4.95202
0.192474 4.93462
0.192829 4.91366
0.193186 4.89623
0.193542 4.87559
0.1939 4.85804
0.194258 4.83756
0.194616 4.81991
0.194976 4.79954
0.195336 4.7821
0.195697 4.76193
0.196058 4.74452
0.19642 4.72462
0.196783 4.70716
0.197146 4.68744
0.19751 4.67021
0.197875 4.65075
0.19824 4.63366
0.198606 4.6145
0.198973 4.59734
0.199341 4.57842
0.199709 4.56097
0.200077 4.54209
0.200447 4.52482
0.200817 4.50617
0.201188 4.48881
0.201559 4.47032
0.201932 4.45285
0.202304 4.4345
0.202678 4.41736
0.203052 4.39928
0.203427 4.38243
0.203803 4.36479
0.204179 4.34737
0.204556 4.33016
0.204934 4.31261
0.205312 4.2957
0.205692 4.27803
0.206071 4.26125
0.206452 4.24312
0.206833 4.22718
0.207215 4.20842
0.207598 4.19296
0.207981 4.17461
0.208365 4.1593
0.20875 4.14085
0.209135 4.12583
0.209522 4.10812
0.209908 4.09271
0.210296 4.07515
0.210684 4.05981
0.211073 4.04211
0.211463 4.02702
0.211854 4.00958
0.212245 3.99424
0.212637 3.97699
0.21303 3.96186
0.213423 3.9444
0.213817 3.92935
0.214212 3.91229
0.214607 3.89717
0.215004 3.88044
0.215401 3.86548
0.215799 3.84913
0.216197 3.83405
0.216596 3.81786
0.216996 3.80272
0.217397 3.7867
0.217798 3.77143
0.218201 3.75559
0.218603 3.74051
0.219007 3.72448
0.219412 3.70943
0.219817 3.69379
0.220223 3.67857
0.220629 3.66319
0.221037 3.64804
0.221445 3.63306
0.221854 3.6179
0.222263 3.60339
0.222674 3.58797
0.223085 3.57364
0.223497 3.55736
0.22391 3.54418
0.224323 3.52789
0.224737 3.51466
0.225152 3.49848
0.225568 3.48509
0.225985 3.46921
0.226402 3.45586
0.22682 3.4402
0.227239 3.42679
0.227659 3.4113
0.228079 3.3981
0.2285 3.38301
0.228922 3.36996
0.229345 3.35491
0.229768 3.34165
0.230193 3.32678
0.230618 3.31348
0.231044 3.29851
0.23147 3.28545
0.231898 3.27066
0.232326 3.25762
0.232755 3.24301
0.233185 3.22972
0.233615 3.21533
0.234047 3.20227
0.234479 3.18808
0.234912 3.17515
0.235346 3.16133
0.23578 3.14814
0.236216 3.13444
0.236652 3.12137
0.237089 3.10776
0.237527 3.09475
0.237965 3.08128
0.238405 3.06793
0.238845 3.05481
0.239286 3.04137
0.239728 3.02855
0.240171 3.01507
0.240614 3.00234
0.241058 2.98866
0.241504 2.97667
0.24195 2.96272
0.242396 2.95116
0.242844 2.93744
0.243292 2.92587
0.243742 2.91197
0.244192 2.90056
0.244643 2.88698
0.245094 2.8752
0.245547 2.8618
0.246 2.85019
0.246455 2.83673
0.24691 2.82525
0.247366 2.81197
0.247822 2.80049
0.24828 2.78732
0.248739 2.77613
0.249198 2.76313
0.249658 2.7519
0.250119 2.73914
0.250581 2.72774
0.251044 2.71516
0.251507 2.70382
0.251972 2.69139
0.252437 2.67988
0.252903 2.66747
0.25337 2.65603
0.253838 2.64385
0.254307 2.63238
0.254776 2.62039
0.255247 2.609
0.255718 2.597
0.25619 2.58582
0.256663 2.5742
0.257137 2.56293
0.257612 2.55146
0.258088 2.54004
0.258565 2.52879
0.259042 2.51725
0.25952 2.50627
0.26 2.49456
0.26048 2.4837
0.260961 2.47133
0.261443 2.4614
0.261925 2.4491
0.262409 2.4392
0.262894 2.42701
0.263379 2.41719
0.263865 2.40542
0.264353 2.39554
0.264841 2.38394
0.26533 2.37396
0.26582 2.36234
0.266311 2.35241
0.266803 2.34094
0.267295 2.33109
0.267789 2.31969
0.268283 2.3097
0.268779 2.29845
0.269275 2.28855
0.269772 2.27728
0.27027 2.26754
0.27077 2.25647
0.27127 2.24682
0.27177 2.23603
0.272272 2.22623
0.272775 2.2156
0.273279 2.20592
0.273783 2.19533
0.274289 2.18555
0.274796 2.17515
0.275303 2.16522
0.275811 2.15491
0.276321 2.14509
0.276831 2.1349
0.277342 2.12509
0.277854 2.11504
0.278367 2.10508
0.278881 2.09534
0.279396 2.08555
0.279912 2.07604
0.280429 2.06614
0.280947 2.05676
0.281466 2.04673
0.281986 2.03767
0.282506 2.02714
0.283028 2.01851
0.283551 2.00814
0.284074 1.99962
0.284599 1.98909
0.285124 1.98063
0.285651 1.97041
0.286178 1.96178
0.286707 1.95176
0.287236 1.94328
0.287767 1.93341
0.288298 1.92502
0.28883 1.91532
0.289364 1.90689
0.289898 1.89722
0.290433 1.8888
0.29097 1.87912
0.291507 1.87072
0.292045 1.86115
0.292585 1.85269
0.293125 1.84333
0.293666 1.83494
0.294208 1.82569
0.294752 1.8172
0.295296 1.80804
0.295841 1.79972
0.296388 1.79089
0.296935 1.78253
0.297483 1.77377
0.298033 1.76542
0.298583 1.75657
0.299134 1.74825
0.299687 1.73962
0.30024 1.73123
0.300795 1.72267
0.30135 1.7142
0.301906 1.70593
0.302464 1.69734
0.303022 1.68924
0.303582 1.6806
0.304143 1.67268
0.304704 1.66385
0.305267 1.65652
0.305831 1.64762
0.306395 1.64036
0.306961 1.63151
0.307528 1.6243
0.308096 1.61548
0.308665 1.60826
0.309235 1.59963
0.309806 1.59232
0.310378 1.58368
0.310951 1.57643
0.311525 1.56794
0.312101 1.56077
0.312677 1.55246
0.313254 1.54525
0.313833 1.5371
0.314412 1.52998
0.314993 1.52188
0.315574 1.51481
0.316157 1.50676
0.316741 1.49967
0.317326 1.49172
0.317912 1.48452
0.318499 1.47671
0.319087 1.4696
0.319676 1.46189
0.320267 1.45468
0.320858 1.44709
0.321451 1.43988
0.322044 1.4324
0.322639 1.42533
0.323235 1.418
0.323832 1.41099
0.32443 1.40374
0.325029 1.39659
0.325629 1.38956
0.32623 1.38237
0.326833 1.37541
0.327436 1.36811
0.328041 1.36128
0.328646 1.35394
0.329253 1.34736
0.329861 1.33964
0.33047 1.33346
0.331081 1.32588
0.331692 1.3198
0.332305 1.31233
0.332918 1.30624
0.333533 1.29896
0.334149 1.29281
0.334766 1.28561
0.335384 1.27947
0.336003 1.2723
0.336624 1.26618
0.337246 1.25908
0.337868 1.25301
0.338492 1.24597
0.339117 1.23988
0.339743 1.23289
0.340371 1.22681
0.340999 1.21994
0.341629 1.21396
0.34226 1.2073
0.342892 1.20131
0.343525 1.19481
0.344159 1.18874
0.344795 1.1822
0.345432 1.17625
0.34607 1.16978
0.346709 1.16381
0.347349 1.15741
0.34799 1.1514
0.348633 1.14501
0.349277 1.13904
0.349922 1.13284
0.350568 1.12688
0.351215 1.12076
0.351864 1.1148
0.352513 1.10892
0.353164 1.10291
0.353817 1.09719
0.35447 1.0911
0.355125 1.08546
0.35578 1.07914
0.356437 1.07384
0.357095 1.06742
0.357755 1.06226
0.358416 1.05586
0.359077 1.05075
0.35974 1.0444
0.360405 1.03932
0.36107 1.03313
0.361737 1.02803
0.362405 1.02195
0.363074 1.0169
0.363745 1.01098
0.364416 1.00596
0.365089 1.0001
0.365763 0.994975
0.366439 0.989182
0.367116 0.984113
0.367793 0.978273
0.368473 0.973271
0.369153 0.967528
0.369835 0.962503
0.370518 0.956843
0.371202 0.951811
0.371887 0.946267
0.372574 0.941329
0.373262 0.935932
0.373951 0.930952
0.374642 0.925674
0.375334 0.920659
0.376027 0.915449
0.376721 0.910433
0.377417 0.905227
0.378114 0.900259
0.378812 0.895142
0.379511 0.890097
0.380212 0.885087
0.380914 0.880027
0.381618 0.875143
0.382322 0.870022
0.383028 0.865307
0.383736 0.860216
0.384444 0.855643
0.385154 0.850343
0.385866 0.846099
0.386578 0.840839
0.387292 0.836583
0.388007 0.831331
0.388724 0.827087
0.389441 0.821933
0.390161 0.817626
0.390881 0.812544
0.391603 0.808271
0.392326 0.803217
0.39305 0.799024
0.393776 0.79403
0.394503 0.789892
0.395232 0.785039
0.395962 0.780882
0.396693 0.776129
0.397425 0.771956
0.398159 0.767222
0.398895 0.763072
0.399631 0.758423
0.400369 0.754271
0.401108 0.749697
0.401849 0.745503
0.402591 0.74094
0.403335 0.736804
0.404079 0.732296
0.404826 0.728175
0.405573 0.72375
0.406322 0.719661
0.407072 0.715338
0.407824 0.711302
0.408577 0.707074
0.409332 0.703025
0.410088 0.698849
0.410845 0.694712
0.411604 0.690673
0.412364 0.686483
0.413125 0.682524
0.413888 0.678304
0.414652 0.674436
0.415418 0.670088
0.416185 0.666444
0.416954 0.66201
0.417723 0.658504
0.418495 0.654182
0.419268 0.650756
0.420042 0.646493
0.420818 0.643091
0.421595 0.638924
0.422373 0.63544
0.423153 0.631297
0.423934 0.627832
0.424717 0.623722
0.425502 0.620299
0.426287 0.616238
0.427075 0.612779
0.427863 0.608805
0.428653 0.605404
0.429445 0.601426
0.430238 0.598055
0.431032 0.594188
0.431828 0.590851
0.432626 0.587096
0.433425 0.583762
0.434225 0.580026
0.435027 0.576683
0.43583 0.573017
0.436635 0.569642
0.437441 0.566026
0.438249 0.562627
0.439058 0.559071
0.439869 0.555705
0.440681 0.552161
0.441495 0.548827
0.44231 0.545376
0.443127 0.542028
0.443945 0.538703
0.444765 0.535379
0.445586 0.532157
0.446409 0.528776
0.447234 0.525624
0.448059 0.522199
0.448887 0.51912
0.449716 0.5155
0.450546 0.512673
0.451378 0.509095
0.452212 0.506259
0.453047 0.502705
0.453883 0.499894
0.454722 0.496418
0.455561 0.493626
0.456402 0.490241
0.457245 0.487459
0.45809 0.484173
0.458935 0.481419
0.459783 0.478151
0.460632 0.4754
0.461483 0.472168
0.462335 0.469395
0.463189 0.4662
0.464044 0.463436
0.464901 0.460238
0.465759 0.457516
0.466619 0.45439
0.467481 0.451668
0.468344 0.44862
0.469209 0.445906
0.470076 0.442913
0.470944 0.440251
0.471813 0.437347
0.472684 0.434662
0.473557 0.431796
0.474432 0.429094
0.475308 0.426244
0.476186 0.423561
0.477065 0.420753
0.477946 0.418083
0.478828 0.415336
0.479713 0.412589
0.480598 0.409935
0.481486 0.407185
0.482375 0.404614
0.483266 0.401873
0.484158 0.399373
0.485052 0.396634
0.485948 0.394265
0.486845 0.391424
0.487744 0.389138
0.488645 0.386358
0.489547 0.384093
0.490451 0.381275
0.491357 0.379043
0.492264 0.376291
0.493173 0.374035
0.494084 0.371313
0.494996 0.369085
0.495911 0.366388
0.496826 0.36421
0.497744 0.36159
0.498663 0.359418
0.499584 0.356888
0.500506 0.354742
0.50143 0.352197
0.502356 0.350039
0.503284 0.347547
0.504213 0.345379
0.505144 0.342925
0.506077 0.340768
0.507012 0.338344
0.507948 0.336181
0.508886 0.333795
0.509826 0.331637
0.510767 0.329312
0.51171 0.327155
0.512655 0.324905
0.513602 0.322813
0.51455 0.32059
0.515501 0.318483
0.516453 0.316314
0.517406 0.314185
0.518362 0.312047
0.519319 0.309906
0.520278 0.307828
0.521239 0.305648
0.522201 0.303637
0.523165 0.301436
0.524131 0.299466
0.525099 0.297141
0.526069 0.295384
0.52704 0.293111
0.528014 0.291373
0.528989 0.289177
0.529966 0.28742
0.530944 0.28526
0.531925 0.28351
0.532907 0.281372
0.533891 0.279628
0.534877 0.277492
0.535865 0.275749
0.536854 0.273657
0.537845 0.271941
0.538839 0.269858
0.539834 0.268135
0.54083 0.266113
0.541829 0.264405
0.54283 0.262413
0.543832 0.260753
0.544836 0.258831
0.545842 0.257171
0.54685 0.255271
0.54786 0.253586
0.548872 0.251716
0.549885 0.250048
0.550901 0.248197
0.551918 0.246523
0.552937 0.244703
0.553958 0.243011
0.554981 0.241236
0.556006 0.23956
0.557033 0.23782
0.558061 0.236171
0.559092 0.234484
0.560124 0.232833
0.561159 0.231219
0.562195 0.22955
0.563233 0.227974
0.564273 0.22629
0.565315 0.22474
0.566359 0.223018
0.567405 0.221546
0.568453 0.219752
0.569502 0.21836
0.570554 0.216607
0.571608 0.215228
0.572663 0.213469
0.573721 0.212137
0.57478 0.210436
0.575842 0.209091
0.576905 0.20747
0.57797 0.206136
0.579037 0.204518
0.580107 0.203191
0.581178 0.201593
0.582251 0.200258
0.583326 0.198669
0.584404 0.197364
0.585483 0.195784
0.586564 0.194478
0.587647 0.19293
0.588732 0.191617
0.589819 0.190111
0.590908 0.188818
0.592 0.187358
0.593093 0.18608
0.594188 0.184664
0.595285 0.183387
0.596385 0.182001
0.597486 0.180715
0.598589 0.179346
0.599694 0.178062
0.600802 0.176701
0.601911 0.17542
0.603023 0.174097
0.604136 0.172812
0.605252 0.171513
0.60637 0.170213
0.607489 0.168965
0.608611 0.167665
0.609735 0.166472
0.610861 0.165194
0.611989 0.164039
0.613119 0.162684
0.614251 0.161637
0.615386 0.160281
0.616522 0.159238
0.61766 0.157892
0.618801 0.156852
0.619944 0.155534
0.621088 0.154498
0.622235 0.153199
0.623384 0.152171
0.624535 0.150881
0.625689 0.149866
0.626844 0.148615
0.628002 0.147632
0.629161 0.146441
0.630323 0.145436
0.631487 0.14426
0.632653 0.143266
0.633821 0.14209
0.634992 0.141105
0.636164 0.139948
0.637339 0.13896
0.638516 0.137817
0.639695 0.136824
0.640876 0.135706
0.64206 0.13473
0.643246 0.133636
0.644433 0.132661
0.645623 0.131606
0.646816 0.130646
0.64801 0.129631
0.649207 0.128673
0.650405 0.127676
0.651606 0.126712
0.65281 0.125729
0.654015 0.124753
0.655223 0.123793
0.656433 0.122815
0.657645 0.121883
0.658859 0.120888
0.660076 0.119984
0.661295 0.118979
0.662516 0.118124
0.66374 0.117071
0.664965 0.116296
0.666193 0.115309
0.667423 0.114537
0.668656 0.113538
0.669891 0.112774
0.671128 0.111796
0.672367 0.111023
0.673608 0.110058
0.674852 0.109289
0.676099 0.108335
0.677347 0.107572
0.678598 0.106632
0.679851 0.105881
0.681106 0.104952
0.682364 0.104208
0.683624 0.103304
0.684887 0.102576
0.686151 0.101716
0.687418 0.100986
0.688688 0.100144
0.689959 0.0994146
0.691233 0.0985812
0.69251 0.0978458
0.693789 0.0970199
0.69507 0.0962895
0.696353 0.095483
0.697639 0.094752
0.698928 0.09396
0.700218 0.0932338
0.701511 0.0924536
0.702807 0.0917345
0.704104 0.0909914
0.705405 0.0902864
0.706707 0.0895704
0.708012 0.0888587
0.70932 0.0881665
0.710629 0.0874408
0.711942 0.0867648
0.713256 0.0860298
0.714574 0.0853739
0.715893 0.0846012
0.717215 0.0840034
0.718539 0.0832228
0.719866 0.0826413
0.721196 0.0818733
0.722527 0.0813067
0.723862 0.0805505
0.725198 0.0799964
0.726537 0.0792893
0.727879 0.0787334
0.729223 0.0780259
0.73057 0.0774719
0.731919 0.0767775
0.73327 0.0762267
0.734624 0.0755438
0.735981 0.0749856
0.73734 0.0743107
0.738702 0.0737603
0.740066 0.0730927
0.741432 0.0725498
0.742801 0.0718976
0.744173 0.0713591
0.745547 0.0707233
0.746924 0.070197
0.748303 0.0695942
0.749685 0.0690699
0.75107 0.0684803
0.752456 0.067949
0.753846 0.0673694
0.755238 0.0668353
0.756633 0.0662633
0.75803 0.0657302
0.75943 0.0651697
0.760832 0.0646388
0.762237 0.064089
0.763644 0.0635533
0.765055 0.0630274
0.766467 0.0624916
0.767883 0.0619883
0.769301 0.0614591
0.770721 0.0609812
0.772145 0.0604484
0.77357 0.0599914
0.774999 0.059421
0.77643 0.0590027
0.777864 0.058443
0.7793 0.0580234
0.780739 0.0574687
0.782181 0.0570522
0.783625 0.0565087
0.785072 0.056092
0.786522 0.0555563
0.787974 0.0551497
0.78943 0.0546262
0.790887 0.0542286
0.792348 0.0537352
0.793811 0.0533439
0.795277 0.0528567
0.796745 0.0524614
0.798217 0.0519813
0.799691 0.0515839
0.801167 0.0511084
0.802647 0.0507141
0.804129 0.0502496
0.805614 0.0498548
0.807101 0.0493999
0.808592 0.0490048
0.810085 0.0485557
0.811581 0.0481738
0.81308 0.0477349
0.814581 0.0473625
0.816085 0.0469479
0.817592 0.0465747
0.819102 0.0461664
0.820615 0.0457893
0.82213 0.0453947
0.823648 0.0450154
0.825169 0.0446235
0.826693 0.0442406
0.828219 0.0438635
0.829749 0.0434736
0.831281 0.0431118
0.832816 0.0427166
0.834354 0.042371
0.835895 0.0419594
0.837438 0.0416508
0.838985 0.0412482
0.840534 0.0409534
0.842086 0.0405572
0.843641 0.0402654
0.845199 0.0398725
0.84676 0.039582
0.848323 0.039196
0.84989 0.0389032
0.851459 0.038519
0.853031 0.0382292
0.854607 0.0378536
0.856185 0.0375684
0.857766 0.0371999
0.85935 0.0369128
0.860937 0.0365565
0.862526 0.0362827
0.864119 0.0359389
0.865715 0.0356666
0.867313 0.0353336
0.868915 0.0350595
0.87052 0.0347313
0.872127 0.0344559
0.873738 0.0341307
0.875351 0.0338571
0.876967 0.0335405
0.878587 0.0332644
0.880209 0.0329541
0.881835 0.0326786
0.883463 0.0323783
0.885094 0.0321023
0.886729 0.0318116
0.888366 0.0315465
0.890007 0.0312712
0.89165 0.0310045
0.893297 0.0307375
0.894946 0.0304667
0.896599 0.0302086
0.898255 0.0299305
0.899913 0.0296814
0.901575 0.0293986
0.90324 0.029161
0.904908 0.0288579
0.906579 0.0286463
0.908253 0.0283492
0.90993 0.0281395
0.911611 0.0278486
0.913294 0.0276465
0.91498 0.0273727
0.91667 0.0271698
0.918363 0.0269035
0.920059 0.0267009
0.921758 0.0264366
0.92346 0.0262363
0.925165 0.0259747
0.926873 0.0257753
0.928585 0.0255169
0.9303 0.0253167
0.932018 0.025065
0.933739 0.0248647
0.935463 0.0246161
0.93719 0.0244206
0.938921 0.0241805
0.940655 0.0239898
0.942392 0.0237637
0.944132 0.023573
0.945875 0.0233521
0.947622 0.0231621
0.949372 0.0229433
0.951125 0.0227524
0.952881 0.0225374
0.954641 0.0223465
0.956404 0.0221368
0.95817 0.0219441
0.959939 0.02174
0.961712 0.0215479
0.963488 0.0213492
0.965267 0.0211561
0.967049 0.020969
0.968835 0.0207787
0.970624 0.0206021
0.972417 0.0204109
0.974212 0.0202433
0.976011 0.0200423
0.977814 0.0198868
0.979619 0.0196781
0.981428 0.0195307
0.983241 0.0193244
0.985056 0.0191803
0.986875 0.0189758
0.988698 0.0188333
0.990523 0.0186343
0.992352 0.0184923
0.994185 0.0182979
0.996021 0.0181595
0.99786 0.0179756
0.999703 0.0178405
1.00155 0.017662
1.0034 0.0175249
1.00525 0.01735
1.00711 0.0172147
1.00897 0.0170401
1.01083 0.0169032
1.0127 0.0167324
1.01457 0.0165963
1.01644 0.0164282
1.01832 0.0162937
1.0202 0.0161291
1.02208 0.0159953
1.02397 0.0158376
1.02586 0.0157066
1.02775 0.0155572
1.02965 0.0154269
1.03155 0.0152832
1.03346 0.0151525
1.03537 0.0150101
1.03728 0.0148788
1.03919 0.01474
1.04111 0.0146067
1.04304 0.0144721
1.04496 0.0143367
1.04689 0.0142073
1.04882 0.0140696
1.05076 0.0139471
1.0527 0.0138066
1.05465 0.0136927
1.05659 0.0135459
1.05854 0.0134487
1.0605 0.0133079
1.06246 0.0132102
1.06442 0.0130703
1.06638 0.0129722
1.06835 0.0128345
1.07033 0.0127369
1.0723 0.0126008
1.07428 0.0125025
1.07627 0.0123692
1.07825 0.0122726
1.08025 0.012141
1.08224 0.0120466
1.08424 0.0119179
1.08624 0.0118251
1.08825 0.0117049
1.09026 0.0116129
1.09227 0.0114965
1.09429 0.0114054
1.09631 0.0112902
1.09833 0.0111988
1.10036 0.0110856
1.10239 0.0109933
1.10443 0.0108816
1.10647 0.0107902
1.10851 0.0106808
1.11056 0.0105889
1.11261 0.0104827
1.11466 0.0103911
1.11672 0.0102891
1.11878 0.0101996
1.12085 0.0101033
1.12292 0.0100156
1.12499 0.00992374
1.12707 0.00983284
1.12915 0.00974403
1.13124 0.00965134
1.13333 0.00956555
1.13542 0.00947092
1.13751 0.00938857
1.13962 0.00929009
1.14172 0.00921399
1.14383 0.00911001
1.14594 0.00904173
1.14806 0.00894085
1.15018 0.00887488
1.1523 0.00877779
1.15443 0.00871368
1.15656 0.00862189
1.1587 0.00855681
1.16083 0.00846563
1.16298 0.00840101
1.16513 0.00831054
1.16728 0.00824585
1.16943 0.00815681
1.17159 0.00809221
1.17376 0.00800451
1.17592 0.0079409
1.1781 0.00785474
1.18027 0.00779147
1.18245 0.00770807
1.18463 0.00764657
1.18682 0.00756773
1.18901 0.00750739
1.19121 0.0074324
1.19341 0.0073712
1.19561 0.00729716
1.19782 0.00723549
1.20003 0.00716289
1.20225 0.00710066
1.20447 0.00702965
1.20669 0.0069672
1.20892 0.00689785
1.21115 0.00683501
1.21339 0.00676819
1.21563 0.00670499
1.21787 0.00664122
1.22012 0.00657927
1.22238 0.00651997
1.22463 0.00645802
1.2269 0.00640241
1.22916 0.00633831
1.23143 0.00628508
1.2337 0.00621403
1.23598 0.00616884
1.23826 0.00609862
1.24055 0.00605352
1.24284 0.00598427
1.24514 0.00593892
1.24744 0.00587135
1.24974 0.00582679
1.25205 0.00576074
1.25436 0.00571765
1.25668 0.00565467
1.259 0.0056123
1.26132 0.00555297
1.26365 0.00551093
1.26598 0.00545176
1.26832 0.005409
1.27066 0.00535104
1.27301 0.00530815
1.27536 0.00525065
1.27772 0.00520833
1.28008 0.00515169
1.28244 0.00510945
1.28481 0.00505399
1.28718 0.00501155
1.28956 0.00495847
1.29194 0.00491742
1.29432 0.00486683
1.29671 0.00482669
1.29911 0.00477899
1.30151 0.00473801
1.30391 0.0046913
1.30632 0.00464981
1.30873 0.00460442
1.31115 0.00456216
1.31357 0.00451772
1.31599 0.00447482
1.31842 0.00443186
1.32086 0.00438825
1.3233 0.00434758
1.32574 0.00430307
1.32819 0.0042653
1.33064 0.00422005
1.3331 0.00418628
1.33556 0.00413965
1.33803 0.00411001
1.3405 0.00406407
1.34297 0.00403426
1.34545 0.00398836
1.34794 0.00395895
1.35043 0.00391354
1.35292 0.00388377
1.35542 0.00383929
1.35792 0.00380979
1.36043 0.00376602
1.36294 0.00373679
1.36546 0.00369412
1.36798 0.00366558
1.37051 0.00362509
1.37304 0.00359779
1.37557 0.00355943
1.37811 0.00353191
1.38066 0.00349414
1.38321 0.00346613
1.38576 0.00342895
1.38832 0.00340093
1.39088 0.00336451
1.39345 0.00333606
1.39603 0.00330028
1.3986 0.00327181
1.40119 0.0032371
1.40377 0.00320876
1.40637 0.0031753
1.40896 0.0031475
1.41157 0.00311578
1.41417 0.00308878
1.41678 0.00305927
1.4194 0.00303172
1.42202 0.0030028
1.42465 0.0029744
1.42728 0.00294663
1.42991 0.00291713
1.43255 0.00289068
1.4352 0.00286005
1.43785 0.00283519
1.4405 0.00280163
1.44316 0.00278078
1.44583 0.00274712
1.4485 0.00272753
1.45117 0.00269531
1.45385 0.00267634
1.45654 0.00264665
1.45923 0.0026275
1.46192 0.00259801
1.46462 0.00257891
1.46733 0.00254941
1.47004 0.00253019
1.47275 0.00250109
1.47547 0.00248194
1.47819 0.00245344
1.48092 0.00243406
1.48366 0.00240605
1.4864 0.00238703
1.48914 0.00235969
1.49189 0.0023412
1.49465 0.0023153
1.49741 0.00229736
1.50017 0.00227308
1.50294 0.00225487
1.50572 0.00223101
1.5085 0.00221265
1.51129 0.0021892
1.51408 0.00217062
1.51687 0.00214771
1.51967 0.00212877
1.52248 0.0021063
1.52529 0.00208725
1.52811 0.00206566
1.53093 0.00204635
1.53376 0.00202573
1.53659 0.00200661
1.53943 0.00198733
1.54227 0.00196883
1.54512 0.00195112
1.54797 0.0019317
1.55083 0.00191479
1.55369 0.00189418
1.55656 0.0018787
1.55944 0.00185595
1.56231 0.00184272
1.5652 0.00182037
1.56809 0.00180716
1.57099 0.00178491
1.57389 0.00177201
1.57679 0.00175032
1.5797 0.00173771
1.58262 0.00171695
1.58554 0.00170484
1.58847 0.00168576
1.59141 0.00167346
1.59434 0.00165457
1.59729 0.00164229
1.60024 0.00162354
1.60319 0.00161104
1.60615 0.0015925
1.60912 0.00157995
1.61209 0.00156178
1.61507 0.00154917
1.61805 0.0015314
1.62104 0.00151887
1.62403 0.00150166
1.62703 0.00148932
1.63003 0.00147293
1.63304 0.00146107
1.63606 0.00144597
1.63908 0.00143408
1.64211 0.0014191
1.64514 0.00140688
1.64818 0.00139224
1.65122 0.00137972
1.65427 0.00136565
1.65733 0.00135275
1.66039 0.00133904
1.66345 0.00132587
1.66652 0.0013129
1.6696 0.00129938
1.67268 0.00128723
1.67577 0.00127338
1.67887 0.00126262
1.68197 0.00124848
1.68507 0.00123948
1.68819 0.00122468
1.6913 0.0012163
1.69443 0.00120158
1.69756 0.0011932
1.70069 0.00117861
1.70383 0.0011702
1.70698 0.00115573
1.71013 0.0011473
1.71329 0.00113311
1.71645 0.00112474
1.71962 0.00111085
1.7228 0.00110271
1.72598 0.00108946
1.72916 0.0010816
1.73236 0.00106952
1.73556 0.00106159
1.73876 0.00104957
1.74197 0.00104159
1.74519 0.00102973
1.74841 0.00102162
1.75164 0.00100993
1.75487 0.0010017
1.75812 0.000990185
1.76136 0.00098193
1.76461 0.000970797
1.76787 0.000962447
1.77114 0.000951671
1.77441 0.000943391
1.77768 0.000933226
1.78097 0.000925357
1.78426 0.000916057
1.78755 0.000907984
1.79085 0.000898877
1.79416 0.000890509
1.79747 0.000881813
1.80079 0.000873104
1.80412 0.00086472
1.80745 0.000855565
1.81079 0.000847727
1.81413 0.000838018
1.81748 0.000830978
1.82084 0.000820044
1.8242 0.000814511
1.82757 0.000803999
1.83094 0.000798713
1.83432 0.000789272
1.83771 0.000783945
1.8411 0.000774562
1.8445 0.000769146
1.84791 0.000759783
1.85132 0.000754378
1.85474 0.000745096
1.85816 0.000739614
1.8616 0.000730507
1.86503 0.000725072
1.86848 0.000716035
1.87193 0.000710572
1.87538 0.000701791
1.87885 0.000696415
1.88232 0.000687966
1.88579 0.000682921
1.88928 0.000675333
1.89276 0.000670165
1.89626 0.000662654
1.89976 0.00065739
1.90327 0.000649949
1.90678 0.000644655
1.9103 0.00063732
1.91383 0.000631896
1.91737 0.000624734
1.92091 0.000619234
1.92445 0.000612287
1.92801 0.000606648
1.93157 0.000600069
1.93514 0.000594394
1.93871 0.000588216
1.94229 0.000582843
1.94588 0.000577315
1.94947 0.000571653
1.95307 0.000566407
1.95667 0.000560378
1.96029 0.000555514
1.96391 0.000548776
1.96753 0.000544631
1.97117 0.000537448
1.97481 0.000533785
1.97845 0.000526672
1.98211 0.000523067
1.98577 0.000516091
1.98943 0.000512552
1.99311 0.000505783
1.99679 0.00050247
2.00048 0.000496398
2.00417 0.000493013
2.00787 0.000487043
2.01158 0.000483628
2.01529 0.000477687
2.01902 0.000474189
2.02274 0.000468327
2.02648 0.00046485
2.03022 0.000459005
2.03397 0.000455481
2.03773 0.000449776
2.04149 0.000446237
2.04526 0.000440689
2.04904 0.000437191
2.05282 0.000431837
2.05661 0.000428553
2.06041 0.0004238
2.06421 0.000420419
2.06802 0.000415737
2.07184 0.000412268
2.07567 0.000407708
2.0795 0.000404089
2.08334 0.000399643
2.08719 0.000395932
2.09104 0.000391634
2.0949 0.000387805
2.09877 0.000383706
2.10265 0.000379759
2.10653 0.000375897
2.11042 0.000371791
2.11432 0.000368351
2.11822 0.000364305
2.12213 0.000361408
2.12605 0.000356744
2.12998 0.00035448
2.13391 0.000349844
2.13785 0.000347546
2.1418 0.000342952
2.14576 0.000340637
2.14972 0.000336071
2.15369 0.00033373
2.15766 0.000329233
2.16165 0.000326897
2.16564 0.000322478
2.16964 0.000320217
2.17365 0.000315917
2.17766 0.000313787
2.18168 0.000309944
2.18571 0.000307781
2.18975 0.000304031
2.19379 0.00030181
2.19784 0.000298072
2.2019 0.000295831
2.20597 0.000292154
2.21004 0.000289868
2.21412 0.000286249
2.21821 0.000283927
2.2223 0.000280371
2.22641 0.000278024
2.23052 0.000274584
2.23464 0.000272223
2.23876 0.000268953
2.2429 0.000266752
2.24704 0.000263829
2.25119 0.000261565
2.25535 0.000258733
2.25951 0.000256373
2.26368 0.000253629
2.26786 0.000251158
2.27205 0.000248545
2.27625 0.000245919
2.28045 0.000243461
2.28466 0.000240658
2.28888 0.000238427
2.29311 0.000235306
2.29734 0.000233463
2.30158 0.000230086
2.30583 0.00022867
2.31009 0.000225662
2.31436 0.000224255
2.31863 0.000221304
2.32291 0.000219877
2.3272 0.000216952
2.3315 0.000215498
2.33581 0.000212589
2.34012 0.000211118
2.34444 0.000208227
2.34877 0.000206746
2.35311 0.000203898
2.35745 0.000202407
2.36181 0.000199619
2.36617 0.00019816
2.37054 0.00019546
2.37491 0.000194075
2.3793 0.000191654
2.38369 0.000190267
2.38809 0.000187924
2.3925 0.000186502
2.39692 0.00018418
2.40135 0.000182718
2.40578 0.00018044
2.41023 0.000178932
2.41468 0.000176702
2.41914 0.000175147
2.4236 0.000172987
2.42808 0.000171402
2.43256 0.000169322
2.43705 0.00016771
2.44155 0.00016577
2.44606 0.000164229
2.45058 0.000162507
2.4551 0.000160912
2.45964 0.000159312
2.46418 0.000157606
2.46873 0.000156103
2.47329 0.000154224
2.47786 0.00015289
2.48243 0.000150642
2.48702 0.000149681
2.49161 0.000147457
2.49621 0.000146506
2.50082 0.000144312
2.50544 0.000143359
2.51006 0.000141229
2.5147 0.00014034
2.51934 0.000138428
2.52399 0.000137532
2.52866 0.000135696
2.53333 0.000134789
2.538 0.000132954
2.54269 0.00013204
2.54739 0.00013021
2.55209 0.000129273
2.5568 0.000127476
2.56152 0.000126513
2.56625 0.000124744
2.57099 0.000123786
2.57574 0.000122042
2.5805 0.00012109
2.58526 0.000119421
2.59004 0.000118519
2.59482 0.000117017
2.59961 0.00011612
2.60441 0.000114685
2.60922 0.000113749
2.61404 0.000112348
2.61886 0.000111371
2.6237 0.000110001
2.62855 0.000108981
2.6334 0.00010765
2.63826 0.000106594
2.64313 0.000105327
2.64801 0.000104209
2.6529 0.00010302
2.6578 0.000101866
2.66271 0.000100792
2.66763 9.96465e-05
2.67255 9.87348e-05
2.67749 9.74941e-05
2.68243 9.67453e-05
2.68739 9.53263e-05
2.69235 9.4739e-05
2.69732 9.3331e-05
2.7023 9.27324e-05
2.70729 9.13241e-05
2.71229 9.07202e-05
2.7173 8.93337e-05
2.72232 8.8723e-05
2.72735 8.73584e-05
2.73238 8.67604e-05
2.73743 8.54281e-05
2.74248 8.48669e-05
2.74755 8.36611e-05
2.75262 8.31048e-05
2.7577 8.19635e-05
2.7628 8.13955e-05
2.7679 8.02625e-05
2.77301 7.96844e-05
2.77813 7.85603e-05
2.78326 7.796e-05
2.7884 7.68485e-05
2.79355 7.6241e-05
2.79871 7.51523e-05
2.80387 7.45247e-05
2.80905 7.34637e-05
2.81424 7.28399e-05
2.81944 7.18254e-05
2.82464 7.12292e-05
2.82986 7.0322e-05
2.83508 6.9719e-05
2.84032 6.88777e-05
2.84556 6.82455e-05
2.85082 6.74252e-05
2.85608 6.67542e-05
2.86136 6.59683e-05
2.86664 6.52557e-05
2.87193 6.45148e-05
2.87724 6.37417e-05
2.88255 6.30647e-05
2.88787 6.22184e-05
2.89321 6.16297e-05
2.89855 6.05968e-05
2.9039 6.02413e-05
2.90926 5.93088e-05
2.91464 5.89641e-05
2.92002 5.80869e-05
2.92541 5.77271e-05
2.93081 5.68586e-05
2.93623 5.6491e-05
2.94165 5.56245e-05
2.94708 5.52533e-05
2.95252 5.43877e-05
2.95797 5.40068e-05
2.96344 5.31543e-05
2.96891 5.27747e-05
2.97439 5.19304e-05
2.97988 5.15511e-05
2.98539 5.07353e-05
2.9909 5.03803e-05
2.99642 4.96398e-05
3.00195 4.92923e-05
3.0075 4.85958e-05
3.01305 4.82399e-05
3.01862 4.75497e-05
3.02419 4.71792e-05
3.02977 4.65019e-05
3.03537 4.61147e-05
3.04097 4.54485e-05
3.04659 4.50483e-05
3.05222 4.4403e-05
3.05785 4.39859e-05
3.0635 4.33619e-05
3.06916 4.29401e-05
3.07482 4.23543e-05
3.0805 4.19436e-05
3.08619 4.14227e-05
3.09189 4.10105e-05
3.0976 4.05376e-05
3.10332 4.00933e-05
3.10905 3.96547e-05
3.11479 3.91646e-05
3.12054 3.87642e-05
3.1263 3.82076e-05
3.13208 3.78732e-05
3.13786 3.72218e-05
3.14365 3.69843e-05
3.14946 3.63396e-05
3.15528 3.61056e-05
3.1611 3.54735e-05
3.16694 3.52548e-05
3.17279 3.46802e-05
3.17865 3.44686e-05
3.18452 3.3937e-05
3.1904 3.3718e-05
3.19629 3.31903e-05
3.20219 3.29662e-05
3.2081 3.24395e-05
3.21403 3.22085e-05
3.21996 3.16861e-05
3.22591 3.14537e-05
3.23187 3.09336e-05
3.23783 3.0698e-05
3.24381 3.0189e-05
3.2498 2.99507e-05
3.2558 2.94581e-05
3.26182 2.92334e-05
3.26784 2.8789e-05
3.27387 2.857e-05
3.27992 2.81606e-05
3.28598 2.793e-05
3.29204 2.75289e-05
3.29812 2.7288e-05
3.30421 2.68959e-05
3.31031 2.66435e-05
3.31643 2.62589e-05
3.32255 2.59922e-05
3.32869 2.56244e-05
3.33483 2.5345e-05
3.34099 2.49963e-05
3.34716 2.47006e-05
3.35334 2.43835e-05
3.35953 2.40848e-05
3.36574 2.3818e-05
3.37195 2.35091e-05
3.37818 2.3287e-05
3.38442 2.29118e-05
3.39067 2.27569e-05
3.39693 2.23604e-05
3.4032 2.22219e-05
3.40949 2.18253e-05
3.41578 2.16833e-05
3.42209 2.12923e-05
3.42841 2.11483e-05
3.43474 2.07616e-05
3.44108 2.06199e-05
3.44744 2.02403e-05
3.4538 2.01065e-05
3.46018 1.97595e-05
3.46657 1.96313e-05
3.47297 1.93185e-05
3.47939 1.91856e-05
3.48581 1.88724e-05
3.49225 1.87377e-05
3.4987 1.84261e-05
3.50516 1.82863e-05
3.51163 1.79783e-05
3.51811 1.78334e-05
3.52461 1.75288e-05
3.53112 1.73812e-05
3.53764 1.70839e-05
3.54417 1.69344e-05
3.55072 1.66475e-05
3.55727 1.65033e-05
3.56384 1.62465e-05
3.57042 1.61067e-05
3.57702 1.58751e-05
3.58362 1.57268e-05
3.59024 1.55036e-05
3.59687 1.53443e-05
3.60351 1.51287e-05
3.61017 1.49585e-05
3.61683 1.47535e-05
3.62351 1.45678e-05
3.6302 1.43775e-05
3.63691 1.41736e-05
3.64362 1.40048e-05
3.65035 1.37747e-05
3.65709 1.36414e-05
3.66384 1.33819e-05
3.67061 1.33054e-05
3.67739 1.30741e-05
3.68418 1.29953e-05
3.69098 1.27637e-05
3.6978 1.2683e-05
3.70463 1.24511e-05
3.71147 1.23698e-05
3.71832 1.21385e-05
3.72519 1.20546e-05
3.73207 1.18248e-05
3.73896 1.17392e-05
3.74586 1.15131e-05
3.75278 1.1428e-05
3.75971 1.12064e-05
3.76665 1.11252e-05
3.77361 1.09216e-05
3.78058 1.08455e-05
3.78756 1.06651e-05
3.79455 1.05858e-05
3.80156 1.04069e-05
3.80858 1.03241e-05
3.81561 1.0147e-05
3.82266 1.00613e-05
3.82972 9.88623e-06
3.83679 9.79617e-06
3.84387 9.6246e-06
3.85097 9.53263e-06
3.85808 9.3655e-06
3.86521 9.26907e-06
3.87234 9.11106e-06
3.87949 9.01629e-06
3.88666 8.87628e-06
3.89384 8.78498e-06
3.90103 8.66265e-06
3.90823 8.56355e-06
3.91545 8.44827e-06
3.92268 8.33781e-06
3.92992 8.23317e-06
3.93718 8.10838e-06
3.94445 8.01619e-06
3.95173 7.86413e-06
3.95903 7.79979e-06
3.96634 7.63406e-06
3.97366 7.58473e-06
3.981 7.4215e-06
3.98835 7.3746e-06
3.99572 7.22357e-06
4.0031 7.18045e-06
4.01049 7.04801e-06
4.01789 7.00341e-06
4.02531 6.8718e-06
4.03275 6.82578e-06
4.04019 6.69444e-06
4.04765 6.64709e-06
4.05513 6.51628e-06
4.06262 6.46741e-06
4.07012 6.33754e-06
4.07763 6.28767e-06
4.08516 6.15926e-06
4.09271 6.10986e-06
4.10027 5.98435e-06
4.10784 5.93656e-06
4.11542 5.8213e-06
4.12302 5.7766e-06
4.13064 5.67692e-06
4.13826 5.63039e-06
4.14591 5.53222e-06
4.15356 5.48246e-06
4.16123 5.3861e-06
4.16892 5.33335e-06
4.17661 5.23938e-06
4.18433 5.18343e-06
4.19205 5.0922e-06
4.19979 5.03271e-06
4.20755 4.94575e-06
4.21532 4.88213e-06
4.2231 4.80268e-06
4.2309 4.73743e-06
4.23871 4.66905e-06
4.24654 4.60561e-06
4.25438 4.55062e-06
4.26224 4.47653e-06
4.27011 4.43161e-06
4.278 4.33871e-06
4.2859 4.31171e-06
4.29381 4.21893e-06
4.30174 4.1911e-06
4.30968 4.09874e-06
4.31764 4.07061e-06
4.32561 3.97883e-06
4.3336 3.95076e-06
4.3416 3.86002e-06
4.34962 3.83344e-06
4.35765 3.74875e-06
4.3657 3.72497e-06
4.37376 3.65287e-06
4.38184 3.62816e-06
4.38993 3.55614e-06
4.39804 3.53027e-06
4.40616 3.45895e-06
4.41429 3.43211e-06
4.42245 3.36067e-06
4.43061 3.33312e-06
4.43879 3.26252e-06
4.44699 3.23389e-06
4.4552 3.16441e-06
4.46343 3.13522e-06
4.47167 3.06797e-06
4.47993 3.03938e-06
4.4882 2.97753e-06
4.49649 2.95138e-06
4.50479 2.8994e-06
4.51311 2.87154e-06
4.52144 2.82103e-06
4.52979 2.7905e-06
4.53816 2.74184e-06
4.54654 2.70879e-06
4.55493 2.66203e-06
4.56335 2.62595e-06
4.57177 2.5824e-06
4.58021 2.54223e-06
4.58867 2.50286e-06
4.59715 2.45774e-06
4.60564 2.42476e-06
4.61414 2.37238e-06
4.62266 2.35182e-06
4.6312 2.30224e-06
4.63975 2.28869e-06
4.64832 2.23899e-06
4.6569 2.22517e-06
4.6655 2.17545e-06
4.67411 2.16113e-06
4.68275 2.11146e-06
4.69139 2.0967e-06
4.70006 2.047e-06
4.70874 2.03184e-06
4.71743 1.98278e-06
4.72614 1.96772e-06
4.73487 1.91929e-06
4.74361 1.90454e-06
4.75237 1.85912e-06
4.76115 1.84644e-06
4.76994 1.80861e-06
4.77875 1.79531e-06
4.78757 1.75777e-06
4.79641 1.74382e-06
4.80527 1.70665e-06
4.81414 1.69204e-06
4.82303 1.655e-06
4.83194 1.63947e-06
4.84086 1.6033e-06
4.8498 1.587e-06
4.85876 1.55156e-06
4.86773 1.5346e-06
4.87672 1.50066e-06
4.88572 1.48311e-06
4.89475 1.45243e-06
4.90378 1.43698e-06
4.91284 1.41208e-06
4.92191 1.39483e-06
4.931 1.37136e-06
4.94011 1.35228e-06
4.94923 1.33033e-06
4.95837 1.30866e-06
4.96752 1.28908e-06
4.9767 1.26345e-06
4.98589 1.24759e-06
4.99509 1.2143e-06
5.00432 1.20628e-06
5.01356 1.17334e-06
5.02282 1.16552e-06
5.03209 1.13407e-06
5.04138 1.12746e-06
5.05069 1.10217e-06
5.06002 1.0952e-06
5.06936 1.06996e-06
5.07873 1.06275e-06
5.0881 1.03746e-06
5.0975 1.03018e-06
5.10691 1.00485e-06
5.11634 9.97207e-07
5.12579 9.71987e-07
5.13526 9.64158e-07
5.14474 9.39212e-07
5.15424 9.31241e-07
5.16376 9.06599e-07
5.17329 8.98788e-07
5.18285 8.75555e-07
5.19242 8.68889e-07
5.202 8.50345e-07
5.21161 8.43278e-07
5.22123 8.24862e-07
5.23088 8.17295e-07
5.24054 7.99254e-07
5.25021 7.91203e-07
5.25991 7.73346e-07
5.26962 7.64604e-07
5.27935 7.47419e-07
5.2891 7.38017e-07
5.29887 7.21464e-07
5.30865 7.11362e-07
5.31846 6.95841e-07
5.32828 6.84996e-07
5.33812 6.71411e-07
5.34797 6.61743e-07
5.35785 6.5156e-07
5.36774 6.40322e-07
5.37765 6.31567e-07
5.38758 6.17847e-07
5.39753 6.11413e-07
5.4075 5.95032e-07
5.41749 5.91094e-07
5.42749 5.7471e-07
5.43751 5.70689e-07
5.44755 5.54342e-07
5.45761 5.50357e-07
5.46769 5.3416e-07
5.47779 5.30211e-07
5.4879 5.14537e-07
5.49804 5.11349e-07
5.50819 4.9913e-07
5.51836 4.95788e-07
5.52855 4.83608e-07
5.53876 4.80141e-07
5.54899 4.67975e-07
5.55923 4.64366e-07
5.5695 4.52234e-07
5.57979 4.48419e-07
5.59009 4.36329e-07
5.60041 4.32391e-07
5.61075 4.2047e-07
5.62111 4.1641e-07
5.63149 4.04715e-07
5.64189 4.00586e-07
5.65231 3.89499e-07
5.66275 3.8604e-07
5.67321 3.77528e-07
5.68368 3.73759e-07
5.69418 3.65471e-07
5.70469 3.61387e-07
5.71523 3.53336e-07
5.72578 3.48828e-07
5.73635 3.41094e-07
5.74695 3.36117e-07
5.75756 3.28755e-07
5.76819 3.23131e-07
5.77884 3.16475e-07
5.78951 3.1015e-07
5.8002 3.04251e-07
5.81092 2.9688e-07
5.82165 2.92618e-07
5.8324 2.84923e-07
5.84317 2.83315e-07
5.85396 2.75699e-07
5.86477 2.74036e-07
5.8756 2.6642e-07
5.88645 2.64677e-07
5.89732 2.57057e-07
5.90821 2.55249e-07
5.91912 2.47618e-07
5.93005 2.45753e-07
5.941 2.38151e-07
5.95197 2.36274e-07
5.96296 2.2873e-07
5.97397 2.26894e-07
5.985 2.19571e-07
5.99605 2.18077e-07
6.00713 2.1245e-07
6.01822 2.10889e-07
6.02933 2.05397e-07
6.04047 2.03788e-07
6.05162 1.98277e-07
6.06279 1.96558e-07
6.07399 1.91117e-07
6.08521 1.89276e-07
6.09644 1.83899e-07
6.1077 1.81942e-07
6.11898 1.76658e-07
6.13028 1.74591e-07
6.1416 1.69477e-07
6.15294 1.67312e-07
6.1643 1.62549e-07
6.17569 1.60696e-07
6.18709 1.57087e-07
6.19851 1.55091e-07
6.20996 1.51753e-07
6.22143 1.49518e-07
6.23292 1.46357e-07
6.24443 1.43799e-07
6.25596 1.40925e-07
6.26751 1.37895e-07
6.27908 1.3544e-07
6.29068 1.31747e-07
6.30229 1.29985e-07
6.31393 1.2541e-07
6.32559 1.24545e-07
6.33727 1.20068e-07
6.34897 1.19375e-07
6.3607 1.15932e-07
6.37244 1.15242e-07
6.38421 1.11933e-07
6.396 1.11198e-07
6.40781 1.07903e-07
6.41964 1.07146e-07
6.4315 1.03841e-07
6.44338 1.0305e-07
6.45527 9.97252e-08
6.46719 9.8908e-08
6.47914 9.56131e-08
6.4911 9.47827e-08
6.50309 9.1522e-08
6.5151 9.07017e-08
6.52713 8.7543e-08
6.53918 8.68684e-08
6.55126 8.44261e-08
6.56335 8.37465e-08
6.57547 8.14437e-08
6.58761 8.0701e-08
6.59978 7.84269e-08
6.61197 7.7636e-08
6.62418 7.53934e-08
6.63641 7.45199e-08
6.64866 7.23251e-08
6.66094 7.13551e-08
6.67324 6.92603e-08
6.68556 6.82118e-08
6.69791 6.62012e-08
6.71028 6.50572e-08
6.72267 6.32668e-08
6.73508 6.22542e-08
6.74752 6.09405e-08
6.75998 5.98427e-08
6.77246 5.8726e-08
6.78497 5.73999e-08
6.7975 5.64907e-08
6.81005 5.45869e-08
6.82263 5.42362e-08
6.83522 5.23247e-08
6.84785 5.19631e-08
6.86049 5.00548e-08
6.87316 4.96874e-08
6.88585 4.77914e-08
6.89857 4.74247e-08
6.91131 4.55693e-08
6.92407 4.52796e-08
6.93686 4.38418e-08
6.94967 4.35597e-08
6.9625 4.22236e-08
6.97536 4.19278e-08
6.98824 4.05901e-08
7.00114 4.02826e-08
7.01407 3.89481e-08
7.02702 3.86275e-08
7.04 3.72885e-08
7.053 3.69507e-08
7.06602 3.56239e-08
7.07907 3.5274e-08
7.09214 3.39618e-08
7.10524 3.36055e-08
7.11836 3.23506e-08
7.1315 3.20473e-08
7.14467 3.10836e-08
7.15787 3.07787e-08
7.17108 2.99124e-08
7.18433 2.95728e-08
7.19759 2.87269e-08
7.21088 2.83563e-08
7.2242 2.75351e-08
7.23754 2.71125e-08
7.2509 2.63272e-08
7.26429 2.5846e-08
7.27771 2.51169e-08
7.29115 2.45748e-08
7.30461 2.39155e-08
7.3181 2.32753e-08
7.33161 2.27563e-08
7.34515 2.21318e-08
7.35872 2.18375e-08
7.3723 2.11139e-08
7.38592 2.09903e-08
7.39956 2.02635e-08
7.41322 2.01372e-08
7.42691 1.94079e-08
7.44062 1.92752e-08
7.45436 1.85421e-08
7.46813 1.84049e-08
7.48192 1.76728e-08
7.49574 1.75324e-08
7.50958 1.68056e-08
7.52345 1.66658e-08
7.53734 1.59543e-08
7.55126 1.5841e-08
7.5652 1.52858e-08
7.57917 1.51824e-08
7.59317 1.46845e-08
7.60719 1.45754e-08
7.62124 1.40793e-08
7.63531 1.39622e-08
7.64941 1.34671e-08
7.66353 1.33415e-08
7.67769 1.28497e-08
7.69186 1.27145e-08
7.70607 1.22295e-08
7.7203 1.20828e-08
7.73455 1.16094e-08
7.74884 1.14537e-08
7.76315 1.10076e-08
7.77748 1.08733e-08
7.79184 1.05313e-08
7.80623 1.03969e-08
7.82065 1.01065e-08
7.83509 9.95414e-09
7.84956 9.67922e-09
7.86405 9.50199e-09
7.87857 9.24702e-09
7.89312 9.03831e-09
7.9077 8.80999e-09
7.9223 8.55426e-09
7.93693 8.37182e-09
7.95158 8.0241e-09
7.96627 7.93623e-09
7.98098 7.56083e-09
7.99572 7.51565e-09
8.01048 7.22109e-09
8.02527 7.18022e-09
8.04009 6.92468e-09
8.05494 6.88197e-09
8.06981 6.62635e-09
8.08472 6.58205e-09
8.09965 6.3255e-09
8.1146 6.27903e-09
8.12959 6.02086e-09
8.1446 5.97189e-09
8.15964 5.71486e-09
8.17471 5.66568e-09
8.1898 5.40848e-09
8.20492 5.35945e-09
8.22008 5.10863e-09
8.23526 5.06823e-09
8.25046 4.87139e-09
8.2657 4.83453e-09
8.28096 4.66667e-09
8.29625 4.62724e-09
8.31157 4.46101e-09
8.32692 4.4177e-09
8.3423 4.25346e-09
8.3577 4.2048e-09
8.37314 4.04291e-09
8.3886 3.98877e-09
8.40409 3.83123e-09
8.41961 3.772e-09
8.43516 3.62044e-09
8.45073 3.55435e-09
8.46634 3.41477e-09
8.48197 3.35393e-09
8.49763 3.25103e-09
8.51333 3.19008e-09
8.52905 3.11067e-09
8.5448 3.03721e-09
8.56057 2.96928e-09
8.57638 2.87607e-09
8.59222 2.82663e-09
8.60809 2.70073e-09
8.62398 2.68204e-09
8.63991 2.55602e-09
8.65586 2.53725e-09
8.67185 2.41138e-09
8.68786 2.39258e-09
8.7039 2.26807e-09
8.71997 2.25323e-09
8.73608 2.15414e-09
8.75221 2.14156e-09
8.76837 2.05996e-09
8.78456 2.04666e-09
8.80078 1.96499e-09
8.81704 1.95122e-09
8.83332 1.86921e-09
8.84963 1.85455e-09
8.86597 1.77192e-09
8.88234 1.75658e-09
8.89874 1.67436e-09
8.91518 1.65828e-09
8.93164 1.57683e-09
8.94813 1.56002e-09
8.96466 1.48084e-09
8.98121 1.46665e-09
8.9978 1.40397e-09
9.01441 1.39147e-09
9.03106 1.3408e-09
9.04773 1.32677e-09
9.06444 1.27729e-09
9.08118 1.26135e-09
9.09795 1.21307e-09
9.11475 1.19441e-09
9.13158 1.14822e-09
9.14844 1.12652e-09
9.16534 1.08278e-09
9.18226 1.05762e-09
9.19922 1.01742e-09
9.2162 9.8735e-10
9.23322 9.5385e-10
9.25027 9.24018e-10
9.26736 9.02536e-10
9.28447 8.70658e-10
9.30161 8.60938e-10
9.31879 8.23778e-10
9.336 8.18972e-10
9.35324 7.81675e-10
9.37051 7.76597e-10
9.38781 7.39041e-10
9.40515 7.33704e-10
9.42252 6.9592e-10
9.43992 6.9053e-10
9.45735 6.52872e-10
9.47481 6.4749e-10
9.49231 6.10303e-10
9.50984 6.05888e-10
9.5274 5.75743e-10
9.54499 5.72269e-10
9.56262 5.48784e-10
9.58027 5.451e-10
9.59797 5.21521e-10
9.61569 5.17721e-10
9.63345 4.94115e-10
9.65123 4.89938e-10
9.66906 4.6632e-10
9.68691 4.6162e-10
9.7048 4.38286e-10
9.72272 4.33278e-10
9.74067 4.10295e-10
9.75866 4.04769e-10
9.77668 3.82699e-10
9.79474 3.77679e-10
9.81282 3.60286e-10
9.83094 3.55938e-10
9.8491 3.42914e-10
9.86728 3.37831e-10
9.88551 3.25449e-10
9.90376 3.19477e-10
9.92205 3.07791e-10
9.94037 3.00459e-10
9.95873 2.89872e-10
9.97712 2.80835e-10
9.99554 2.71839e-10
10.014 2.60385e-10
10.0325 2.53817e-10
10.051 2.37713e-10
10.0696 2.36229e-10
10.0882 2.22943e-10
10.1068 2.21844e-10
10.1255 2.11994e-10
10.1442 2.1084e-10
10.1629 2.0094e-10
10.1817 1.99739e-10
10.2005 1.89756e-10
10.2193 1.88524e-10
10.2382 1.78462e-10
10.2571 1.77159e-10
10.276 1.67048e-10
10.295 1.65721e-10
10.314 1.55626e-10
10.333 1.54308e-10
10.3521 1.44321e-10
10.3712 1.43204e-10
10.3904 1.34971e-10
10.4096 1.34164e-10
10.4288 1.28168e-10
10.4481 1.27267e-10
10.4674 1.21303e-10
10.4867 1.20312e-10
10.5061 1.1437e-10
10.5255 1.13213e-10
10.5449 1.07347e-10
10.5644 1.05984e-10
10.5839 1.00249e-10
10.6034 9.87052e-11
10.623 9.31669e-11
10.6426 9.13604e-11
10.6623 8.61601e-11
10.682 8.44064e-11
10.7017 8.03741e-11
10.7214 7.89029e-11
10.7412 7.62274e-11
10.7611 7.43973e-11
10.7809 7.20388e-11
10.8008 6.97021e-11
10.8208 6.78097e-11
10.8408 6.46149e-11
10.8608 6.35114e-11
10.8809 5.95626e-11
10.9009 5.91803e-11
10.9211 5.52266e-11
10.9412 5.48501e-11
10.9614 5.09121e-11
10.9817 5.05966e-11
11.002 4.72813e-11
11.0223 4.7095e-11
11.0426 4.48071e-11
11.063 4.45997e-11
11.0835 4.2297e-11
11.1039 4.2087e-11
11.1244 3.97675e-11
11.145 3.9547e-11
11.1655 3.72039e-11
11.1862 3.69599e-11
11.2068 3.46096e-11
11.2275 3.43473e-11
11.2483 3.20033e-11
11.269 3.1735e-11
11.2898 2.94199e-11
11.3107 2.91785e-11
11.3316 2.72436e-11
11.3525 2.70807e-11
11.3735 2.57945e-11
11.3945 2.55981e-11
11.4155 2.43274e-11
11.4366 2.4085e-11
11.4577 2.28445e-11
11.4789 2.25451e-11
11.5001 2.13318e-11
11.5213 2.09563e-11
11.5426 1.98041e-11
11.5639 1.93354e-11
11.5852 1.82711e-11
11.6066 1.76999e-11
11.6281 1.6748e-11
11.6495 1.61277e-11
11.671 1.54744e-11
11.6926 1.4947e-11
11.7142 1.46441e-11
11.7358 1.38345e-11
11.7575 1.38025e-11
11.7792 1.29873e-11
11.801 1.295e-11
11.8227 1.21269e-11
11.8446 1.20803e-11
11.8664 1.12489e-11
11.8884 1.12e-11
11.9103 1.0364e-11
11.9323 1.03142e-11
11.9543 9.47951e-12
11.9764 9.43894e-12
11.9985 8.71744e-12
12.0207 8.71025e-12
12.0429 8.25557e-12
12.0651 8.24399e-12
12.0874 7.78538e-12
12.1097 7.77031e-12
12.1321 7.30752e-12
12.1545 7.28507e-12
12.1769 6.81966e-12
12.1994 6.78716e-12
12.2219 6.32069e-12
12.2445 6.28096e-12
12.2671 5.81648e-12
12.2898 5.76735e-12
12.3125 5.31362e-12
12.3352 5.26412e-12
12.358 4.88113e-12
12.3808 4.85403e-12
12.4037 4.62735e-12
12.4266 4.58323e-12
12.4495 4.36536e-12
12.4725 4.30578e-12
12.4955 4.09839e-12
12.5186 4.0161e-12
12.5417 3.82426e-12
12.5649 3.71143e-12
12.5881 3.5426e-12
12.6113 3.39068e-12
12.6346 3.25949e-12
12.658 3.04555e-12
12.6813 2.97405e-12
12.7048 2.72532e-12
12.7282 2.72971e-12
12.7517 2.58531e-12
12.7753 2.58724e-12
12.7989 2.44072e-12
12.8225 2.44132e-12
12.8462 2.2923e-12
12.8699 2.29212e-12
12.8937 2.14024e-12
12.9175 2.13722e-12
12.9413 1.9824e-12
12.9652 1.97748e-12
12.9892 1.82153e-12
13.0131 1.8173e-12
13.0372 1.6598e-12
13.0612 1.65521e-12
13.0854 1.51565e-12
13.1095 1.51663e-12
13.1337 1.43645e-12
13.158 1.43588e-12
13.1823 1.35484e-12
13.2066 1.35235e-12
13.231 1.27103e-12
13.2555 1.26625e-12
13.2799 1.18434e-12
13.3045 1.1763e-12
13.329 1.09469e-12
13.3536 1.08344e-12
13.3783 1.00401e-12
13.403 9.89438e-13
13.4277 9.12264e-13
13.4525 8.94983e-13
13.4774 8.30135e-13
13.5023 8.19461e-13
13.5272 7.85261e-13
13.5522 7.70323e-13
13.5772 7.38843e-13
13.6023 7.179e-13
13.6274 6.91149e-13
13.6526 6.61225e-13
13.6778 6.41992e-13
13.703 5.93444e-13
13.7283 5.91225e-13
13.7537 5.42433e-13
13.7791 5.40251e-13
13.8045 4.90997e-13
13.83 4.88439e-13
13.8556 4.4299e-13
13.8811 4.42481e-13
13.9068 4.17745e-13
13.9325 4.16936e-13
13.9582 3.91796e-13
13.984 3.90798e-13
14.0098 3.65362e-13
14.0357 3.64165e-13
14.0616 3.38194e-13
14.0875 3.36672e-13
14.1136 3.10225e-13
14.1396 3.08548e-13
14.1657 2.82068e-13
14.1919 2.80319e-13
14.2181 2.53528e-13
14.2443 2.51617e-13
14.2706 2.27133e-13
14.297 2.26202e-13
14.3234 2.13184e-13
14.3499 2.11898e-13
14.3763 1.9892e-13
14.4029 1.9726e-13
14.4295 1.84491e-13
14.4561 1.82318e-13
14.4828 1.69738e-13
14.5096 1.66894e-13
14.5364 1.54617e-13
14.5632 1.51067e-13
14.5901 1.39526e-13
14.617 1.34999e-13
14.644 1.24232e-13
14.6711 1.18753e-13
14.6982 1.10211e-13
14.7253 1.06515e-13
14.7525 1.02844e-13
14.7797 9.76866e-14
14.807 9.53893e-14
14.8344 8.8382e-14
14.8618 8.78848e-14
14.8892 8.07984e-14
14.9167 8.02429e-14
14.9443 7.3028e-14
14.9719 7.24576e-14
14.9995 6.52354e-14
15.0272 6.47236e-14
15.055 5.74478e-14
15.0828 5.6878e-14
15.1106 4.994e-14
15.1385 4.97256e-14
15.1665 4.62883e-14
15.1945 4.60631e-14
15.2225 4.2586e-14
15.2506 4.23896e-14
15.2788 3.89032e-14
15.307 3.86984e-14
15.3353 3.51596e-14
15.3636 3.48879e-14
15.392 3.12954e-14
15.4204 3.09917e-14
15.4489 2.74595e-14
15.4774 2.71413e-14
15.506 2.36191e-14
15.5346 2.32628e-14
15.5633 2.00393e-14
15.592 1.9895e-14
15.6208 1.87061e-14
15.6497 1.84759e-14
15.6786 1.72968e-14
15.7075 1.70362e-14
15.7365 1.59742e-14
15.7656 1.57058e-14
15.7947 1.46832e-14
15.8239 1.41667e-14
15.8531 1.31142e-14
15.8824 1.25062e-14
15.9117 1.17859e-14
15.9411 1.07872e-14
15.9705 9.47054e-15
16 0
