# 1:pT 2:PhotonSpectrum=dN/d^2xT d^2pT dy
0.01 48.7052
0.0100185 48.6174
0.010037 48.491
0.0100555 48.4002
0.0100741 48.2727
0.0100927 48.1793
0.0101113 48.0524
0.01013 47.9562
0.0101487 47.8286
0.0101674 47.7288
0.0101862 47.5986
0.010205 47.4959
0.0102239 47.3648
0.0102427 47.2597
0.0102617 47.1253
0.0102806 47.0149
0.0102996 46.8763
0.0103186 46.7586
0.0103377 46.6057
0.0103567 46.4881
0.0103759 46.3353
0.010395 46.2164
0.0104142 46.065
0.0104335 45.9418
0.0104527 45.7927
0.010472 45.6707
0.0104914 45.5229
0.0105107 45.3986
0.0105301 45.2546
0.0105496 45.1269
0.0105691 44.9845
0.0105886 44.8574
0.0106081 44.7194
0.0106277 44.5932
0.0106474 44.4602
0.010667 44.3301
0.0106867 44.2007
0.0107065 44.0689
0.0107262 43.9421
0.010746 43.8054
0.0107659 43.6823
0.0107858 43.5398
0.0108057 43.424
0.0108256 43.2693
0.0108456 43.1652
0.0108656 43.0131
0.0108857 42.9094
0.0109058 42.7568
0.0109259 42.6552
0.0109461 42.5108
0.0109663 42.4064
0.0109866 42.2639
0.0110069 42.1589
0.0110272 42.016
0.0110476 41.9107
0.011068 41.7692
0.0110884 41.6636
0.0111089 41.5221
0.0111294 41.4155
0.0111499 41.2745
0.0111705 41.1681
0.0111912 41.0289
0.0112118 40.9218
0.0112325 40.786
0.0112533 40.6799
0.0112741 40.5492
0.0112949 40.4409
0.0113157 40.3111
0.0113366 40.2026
0.0113576 40.0753
0.0113785 39.9648
0.0113995 39.8392
0.0114206 39.7272
0.0114417 39.6008
0.0114628 39.488
0.011484 39.366
0.0115052 39.2514
0.0115264 39.1314
0.0115477 39.015
0.011569 38.901
0.0115904 38.7838
0.0116118 38.675
0.0116332 38.554
0.0116547 38.4488
0.0116762 38.3176
0.0116978 38.2243
0.0117194 38.0892
0.0117411 37.9981
0.0117627 37.8639
0.0117845 37.7727
0.0118062 37.6391
0.011828 37.5472
0.0118499 37.4167
0.0118717 37.3235
0.0118937 37.1937
0.0119156 37.1017
0.0119376 36.9778
0.0119597 36.8856
0.0119818 36.7635
0.0120039 36.6697
0.0120261 36.547
0.0120483 36.4535
0.0120705 36.331
0.0120928 36.2374
0.0121151 36.1159
0.0121375 36.0215
0.0121599 35.9011
0.0121824 35.8041
0.0122049 35.6862
0.0122274 35.5906
0.01225 35.4755
0.0122726 35.3791
0.0122953 35.2688
0.012318 35.1709
0.0123407 35.0626
0.0123635 34.9639
0.0123863 34.8564
0.0124092 34.7568
0.0124321 34.6505
0.0124551 34.5481
0.0124781 34.4458
0.0125011 34.3414
0.0125242 34.2408
0.0125473 34.1329
0.0125705 34.0365
0.0125937 33.9251
0.012617 33.8359
0.0126403 33.7174
0.0126636 33.6382
0.012687 33.5217
0.0127104 33.4414
0.0127339 33.3254
0.0127574 33.2435
0.012781 33.1289
0.0128046 33.0463
0.0128282 32.9323
0.0128519 32.8497
0.0128756 32.736
0.0128994 32.6528
0.0129232 32.5409
0.0129471 32.4583
0.012971 32.3478
0.012995 32.2652
0.0130189 32.1578
0.013043 32.0752
0.0130671 31.9696
0.0130912 31.8867
0.0131154 31.782
0.0131396 31.6976
0.0131639 31.5947
0.0131882 31.5085
0.0132125 31.4052
0.0132369 31.3208
0.0132614 31.2182
0.0132859 31.1324
0.0133104 31.0325
0.013335 30.9452
0.0133596 30.8467
0.0133843 30.7604
0.013409 30.6667
0.0134337 30.5799
0.0134585 30.4876
0.0134834 30.3983
0.0135083 30.3088
0.0135332 30.2165
0.0135582 30.1301
0.0135833 30.034
0.0136083 29.9507
0.0136335 29.8482
0.0136587 29.7727
0.0136839 29.666
0.0137091 29.595
0.0137345 29.4891
0.0137598 29.4187
0.0137852 29.3167
0.0138107 29.2463
0.0138362 29.1467
0.0138617 29.0742
0.0138873 28.9745
0.013913 28.9018
0.0139387 28.8033
0.0139644 28.7303
0.0139902 28.6326
0.014016 28.5583
0.0140419 28.4613
0.0140678 28.3881
0.0140938 28.2904
0.0141198 28.2176
0.0141459 28.1221
0.014172 28.0499
0.0141982 27.9578
0.0142244 27.8841
0.0142507 27.7939
0.014277 27.7205
0.0143034 27.6317
0.0143298 27.5562
0.0143563 27.4686
0.0143828 27.3916
0.0144093 27.3059
0.0144359 27.2274
0.0144626 27.142
0.0144893 27.0637
0.0145161 26.9804
0.0145429 26.9005
0.0145697 26.8198
0.0145966 26.7401
0.0146236 26.6627
0.0146506 26.5809
0.0146776 26.5067
0.0147047 26.4215
0.0147319 26.3504
0.0147591 26.2569
0.0147863 26.1945
0.0148136 26.1013
0.014841 26.038
0.0148684 25.9455
0.0148959 25.8816
0.0149234 25.7909
0.0149509 25.7263
0.0149785 25.6366
0.0150062 25.5728
0.0150339 25.4856
0.0150617 25.4224
0.0150895 25.337
0.0151173 25.2734
0.0151453 25.1884
0.0151732 25.1237
0.0152012 25.0395
0.0152293 24.9739
0.0152574 24.8897
0.0152856 24.8246
0.0153138 24.7416
0.0153421 24.676
0.0153705 24.5944
0.0153988 24.5275
0.0154273 24.4469
0.0154558 24.3812
0.0154843 24.3028
0.0155129 24.237
0.0155415 24.1605
0.0155702 24.0933
0.015599 24.0177
0.0156278 23.9497
0.0156567 23.8749
0.0156856 23.8059
0.0157145 23.7327
0.0157435 23.6616
0.0157726 23.5909
0.0158017 23.5176
0.0158309 23.4496
0.0158602 23.3743
0.0158894 23.3096
0.0159188 23.2311
0.0159482 23.1727
0.0159776 23.0917
0.0160071 23.0364
0.0160367 22.9558
0.0160663 22.9004
0.016096 22.82
0.0161257 22.7645
0.0161555 22.6854
0.0161853 22.6281
0.0162152 22.5496
0.0162451 22.4923
0.0162751 22.4141
0.0163052 22.3572
0.0163353 22.2802
0.0163655 22.2233
0.0163957 22.1489
0.016426 22.0928
0.0164563 22.0188
0.0164867 21.9622
0.0165171 21.8887
0.0165476 21.8315
0.0165782 21.759
0.0166088 21.7012
0.0166395 21.6289
0.0166702 21.5707
0.016701 21.5002
0.0167318 21.4406
0.0167627 21.3713
0.0167937 21.3108
0.0168247 21.2434
0.0168558 21.1836
0.0168869 21.1172
0.0169181 21.0577
0.0169493 20.9936
0.0169806 20.9323
0.017012 20.8697
0.0170434 20.807
0.0170748 20.746
0.0171064 20.6813
0.017138 20.6224
0.0171696 20.5547
0.0172013 20.4986
0.0172331 20.4243
0.0172649 20.3757
0.0172968 20.3022
0.0173287 20.2535
0.0173607 20.1821
0.0173928 20.1333
0.0174249 20.0642
0.0174571 20.0149
0.0174893 19.946
0.0175216 19.8957
0.017554 19.8276
0.0175864 19.7773
0.0176189 19.7094
0.0176514 19.659
0.017684 19.5914
0.0177166 19.5405
0.0177494 19.4738
0.0177821 19.4228
0.017815 19.3564
0.0178479 19.3064
0.0178808 19.2421
0.0179138 19.1924
0.0179469 19.1299
0.0179801 19.0786
0.0180133 19.0164
0.0180465 18.9653
0.0180799 18.9039
0.0181132 18.8517
0.0181467 18.7913
0.0181802 18.7378
0.0182138 18.6779
0.0182474 18.6244
0.0182811 18.5656
0.0183149 18.5119
0.0183487 18.455
0.0183826 18.3998
0.0184165 18.3456
0.0184505 18.2901
0.0184846 18.2382
0.0185187 18.1808
0.0185529 18.1301
0.0185872 18.0699
0.0186215 18.0228
0.0186559 17.9584
0.0186903 17.9147
0.0187248 17.8515
0.0187594 17.8075
0.0187941 17.7439
0.0188288 17.7004
0.0188635 17.6384
0.0188984 17.594
0.0189333 17.5335
0.0189682 17.4898
0.0190033 17.4304
0.0190384 17.3865
0.0190735 17.3277
0.0191087 17.2833
0.019144 17.2247
0.0191794 17.1806
0.0192148 17.1216
0.0192503 17.077
0.0192858 17.019
0.0193214 16.9741
0.0193571 16.9166
0.0193929 16.8712
0.0194287 16.815
0.0194645 16.7694
0.0195005 16.7147
0.0195365 16.6694
0.0195726 16.6165
0.0196087 16.57
0.0196449 16.5183
0.0196812 16.4715
0.0197175 16.4195
0.019754 16.372
0.0197904 16.3213
0.019827 16.2728
0.0198636 16.223
0.0199003 16.1738
0.019937 16.1257
0.0199738 16.0748
0.0200107 16.029
0.0200477 15.977
0.0200847 15.9333
0.0201218 15.8772
0.0201589 15.8398
0.0201962 15.7836
0.0202335 15.7458
0.0202708 15.6901
0.0203082 15.6513
0.0203457 15.5965
0.0203833 15.5576
0.020421 15.5031
0.0204587 15.464
0.0204964 15.4097
0.0205343 15.3702
0.0205722 15.317
0.0206102 15.2782
0.0206483 15.2259
0.0206864 15.187
0.0207246 15.1365
0.0207629 15.0975
0.0208012 15.0466
0.0208396 15.0079
0.0208781 14.9572
0.0209166 14.9181
0.0209553 14.868
0.020994 14.8274
0.0210327 14.7783
0.0210716 14.7381
0.0211105 14.6893
0.0211495 14.6486
0.0211885 14.6011
0.0212277 14.5596
0.0212669 14.5138
0.0213061 14.473
0.0213455 14.4287
0.0213849 14.3872
0.0214244 14.3433
0.0214639 14.3006
0.0215036 14.2578
0.0215433 14.2141
0.0215831 14.1727
0.0216229 14.1278
0.0216628 14.0876
0.0217028 14.0399
0.0217429 14.0029
0.0217831 13.9522
0.0218233 13.9185
0.0218636 13.8692
0.021904 13.8358
0.0219444 13.7874
0.0219849 13.7541
0.0220255 13.7065
0.0220662 13.6719
0.022107 13.6251
0.0221478 13.5904
0.0221887 13.5433
0.0222297 13.5087
0.0222707 13.462
0.0223118 13.4269
0.022353 13.3805
0.0223943 13.346
0.0224357 13.2996
0.0224771 13.2653
0.0225186 13.2201
0.0225602 13.1858
0.0226018 13.1423
0.0226436 13.1076
0.0226854 13.0647
0.0227273 13.029
0.0227692 12.9863
0.0228113 12.9505
0.0228534 12.9085
0.0228956 12.8719
0.0229379 12.8308
0.0229803 12.7937
0.0230227 12.7524
0.0230652 12.7153
0.0231078 12.6753
0.0231505 12.6381
0.0231932 12.5993
0.023236 12.562
0.023279 12.5251
0.0233219 12.4864
0.023365 12.4507
0.0234082 12.4105
0.0234514 12.376
0.0234947 12.332
0.0235381 12.302
0.0235815 12.2574
0.0236251 12.2276
0.0236687 12.1833
0.0237124 12.1533
0.0237562 12.1101
0.0238001 12.0801
0.023844 12.0378
0.0238881 12.0081
0.0239322 11.9668
0.0239764 11.9365
0.0240206 11.8959
0.024065 11.8657
0.0241094 11.8253
0.0241539 11.7945
0.0241985 11.7541
0.0242432 11.7234
0.024288 11.6831
0.0243329 11.6525
0.0243778 11.6126
0.0244228 11.5818
0.0244679 11.5424
0.0245131 11.511
0.0245583 11.4728
0.0246037 11.4424
0.0246491 11.4057
0.0246946 11.3744
0.0247402 11.3383
0.0247859 11.3062
0.0248317 11.2703
0.0248776 11.238
0.0249235 11.2027
0.0249695 11.1698
0.0250156 11.135
0.0250618 11.1013
0.0251081 11.0676
0.0251545 11.0335
0.0252009 11.0008
0.0252475 10.9658
0.0252941 10.9345
0.0253408 10.899
0.0253876 10.8701
0.0254345 10.8315
0.0254814 10.8053
0.0255285 10.7671
0.0255756 10.7408
0.0256229 10.7022
0.0256702 10.6758
0.0257176 10.638
0.0257651 10.6111
0.0258126 10.5737
0.0258603 10.5468
0.0259081 10.5097
0.0259559 10.4828
0.0260038 10.4465
0.0260518 10.4202
0.0261 10.3851
0.0261482 10.3583
0.0261964 10.3232
0.0262448 10.2964
0.0262933 10.2615
0.0263418 10.2344
0.0263905 10.2
0.0264392 10.1725
0.026488 10.1385
0.0265369 10.1105
0.0265859 10.0767
0.026635 10.0488
0.0266842 10.0157
0.0267335 9.98772
0.0267829 9.95547
0.0268323 9.92762
0.0268819 9.89618
0.0269315 9.86812
0.0269812 9.8375
0.0270311 9.80868
0.027081 9.77834
0.027131 9.74883
0.0271811 9.7196
0.0272313 9.6891
0.0272816 9.66072
0.0273319 9.62908
0.0273824 9.60187
0.027433 9.56776
0.0274836 9.54383
0.0275344 9.50892
0.0275852 9.48619
0.0276362 9.45289
0.0276872 9.43006
0.0277383 9.3968
0.0277896 9.37379
0.0278409 9.34106
0.0278923 9.31745
0.0279438 9.28474
0.0279954 9.26099
0.0280471 9.2287
0.0280989 9.20503
0.0281508 9.17309
0.0282027 9.14904
0.0282548 9.11725
0.028307 9.09347
0.0283593 9.06207
0.0284116 9.03886
0.0284641 9.00869
0.0285167 8.98523
0.0285693 8.95523
0.0286221 8.93101
0.0286749 8.90145
0.0287279 8.87729
0.0287809 8.84816
0.0288341 8.82332
0.0288873 8.79463
0.0289407 8.76932
0.0289941 8.74114
0.0290477 8.71568
0.0291013 8.68783
0.029155 8.66245
0.0292089 8.63532
0.0292628 8.61001
0.0293168 8.58436
0.029371 8.55833
0.0294252 8.53319
0.0294796 8.50621
0.029534 8.48181
0.0295885 8.45383
0.0296432 8.43081
0.0296979 8.39995
0.0297527 8.37962
0.0298077 8.34911
0.0298627 8.32858
0.0299179 8.2984
0.0299731 8.27771
0.0300285 8.2482
0.0300839 8.22756
0.0301395 8.19923
0.0301951 8.17868
0.0302509 8.15042
0.0303068 8.12958
0.0303627 8.10169
0.0304188 8.08089
0.030475 8.05307
0.0305312 8.0319
0.0305876 8.00419
0.0306441 7.98295
0.0307007 7.95543
0.0307574 7.93423
0.0308142 7.90726
0.0308711 7.88591
0.0309281 7.85953
0.0309852 7.83816
0.0310424 7.81257
0.0310997 7.7915
0.0311572 7.76614
0.0312147 7.74467
0.0312723 7.7196
0.0313301 7.69766
0.0313879 7.67271
0.0314459 7.65052
0.031504 7.62619
0.0315621 7.60371
0.0316204 7.57982
0.0316788 7.55666
0.0317373 7.53366
0.0317959 7.51001
0.0318546 7.48813
0.0319135 7.46428
0.0319724 7.44359
0.0320314 7.41806
0.0320906 7.39932
0.0321498 7.37268
0.0322092 7.35471
0.0322687 7.32815
0.0323283 7.31012
0.032388 7.28379
0.0324478 7.26567
0.0325077 7.23979
0.0325677 7.22123
0.0326279 7.19544
0.0326881 7.17702
0.0327485 7.1517
0.0328089 7.13365
0.0328695 7.10935
0.0329302 7.09095
0.032991 7.06695
0.033052 7.04866
0.033113 7.02427
0.0331741 7.00599
0.0332354 6.98199
0.0332968 6.96344
0.0333583 6.93972
0.0334199 6.9208
0.0334816 6.8973
0.0335434 6.87843
0.0336053 6.8555
0.0336674 6.83632
0.0337296 6.81388
0.0337919 6.79478
0.0338543 6.77336
0.0339168 6.75393
0.0339794 6.73263
0.0340421 6.71309
0.034105 6.69216
0.034168 6.67213
0.0342311 6.65167
0.0342943 6.63116
0.0343576 6.61131
0.0344211 6.59017
0.0344846 6.57095
0.0345483 6.54891
0.0346121 6.53085
0.034676 6.50674
0.0347401 6.49126
0.0348042 6.46813
0.0348685 6.45248
0.0349329 6.42966
0.0349974 6.41382
0.035062 6.39129
0.0351267 6.3751
0.0351916 6.35269
0.0352566 6.33644
0.0353217 6.3141
0.0353869 6.29792
0.0354523 6.27576
0.0355177 6.25955
0.0355833 6.23759
0.035649 6.22123
0.0357149 6.19968
0.0357808 6.18349
0.0358469 6.16251
0.0359131 6.14648
0.0359794 6.12587
0.0360458 6.10966
0.0361124 6.08928
0.0361791 6.07259
0.0362459 6.05231
0.0363128 6.03556
0.0363799 6.01554
0.0364471 5.99857
0.0365144 5.9788
0.0365818 5.96163
0.0366493 5.94224
0.036717 5.92501
0.0367848 5.90601
0.0368527 5.88901
0.0369208 5.87072
0.036989 5.85322
0.0370573 5.8357
0.0371257 5.81765
0.0371943 5.80058
0.0372629 5.78187
0.0373318 5.76543
0.0374007 5.7455
0.0374698 5.73044
0.037539 5.70939
0.0376083 5.69529
0.0376777 5.67453
0.0377473 5.66051
0.037817 5.63994
0.0378868 5.62617
0.0379568 5.60651
0.0380269 5.59241
0.0380971 5.57301
0.0381675 5.55883
0.0382379 5.5394
0.0383085 5.52525
0.0383793 5.50601
0.0384502 5.49154
0.0385212 5.4725
0.0385923 5.45815
0.0386636 5.43897
0.038735 5.42459
0.0388065 5.40563
0.0388781 5.39121
0.0389499 5.37264
0.0390219 5.35833
0.0390939 5.34041
0.0391661 5.32601
0.0392384 5.3086
0.0393109 5.29386
0.0393835 5.27666
0.0394562 5.26158
0.0395291 5.2447
0.0396021 5.22949
0.0396752 5.21258
0.0397485 5.19727
0.0398219 5.18071
0.0398954 5.1651
0.0399691 5.14902
0.0400429 5.13307
0.0401168 5.11764
0.0401909 5.10159
0.0402651 5.08695
0.0403395 5.07032
0.040414 5.05635
0.0404886 5.03797
0.0405633 5.0258
0.0406383 5.00752
0.0407133 4.99522
0.0407885 4.97701
0.0408638 4.96452
0.0409393 4.94661
0.0410149 4.9341
0.0410906 4.91634
0.0411665 4.90365
0.0412425 4.8862
0.0413186 4.87374
0.0413949 4.85687
0.0414714 4.84454
0.041548 4.82787
0.0416247 4.81528
0.0417016 4.79884
0.0417786 4.78613
0.0418557 4.76962
0.041933 4.75703
0.0420104 4.74062
0.042088 4.72792
0.0421657 4.71178
0.0422436 4.69874
0.0423216 4.68277
0.0423998 4.6699
0.042478 4.65427
0.0425565 4.64136
0.0426351 4.62631
0.0427138 4.61318
0.0427927 4.59845
0.0428717 4.58519
0.0429509 4.57063
0.0430302 4.55726
0.0431096 4.54298
0.0431892 4.52899
0.043269 4.51519
0.0433489 4.50092
0.0434289 4.4875
0.0435091 4.47283
0.0435895 4.45984
0.04367 4.44447
0.0437506 4.43268
0.0438314 4.4166
0.0439124 4.40579
0.0439934 4.39029
0.0440747 4.37941
0.0441561 4.36367
0.0442376 4.3528
0.0443193 4.3374
0.0444011 4.32619
0.0444831 4.31089
0.0445653 4.29975
0.0446476 4.28435
0.04473 4.2733
0.0448126 4.25812
0.0448954 4.24696
0.0449783 4.23196
0.0450613 4.22103
0.0451445 4.20636
0.0452279 4.19549
0.0453114 4.18126
0.0453951 4.17013
0.0454789 4.156
0.0455629 4.14475
0.045647 4.13077
0.0457313 4.11931
0.0458158 4.10546
0.0459004 4.09395
0.0459851 4.08031
0.0460701 4.06862
0.0461551 4.05529
0.0462404 4.04345
0.0463257 4.03027
0.0464113 4.01856
0.046497 4.00592
0.0465829 3.99409
0.0466689 3.98178
0.0467551 3.96967
0.0468414 3.95773
0.0469279 3.94515
0.0470145 3.93367
0.0471014 3.92058
0.0471883 3.90948
0.0472755 3.89499
0.0473628 3.88553
0.0474502 3.87109
0.0475379 3.86159
0.0476256 3.84737
0.0477136 3.83777
0.0478017 3.82415
0.04789 3.8146
0.0479784 3.8013
0.048067 3.79162
0.0481558 3.77829
0.0482447 3.7685
0.0483338 3.75535
0.048423 3.74562
0.0485124 3.73241
0.048602 3.7225
0.0486918 3.70948
0.0487817 3.6996
0.0488718 3.68657
0.048962 3.67681
0.0490524 3.66391
0.049143 3.65427
0.0492338 3.64178
0.0493247 3.6319
0.0494158 3.61982
0.049507 3.60997
0.0495984 3.59795
0.04969 3.58787
0.0497818 3.57607
0.0498737 3.56572
0.0499658 3.55411
0.0500581 3.54372
0.0501505 3.53235
0.0502431 3.52179
0.0503359 3.51054
0.0504288 3.49975
0.050522 3.48894
0.0506153 3.47813
0.0507087 3.46782
0.0508024 3.45685
0.0508962 3.44695
0.0509902 3.43537
0.0510843 3.42608
0.0511786 3.41358
0.0512732 3.4051
0.0513678 3.39278
0.0514627 3.38428
0.0515577 3.37187
0.0516529 3.36343
0.0517483 3.35122
0.0518439 3.34258
0.0519396 3.33056
0.0520355 3.32202
0.0521316 3.31026
0.0522279 3.30181
0.0523243 3.29041
0.0524209 3.28182
0.0525177 3.2705
0.0526147 3.26192
0.0527119 3.2505
0.0528092 3.24191
0.0529067 3.23062
0.0530044 3.22187
0.0531023 3.21072
0.0532004 3.20198
0.0532986 3.19103
0.053397 3.18211
0.0534956 3.17126
0.0535944 3.16243
0.0536934 3.15203
0.0537925 3.14317
0.0538919 3.13311
0.0539914 3.12409
0.0540911 3.11393
0.054191 3.10484
0.054291 3.09496
0.0543913 3.08572
0.0544917 3.07598
0.0545924 3.06647
0.0546932 3.05707
0.0547942 3.04727
0.0548954 3.03822
0.0549967 3.02803
0.0550983 3.01942
0.0552 3.00855
0.055302 3.00112
0.0554041 2.9903
0.0555064 2.98297
0.0556089 2.97219
0.0557116 2.96482
0.0558144 2.95415
0.0559175 2.94666
0.0560208 2.93614
0.0561242 2.92856
0.0562279 2.91799
0.0563317 2.91038
0.0564357 2.89998
0.0565399 2.8924
0.0566443 2.88216
0.0567489 2.87453
0.0568537 2.86449
0.0569587 2.857
0.0570639 2.8472
0.0571693 2.83972
0.0572748 2.82994
0.0573806 2.82235
0.0574866 2.81264
0.0575927 2.80485
0.0576991 2.79528
0.0578056 2.78753
0.0579124 2.77808
0.0580193 2.77018
0.0581264 2.76094
0.0582338 2.7529
0.0583413 2.74382
0.058449 2.73582
0.058557 2.72704
0.0586651 2.71905
0.0587734 2.71055
0.058882 2.70235
0.0589907 2.69405
0.0590996 2.68567
0.0592088 2.67758
0.0593181 2.66892
0.0594276 2.66104
0.0595374 2.65203
0.0596473 2.64466
0.0597575 2.6348
0.0598678 2.62825
0.0599784 2.61854
0.0600891 2.61204
0.0602001 2.60243
0.0603112 2.596
0.0604226 2.58685
0.0605342 2.58028
0.060646 2.57119
0.060758 2.56456
0.0608702 2.55546
0.0609826 2.54879
0.0610952 2.53979
0.061208 2.53312
0.061321 2.52415
0.0614343 2.5174
0.0615477 2.50846
0.0616614 2.50174
0.0617752 2.49294
0.0618893 2.48623
0.0620036 2.47768
0.0621181 2.47102
0.0622328 2.46277
0.0623477 2.45595
0.0624628 2.44771
0.0625782 2.44087
0.0626937 2.43275
0.0628095 2.42589
0.0629255 2.41782
0.0630417 2.41077
0.0631581 2.40278
0.0632747 2.3957
0.0633916 2.38793
0.0635086 2.38072
0.0636259 2.37312
0.0637434 2.3658
0.0638611 2.3586
0.063979 2.35123
0.0640972 2.34433
0.0642155 2.33671
0.0643341 2.32999
0.0644529 2.32174
0.0645719 2.31576
0.0646912 2.30719
0.0648106 2.30145
0.0649303 2.29291
0.0650502 2.28717
0.0651703 2.27871
0.0652907 2.27295
0.0654113 2.26464
0.065532 2.25879
0.0656531 2.25064
0.0657743 2.24487
0.0658957 2.23706
0.0660174 2.23128
0.0661393 2.22352
0.0662615 2.21761
0.0663838 2.20986
0.0665064 2.20395
0.0666292 2.19619
0.0667523 2.19035
0.0668755 2.18262
0.066999 2.17674
0.0671227 2.16911
0.0672467 2.16304
0.0673709 2.15557
0.0674953 2.14964
0.0676199 2.14237
0.0677448 2.13637
0.0678699 2.12941
0.0679952 2.12329
0.0681208 2.11641
0.0682466 2.1102
0.0683726 2.10334
0.0684988 2.0971
0.0686253 2.09033
0.0687521 2.08393
0.068879 2.07741
0.0690062 2.07085
0.0691336 2.06449
0.0692613 2.05772
0.0693892 2.05162
0.0695173 2.04467
0.0696457 2.03901
0.0697743 2.03161
0.0699031 2.02662
0.0700322 2.01926
0.0701616 2.01421
0.0702911 2.00688
0.0704209 2.00177
0.070551 1.99453
0.0706812 1.98934
0.0708118 1.98211
0.0709425 1.97694
0.0710735 1.96977
0.0712048 1.9646
0.0713362 1.95753
0.071468 1.95239
0.0716 1.94546
0.0717322 1.94033
0.0718646 1.93364
0.0719973 1.92848
0.0721303 1.92182
0.0722635 1.91663
0.0723969 1.91005
0.0725306 1.90481
0.0726645 1.89828
0.0727987 1.89292
0.0729332 1.88641
0.0730678 1.88111
0.0732028 1.87468
0.0733379 1.86932
0.0734734 1.86301
0.073609 1.8576
0.073745 1.85142
0.0738812 1.84609
0.0740176 1.84019
0.0741543 1.83476
0.0742912 1.82894
0.0744284 1.82333
0.0745658 1.81772
0.0747035 1.81191
0.0748415 1.80645
0.0749797 1.80046
0.0751181 1.7952
0.0752568 1.78878
0.0753958 1.78404
0.075535 1.77733
0.0756745 1.77287
0.0758143 1.76627
0.0759543 1.76191
0.0760945 1.75557
0.076235 1.75119
0.0763758 1.74494
0.0765168 1.74042
0.0766581 1.73417
0.0767997 1.72963
0.0769415 1.72345
0.0770836 1.71892
0.0772259 1.71278
0.0773685 1.70816
0.0775114 1.70208
0.0776545 1.69753
0.0777979 1.69142
0.0779416 1.68689
0.0780855 1.68093
0.0782297 1.67646
0.0783742 1.67073
0.0785189 1.66618
0.0786639 1.66047
0.0788092 1.65588
0.0789547 1.65028
0.0791005 1.64559
0.0792466 1.64004
0.0793929 1.63526
0.0795395 1.62983
0.0796864 1.62499
0.0798335 1.61959
0.0799809 1.61475
0.0801286 1.60944
0.0802766 1.6045
0.0804248 1.59943
0.0805734 1.59454
0.0807221 1.58971
0.0808712 1.58463
0.0810205 1.57993
0.0811702 1.57464
0.08132 1.57017
0.0814702 1.56432
0.0816207 1.56041
0.0817714 1.5546
0.0819224 1.55065
0.0820737 1.54488
0.0822252 1.54091
0.0823771 1.53522
0.0825292 1.53124
0.0826816 1.52563
0.0828342 1.5217
0.0829872 1.51635
0.0831405 1.51242
0.083294 1.50707
0.0834478 1.50313
0.0836019 1.49781
0.0837563 1.49379
0.0839109 1.48851
0.0840659 1.48445
0.0842211 1.47917
0.0843766 1.47515
0.0845325 1.46994
0.0846885 1.4659
0.0848449 1.46078
0.0850016 1.45667
0.0851586 1.45162
0.0853158 1.4476
0.0854734 1.44278
0.0856312 1.43869
0.0857893 1.43391
0.0859478 1.42975
0.0861065 1.42501
0.0862655 1.42083
0.0864248 1.41613
0.0865844 1.4119
0.0867442 1.4073
0.0869044 1.40291
0.0870649 1.3985
0.0872257 1.39398
0.0873868 1.38971
0.0875481 1.3851
0.0877098 1.38103
0.0878718 1.37629
0.088034 1.3726
0.0881966 1.36757
0.0883594 1.36411
0.0885226 1.35914
0.0886861 1.35567
0.0888498 1.35065
0.0890139 1.34721
0.0891783 1.34227
0.089343 1.33872
0.0895079 1.33383
0.0896732 1.33029
0.0898388 1.32542
0.0900047 1.32192
0.0901709 1.31714
0.0903374 1.31365
0.0905043 1.30908
0.0906714 1.30562
0.0908388 1.30101
0.0910066 1.29752
0.0911746 1.29296
0.091343 1.28943
0.0915116 1.28491
0.0916806 1.28134
0.0918499 1.27686
0.0920195 1.27324
0.0921895 1.26884
0.0923597 1.26519
0.0925303 1.26087
0.0927011 1.25716
0.0928723 1.25297
0.0930438 1.24934
0.0932156 1.24524
0.0933877 1.24158
0.0935602 1.23758
0.093733 1.23382
0.0939061 1.2299
0.0940795 1.22605
0.0942532 1.22225
0.0944272 1.21827
0.0946016 1.2146
0.0947763 1.21044
0.0949513 1.20693
0.0951266 1.20235
0.0953023 1.19935
0.0954783 1.19481
0.0956546 1.19185
0.0958312 1.18749
0.0960082 1.18447
0.0961855 1.18019
0.0963631 1.17715
0.0965411 1.1729
0.0967193 1.16979
0.0968979 1.16556
0.0970769 1.16246
0.0972561 1.15825
0.0974357 1.15517
0.0976156 1.15096
0.0977959 1.14784
0.0979765 1.14372
0.0981574 1.14057
0.0983387 1.13647
0.0985203 1.13345
0.0987022 1.12948
0.0988845 1.12642
0.0990671 1.12253
0.09925 1.11937
0.0994333 1.11551
0.0996169 1.11237
0.0998008 1.10854
0.0999851 1.10535
0.10017 1.10158
0.100355 1.0983
0.10054 1.09459
0.100726 1.0913
0.100912 1.08767
0.101098 1.08436
0.101285 1.08084
0.101472 1.07751
0.101659 1.07415
0.101847 1.07075
0.102035 1.06751
0.102223 1.064
0.102412 1.06083
0.102601 1.05713
0.102791 1.05421
0.102981 1.05022
0.103171 1.04752
0.103361 1.04362
0.103552 1.04091
0.103743 1.03698
0.103935 1.0343
0.104127 1.03047
0.104319 1.02776
0.104512 1.02409
0.104705 1.02141
0.104898 1.01774
0.105092 1.01506
0.105286 1.01142
0.10548 1.00871
0.105675 1.00508
0.10587 1.00237
0.106066 0.998741
0.106262 0.996022
0.106458 0.992448
0.106654 0.989691
0.106851 0.98616
0.107049 0.983414
0.107246 0.979956
0.107444 0.977193
0.107643 0.973853
0.107841 0.971104
0.108041 0.967824
0.10824 0.965024
0.10844 0.961804
0.10864 0.958942
0.108841 0.955725
0.109042 0.952842
0.109243 0.94969
0.109445 0.94674
0.109647 0.943666
0.10985 0.940666
0.110052 0.937682
0.110256 0.934609
0.110459 0.931774
0.110663 0.928639
0.110868 0.925942
0.111072 0.922498
0.111277 0.92019
0.111483 0.916744
0.111689 0.91442
0.111895 0.910992
0.112102 0.908625
0.112309 0.905245
0.112516 0.902866
0.112724 0.899519
0.112932 0.897118
0.11314 0.893784
0.113349 0.891368
0.113559 0.888107
0.113768 0.885762
0.113978 0.882589
0.114189 0.880206
0.1144 0.877104
0.114611 0.874715
0.114823 0.871595
0.115035 0.869223
0.115247 0.866116
0.11546 0.863722
0.115673 0.860635
0.115887 0.858177
0.116101 0.855143
0.116315 0.85271
0.11653 0.849706
0.116745 0.847235
0.116961 0.844329
0.117177 0.841838
0.117393 0.839026
0.11761 0.836552
0.117827 0.833815
0.118045 0.831286
0.118263 0.828567
0.118481 0.825964
0.1187 0.823318
0.118919 0.820659
0.119139 0.818102
0.119359 0.815353
0.119579 0.812874
0.1198 0.809996
0.120021 0.807687
0.120243 0.804597
0.120465 0.802538
0.120687 0.79957
0.12091 0.79753
0.121133 0.79457
0.121357 0.79253
0.121581 0.789615
0.121806 0.787512
0.12203 0.784632
0.122256 0.782527
0.122482 0.779637
0.122708 0.777534
0.122934 0.774677
0.123161 0.772562
0.123389 0.769731
0.123617 0.767628
0.123845 0.764797
0.124074 0.762729
0.124303 0.760003
0.124532 0.757912
0.124762 0.755261
0.124993 0.753151
0.125223 0.750524
0.125455 0.748368
0.125686 0.74574
0.125918 0.743579
0.126151 0.741006
0.126384 0.73881
0.126617 0.736279
0.126851 0.734056
0.127085 0.73152
0.12732 0.729298
0.127555 0.726855
0.127791 0.724635
0.128027 0.722273
0.128263 0.720011
0.1285 0.717751
0.128737 0.715408
0.128975 0.713216
0.129213 0.710779
0.129452 0.708652
0.129691 0.706021
0.12993 0.704146
0.13017 0.701429
0.130411 0.699609
0.130651 0.696914
0.130893 0.695103
0.131134 0.69245
0.131376 0.69065
0.131619 0.688101
0.131862 0.686279
0.132106 0.68377
0.13235 0.681942
0.132594 0.679457
0.132839 0.677617
0.133084 0.675162
0.13333 0.673287
0.133576 0.670828
0.133823 0.668968
0.13407 0.666515
0.134317 0.664661
0.134565 0.66223
0.134814 0.660369
0.135063 0.657978
0.135312 0.656097
0.135562 0.653787
0.135812 0.651951
0.136063 0.649689
0.136315 0.647799
0.136566 0.645582
0.136818 0.64365
0.137071 0.641447
0.137324 0.639496
0.137578 0.637329
0.137832 0.635358
0.138086 0.633218
0.138341 0.631191
0.138597 0.62913
0.138853 0.627078
0.139109 0.625079
0.139366 0.622996
0.139623 0.621095
0.139881 0.618964
0.14014 0.61719
0.140398 0.614844
0.140658 0.613247
0.140917 0.610925
0.141177 0.609331
0.141438 0.606989
0.141699 0.605383
0.141961 0.603087
0.142223 0.60146
0.142486 0.599191
0.142749 0.597559
0.143013 0.59531
0.143277 0.593696
0.143541 0.591521
0.143806 0.589923
0.144072 0.587799
0.144338 0.586178
0.144604 0.584047
0.144871 0.582416
0.145139 0.58031
0.145407 0.578665
0.145675 0.576579
0.145944 0.574922
0.146214 0.572864
0.146484 0.571178
0.146754 0.569124
0.147025 0.567459
0.147297 0.565441
0.147569 0.563792
0.147841 0.561836
0.148114 0.560166
0.148388 0.558249
0.148662 0.556565
0.148937 0.554693
0.149212 0.552973
0.149487 0.55112
0.149763 0.549352
0.15004 0.547561
0.150317 0.54573
0.150594 0.544012
0.150872 0.542117
0.151151 0.540455
0.15143 0.53843
0.15171 0.536963
0.15199 0.534893
0.152271 0.533518
0.152552 0.531498
0.152833 0.530119
0.153116 0.528107
0.153398 0.526714
0.153682 0.524726
0.153965 0.523296
0.15425 0.521321
0.154535 0.519885
0.15482 0.517933
0.155106 0.516504
0.155392 0.514569
0.155679 0.513117
0.155967 0.511204
0.156255 0.50977
0.156543 0.50789
0.156832 0.506493
0.157122 0.504666
0.157412 0.503247
0.157703 0.501429
0.157994 0.499972
0.158286 0.498173
0.158578 0.496729
0.158871 0.494954
0.159164 0.493461
0.159458 0.491717
0.159753 0.490209
0.160048 0.488498
0.160343 0.486976
0.160639 0.485284
0.160936 0.483783
0.161233 0.482146
0.161531 0.480635
0.161829 0.479069
0.162128 0.477512
0.162427 0.475982
0.162727 0.474366
0.163028 0.472889
0.163329 0.471214
0.16363 0.469805
0.163933 0.46796
0.164235 0.466726
0.164539 0.464896
0.164842 0.463654
0.165147 0.461844
0.165452 0.460607
0.165757 0.458853
0.166063 0.457613
0.16637 0.455905
0.166677 0.454661
0.166985 0.452962
0.167293 0.451715
0.167602 0.450023
0.167912 0.448769
0.168222 0.447089
0.168532 0.445814
0.168844 0.444147
0.169155 0.442867
0.169468 0.441207
0.169781 0.439938
0.170094 0.438308
0.170408 0.437042
0.170723 0.435463
0.171038 0.434184
0.171354 0.43264
0.171671 0.431373
0.171988 0.429834
0.172305 0.42855
0.172623 0.42703
0.172942 0.425722
0.173261 0.424217
0.173581 0.422891
0.173902 0.421416
0.174223 0.420073
0.174545 0.418632
0.174867 0.41725
0.17519 0.415873
0.175514 0.414468
0.175838 0.41315
0.176162 0.411734
0.176488 0.410478
0.176814 0.408958
0.17714 0.407813
0.177467 0.406219
0.177795 0.40513
0.178123 0.403541
0.178452 0.402459
0.178782 0.400872
0.179112 0.399792
0.179443 0.398233
0.179774 0.397126
0.180106 0.395581
0.180438 0.394481
0.180772 0.392979
0.181105 0.391894
0.18144 0.390443
0.181775 0.389335
0.182111 0.387893
0.182447 0.386795
0.182784 0.38534
0.183121 0.384232
0.183459 0.382791
0.183798 0.381674
0.184138 0.380251
0.184478 0.379124
0.184818 0.37771
0.18516 0.376582
0.185502 0.375201
0.185844 0.374065
0.186187 0.37272
0.186531 0.371588
0.186876 0.370296
0.187221 0.36915
0.187566 0.367853
0.187913 0.366696
0.18826 0.365423
0.188607 0.364229
0.188956 0.362991
0.189305 0.361777
0.189654 0.360573
0.190004 0.359316
0.190355 0.358156
0.190707 0.356849
0.191059 0.355759
0.191412 0.354333
0.191765 0.353402
0.192119 0.352029
0.192474 0.351081
0.192829 0.349713
0.193186 0.348758
0.193542 0.347403
0.1939 0.346439
0.194258 0.34509
0.194616 0.344112
0.194976 0.342772
0.195336 0.341803
0.195697 0.340475
0.196058 0.339502
0.19642 0.33819
0.196783 0.337216
0.197146 0.335928
0.19751 0.334964
0.197875 0.333712
0.19824 0.33275
0.198606 0.331514
0.198973 0.330541
0.199341 0.329319
0.199709 0.328321
0.200077 0.327103
0.200447 0.326107
0.200817 0.324906
0.201188 0.323896
0.201559 0.322707
0.201932 0.321684
0.202304 0.320517
0.202678 0.3195
0.203052 0.318362
0.203427 0.31736
0.203803 0.316271
0.204179 0.315221
0.204556 0.314164
0.204934 0.313088
0.205312 0.312061
0.205692 0.310952
0.206071 0.309955
0.206452 0.308781
0.206833 0.307863
0.207215 0.306614
0.207598 0.305761
0.207981 0.304537
0.208365 0.303693
0.20875 0.302469
0.209135 0.301645
0.209522 0.300481
0.209908 0.299632
0.210296 0.298477
0.210684 0.297626
0.211073 0.296462
0.211463 0.295616
0.211854 0.294468
0.212245 0.293604
0.212637 0.292467
0.21303 0.291611
0.213423 0.290466
0.213817 0.289607
0.214212 0.288486
0.214607 0.287623
0.215004 0.286528
0.215401 0.285676
0.215799 0.28462
0.216197 0.283754
0.216596 0.28271
0.216996 0.281832
0.217397 0.2808
0.217798 0.279904
0.218201 0.278888
0.218603 0.277991
0.219007 0.276972
0.219412 0.276063
0.219817 0.275073
0.220223 0.274147
0.220629 0.27318
0.221037 0.272246
0.221445 0.27132
0.221854 0.270379
0.222263 0.269503
0.222674 0.268521
0.223085 0.267677
0.223497 0.26659
0.22391 0.265862
0.224323 0.264774
0.224737 0.26404
0.225152 0.262959
0.225568 0.26221
0.225985 0.261147
0.226402 0.260399
0.22682 0.259349
0.227239 0.258595
0.227659 0.25756
0.228079 0.256821
0.2285 0.255828
0.228922 0.255093
0.229345 0.2541
0.229768 0.253349
0.230193 0.252368
0.230618 0.251607
0.231044 0.250623
0.23147 0.249873
0.231898 0.248895
0.232326 0.248141
0.232755 0.247174
0.233185 0.246399
0.233615 0.245452
0.234047 0.244686
0.234479 0.243755
0.234912 0.242998
0.235346 0.242109
0.23578 0.241328
0.236216 0.240449
0.236652 0.239662
0.237089 0.238793
0.237527 0.238
0.237965 0.237146
0.238405 0.236321
0.238845 0.235493
0.239286 0.23465
0.239728 0.233851
0.240171 0.232986
0.240614 0.232212
0.241058 0.231309
0.241504 0.230605
0.24195 0.229671
0.242396 0.229025
0.242844 0.228104
0.243292 0.227453
0.243742 0.22652
0.244192 0.225876
0.244643 0.22496
0.245094 0.22429
0.245547 0.223385
0.246 0.222722
0.246455 0.221815
0.24691 0.221153
0.247366 0.220255
0.247822 0.219595
0.24828 0.218707
0.248739 0.218066
0.249198 0.217205
0.249658 0.216556
0.250119 0.215709
0.250581 0.215044
0.251044 0.214207
0.251507 0.213541
0.251972 0.212713
0.252437 0.212031
0.252903 0.211206
0.25337 0.210524
0.253838 0.209714
0.254307 0.209025
0.254776 0.208231
0.255247 0.207538
0.255718 0.206754
0.25619 0.206071
0.256663 0.205324
0.257137 0.20463
0.257612 0.203897
0.258088 0.203181
0.258565 0.202468
0.259042 0.201731
0.25952 0.201044
0.26 0.200277
0.26048 0.199611
0.260961 0.19876
0.261443 0.198193
0.261925 0.197346
0.262409 0.19678
0.262894 0.195942
0.263379 0.19538
0.263865 0.194583
0.264353 0.194015
0.264841 0.193227
0.26533 0.192652
0.26582 0.191862
0.266311 0.191284
0.266803 0.190502
0.267295 0.189925
0.267789 0.189146
0.268283 0.188559
0.268779 0.187789
0.269275 0.187203
0.269772 0.186435
0.27027 0.185856
0.27077 0.185102
0.27127 0.18453
0.27177 0.183803
0.272272 0.183218
0.272775 0.182504
0.273279 0.18192
0.273783 0.18121
0.274289 0.180616
0.274796 0.179919
0.275303 0.179306
0.275811 0.178618
0.276321 0.178008
0.276831 0.177332
0.277342 0.176711
0.277854 0.176048
0.278367 0.175413
0.278881 0.174777
0.279396 0.174149
0.279912 0.173541
0.280429 0.172893
0.280947 0.172303
0.281466 0.171628
0.281986 0.171072
0.282506 0.170337
0.283028 0.169834
0.283551 0.169107
0.284074 0.168607
0.284599 0.167872
0.285124 0.167373
0.285651 0.166655
0.286178 0.166145
0.286707 0.165442
0.287236 0.164941
0.287767 0.164258
0.288298 0.163759
0.28883 0.163088
0.289364 0.162583
0.289898 0.161913
0.290433 0.161406
0.29097 0.160735
0.291507 0.160225
0.292045 0.159561
0.292585 0.159043
0.293125 0.158391
0.293666 0.157875
0.294208 0.157232
0.294752 0.156707
0.295296 0.156072
0.295841 0.155556
0.296388 0.154951
0.296935 0.154431
0.297483 0.153834
0.298033 0.153308
0.298583 0.152706
0.299134 0.152173
0.299687 0.151591
0.30024 0.151047
0.300795 0.150472
0.30135 0.149915
0.301906 0.149362
0.302464 0.148788
0.303022 0.148254
0.303582 0.147664
0.304143 0.147156
0.304704 0.146535
0.305267 0.146089
0.305831 0.145455
0.306395 0.145021
0.306961 0.14439
0.307528 0.143955
0.308096 0.143326
0.308665 0.142887
0.309235 0.142268
0.309806 0.141822
0.310378 0.141203
0.310951 0.140758
0.311525 0.140148
0.312101 0.139705
0.312677 0.139109
0.313254 0.138665
0.313833 0.138085
0.314412 0.137645
0.314993 0.137071
0.315574 0.13663
0.316157 0.13606
0.316741 0.135613
0.317326 0.135048
0.317912 0.134591
0.318499 0.134035
0.319087 0.133581
0.319676 0.133032
0.320267 0.132567
0.320858 0.132028
0.321451 0.131559
0.322044 0.131031
0.322639 0.130569
0.323235 0.130057
0.323832 0.129594
0.32443 0.129093
0.325029 0.128614
0.325629 0.12813
0.32623 0.127641
0.326833 0.127165
0.327436 0.126659
0.328041 0.1262
0.328646 0.125676
0.329253 0.125245
0.329861 0.124672
0.33047 0.124289
0.331081 0.123726
0.331692 0.123348
0.332305 0.1228
0.332918 0.122419
0.333533 0.121885
0.334149 0.121499
0.334766 0.120969
0.335384 0.120581
0.336003 0.120051
0.336624 0.119661
0.337246 0.119137
0.337868 0.118748
0.338492 0.118227
0.339117 0.117834
0.339743 0.117316
0.340371 0.116921
0.340999 0.116413
0.341629 0.116025
0.34226 0.115535
0.342892 0.115143
0.343525 0.114666
0.344159 0.114267
0.344795 0.113788
0.345432 0.113393
0.34607 0.112918
0.346709 0.112518
0.347349 0.112049
0.34799 0.111642
0.348633 0.111176
0.349277 0.110765
0.349922 0.110315
0.350568 0.109901
0.351215 0.109459
0.351864 0.109043
0.352513 0.108624
0.353164 0.108199
0.353817 0.107797
0.35447 0.107355
0.355125 0.106967
0.35578 0.106491
0.356437 0.10614
0.357095 0.105648
0.357755 0.105313
0.358416 0.104821
0.359077 0.104488
0.35974 0.104
0.360405 0.103667
0.36107 0.103188
0.361737 0.102854
0.362405 0.102389
0.363074 0.102055
0.363745 0.101603
0.364416 0.101269
0.365089 0.10082
0.365763 0.100477
0.366439 0.100032
0.367116 0.0996903
0.367793 0.0992413
0.368473 0.0989018
0.369153 0.0984594
0.369835 0.0981156
0.370518 0.0976789
0.371202 0.0973321
0.371887 0.0969038
0.372574 0.0965632
0.373262 0.0961505
0.373951 0.0958038
0.374642 0.0954022
0.375334 0.0950494
0.376027 0.0946536
0.376721 0.0942967
0.377417 0.0939021
0.378114 0.0935439
0.378812 0.0931573
0.379511 0.0927891
0.380212 0.0924124
0.380914 0.0920371
0.381618 0.0916722
0.382322 0.0912854
0.383028 0.0909392
0.383736 0.0905471
0.384444 0.0902204
0.385154 0.0897981
0.385866 0.0895112
0.386578 0.0890902
0.387292 0.0888002
0.388007 0.0883797
0.388724 0.0880879
0.389441 0.0876735
0.390161 0.0873757
0.390881 0.0869656
0.391603 0.0866679
0.392326 0.0862593
0.39305 0.085966
0.393776 0.0855619
0.394503 0.0852715
0.395232 0.0848805
0.395962 0.0845878
0.396693 0.0842066
0.397425 0.0839099
0.398159 0.0835292
0.398895 0.0832323
0.399631 0.0828575
0.400369 0.0825574
0.401108 0.082188
0.401849 0.0818828
0.402591 0.0815137
0.403335 0.0812098
0.404079 0.0808454
0.404826 0.08054
0.405573 0.080183
0.406322 0.0798784
0.407072 0.0795327
0.407824 0.0792292
0.408577 0.0788929
0.409332 0.0785842
0.410088 0.0782538
0.410845 0.0779342
0.411604 0.077616
0.412364 0.0772864
0.413125 0.0769774
0.413888 0.0766381
0.414652 0.0763413
0.415418 0.0759803
0.416185 0.0757093
0.416954 0.0753324
0.417723 0.0750803
0.418495 0.0747136
0.419268 0.0744665
0.420042 0.0741069
0.420818 0.0738593
0.421595 0.0735061
0.422373 0.0732505
0.423153 0.0728988
0.423934 0.0726427
0.424717 0.0722923
0.425502 0.0720371
0.426287 0.0716903
0.427075 0.0714313
0.427863 0.0710902
0.428653 0.0708337
0.429445 0.0704928
0.430238 0.0702374
0.431032 0.0699069
0.431828 0.069653
0.432626 0.0693336
0.433425 0.0690777
0.434225 0.0687587
0.435027 0.0685001
0.43583 0.0681869
0.436635 0.0679226
0.437441 0.0676135
0.438249 0.0673446
0.439058 0.0670407
0.439869 0.0667714
0.440681 0.066469
0.441495 0.0661991
0.44231 0.0659056
0.443127 0.065632
0.443945 0.0653523
0.444765 0.0650781
0.445586 0.0648091
0.446409 0.0645252
0.447234 0.0642655
0.448059 0.0639696
0.448887 0.063721
0.449716 0.0633956
0.450546 0.0631786
0.451378 0.0628556
0.452212 0.0626368
0.453047 0.0623152
0.453883 0.0620964
0.454722 0.0617809
0.455561 0.0615627
0.456402 0.0612557
0.457245 0.061037
0.45809 0.0607401
0.458935 0.0605221
0.459783 0.0602257
0.460632 0.0600063
0.461483 0.0597123
0.462335 0.0594896
0.463189 0.0591979
0.464044 0.0589738
0.464901 0.0586817
0.465759 0.0584592
0.466619 0.0581725
0.467481 0.0579484
0.468344 0.0576683
0.469209 0.0574435
0.470076 0.057169
0.470944 0.0569472
0.471813 0.0566826
0.472684 0.0564566
0.473557 0.056195
0.474432 0.0559652
0.475308 0.055705
0.476186 0.055474
0.477065 0.0552179
0.477946 0.054985
0.478828 0.0547353
0.479713 0.0544921
0.480598 0.0542517
0.481486 0.0540042
0.482375 0.0537736
0.483266 0.0535225
0.484158 0.0533023
0.485052 0.0530452
0.485948 0.0528426
0.486845 0.0525687
0.487744 0.0523793
0.488645 0.0521099
0.489547 0.0519205
0.490451 0.0516472
0.491357 0.0514593
0.492264 0.0511909
0.493173 0.0509993
0.494084 0.0507333
0.494996 0.0505431
0.495911 0.0502784
0.496826 0.0500909
0.497744 0.0498339
0.498663 0.0496464
0.499584 0.0493987
0.500506 0.049212
0.50143 0.0489625
0.502356 0.0487732
0.503284 0.0485278
0.504213 0.0483359
0.505144 0.0480937
0.506077 0.047901
0.507012 0.0476611
0.507948 0.047466
0.508886 0.0472294
0.509826 0.0470327
0.510767 0.0468017
0.51171 0.0466036
0.512655 0.0463807
0.513602 0.046187
0.51455 0.0459685
0.515501 0.0457708
0.516453 0.0455575
0.517406 0.0453555
0.518362 0.0451457
0.519319 0.0449395
0.520278 0.0447364
0.521239 0.0445226
0.522201 0.044328
0.523165 0.0441066
0.524131 0.0439191
0.525099 0.0436751
0.526069 0.043517
0.52704 0.0432778
0.528014 0.043121
0.528989 0.0428905
0.529966 0.0427304
0.530944 0.0425029
0.531925 0.0423422
0.532907 0.0421162
0.533891 0.0419548
0.534877 0.0417282
0.535865 0.0415655
0.536854 0.0413428
0.537845 0.0411813
0.538839 0.0409587
0.539834 0.0407954
0.54083 0.0405782
0.541829 0.0404153
0.54283 0.0402013
0.543832 0.0400421
0.544836 0.039836
0.545842 0.0396755
0.54685 0.0394714
0.54786 0.0393065
0.548872 0.0391053
0.549885 0.0389406
0.550901 0.038741
0.551918 0.0385739
0.552937 0.0383775
0.553958 0.0382065
0.554981 0.0380144
0.556006 0.0378436
0.557033 0.037655
0.558061 0.0374849
0.559092 0.037303
0.560124 0.0371308
0.561159 0.0369582
0.562195 0.0367815
0.563233 0.0366139
0.564273 0.0364318
0.565315 0.0362691
0.566359 0.0360775
0.567405 0.0359265
0.568453 0.0357208
0.569502 0.0355829
0.570554 0.0353808
0.571608 0.0352431
0.572663 0.0350396
0.573721 0.0349056
0.57478 0.0347082
0.575842 0.0345716
0.576905 0.034384
0.57797 0.0342479
0.579037 0.0340597
0.580107 0.0339231
0.581178 0.0337367
0.582251 0.0335979
0.583326 0.0334117
0.584404 0.0332753
0.585483 0.0330893
0.586564 0.0329517
0.587647 0.0327689
0.588732 0.032629
0.589819 0.0324503
0.590908 0.0323116
0.592 0.0321381
0.593093 0.0319998
0.594188 0.0318321
0.595285 0.0316928
0.596385 0.0315283
0.597486 0.0313863
0.598589 0.0312237
0.599694 0.0310803
0.600802 0.0309185
0.601911 0.0307738
0.603023 0.0306163
0.604136 0.0304692
0.605252 0.0303148
0.60637 0.0301634
0.607489 0.0300157
0.608611 0.0298618
0.609735 0.0297217
0.610861 0.0295674
0.611989 0.0294342
0.613119 0.0292644
0.614251 0.0291491
0.615386 0.0289775
0.616522 0.0288628
0.61766 0.0286917
0.618801 0.0285763
0.619944 0.028408
0.621088 0.0282918
0.622235 0.0281253
0.623384 0.0280092
0.624535 0.027843
0.625689 0.0277273
0.626844 0.0275654
0.628002 0.0274527
0.629161 0.0272987
0.630323 0.0271825
0.631487 0.0270295
0.632653 0.0269138
0.633821 0.0267606
0.634992 0.0266447
0.636164 0.0264934
0.637339 0.0263761
0.638516 0.026226
0.639695 0.026107
0.640876 0.0259596
0.64206 0.0258413
0.643246 0.0256967
0.644433 0.0255774
0.645623 0.0254376
0.646816 0.025319
0.64801 0.0251847
0.649207 0.0250653
0.650405 0.0249334
0.651606 0.0248115
0.65281 0.0246818
0.654015 0.0245567
0.655223 0.02443
0.656433 0.0243027
0.657645 0.0241803
0.658859 0.024048
0.660076 0.0239304
0.661295 0.0237932
0.662516 0.0236842
0.66374 0.0235358
0.664965 0.0234408
0.666193 0.0233013
0.667423 0.023206
0.668656 0.0230644
0.669891 0.0229694
0.671128 0.0228302
0.672367 0.0227332
0.673608 0.0225952
0.674852 0.0224979
0.676099 0.0223608
0.677347 0.0222635
0.678598 0.0221278
0.679851 0.0220312
0.681106 0.0218964
0.682364 0.0217997
0.683624 0.0216676
0.684887 0.0215725
0.686151 0.0214469
0.687418 0.0213503
0.688688 0.0212272
0.689959 0.0211298
0.691233 0.0210074
0.69251 0.0209083
0.693789 0.0207866
0.69507 0.020687
0.696353 0.0205679
0.697639 0.0204672
0.698928 0.0203499
0.700218 0.0202487
0.701511 0.0201328
0.702807 0.0200314
0.704104 0.0199206
0.705405 0.01982
0.706707 0.0197141
0.708012 0.019611
0.70932 0.0195089
0.710629 0.0194021
0.711942 0.019303
0.713256 0.0191924
0.714574 0.0190974
0.715893 0.0189775
0.717215 0.0188936
0.718539 0.0187703
0.719866 0.0186897
0.721196 0.0185676
0.722527 0.0184885
0.723862 0.0183675
0.725198 0.0182894
0.726537 0.0181759
0.727879 0.0180969
0.729223 0.0179831
0.73057 0.0179036
0.731919 0.0177913
0.73327 0.0177117
0.734624 0.0176008
0.735981 0.0175194
0.73734 0.0174091
0.738702 0.0173282
0.740066 0.0172186
0.741432 0.017138
0.742801 0.0170304
0.744173 0.0169496
0.745547 0.0168442
0.746924 0.0167645
0.748303 0.0166645
0.749685 0.0165844
0.75107 0.0164864
0.752456 0.0164043
0.753846 0.0163076
0.755238 0.0162241
0.756633 0.0161286
0.75803 0.0160444
0.75943 0.0159504
0.760832 0.0158655
0.762237 0.0157733
0.763644 0.0156863
0.765055 0.0155982
0.766467 0.0155097
0.767883 0.0154255
0.769301 0.0153364
0.770721 0.0152574
0.772145 0.0151657
0.77357 0.0150914
0.774999 0.01499
0.77643 0.0149247
0.777864 0.0148246
0.7793 0.0147586
0.780739 0.014659
0.782181 0.0145927
0.783625 0.0144946
0.785072 0.0144277
0.786522 0.0143304
0.787974 0.0142645
0.78943 0.0141688
0.790887 0.0141039
0.792348 0.0140133
0.793811 0.0139489
0.795277 0.0138591
0.796745 0.0137934
0.798217 0.0137045
0.799691 0.013638
0.801167 0.0135496
0.802647 0.013483
0.804129 0.0133962
0.805614 0.0133288
0.807101 0.0132434
0.808592 0.0131752
0.810085 0.0130906
0.811581 0.013024
0.81308 0.0129408
0.814581 0.0128751
0.816085 0.0127965
0.817592 0.0127299
0.819102 0.0126524
0.820615 0.0125844
0.82213 0.0125093
0.823648 0.01244
0.825169 0.0123655
0.826693 0.0122945
0.828219 0.0122229
0.829749 0.0121494
0.831281 0.012081
0.832816 0.0120047
0.834354 0.0119399
0.835895 0.0118582
0.837438 0.0118018
0.838985 0.0117201
0.840534 0.0116674
0.842086 0.0115867
0.843641 0.0115341
0.845199 0.0114537
0.84676 0.0114009
0.848323 0.0113216
0.84989 0.0112678
0.851459 0.0111885
0.853031 0.0111349
0.854607 0.0110569
0.856185 0.0110037
0.857766 0.0109267
0.85935 0.0108726
0.860937 0.0107976
0.862526 0.0107456
0.864119 0.0106729
0.865715 0.0106206
0.867313 0.01055
0.868915 0.0104969
0.87052 0.0104271
0.872127 0.0103733
0.873738 0.0103038
0.875351 0.0102498
0.876967 0.0101819
0.878587 0.0101268
0.880209 0.01006
0.881835 0.0100044
0.883463 0.00993944
0.885094 0.00988298
0.886729 0.0098198
0.888366 0.00976483
0.890007 0.00970504
0.89165 0.00964895
0.893297 0.00959109
0.894946 0.00953327
0.896599 0.00947751
0.898255 0.00941714
0.899913 0.00936364
0.901575 0.00930088
0.90324 0.00925061
0.904908 0.00918104
0.906579 0.009138
0.908253 0.00906936
0.90993 0.00902632
0.911611 0.00895866
0.913294 0.00891679
0.91498 0.00885264
0.91667 0.00881017
0.918363 0.00874757
0.920059 0.00870487
0.921758 0.00864241
0.92346 0.00859994
0.925165 0.00853787
0.926873 0.0084952
0.928585 0.00843365
0.9303 0.00839039
0.932018 0.00832998
0.933739 0.0082863
0.935463 0.0082263
0.93719 0.00818324
0.938921 0.00812491
0.940655 0.0080824
0.942392 0.00802718
0.944132 0.00798426
0.945875 0.00793013
0.947622 0.00788694
0.949372 0.00783323
0.951125 0.0077894
0.952881 0.00773644
0.954641 0.00769214
0.956404 0.00764038
0.95817 0.00759515
0.959939 0.00754456
0.961712 0.00749889
0.963488 0.00744957
0.965267 0.0074029
0.967049 0.00735641
0.968835 0.00730957
0.970624 0.00726588
0.972417 0.00721786
0.974212 0.00717686
0.976011 0.00712521
0.977814 0.00708795
0.979619 0.00703315
0.981428 0.0069987
0.983241 0.00694427
0.985056 0.00691031
0.986875 0.00685608
0.988698 0.00682221
0.990523 0.0067691
0.992352 0.00673496
0.994185 0.00668271
0.996021 0.00664912
0.99786 0.0065993
0.999703 0.00656627
1.00155 0.00651766
1.0034 0.00648387
1.00525 0.00643604
1.00711 0.00640242
1.00897 0.00635448
1.01083 0.00632019
1.0127 0.00627305
1.01457 0.00623868
1.01644 0.00619208
1.01832 0.00615773
1.0202 0.00611188
1.02208 0.00607733
1.02397 0.00603305
1.02586 0.00599876
1.02775 0.00595665
1.02965 0.00592217
1.03155 0.00588157
1.03346 0.00584664
1.03537 0.00580634
1.03728 0.00577089
1.03919 0.00573161
1.04111 0.00569514
1.04304 0.00565703
1.04496 0.0056194
1.04689 0.00558286
1.04882 0.00554394
1.05076 0.00550945
1.0527 0.00546887
1.05465 0.00543708
1.05659 0.00539314
1.05854 0.00536716
1.0605 0.00532474
1.06246 0.00529846
1.06442 0.00525616
1.06638 0.00522959
1.06835 0.00518775
1.07033 0.00516109
1.0723 0.00511959
1.07428 0.00509248
1.07627 0.00505158
1.07825 0.00502474
1.08025 0.00498416
1.08224 0.00495768
1.08424 0.00491772
1.08624 0.0048914
1.08825 0.00485374
1.09026 0.00482738
1.09227 0.00479075
1.09429 0.00476448
1.09631 0.00472811
1.09833 0.00470156
1.10036 0.00466567
1.10239 0.0046386
1.10443 0.0046031
1.10647 0.00457604
1.10851 0.00454112
1.11056 0.00451362
1.11261 0.00447957
1.11466 0.0044518
1.11672 0.0044189
1.11878 0.00439142
1.12085 0.00436023
1.12292 0.00433295
1.12499 0.00430323
1.12707 0.00427457
1.12915 0.00424589
1.13124 0.00421626
1.13333 0.00418866
1.13542 0.00415796
1.13751 0.00413161
1.13962 0.00409891
1.14172 0.00407499
1.14383 0.00403966
1.14594 0.00401875
1.14806 0.00398421
1.15018 0.00396382
1.1523 0.00393031
1.15443 0.00391031
1.15656 0.00387844
1.1587 0.00385797
1.16083 0.00382621
1.16298 0.00380577
1.16513 0.00377412
1.16728 0.00375353
1.16943 0.00372224
1.17159 0.00370152
1.17376 0.00367055
1.17592 0.00364997
1.1781 0.00361937
1.18027 0.00359871
1.18245 0.00356887
1.18463 0.00354856
1.18682 0.00352015
1.18901 0.00350001
1.19121 0.00347288
1.19341 0.00345229
1.19561 0.00342542
1.19782 0.0034045
1.20003 0.00337811
1.20225 0.00335681
1.20447 0.00333091
1.20669 0.0033093
1.20892 0.00328395
1.21115 0.00326198
1.21339 0.00323746
1.21563 0.00321504
1.21787 0.00319158
1.22012 0.00316925
1.22238 0.00314744
1.22463 0.00312472
1.2269 0.00310438
1.22916 0.00308048
1.23143 0.00306122
1.2337 0.00303394
1.23598 0.00301828
1.23826 0.0029912
1.24055 0.00297546
1.24284 0.00294863
1.24514 0.00293268
1.24744 0.00290634
1.24974 0.00289052
1.25205 0.00286462
1.25436 0.00284917
1.25668 0.00282427
1.259 0.00280893
1.26132 0.00278531
1.26365 0.00277001
1.26598 0.00274639
1.26832 0.00273072
1.27066 0.00270749
1.27301 0.00269168
1.27536 0.00266855
1.27772 0.00265284
1.28008 0.00262995
1.28244 0.00261415
1.28481 0.00259163
1.28718 0.00257557
1.28956 0.00255389
1.29194 0.00253817
1.29432 0.00251737
1.29671 0.00250182
1.29911 0.00248215
1.30151 0.00246613
1.30391 0.00244684
1.30632 0.0024305
1.30873 0.00241171
1.31115 0.00239491
1.31357 0.00237651
1.31599 0.00235924
1.31842 0.00234146
1.32086 0.00232366
1.3233 0.00230683
1.32574 0.00228838
1.32819 0.00227279
1.33064 0.00225359
1.3331 0.00223984
1.33556 0.00221955
1.33803 0.00220784
1.3405 0.0021878
1.34297 0.00217596
1.34545 0.00215587
1.34794 0.00214413
1.35043 0.00212419
1.35292 0.00211221
1.35542 0.00209259
1.35792 0.00208064
1.36043 0.00206124
1.36294 0.0020493
1.36546 0.00203027
1.36798 0.00201849
1.37051 0.0020003
1.37304 0.00198894
1.37557 0.0019716
1.37811 0.00196009
1.38066 0.00194296
1.38321 0.00193117
1.38576 0.00191426
1.38832 0.00190239
1.39088 0.00188578
1.39345 0.00187362
1.39603 0.00185726
1.3986 0.00184499
1.40119 0.00182904
1.40377 0.00181671
1.40637 0.00180126
1.40896 0.00178902
1.41157 0.00177429
1.41417 0.00176225
1.41678 0.00174851
1.4194 0.00173612
1.42202 0.00172268
1.42465 0.00170977
1.42728 0.00169689
1.42991 0.00168331
1.43255 0.0016711
1.4352 0.00165679
1.43785 0.0016454
1.4405 0.00162934
1.44316 0.00162006
1.44583 0.00160381
1.4485 0.00159509
1.45117 0.00157941
1.45385 0.0015709
1.45654 0.00155632
1.45923 0.00154768
1.46192 0.00153318
1.46462 0.00152452
1.46733 0.00150997
1.47004 0.00150122
1.47275 0.00148683
1.47547 0.00147805
1.47819 0.00146391
1.48092 0.00145497
1.48366 0.00144099
1.4864 0.00143216
1.48914 0.00141844
1.49189 0.00140977
1.49465 0.00139667
1.49741 0.00138817
1.50017 0.00137583
1.50294 0.00136715
1.50572 0.00135499
1.5085 0.00134619
1.51129 0.00133422
1.51408 0.00132525
1.51687 0.00131353
1.51967 0.00130432
1.52248 0.0012928
1.52529 0.00128345
1.52811 0.00127235
1.53093 0.00126276
1.53376 0.00125213
1.53659 0.00124253
1.53943 0.00123255
1.54227 0.00122311
1.54512 0.00121397
1.54797 0.00120396
1.55083 0.00119528
1.55369 0.0011845
1.55656 0.00117666
1.55944 0.00116455
1.56231 0.00115804
1.5652 0.00114609
1.56809 0.00113956
1.57099 0.00112762
1.57389 0.0011212
1.57679 0.00110951
1.5797 0.00110318
1.58262 0.0010919
1.58554 0.00108577
1.58847 0.00107533
1.59141 0.00106907
1.59434 0.0010587
1.59729 0.00105243
1.60024 0.00104213
1.60319 0.00103571
1.60615 0.00102549
1.60912 0.00101901
1.61209 0.00100896
1.61507 0.00100242
1.61805 0.00099256
1.62104 0.000986003
1.62403 0.000976404
1.62703 0.00096989
1.63003 0.000960692
1.63304 0.00095436
1.63606 0.000945847
1.63908 0.000939469
1.64211 0.000931014
1.64514 0.000924417
1.64818 0.000916152
1.65122 0.000909353
1.65427 0.000901398
1.65733 0.000894328
1.66039 0.00088658
1.66345 0.000879297
1.66652 0.000871964
1.6696 0.000864394
1.67268 0.00085753
1.67577 0.000849656
1.67887 0.00084359
1.68197 0.000835377
1.68507 0.000830406
1.68819 0.00082174
1.6913 0.000817175
1.69443 0.000808533
1.69756 0.000803956
1.70069 0.000795374
1.70383 0.000790755
1.70698 0.000782227
1.71013 0.000777572
1.71329 0.000769172
1.71645 0.000764526
1.71962 0.00075627
1.7228 0.000751721
1.72598 0.000743791
1.72916 0.000739348
1.73236 0.000732066
1.73556 0.000727568
1.73876 0.00072031
1.74197 0.000715769
1.74519 0.000708597
1.74841 0.000703959
1.75164 0.000696876
1.75487 0.000692145
1.75812 0.000685155
1.76136 0.000680387
1.76461 0.000673601
1.76787 0.00066874
1.77114 0.000662147
1.77441 0.000657284
1.77768 0.00065103
1.78097 0.000646354
1.78426 0.000640615
1.78755 0.000635791
1.79085 0.000630176
1.79416 0.000625141
1.79747 0.000619785
1.80079 0.000614507
1.80412 0.000609356
1.80745 0.000603758
1.81079 0.000598958
1.81413 0.000592948
1.81748 0.000588672
1.82084 0.000581792
1.8242 0.000578511
1.82757 0.00057186
1.83094 0.000568697
1.83432 0.00056267
1.83771 0.000559473
1.8411 0.000553476
1.8445 0.000550215
1.84791 0.000544223
1.85132 0.000540961
1.85474 0.000535009
1.85816 0.000531688
1.8616 0.000525836
1.86503 0.000522531
1.86848 0.00051671
1.87193 0.00051337
1.87538 0.000507688
1.87885 0.00050438
1.88232 0.000498882
1.88579 0.000495747
1.88928 0.000490776
1.89276 0.000487555
1.89626 0.000482631
1.89976 0.000479335
1.90327 0.000474453
1.90678 0.000471128
1.9103 0.000466311
1.91383 0.000462886
1.91737 0.000458176
1.92091 0.000454684
1.92445 0.000450105
1.92801 0.0004465
1.93157 0.000442152
1.93514 0.000438494
1.93871 0.000434391
1.94229 0.000430879
1.94588 0.000427206
1.94947 0.000423481
1.95307 0.000420006
1.95667 0.000416009
1.96029 0.000412804
1.96391 0.000408288
1.96753 0.000405599
1.97117 0.000400746
1.97481 0.000398403
1.97845 0.000393587
1.98211 0.00039127
1.98577 0.000386531
1.98943 0.000384245
1.99311 0.000379626
1.99679 0.000377465
2.00048 0.000373289
2.00417 0.000371076
2.00787 0.000366964
2.01158 0.000364728
2.01529 0.000360632
2.01902 0.000358333
2.02274 0.000354286
2.02648 0.000351996
2.03022 0.000347955
2.03397 0.000345626
2.03773 0.000341671
2.04149 0.000339321
2.04526 0.000335463
2.04904 0.000333125
2.05282 0.000329383
2.05661 0.000327167
2.06041 0.000323829
2.06421 0.000321539
2.06802 0.000318249
2.07184 0.000315892
2.07567 0.000312685
2.0795 0.000310216
2.08334 0.00030709
2.08719 0.000304546
2.09104 0.000301524
2.0949 0.000298885
2.09877 0.000296
2.10265 0.000293261
2.10653 0.000290542
2.11042 0.000287665
2.11432 0.000285237
2.11822 0.000282362
2.12213 0.00028033
2.12605 0.000276978
2.12998 0.000275427
2.13391 0.000272092
2.13785 0.000270514
2.1418 0.000267205
2.14576 0.000265612
2.14972 0.00026232
2.15369 0.000260705
2.15766 0.000257456
2.16165 0.000255838
2.16564 0.000252637
2.16964 0.000251063
2.17365 0.000247936
2.17766 0.000246441
2.18168 0.000243629
2.18571 0.000242107
2.18975 0.000239357
2.19379 0.000237791
2.19784 0.000235048
2.2019 0.000233466
2.20597 0.000230765
2.21004 0.000229147
2.21412 0.000226487
2.21821 0.000224837
2.2223 0.000222219
2.22641 0.000220544
2.23052 0.000218005
2.23464 0.000216312
2.23876 0.000213888
2.2429 0.000212294
2.24704 0.000210119
2.25119 0.000208474
2.25535 0.000206366
2.25951 0.000204646
2.26368 0.000202604
2.26786 0.000200794
2.27205 0.000198853
2.27625 0.000196921
2.28045 0.000195099
2.28466 0.000193023
2.28888 0.000191373
2.29311 0.000189042
2.29734 0.00018769
2.30158 0.000185147
2.30583 0.000184116
2.31009 0.000181835
2.31436 0.000180808
2.31863 0.000178567
2.32291 0.000177524
2.3272 0.000175302
2.3315 0.000174237
2.33581 0.000172025
2.34012 0.000170946
2.34444 0.000168746
2.34877 0.000167659
2.35311 0.000165489
2.35745 0.00016439
2.36181 0.000162261
2.36617 0.000161181
2.37054 0.000159112
2.37491 0.000158079
2.3793 0.000156213
2.38369 0.000155175
2.38809 0.000153367
2.3925 0.000152301
2.39692 0.000150508
2.40135 0.00014941
2.40578 0.000147651
2.41023 0.000146516
2.41468 0.000144794
2.41914 0.00014362
2.4236 0.000141949
2.42808 0.000140748
2.43256 0.000139137
2.43705 0.00013791
2.44155 0.000136401
2.44606 0.000135219
2.45058 0.000133877
2.4551 0.000132646
2.45964 0.000131401
2.46418 0.00013008
2.46873 0.000128913
2.47329 0.00012745
2.47786 0.00012642
2.48243 0.000124658
2.48702 0.000123929
2.49161 0.000122184
2.49621 0.00012146
2.50082 0.000119736
2.50544 0.000119008
2.51006 0.000117329
2.5147 0.000116646
2.51934 0.00011513
2.52399 0.000114439
2.52866 0.000112981
2.53333 0.000112282
2.538 0.000110824
2.54269 0.000110118
2.54739 0.000108664
2.55209 0.000107939
2.5568 0.000106511
2.56152 0.000105764
2.56625 0.000104356
2.57099 0.000103613
2.57574 0.000102223
2.5805 0.000101482
2.58526 0.000100147
2.59004 9.9439e-05
2.59482 9.82331e-05
2.59961 9.75275e-05
2.60441 9.63733e-05
2.60922 9.56357e-05
2.61404 9.45089e-05
2.61886 9.37372e-05
2.6237 9.26354e-05
2.62855 9.18286e-05
2.6334 9.07582e-05
2.63826 8.99205e-05
2.64313 8.89017e-05
2.64801 8.80114e-05
2.6529 8.70545e-05
2.6578 8.61313e-05
2.66271 8.52641e-05
2.66763 8.43409e-05
2.67255 8.36052e-05
2.67749 8.25988e-05
2.68243 8.1998e-05
2.68739 8.08429e-05
2.69235 8.03769e-05
2.69732 7.92304e-05
2.7023 7.87552e-05
2.70729 7.7608e-05
2.71229 7.71284e-05
2.7173 7.59982e-05
2.72232 7.55121e-05
2.72735 7.43981e-05
2.73238 7.3921e-05
2.73743 7.28308e-05
2.74248 7.23803e-05
2.74755 7.13896e-05
2.75262 7.09416e-05
2.7577 7.0002e-05
2.7628 6.95443e-05
2.7679 6.86112e-05
2.77301 6.81449e-05
2.77813 6.72191e-05
2.78326 6.67346e-05
2.7884 6.58192e-05
2.79355 6.53285e-05
2.79871 6.44311e-05
2.80387 6.39228e-05
2.80905 6.30474e-05
2.81424 6.25406e-05
2.81944 6.17014e-05
2.82464 6.12141e-05
2.82986 6.0461e-05
2.83508 5.99664e-05
2.84032 5.92672e-05
2.84556 5.87479e-05
2.85082 5.80662e-05
2.85608 5.75139e-05
2.86136 5.68614e-05
2.86664 5.62741e-05
2.87193 5.56596e-05
2.87724 5.50206e-05
2.88255 5.44598e-05
2.88787 5.37578e-05
2.89321 5.32707e-05
2.89855 5.24089e-05
2.9039 5.21172e-05
2.90926 5.1336e-05
2.91464 5.10523e-05
2.92002 5.03156e-05
2.92541 5.00193e-05
2.93081 4.92897e-05
2.93623 4.89868e-05
2.94165 4.82589e-05
2.94708 4.7953e-05
2.95252 4.72259e-05
2.95797 4.69119e-05
2.96344 4.61953e-05
2.96891 4.5882e-05
2.97439 4.51719e-05
2.97988 4.48578e-05
2.98539 4.41702e-05
2.9909 4.38748e-05
2.99642 4.32486e-05
3.00195 4.29584e-05
3.0075 4.23684e-05
3.01305 4.20711e-05
3.01862 4.14862e-05
3.02419 4.11764e-05
3.02977 4.06025e-05
3.03537 4.02788e-05
3.04097 3.97144e-05
3.04659 3.93795e-05
3.05222 3.88326e-05
3.05785 3.84828e-05
3.0635 3.79537e-05
3.06916 3.75989e-05
3.07482 3.71012e-05
3.0805 3.6754e-05
3.08619 3.63104e-05
3.09189 3.59607e-05
3.0976 3.55579e-05
3.10332 3.51804e-05
3.10905 3.48071e-05
3.11479 3.439e-05
3.12054 3.40497e-05
3.1263 3.35753e-05
3.13208 3.32922e-05
3.13786 3.27357e-05
3.14365 3.25361e-05
3.14946 3.19851e-05
3.15528 3.1788e-05
3.1611 3.12469e-05
3.16694 3.10619e-05
3.17279 3.05684e-05
3.17865 3.03887e-05
3.18452 2.99309e-05
3.1904 2.97449e-05
3.19629 2.92904e-05
3.20219 2.90998e-05
3.2081 2.86463e-05
3.21403 2.84499e-05
3.21996 2.80002e-05
3.22591 2.78028e-05
3.23187 2.7355e-05
3.23783 2.71545e-05
3.24381 2.67159e-05
3.2498 2.65127e-05
3.2558 2.60877e-05
3.26182 2.58952e-05
3.26784 2.55106e-05
3.27387 2.53222e-05
3.27992 2.49674e-05
3.28598 2.47689e-05
3.29204 2.44213e-05
3.29812 2.42138e-05
3.30421 2.38739e-05
3.31031 2.36566e-05
3.31643 2.33235e-05
3.32255 2.30937e-05
3.32869 2.27751e-05
3.33483 2.2534e-05
3.34099 2.22317e-05
3.34716 2.19759e-05
3.35334 2.17008e-05
3.35953 2.14413e-05
3.36574 2.12094e-05
3.37195 2.09403e-05
3.37818 2.07474e-05
3.38442 2.04199e-05
3.39067 2.0286e-05
3.39693 1.99399e-05
3.4032 1.98204e-05
3.40949 1.94744e-05
3.41578 1.93519e-05
3.42209 1.90108e-05
3.42841 1.88866e-05
3.43474 1.8549e-05
3.44108 1.84265e-05
3.44744 1.80948e-05
3.4538 1.79788e-05
3.46018 1.76749e-05
3.46657 1.75632e-05
3.47297 1.72887e-05
3.47939 1.71729e-05
3.48581 1.6898e-05
3.49225 1.67805e-05
3.4987 1.65071e-05
3.50516 1.63853e-05
3.51163 1.61151e-05
3.51811 1.59889e-05
3.52461 1.57218e-05
3.53112 1.5593e-05
3.53764 1.53321e-05
3.54417 1.52016e-05
3.55072 1.49495e-05
3.55727 1.4823e-05
3.56384 1.45968e-05
3.57042 1.44738e-05
3.57702 1.42695e-05
3.58362 1.41389e-05
3.59024 1.3942e-05
3.59687 1.38016e-05
3.60351 1.36116e-05
3.61017 1.34616e-05
3.61683 1.3281e-05
3.62351 1.31174e-05
3.6302 1.29499e-05
3.63691 1.27701e-05
3.64362 1.26215e-05
3.65035 1.24182e-05
3.65709 1.23008e-05
3.66384 1.20709e-05
3.67061 1.20036e-05
3.67739 1.17981e-05
3.68418 1.17287e-05
3.69098 1.1523e-05
3.6978 1.14519e-05
3.70463 1.1246e-05
3.71147 1.11743e-05
3.71832 1.0969e-05
3.72519 1.08951e-05
3.73207 1.06912e-05
3.73896 1.06158e-05
3.74586 1.04151e-05
3.75278 1.03399e-05
3.75971 1.01431e-05
3.76665 1.00712e-05
3.77361 9.89002e-06
3.78058 9.82226e-06
3.78756 9.66136e-06
3.79455 9.59066e-06
3.80156 9.43111e-06
3.80858 9.35733e-06
3.81561 9.1994e-06
3.82266 9.123e-06
3.82972 8.96703e-06
3.83679 8.88688e-06
3.84387 8.73405e-06
3.85097 8.65211e-06
3.85808 8.50314e-06
3.86521 8.4171e-06
3.87234 8.27621e-06
3.87949 8.19144e-06
3.88666 8.0663e-06
3.89384 7.98442e-06
3.90103 7.87501e-06
3.90823 7.7861e-06
3.91545 7.68303e-06
3.92268 7.58391e-06
3.92992 7.49039e-06
3.93718 7.37851e-06
3.94445 7.29624e-06
3.95173 7.15996e-06
3.95903 7.10266e-06
3.96634 6.95411e-06
3.97366 6.9102e-06
3.981 6.76378e-06
3.98835 6.72196e-06
3.99572 6.58629e-06
4.0031 6.54762e-06
4.01049 6.42838e-06
4.01789 6.38836e-06
4.02531 6.26988e-06
4.03275 6.22857e-06
4.04019 6.11035e-06
4.04765 6.06784e-06
4.05513 5.95021e-06
4.06262 5.90636e-06
4.07012 5.78961e-06
4.07763 5.74483e-06
4.08516 5.62943e-06
4.09271 5.58497e-06
4.10027 5.47212e-06
4.10784 5.42901e-06
4.11542 5.3252e-06
4.12302 5.28469e-06
4.13064 5.1947e-06
4.13826 5.15254e-06
4.14591 5.06394e-06
4.15356 5.01882e-06
4.16123 4.93187e-06
4.16892 4.88405e-06
4.17661 4.79932e-06
4.18433 4.7487e-06
4.19205 4.66649e-06
4.19979 4.61261e-06
4.20755 4.53421e-06
4.21532 4.47656e-06
4.2231 4.40491e-06
4.2309 4.3457e-06
4.23871 4.28391e-06
4.24654 4.2262e-06
4.25438 4.17646e-06
4.26224 4.10914e-06
4.27011 4.06848e-06
4.278 3.98411e-06
4.2859 3.95971e-06
4.29381 3.8755e-06
4.30174 3.85038e-06
4.30968 3.76661e-06
4.31764 3.7412e-06
4.32561 3.65795e-06
4.3336 3.63255e-06
4.3416 3.55025e-06
4.34962 3.52616e-06
4.35765 3.44924e-06
4.3657 3.42754e-06
4.37376 3.36194e-06
4.38184 3.33938e-06
4.38993 3.27386e-06
4.39804 3.25023e-06
4.40616 3.18536e-06
4.41429 3.16083e-06
4.42245 3.09592e-06
4.43061 3.07078e-06
4.43879 3.00669e-06
4.44699 2.98055e-06
4.4552 2.91747e-06
4.46343 2.89075e-06
4.47167 2.82969e-06
4.47993 2.80351e-06
4.4882 2.74727e-06
4.49649 2.7232e-06
4.50479 2.67585e-06
4.51311 2.65021e-06
4.52144 2.6042e-06
4.52979 2.57612e-06
4.53816 2.5318e-06
4.54654 2.50145e-06
4.55493 2.4589e-06
4.56335 2.42582e-06
4.57177 2.38623e-06
4.58021 2.3494e-06
4.58867 2.31358e-06
4.59715 2.27225e-06
4.60564 2.24222e-06
4.61414 2.19426e-06
4.62266 2.17547e-06
4.6312 2.12999e-06
4.63975 2.11758e-06
4.64832 2.07198e-06
4.6569 2.05934e-06
4.6655 2.01372e-06
4.67411 2.0006e-06
4.68275 1.95507e-06
4.69139 1.94156e-06
4.70006 1.89606e-06
4.70874 1.88218e-06
4.71743 1.83725e-06
4.72614 1.82342e-06
4.73487 1.77909e-06
4.74361 1.76553e-06
4.75237 1.72391e-06
4.76115 1.71217e-06
4.76994 1.67745e-06
4.77875 1.66512e-06
4.78757 1.63068e-06
4.79641 1.61774e-06
4.80527 1.58365e-06
4.81414 1.57009e-06
4.82303 1.53615e-06
4.83194 1.52178e-06
4.84086 1.48867e-06
4.8498 1.47358e-06
4.85876 1.44113e-06
4.86773 1.4254e-06
4.87672 1.39434e-06
4.88572 1.37806e-06
4.89475 1.34995e-06
4.90378 1.33556e-06
4.91284 1.3127e-06
4.92191 1.29667e-06
4.931 1.27512e-06
4.94011 1.2574e-06
4.94923 1.23725e-06
4.95837 1.21716e-06
4.96752 1.1992e-06
4.9767 1.17552e-06
4.98589 1.16098e-06
4.99509 1.13028e-06
5.00432 1.1229e-06
5.01356 1.09251e-06
5.02282 1.08532e-06
5.03209 1.05631e-06
5.04138 1.05018e-06
5.05069 1.02679e-06
5.06002 1.02033e-06
5.06936 9.96999e-07
5.07873 9.90304e-07
5.0881 9.66937e-07
5.0975 9.6016e-07
5.10691 9.36775e-07
5.11634 9.29679e-07
5.12579 9.06432e-07
5.13526 8.99157e-07
5.14474 8.76158e-07
5.15424 8.6872e-07
5.16376 8.46019e-07
5.17329 8.38731e-07
5.18285 8.17302e-07
5.19242 8.11035e-07
5.202 7.93911e-07
5.21161 7.87261e-07
5.22123 7.70264e-07
5.23088 7.63146e-07
5.24054 7.46494e-07
5.25021 7.38931e-07
5.25991 7.22463e-07
5.26962 7.14277e-07
5.27935 6.98448e-07
5.2891 6.89647e-07
5.29887 6.74386e-07
5.30865 6.64935e-07
5.31846 6.50641e-07
5.32828 6.40506e-07
5.33812 6.27975e-07
5.34797 6.18925e-07
5.35785 6.09518e-07
5.36774 5.99023e-07
5.37765 5.90927e-07
5.38758 5.78137e-07
5.39753 5.72176e-07
5.4075 5.56945e-07
5.41749 5.53295e-07
5.42749 5.3808e-07
5.43751 5.34359e-07
5.44755 5.19175e-07
5.45761 5.15466e-07
5.46769 5.00429e-07
5.47779 4.96756e-07
5.4879 4.82197e-07
5.49804 4.79206e-07
5.50819 4.67838e-07
5.51836 4.64694e-07
5.52855 4.5337e-07
5.53876 4.50102e-07
5.54899 4.38791e-07
5.55923 4.35382e-07
5.5695 4.24118e-07
5.57979 4.20522e-07
5.59009 4.09318e-07
5.60041 4.05601e-07
5.61075 3.94553e-07
5.62111 3.90713e-07
5.63149 3.79882e-07
5.64189 3.75984e-07
5.65231 3.65712e-07
5.66275 3.62425e-07
5.67321 3.5453e-07
5.68368 3.50954e-07
5.69418 3.43266e-07
5.70469 3.39394e-07
5.71523 3.31928e-07
5.72578 3.2766e-07
5.73635 3.20496e-07
5.74695 3.15802e-07
5.75756 3.08989e-07
5.76819 3.03695e-07
5.77884 2.97528e-07
5.78951 2.91582e-07
5.8002 2.86123e-07
5.81092 2.79209e-07
5.82165 2.7525e-07
5.8324 2.68044e-07
5.84317 2.66538e-07
5.85396 2.59406e-07
5.86477 2.57845e-07
5.8756 2.50711e-07
5.88645 2.49072e-07
5.89732 2.41941e-07
5.90821 2.40244e-07
5.91912 2.33117e-07
5.93005 2.31367e-07
5.941 2.24266e-07
5.95197 2.22493e-07
5.96296 2.15453e-07
5.97397 2.13718e-07
5.985 2.06885e-07
5.99605 2.0546e-07
6.00713 2.00206e-07
6.01822 1.98717e-07
6.02933 1.93593e-07
6.04047 1.92054e-07
6.05162 1.86913e-07
6.06279 1.85267e-07
6.07399 1.80199e-07
6.08521 1.7844e-07
6.09644 1.73441e-07
6.1077 1.71577e-07
6.11898 1.6666e-07
6.13028 1.64686e-07
6.1416 1.59935e-07
6.15294 1.5787e-07
6.1643 1.5344e-07
6.17569 1.51667e-07
6.18709 1.48306e-07
6.19851 1.464e-07
6.20996 1.43291e-07
6.22143 1.41159e-07
6.23292 1.38213e-07
6.24443 1.35781e-07
6.25596 1.33105e-07
6.26751 1.30241e-07
6.27908 1.27956e-07
6.29068 1.24475e-07
6.30229 1.22829e-07
6.31393 1.1853e-07
6.32559 1.17721e-07
6.33727 1.13515e-07
6.34897 1.1286e-07
6.3607 1.09621e-07
6.37244 1.08967e-07
6.38421 1.05856e-07
6.396 1.05157e-07
6.40781 1.02059e-07
6.41964 1.01337e-07
6.4315 9.82327e-08
6.44338 9.74793e-08
6.45527 9.43626e-08
6.46719 9.35832e-08
6.47914 9.04962e-08
6.4911 8.96988e-08
6.50309 8.66474e-08
6.5151 8.58596e-08
6.52713 8.29034e-08
6.53918 8.22508e-08
6.55126 7.99635e-08
6.56335 7.93053e-08
6.57547 7.71489e-08
6.58761 7.64283e-08
6.59978 7.43001e-08
6.61197 7.35332e-08
6.62418 7.14367e-08
6.63641 7.05944e-08
6.64866 6.8546e-08
6.66094 6.76128e-08
6.67324 6.56571e-08
6.68556 6.46484e-08
6.69791 6.27736e-08
6.71028 6.16757e-08
6.72267 6.00048e-08
6.73508 5.90336e-08
6.74752 5.78067e-08
6.75998 5.67566e-08
6.77246 5.57128e-08
6.78497 5.44495e-08
6.7975 5.3598e-08
6.81005 5.17974e-08
6.82263 5.14669e-08
6.83522 4.96622e-08
6.84785 4.93222e-08
6.86049 4.75209e-08
6.87316 4.7173e-08
6.88585 4.53846e-08
6.89857 4.50374e-08
6.91131 4.32875e-08
6.92407 4.30107e-08
6.93686 4.16544e-08
6.94967 4.13837e-08
6.9625 4.01232e-08
6.97536 3.98379e-08
6.98824 3.85774e-08
7.00114 3.82789e-08
7.01407 3.70224e-08
7.02702 3.67118e-08
7.04 3.54542e-08
7.053 3.51265e-08
7.06602 3.38808e-08
7.07907 3.35396e-08
7.09214 3.23088e-08
7.10524 3.19613e-08
7.11836 3.07842e-08
7.1315 3.04874e-08
7.14467 2.95831e-08
7.15787 2.92846e-08
7.17108 2.8472e-08
7.18433 2.81399e-08
7.19759 2.73465e-08
7.21088 2.6985e-08
7.2242 2.62158e-08
7.23754 2.5806e-08
7.2509 2.50718e-08
7.26429 2.46072e-08
7.27771 2.39249e-08
7.29115 2.34031e-08
7.30461 2.27868e-08
7.3181 2.21737e-08
7.33161 2.16878e-08
7.34515 2.10919e-08
7.35872 2.08154e-08
7.3723 2.01279e-08
7.38592 2.00107e-08
7.39956 1.93202e-08
7.41322 1.91993e-08
7.42691 1.8507e-08
7.44062 1.83803e-08
7.45436 1.76861e-08
7.46813 1.75549e-08
7.48192 1.68617e-08
7.49574 1.67263e-08
7.50958 1.60388e-08
7.52345 1.59036e-08
7.53734 1.52308e-08
7.55126 1.51203e-08
7.5652 1.45953e-08
7.57917 1.44937e-08
7.59317 1.40232e-08
7.60719 1.39153e-08
7.62124 1.34467e-08
7.63531 1.33307e-08
7.64941 1.28638e-08
7.66353 1.27399e-08
7.67769 1.22772e-08
7.69186 1.21439e-08
7.70607 1.16879e-08
7.7203 1.15431e-08
7.73455 1.10986e-08
7.74884 1.09453e-08
7.76315 1.05263e-08
7.77748 1.0394e-08
7.79184 1.00727e-08
7.80623 9.94057e-09
7.82065 9.66782e-09
7.83509 9.51858e-09
7.84956 9.26024e-09
7.86405 9.08746e-09
7.87857 8.84824e-09
7.89312 8.64626e-09
7.9077 8.43227e-09
7.9223 8.18649e-09
7.93693 8.015e-09
7.95158 7.68296e-09
7.96627 7.60021e-09
7.98098 7.24246e-09
7.99572 7.19944e-09
8.01048 6.9185e-09
8.02527 6.87936e-09
8.04009 6.63578e-09
8.05494 6.59452e-09
8.06981 6.35089e-09
8.08472 6.30779e-09
8.09965 6.0636e-09
8.1146 6.01834e-09
8.12959 5.77322e-09
8.1446 5.72543e-09
8.15964 5.48169e-09
8.17471 5.43322e-09
8.1898 5.1895e-09
8.20492 5.14095e-09
8.22008 4.90354e-09
8.23526 4.8632e-09
8.25046 4.67695e-09
8.2657 4.63994e-09
8.28096 4.48134e-09
8.29625 4.44153e-09
8.31157 4.2845e-09
8.32692 4.24095e-09
8.3423 4.0859e-09
8.3577 4.03735e-09
8.37314 3.88495e-09
8.3886 3.83115e-09
8.40409 3.68291e-09
8.41961 3.62413e-09
8.43516 3.48165e-09
8.45073 3.41632e-09
8.46634 3.28512e-09
8.48197 3.22518e-09
8.49763 3.1284e-09
8.51333 3.06866e-09
8.52905 2.99395e-09
8.5448 2.92236e-09
8.56057 2.85835e-09
8.57638 2.76826e-09
8.59222 2.72157e-09
8.60809 2.60096e-09
8.62398 2.58328e-09
8.63991 2.46266e-09
8.65586 2.44463e-09
8.67185 2.32423e-09
8.68786 2.30611e-09
8.7039 2.18713e-09
8.71997 2.17269e-09
8.73608 2.078e-09
8.75221 2.06561e-09
8.76837 1.98771e-09
8.78456 1.97448e-09
8.80078 1.89659e-09
8.81704 1.88278e-09
8.83332 1.80466e-09
8.84963 1.78996e-09
8.86597 1.71155e-09
8.88234 1.69609e-09
8.89874 1.61814e-09
8.91518 1.60183e-09
8.93164 1.52468e-09
8.94813 1.50763e-09
8.96466 1.43268e-09
8.98121 1.41818e-09
8.9978 1.35884e-09
9.01441 1.34604e-09
9.03106 1.29811e-09
9.04773 1.28377e-09
9.06444 1.23698e-09
9.08118 1.22076e-09
9.09795 1.17515e-09
9.11475 1.1564e-09
9.13158 1.11284e-09
9.14844 1.09125e-09
9.16534 1.05e-09
9.18226 1.02508e-09
9.19922 9.87194e-10
9.2162 9.57621e-10
9.23322 9.26052e-10
9.25027 8.96931e-10
9.26736 8.7661e-10
9.28447 8.45746e-10
9.30161 8.36472e-10
9.31879 8.00641e-10
9.336 7.95944e-10
9.35324 7.59989e-10
9.37051 7.55026e-10
9.38781 7.18921e-10
9.40515 7.1371e-10
9.42252 6.77446e-10
9.43992 6.72101e-10
9.45735 6.35996e-10
9.47481 6.30619e-10
9.49231 5.94988e-10
9.50984 5.90539e-10
9.5274 5.61664e-10
9.54499 5.58076e-10
9.56262 5.35593e-10
9.58027 5.31752e-10
9.59797 5.09221e-10
9.61569 5.05214e-10
9.63345 4.82673e-10
9.65123 4.78294e-10
9.66906 4.55828e-10
9.68691 4.50931e-10
9.7048 4.28759e-10
9.72272 4.23532e-10
9.74067 4.01707e-10
9.75866 3.95952e-10
9.77668 3.75013e-10
9.79474 3.69795e-10
9.81282 3.53275e-10
9.83094 3.48766e-10
9.8491 3.36401e-10
9.86728 3.31174e-10
9.88551 3.19414e-10
9.90376 3.13331e-10
9.92205 3.02239e-10
9.94037 2.94889e-10
9.95873 2.84858e-10
9.97712 2.75916e-10
9.99554 2.67376e-10
10.014 2.56155e-10
10.0325 2.4989e-10
10.051 2.34289e-10
10.0696 2.32831e-10
10.0882 2.1995e-10
10.1068 2.18829e-10
10.1255 2.0927e-10
10.1442 2.08085e-10
10.1629 1.98483e-10
10.1817 1.97237e-10
10.2005 1.87571e-10
10.2193 1.86281e-10
10.2382 1.76569e-10
10.2571 1.75212e-10
10.276 1.65476e-10
10.295 1.6407e-10
10.314 1.54357e-10
10.333 1.52941e-10
10.3521 1.43343e-10
10.3712 1.42123e-10
10.3904 1.34207e-10
10.4096 1.33289e-10
10.4288 1.27525e-10
10.4481 1.26506e-10
10.4674 1.20777e-10
10.4867 1.19656e-10
10.5061 1.13957e-10
10.5255 1.12678e-10
10.5449 1.07069e-10
10.5644 1.05598e-10
10.5839 1.0012e-10
10.6034 9.84645e-11
10.623 9.31744e-11
10.6426 9.12648e-11
10.6623 8.63043e-11
10.682 8.44683e-11
10.7017 8.06062e-11
10.7214 7.90665e-11
10.7412 7.64934e-11
10.7611 7.4611e-11
10.7809 7.23342e-11
10.8008 6.99752e-11
10.8208 6.81373e-11
10.8408 6.4974e-11
10.8608 6.38875e-11
10.8809 6.00186e-11
10.9009 5.96093e-11
10.9211 5.57374e-11
10.9412 5.5328e-11
10.9614 5.14759e-11
10.9817 5.11263e-11
11.002 4.78793e-11
11.0223 4.76473e-11
11.0426 4.53959e-11
11.063 4.51412e-11
11.0835 4.28806e-11
11.1039 4.26187e-11
11.1244 4.03456e-11
11.145 4.00698e-11
11.1655 3.77842e-11
11.1862 3.74855e-11
11.2068 3.51995e-11
11.2275 3.48791e-11
11.2483 3.2601e-11
11.269 3.22684e-11
11.2898 3.00252e-11
11.3107 2.97231e-11
11.3316 2.78423e-11
11.3525 2.76227e-11
11.3735 2.63659e-11
11.3945 2.61126e-11
11.4155 2.48728e-11
11.4366 2.45736e-11
11.4577 2.33637e-11
11.4789 2.30116e-11
11.5001 2.18331e-11
11.5213 2.14112e-11
11.5426 2.02923e-11
11.5639 1.978e-11
11.5852 1.87445e-11
11.6066 1.81352e-11
11.6281 1.72104e-11
11.6495 1.65616e-11
11.671 1.59171e-11
11.6926 1.53683e-11
11.7142 1.50553e-11
11.7358 1.42397e-11
11.7575 1.41834e-11
11.7792 1.33635e-11
11.801 1.33015e-11
11.8227 1.24771e-11
11.8446 1.24084e-11
11.8664 1.1579e-11
11.8884 1.15075e-11
11.9103 1.06752e-11
11.9323 1.06006e-11
11.9543 9.77228e-12
11.9764 9.70836e-12
11.9985 8.99035e-12
12.0207 8.95788e-12
12.0429 8.50071e-12
12.0651 8.46415e-12
12.0874 8.0046e-12
12.1097 7.96365e-12
12.1321 7.50174e-12
12.1545 7.45456e-12
12.1769 6.99266e-12
12.1994 6.9369e-12
12.2219 6.47638e-12
12.2445 6.41311e-12
12.2671 5.95562e-12
12.2898 5.88269e-12
12.3125 5.43751e-12
12.3352 5.36653e-12
12.358 4.98872e-12
12.3808 4.94255e-12
12.4037 4.71502e-12
12.4266 4.65361e-12
12.4495 4.4354e-12
12.4725 4.35939e-12
12.4955 4.1523e-12
12.5186 4.05541e-12
12.5417 3.86444e-12
12.5649 3.74023e-12
12.5881 3.57197e-12
12.6113 3.41112e-12
12.6346 3.27849e-12
12.658 3.05945e-12
12.6813 2.98502e-12
12.7048 2.73482e-12
12.7282 2.73219e-12
12.7517 2.58468e-12
12.7753 2.58027e-12
12.7989 2.43137e-12
12.8225 2.42599e-12
12.8462 2.27547e-12
12.8699 2.26944e-12
12.8937 2.11729e-12
12.9175 2.10942e-12
12.9413 1.95569e-12
12.9652 1.94622e-12
12.9892 1.79192e-12
13.0131 1.7827e-12
13.0372 1.62787e-12
13.0612 1.61909e-12
13.0854 1.48184e-12
13.1095 1.479e-12
13.1337 1.39992e-12
13.158 1.39575e-12
13.1823 1.3164e-12
13.2066 1.3105e-12
13.231 1.23122e-12
13.2555 1.2233e-12
13.2799 1.14415e-12
13.3045 1.13354e-12
13.329 1.05522e-12
13.3536 1.0416e-12
13.3783 9.65422e-13
13.403 9.4862e-13
13.4277 8.75142e-13
13.4525 8.5614e-13
13.4774 7.94277e-13
13.5023 7.8256e-13
13.5272 7.50209e-13
13.5522 7.34591e-13
13.5772 7.04896e-13
13.6023 6.83561e-13
13.6274 6.58458e-13
13.6526 6.28731e-13
13.6778 6.11008e-13
13.703 5.63801e-13
13.7283 5.6225e-13
13.7537 5.1488e-13
13.7791 5.13172e-13
13.8045 4.65431e-13
13.83 4.63552e-13
13.8556 4.19577e-13
13.8811 4.19564e-13
13.9068 3.95879e-13
13.9325 3.95589e-13
13.9582 3.71632e-13
13.984 3.71036e-13
14.0098 3.46793e-13
14.0357 3.459e-13
14.0616 3.21241e-13
14.0875 3.20052e-13
14.1136 2.95046e-13
14.1396 2.93648e-13
14.1657 2.68558e-13
14.1919 2.66883e-13
14.2181 2.41622e-13
14.2443 2.39849e-13
14.2706 2.16648e-13
14.297 2.15907e-13
14.3234 2.03847e-13
14.3499 2.02678e-13
14.3763 1.90619e-13
14.4029 1.89036e-13
14.4295 1.7715e-13
14.4561 1.7504e-13
14.4828 1.63344e-13
14.5096 1.6057e-13
14.5364 1.49163e-13
14.5632 1.45664e-13
14.5901 1.34905e-13
14.617 1.30368e-13
14.644 1.20384e-13
14.6711 1.14943e-13
14.6982 1.06973e-13
14.7253 1.03398e-13
14.7525 1.00068e-13
14.7797 9.50732e-14
14.807 9.30218e-14
14.8344 8.62094e-14
14.8618 8.58587e-14
14.8892 7.89501e-14
14.9167 7.85307e-14
14.9443 7.15368e-14
14.9719 7.1076e-14
14.9995 6.40351e-14
15.0272 6.35669e-14
15.055 5.64776e-14
15.0828 5.59687e-14
15.1106 4.91832e-14
15.1385 4.8991e-14
15.1665 4.56512e-14
15.1945 4.54396e-14
15.2225 4.20642e-14
15.2506 4.18535e-14
15.2788 3.84547e-14
15.307 3.82183e-14
15.3353 3.47807e-14
15.3636 3.44838e-14
15.392 3.10132e-14
15.4204 3.06713e-14
15.4489 2.72376e-14
15.4774 2.6855e-14
15.506 2.3454e-14
15.5346 2.30449e-14
15.5633 1.99041e-14
15.592 1.97427e-14
15.6208 1.85917e-14
15.6497 1.83503e-14
15.6786 1.72101e-14
15.7075 1.69304e-14
15.7365 1.58946e-14
15.7656 1.55982e-14
15.7947 1.46046e-14
15.8239 1.40807e-14
15.8531 1.30701e-14
15.8824 1.24514e-14
15.9117 1.17442e-14
15.9411 1.0737e-14
15.9705 9.45876e-15
16 0
