# 1:pT 2:PhotonSpectrum=dN/d^2xT d^2pT dy
0.01 0.00307691
0.0100185 0.00307507
0.010037 0.00306729
0.0100555 0.00306526
0.0100741 0.00305736
0.0100927 0.00305504
0.0101113 0.00304718
0.01013 0.00304455
0.0101487 0.00303658
0.0101674 0.0030337
0.0101862 0.00302555
0.010205 0.00302229
0.0102239 0.00301397
0.0102427 0.00301029
0.0102617 0.00300173
0.0102806 0.00299743
0.0102996 0.0029883
0.0103186 0.00298261
0.0103377 0.00297127
0.0103567 0.00296525
0.0103759 0.00295397
0.010395 0.00294764
0.0104142 0.00293647
0.0104335 0.00292977
0.0104527 0.00291885
0.010472 0.00291183
0.0104914 0.00290112
0.0105107 0.00289387
0.0105301 0.0028835
0.0105496 0.0028758
0.0105691 0.00286574
0.0105886 0.00285788
0.0106081 0.00284853
0.0106277 0.00284076
0.0106474 0.00283219
0.010667 0.00282389
0.0106867 0.0028157
0.0107065 0.00280691
0.0107262 0.00279919
0.010746 0.00278943
0.0107659 0.00278243
0.0107858 0.00277157
0.0108057 0.00276557
0.0108256 0.00275285
0.0108456 0.00274863
0.0108656 0.00273609
0.0108857 0.00273175
0.0109058 0.00271929
0.0109259 0.00271513
0.0109461 0.00270377
0.0109663 0.0026994
0.0109866 0.00268816
0.0110069 0.00268352
0.0110272 0.0026724
0.0110476 0.00266754
0.011068 0.00265646
0.0110884 0.00265144
0.0111089 0.00264037
0.0111294 0.00263511
0.0111499 0.00262421
0.0111705 0.00261872
0.0111912 0.00260807
0.0112118 0.00260237
0.0112325 0.00259214
0.0112533 0.00258659
0.0112741 0.00257716
0.0112949 0.00257139
0.0113157 0.00256213
0.0113366 0.00255601
0.0113576 0.00254699
0.0113785 0.0025406
0.0113995 0.00253175
0.0114206 0.00252504
0.0114417 0.00251636
0.0114628 0.00250925
0.011484 0.00250107
0.0115052 0.00249356
0.0115264 0.00248572
0.0115477 0.00247789
0.011569 0.0024708
0.0115904 0.00246292
0.0116118 0.00245659
0.0116332 0.00244801
0.0116547 0.00244241
0.0116762 0.0024322
0.0116978 0.00242811
0.0117194 0.00241728
0.0117411 0.00241361
0.0117627 0.0024028
0.0117845 0.00239901
0.0118062 0.00238822
0.011828 0.00238424
0.0118499 0.00237364
0.0118717 0.00236959
0.0118937 0.00235917
0.0119156 0.00235519
0.0119376 0.0023455
0.0119597 0.00234134
0.0119818 0.00233194
0.0120039 0.00232755
0.0120261 0.00231812
0.0120483 0.00231357
0.0120705 0.00230426
0.0120928 0.00229946
0.0121151 0.00229031
0.0121375 0.00228526
0.0121599 0.00227623
0.0121824 0.00227099
0.0122049 0.00226216
0.0122274 0.00225675
0.01225 0.00224831
0.0122726 0.00224296
0.0122953 0.00223523
0.012318 0.00222966
0.0123407 0.00222222
0.0123635 0.00221637
0.0123863 0.00220909
0.0124092 0.00220288
0.0124321 0.00219582
0.0124551 0.00218916
0.0124781 0.00218255
0.0125011 0.00217543
0.0125242 0.00216913
0.0125473 0.00216138
0.0125705 0.00215576
0.0125937 0.00214729
0.012617 0.00214272
0.0126403 0.00213328
0.0126636 0.00213023
0.012687 0.00212103
0.0127104 0.00211777
0.0127339 0.00210863
0.0127574 0.0021052
0.012781 0.00209607
0.0128046 0.00209257
0.0128282 0.00208346
0.0128519 0.00207981
0.0128756 0.00207077
0.0128994 0.00206693
0.0129232 0.00205808
0.0129471 0.00205421
0.012971 0.0020455
0.012995 0.0020416
0.0130189 0.00203354
0.013043 0.00202949
0.0130671 0.00202171
0.0130912 0.0020175
0.0131154 0.00200976
0.0131396 0.00200524
0.0131639 0.00199767
0.0131882 0.00199295
0.0132125 0.00198546
0.0132369 0.00198062
0.0132614 0.00197318
0.0132859 0.0019681
0.0133104 0.00196094
0.013335 0.00195564
0.0133596 0.00194879
0.0133843 0.00194348
0.013409 0.00193728
0.0134337 0.00193177
0.0134585 0.00192579
0.0134834 0.00191994
0.0135083 0.00191427
0.0135332 0.00190794
0.0135582 0.00190269
0.0135833 0.00189569
0.0136083 0.001891
0.0136335 0.00188293
0.0136587 0.00187929
0.0136839 0.00187057
0.0137091 0.00186764
0.0137345 0.00185906
0.0137598 0.00185627
0.0137852 0.00184832
0.0138107 0.00184548
0.0138362 0.00183777
0.0138617 0.00183479
0.0138873 0.00182708
0.013913 0.00182394
0.0139387 0.00181632
0.0139644 0.00181304
0.0139902 0.0018055
0.014016 0.00180203
0.0140419 0.00179459
0.0140678 0.00179108
0.0140938 0.00178367
0.0141198 0.00178003
0.0141459 0.00177286
0.014172 0.00176921
0.0141982 0.00176256
0.0142244 0.00175877
0.0142507 0.00175231
0.014277 0.00174836
0.0143034 0.00174208
0.0143298 0.00173785
0.0143563 0.00173164
0.0143828 0.00172717
0.0144093 0.00172117
0.0144359 0.00171638
0.0144626 0.00171053
0.0144893 0.00170554
0.0145161 0.00169997
0.0145429 0.00169472
0.0145697 0.00168951
0.0145966 0.00168413
0.0146236 0.00167941
0.0146506 0.0016737
0.0146776 0.00166943
0.0147047 0.0016631
0.0147319 0.00165936
0.0147591 0.00165176
0.0147863 0.00164925
0.0148136 0.00164164
0.014841 0.001639
0.0148684 0.00163146
0.0148959 0.0016287
0.0149234 0.00162127
0.0149509 0.00161844
0.0149785 0.00161114
0.0150062 0.00160837
0.0150339 0.00160158
0.0150617 0.00159884
0.0150895 0.00159237
0.0151173 0.00158947
0.0151453 0.00158304
0.0151732 0.00157998
0.0152012 0.00157364
0.0152293 0.00157039
0.0152574 0.00156409
0.0152856 0.00156075
0.0153138 0.00155459
0.0153421 0.00155108
0.0153705 0.00154509
0.0153988 0.00154149
0.0154273 0.00153565
0.0154558 0.00153208
0.0154843 0.00152662
0.0155129 0.00152298
0.0155415 0.00151779
0.0155702 0.00151396
0.015599 0.00150893
0.0156278 0.00150482
0.0156567 0.00149992
0.0156856 0.00149554
0.0157145 0.00149085
0.0157435 0.00148622
0.0157726 0.00148177
0.0158017 0.00147672
0.0158309 0.00147263
0.0158602 0.0014672
0.0158894 0.00146363
0.0159188 0.00145761
0.0159482 0.00145487
0.0159776 0.00144842
0.0160071 0.00144621
0.0160367 0.00143976
0.0160663 0.0014375
0.016096 0.00143106
0.0161257 0.00142868
0.0161555 0.0014223
0.0161853 0.00141979
0.0162152 0.00141346
0.0162451 0.00141085
0.0162751 0.00140458
0.0163052 0.00140191
0.0163353 0.00139578
0.0163655 0.00139316
0.0163957 0.00138746
0.016426 0.00138484
0.0164563 0.00137944
0.0164867 0.00137664
0.0165171 0.00137129
0.0165476 0.00136838
0.0165782 0.00136313
0.0166088 0.00136009
0.0166395 0.00135485
0.0166702 0.00135169
0.016701 0.00134661
0.0167318 0.00134324
0.0167627 0.0013383
0.0167937 0.00133478
0.0168247 0.00133006
0.0168558 0.0013265
0.0168869 0.00132205
0.0169181 0.00131842
0.0169493 0.00131424
0.0169806 0.00131031
0.017012 0.00130635
0.0170434 0.00130214
0.0170748 0.00129836
0.0171064 0.0012938
0.017138 0.00129035
0.0171696 0.00128525
0.0172013 0.00128226
0.0172331 0.00127613
0.0172649 0.00127417
0.0172968 0.00126816
0.0173287 0.00126623
0.0173607 0.00126053
0.0173928 0.00125859
0.0174249 0.00125318
0.0174571 0.00125114
0.0174893 0.00124575
0.0175216 0.00124356
0.017554 0.00123823
0.0175864 0.00123598
0.0176189 0.00123065
0.0176514 0.00122833
0.017684 0.00122304
0.0177166 0.00122061
0.0177494 0.00121544
0.0177821 0.00121288
0.017815 0.00120784
0.0178479 0.0012053
0.0178808 0.00120058
0.0179138 0.00119807
0.0179469 0.00119363
0.0179801 0.00119097
0.0180133 0.00118658
0.0180465 0.00118381
0.0180799 0.00117949
0.0181132 0.00117654
0.0181467 0.00117232
0.0181802 0.00116921
0.0182138 0.00116511
0.0182474 0.00116182
0.0182811 0.00115788
0.0183149 0.00115445
0.0183487 0.00115077
0.0183826 0.0011472
0.0184165 0.00114386
0.0184505 0.00114021
0.0184846 0.00113718
0.0185187 0.0011332
0.0185529 0.00113044
0.0185872 0.00112594
0.0186215 0.00112364
0.0186559 0.00111855
0.0186903 0.00111681
0.0187248 0.00111175
0.0187594 0.00110993
0.0187941 0.00110489
0.0188288 0.00110305
0.0188635 0.00109811
0.0188984 0.00109625
0.0189333 0.00109152
0.0189682 0.00108969
0.0190033 0.00108521
0.0190384 0.00108324
0.0190735 0.00107879
0.0191087 0.00107674
0.019144 0.00107233
0.0191794 0.00107019
0.0192148 0.00106582
0.0192503 0.00106356
0.0192858 0.00105926
0.0193214 0.00105694
0.0193571 0.00105269
0.0193929 0.00105027
0.0194287 0.0010462
0.0194645 0.00104375
0.0195005 0.00103987
0.0195365 0.00103741
0.0195726 0.00103375
0.0196087 0.00103112
0.0196449 0.00102756
0.0196812 0.00102479
0.0197175 0.00102132
0.019754 0.00101836
0.0197904 0.00101502
0.019827 0.00101189
0.0198636 0.00100867
0.0199003 0.00100534
0.019937 0.00100234
0.0199738 0.000998732
0.0200107 0.000996032
0.0200477 0.000992226
0.0200847 0.000989954
0.0201218 0.000985567
0.0201589 0.000984158
0.0201962 0.000979778
0.0202335 0.000978308
0.0202708 0.000973948
0.0203082 0.000972369
0.0203457 0.00096805
0.0203833 0.000966411
0.020421 0.000962117
0.0204587 0.000960429
0.0204964 0.000956155
0.0205343 0.00095438
0.0205722 0.000950205
0.0206102 0.000948433
0.0206483 0.000944416
0.0206864 0.00094262
0.0207246 0.000938893
0.0207629 0.000937011
0.0208012 0.0009333
0.0208396 0.000931356
0.0208781 0.000927658
0.0209166 0.000925632
0.0209553 0.000921985
0.020994 0.000919808
0.0210327 0.00091629
0.0210716 0.00091403
0.0211105 0.000910559
0.0211495 0.000908218
0.0211885 0.000904907
0.0212277 0.000902505
0.0212669 0.0008994
0.0213061 0.000897021
0.0213455 0.000894106
0.0213849 0.000891558
0.0214244 0.000888741
0.0214639 0.000886016
0.0215036 0.000883303
0.0215433 0.000880374
0.0215831 0.000877846
0.0216229 0.000874658
0.0216628 0.000872368
0.0217028 0.000868727
0.0217429 0.000866868
0.0217831 0.000862715
0.0218233 0.000861417
0.0218636 0.000857452
0.021904 0.000856173
0.0219444 0.000852498
0.0219849 0.000851183
0.0220255 0.000847526
0.0220662 0.000846092
0.022107 0.00084249
0.0221478 0.00084101
0.0221887 0.000837415
0.0222297 0.000835868
0.0222707 0.000832298
0.0223118 0.000830666
0.022353 0.000827141
0.0223943 0.000825495
0.0224357 0.000822008
0.0224771 0.000820335
0.0225186 0.000817005
0.0225602 0.000815305
0.0226018 0.000812207
0.0226436 0.000810436
0.0226854 0.000807395
0.0227273 0.000805493
0.0227692 0.000802505
0.0228113 0.000800514
0.0228534 0.000797583
0.0228956 0.000795484
0.0229379 0.000792636
0.0229803 0.000790433
0.0230227 0.000787654
0.0230652 0.000785365
0.0231078 0.00078274
0.0231505 0.000780402
0.0231932 0.000777969
0.023236 0.000775592
0.023279 0.000773387
0.0233219 0.000770788
0.023365 0.000768741
0.0234082 0.000765875
0.0234514 0.000764042
0.0234947 0.000760588
0.0235381 0.000759334
0.0235815 0.00075579
0.0236251 0.000754581
0.0236687 0.000751043
0.0237124 0.000749792
0.0237562 0.000746328
0.0238001 0.000745047
0.023844 0.000741683
0.0238881 0.000740445
0.0239322 0.000737303
0.0239764 0.000735987
0.0240206 0.000732867
0.024065 0.000731489
0.0241094 0.000728413
0.0241539 0.000726957
0.0241985 0.000723887
0.0242432 0.000722382
0.024288 0.000719354
0.0243329 0.000717781
0.0243778 0.000714807
0.0244228 0.000713168
0.0244679 0.00071025
0.0245131 0.00070858
0.0245583 0.000705823
0.0246037 0.000704212
0.0246491 0.000701727
0.0246946 0.000700039
0.0247402 0.000697607
0.0247859 0.000695809
0.0248317 0.000693409
0.0248776 0.000691515
0.0249235 0.00068921
0.0249695 0.000687179
0.0250156 0.000684956
0.0250618 0.00068282
0.0251081 0.000680688
0.0251545 0.000678432
0.0252009 0.000676485
0.0252475 0.000674073
0.0252941 0.000672359
0.0253408 0.000669783
0.0253876 0.000668367
0.0254345 0.000665338
0.0254814 0.000664325
0.0255285 0.000661316
0.0255756 0.000660248
0.0256229 0.000657226
0.0256702 0.000656131
0.0257176 0.000653136
0.0257651 0.000652001
0.0258126 0.000649023
0.0258603 0.000647831
0.0259081 0.000644923
0.0259559 0.000643709
0.0260038 0.000640881
0.0260518 0.000639724
0.0261 0.000637129
0.0261482 0.000635896
0.0261964 0.000633318
0.0262448 0.000632027
0.0262933 0.000629487
0.0263418 0.000628122
0.0263905 0.000625616
0.0264392 0.000624184
0.026488 0.000621722
0.0265369 0.000620224
0.0265859 0.000617803
0.026635 0.000616231
0.0266842 0.000613891
0.0267335 0.000612302
0.0267829 0.00061008
0.0268323 0.000608529
0.0268819 0.000606498
0.0269315 0.00060485
0.0269812 0.0006029
0.0270311 0.000601121
0.027081 0.000599232
0.027131 0.000597335
0.0271811 0.000595558
0.0272313 0.000593513
0.0272816 0.000591849
0.0273319 0.000589605
0.0273824 0.000588141
0.027433 0.00058551
0.0274836 0.000584447
0.0275344 0.000581675
0.0275852 0.000580801
0.0276362 0.000578254
0.0276872 0.000577343
0.0277383 0.000574793
0.0277896 0.000573842
0.0278409 0.000571305
0.0278923 0.000570297
0.0279438 0.000567785
0.0279954 0.000566726
0.0280471 0.000564228
0.0280989 0.000563134
0.0281508 0.000560673
0.0282027 0.000559524
0.0282548 0.000557094
0.028307 0.000555941
0.0283593 0.000553602
0.0284116 0.000552485
0.0284641 0.000550344
0.0285167 0.000549161
0.0285693 0.000547034
0.0286221 0.000545792
0.0286749 0.000543697
0.0287279 0.000542389
0.0287809 0.00054035
0.0288341 0.00053896
0.0288873 0.00053696
0.0289407 0.0005355
0.0289941 0.000533562
0.0290477 0.000532043
0.0291013 0.00053017
0.029155 0.000528594
0.0292089 0.000526843
0.0292628 0.000525297
0.0293168 0.000523756
0.029371 0.000522088
0.0294252 0.000520616
0.0294796 0.000518797
0.029534 0.000517443
0.0295885 0.000515422
0.0296432 0.000514261
0.0296979 0.000511842
0.0297527 0.000511046
0.0298077 0.000508654
0.0298627 0.000507815
0.0299179 0.000505455
0.0299731 0.000504605
0.0300285 0.00050229
0.0300839 0.000501462
0.0301395 0.000499331
0.0301951 0.000498478
0.0302509 0.000496365
0.0303068 0.000495457
0.0303627 0.000493375
0.0304188 0.000492439
0.030475 0.000490356
0.0305312 0.000489357
0.0305876 0.000487305
0.0306441 0.000486269
0.0307007 0.000484237
0.0307574 0.000483168
0.0308142 0.000481189
0.0308711 0.000480077
0.0309281 0.000478162
0.0309852 0.000477067
0.0310424 0.000475313
0.0310997 0.000474193
0.0311572 0.000472464
0.0312147 0.000471268
0.0312723 0.000469576
0.0313301 0.000468319
0.0313879 0.000466665
0.0314459 0.000465324
0.031504 0.000463747
0.0315621 0.000462323
0.0316204 0.000460796
0.0316788 0.000459292
0.0317373 0.000457863
0.0317959 0.000456268
0.0318546 0.000455005
0.0319135 0.00045338
0.0319724 0.000452313
0.0320314 0.000450439
0.0320906 0.000449606
0.0321498 0.000447567
0.0322092 0.000446869
0.0322687 0.000444829
0.0323283 0.000444106
0.032388 0.000442085
0.0324478 0.000441334
0.0325077 0.000439328
0.0325677 0.00043855
0.0326279 0.000436563
0.0326881 0.000435768
0.0327485 0.000433837
0.0328089 0.000433066
0.0328695 0.000431265
0.0329302 0.000430446
0.032991 0.000428683
0.033052 0.000427842
0.033113 0.000426072
0.0331741 0.000425185
0.0332354 0.000423448
0.0332968 0.000422512
0.0333583 0.000420807
0.0334199 0.000419826
0.0334816 0.000418131
0.0335434 0.000417108
0.0336053 0.000415478
0.0336674 0.000414406
0.0337296 0.000412825
0.0337919 0.000411768
0.0338543 0.000410347
0.0339168 0.000409218
0.0339794 0.000407849
0.0340421 0.000406662
0.034105 0.000405341
0.034168 0.000404073
0.0342311 0.000402806
0.0342943 0.00040144
0.0343576 0.000400249
0.0344211 0.000398785
0.0344846 0.000397678
0.0345483 0.000396063
0.0346121 0.000395138
0.034676 0.000393225
0.0347401 0.000392644
0.0348042 0.000390858
0.0348685 0.000390254
0.0349329 0.000388505
0.0349974 0.000387875
0.035062 0.000386131
0.0351267 0.000385462
0.0351916 0.000383736
0.0352566 0.000383036
0.0353217 0.000381316
0.0353869 0.000380601
0.0354523 0.000378898
0.0355177 0.000378153
0.0355833 0.000376472
0.035649 0.000375706
0.0357149 0.000374076
0.0357808 0.000373322
0.0358469 0.000371828
0.0359131 0.000371062
0.0359794 0.000369624
0.0360458 0.000368813
0.0361124 0.000367393
0.0361791 0.000366537
0.0362459 0.000365131
0.0363128 0.00036423
0.0363799 0.000362853
0.0364471 0.000361902
0.0365144 0.000360557
0.0365818 0.000359571
0.0366493 0.000358283
0.036717 0.000357256
0.0367848 0.000356026
0.0368527 0.000355002
0.0369208 0.000353879
0.036989 0.0003528
0.0370573 0.000351753
0.0371257 0.000350579
0.0371943 0.000349598
0.0372629 0.000348311
0.0373318 0.000347427
0.0374007 0.000345949
0.0374698 0.000345235
0.037539 0.000343592
0.0376083 0.000343028
0.0376777 0.000341398
0.0377473 0.000340834
0.037817 0.000339231
0.0378868 0.000338674
0.0379568 0.000337177
0.0380269 0.000336599
0.0380971 0.000335137
0.0381675 0.000334533
0.0382379 0.000333074
0.0383085 0.000332443
0.0383793 0.000331
0.0384502 0.000330334
0.0385212 0.000328908
0.0385923 0.000328221
0.0386636 0.000326811
0.038735 0.000326091
0.0388065 0.000324709
0.0388781 0.000323971
0.0389499 0.000322633
0.0390219 0.000321923
0.0390939 0.000320693
0.0391661 0.000319967
0.0392384 0.000318793
0.0393109 0.000318019
0.0393835 0.00031687
0.0394562 0.000316047
0.0395291 0.000314927
0.0396021 0.000314061
0.0396752 0.000312968
0.0397485 0.000312051
0.0398219 0.000310995
0.0398954 0.000310029
0.0399691 0.000309028
0.0400429 0.000307998
0.0401168 0.00030708
0.0401909 0.000306016
0.0402651 0.000305214
0.0403395 0.000304053
0.040414 0.000303353
0.0404886 0.000301938
0.0405633 0.000301472
0.0406383 0.000300064
0.0407133 0.000299579
0.0407885 0.000298178
0.0408638 0.000297668
0.0409393 0.000296281
0.0410149 0.000295758
0.0410906 0.000294387
0.0411665 0.000293841
0.0412425 0.000292503
0.0413186 0.000291972
0.0413949 0.00029072
0.0414714 0.000290186
0.041548 0.000288976
0.0416247 0.000288408
0.0417016 0.000287221
0.0417786 0.000286615
0.0418557 0.00028544
0.041933 0.000284817
0.0420104 0.000283647
0.042088 0.000282996
0.0421657 0.000281849
0.0422436 0.000281165
0.0423216 0.000280041
0.0423998 0.000279343
0.042478 0.000278259
0.0425565 0.000277557
0.0426351 0.000276555
0.0427138 0.000275835
0.0427927 0.000274886
0.0428717 0.000274117
0.0429509 0.000273191
0.0430302 0.000272379
0.0431096 0.000271495
0.0431892 0.000270612
0.043269 0.000269771
0.0433489 0.000268833
0.0434289 0.000268041
0.0435091 0.000267025
0.0435895 0.000266316
0.04367 0.000265182
0.0437506 0.000264626
0.0438314 0.0002634
0.0439124 0.000263
0.0439934 0.00026183
0.0440747 0.000261412
0.0441561 0.000260233
0.0442376 0.000259796
0.0443193 0.000258634
0.0444011 0.00025817
0.0444831 0.000257017
0.0445653 0.000256542
0.0446476 0.000255392
0.04473 0.000254899
0.0448126 0.00025376
0.0448954 0.00025325
0.0449783 0.000252142
0.0450613 0.000251639
0.0451445 0.000250597
0.0452279 0.000250093
0.0453114 0.000249093
0.0453951 0.000248554
0.0454789 0.000247564
0.0455629 0.000246996
0.045647 0.000246029
0.0457313 0.000245428
0.0458158 0.000244471
0.0459004 0.000243849
0.0459851 0.000242912
0.0460701 0.000242258
0.0461551 0.000241352
0.0462404 0.000240665
0.0463257 0.000239812
0.0464113 0.000239127
0.046497 0.000238339
0.0465829 0.000237634
0.0466689 0.000236901
0.0467551 0.000236147
0.0468414 0.000235456
0.0469279 0.00023463
0.0470145 0.000233994
0.0471014 0.000233083
0.0471883 0.000232517
0.0472755 0.000231398
0.0473628 0.000231037
0.0474502 0.000229925
0.0475379 0.000229558
0.0476256 0.000228462
0.0477136 0.000228084
0.0478017 0.000227057
0.04789 0.000226674
0.0479784 0.000225694
0.048067 0.000225298
0.0481558 0.000224316
0.0482447 0.000223893
0.0483338 0.000222926
0.048423 0.00022249
0.0485124 0.000221523
0.048602 0.000221065
0.0486918 0.000220114
0.0487817 0.000219644
0.0488718 0.000218703
0.048962 0.00021822
0.0490524 0.0002173
0.049143 0.000216826
0.0492338 0.000215961
0.0493247 0.000215478
0.0494158 0.000214665
0.049507 0.000214152
0.0495984 0.00021335
0.04969 0.000212808
0.0497818 0.000212029
0.0498737 0.000211451
0.0499658 0.000210691
0.0500581 0.000210088
0.0501505 0.000209358
0.0502431 0.000208718
0.0503359 0.000208012
0.0504288 0.000207339
0.050522 0.000206679
0.0506153 0.000205989
0.0507087 0.0002054
0.0508024 0.000204679
0.0508962 0.000204157
0.0509902 0.000203339
0.0510843 0.000202895
0.0511786 0.000201941
0.0512732 0.000201621
0.0513678 0.000200674
0.0514627 0.000200337
0.0515577 0.000199392
0.0516529 0.000199047
0.0517483 0.000198111
0.0518439 0.000197754
0.0519396 0.000196833
0.0520355 0.000196476
0.0521316 0.000195609
0.0522279 0.000195252
0.0523243 0.000194432
0.0524209 0.000194052
0.0525177 0.000193242
0.0526147 0.000192851
0.0527119 0.000192042
0.0528092 0.000191636
0.0529067 0.000190837
0.0530044 0.000190407
0.0531023 0.00018962
0.0532004 0.000189176
0.0532986 0.000188408
0.053397 0.000187945
0.0534956 0.000187197
0.0535944 0.000186725
0.0536934 0.000186028
0.0537925 0.000185551
0.0538919 0.0001849
0.0539914 0.000184396
0.0540911 0.000183752
0.054191 0.000183218
0.054291 0.000182599
0.0543913 0.000182034
0.0544917 0.000181439
0.0545924 0.000180831
0.0546932 0.000180272
0.0547942 0.000179616
0.0548954 0.000179102
0.0549967 0.000178388
0.0550983 0.000177944
0.0552 0.000177132
0.055302 0.000176839
0.0554041 0.000176042
0.0555064 0.000175767
0.0556089 0.000174969
0.0557116 0.000174681
0.0558144 0.000173893
0.0559175 0.000173588
0.0560208 0.000172804
0.0561242 0.000172491
0.0562279 0.000171708
0.0563317 0.00017138
0.0564357 0.000170605
0.0565399 0.000170265
0.0566443 0.000169509
0.0567489 0.000169165
0.0568537 0.000168438
0.0569587 0.0001681
0.0570639 0.000167421
0.0571693 0.000167066
0.0572748 0.000166393
0.0573806 0.000166018
0.0574866 0.000165351
0.0575927 0.000164956
0.0576991 0.000164302
0.0578056 0.000163887
0.0579124 0.000163247
0.0580193 0.000162817
0.0581264 0.000162197
0.0582338 0.000161747
0.0583413 0.000161149
0.058449 0.000160694
0.058557 0.000160142
0.0586651 0.000159679
0.0587734 0.000159168
0.058882 0.000158677
0.0589907 0.000158183
0.0590996 0.000157656
0.0592088 0.000157194
0.0593181 0.000156618
0.0594276 0.000156193
0.0595374 0.000155552
0.0596473 0.000155187
0.0597575 0.000154432
0.0598678 0.000154178
0.0599784 0.000153433
0.0600891 0.000153177
0.0602001 0.000152457
0.0603112 0.000152207
0.0604226 0.00015154
0.0605342 0.000151279
0.060646 0.000150615
0.060758 0.000150339
0.0608702 0.000149678
0.0609826 0.000149387
0.0610952 0.000148735
0.061208 0.000148434
0.061321 0.000147786
0.0614343 0.000147471
0.0615477 0.00014683
0.0616614 0.000146507
0.0617752 0.000145884
0.0618893 0.000145556
0.0620036 0.000144962
0.0621181 0.000144635
0.0622328 0.000144079
0.0623477 0.000143735
0.0624628 0.000143185
0.0625782 0.000142819
0.0626937 0.000142281
0.0628095 0.000141906
0.0629255 0.000141373
0.0630417 0.000140971
0.0631581 0.000140456
0.0632747 0.000140034
0.0633916 0.000139543
0.0635086 0.000139096
0.0636259 0.000138631
0.0637434 0.000138173
0.0638611 0.000137755
0.063979 0.000137293
0.0640972 0.000136915
0.0642155 0.000136409
0.0643341 0.000136068
0.0644529 0.000135472
0.0645719 0.000135216
0.0646912 0.000134573
0.0648106 0.000134354
0.0649303 0.000133715
0.0650502 0.000133488
0.0651703 0.000132855
0.0652907 0.000132621
0.0654113 0.000131993
0.065532 0.000131756
0.0656531 0.000131154
0.0657743 0.000130919
0.0658957 0.00013036
0.0660174 0.000130114
0.0661393 0.000129559
0.0662615 0.000129299
0.0663838 0.000128748
0.0665064 0.000128476
0.0666292 0.000127929
0.0667523 0.000127651
0.0668755 0.000127109
0.066999 0.000126818
0.0671227 0.000126286
0.0672467 0.000125977
0.0673709 0.00012546
0.0674953 0.000125151
0.0676199 0.000124662
0.0677448 0.000124352
0.0678699 0.000123908
0.0679952 0.000123579
0.0681208 0.000123147
0.0682466 0.0001228
0.0683726 0.000122376
0.0684988 0.00012201
0.0686253 0.000121598
0.0687521 0.000121207
0.068879 0.00012082
0.0690062 0.000120402
0.0691336 0.000120035
0.0692613 0.000119585
0.0693892 0.000119255
0.0695173 0.000118771
0.0696457 0.000118502
0.0697743 0.000117965
0.0699031 0.00011778
0.0700322 0.000117245
0.0701616 0.000117051
0.0702911 0.00011652
0.0704209 0.000116317
0.070551 0.000115788
0.0706812 0.000115577
0.0708118 0.000115048
0.0709425 0.000114832
0.0710735 0.000114309
0.0712048 0.000114086
0.0713362 0.000113572
0.071468 0.000113345
0.0716 0.000112848
0.0717322 0.000112623
0.0718646 0.000112165
0.0719973 0.00011193
0.0721303 0.000111474
0.0722635 0.000111229
0.0723969 0.00011078
0.0725306 0.00011052
0.0726645 0.000110076
0.0727987 0.000109804
0.0729332 0.000109367
0.0730678 0.000109087
0.0732028 0.00010866
0.0733379 0.000108365
0.0734734 0.000107953
0.073609 0.000107652
0.073745 0.00010726
0.0738812 0.00010696
0.0740176 0.000106604
0.0741543 0.000106284
0.0742912 0.000105938
0.0744284 0.000105597
0.0745658 0.000105271
0.0747035 0.0001049
0.0748415 0.000104594
0.0749797 0.00010419
0.0751181 0.000103915
0.0752568 0.000103448
0.0753958 0.000103233
0.075535 0.000102724
0.0756745 0.000102553
0.0758143 0.000102058
0.0759543 0.000101896
0.0760945 0.000101444
0.076235 0.000101274
0.0763758 0.000100825
0.0765168 0.000100646
0.0766581 0.000100197
0.0767997 0.000100008
0.0769415 9.95648e-05
0.0770836 9.93693e-05
0.0772259 9.89287e-05
0.0773685 9.87225e-05
0.0775114 9.82884e-05
0.0776545 9.80794e-05
0.0777979 9.76483e-05
0.0779416 9.74337e-05
0.0780855 9.70193e-05
0.0782297 9.68089e-05
0.0783742 9.64304e-05
0.0785189 9.62088e-05
0.0786639 9.58309e-05
0.0788092 9.55981e-05
0.0789547 9.5232e-05
0.0791005 9.4985e-05
0.0792466 9.46234e-05
0.0793929 9.43643e-05
0.0795395 9.40147e-05
0.0796864 9.37375e-05
0.0798335 9.33982e-05
0.0799809 9.3113e-05
0.0801286 9.27869e-05
0.0802766 9.2487e-05
0.0804248 9.21901e-05
0.0805734 9.1897e-05
0.0807221 9.16303e-05
0.0808712 9.13114e-05
0.0810205 9.1063e-05
0.0811702 9.07085e-05
0.08132 9.04937e-05
0.0814702 9.0063e-05
0.0816207 8.99169e-05
0.0817714 8.94884e-05
0.0819224 8.93362e-05
0.0820737 8.89129e-05
0.0822252 8.87567e-05
0.0823771 8.83374e-05
0.0825292 8.81764e-05
0.0826816 8.77672e-05
0.0828342 8.76099e-05
0.0829872 8.72336e-05
0.0831405 8.70729e-05
0.083294 8.6697e-05
0.0834478 8.65268e-05
0.0836019 8.61547e-05
0.0837563 8.59764e-05
0.0839109 8.5609e-05
0.0840659 8.54206e-05
0.0842211 8.50548e-05
0.0843766 8.48612e-05
0.0845325 8.45028e-05
0.0846885 8.43009e-05
0.0848449 8.395e-05
0.0850016 8.37408e-05
0.0851586 8.34011e-05
0.0853158 8.32004e-05
0.0854734 8.28955e-05
0.0856312 8.26832e-05
0.0857893 8.23834e-05
0.0859478 8.21619e-05
0.0861065 8.18704e-05
0.0862655 8.16359e-05
0.0864248 8.13502e-05
0.0865844 8.11027e-05
0.0867442 8.08282e-05
0.0869044 8.05629e-05
0.0870649 8.03052e-05
0.0872257 8.00211e-05
0.0873868 7.97834e-05
0.0875481 7.94803e-05
0.0877098 7.92755e-05
0.0878718 7.89512e-05
0.088034 7.8791e-05
0.0881966 7.84302e-05
0.0883594 7.83022e-05
0.0885226 7.79436e-05
0.0886861 7.78111e-05
0.0888498 7.74511e-05
0.0890139 7.7315e-05
0.0891783 7.69582e-05
0.089343 7.68143e-05
0.0895079 7.64609e-05
0.0896732 7.63129e-05
0.0898388 7.59628e-05
0.0900047 7.58121e-05
0.0901709 7.54705e-05
0.0903374 7.53223e-05
0.0905043 7.50081e-05
0.0906714 7.4855e-05
0.0908388 7.45445e-05
0.0910066 7.43827e-05
0.0911746 7.40756e-05
0.091343 7.39068e-05
0.0915116 7.36036e-05
0.0916806 7.34264e-05
0.0918499 7.3127e-05
0.0920195 7.29415e-05
0.0921895 7.26488e-05
0.0923597 7.24542e-05
0.0925303 7.21701e-05
0.0927011 7.19672e-05
0.0928723 7.16973e-05
0.0930438 7.14989e-05
0.0932156 7.12518e-05
0.0933877 7.10432e-05
0.0935602 7.08063e-05
0.093733 7.05842e-05
0.0939061 7.03557e-05
0.0940795 7.01175e-05
0.0942532 6.9903e-05
0.0944272 6.96464e-05
0.0946016 6.94462e-05
0.0947763 6.91617e-05
0.0949513 6.8987e-05
0.0951266 6.86445e-05
0.0953023 6.85301e-05
0.0954783 6.81943e-05
0.0956546 6.80854e-05
0.0958312 6.77767e-05
0.0960082 6.76616e-05
0.0961855 6.73591e-05
0.0963631 6.724e-05
0.0965411 6.69393e-05
0.0967193 6.68119e-05
0.0968979 6.65141e-05
0.0970769 6.63836e-05
0.0972561 6.60865e-05
0.0974357 6.59529e-05
0.0976156 6.56573e-05
0.0977959 6.55175e-05
0.0979765 6.52294e-05
0.0981574 6.50838e-05
0.0983387 6.48044e-05
0.0985203 6.46678e-05
0.0987022 6.44061e-05
0.0988845 6.42632e-05
0.0990671 6.40103e-05
0.09925 6.38586e-05
0.0994333 6.36089e-05
0.0996169 6.34516e-05
0.0998008 6.32054e-05
0.0999851 6.30384e-05
0.10017 6.27996e-05
0.100355 6.26224e-05
0.10054 6.23898e-05
0.100726 6.22046e-05
0.100912 6.19808e-05
0.101098 6.17892e-05
0.101285 6.15807e-05
0.101472 6.13871e-05
0.101659 6.11982e-05
0.101847 6.09931e-05
0.102035 6.08187e-05
0.102223 6.05946e-05
0.102412 6.04341e-05
0.102601 6.01815e-05
0.102791 6.0049e-05
0.102981 5.97596e-05
0.103171 5.96588e-05
0.103361 5.93728e-05
0.103552 5.92681e-05
0.103743 5.8983e-05
0.103935 5.88759e-05
0.104127 5.85986e-05
0.104319 5.84925e-05
0.104512 5.82357e-05
0.104705 5.81285e-05
0.104898 5.78765e-05
0.105092 5.77649e-05
0.105286 5.75129e-05
0.10548 5.73955e-05
0.105675 5.71468e-05
0.10587 5.70246e-05
0.106066 5.67788e-05
0.106262 5.6653e-05
0.106458 5.64097e-05
0.106654 5.62773e-05
0.106851 5.60383e-05
0.107049 5.59041e-05
0.107246 5.56739e-05
0.107444 5.55394e-05
0.107643 5.5329e-05
0.107841 5.51928e-05
0.108041 5.49906e-05
0.10824 5.48467e-05
0.10844 5.46492e-05
0.10864 5.44949e-05
0.108841 5.4304e-05
0.109042 5.41422e-05
0.109243 5.39563e-05
0.109445 5.37845e-05
0.109647 5.36082e-05
0.10985 5.34263e-05
0.110052 5.32593e-05
0.110256 5.3067e-05
0.110459 5.29159e-05
0.110663 5.27124e-05
0.110868 5.25829e-05
0.111072 5.23376e-05
0.111277 5.22529e-05
0.111483 5.20079e-05
0.111689 5.19204e-05
0.111895 5.16762e-05
0.112102 5.15829e-05
0.112309 5.13417e-05
0.112516 5.12447e-05
0.112724 5.1005e-05
0.112932 5.09056e-05
0.11314 5.06679e-05
0.113349 5.05642e-05
0.113559 5.03336e-05
0.113768 5.02344e-05
0.113978 5.00182e-05
0.114189 4.99163e-05
0.1144 4.97085e-05
0.114611 4.9603e-05
0.114823 4.93959e-05
0.115035 4.92858e-05
0.115247 4.90806e-05
0.11546 4.89656e-05
0.115673 4.8762e-05
0.115887 4.86413e-05
0.116101 4.84431e-05
0.116315 4.83171e-05
0.11653 4.81235e-05
0.116745 4.79932e-05
0.116961 4.78096e-05
0.117177 4.76791e-05
0.117393 4.75096e-05
0.11761 4.73782e-05
0.117827 4.72183e-05
0.118045 4.70778e-05
0.118263 4.69215e-05
0.118481 4.6772e-05
0.1187 4.66223e-05
0.118919 4.64626e-05
0.119139 4.6324e-05
0.119359 4.61498e-05
0.119579 4.60227e-05
0.1198 4.58288e-05
0.120021 4.57223e-05
0.120243 4.55001e-05
0.120465 4.54257e-05
0.120687 4.52168e-05
0.12091 4.51417e-05
0.121133 4.49386e-05
0.121357 4.48607e-05
0.121581 4.46588e-05
0.121806 4.45768e-05
0.12203 4.43759e-05
0.122256 4.42898e-05
0.122482 4.40908e-05
0.122708 4.40013e-05
0.122934 4.38034e-05
0.123161 4.37096e-05
0.123389 4.35145e-05
0.123617 4.34197e-05
0.123845 4.3227e-05
0.124074 4.31335e-05
0.124303 4.29544e-05
0.124532 4.28581e-05
0.124762 4.26864e-05
0.124993 4.25864e-05
0.125223 4.24174e-05
0.125455 4.23117e-05
0.125686 4.21443e-05
0.125918 4.20332e-05
0.126151 4.18703e-05
0.126384 4.1754e-05
0.126617 4.15958e-05
0.126851 4.14746e-05
0.127085 4.13197e-05
0.12732 4.11941e-05
0.127555 4.10487e-05
0.127791 4.09235e-05
0.128027 4.07903e-05
0.128263 4.06601e-05
0.1285 4.05373e-05
0.128737 4.0396e-05
0.128975 4.02816e-05
0.129213 4.01273e-05
0.129452 4.00229e-05
0.129691 3.98416e-05
0.12993 3.97654e-05
0.13017 3.95736e-05
0.130411 3.95047e-05
0.130651 3.93139e-05
0.130893 3.92431e-05
0.131134 3.90573e-05
0.131376 3.89873e-05
0.131619 3.88115e-05
0.131862 3.87409e-05
0.132106 3.8572e-05
0.13235 3.84982e-05
0.132594 3.83301e-05
0.132839 3.82523e-05
0.133084 3.80869e-05
0.13333 3.80055e-05
0.133576 3.784e-05
0.133823 3.77568e-05
0.13407 3.75931e-05
0.134317 3.75064e-05
0.134565 3.73458e-05
0.134814 3.72564e-05
0.135063 3.70999e-05
0.135312 3.70105e-05
0.135562 3.68641e-05
0.135812 3.6775e-05
0.136063 3.66351e-05
0.136315 3.65409e-05
0.136566 3.6405e-05
0.136818 3.63049e-05
0.137071 3.6171e-05
0.137324 3.60659e-05
0.137578 3.59371e-05
0.137832 3.58267e-05
0.138086 3.57009e-05
0.138341 3.55835e-05
0.138597 3.54655e-05
0.138853 3.53408e-05
0.139109 3.52318e-05
0.139366 3.5103e-05
0.139623 3.50078e-05
0.139881 3.4871e-05
0.14014 3.47907e-05
0.140398 3.46291e-05
0.140658 3.45701e-05
0.140917 3.441e-05
0.141177 3.43485e-05
0.141438 3.41883e-05
0.141699 3.41245e-05
0.141961 3.39653e-05
0.142223 3.39003e-05
0.142486 3.37427e-05
0.142749 3.36757e-05
0.143013 3.35209e-05
0.143277 3.3454e-05
0.143541 3.33084e-05
0.143806 3.32418e-05
0.144072 3.31031e-05
0.144338 3.3033e-05
0.144604 3.28949e-05
0.144871 3.28217e-05
0.145139 3.26857e-05
0.145407 3.26092e-05
0.145675 3.24749e-05
0.145944 3.23951e-05
0.146214 3.2263e-05
0.146484 3.21802e-05
0.146754 3.20503e-05
0.147025 3.19659e-05
0.147297 3.18395e-05
0.147569 3.17554e-05
0.147841 3.16371e-05
0.148114 3.15507e-05
0.148388 3.14392e-05
0.148662 3.13483e-05
0.148937 3.12407e-05
0.149212 3.1144e-05
0.149487 3.10391e-05
0.149763 3.09361e-05
0.15004 3.08368e-05
0.150317 3.07253e-05
0.150594 3.0634e-05
0.150872 3.05125e-05
0.151151 3.04296e-05
0.15143 3.02904e-05
0.15171 3.02281e-05
0.15199 3.00839e-05
0.152271 3.00334e-05
0.152552 2.98971e-05
0.152833 2.98445e-05
0.153116 2.9709e-05
0.153398 2.96541e-05
0.153682 2.95187e-05
0.153965 2.9461e-05
0.15425 2.93274e-05
0.154535 2.92675e-05
0.15482 2.9135e-05
0.155106 2.90736e-05
0.155392 2.89429e-05
0.155679 2.88797e-05
0.155967 2.87517e-05
0.156255 2.86887e-05
0.156543 2.85671e-05
0.156832 2.85057e-05
0.157122 2.83906e-05
0.157412 2.8326e-05
0.157703 2.82121e-05
0.157994 2.81431e-05
0.158286 2.8031e-05
0.158578 2.79604e-05
0.158871 2.78505e-05
0.159164 2.77747e-05
0.159458 2.76673e-05
0.159753 2.75882e-05
0.160048 2.74843e-05
0.160343 2.7402e-05
0.160639 2.73016e-05
0.160936 2.72186e-05
0.161233 2.7125e-05
0.161531 2.70418e-05
0.161829 2.6956e-05
0.162128 2.68657e-05
0.162427 2.67842e-05
0.162727 2.66863e-05
0.163028 2.66109e-05
0.163329 2.65035e-05
0.16363 2.64369e-05
0.163933 2.63089e-05
0.164235 2.62618e-05
0.164539 2.61348e-05
0.164842 2.60863e-05
0.165147 2.59615e-05
0.165452 2.59133e-05
0.165757 2.5794e-05
0.166063 2.57462e-05
0.16637 2.56338e-05
0.166677 2.55844e-05
0.166985 2.54726e-05
0.167293 2.54216e-05
0.167602 2.53106e-05
0.167912 2.52573e-05
0.168222 2.51471e-05
0.168532 2.5091e-05
0.168844 2.49828e-05
0.169155 2.49249e-05
0.169468 2.48171e-05
0.169781 2.47583e-05
0.170094 2.46538e-05
0.170408 2.45944e-05
0.170723 2.44954e-05
0.171038 2.44358e-05
0.171354 2.43421e-05
0.171671 2.4281e-05
0.171988 2.41883e-05
0.172305 2.41237e-05
0.172623 2.40329e-05
0.172942 2.39652e-05
0.173261 2.38769e-05
0.173581 2.38047e-05
0.173902 2.37194e-05
0.174223 2.36437e-05
0.174545 2.35619e-05
0.174867 2.34819e-05
0.17519 2.34059e-05
0.175514 2.33224e-05
0.175838 2.32539e-05
0.176162 2.31684e-05
0.176488 2.31083e-05
0.176814 2.30097e-05
0.17714 2.29611e-05
0.177467 2.28534e-05
0.177795 2.28126e-05
0.178123 2.2705e-05
0.178452 2.26634e-05
0.178782 2.25562e-05
0.179112 2.25131e-05
0.179443 2.24071e-05
0.179774 2.23625e-05
0.180106 2.22578e-05
0.180438 2.22127e-05
0.180772 2.21131e-05
0.181105 2.20687e-05
0.18144 2.19754e-05
0.181775 2.19288e-05
0.182111 2.18364e-05
0.182447 2.17887e-05
0.182784 2.16965e-05
0.183121 2.16462e-05
0.183459 2.15549e-05
0.183798 2.1503e-05
0.184138 2.14134e-05
0.184478 2.13594e-05
0.184818 2.12706e-05
0.18516 2.12149e-05
0.185502 2.11297e-05
0.185844 2.10731e-05
0.186187 2.09918e-05
0.186531 2.09361e-05
0.186876 2.08612e-05
0.187221 2.08022e-05
0.187566 2.07283e-05
0.187913 2.06665e-05
0.18826 2.0595e-05
0.188607 2.05287e-05
0.188956 2.04607e-05
0.189305 2.03904e-05
0.189654 2.03256e-05
0.190004 2.02499e-05
0.190355 2.01903e-05
0.190707 2.0107e-05
0.191059 2.00558e-05
0.191412 1.99582e-05
0.191765 1.99247e-05
0.192119 1.98335e-05
0.192474 1.97983e-05
0.192829 1.97077e-05
0.193186 1.96711e-05
0.193542 1.95807e-05
0.1939 1.95428e-05
0.194258 1.94528e-05
0.194616 1.94129e-05
0.194976 1.93235e-05
0.195336 1.92831e-05
0.195697 1.91947e-05
0.196058 1.91527e-05
0.19642 1.90659e-05
0.196783 1.90239e-05
0.197146 1.89404e-05
0.19751 1.88987e-05
0.197875 1.88219e-05
0.19824 1.8779e-05
0.198606 1.87035e-05
0.198973 1.86585e-05
0.199341 1.8584e-05
0.199709 1.85368e-05
0.200077 1.8463e-05
0.200447 1.8414e-05
0.200817 1.83418e-05
0.201188 1.82909e-05
0.201559 1.82199e-05
0.201932 1.81667e-05
0.202304 1.80989e-05
0.202678 1.80448e-05
0.203052 1.79805e-05
0.203427 1.79273e-05
0.203803 1.78685e-05
0.204179 1.78109e-05
0.204556 1.77547e-05
0.204934 1.76931e-05
0.205312 1.76402e-05
0.205692 1.75734e-05
0.206071 1.7525e-05
0.206452 1.74496e-05
0.206833 1.74091e-05
0.207215 1.73249e-05
0.207598 1.72926e-05
0.207981 1.72099e-05
0.208365 1.71776e-05
0.20875 1.70962e-05
0.209135 1.7065e-05
0.209522 1.69895e-05
0.209908 1.69565e-05
0.210296 1.68815e-05
0.210684 1.68475e-05
0.211073 1.67722e-05
0.211463 1.67369e-05
0.211854 1.66626e-05
0.212245 1.66258e-05
0.212637 1.65521e-05
0.21303 1.65142e-05
0.213423 1.64412e-05
0.213817 1.64019e-05
0.214212 1.63304e-05
0.214607 1.62905e-05
0.215004 1.62217e-05
0.215401 1.61828e-05
0.215799 1.61197e-05
0.216197 1.6079e-05
0.216596 1.60168e-05
0.216996 1.59741e-05
0.217397 1.59132e-05
0.217798 1.58681e-05
0.218201 1.58087e-05
0.218603 1.57616e-05
0.219007 1.57034e-05
0.219412 1.5654e-05
0.219817 1.5598e-05
0.220223 1.55463e-05
0.220629 1.54929e-05
0.221037 1.54393e-05
0.221445 1.53904e-05
0.221854 1.53363e-05
0.222263 1.52929e-05
0.222674 1.5233e-05
0.223085 1.51942e-05
0.223497 1.51221e-05
0.22391 1.50949e-05
0.224323 1.50229e-05
0.224737 1.4995e-05
0.225152 1.49235e-05
0.225568 1.48942e-05
0.225985 1.48234e-05
0.226402 1.47936e-05
0.22682 1.47238e-05
0.227239 1.46933e-05
0.227659 1.4625e-05
0.228079 1.45955e-05
0.2285 1.45333e-05
0.228922 1.45031e-05
0.229345 1.44409e-05
0.229768 1.44091e-05
0.230193 1.43479e-05
0.230618 1.43144e-05
0.231044 1.42536e-05
0.23147 1.42198e-05
0.231898 1.4159e-05
0.232326 1.41241e-05
0.232755 1.40644e-05
0.233185 1.40275e-05
0.233615 1.39699e-05
0.234047 1.39325e-05
0.234479 1.38768e-05
0.234912 1.38404e-05
0.235346 1.379e-05
0.23578 1.37513e-05
0.236216 1.37018e-05
0.236652 1.36613e-05
0.237089 1.36129e-05
0.237527 1.35704e-05
0.237965 1.3524e-05
0.238405 1.34785e-05
0.238845 1.34338e-05
0.239286 1.33854e-05
0.239728 1.33436e-05
0.240171 1.32915e-05
0.240614 1.32534e-05
0.241058 1.3196e-05
0.241504 1.31651e-05
0.24195 1.31044e-05
0.242396 1.30807e-05
0.242844 1.30206e-05
0.243292 1.2996e-05
0.243742 1.29355e-05
0.244192 1.29105e-05
0.244643 1.28507e-05
0.245094 1.28239e-05
0.245547 1.2765e-05
0.246 1.27378e-05
0.246455 1.26791e-05
0.24691 1.26512e-05
0.247366 1.2593e-05
0.247822 1.25649e-05
0.24828 1.25082e-05
0.248739 1.24811e-05
0.249198 1.24289e-05
0.249658 1.24008e-05
0.250119 1.23495e-05
0.250581 1.23197e-05
0.251044 1.22689e-05
0.251507 1.22382e-05
0.251972 1.21882e-05
0.252437 1.21556e-05
0.252903 1.21063e-05
0.25337 1.20729e-05
0.253838 1.20247e-05
0.254307 1.19899e-05
0.254776 1.19432e-05
0.255247 1.19073e-05
0.255718 1.18627e-05
0.25619 1.18275e-05
0.256663 1.1787e-05
0.257137 1.17503e-05
0.257612 1.17112e-05
0.258088 1.16716e-05
0.258565 1.16345e-05
0.259042 1.15924e-05
0.25952 1.15576e-05
0.26 1.15114e-05
0.26048 1.14797e-05
0.260961 1.14237e-05
0.261443 1.1402e-05
0.261925 1.13462e-05
0.262409 1.13245e-05
0.262894 1.12697e-05
0.263379 1.12483e-05
0.263865 1.11976e-05
0.264353 1.11754e-05
0.264841 1.11254e-05
0.26533 1.11025e-05
0.26582 1.10525e-05
0.266311 1.10286e-05
0.266803 1.09789e-05
0.267295 1.09543e-05
0.267789 1.0905e-05
0.268283 1.08796e-05
0.268779 1.08307e-05
0.269275 1.08046e-05
0.269772 1.07565e-05
0.27027 1.073e-05
0.27077 1.06832e-05
0.27127 1.06575e-05
0.27177 1.06143e-05
0.272272 1.05876e-05
0.272775 1.05456e-05
0.273279 1.05177e-05
0.273783 1.04763e-05
0.274289 1.04474e-05
0.274796 1.04069e-05
0.275303 1.03759e-05
0.275811 1.03364e-05
0.276321 1.03048e-05
0.276831 1.02665e-05
0.277342 1.0233e-05
0.277854 1.01962e-05
0.278367 1.01612e-05
0.278881 1.0127e-05
0.279396 1.00927e-05
0.279912 1.00618e-05
0.280429 1.00249e-05
0.280947 9.99655e-06
0.281466 9.9558e-06
0.281986 9.9309e-06
0.282506 9.88374e-06
0.283028 9.86467e-06
0.283551 9.81765e-06
0.284074 9.79824e-06
0.284599 9.75114e-06
0.285124 9.7313e-06
0.285651 9.6849e-06
0.286178 9.66451e-06
0.286707 9.61907e-06
0.287236 9.59898e-06
0.287767 9.55689e-06
0.288298 9.53638e-06
0.28883 9.49517e-06
0.289364 9.47372e-06
0.289898 9.43278e-06
0.290433 9.4108e-06
0.29097 9.36986e-06
0.291507 9.34709e-06
0.292045 9.30675e-06
0.292585 9.28297e-06
0.293125 9.24325e-06
0.293666 9.219e-06
0.294208 9.18014e-06
0.294752 9.15512e-06
0.295296 9.11739e-06
0.295841 9.09274e-06
0.296388 9.05789e-06
0.296935 9.03263e-06
0.297483 8.9988e-06
0.298033 8.97238e-06
0.298583 8.93884e-06
0.299134 8.91109e-06
0.299687 8.87905e-06
0.30024 8.84974e-06
0.300795 8.8186e-06
0.30135 8.78762e-06
0.301906 8.75823e-06
0.302464 8.72533e-06
0.303022 8.69787e-06
0.303582 8.66261e-06
0.304143 8.63859e-06
0.304704 8.60004e-06
0.305267 8.58216e-06
0.305831 8.54222e-06
0.306395 8.52586e-06
0.306961 8.48607e-06
0.307528 8.46916e-06
0.308096 8.42943e-06
0.308665 8.41193e-06
0.309235 8.37265e-06
0.309806 8.35451e-06
0.310378 8.31545e-06
0.310951 8.29685e-06
0.311525 8.25824e-06
0.312101 8.23927e-06
0.312677 8.20183e-06
0.313254 8.18322e-06
0.313833 8.14797e-06
0.314412 8.12921e-06
0.314993 8.09509e-06
0.315574 8.07557e-06
0.316157 8.04182e-06
0.316741 8.02147e-06
0.317326 7.98803e-06
0.317912 7.96673e-06
0.318499 7.93389e-06
0.319087 7.91205e-06
0.319676 7.87989e-06
0.320267 7.85698e-06
0.320858 7.82549e-06
0.321451 7.80185e-06
0.322044 7.77167e-06
0.322639 7.74842e-06
0.323235 7.72022e-06
0.323832 7.69634e-06
0.32443 7.66928e-06
0.325029 7.64383e-06
0.325629 7.61823e-06
0.32623 7.59101e-06
0.326833 7.56646e-06
0.327436 7.53727e-06
0.328041 7.51447e-06
0.328646 7.48248e-06
0.329253 7.46255e-06
0.329861 7.42535e-06
0.33047 7.41048e-06
0.331081 7.37392e-06
0.331692 7.35921e-06
0.332305 7.32492e-06
0.332918 7.3099e-06
0.333533 7.27662e-06
0.334149 7.26125e-06
0.334766 7.22816e-06
0.335384 7.2122e-06
0.336003 7.17924e-06
0.336624 7.16271e-06
0.337246 7.1302e-06
0.337868 7.11335e-06
0.338492 7.081e-06
0.339117 7.06351e-06
0.339743 7.03161e-06
0.340371 7.01377e-06
0.340999 6.98277e-06
0.341629 6.96537e-06
0.34226 6.93625e-06
0.342892 6.91833e-06
0.343525 6.89053e-06
0.344159 6.8719e-06
0.344795 6.84427e-06
0.345432 6.82525e-06
0.34607 6.79784e-06
0.346709 6.77808e-06
0.347349 6.75127e-06
0.34799 6.73056e-06
0.348633 6.70421e-06
0.349277 6.68258e-06
0.349922 6.6575e-06
0.350568 6.63508e-06
0.351215 6.61114e-06
0.351864 6.58868e-06
0.352513 6.56683e-06
0.353164 6.54344e-06
0.353817 6.52331e-06
0.35447 6.49775e-06
0.355125 6.47926e-06
0.35578 6.45006e-06
0.356437 6.43504e-06
0.357095 6.40372e-06
0.357755 6.39052e-06
0.358416 6.35925e-06
0.359077 6.34582e-06
0.35974 6.31486e-06
0.360405 6.30119e-06
0.36107 6.27067e-06
0.361737 6.25711e-06
0.362405 6.22835e-06
0.363074 6.21456e-06
0.363745 6.18703e-06
0.364416 6.17285e-06
0.365089 6.14553e-06
0.365763 6.13072e-06
0.366439 6.10359e-06
0.367116 6.08849e-06
0.367793 6.06133e-06
0.368473 6.04588e-06
0.369153 6.0192e-06
0.369835 6.00322e-06
0.370518 5.97705e-06
0.371202 5.96063e-06
0.371887 5.93515e-06
0.372574 5.91902e-06
0.373262 5.89525e-06
0.373951 5.8786e-06
0.374642 5.85591e-06
0.375334 5.83851e-06
0.376027 5.81637e-06
0.376721 5.79824e-06
0.377417 5.77641e-06
0.378114 5.75754e-06
0.378812 5.73643e-06
0.379511 5.7165e-06
0.380212 5.69621e-06
0.380914 5.67512e-06
0.381618 5.65591e-06
0.382322 5.63348e-06
0.383028 5.61607e-06
0.383736 5.59282e-06
0.384444 5.57775e-06
0.385154 5.55149e-06
0.385866 5.54037e-06
0.386578 5.51404e-06
0.387292 5.50251e-06
0.388007 5.47629e-06
0.388724 5.46433e-06
0.389441 5.43839e-06
0.390161 5.42599e-06
0.390881 5.40028e-06
0.391603 5.38761e-06
0.392326 5.36205e-06
0.39305 5.34941e-06
0.393776 5.32431e-06
0.394503 5.31176e-06
0.395232 5.28801e-06
0.395962 5.27538e-06
0.396693 5.25268e-06
0.397425 5.2395e-06
0.398159 5.21689e-06
0.398895 5.20339e-06
0.399631 5.18116e-06
0.400369 5.16711e-06
0.401108 5.14524e-06
0.401849 5.13067e-06
0.402591 5.10893e-06
0.403335 5.09396e-06
0.404079 5.07267e-06
0.404826 5.05726e-06
0.405573 5.03667e-06
0.406322 5.02127e-06
0.407072 5.00195e-06
0.407824 4.9864e-06
0.408577 4.96801e-06
0.409332 4.95163e-06
0.410088 4.93388e-06
0.410845 4.91647e-06
0.411604 4.89959e-06
0.412364 4.88095e-06
0.413125 4.86495e-06
0.413888 4.84497e-06
0.414652 4.83023e-06
0.415418 4.80779e-06
0.416185 4.79545e-06
0.416954 4.77116e-06
0.417723 4.76098e-06
0.418495 4.73779e-06
0.419268 4.7278e-06
0.420042 4.70562e-06
0.420818 4.69532e-06
0.421595 4.67341e-06
0.422373 4.66257e-06
0.423153 4.64078e-06
0.423934 4.62968e-06
0.424717 4.60796e-06
0.425502 4.59661e-06
0.426287 4.57515e-06
0.427075 4.56352e-06
0.427863 4.54237e-06
0.428653 4.53055e-06
0.429445 4.50972e-06
0.430238 4.49789e-06
0.431032 4.4781e-06
0.431828 4.46637e-06
0.432626 4.44765e-06
0.433425 4.43552e-06
0.434225 4.41683e-06
0.435027 4.40432e-06
0.43583 4.38602e-06
0.436635 4.37287e-06
0.437441 4.35494e-06
0.438249 4.34121e-06
0.439058 4.32371e-06
0.439869 4.30956e-06
0.440681 4.29235e-06
0.441495 4.27782e-06
0.44231 4.26143e-06
0.443127 4.24652e-06
0.443945 4.23146e-06
0.444765 4.2164e-06
0.445586 4.20236e-06
0.446409 4.18626e-06
0.447234 4.17315e-06
0.448059 4.1555e-06
0.448887 4.14363e-06
0.449716 4.12293e-06
0.450546 4.11399e-06
0.451378 4.09339e-06
0.452212 4.08425e-06
0.453047 4.0638e-06
0.453883 4.05449e-06
0.454722 4.03437e-06
0.455561 4.02507e-06
0.456402 4.00578e-06
0.457245 3.99638e-06
0.45809 3.97816e-06
0.458935 3.96858e-06
0.459783 3.95036e-06
0.460632 3.94047e-06
0.461483 3.92242e-06
0.462335 3.91222e-06
0.463189 3.8943e-06
0.464044 3.88371e-06
0.464901 3.86589e-06
0.465759 3.85511e-06
0.466619 3.8376e-06
0.467481 3.82658e-06
0.468344 3.80956e-06
0.469209 3.79849e-06
0.470076 3.7822e-06
0.470944 3.77124e-06
0.471813 3.75598e-06
0.472684 3.74459e-06
0.473557 3.72954e-06
0.474432 3.71769e-06
0.475308 3.70288e-06
0.476186 3.69058e-06
0.477065 3.67615e-06
0.477946 3.66339e-06
0.478828 3.64955e-06
0.479713 3.6359e-06
0.480598 3.62273e-06
0.481486 3.60842e-06
0.482375 3.59614e-06
0.483266 3.5813e-06
0.484158 3.57025e-06
0.485052 3.55469e-06
0.485948 3.54532e-06
0.486845 3.52806e-06
0.487744 3.52009e-06
0.488645 3.503e-06
0.489547 3.49484e-06
0.490451 3.47759e-06
0.491357 3.46932e-06
0.492264 3.45226e-06
0.493173 3.44365e-06
0.494084 3.42676e-06
0.494996 3.41811e-06
0.495911 3.40137e-06
0.496826 3.39271e-06
0.497744 3.37668e-06
0.498663 3.3681e-06
0.499584 3.35298e-06
0.500506 3.34419e-06
0.50143 3.32909e-06
0.502356 3.31999e-06
0.503284 3.3051e-06
0.504213 3.2957e-06
0.505144 3.28102e-06
0.506077 3.27136e-06
0.507012 3.25689e-06
0.507948 3.24691e-06
0.508886 3.23266e-06
0.509826 3.22242e-06
0.510767 3.20865e-06
0.51171 3.19822e-06
0.512655 3.18518e-06
0.513602 3.17488e-06
0.51455 3.1625e-06
0.515501 3.1517e-06
0.516453 3.13968e-06
0.517406 3.12839e-06
0.518362 3.11669e-06
0.519319 3.10485e-06
0.520278 3.09369e-06
0.521239 3.081e-06
0.522201 3.07058e-06
0.523165 3.05693e-06
0.524131 3.04734e-06
0.525099 3.03127e-06
0.526069 3.02439e-06
0.52704 3.00878e-06
0.528014 3.00202e-06
0.528989 2.98742e-06
0.529966 2.98036e-06
0.530944 2.9659e-06
0.531925 2.95869e-06
0.532907 2.94433e-06
0.533891 2.93696e-06
0.534877 2.92258e-06
0.535865 2.91497e-06
0.536854 2.90086e-06
0.537845 2.89314e-06
0.538839 2.87904e-06
0.539834 2.87113e-06
0.54083 2.85737e-06
0.541829 2.84942e-06
0.54283 2.83608e-06
0.543832 2.82834e-06
0.544836 2.8158e-06
0.545842 2.80781e-06
0.54685 2.79541e-06
0.54786 2.78697e-06
0.548872 2.77481e-06
0.549885 2.76615e-06
0.550901 2.75408e-06
0.551918 2.74511e-06
0.552937 2.7333e-06
0.553958 2.72389e-06
0.554981 2.71237e-06
0.556006 2.70278e-06
0.557033 2.69157e-06
0.558061 2.68186e-06
0.559092 2.67134e-06
0.560124 2.66155e-06
0.561159 2.65187e-06
0.562195 2.64156e-06
0.563233 2.63233e-06
0.564273 2.62133e-06
0.565315 2.61267e-06
0.566359 2.60055e-06
0.567405 2.59296e-06
0.568453 2.57939e-06
0.569502 2.57312e-06
0.570554 2.55973e-06
0.571608 2.55337e-06
0.572663 2.53998e-06
0.573721 2.53372e-06
0.57478 2.5208e-06
0.575842 2.51442e-06
0.576905 2.50247e-06
0.57797 2.49601e-06
0.579037 2.48403e-06
0.580107 2.47743e-06
0.581178 2.46555e-06
0.582251 2.45869e-06
0.583326 2.44686e-06
0.584404 2.43998e-06
0.585483 2.42818e-06
0.586564 2.42112e-06
0.587647 2.40952e-06
0.588732 2.40218e-06
0.589819 2.39084e-06
0.590908 2.38349e-06
0.592 2.37258e-06
0.593093 2.36527e-06
0.594188 2.35499e-06
0.595285 2.34749e-06
0.596385 2.33743e-06
0.597486 2.3296e-06
0.598589 2.31969e-06
0.599694 2.31161e-06
0.600802 2.30185e-06
0.601911 2.29349e-06
0.603023 2.28402e-06
0.604136 2.27535e-06
0.605252 2.26619e-06
0.60637 2.25702e-06
0.607489 2.24841e-06
0.608611 2.23891e-06
0.609735 2.23102e-06
0.610861 2.22142e-06
0.611989 2.21432e-06
0.613119 2.20315e-06
0.614251 2.19765e-06
0.615386 2.18626e-06
0.616522 2.18082e-06
0.61766 2.16946e-06
0.618801 2.16388e-06
0.619944 2.15268e-06
0.621088 2.14695e-06
0.622235 2.13585e-06
0.623384 2.13004e-06
0.624535 2.119e-06
0.625689 2.11315e-06
0.626844 2.10242e-06
0.628002 2.09675e-06
0.629161 2.08684e-06
0.630323 2.08092e-06
0.631487 2.07103e-06
0.632653 2.06502e-06
0.633821 2.05517e-06
0.634992 2.049e-06
0.636164 2.03926e-06
0.637339 2.03288e-06
0.638516 2.02324e-06
0.639695 2.01664e-06
0.640876 2.0072e-06
0.64206 2.00049e-06
0.643246 1.99126e-06
0.644433 1.98445e-06
0.645623 1.9756e-06
0.646816 1.96885e-06
0.64801 1.96057e-06
0.649207 1.95363e-06
0.650405 1.94556e-06
0.651606 1.9383e-06
0.65281 1.93042e-06
0.654015 1.92283e-06
0.655223 1.91519e-06
0.656433 1.90726e-06
0.657645 1.9e-06
0.658859 1.89148e-06
0.660076 1.88469e-06
0.661295 1.87552e-06
0.662516 1.8695e-06
0.66374 1.85921e-06
0.664965 1.85455e-06
0.666193 1.84506e-06
0.667423 1.8403e-06
0.668656 1.83071e-06
0.669891 1.82588e-06
0.671128 1.8164e-06
0.672367 1.81139e-06
0.673608 1.80198e-06
0.674852 1.79685e-06
0.676099 1.78752e-06
0.677347 1.7823e-06
0.678598 1.77306e-06
0.679851 1.7678e-06
0.681106 1.75863e-06
0.682364 1.7533e-06
0.683624 1.74437e-06
0.684887 1.73917e-06
0.686151 1.7309e-06
0.687418 1.72552e-06
0.688688 1.71742e-06
0.689959 1.71188e-06
0.691233 1.70385e-06
0.69251 1.69813e-06
0.693789 1.69016e-06
0.69507 1.68428e-06
0.696353 1.67651e-06
0.697639 1.67046e-06
0.698928 1.66284e-06
0.700218 1.65665e-06
0.701511 1.64917e-06
0.702807 1.64287e-06
0.704104 1.63579e-06
0.705405 1.62956e-06
0.706707 1.62301e-06
0.708012 1.61649e-06
0.70932 1.61024e-06
0.710629 1.60333e-06
0.711942 1.59736e-06
0.713256 1.58998e-06
0.714574 1.58443e-06
0.715893 1.57608e-06
0.717215 1.5715e-06
0.718539 1.56274e-06
0.719866 1.5585e-06
0.721196 1.54982e-06
0.722527 1.54559e-06
0.723862 1.537e-06
0.725198 1.53284e-06
0.726537 1.52495e-06
0.727879 1.52068e-06
0.729223 1.51281e-06
0.73057 1.50843e-06
0.731919 1.50063e-06
0.73327 1.49614e-06
0.734624 1.48846e-06
0.735981 1.48383e-06
0.73734 1.47613e-06
0.738702 1.47144e-06
0.740066 1.46382e-06
0.741432 1.45903e-06
0.742801 1.45156e-06
0.744173 1.44669e-06
0.745547 1.4394e-06
0.746924 1.43462e-06
0.748303 1.42785e-06
0.749685 1.42297e-06
0.75107 1.41634e-06
0.752456 1.41124e-06
0.753846 1.4047e-06
0.755238 1.39941e-06
0.756633 1.39298e-06
0.75803 1.38755e-06
0.75943 1.38124e-06
0.760832 1.37566e-06
0.762237 1.3695e-06
0.763644 1.36367e-06
0.765055 1.35787e-06
0.766467 1.35184e-06
0.767883 1.34639e-06
0.769301 1.3403e-06
0.770721 1.33536e-06
0.772145 1.32892e-06
0.77357 1.32444e-06
0.774999 1.31703e-06
0.77643 1.31343e-06
0.777864 1.3061e-06
0.7793 1.30239e-06
0.780739 1.2951e-06
0.782181 1.29132e-06
0.783625 1.28409e-06
0.785072 1.28022e-06
0.786522 1.27305e-06
0.787974 1.26919e-06
0.78943 1.26212e-06
0.790887 1.2583e-06
0.792348 1.25175e-06
0.793811 1.2479e-06
0.795277 1.24144e-06
0.796745 1.23743e-06
0.798217 1.23102e-06
0.799691 1.22692e-06
0.801167 1.22055e-06
0.802647 1.21636e-06
0.804129 1.21011e-06
0.805614 1.2058e-06
0.807101 1.19964e-06
0.808592 1.19521e-06
0.810085 1.18915e-06
0.811581 1.18476e-06
0.81308 1.17886e-06
0.814581 1.17455e-06
0.816085 1.16906e-06
0.817592 1.16463e-06
0.819102 1.15925e-06
0.820615 1.15465e-06
0.82213 1.14945e-06
0.823648 1.14466e-06
0.825169 1.13955e-06
0.826693 1.13455e-06
0.828219 1.12966e-06
0.829749 1.12439e-06
0.831281 1.11977e-06
0.832816 1.11415e-06
0.834354 1.10988e-06
0.835895 1.10367e-06
0.837438 1.10016e-06
0.838985 1.09391e-06
0.840534 1.09078e-06
0.842086 1.08463e-06
0.843641 1.08146e-06
0.845199 1.07534e-06
0.84676 1.07211e-06
0.848323 1.06605e-06
0.84989 1.06272e-06
0.851459 1.05666e-06
0.853031 1.05328e-06
0.854607 1.0473e-06
0.856185 1.0439e-06
0.857766 1.038e-06
0.85935 1.03449e-06
0.860937 1.02874e-06
0.862526 1.02535e-06
0.864119 1.01988e-06
0.865715 1.01644e-06
0.867313 1.01114e-06
0.868915 1.00759e-06
0.87052 1.00235e-06
0.872127 9.98675e-07
0.873738 9.93466e-07
0.875351 9.89718e-07
0.876967 9.84632e-07
0.878587 9.80747e-07
0.880209 9.75734e-07
0.881835 9.71756e-07
0.883463 9.66898e-07
0.885094 9.62792e-07
0.886729 9.5811e-07
0.888366 9.54106e-07
0.890007 9.49742e-07
0.89165 9.45612e-07
0.893297 9.41426e-07
0.894946 9.37095e-07
0.896599 9.33096e-07
0.898255 9.28497e-07
0.899913 9.2471e-07
0.901575 9.19803e-07
0.90324 9.16342e-07
0.904908 9.10698e-07
0.906579 9.07934e-07
0.908253 9.02338e-07
0.90993 8.99536e-07
0.911611 8.94012e-07
0.913294 8.91269e-07
0.91498 8.86088e-07
0.91667 8.83264e-07
0.918363 8.78242e-07
0.920059 8.75362e-07
0.921758 8.70338e-07
0.92346 8.67441e-07
0.925165 8.6245e-07
0.926873 8.59491e-07
0.928585 8.54548e-07
0.9303 8.51514e-07
0.932018 8.4665e-07
0.933739 8.43549e-07
0.935463 8.38738e-07
0.93719 8.35655e-07
0.938921 8.31e-07
0.940655 8.27948e-07
0.942392 8.23588e-07
0.944132 8.20483e-07
0.945875 8.16228e-07
0.947622 8.13052e-07
0.949372 8.08851e-07
0.951125 8.05573e-07
0.952881 8.01436e-07
0.954641 7.98075e-07
0.956404 7.94038e-07
0.95817 7.90557e-07
0.959939 7.86606e-07
0.961712 7.8303e-07
0.963488 7.7919e-07
0.965267 7.75467e-07
0.967049 7.71876e-07
0.968835 7.68118e-07
0.970624 7.64809e-07
0.972417 7.60901e-07
0.974212 7.57856e-07
0.976011 7.53558e-07
0.977814 7.50868e-07
0.979619 7.46214e-07
0.981428 7.43819e-07
0.983241 7.39183e-07
0.985056 7.36785e-07
0.986875 7.32155e-07
0.988698 7.29724e-07
0.990523 7.25176e-07
0.992352 7.22691e-07
0.994185 7.18213e-07
0.996021 7.15757e-07
0.99786 7.11504e-07
0.999703 7.09062e-07
1.00155 7.04932e-07
1.0034 7.02406e-07
1.00525 6.98331e-07
1.00711 6.95767e-07
1.00897 6.91693e-07
1.01083 6.89047e-07
1.0127 6.85038e-07
1.01457 6.82352e-07
1.01644 6.78398e-07
1.01832 6.75675e-07
1.0202 6.71788e-07
1.02208 6.69012e-07
1.02397 6.65258e-07
1.02586 6.62495e-07
1.02775 6.58967e-07
1.02965 6.56171e-07
1.03155 6.52795e-07
1.03346 6.49928e-07
1.03537 6.46583e-07
1.03728 6.43641e-07
1.03919 6.40396e-07
1.04111 6.37324e-07
1.04304 6.34185e-07
1.04496 6.30964e-07
1.04689 6.27968e-07
1.04882 6.24585e-07
1.05076 6.21784e-07
1.0527 6.18194e-07
1.05465 6.15661e-07
1.05659 6.11702e-07
1.05854 6.09766e-07
1.0605 6.05954e-07
1.06246 6.03973e-07
1.06442 6.00164e-07
1.06638 5.98131e-07
1.06835 5.94353e-07
1.07033 5.92281e-07
1.0723 5.88527e-07
1.07428 5.86383e-07
1.07627 5.82673e-07
1.07825 5.80524e-07
1.08025 5.76836e-07
1.08224 5.74692e-07
1.08424 5.71058e-07
1.08624 5.68905e-07
1.08825 5.65477e-07
1.09026 5.63296e-07
1.09227 5.59975e-07
1.09429 5.5777e-07
1.09631 5.54473e-07
1.09833 5.52216e-07
1.10036 5.48964e-07
1.10239 5.4663e-07
1.10443 5.43414e-07
1.10647 5.41053e-07
1.10851 5.37892e-07
1.11056 5.35459e-07
1.11261 5.32378e-07
1.11466 5.29895e-07
1.11672 5.26926e-07
1.11878 5.24462e-07
1.12085 5.21682e-07
1.12292 5.19227e-07
1.12499 5.16611e-07
1.12707 5.14002e-07
1.12915 5.11487e-07
1.13124 5.0876e-07
1.13333 5.06354e-07
1.13542 5.03497e-07
1.13751 5.01214e-07
1.13962 4.98118e-07
1.14172 4.96084e-07
1.14383 4.92689e-07
1.14594 4.90963e-07
1.14806 4.87626e-07
1.15018 4.85927e-07
1.1523 4.82681e-07
1.15443 4.80996e-07
1.15656 4.77901e-07
1.1587 4.7615e-07
1.16083 4.73064e-07
1.16298 4.71297e-07
1.16513 4.68214e-07
1.16728 4.66406e-07
1.16943 4.63353e-07
1.17159 4.6151e-07
1.17376 4.5848e-07
1.17592 4.56613e-07
1.1781 4.53613e-07
1.18027 4.51723e-07
1.18245 4.48792e-07
1.18463 4.46921e-07
1.18682 4.44143e-07
1.18901 4.42269e-07
1.19121 4.39635e-07
1.19341 4.37696e-07
1.19561 4.35085e-07
1.19782 4.33094e-07
1.20003 4.30536e-07
1.20225 4.2849e-07
1.20447 4.25978e-07
1.20669 4.23878e-07
1.20892 4.21428e-07
1.21115 4.19276e-07
1.21339 4.16905e-07
1.21563 4.14678e-07
1.21787 4.12414e-07
1.22012 4.10175e-07
1.22238 4.08086e-07
1.22463 4.05793e-07
1.2269 4.03863e-07
1.22916 4.01423e-07
1.23143 3.99608e-07
1.2337 3.96779e-07
1.23598 3.95358e-07
1.23826 3.92541e-07
1.24055 3.91096e-07
1.24284 3.88296e-07
1.24514 3.86812e-07
1.24744 3.84054e-07
1.24974 3.82566e-07
1.25205 3.79856e-07
1.25436 3.78394e-07
1.25668 3.75798e-07
1.259 3.74343e-07
1.26132 3.71892e-07
1.26365 3.70427e-07
1.26598 3.67978e-07
1.26832 3.66459e-07
1.27066 3.64048e-07
1.27301 3.62502e-07
1.27536 3.60101e-07
1.27772 3.58545e-07
1.28008 3.56168e-07
1.28244 3.54587e-07
1.28481 3.52249e-07
1.28718 3.50614e-07
1.28956 3.4836e-07
1.29194 3.4674e-07
1.29432 3.44575e-07
1.29671 3.42954e-07
1.29911 3.4091e-07
1.30151 3.39223e-07
1.30391 3.37217e-07
1.30632 3.35485e-07
1.30873 3.33531e-07
1.31115 3.31729e-07
1.31357 3.29815e-07
1.31599 3.27945e-07
1.31842 3.26095e-07
1.32086 3.24147e-07
1.3233 3.22395e-07
1.32574 3.20359e-07
1.32819 3.18739e-07
1.33064 3.16602e-07
1.3331 3.15191e-07
1.33556 3.12918e-07
1.33803 3.11742e-07
1.3405 3.0949e-07
1.34297 3.0829e-07
1.34545 3.0603e-07
1.34794 3.04825e-07
1.35043 3.02582e-07
1.35292 3.01332e-07
1.35542 2.99121e-07
1.35792 2.97861e-07
1.36043 2.95668e-07
1.36294 2.94398e-07
1.36546 2.92246e-07
1.36798 2.90978e-07
1.37051 2.8892e-07
1.37304 2.87688e-07
1.37557 2.85722e-07
1.37811 2.84465e-07
1.38066 2.82525e-07
1.38321 2.81224e-07
1.38576 2.79313e-07
1.38832 2.77993e-07
1.39088 2.76118e-07
1.39345 2.74748e-07
1.39603 2.72901e-07
1.3986 2.71506e-07
1.40119 2.69703e-07
1.40377 2.68282e-07
1.40637 2.66532e-07
1.40896 2.65106e-07
1.41157 2.63433e-07
1.41417 2.62023e-07
1.41678 2.60461e-07
1.4194 2.58998e-07
1.42202 2.57471e-07
1.42465 2.55934e-07
1.42728 2.5447e-07
1.42991 2.52843e-07
1.43255 2.51455e-07
1.4352 2.4973e-07
1.43785 2.48436e-07
1.4405 2.4649e-07
1.44316 2.45449e-07
1.44583 2.43473e-07
1.4485 2.42491e-07
1.45117 2.40581e-07
1.45385 2.39617e-07
1.45654 2.37839e-07
1.45923 2.36853e-07
1.46192 2.35084e-07
1.46462 2.34085e-07
1.46733 2.3231e-07
1.47004 2.3129e-07
1.47275 2.29533e-07
1.47547 2.28497e-07
1.47819 2.26767e-07
1.48092 2.25698e-07
1.48366 2.23982e-07
1.4864 2.2291e-07
1.48914 2.21222e-07
1.49189 2.20157e-07
1.49465 2.18545e-07
1.49741 2.17494e-07
1.50017 2.15974e-07
1.50294 2.14892e-07
1.50572 2.13397e-07
1.5085 2.12292e-07
1.51129 2.10821e-07
1.51408 2.09688e-07
1.51687 2.08248e-07
1.51967 2.07075e-07
1.52248 2.05659e-07
1.52529 2.04461e-07
1.52811 2.03098e-07
1.53093 2.01864e-07
1.53376 2.00557e-07
1.53659 1.99313e-07
1.53943 1.98083e-07
1.54227 1.96852e-07
1.54512 1.95718e-07
1.54797 1.94408e-07
1.55083 1.93331e-07
1.55369 1.91916e-07
1.55656 1.90945e-07
1.55944 1.89352e-07
1.56231 1.8855e-07
1.5652 1.86974e-07
1.56809 1.86161e-07
1.57099 1.84582e-07
1.57389 1.83771e-07
1.57679 1.82222e-07
1.5797 1.81412e-07
1.58262 1.79912e-07
1.58554 1.79119e-07
1.58847 1.77727e-07
1.59141 1.7691e-07
1.59434 1.75531e-07
1.59729 1.74704e-07
1.60024 1.73331e-07
1.60319 1.72475e-07
1.60615 1.71112e-07
1.60912 1.7024e-07
1.61209 1.68899e-07
1.61507 1.68007e-07
1.61805 1.66691e-07
1.62104 1.65788e-07
1.62403 1.64505e-07
1.62703 1.63601e-07
1.63003 1.62372e-07
1.63304 1.61491e-07
1.63606 1.60349e-07
1.63908 1.59457e-07
1.64211 1.58324e-07
1.64514 1.57399e-07
1.64818 1.56293e-07
1.65122 1.55339e-07
1.65427 1.54275e-07
1.65733 1.5328e-07
1.66039 1.52245e-07
1.66345 1.51215e-07
1.66652 1.50234e-07
1.6696 1.49161e-07
1.67268 1.48241e-07
1.67577 1.47124e-07
1.67887 1.46303e-07
1.68197 1.45133e-07
1.68507 1.44458e-07
1.68819 1.43224e-07
1.6913 1.42599e-07
1.69443 1.41366e-07
1.69756 1.40734e-07
1.70069 1.39509e-07
1.70383 1.38864e-07
1.70698 1.37645e-07
1.71013 1.36985e-07
1.71329 1.35781e-07
1.71645 1.35115e-07
1.71962 1.33929e-07
1.7228 1.33267e-07
1.72598 1.32122e-07
1.72916 1.31465e-07
1.73236 1.30409e-07
1.73556 1.29738e-07
1.73876 1.28686e-07
1.74197 1.28003e-07
1.74519 1.26964e-07
1.74841 1.26262e-07
1.75164 1.25236e-07
1.75487 1.24514e-07
1.75812 1.23501e-07
1.76136 1.22768e-07
1.76461 1.21783e-07
1.76787 1.2103e-07
1.77114 1.20072e-07
1.77441 1.19316e-07
1.77768 1.18409e-07
1.78097 1.17681e-07
1.78426 1.16841e-07
1.78755 1.1609e-07
1.79085 1.15267e-07
1.79416 1.14482e-07
1.79747 1.13696e-07
1.80079 1.12874e-07
1.80412 1.12116e-07
1.80745 1.11246e-07
1.81079 1.10535e-07
1.81413 1.09605e-07
1.81748 1.08965e-07
1.82084 1.07908e-07
1.8242 1.07405e-07
1.82757 1.06379e-07
1.83094 1.05888e-07
1.83432 1.04945e-07
1.83771 1.04446e-07
1.8411 1.03509e-07
1.8445 1.02996e-07
1.84791 1.02062e-07
1.85132 1.01546e-07
1.85474 1.00619e-07
1.85816 1.0009e-07
1.8616 9.91789e-08
1.86503 9.86476e-08
1.86848 9.77416e-08
1.87193 9.71979e-08
1.87538 9.63126e-08
1.87885 9.5768e-08
1.88232 9.49067e-08
1.88579 9.43837e-08
1.88928 9.36002e-08
1.89276 9.30596e-08
1.89626 9.22837e-08
1.89976 9.17271e-08
1.90327 9.09577e-08
1.90678 9.03933e-08
1.9103 8.96338e-08
1.91383 8.90491e-08
1.91737 8.83046e-08
1.92091 8.77052e-08
1.92445 8.69782e-08
1.92801 8.63581e-08
1.93157 8.56662e-08
1.93514 8.5036e-08
1.93871 8.43822e-08
1.94229 8.37758e-08
1.94588 8.31838e-08
1.94947 8.25443e-08
1.95307 8.19813e-08
1.95667 8.13005e-08
1.96029 8.07753e-08
1.96391 8.00159e-08
1.96753 7.95671e-08
1.97117 7.87574e-08
1.97481 7.83573e-08
1.97845 7.75538e-08
1.98211 7.7155e-08
1.98577 7.63634e-08
1.98943 7.59673e-08
1.99311 7.51962e-08
1.99679 7.48174e-08
2.00048 7.41144e-08
2.00417 7.37254e-08
2.00787 7.30352e-08
2.01158 7.26411e-08
2.01529 7.19548e-08
2.01902 7.15468e-08
2.02274 7.08708e-08
2.02648 7.04616e-08
2.03022 6.97866e-08
2.03397 6.93679e-08
2.03773 6.87075e-08
2.04149 6.82807e-08
2.04526 6.76364e-08
2.04904 6.72076e-08
2.05282 6.65798e-08
2.05661 6.61658e-08
2.06041 6.55951e-08
2.06421 6.51664e-08
2.06802 6.46031e-08
2.07184 6.41608e-08
2.07567 6.36114e-08
2.0795 6.3148e-08
2.08334 6.26111e-08
2.08719 6.21339e-08
2.09104 6.16134e-08
2.0949 6.11184e-08
2.09877 6.06194e-08
2.10265 6.01079e-08
2.10653 5.96352e-08
2.11042 5.91019e-08
2.11432 5.86751e-08
2.11822 5.8146e-08
2.12213 5.77792e-08
2.12605 5.71735e-08
2.12998 5.68826e-08
2.13391 5.62804e-08
2.13785 5.59831e-08
2.1418 5.53857e-08
2.14576 5.50843e-08
2.14972 5.44909e-08
2.15369 5.41827e-08
2.15766 5.35976e-08
2.16165 5.32856e-08
2.16564 5.27081e-08
2.16964 5.24011e-08
2.17365 5.18365e-08
2.17766 5.15413e-08
2.18168 5.10311e-08
2.18571 5.07288e-08
2.18975 5.02308e-08
2.19379 4.99184e-08
2.19784 4.94224e-08
2.2019 4.91055e-08
2.20597 4.86181e-08
2.21004 4.82926e-08
2.21412 4.78129e-08
2.21821 4.74791e-08
2.2223 4.70065e-08
2.22641 4.66666e-08
2.23052 4.62087e-08
2.23464 4.58637e-08
2.23876 4.54248e-08
2.2429 4.50956e-08
2.24704 4.46947e-08
2.25119 4.43558e-08
2.25535 4.3966e-08
2.25951 4.36138e-08
2.26368 4.3235e-08
2.26786 4.2867e-08
2.27205 4.25061e-08
2.27625 4.21177e-08
2.28045 4.17762e-08
2.28466 4.1365e-08
2.28888 4.10502e-08
2.29311 4.05974e-08
2.29734 4.03303e-08
2.30158 3.98437e-08
2.30583 3.9629e-08
2.31009 3.91872e-08
2.31436 3.89724e-08
2.31863 3.85369e-08
2.32291 3.83183e-08
2.3272 3.78876e-08
2.3315 3.76632e-08
2.33581 3.72349e-08
2.34012 3.70062e-08
2.34444 3.65805e-08
2.34877 3.63486e-08
2.35311 3.59291e-08
2.35745 3.56924e-08
2.36181 3.52819e-08
2.36617 3.50474e-08
2.37054 3.46486e-08
2.37491 3.44226e-08
2.3793 3.40629e-08
2.38369 3.38353e-08
2.38809 3.34876e-08
2.3925 3.32539e-08
2.39692 3.29096e-08
2.40135 3.26686e-08
2.40578 3.23313e-08
2.41023 3.20823e-08
2.41468 3.17524e-08
2.41914 3.14951e-08
2.4236 3.11745e-08
2.42808 3.09119e-08
2.43256 3.06014e-08
2.43705 3.03332e-08
2.44155 3.00409e-08
2.44606 2.97801e-08
2.45058 2.95142e-08
2.4551 2.92451e-08
2.45964 2.89957e-08
2.46418 2.8711e-08
2.46873 2.84746e-08
2.47329 2.81666e-08
2.47786 2.79524e-08
2.48243 2.7594e-08
2.48702 2.74308e-08
2.49161 2.70763e-08
2.49621 2.69128e-08
2.50082 2.65627e-08
2.50544 2.6398e-08
2.51006 2.6058e-08
2.5147 2.59023e-08
2.51934 2.55941e-08
2.52399 2.5436e-08
2.52866 2.51398e-08
2.53333 2.49793e-08
2.538 2.46837e-08
2.54269 2.45212e-08
2.54739 2.42269e-08
2.55209 2.4059e-08
2.5568 2.37711e-08
2.56152 2.35976e-08
2.56625 2.33142e-08
2.57099 2.31402e-08
2.57574 2.28611e-08
2.5805 2.26862e-08
2.58526 2.24177e-08
2.59004 2.22487e-08
2.59482 2.2002e-08
2.59961 2.18332e-08
2.60441 2.15956e-08
2.60922 2.14201e-08
2.61404 2.11884e-08
2.61886 2.10056e-08
2.6237 2.07791e-08
2.62855 2.05894e-08
2.6334 2.03689e-08
2.63826 2.01737e-08
2.64313 1.99633e-08
2.64801 1.97579e-08
2.6529 1.95591e-08
2.6578 1.93483e-08
2.66271 1.91659e-08
2.66763 1.89584e-08
2.67255 1.87995e-08
2.67749 1.85799e-08
2.68243 1.84443e-08
2.68739 1.81991e-08
2.69235 1.80859e-08
2.69732 1.78433e-08
2.7023 1.77278e-08
2.70729 1.74855e-08
2.71229 1.73687e-08
2.7173 1.71308e-08
2.72232 1.70117e-08
2.72735 1.67777e-08
2.73238 1.66602e-08
2.73743 1.64321e-08
2.74248 1.63204e-08
2.74755 1.61108e-08
2.75262 1.5999e-08
2.7577 1.57993e-08
2.7628 1.56849e-08
2.7679 1.54873e-08
2.77301 1.53704e-08
2.77813 1.51751e-08
2.78326 1.50537e-08
2.7884 1.48612e-08
2.79355 1.4738e-08
2.79871 1.45496e-08
2.80387 1.44219e-08
2.80905 1.42383e-08
2.81424 1.41106e-08
2.81944 1.39348e-08
2.82464 1.38116e-08
2.82986 1.3652e-08
2.83508 1.35279e-08
2.84032 1.33784e-08
2.84556 1.32495e-08
2.85082 1.31037e-08
2.85608 1.29685e-08
2.86136 1.28282e-08
2.86664 1.26867e-08
2.87193 1.25537e-08
2.87724 1.24029e-08
2.88255 1.22798e-08
2.88787 1.21185e-08
2.89321 1.20083e-08
2.89855 1.18193e-08
2.9039 1.17446e-08
2.90926 1.15734e-08
2.91464 1.15e-08
2.92002 1.13387e-08
2.92541 1.12623e-08
2.93081 1.11031e-08
2.93623 1.10249e-08
2.94165 1.08664e-08
2.94708 1.07872e-08
2.95252 1.06293e-08
2.95797 1.05476e-08
2.96344 1.03926e-08
2.96891 1.03107e-08
2.97439 1.01576e-08
2.97988 1.00749e-08
2.98539 9.92757e-09
2.9909 9.84923e-09
2.99642 9.71456e-09
3.00195 9.63756e-09
3.0075 9.51051e-09
3.01305 9.43171e-09
3.01862 9.30616e-09
3.02419 9.22451e-09
3.02977 9.10184e-09
3.03537 9.01734e-09
3.04097 8.89705e-09
3.04659 8.81024e-09
3.05222 8.69392e-09
3.05785 8.60393e-09
3.0635 8.49147e-09
3.06916 8.4008e-09
3.07482 8.29499e-09
3.0805 8.20661e-09
3.08619 8.11046e-09
3.09189 8.02233e-09
3.0976 7.93335e-09
3.10332 7.84038e-09
3.10905 7.75696e-09
3.11479 7.6569e-09
3.12054 7.57923e-09
3.1263 7.46953e-09
3.13208 7.40176e-09
3.13786 7.27778e-09
3.14365 7.22473e-09
3.14946 7.10243e-09
3.15528 7.04976e-09
3.1611 6.93001e-09
3.16694 6.88027e-09
3.17279 6.77107e-09
3.17865 6.72237e-09
3.18452 6.62102e-09
3.1904 6.57072e-09
3.19629 6.47053e-09
3.20219 6.41898e-09
3.2081 6.31944e-09
3.21403 6.2663e-09
3.21996 6.16819e-09
3.22591 6.11463e-09
3.23187 6.01733e-09
3.23783 5.96267e-09
3.24381 5.86793e-09
3.2498 5.81247e-09
3.2558 5.72118e-09
3.26182 5.66845e-09
3.26784 5.58562e-09
3.27387 5.53409e-09
3.27992 5.45727e-09
3.28598 5.40353e-09
3.29204 5.32849e-09
3.29812 5.27288e-09
3.30421 5.1996e-09
3.31031 5.14212e-09
3.31643 5.07021e-09
3.32255 5.01038e-09
3.32869 4.94161e-09
3.33483 4.87989e-09
3.34099 4.81438e-09
3.34716 4.75023e-09
3.35334 4.69032e-09
3.35953 4.62679e-09
3.36574 4.57496e-09
3.37195 4.5111e-09
3.37818 4.46597e-09
3.38442 4.39226e-09
3.39067 4.35745e-09
3.39693 4.28074e-09
3.4032 4.24818e-09
3.40949 4.17177e-09
3.41578 4.13847e-09
3.42209 4.06354e-09
3.42841 4.02969e-09
3.43474 3.9558e-09
3.44108 3.92224e-09
3.44744 3.84996e-09
3.4538 3.81792e-09
3.46018 3.75217e-09
3.46657 3.72113e-09
3.47297 3.66222e-09
3.47939 3.63006e-09
3.48581 3.57135e-09
3.49225 3.53869e-09
3.4987 3.48062e-09
3.50516 3.44691e-09
3.51163 3.38989e-09
3.51811 3.35511e-09
3.52461 3.29906e-09
3.53112 3.26364e-09
3.53764 3.20918e-09
3.54417 3.17356e-09
3.55072 3.12124e-09
3.55727 3.08694e-09
3.56384 3.03988e-09
3.57042 3.00682e-09
3.57702 2.96373e-09
3.58362 2.92929e-09
3.59024 2.88771e-09
3.59687 2.85143e-09
3.60351 2.8111e-09
3.61017 2.77319e-09
3.61683 2.7347e-09
3.62351 2.69456e-09
3.6302 2.65839e-09
3.63691 2.61573e-09
3.64362 2.58288e-09
3.65035 2.53685e-09
3.65709 2.50951e-09
3.66384 2.4599e-09
3.67061 2.44132e-09
3.67739 2.39679e-09
3.68418 2.37766e-09
3.69098 2.33324e-09
3.6978 2.31375e-09
3.70463 2.26954e-09
3.71147 2.24986e-09
3.71832 2.20602e-09
3.72519 2.18581e-09
3.73207 2.14249e-09
3.73896 2.12184e-09
3.74586 2.07949e-09
3.75278 2.0589e-09
3.75971 2.01771e-09
3.76665 1.99798e-09
3.77361 1.96053e-09
3.78058 1.94189e-09
3.78756 1.90892e-09
3.79455 1.88962e-09
3.80156 1.85711e-09
3.80858 1.83715e-09
3.81561 1.80515e-09
3.82266 1.78464e-09
3.82972 1.75318e-09
3.83679 1.73199e-09
3.84387 1.70131e-09
3.85097 1.67985e-09
3.85808 1.65002e-09
3.86521 1.62789e-09
3.87234 1.59978e-09
3.87949 1.57823e-09
3.88666 1.55324e-09
3.89384 1.53278e-09
3.90103 1.5106e-09
3.90823 1.48901e-09
3.91545 1.46792e-09
3.92268 1.44472e-09
3.92992 1.42517e-09
3.93718 1.40007e-09
3.94445 1.38223e-09
3.95173 1.35346e-09
3.95903 1.33958e-09
3.96634 1.30911e-09
3.97366 1.29735e-09
3.981 1.26751e-09
3.98835 1.25632e-09
3.99572 1.22894e-09
4.0031 1.21853e-09
4.01049 1.19467e-09
4.01789 1.18393e-09
4.02531 1.16036e-09
4.03275 1.14931e-09
4.04019 1.12593e-09
4.04765 1.1146e-09
4.05513 1.09151e-09
4.06262 1.07983e-09
4.07012 1.0571e-09
4.07763 1.04518e-09
4.08516 1.02289e-09
4.09271 1.01106e-09
4.10027 9.89484e-10
4.10784 9.78076e-10
4.11542 9.58437e-10
4.12302 9.47838e-10
4.13064 9.30822e-10
4.13826 9.19934e-10
4.14591 9.0326e-10
4.15356 8.91808e-10
4.16123 8.75502e-10
4.16892 8.63598e-10
4.17661 8.4775e-10
4.18433 8.35428e-10
4.19205 8.20073e-10
4.19979 8.07279e-10
4.20755 7.92608e-10
4.21532 7.79334e-10
4.2231 7.65944e-10
4.2309 7.52747e-10
4.23871 7.41082e-10
4.24654 7.28709e-10
4.25438 7.18945e-10
4.26224 7.05301e-10
4.27011 6.96775e-10
4.278 6.80761e-10
4.2859 6.74515e-10
4.29381 6.58633e-10
4.30174 6.52245e-10
4.30968 6.36554e-10
4.31764 6.30115e-10
4.32561 6.14618e-10
4.3336 6.08182e-10
4.3416 5.93013e-10
4.34962 5.86911e-10
4.35765 5.72898e-10
4.3657 5.67367e-10
4.37376 5.55516e-10
4.38184 5.49789e-10
4.38993 5.3802e-10
4.39804 5.32045e-10
4.40616 5.205e-10
4.41429 5.14324e-10
4.42245 5.02854e-10
4.43061 4.96566e-10
4.43879 4.85344e-10
4.44699 4.78869e-10
4.4552 4.67907e-10
4.46343 4.61351e-10
4.47167 4.50858e-10
4.47993 4.4454e-10
4.4882 4.34983e-10
4.49649 4.29302e-10
4.50479 4.2128e-10
4.51311 4.15367e-10
4.52144 4.07581e-10
4.52979 4.01287e-10
4.53816 3.93777e-10
4.54654 3.87184e-10
4.55493 3.79939e-10
4.56335 3.73013e-10
4.57177 3.66226e-10
4.58021 3.58818e-10
4.58867 3.5257e-10
4.59715 3.44675e-10
4.60564 3.39281e-10
4.61414 3.30734e-10
4.62266 3.26969e-10
4.6312 3.19299e-10
4.63975 3.16325e-10
4.64832 3.08666e-10
4.6569 3.0565e-10
4.6655 2.98029e-10
4.67411 2.94917e-10
4.68275 2.87361e-10
4.69139 2.84187e-10
4.70006 2.767e-10
4.70874 2.73446e-10
4.71743 2.66124e-10
4.72614 2.62885e-10
4.73487 2.55757e-10
4.74361 2.52607e-10
4.75237 2.46039e-10
4.76115 2.43335e-10
4.76994 2.37937e-10
4.77875 2.35116e-10
4.78757 2.29802e-10
4.79641 2.26875e-10
4.80527 2.21654e-10
4.81414 2.18632e-10
4.82303 2.13465e-10
4.83194 2.1033e-10
4.84086 2.0534e-10
4.8498 2.02107e-10
4.85876 1.97242e-10
4.86773 1.93951e-10
4.87672 1.8935e-10
4.88572 1.86056e-10
4.89475 1.81942e-10
4.90378 1.79103e-10
4.91284 1.75747e-10
4.92191 1.72706e-10
4.931 1.69517e-10
4.94011 1.66286e-10
4.94923 1.63257e-10
4.95837 1.59772e-10
4.96752 1.57e-10
4.9767 1.53137e-10
4.98589 1.50749e-10
4.99509 1.46135e-10
5.00432 1.44551e-10
5.01356 1.40028e-10
5.02282 1.38502e-10
5.03209 1.34248e-10
5.04138 1.32933e-10
5.05069 1.29587e-10
5.06002 1.28214e-10
5.06936 1.24901e-10
5.07873 1.23485e-10
5.0881 1.2019e-10
5.0975 1.18757e-10
5.10691 1.15485e-10
5.11634 1.14001e-10
5.12579 1.10784e-10
5.13526 1.09269e-10
5.14474 1.06121e-10
5.15424 1.04576e-10
5.16376 1.01517e-10
5.17329 1.00023e-10
5.18285 9.71943e-11
5.19242 9.59313e-11
5.202 9.37178e-11
5.21161 9.24012e-11
5.22123 9.02141e-11
5.23088 8.88362e-11
5.24054 8.67022e-11
5.25021 8.52735e-11
5.25991 8.31691e-11
5.26962 8.16776e-11
5.27935 7.9667e-11
5.2891 7.81107e-11
5.29887 7.61731e-11
5.30865 7.45649e-11
5.31846 7.27666e-11
5.32828 7.11236e-11
5.33812 6.95657e-11
5.34797 6.81877e-11
5.35785 6.69841e-11
5.36774 6.54795e-11
5.37765 6.43934e-11
5.38758 6.26852e-11
5.39753 6.17877e-11
5.4075 5.98693e-11
5.41749 5.91788e-11
5.42749 5.728e-11
5.43751 5.65837e-11
5.44755 5.47017e-11
5.45761 5.40103e-11
5.46769 5.21726e-11
5.47779 5.15002e-11
5.4879 4.9753e-11
5.49804 4.92019e-11
5.50819 4.78771e-11
5.51836 4.73005e-11
5.52855 4.59923e-11
5.53876 4.53959e-11
5.54899 4.40991e-11
5.55923 4.34812e-11
5.5695 4.22031e-11
5.57979 4.15609e-11
5.59009 4.03052e-11
5.60041 3.96478e-11
5.61075 3.84208e-11
5.62111 3.77528e-11
5.63149 3.65688e-11
5.64189 3.59089e-11
5.65231 3.48138e-11
5.66275 3.42802e-11
5.67321 3.34697e-11
5.68368 3.29089e-11
5.69418 3.21218e-11
5.70469 3.15338e-11
5.71523 3.07693e-11
5.72578 3.01479e-11
5.73635 2.94134e-11
5.74695 2.87601e-11
5.75756 2.80582e-11
5.76819 2.73612e-11
5.77884 2.6718e-11
5.78951 2.59786e-11
5.8002 2.54021e-11
5.81092 2.46088e-11
5.82165 2.41743e-11
5.8324 2.34425e-11
5.84317 2.31966e-11
5.85396 2.24769e-11
5.86477 2.22243e-11
5.8756 2.15085e-11
5.88645 2.12455e-11
5.89732 2.05357e-11
5.90821 2.02673e-11
5.91912 1.95655e-11
5.93005 1.92912e-11
5.941 1.85983e-11
5.95197 1.83214e-11
5.96296 1.76463e-11
5.97397 1.73798e-11
5.985 1.67394e-11
5.99605 1.65219e-11
6.00713 1.60481e-11
6.01822 1.58237e-11
6.02933 1.53666e-11
6.04047 1.51371e-11
6.05162 1.46809e-11
6.06279 1.444e-11
6.07399 1.3995e-11
6.08521 1.37444e-11
6.09644 1.33105e-11
6.1077 1.30519e-11
6.11898 1.26279e-11
6.13028 1.23631e-11
6.1416 1.19612e-11
6.15294 1.16954e-11
6.1643 1.13295e-11
6.17569 1.11137e-11
6.18709 1.08416e-11
6.19851 1.06207e-11
6.20996 1.03687e-11
6.22143 1.01322e-11
6.23292 9.89038e-12
6.24443 9.63634e-12
6.25596 9.41231e-12
6.26751 9.13434e-12
6.27908 8.93401e-12
6.29068 8.62246e-12
6.30229 8.46135e-12
6.31393 8.10444e-12
6.32559 7.99767e-12
6.33727 7.65583e-12
6.34897 7.56933e-12
6.3607 7.31763e-12
6.37244 7.23198e-12
6.38421 6.9936e-12
6.396 6.9029e-12
6.40781 6.66753e-12
6.41964 6.57458e-12
6.4315 6.3408e-12
6.44338 6.24481e-12
6.45527 6.01237e-12
6.46719 5.91385e-12
6.47914 5.68689e-12
6.4911 5.58657e-12
6.50309 5.36675e-12
6.5151 5.26945e-12
6.52713 5.06197e-12
6.53918 4.98363e-12
6.55126 4.83021e-12
6.56335 4.75317e-12
6.57547 4.61068e-12
6.58761 4.5288e-12
6.59978 4.38879e-12
6.61197 4.30407e-12
6.62418 4.16703e-12
6.63641 4.07812e-12
6.64866 3.94517e-12
6.66094 3.85115e-12
6.67324 3.72491e-12
6.68556 3.62784e-12
6.69791 3.50842e-12
6.71028 3.40969e-12
6.72267 3.30608e-12
6.73508 3.22528e-12
6.74752 3.14878e-12
6.75998 3.06728e-12
6.77246 3.00003e-12
6.78497 2.90916e-12
6.7975 2.85007e-12
6.81005 2.7356e-12
6.82263 2.69991e-12
6.83522 2.58622e-12
6.84785 2.55015e-12
6.86049 2.43774e-12
6.87316 2.4011e-12
6.88585 2.29141e-12
6.89857 2.25582e-12
6.91131 2.15097e-12
6.92407 2.12283e-12
6.93686 2.04646e-12
6.94967 2.0192e-12
6.9625 1.95001e-12
6.97536 1.92147e-12
6.98824 1.85298e-12
7.00114 1.82317e-12
7.01407 1.75569e-12
7.02702 1.72509e-12
7.04 1.65844e-12
7.053 1.62671e-12
7.06602 1.56153e-12
7.07907 1.52918e-12
7.09214 1.46597e-12
7.10524 1.43412e-12
7.11836 1.37561e-12
7.1315 1.34959e-12
7.14467 1.30583e-12
7.15787 1.28078e-12
7.17108 1.2419e-12
7.18433 1.21514e-12
7.19759 1.17717e-12
7.21088 1.14934e-12
7.2242 1.1126e-12
7.23754 1.08277e-12
7.2509 1.04767e-12
7.26429 1.01594e-12
7.27771 9.8301e-13
7.29115 9.49697e-13
7.30461 9.20031e-13
7.3181 8.84315e-13
7.33161 8.60952e-13
7.34515 8.30668e-13
7.35872 8.15719e-13
7.3723 7.84358e-13
7.38592 7.74577e-13
7.39956 7.43264e-13
7.41322 7.33187e-13
7.42691 7.02009e-13
7.44062 6.91623e-13
7.45436 6.60699e-13
7.46813 6.50073e-13
7.48192 6.19505e-13
7.49574 6.08628e-13
7.50958 5.7891e-13
7.52345 5.68288e-13
7.53734 5.40013e-13
7.55126 5.31481e-13
7.5652 5.1063e-13
7.57917 5.02841e-13
7.59317 4.84691e-13
7.60719 4.76495e-13
7.62124 4.58606e-13
7.63531 4.49962e-13
7.64941 4.32319e-13
7.66353 4.23372e-13
7.67769 4.06116e-13
7.69186 3.96798e-13
7.70607 3.79969e-13
7.7203 3.70286e-13
7.73455 3.5423e-13
7.74884 3.44555e-13
7.76315 3.29933e-13
7.77748 3.22179e-13
7.79184 3.11308e-13
7.80623 3.04112e-13
7.82065 2.9496e-13
7.83509 2.87282e-13
7.84956 2.78535e-13
7.86405 2.70208e-13
7.87857 2.62005e-13
7.89312 2.52972e-13
7.9077 2.45427e-13
7.9223 2.35393e-13
7.93693 2.28912e-13
7.95158 2.16868e-13
7.96627 2.12797e-13
7.98098 2.00394e-13
7.99572 1.97746e-13
8.01048 1.88574e-13
8.02527 1.86187e-13
8.04009 1.78579e-13
8.05494 1.76075e-13
8.06981 1.6852e-13
8.08472 1.65918e-13
8.09965 1.58417e-13
8.1146 1.55715e-13
8.12959 1.48271e-13
8.1446 1.45452e-13
8.15964 1.38173e-13
8.17471 1.35325e-13
8.1898 1.28169e-13
8.20492 1.25378e-13
8.22008 1.18666e-13
8.23526 1.16439e-13
8.25046 1.11473e-13
8.2657 1.09513e-13
8.28096 1.05443e-13
8.29625 1.03383e-13
8.31157 9.93822e-14
8.32692 9.72122e-14
8.3423 9.32908e-14
8.3577 9.09961e-14
8.37314 8.71734e-14
8.3886 8.47556e-14
8.40409 8.10617e-14
8.41961 7.85634e-14
8.43516 7.50721e-14
8.45073 7.24941e-14
8.46634 6.93791e-14
8.48197 6.72446e-14
8.49763 6.50125e-14
8.51333 6.31003e-14
8.52905 6.13501e-14
8.5448 5.92346e-14
8.56057 5.766e-14
8.57638 5.52446e-14
8.59222 5.3954e-14
8.60809 5.10331e-14
8.62398 5.02296e-14
8.63991 4.7341e-14
8.65586 4.65225e-14
8.67185 4.36804e-14
8.68786 4.28833e-14
8.7039 4.01469e-14
8.71997 3.95231e-14
8.73608 3.74765e-14
8.75221 3.69459e-14
8.76837 3.53586e-14
8.78456 3.47951e-14
8.80078 3.32261e-14
8.81704 3.26365e-14
8.83332 3.10782e-14
8.84963 3.04578e-14
8.86597 2.8917e-14
8.88234 2.8271e-14
8.89874 2.67627e-14
8.91518 2.60952e-14
8.93164 2.46334e-14
8.94813 2.39655e-14
8.96466 2.25962e-14
8.98121 2.20643e-14
8.9978 2.10442e-14
9.01441 2.06093e-14
9.03106 1.98233e-14
9.04773 1.93604e-14
9.06444 1.85956e-14
9.08118 1.8101e-14
9.09795 1.73576e-14
9.11475 1.68246e-14
9.13158 1.61176e-14
9.14844 1.55467e-14
9.16534 1.48744e-14
9.18226 1.42655e-14
9.19922 1.36506e-14
9.2162 1.29999e-14
9.23322 1.24997e-14
9.25027 1.19392e-14
9.26736 1.16126e-14
9.28447 1.11105e-14
9.30161 1.0918e-14
9.31879 1.0364e-14
9.336 1.02171e-14
9.35324 9.66457e-15
9.37051 9.51113e-15
9.38781 8.96229e-15
9.40515 8.80304e-15
9.42252 8.25695e-15
9.43992 8.09295e-15
9.45735 7.55956e-15
9.47481 7.39754e-15
9.49231 6.88579e-15
9.50984 6.75556e-15
9.5274 6.36674e-15
9.54499 6.26307e-15
9.56262 5.98315e-15
9.58027 5.87281e-15
9.59797 5.59566e-15
9.61569 5.48074e-15
9.63345 5.20596e-15
9.65123 5.08435e-15
9.66906 4.81445e-15
9.68691 4.6845e-15
9.7048 4.42152e-15
9.72272 4.28818e-15
9.74067 4.03418e-15
9.75866 3.89732e-15
9.77668 3.66291e-15
9.79474 3.55117e-15
9.81282 3.37771e-15
9.83094 3.29261e-15
9.8491 3.16927e-15
9.86728 3.07734e-15
9.88551 2.95952e-15
9.90376 2.85982e-15
9.92205 2.74783e-15
9.94037 2.63794e-15
9.95873 2.53468e-15
9.97712 2.41301e-15
9.99554 2.32163e-15
10.014 2.18415e-15
10.0325 2.11144e-15
10.051 1.94345e-15
10.0696 1.91379e-15
10.0882 1.78278e-15
10.1068 1.76004e-15
10.1255 1.67175e-15
10.1442 1.64779e-15
10.1629 1.5596e-15
10.1817 1.53436e-15
10.2005 1.44633e-15
10.2193 1.42e-15
10.2382 1.33257e-15
10.2571 1.30516e-15
10.276 1.21866e-15
10.295 1.19005e-15
10.314 1.10536e-15
10.333 1.0769e-15
10.3521 9.95827e-16
10.3712 9.72219e-16
10.3904 9.09874e-16
10.4096 8.92936e-16
10.4288 8.52112e-16
10.4481 8.33946e-16
10.4674 7.93756e-16
10.4867 7.74536e-16
10.5061 7.34815e-16
10.5255 7.14251e-16
10.5449 6.75569e-16
10.5644 6.5359e-16
10.5839 6.16105e-16
10.6034 5.93028e-16
10.623 5.57374e-16
10.6426 5.33173e-16
10.6623 5.0098e-16
10.682 4.80389e-16
10.7017 4.56802e-16
10.7214 4.421e-16
10.7412 4.26936e-16
10.7611 4.10554e-16
10.7809 3.96682e-16
10.8008 3.78218e-16
10.8208 3.66219e-16
10.8408 3.44222e-16
10.8608 3.35503e-16
10.8809 3.10539e-16
10.9009 3.04756e-16
10.9211 2.8006e-16
10.9412 2.74341e-16
10.9614 2.50351e-16
10.9817 2.45625e-16
11.002 2.26549e-16
11.0223 2.23388e-16
11.0426 2.11604e-16
11.063 2.08171e-16
11.0835 1.96481e-16
11.1039 1.92886e-16
11.1244 1.81232e-16
11.145 1.77458e-16
11.1655 1.65895e-16
11.1862 1.61869e-16
11.2068 1.50486e-16
11.2275 1.46243e-16
11.2483 1.35101e-16
11.269 1.30812e-16
11.2898 1.20227e-16
11.3107 1.16603e-16
11.3316 1.08285e-16
11.3525 1.05925e-16
11.3735 1.01007e-16
11.3945 9.84745e-17
11.4155 9.36476e-17
11.4366 9.0907e-17
11.4577 8.62086e-17
11.4789 8.32636e-17
11.5001 7.87041e-17
11.5213 7.55255e-17
11.5426 7.12003e-17
11.5639 6.77168e-17
11.5852 6.37242e-17
11.6066 6.00174e-17
11.6281 5.65395e-17
11.6495 5.31432e-17
11.671 5.08262e-17
11.6926 4.85163e-17
11.7142 4.72836e-17
11.7358 4.43274e-17
11.7575 4.37037e-17
11.7792 4.07531e-17
11.801 4.00897e-17
11.8227 3.7153e-17
11.8446 3.64559e-17
11.8664 3.35307e-17
11.8884 3.2806e-17
11.9103 2.99154e-17
11.9323 2.91674e-17
11.9543 2.63757e-17
11.9764 2.57472e-17
11.9985 2.34682e-17
12.0207 2.30941e-17
12.0429 2.18556e-17
12.0651 2.14591e-17
12.0874 2.02279e-17
12.1097 1.97984e-17
12.1321 1.85784e-17
12.1545 1.81223e-17
12.1769 1.69218e-17
12.1994 1.64353e-17
12.2219 1.52553e-17
12.2445 1.47419e-17
12.2671 1.35892e-17
12.2898 1.30542e-17
12.3125 1.19711e-17
12.3352 1.15008e-17
12.358 1.06331e-17
12.3808 1.03534e-17
12.4037 9.87845e-18
12.4266 9.56938e-18
12.4495 9.11296e-18
12.4725 8.77553e-18
12.4955 8.34314e-18
12.5186 7.96786e-18
12.5417 7.56349e-18
12.5649 7.14641e-18
12.5881 6.78019e-18
12.6113 6.30859e-18
12.6346 5.99988e-18
12.658 5.4474e-18
12.6813 5.24693e-18
12.7048 4.69426e-18
12.7282 4.6385e-18
12.7517 4.35954e-18
12.7753 4.29995e-18
12.7989 4.02093e-18
12.8225 3.9574e-18
12.8462 3.67923e-18
12.8699 3.61127e-18
12.8937 3.33434e-18
12.9175 3.26286e-18
12.9413 2.98747e-18
12.9652 2.91081e-18
12.9892 2.6393e-18
13.0131 2.56186e-18
13.0372 2.29809e-18
13.0612 2.22861e-18
13.0854 2.00733e-18
13.1095 1.96989e-18
13.1337 1.8607e-18
13.158 1.82058e-18
13.1823 1.71274e-18
13.2066 1.66948e-18
13.231 1.56333e-18
13.2555 1.5167e-18
13.2799 1.41213e-18
13.3045 1.36178e-18
13.329 1.26032e-18
13.3536 1.20597e-18
13.3783 1.10815e-18
13.403 1.051e-18
13.4277 9.59763e-19
13.4525 9.05796e-19
13.4774 8.34001e-19
13.5023 8.05849e-19
13.5272 7.7147e-19
13.5522 7.4023e-19
13.5772 7.0845e-19
13.6023 6.72768e-19
13.6274 6.44607e-19
13.6526 6.02769e-19
13.6778 5.80145e-19
13.703 5.25272e-19
13.7283 5.15257e-19
13.7537 4.60704e-19
13.7791 4.50457e-19
13.8045 3.96819e-19
13.83 3.87542e-19
13.8556 3.40338e-19
13.8811 3.35848e-19
13.9068 3.14944e-19
13.9325 3.10131e-19
13.9582 2.89248e-19
13.984 2.83979e-19
14.0098 2.63309e-19
14.0357 2.57672e-19
14.0616 2.37051e-19
14.0875 2.31004e-19
14.1136 2.10657e-19
14.1396 2.04145e-19
14.1657 1.84165e-19
14.1919 1.77499e-19
14.2181 1.57971e-19
14.2443 1.51752e-19
14.2706 1.34844e-19
14.297 1.31861e-19
14.3234 1.24545e-19
14.3499 1.21315e-19
14.3763 1.141e-19
14.4029 1.10577e-19
14.4295 1.03574e-19
14.4561 9.97183e-20
14.4828 9.29128e-20
14.5096 8.87472e-20
14.5364 8.21649e-20
14.5632 7.76163e-20
14.5901 7.14289e-20
14.617 6.64242e-20
14.644 6.08331e-20
14.6711 5.57581e-20
14.6982 5.16323e-20
14.7253 4.92229e-20
14.7525 4.76006e-20
14.7797 4.46997e-20
14.807 4.35101e-20
14.8344 3.99836e-20
14.8618 3.93772e-20
14.8892 3.58546e-20
14.9167 3.5201e-20
14.9443 3.16863e-20
14.9719 3.0992e-20
14.9995 2.74997e-20
15.0272 2.67563e-20
15.055 2.33359e-20
15.0828 2.26345e-20
15.1106 1.94899e-20
15.1385 1.91932e-20
15.1665 1.79466e-20
15.1945 1.76202e-20
15.2225 1.63837e-20
15.2506 1.60369e-20
15.2788 1.48061e-20
15.307 1.44301e-20
15.3353 1.32135e-20
15.3636 1.2804e-20
15.392 1.16026e-20
15.4204 1.11655e-20
15.4489 9.98817e-21
15.4774 9.51543e-21
15.506 8.38321e-21
15.5346 7.92419e-21
15.5633 6.92728e-21
15.592 6.77497e-21
15.6208 6.4705e-21
15.6497 6.30354e-21
15.6786 6.00888e-21
15.7075 5.82224e-21
15.7365 5.53872e-21
15.7656 5.3309e-21
15.7947 5.05965e-21
15.8239 4.81682e-21
15.8531 4.56008e-21
15.8824 4.26846e-21
15.9117 4.00083e-21
15.9411 3.56932e-21
15.9705 3.03679e-21
16 0
