# 1:pT 2:PhotonSpectrum=dN/d^2xT d^2pT dy
0.01 548.444
0.0100185 547.224
0.010037 545.739
0.0100555 544.487
0.0100741 542.998
0.0100927 541.719
0.0101113 540.241
0.01013 538.94
0.0101487 537.462
0.0101674 536.12
0.0101862 534.619
0.010205 533.256
0.0102239 531.757
0.0102427 530.379
0.0102617 528.846
0.0102806 527.431
0.0102996 525.867
0.0103186 524.408
0.0103377 522.748
0.0103567 521.305
0.0103759 519.644
0.010395 518.198
0.0104142 516.555
0.0104335 515.059
0.0104527 513.44
0.010472 511.977
0.0104914 510.368
0.0105107 508.879
0.0105301 507.31
0.0105496 505.798
0.0105691 504.241
0.0105886 502.748
0.0106081 501.224
0.0106277 499.75
0.0106474 498.258
0.010667 496.758
0.0106867 495.299
0.0107065 493.8
0.0107262 492.355
0.010746 490.839
0.0107659 489.408
0.0107858 487.862
0.0108057 486.484
0.0108256 484.864
0.0108456 483.56
0.0108656 481.965
0.0108857 480.669
0.0109058 479.067
0.0109259 477.786
0.0109461 476.254
0.0109663 474.943
0.0109866 473.434
0.0110069 472.124
0.0110272 470.603
0.0110476 469.3
0.011068 467.8
0.0110884 466.496
0.0111089 464.999
0.0111294 463.691
0.0111499 462.191
0.0111705 460.9
0.0111912 459.417
0.0112118 458.123
0.0112325 456.669
0.0112533 455.38
0.0112741 453.961
0.0112949 452.651
0.0113157 451.238
0.0113366 449.945
0.0113576 448.557
0.0113785 447.246
0.0113995 445.878
0.0114206 444.557
0.0114417 443.168
0.0114628 441.86
0.011484 440.504
0.0115052 439.187
0.0115264 437.847
0.0115477 436.523
0.011569 435.234
0.0115904 433.907
0.0116118 432.654
0.0116332 431.308
0.0116547 430.068
0.0116762 428.665
0.0116978 427.513
0.0117194 426.084
0.0117411 424.942
0.0117627 423.527
0.0117845 422.384
0.0118062 420.98
0.011828 419.834
0.0118499 418.466
0.0118717 417.301
0.0118937 415.939
0.0119156 414.787
0.0119376 413.473
0.0119597 412.324
0.0119818 411.024
0.0120039 409.868
0.0120261 408.558
0.0120483 407.413
0.0120705 406.104
0.0120928 404.968
0.0121151 403.665
0.0121375 402.53
0.0121599 401.241
0.0121824 400.071
0.0122049 398.809
0.0122274 397.67
0.01225 396.429
0.0122726 395.279
0.0122953 394.075
0.012318 392.914
0.0123407 391.727
0.0123635 390.57
0.0123863 389.383
0.0124092 388.231
0.0124321 387.051
0.0124551 385.88
0.0124781 384.737
0.0125011 383.561
0.0125242 382.424
0.0125473 381.231
0.0125705 380.118
0.0125937 378.912
0.012617 377.848
0.0126403 376.596
0.0126636 375.598
0.012687 374.36
0.0127104 373.355
0.0127339 372.127
0.0127574 371.104
0.012781 369.897
0.0128046 368.866
0.0128282 367.667
0.0128519 366.641
0.0128756 365.443
0.0128994 364.417
0.0129232 363.239
0.0129471 362.22
0.012971 361.059
0.012995 360.042
0.0130189 358.894
0.013043 357.885
0.0130671 356.752
0.0130912 355.746
0.0131154 354.621
0.0131396 353.605
0.0131639 352.499
0.0131882 351.465
0.0132125 350.352
0.0132369 349.35
0.0132614 348.248
0.0132859 347.234
0.0133104 346.156
0.013335 345.129
0.0133596 344.054
0.0133843 343.047
0.013409 342.002
0.0134337 341.001
0.0134585 339.969
0.0134834 338.948
0.0135083 337.94
0.0135332 336.904
0.0135582 335.919
0.0135833 334.863
0.0136083 333.892
0.0136335 332.801
0.0136587 331.885
0.0136839 330.768
0.0137091 329.881
0.0137345 328.773
0.0137598 327.89
0.0137852 326.814
0.0138107 325.932
0.0138362 324.882
0.0138617 323.976
0.0138873 322.928
0.013913 322.025
0.0139387 320.99
0.0139644 320.089
0.0139902 319.06
0.014016 318.151
0.0140419 317.127
0.0140678 316.233
0.0140938 315.196
0.0141198 314.314
0.0141459 313.298
0.014172 312.421
0.0141982 311.426
0.0142244 310.53
0.0142507 309.553
0.014277 308.671
0.0143034 307.706
0.0143298 306.805
0.0143563 305.853
0.0143828 304.941
0.0144093 304.007
0.0144359 303.091
0.0144626 302.152
0.0144893 301.248
0.0145161 300.326
0.0145429 299.413
0.0145697 298.511
0.0145966 297.607
0.0146236 296.726
0.0146506 295.812
0.0146776 294.953
0.0147047 294.021
0.0147319 293.179
0.0147591 292.196
0.0147863 291.415
0.0148136 290.436
0.014841 289.647
0.0148684 288.678
0.0148959 287.884
0.0149234 286.936
0.0149509 286.135
0.0149785 285.198
0.0150062 284.407
0.0150339 283.488
0.0150617 282.704
0.0150895 281.8
0.0151173 281.015
0.0151453 280.118
0.0151732 279.326
0.0152012 278.432
0.0152293 277.637
0.0152574 276.743
0.0152856 275.961
0.0153138 275.075
0.0153421 274.291
0.0153705 273.42
0.0153988 272.619
0.0154273 271.756
0.0154558 270.971
0.0154843 270.122
0.0155129 269.339
0.0155415 268.506
0.0155702 267.712
0.015599 266.882
0.0156278 266.091
0.0156567 265.265
0.0156856 264.475
0.0157145 263.661
0.0157435 262.853
0.0157726 262.063
0.0158017 261.244
0.0158309 260.472
0.0158602 259.647
0.0158894 258.893
0.0159188 258.052
0.0159482 257.342
0.0159776 256.485
0.0160071 255.792
0.0160367 254.942
0.0160663 254.248
0.016096 253.404
0.0161257 252.713
0.0161555 251.886
0.0161853 251.174
0.0162152 250.355
0.0162451 249.649
0.0162751 248.832
0.0163052 248.133
0.0163353 247.328
0.0163655 246.628
0.0163957 245.843
0.016426 245.154
0.0164563 244.365
0.0164867 243.68
0.0165171 242.894
0.0165476 242.207
0.0165782 241.432
0.0166088 240.737
0.0166395 239.966
0.0166702 239.273
0.016701 238.518
0.0167318 237.815
0.0167627 237.072
0.0167937 236.363
0.0168247 235.639
0.0168558 234.939
0.0168869 234.212
0.0169181 233.523
0.0169493 232.813
0.0169806 232.112
0.017012 231.413
0.0170434 230.708
0.0170748 230.021
0.0171064 229.306
0.017138 228.632
0.0171696 227.9
0.0172013 227.242
0.0172331 226.47
0.0172649 225.864
0.0172968 225.098
0.0173287 224.49
0.0173607 223.742
0.0173928 223.132
0.0174249 222.406
0.0174571 221.793
0.0174893 221.07
0.0175216 220.449
0.017554 219.733
0.0175864 219.113
0.0176189 218.403
0.0176514 217.784
0.017684 217.076
0.0177166 216.455
0.0177494 215.752
0.0177821 215.137
0.017815 214.433
0.0178479 213.829
0.0178808 213.142
0.0179138 212.543
0.0179469 211.87
0.0179801 211.253
0.0180133 210.582
0.0180465 209.974
0.0180799 209.313
0.0181132 208.698
0.0181467 208.046
0.0181802 207.419
0.0182138 206.77
0.0182474 206.152
0.0182811 205.51
0.0183149 204.896
0.0183487 204.268
0.0183826 203.64
0.0184165 203.033
0.0184505 202.407
0.0184846 201.817
0.0185187 201.183
0.0185529 200.594
0.0185872 199.948
0.0186215 199.385
0.0186559 198.712
0.0186903 198.168
0.0187248 197.51
0.0187594 196.963
0.0187941 196.301
0.0188288 195.76
0.0188635 195.117
0.0188984 194.565
0.0189333 193.934
0.0189682 193.391
0.0190033 192.763
0.0190384 192.223
0.0190735 191.604
0.0191087 191.06
0.019144 190.442
0.0191794 189.905
0.0192148 189.279
0.0192503 188.743
0.0192858 188.129
0.0193214 187.591
0.0193571 186.982
0.0193929 186.441
0.0194287 185.843
0.0194645 185.299
0.0195005 184.712
0.0195365 184.175
0.0195726 183.602
0.0196087 183.055
0.0196449 182.495
0.0196812 181.95
0.0197175 181.38
0.019754 180.835
0.0197904 180.277
0.019827 179.728
0.0198636 179.176
0.0199003 178.626
0.019937 178.087
0.0199738 177.527
0.0200107 177.007
0.0200477 176.442
0.0200847 175.931
0.0201218 175.344
0.0201589 174.877
0.0201962 174.289
0.0202335 173.819
0.0202708 173.238
0.0203082 172.757
0.0203457 172.188
0.0203833 171.709
0.020421 171.142
0.0204587 170.661
0.0204964 170.097
0.0205343 169.613
0.0205722 169.06
0.0206102 168.585
0.0206483 168.036
0.0206864 167.56
0.0207246 167.023
0.0207629 166.549
0.0208012 166.009
0.0208396 165.541
0.0208781 165.002
0.0209166 164.535
0.0209553 164.003
0.020994 163.519
0.0210327 162.995
0.0210716 162.523
0.0211105 162.002
0.0211495 161.524
0.0211885 161.016
0.0212277 160.531
0.0212669 160.034
0.0213061 159.559
0.0213455 159.071
0.0213849 158.594
0.0214244 158.108
0.0214639 157.624
0.0215036 157.147
0.0215433 156.658
0.0215831 156.191
0.0216229 155.698
0.0216628 155.236
0.0217028 154.727
0.0217429 154.288
0.0217831 153.763
0.0218233 153.342
0.0218636 152.831
0.021904 152.414
0.0219444 151.905
0.0219849 151.491
0.0220255 150.994
0.0220662 150.565
0.022107 150.077
0.0221478 149.65
0.0221887 149.157
0.0222297 148.735
0.0222707 148.249
0.0223118 147.823
0.022353 147.338
0.0223943 146.92
0.0224357 146.433
0.0224771 146.021
0.0225186 145.544
0.0225602 145.13
0.0226018 144.666
0.0226436 144.251
0.0226854 143.793
0.0227273 143.37
0.0227692 142.912
0.0228113 142.493
0.0228534 142.044
0.0228956 141.619
0.0229379 141.179
0.0229803 140.75
0.0230227 140.304
0.0230652 139.881
0.0231078 139.446
0.0231505 139.025
0.0231932 138.598
0.023236 138.176
0.023279 137.763
0.0233219 137.333
0.023365 136.929
0.0234082 136.491
0.0234514 136.091
0.0234947 135.633
0.0235381 135.265
0.0235815 134.802
0.0236251 134.433
0.0236687 133.975
0.0237124 133.605
0.0237562 133.156
0.0238001 132.788
0.023844 132.349
0.0238881 131.98
0.0239322 131.547
0.0239764 131.175
0.0240206 130.751
0.024065 130.381
0.0241094 129.959
0.0241539 129.585
0.0241985 129.162
0.0242432 128.792
0.024288 128.37
0.0243329 128.004
0.0243778 127.584
0.0244228 127.219
0.0244679 126.804
0.0245131 126.431
0.0245583 126.026
0.0246037 125.666
0.0246491 125.271
0.0246946 124.904
0.0247402 124.515
0.0247859 124.141
0.0248317 123.755
0.0248776 123.382
0.0249235 123
0.0249695 122.626
0.0250156 122.247
0.0250618 121.868
0.0251081 121.497
0.0251545 121.12
0.0252009 120.755
0.0252475 120.374
0.0252941 120.016
0.0253408 119.634
0.0253876 119.293
0.0254345 118.891
0.0254814 118.566
0.0255285 118.168
0.0255756 117.844
0.0256229 117.443
0.0256702 117.117
0.0257176 116.727
0.0257651 116.397
0.0258126 116.01
0.0258603 115.681
0.0259081 115.296
0.0259559 114.968
0.0260038 114.59
0.0260518 114.268
0.0261 113.898
0.0261482 113.573
0.0261964 113.203
0.0262448 112.879
0.0262933 112.511
0.0263418 112.187
0.0263905 111.823
0.0264392 111.497
0.026488 111.136
0.0265369 110.805
0.0265859 110.447
0.026635 110.121
0.0266842 109.769
0.0267335 109.442
0.0267829 109.098
0.0268323 108.772
0.0268819 108.43
0.0269315 108.108
0.0269812 107.772
0.0270311 107.446
0.027081 107.112
0.027131 106.782
0.0271811 106.458
0.0272313 106.122
0.0272816 105.804
0.0273319 105.463
0.0273824 105.15
0.027433 104.796
0.0274836 104.506
0.0275344 104.148
0.0275852 103.865
0.0276362 103.517
0.0276872 103.233
0.0277383 102.887
0.0277896 102.603
0.0278409 102.264
0.0278923 101.973
0.0279438 101.634
0.0279954 101.343
0.0280471 101.009
0.0280989 100.721
0.0281508 100.39
0.0282027 100.1
0.0282548 99.7691
0.028307 99.4828
0.0283593 99.1544
0.0284116 98.8751
0.0284641 98.5539
0.0285167 98.2749
0.0285693 97.9562
0.0286221 97.668
0.0286749 97.3543
0.0287279 97.0709
0.0287809 96.7606
0.0288341 96.4714
0.0288873 96.1657
0.0289407 95.873
0.0289941 95.5721
0.0290477 95.2803
0.0291013 94.9802
0.029155 94.6925
0.0292089 94.3969
0.0292628 94.1108
0.0293168 93.826
0.029371 93.536
0.0294252 93.2545
0.0294796 92.9598
0.029534 92.6822
0.0295885 92.3839
0.0296432 92.1154
0.0296979 91.7987
0.0297527 91.5478
0.0298077 91.2341
0.0298627 90.9824
0.0299179 90.6728
0.0299731 90.4185
0.0300285 90.1163
0.0300839 89.8622
0.0301395 89.5675
0.0301951 89.3156
0.0302509 89.0215
0.0303068 88.768
0.0303627 88.4779
0.0304188 88.2254
0.030475 87.9371
0.0305312 87.6822
0.0305876 87.393
0.0306441 87.1395
0.0307007 86.8523
0.0307574 86.6005
0.0308142 86.3181
0.0308711 86.066
0.0309281 85.7886
0.0309852 85.5354
0.0310424 85.2618
0.0310997 85.014
0.0311572 84.7431
0.0312147 84.4933
0.0312723 84.2249
0.0313301 83.9709
0.0313879 83.7022
0.0314459 83.4497
0.031504 83.1848
0.0315621 82.9327
0.0316204 82.6722
0.0316788 82.4143
0.0317373 82.1609
0.0317959 81.9016
0.0318546 81.6559
0.0319135 81.3965
0.0319724 81.1565
0.0320314 80.888
0.0320906 80.6623
0.0321498 80.3866
0.0322092 80.1648
0.0322687 79.891
0.0323283 79.669
0.032388 79.398
0.0324478 79.1761
0.0325077 78.911
0.0325677 78.6839
0.0326279 78.4201
0.0326881 78.1961
0.0327485 77.9364
0.0328089 77.7157
0.0328695 77.4629
0.0329302 77.2406
0.032991 76.9899
0.033052 76.7695
0.033113 76.5142
0.0331741 76.2964
0.0332354 76.0451
0.0332968 75.8261
0.0333583 75.5774
0.0334199 75.3543
0.0334816 75.1082
0.0335434 74.8877
0.0336053 74.646
0.0336674 74.4232
0.0337296 74.1859
0.0337919 73.9638
0.0338543 73.7345
0.0339168 73.5116
0.0339794 73.2812
0.0340421 73.0597
0.034105 72.8318
0.034168 72.6076
0.0342311 72.3833
0.0342943 72.1575
0.0343576 71.9371
0.0344211 71.7083
0.0344846 71.492
0.0345483 71.2586
0.0346121 71.0489
0.034676 70.8038
0.0347401 70.6115
0.0348042 70.372
0.0348685 70.1785
0.0349329 69.9417
0.0349974 69.7465
0.035062 69.514
0.0351267 69.3158
0.0351916 69.0845
0.0352566 68.887
0.0353217 68.6566
0.0353869 68.4604
0.0354523 68.232
0.0355177 68.0364
0.0355833 67.8103
0.035649 67.6136
0.0357149 67.39
0.0357808 67.1956
0.0358469 66.9753
0.0359131 66.7841
0.0359794 66.5666
0.0360458 66.3751
0.0361124 66.1598
0.0361791 65.9634
0.0362459 65.7492
0.0363128 65.5541
0.0363799 65.3425
0.0364471 65.1467
0.0365144 64.9372
0.0365818 64.74
0.0366493 64.5329
0.036717 64.3379
0.0367848 64.1334
0.0368527 63.9418
0.0369208 63.7418
0.036989 63.5459
0.0370573 63.3526
0.0371257 63.1541
0.0371943 62.9635
0.0372629 62.762
0.0373318 62.5745
0.0374007 62.3662
0.0374698 62.1883
0.037539 61.9731
0.0376083 61.8003
0.0376777 61.5885
0.0377473 61.416
0.037817 61.2059
0.0378868 61.0361
0.0379568 60.8337
0.0380269 60.6598
0.0380971 60.4597
0.0381675 60.2863
0.0382379 60.0857
0.0383085 59.9138
0.0383793 59.7153
0.0384502 59.5413
0.0385212 59.3447
0.0385923 59.1727
0.0386636 58.9737
0.038735 58.8036
0.0388065 58.6065
0.0388781 58.4365
0.0389499 58.2429
0.0390219 58.0734
0.0390939 57.8842
0.0391661 57.715
0.0392384 57.5302
0.0393109 57.3587
0.0393835 57.1759
0.0394562 57.0021
0.0395291 56.8226
0.0396021 56.6489
0.0396752 56.4673
0.0397485 56.2951
0.0398219 56.1164
0.0398954 55.9426
0.0399691 55.7677
0.0400429 55.5929
0.0401168 55.4228
0.0401909 55.2486
0.0402651 55.0831
0.0403395 54.906
0.040414 54.7441
0.0404886 54.5566
0.0405633 54.4069
0.0406383 54.2201
0.0407133 54.0695
0.0407885 53.8838
0.0408638 53.7317
0.0409393 53.5496
0.0410149 53.3975
0.0410906 53.2168
0.0411665 53.0633
0.0412425 52.8853
0.0413186 52.734
0.0413949 52.5602
0.0414714 52.4105
0.041548 52.2379
0.0416247 52.0863
0.0417016 51.9153
0.0417786 51.7643
0.0418557 51.592
0.041933 51.4433
0.0420104 51.2723
0.042088 51.1233
0.0421657 50.9548
0.0422436 50.8021
0.0423216 50.635
0.0423998 50.4855
0.042478 50.3214
0.0425565 50.1719
0.0426351 50.0121
0.0427138 49.8604
0.0427927 49.7022
0.0428717 49.5518
0.0429509 49.3949
0.0430302 49.2448
0.0431096 49.0897
0.0431892 48.935
0.043269 48.784
0.0433489 48.6285
0.0434289 48.4803
0.0435091 48.3239
0.0435895 48.1768
0.04367 48.0171
0.0437506 47.8787
0.0438314 47.7149
0.0439124 47.5816
0.0439934 47.4232
0.0440747 47.2899
0.0441561 47.1291
0.0442376 46.9964
0.0443193 46.8398
0.0444011 46.7035
0.0444831 46.548
0.0445653 46.4132
0.0446476 46.2561
0.04473 46.1233
0.0448126 45.9688
0.0448954 45.8351
0.0449783 45.6816
0.0450613 45.5508
0.0451445 45.3983
0.0452279 45.2689
0.0453114 45.1201
0.0453951 44.9888
0.0454789 44.841
0.0455629 44.7092
0.045647 44.5626
0.0457313 44.4294
0.0458158 44.284
0.0459004 44.1514
0.0459851 44.0082
0.0460701 43.8745
0.0461551 43.7345
0.0462404 43.6004
0.0463257 43.4598
0.0464113 43.3282
0.046497 43.1919
0.0465829 43.0601
0.0466689 42.9257
0.0467551 42.7927
0.0468414 42.6611
0.0469279 42.5255
0.0470145 42.3972
0.0471014 42.2589
0.0471883 42.1319
0.0472755 41.9858
0.0473628 41.87
0.0474502 41.7239
0.0475379 41.6077
0.0476256 41.464
0.0477136 41.3465
0.0478017 41.2074
0.04789 41.0907
0.0479784 40.9539
0.048067 40.8358
0.0481558 40.699
0.0482447 40.5805
0.0483338 40.4458
0.048423 40.3287
0.0485124 40.1931
0.048602 40.0749
0.0486918 39.941
0.0487817 39.8239
0.0488718 39.6896
0.048962 39.5747
0.0490524 39.4412
0.049143 39.3279
0.0492338 39.198
0.0493247 39.0819
0.0494158 38.9548
0.049507 38.8409
0.0495984 38.7144
0.04969 38.5986
0.0497818 38.4742
0.0498737 38.3563
0.0499658 38.2334
0.0500581 38.1164
0.0501505 37.9952
0.0502431 37.878
0.0503359 37.7571
0.0504288 37.6384
0.050522 37.5212
0.0506153 37.4033
0.0507087 37.2889
0.0508024 37.1708
0.0508962 37.0583
0.0509902 36.9368
0.0510843 36.8286
0.0511786 36.7019
0.0512732 36.5979
0.0513678 36.4733
0.0514627 36.3699
0.0515577 36.2439
0.0516529 36.1414
0.0517483 36.0181
0.0518439 35.9131
0.0519396 35.7922
0.0520355 35.6886
0.0521316 35.5686
0.0522279 35.4666
0.0523243 35.3495
0.0524209 35.2467
0.0525177 35.1301
0.0526147 35.0279
0.0527119 34.9099
0.0528092 34.8087
0.0529067 34.6921
0.0530044 34.5898
0.0531023 34.4745
0.0532004 34.3727
0.0532986 34.2591
0.053397 34.1557
0.0534956 34.0427
0.0535944 33.941
0.0536934 33.8317
0.0537925 33.7297
0.0538919 33.6229
0.0539914 33.5198
0.0540911 33.4112
0.054191 33.309
0.054291 33.2027
0.0543913 33.1001
0.0544917 32.9947
0.0545924 32.8907
0.0546932 32.788
0.0547942 32.6828
0.0548954 32.5825
0.0549967 32.4751
0.0550983 32.3769
0.0552 32.2662
0.055302 32.1762
0.0554041 32.0658
0.0555064 31.9762
0.0556089 31.8666
0.0557116 31.777
0.0558144 31.6684
0.0559175 31.5779
0.0560208 31.4713
0.0561242 31.3797
0.0562279 31.2727
0.0563317 31.1812
0.0564357 31.0762
0.0565399 30.9855
0.0566443 30.8816
0.0567489 30.7909
0.0568537 30.6881
0.0569587 30.5988
0.0570639 30.4973
0.0571693 30.409
0.0572748 30.3074
0.0573806 30.2189
0.0574866 30.1181
0.0575927 30.0274
0.0576991 29.9279
0.0578056 29.839
0.0579124 29.7405
0.0580193 29.6503
0.0581264 29.5537
0.0582338 29.4624
0.0583413 29.3671
0.058449 29.2769
0.058557 29.1834
0.0586651 29.0941
0.0587734 29.0021
0.058882 28.9114
0.0589907 28.8214
0.0590996 28.7304
0.0592088 28.6411
0.0593181 28.5491
0.0594276 28.4608
0.0595374 28.3673
0.0596473 28.2825
0.0597575 28.1838
0.0598678 28.104
0.0599784 28.0064
0.0600891 27.9276
0.0602001 27.8304
0.0603112 27.7519
0.0604226 27.6586
0.0605342 27.5787
0.060646 27.4864
0.060758 27.4063
0.0608702 27.3136
0.0609826 27.2338
0.0610952 27.142
0.061208 27.0626
0.061321 26.9713
0.0614343 26.8914
0.0615477 26.8001
0.0616614 26.7211
0.0617752 26.631
0.0618893 26.5525
0.0620036 26.4641
0.0621181 26.3863
0.0622328 26.3001
0.0623477 26.2207
0.0624628 26.1343
0.0625782 26.056
0.0626937 25.9708
0.0628095 25.8926
0.0629255 25.8079
0.0630417 25.7283
0.0631581 25.6436
0.0632747 25.5648
0.0633916 25.4818
0.0635086 25.4026
0.0636259 25.3209
0.0637434 25.2411
0.0638611 25.1623
0.063979 25.0825
0.0640972 25.0057
0.0642155 24.9246
0.0643341 24.8482
0.0644529 24.7638
0.0645719 24.6927
0.0646912 24.6064
0.0648106 24.5367
0.0649303 24.4508
0.0650502 24.3813
0.0651703 24.2962
0.0652907 24.2268
0.0654113 24.1435
0.065532 24.0729
0.0656531 23.9907
0.0657743 23.9209
0.0658957 23.8414
0.0660174 23.772
0.0661393 23.6928
0.0662615 23.6226
0.0663838 23.5433
0.0665064 23.4734
0.0666292 23.3939
0.0667523 23.3254
0.0668755 23.246
0.066999 23.1778
0.0671227 23.0993
0.0672467 23.0289
0.0673709 22.952
0.0674953 22.8837
0.0676199 22.8082
0.0677448 22.7393
0.0678699 22.6659
0.0679952 22.5964
0.0681208 22.5236
0.0682466 22.4538
0.0683726 22.3809
0.0684988 22.3116
0.0686253 22.2393
0.0687521 22.1692
0.068879 22.0988
0.0690062 22.0281
0.0691336 21.9588
0.0692613 21.8872
0.0693892 21.8191
0.0695173 21.7471
0.0696457 21.6819
0.0697743 21.6071
0.0699031 21.5463
0.0700322 21.4717
0.0701616 21.4105
0.0702911 21.3365
0.0704209 21.2748
0.070551 21.2018
0.0706812 21.1394
0.0708118 21.0668
0.0709425 21.0048
0.0710735 20.9326
0.0712048 20.8709
0.0713362 20.7998
0.071468 20.7386
0.0716 20.6686
0.0717322 20.6076
0.0718646 20.5385
0.0719973 20.4777
0.0721303 20.4091
0.0722635 20.3484
0.0723969 20.2805
0.0725306 20.2198
0.0726645 20.1523
0.0727987 20.0907
0.0729332 20.0232
0.0730678 19.9627
0.0732028 19.8959
0.0733379 19.8354
0.0734734 19.7695
0.073609 19.7084
0.073745 19.6432
0.0738812 19.5835
0.0740176 19.5198
0.0741543 19.4597
0.0742912 19.397
0.0744284 19.3355
0.0745658 19.2745
0.0747035 19.2121
0.0748415 19.1519
0.0749797 19.0888
0.0751181 19.0296
0.0752568 18.9643
0.0753958 18.9087
0.075535 18.8417
0.0756745 18.7877
0.0758143 18.7217
0.0759543 18.6687
0.0760945 18.6043
0.076235 18.5514
0.0763758 18.4882
0.0765168 18.4337
0.0766581 18.3707
0.0767997 18.3164
0.0769415 18.254
0.0770836 18.2
0.0772259 18.1382
0.0773685 18.0837
0.0775114 18.0222
0.0776545 17.9686
0.0777979 17.9065
0.0779416 17.8535
0.0780855 17.7927
0.0782297 17.7402
0.0783742 17.6807
0.0785189 17.6277
0.0786639 17.5685
0.0788092 17.5156
0.0789547 17.4572
0.0791005 17.4037
0.0792466 17.3459
0.0793929 17.2919
0.0795395 17.2351
0.0796864 17.181
0.0798335 17.124
0.0799809 17.0705
0.0801286 17.0142
0.0802766 16.9603
0.0804248 16.9057
0.0805734 16.8526
0.0807221 16.7995
0.0808712 16.7453
0.0810205 16.6929
0.0811702 16.6377
0.08132 16.5866
0.0814702 16.5282
0.0816207 16.4809
0.0817714 16.4226
0.0819224 16.3752
0.0820737 16.3174
0.0822252 16.2698
0.0823771 16.213
0.0825292 16.1653
0.0826816 16.1092
0.0828342 16.0618
0.0829872 16.0074
0.0831405 15.9604
0.083294 15.9062
0.0834478 15.8592
0.0836019 15.8052
0.0837563 15.7577
0.0839109 15.7039
0.0840659 15.6564
0.0842211 15.6025
0.0843766 15.5559
0.0845325 15.5025
0.0846885 15.456
0.0848449 15.4034
0.0850016 15.356
0.0851586 15.304
0.0853158 15.2578
0.0854734 15.2072
0.0856312 15.1607
0.0857893 15.1104
0.0859478 15.0634
0.0861065 15.0133
0.0862655 14.9666
0.0864248 14.9167
0.0865844 14.8702
0.0867442 14.821
0.0869044 14.7732
0.0870649 14.7257
0.0872257 14.6774
0.0873868 14.6308
0.0875481 14.5825
0.0877098 14.5368
0.0878718 14.4879
0.088034 14.4448
0.0881966 14.3941
0.0883594 14.3522
0.0885226 14.3022
0.0886861 14.2605
0.0888498 14.21
0.0890139 14.1687
0.0891783 14.1193
0.089343 14.0768
0.0895079 14.0279
0.0896732 13.9857
0.0898388 13.9368
0.0900047 13.8954
0.0901709 13.8474
0.0903374 13.8059
0.0905043 13.7592
0.0906714 13.7182
0.0908388 13.6709
0.0910066 13.6302
0.0911746 13.5833
0.091343 13.5423
0.0915116 13.4959
0.0916806 13.4546
0.0918499 13.4086
0.0920195 13.3672
0.0921895 13.3218
0.0923597 13.2803
0.0925303 13.2356
0.0927011 13.1939
0.0928723 13.1501
0.0930438 13.1093
0.0932156 13.0655
0.0933877 13.0247
0.0935602 12.9819
0.093733 12.9404
0.0939061 12.8982
0.0940795 12.8565
0.0942532 12.815
0.0944272 12.7728
0.0946016 12.7322
0.0947763 12.6891
0.0949513 12.6492
0.0951266 12.6037
0.0953023 12.5674
0.0954783 12.5221
0.0956546 12.4861
0.0958312 12.442
0.0960082 12.4056
0.0961855 12.3623
0.0963631 12.3258
0.0965411 12.283
0.0967193 12.2458
0.0968979 12.2033
0.0970769 12.1663
0.0972561 12.124
0.0974357 12.0876
0.0976156 12.0453
0.0977959 12.0085
0.0979765 11.9668
0.0981574 11.9302
0.0983387 11.8884
0.0985203 11.853
0.0987022 11.8122
0.0988845 11.7767
0.0990671 11.7364
0.09925 11.7
0.0994333 11.66
0.0996169 11.6241
0.0998008 11.5844
0.0999851 11.5484
0.10017 11.5092
0.100355 11.4723
0.10054 11.4335
0.100726 11.3971
0.100912 11.3588
0.101098 11.3225
0.101285 11.2849
0.101472 11.2484
0.101659 11.2121
0.101847 11.1753
0.102035 11.1397
0.102223 11.1027
0.102412 11.0671
0.102601 11.0291
0.102791 10.9953
0.102981 10.9555
0.103171 10.923
0.103361 10.8842
0.103552 10.8516
0.103743 10.8123
0.103935 10.7803
0.104127 10.7421
0.104319 10.7095
0.104512 10.6725
0.104705 10.6402
0.104898 10.6029
0.105092 10.5711
0.105286 10.5343
0.10548 10.5021
0.105675 10.4652
0.10587 10.4334
0.106066 10.3964
0.106262 10.3647
0.106458 10.3283
0.106654 10.2964
0.106851 10.2604
0.107049 10.2287
0.107246 10.1932
0.107444 10.1614
0.107643 10.1266
0.107841 10.0952
0.108041 10.0609
0.10824 10.0292
0.10844 9.99546
0.10864 9.96343
0.108841 9.92939
0.109042 9.89753
0.109243 9.86407
0.109445 9.83188
0.109647 9.79896
0.10985 9.76669
0.110052 9.73442
0.110256 9.70184
0.110459 9.67067
0.110663 9.63783
0.110868 9.60721
0.111072 9.57265
0.111277 9.54468
0.111483 9.51004
0.111689 9.48197
0.111895 9.44759
0.112102 9.41926
0.112309 9.38535
0.112516 9.35703
0.112724 9.32356
0.112932 9.29496
0.11314 9.26159
0.113349 9.23297
0.113559 9.20031
0.113768 9.17243
0.113978 9.14023
0.114189 9.11202
0.1144 9.08028
0.114611 9.05219
0.114823 9.02023
0.115035 8.9926
0.115247 8.96074
0.11546 8.93305
0.115673 8.90145
0.115887 8.87313
0.116101 8.84192
0.116315 8.81426
0.11653 8.78323
0.116745 8.75525
0.116961 8.72503
0.117177 8.69693
0.117393 8.6673
0.11761 8.63958
0.117827 8.61044
0.118045 8.5825
0.118263 8.55343
0.118481 8.52502
0.1187 8.4966
0.118919 8.46802
0.119139 8.44016
0.119359 8.41126
0.119579 8.38375
0.1198 8.35425
0.120021 8.32791
0.120243 8.29723
0.120465 8.27234
0.120687 8.24252
0.12091 8.21792
0.121133 8.18789
0.121357 8.16335
0.121581 8.13395
0.121806 8.10869
0.12203 8.07979
0.122256 8.05471
0.122482 8.0255
0.122708 8.00062
0.122934 7.97187
0.123161 7.94697
0.123389 7.91841
0.123617 7.89365
0.123845 7.86493
0.124074 7.84069
0.124303 7.81272
0.124532 7.78829
0.124762 7.76096
0.124993 7.73645
0.125223 7.70934
0.125455 7.68452
0.125686 7.6573
0.125918 7.63275
0.126151 7.60605
0.126384 7.5813
0.126617 7.55498
0.126851 7.53012
0.127085 7.50351
0.12732 7.47901
0.127555 7.45312
0.127791 7.42869
0.128027 7.40333
0.128263 7.37871
0.1285 7.35414
0.128737 7.32909
0.128975 7.30498
0.129213 7.27943
0.129452 7.25558
0.129691 7.22902
0.12993 7.20692
0.13017 7.1798
0.130411 7.15796
0.130651 7.1311
0.130893 7.10946
0.131134 7.08288
0.131376 7.06132
0.131619 7.03565
0.131862 7.01377
0.132106 6.98832
0.13235 6.9665
0.132594 6.94137
0.132839 6.91957
0.133084 6.89473
0.13333 6.87268
0.133576 6.84773
0.133823 6.82594
0.13407 6.80103
0.134317 6.77948
0.134565 6.75472
0.134814 6.73324
0.135063 6.70887
0.135312 6.6871
0.135562 6.66326
0.135812 6.64217
0.136063 6.6186
0.136315 6.59701
0.136566 6.57386
0.136818 6.55204
0.137071 6.52896
0.137324 6.50721
0.137578 6.48432
0.137832 6.4626
0.138086 6.43994
0.138341 6.41784
0.138597 6.39581
0.138853 6.37379
0.139109 6.35208
0.139366 6.32996
0.139623 6.30877
0.139881 6.28657
0.14014 6.26626
0.140398 6.24266
0.140658 6.22344
0.140917 6.20005
0.141177 6.18101
0.141438 6.15739
0.141699 6.13823
0.141961 6.1152
0.142223 6.09576
0.142486 6.07307
0.142749 6.05366
0.143013 6.03107
0.143277 6.01191
0.143541 5.98984
0.143806 5.97085
0.144072 5.94916
0.144338 5.93
0.144604 5.90816
0.144871 5.88907
0.145139 5.86749
0.145407 5.84837
0.145675 5.82699
0.145944 5.80787
0.146214 5.78679
0.146484 5.76744
0.146754 5.74628
0.147025 5.72732
0.147297 5.70653
0.147569 5.6878
0.147841 5.66737
0.148114 5.64849
0.148388 5.6282
0.148662 5.60945
0.148937 5.58949
0.149212 5.5706
0.149487 5.55081
0.149763 5.53162
0.15004 5.51232
0.150317 5.49278
0.150594 5.47402
0.150872 5.45418
0.151151 5.43562
0.15143 5.4151
0.15171 5.39794
0.15199 5.37715
0.152271 5.36052
0.152552 5.34004
0.152833 5.32346
0.153116 5.30307
0.153398 5.2864
0.153682 5.26638
0.153965 5.24931
0.15425 5.22941
0.154535 5.21239
0.15482 5.19275
0.155106 5.17591
0.155392 5.15644
0.155679 5.1394
0.155967 5.12009
0.156255 5.10325
0.156543 5.08405
0.156832 5.06765
0.157122 5.04883
0.157412 5.0323
0.157703 5.01358
0.157994 4.99676
0.158286 4.97822
0.158578 4.96166
0.158871 4.94331
0.159164 4.92637
0.159458 4.9083
0.159753 4.89134
0.160048 4.8735
0.160343 4.85656
0.160639 4.83878
0.160936 4.82218
0.161233 4.80477
0.161531 4.78808
0.161829 4.77118
0.162128 4.75431
0.162427 4.73764
0.162727 4.72044
0.163028 4.70412
0.163329 4.6867
0.16363 4.67076
0.163933 4.6523
0.164235 4.63753
0.164539 4.61919
0.164842 4.60439
0.165147 4.58622
0.165452 4.57144
0.165757 4.55378
0.166063 4.53889
0.16637 4.52156
0.166677 4.50672
0.166985 4.48947
0.167293 4.47469
0.167602 4.45751
0.167912 4.44274
0.168222 4.42575
0.168532 4.41081
0.168844 4.39385
0.169155 4.37896
0.169468 4.36211
0.169781 4.3474
0.170094 4.33081
0.170408 4.31618
0.170723 4.29999
0.171038 4.28522
0.171354 4.26918
0.171671 4.25466
0.171988 4.23868
0.172305 4.2241
0.172623 4.20826
0.172942 4.19353
0.173261 4.17775
0.173581 4.16307
0.173902 4.14747
0.174223 4.13278
0.174545 4.11747
0.174867 4.10249
0.17519 4.0877
0.175514 4.07264
0.175838 4.05821
0.176162 4.04315
0.176488 4.02904
0.176814 4.01342
0.17714 4.00009
0.177467 3.98402
0.177795 3.97098
0.178123 3.95498
0.178452 3.94204
0.178782 3.92607
0.179112 3.91322
0.179443 3.89761
0.179774 3.88442
0.180106 3.86895
0.180438 3.85591
0.180772 3.84073
0.181105 3.82788
0.18144 3.81307
0.181775 3.80002
0.182111 3.78531
0.182447 3.77239
0.182784 3.75751
0.183121 3.74463
0.183459 3.72991
0.183798 3.71698
0.184138 3.70245
0.184478 3.68949
0.184818 3.67504
0.18516 3.66214
0.185502 3.64795
0.185844 3.63502
0.186187 3.6211
0.186531 3.60822
0.186876 3.59465
0.187221 3.5818
0.187566 3.56811
0.187913 3.55528
0.18826 3.54178
0.188607 3.5287
0.188956 3.51549
0.189305 3.5024
0.189654 3.48943
0.190004 3.47612
0.190355 3.46342
0.190707 3.44991
0.191059 3.43763
0.191412 3.4234
0.191765 3.41219
0.192119 3.3983
0.192474 3.38695
0.192829 3.37309
0.193186 3.36172
0.193542 3.34806
0.1939 3.33661
0.194258 3.32304
0.194616 3.31151
0.194976 3.29802
0.195336 3.28662
0.195697 3.27326
0.196058 3.26188
0.19642 3.24869
0.196783 3.23728
0.197146 3.22423
0.19751 3.21295
0.197875 3.20009
0.19824 3.18891
0.198606 3.17623
0.198973 3.16499
0.199341 3.15247
0.199709 3.14102
0.200077 3.12852
0.200447 3.1172
0.200817 3.10485
0.201188 3.09345
0.201559 3.08121
0.201932 3.06974
0.202304 3.0576
0.202678 3.04632
0.203052 3.03438
0.203427 3.02329
0.203803 3.01165
0.204179 3.00018
0.204556 2.98883
0.204934 2.97725
0.205312 2.9661
0.205692 2.95443
0.206071 2.94339
0.206452 2.93137
0.206833 2.92091
0.207215 2.90844
0.207598 2.89833
0.207981 2.88614
0.208365 2.87612
0.20875 2.86387
0.209135 2.85405
0.209522 2.8423
0.209908 2.83222
0.210296 2.82056
0.210684 2.81052
0.211073 2.79877
0.211463 2.78888
0.211854 2.7773
0.212245 2.76724
0.212637 2.75579
0.21303 2.74586
0.213423 2.73427
0.213817 2.72439
0.214212 2.71306
0.214607 2.70313
0.215004 2.69202
0.215401 2.68219
0.215799 2.67134
0.216197 2.66143
0.216596 2.65069
0.216996 2.64072
0.217397 2.63009
0.217798 2.62004
0.218201 2.60953
0.218603 2.59958
0.219007 2.58895
0.219412 2.57901
0.219817 2.56864
0.220223 2.55858
0.220629 2.54839
0.221037 2.53837
0.221445 2.52846
0.221854 2.51842
0.222263 2.50884
0.222674 2.49861
0.223085 2.48916
0.223497 2.47832
0.22391 2.46966
0.224323 2.4588
0.224737 2.45012
0.225152 2.43934
0.225568 2.43054
0.225985 2.41996
0.226402 2.41118
0.22682 2.40074
0.227239 2.39192
0.227659 2.3816
0.228079 2.37291
0.2285 2.36287
0.228922 2.35429
0.229345 2.34426
0.229768 2.33553
0.230193 2.32562
0.230618 2.31686
0.231044 2.30689
0.23147 2.29827
0.231898 2.28841
0.232326 2.27981
0.232755 2.27006
0.233185 2.26128
0.233615 2.25169
0.234047 2.24306
0.234479 2.2336
0.234912 2.22505
0.235346 2.21584
0.23578 2.20712
0.236216 2.198
0.236652 2.18933
0.237089 2.18027
0.237527 2.17164
0.237965 2.16267
0.238405 2.1538
0.238845 2.14508
0.239286 2.13614
0.239728 2.12761
0.240171 2.11862
0.240614 2.11018
0.241058 2.10103
0.241504 2.09309
0.24195 2.08375
0.242396 2.07612
0.242844 2.06694
0.243292 2.05929
0.243742 2.04998
0.244192 2.04243
0.244643 2.03333
0.245094 2.02554
0.245547 2.01656
0.246 2.00887
0.246455 1.99985
0.24691 1.99224
0.247366 1.98334
0.247822 1.97574
0.24828 1.96691
0.248739 1.95951
0.249198 1.9508
0.249658 1.94336
0.250119 1.93482
0.250581 1.92726
0.251044 1.91883
0.251507 1.9113
0.251972 1.90297
0.252437 1.89533
0.252903 1.88701
0.25337 1.87941
0.253838 1.87124
0.254307 1.86361
0.254776 1.85558
0.255247 1.84798
0.255718 1.83995
0.25619 1.8325
0.256663 1.82472
0.257137 1.81721
0.257612 1.80953
0.258088 1.8019
0.258565 1.79438
0.259042 1.78665
0.25952 1.77932
0.26 1.77146
0.26048 1.76421
0.260961 1.75588
0.261443 1.74928
0.261925 1.741
0.262409 1.73442
0.262894 1.72621
0.263379 1.71968
0.263865 1.71176
0.264353 1.70519
0.264841 1.69737
0.26533 1.69074
0.26582 1.68291
0.266311 1.67629
0.266803 1.66856
0.267295 1.66199
0.267789 1.65431
0.268283 1.64764
0.268779 1.64005
0.269275 1.63344
0.269772 1.62584
0.27027 1.61934
0.27077 1.61186
0.27127 1.60542
0.27177 1.59814
0.272272 1.59159
0.272775 1.58442
0.273279 1.57795
0.273783 1.5708
0.274289 1.56425
0.274796 1.55723
0.275303 1.55057
0.275811 1.54362
0.276321 1.53702
0.276831 1.53015
0.277342 1.52355
0.277854 1.51677
0.278367 1.51007
0.278881 1.50351
0.279396 1.49691
0.279912 1.49051
0.280429 1.48383
0.280947 1.47752
0.281466 1.47073
0.281986 1.46465
0.282506 1.45751
0.283028 1.45173
0.283551 1.44469
0.284074 1.43899
0.284599 1.43184
0.285124 1.42617
0.285651 1.41923
0.286178 1.41344
0.286707 1.40664
0.287236 1.40095
0.287767 1.39425
0.288298 1.38861
0.28883 1.38203
0.289364 1.37637
0.289898 1.3698
0.290433 1.36414
0.29097 1.35756
0.291507 1.3519
0.292045 1.3454
0.292585 1.33969
0.293125 1.33333
0.293666 1.32766
0.294208 1.32137
0.294752 1.31564
0.295296 1.30941
0.295841 1.30379
0.296388 1.29777
0.296935 1.29213
0.297483 1.28617
0.298033 1.28052
0.298583 1.27449
0.299134 1.26885
0.299687 1.26299
0.30024 1.25729
0.300795 1.25147
0.30135 1.24572
0.301906 1.24009
0.302464 1.23425
0.303022 1.22874
0.303582 1.22286
0.304143 1.21748
0.304704 1.21145
0.305267 1.20649
0.305831 1.2004
0.306395 1.19549
0.306961 1.18943
0.307528 1.18456
0.308096 1.17852
0.308665 1.17363
0.309235 1.16771
0.309806 1.16276
0.310378 1.15683
0.310951 1.15191
0.311525 1.14609
0.312101 1.14122
0.312677 1.13552
0.313254 1.13062
0.313833 1.12502
0.314412 1.12018
0.314993 1.11462
0.315574 1.10981
0.316157 1.10429
0.316741 1.09946
0.317326 1.094
0.317912 1.08909
0.318499 1.08372
0.319087 1.07887
0.319676 1.07357
0.320267 1.06865
0.320858 1.06343
0.321451 1.0585
0.322044 1.05336
0.322639 1.04852
0.323235 1.04348
0.323832 1.03868
0.32443 1.0337
0.325029 1.02879
0.325629 1.02396
0.32623 1.01902
0.326833 1.01424
0.327436 1.00922
0.328041 1.00453
0.328646 0.999466
0.329253 0.994958
0.329861 0.98961
0.33047 0.985389
0.331081 0.980139
0.331692 0.975981
0.332305 0.970803
0.332918 0.966637
0.333533 0.961592
0.334149 0.957374
0.334766 0.952385
0.335384 0.948174
0.336003 0.943196
0.336624 0.938994
0.337246 0.934073
0.337868 0.929897
0.338492 0.925012
0.339117 0.92082
0.339743 0.915964
0.340371 0.911777
0.340999 0.907003
0.341629 0.902877
0.34226 0.89825
0.342892 0.894119
0.343525 0.889599
0.344159 0.885408
0.344795 0.880862
0.345432 0.876755
0.34607 0.87225
0.346709 0.868121
0.347349 0.863667
0.34799 0.859505
0.348633 0.855057
0.349277 0.850918
0.349922 0.846603
0.350568 0.842468
0.351215 0.838202
0.351864 0.834064
0.352513 0.829969
0.353164 0.825788
0.353817 0.821808
0.35447 0.81756
0.355125 0.813641
0.35578 0.809214
0.356437 0.805544
0.357095 0.801041
0.357755 0.797463
0.358416 0.792972
0.359077 0.789428
0.35974 0.784975
0.360405 0.781448
0.36107 0.777097
0.361737 0.773553
0.362405 0.769289
0.363074 0.765771
0.363745 0.761617
0.364416 0.758116
0.365089 0.753998
0.365763 0.750429
0.366439 0.746353
0.367116 0.742818
0.367793 0.738707
0.368473 0.735216
0.369153 0.731172
0.369835 0.72766
0.370518 0.723673
0.371202 0.720152
0.371887 0.716244
0.372574 0.712786
0.373262 0.708982
0.373951 0.705489
0.374642 0.701768
0.375334 0.698246
0.376027 0.694571
0.376721 0.691045
0.377417 0.687371
0.378114 0.683874
0.378812 0.680261
0.379511 0.676706
0.380212 0.673168
0.380914 0.669597
0.381618 0.666147
0.382322 0.662526
0.383028 0.659198
0.383736 0.655589
0.384444 0.652365
0.385154 0.648596
0.385866 0.645613
0.386578 0.64187
0.387292 0.638875
0.388007 0.635137
0.388724 0.632146
0.389441 0.628475
0.390161 0.625437
0.390881 0.621814
0.391603 0.618798
0.392326 0.615192
0.39305 0.61223
0.393776 0.608665
0.394503 0.605737
0.395232 0.602273
0.395962 0.599329
0.396693 0.595934
0.397425 0.592976
0.398159 0.589592
0.398895 0.586648
0.399631 0.583324
0.400369 0.580374
0.401108 0.577102
0.401849 0.574119
0.402591 0.570852
0.403335 0.567907
0.404079 0.564679
0.404826 0.561741
0.405573 0.55857
0.406322 0.555651
0.407072 0.552552
0.407824 0.549667
0.408577 0.546633
0.409332 0.543736
0.410088 0.540739
0.410845 0.537774
0.411604 0.534875
0.412364 0.531866
0.413125 0.529026
0.413888 0.525988
0.414652 0.523214
0.415418 0.520076
0.416185 0.517465
0.416954 0.514259
0.417723 0.51175
0.418495 0.508622
0.419268 0.506168
0.420042 0.503081
0.420818 0.500642
0.421595 0.497622
0.422373 0.49512
0.423153 0.492117
0.423934 0.489627
0.424717 0.486645
0.425502 0.484182
0.426287 0.481234
0.427075 0.478742
0.427863 0.475855
0.428653 0.473402
0.429445 0.470509
0.430238 0.468075
0.431032 0.465261
0.431828 0.462848
0.432626 0.460114
0.433425 0.457701
0.434225 0.454978
0.435027 0.452557
0.43583 0.449884
0.436635 0.447435
0.437441 0.444798
0.438249 0.442329
0.439058 0.439735
0.439869 0.437287
0.440681 0.434699
0.441495 0.432271
0.44231 0.42975
0.443127 0.427309
0.443945 0.424879
0.444765 0.422451
0.445586 0.420096
0.446409 0.417623
0.447234 0.415319
0.448059 0.412807
0.448887 0.410558
0.449716 0.407894
0.450546 0.405834
0.451378 0.403198
0.452212 0.40113
0.453047 0.398509
0.453883 0.396456
0.454722 0.393891
0.455561 0.391848
0.456402 0.389349
0.457245 0.387311
0.45809 0.384883
0.458935 0.382863
0.459783 0.380447
0.460632 0.378428
0.461483 0.376036
0.462335 0.373998
0.463189 0.371632
0.464044 0.369599
0.464901 0.367228
0.465759 0.365224
0.466619 0.362905
0.467481 0.360899
0.468344 0.358636
0.469209 0.356632
0.470076 0.354408
0.470944 0.35244
0.471813 0.350281
0.472684 0.348293
0.473557 0.346161
0.474432 0.344158
0.475308 0.342037
0.476186 0.340046
0.477065 0.337954
0.477946 0.33597
0.478828 0.333923
0.479713 0.331877
0.480598 0.329899
0.481486 0.327848
0.482375 0.32593
0.483266 0.323882
0.484158 0.322017
0.485052 0.319964
0.485948 0.318199
0.486845 0.316064
0.487744 0.314363
0.488645 0.312272
0.489547 0.310585
0.490451 0.308464
0.491357 0.306799
0.492264 0.304727
0.493173 0.303041
0.494084 0.30099
0.494996 0.299323
0.495911 0.297289
0.496826 0.295657
0.497744 0.293678
0.498663 0.292049
0.499584 0.290135
0.500506 0.288524
0.50143 0.286598
0.502356 0.284976
0.503284 0.283088
0.504213 0.281456
0.505144 0.279597
0.506077 0.277972
0.507012 0.276133
0.507948 0.274501
0.508886 0.27269
0.509826 0.271058
0.510767 0.269292
0.51171 0.267659
0.512655 0.265948
0.513602 0.264361
0.51455 0.26267
0.515501 0.26107
0.516453 0.259419
0.517406 0.2578
0.518362 0.256171
0.519319 0.254541
0.520278 0.252957
0.521239 0.251295
0.522201 0.249762
0.523165 0.248079
0.524131 0.246578
0.525099 0.244794
0.526069 0.243458
0.52704 0.241713
0.528014 0.240389
0.528989 0.2387
0.529966 0.237361
0.530944 0.235698
0.531925 0.234362
0.532907 0.232716
0.533891 0.231383
0.534877 0.229736
0.535865 0.228403
0.536854 0.226789
0.537845 0.225474
0.538839 0.223865
0.539834 0.222543
0.54083 0.22098
0.541829 0.219668
0.54283 0.218126
0.543832 0.216848
0.544836 0.215358
0.545842 0.214079
0.54685 0.212605
0.54786 0.211305
0.548872 0.209853
0.549885 0.208565
0.550901 0.207127
0.551918 0.205832
0.552937 0.204418
0.553958 0.203106
0.554981 0.201726
0.556006 0.200426
0.557033 0.199071
0.558061 0.19779
0.559092 0.196475
0.560124 0.195189
0.561159 0.19393
0.562195 0.192629
0.563233 0.191399
0.564273 0.190084
0.565315 0.188875
0.566359 0.187527
0.567405 0.186379
0.568453 0.184971
0.569502 0.183887
0.570554 0.18251
0.571608 0.181435
0.572663 0.18005
0.573721 0.17901
0.57478 0.17767
0.575842 0.176617
0.576905 0.175338
0.57797 0.174293
0.579037 0.173014
0.580107 0.171974
0.581178 0.170711
0.582251 0.169662
0.583326 0.168405
0.584404 0.167379
0.585483 0.166127
0.586564 0.165099
0.587647 0.163872
0.588732 0.162837
0.589819 0.161641
0.590908 0.16062
0.592 0.15946
0.593093 0.158449
0.594188 0.157322
0.595285 0.156311
0.596385 0.155208
0.597486 0.154187
0.598589 0.153097
0.599694 0.152077
0.600802 0.150992
0.601911 0.149973
0.603023 0.148918
0.604136 0.147894
0.605252 0.146857
0.60637 0.14582
0.607489 0.144823
0.608611 0.143783
0.609735 0.142829
0.610861 0.141804
0.611989 0.14088
0.613119 0.13979
0.614251 0.138954
0.615386 0.137863
0.616522 0.137029
0.61766 0.135944
0.618801 0.135113
0.619944 0.134049
0.621088 0.133219
0.622235 0.132171
0.623384 0.131346
0.624535 0.130303
0.625689 0.129488
0.626844 0.128476
0.628002 0.127684
0.629161 0.126719
0.630323 0.125909
0.631487 0.124955
0.632653 0.124153
0.633821 0.123199
0.634992 0.122403
0.636164 0.121463
0.637339 0.120664
0.638516 0.119734
0.639695 0.11893
0.640876 0.11802
0.64206 0.117228
0.643246 0.116337
0.644433 0.115545
0.645623 0.114684
0.646816 0.113902
0.64801 0.113072
0.649207 0.112291
0.650405 0.111476
0.651606 0.110689
0.65281 0.109885
0.654015 0.109087
0.655223 0.1083
0.656433 0.1075
0.657645 0.106736
0.658859 0.10592
0.660076 0.105179
0.661295 0.104353
0.662516 0.103652
0.66374 0.102784
0.664965 0.102149
0.666193 0.101333
0.667423 0.1007
0.668656 0.0998732
0.669891 0.0992462
0.671128 0.0984369
0.672367 0.0978011
0.673608 0.0970017
0.674852 0.0963691
0.676099 0.0955776
0.677347 0.0949492
0.678598 0.0941688
0.679851 0.0935491
0.681106 0.092777
0.682364 0.092162
0.683624 0.0914094
0.684887 0.0908068
0.686151 0.0900893
0.687418 0.0894835
0.688688 0.0887817
0.689959 0.0881757
0.691233 0.0874798
0.69251 0.0868684
0.693789 0.0861782
0.69507 0.0855701
0.696353 0.0848957
0.697639 0.0842863
0.698928 0.0836233
0.700218 0.0830169
0.701511 0.082363
0.702807 0.0817618
0.704104 0.081138
0.705405 0.080547
0.706707 0.0799454
0.708012 0.0793478
0.70932 0.0787661
0.710629 0.0781558
0.711942 0.0775876
0.713256 0.0769684
0.714574 0.0764168
0.715893 0.0757643
0.717215 0.0752621
0.718539 0.0746018
0.719866 0.0741131
0.721196 0.0734627
0.722527 0.0729859
0.723862 0.0723446
0.725198 0.0718774
0.726537 0.0712764
0.727879 0.0708071
0.729223 0.0702053
0.73057 0.0697371
0.731919 0.0691461
0.73327 0.06868
0.734624 0.0680984
0.735981 0.0676254
0.73734 0.0670501
0.738702 0.0665832
0.740066 0.0660136
0.741432 0.0655525
0.742801 0.0649953
0.744173 0.0645372
0.745547 0.0639933
0.746924 0.0635445
0.748303 0.0630279
0.749685 0.0625803
0.75107 0.0620745
0.752456 0.0616205
0.753846 0.0611229
0.755238 0.0606659
0.756633 0.0601745
0.75803 0.0597177
0.75943 0.0592358
0.760832 0.0587803
0.762237 0.0583072
0.763644 0.0578467
0.765055 0.0573939
0.766467 0.0569324
0.767883 0.0564985
0.769301 0.0560415
0.770721 0.0556291
0.772145 0.0551681
0.77357 0.0547739
0.774999 0.0542792
0.77643 0.0539189
0.777864 0.0534331
0.7793 0.0530713
0.780739 0.0525895
0.782181 0.0522298
0.783625 0.0517572
0.785072 0.0513969
0.786522 0.0509307
0.787974 0.0505786
0.78943 0.0501223
0.790887 0.0497773
0.792348 0.0493463
0.793811 0.0490065
0.795277 0.0485806
0.796745 0.0482368
0.798217 0.0478168
0.799691 0.0474709
0.801167 0.0470545
0.802647 0.0467109
0.804129 0.0463039
0.805614 0.0459594
0.807101 0.0455604
0.808592 0.0452151
0.810085 0.0448209
0.811581 0.0444865
0.81308 0.0441008
0.814581 0.043774
0.816085 0.0434089
0.817592 0.0430811
0.819102 0.0427212
0.820615 0.0423896
0.82213 0.0420416
0.823648 0.0417077
0.825169 0.041362
0.826693 0.0410243
0.828219 0.0406915
0.829749 0.0403472
0.831281 0.0400276
0.832816 0.039678
0.834354 0.0393726
0.835895 0.0390077
0.837438 0.0387349
0.838985 0.0383769
0.840534 0.0381163
0.842086 0.0377635
0.843641 0.0375054
0.845199 0.0371554
0.84676 0.0368981
0.848323 0.0365541
0.84989 0.0362945
0.851459 0.0359517
0.853031 0.0356944
0.854607 0.0353591
0.856185 0.0351056
0.857766 0.0347763
0.85935 0.0345207
0.860937 0.0342019
0.862526 0.0339578
0.864119 0.0336494
0.865715 0.0334063
0.867313 0.0331075
0.868915 0.0328626
0.87052 0.0325679
0.872127 0.0323215
0.873738 0.0320293
0.875351 0.0317843
0.876967 0.0314995
0.878587 0.031252
0.880209 0.0309728
0.881835 0.0307254
0.883463 0.0304549
0.885094 0.0302068
0.886729 0.0299445
0.888366 0.0297057
0.890007 0.0294569
0.89165 0.0292163
0.893297 0.028975
0.894946 0.0287304
0.896599 0.0284971
0.898255 0.0282455
0.899913 0.0280202
0.901575 0.0277639
0.90324 0.0275491
0.904908 0.0272739
0.906579 0.0270827
0.908253 0.0268127
0.90993 0.026623
0.911611 0.0263583
0.913294 0.0261752
0.91498 0.0259255
0.91667 0.0257414
0.918363 0.0254984
0.920059 0.0253144
0.921758 0.025073
0.92346 0.024891
0.925165 0.0246519
0.926873 0.0244705
0.928585 0.0242343
0.9303 0.0240519
0.932018 0.0238215
0.933739 0.0236389
0.935463 0.0234112
0.93719 0.0232327
0.938921 0.0230125
0.940655 0.0228381
0.942392 0.0226304
0.944132 0.0224558
0.945875 0.0222527
0.947622 0.0220785
0.949372 0.0218772
0.951125 0.0217021
0.952881 0.0215042
0.954641 0.0213289
0.956404 0.0211358
0.95817 0.0209586
0.959939 0.0207706
0.961712 0.0205937
0.963488 0.0204105
0.965267 0.0202325
0.967049 0.0200598
0.968835 0.019884
0.970624 0.0197208
0.972417 0.0195438
0.974212 0.0193889
0.976011 0.0192026
0.977814 0.019059
0.979619 0.0188653
0.981428 0.0187293
0.983241 0.0185377
0.985056 0.0184045
0.986875 0.0182145
0.988698 0.0180827
0.990523 0.0178976
0.992352 0.0177661
0.994185 0.0175851
0.996021 0.0174567
0.99786 0.0172853
0.999703 0.0171598
1.00155 0.0169932
1.0034 0.0168657
1.00525 0.0167023
1.00711 0.0165765
1.00897 0.0164134
1.01083 0.0162859
1.0127 0.0161262
1.01457 0.0159995
1.01644 0.0158422
1.01832 0.0157167
1.0202 0.0155626
1.02208 0.0154377
1.02397 0.0152899
1.02586 0.0151673
1.02775 0.0150271
1.02965 0.0149051
1.03155 0.0147701
1.03346 0.0146476
1.03537 0.0145138
1.03728 0.0143906
1.03919 0.0142602
1.04111 0.014135
1.04304 0.0140085
1.04496 0.0138811
1.04689 0.0137595
1.04882 0.0136298
1.05076 0.0135145
1.0527 0.0133821
1.05465 0.0132748
1.05659 0.0131361
1.05854 0.0130446
1.0605 0.0129114
1.06246 0.0128194
1.06442 0.012687
1.06638 0.0125946
1.06835 0.0124641
1.07033 0.0123721
1.0723 0.0122432
1.07428 0.0121504
1.07627 0.012024
1.07825 0.0119328
1.08025 0.011808
1.08224 0.0117187
1.08424 0.0115965
1.08624 0.0115087
1.08825 0.0113944
1.09026 0.0113071
1.09227 0.0111964
1.09429 0.01111
1.09631 0.0110004
1.09833 0.0109136
1.10036 0.0108057
1.10239 0.0107181
1.10443 0.0106117
1.10647 0.0105248
1.10851 0.0104205
1.11056 0.0103331
1.11261 0.0102318
1.11466 0.0101445
1.11672 0.0100472
1.11878 0.00996184
1.12085 0.00986979
1.12292 0.00978607
1.12499 0.00969823
1.12707 0.00961137
1.12915 0.00952643
1.13124 0.00943779
1.13333 0.00935572
1.13542 0.00926515
1.13751 0.00918637
1.13962 0.009092
1.14172 0.00901921
1.14383 0.00891945
1.14594 0.00885416
1.14806 0.00875731
1.15018 0.00869415
1.1523 0.00860082
1.15443 0.00853939
1.15656 0.00845108
1.1587 0.00838867
1.16083 0.00830092
1.16298 0.00823893
1.16513 0.00815182
1.16728 0.00808973
1.16943 0.00800396
1.17159 0.00794192
1.17376 0.0078574
1.17592 0.00779626
1.1781 0.00771319
1.18027 0.00765233
1.18245 0.00757187
1.18463 0.00751264
1.18682 0.00743649
1.18901 0.00737833
1.19121 0.00730585
1.19341 0.00724683
1.19561 0.00717524
1.19782 0.00711574
1.20003 0.00704553
1.20225 0.00698544
1.20447 0.00691675
1.20669 0.00685641
1.20892 0.0067893
1.21115 0.00672854
1.21339 0.00666384
1.21563 0.00660269
1.21787 0.00654091
1.22012 0.0064809
1.22238 0.00642341
1.22463 0.00636333
1.2269 0.00630939
1.22916 0.00624718
1.23143 0.00619556
1.2337 0.00612653
1.23598 0.00608275
1.23826 0.0060145
1.24055 0.00597079
1.24284 0.00590346
1.24514 0.00585949
1.24744 0.00579375
1.24974 0.00575051
1.25205 0.00568623
1.25436 0.00564437
1.25668 0.00558303
1.259 0.00554184
1.26132 0.00548399
1.26365 0.00544311
1.26598 0.00538542
1.26832 0.00534381
1.27066 0.00528728
1.27301 0.00524553
1.27536 0.00518943
1.27772 0.00514822
1.28008 0.00509293
1.28244 0.00505179
1.28481 0.00499763
1.28718 0.00495626
1.28956 0.00490441
1.29194 0.00486435
1.29432 0.00481489
1.29671 0.00477569
1.29911 0.00472903
1.30151 0.004689
1.30391 0.00464329
1.30632 0.00460275
1.30873 0.00455832
1.31115 0.00451701
1.31357 0.0044735
1.31599 0.00443153
1.31842 0.00438948
1.32086 0.00434679
1.3233 0.00430696
1.32574 0.00426337
1.32819 0.00422637
1.33064 0.004182
1.3331 0.00414891
1.33556 0.00410313
1.33803 0.0040741
1.3405 0.00402899
1.34297 0.00399979
1.34545 0.00395472
1.34794 0.0039259
1.35043 0.00388128
1.35292 0.00385211
1.35542 0.0038084
1.35792 0.00377946
1.36043 0.00373644
1.36294 0.00370776
1.36546 0.00366581
1.36798 0.00363778
1.37051 0.00359796
1.37304 0.00357113
1.37557 0.00353337
1.37811 0.00350632
1.38066 0.00346913
1.38321 0.00344161
1.38576 0.00340499
1.38832 0.00337743
1.39088 0.00334156
1.39345 0.00331358
1.39603 0.00327833
1.3986 0.00325031
1.40119 0.0032161
1.40377 0.00318821
1.40637 0.00315523
1.40896 0.00312784
1.41157 0.00309655
1.41417 0.00306994
1.41678 0.00304082
1.4194 0.00301365
1.42202 0.00298512
1.42465 0.0029571
1.42728 0.0029297
1.42991 0.00290059
1.43255 0.00287449
1.4352 0.00284425
1.43785 0.00281973
1.4405 0.00278657
1.44316 0.002766
1.44583 0.00273275
1.4485 0.0027134
1.45117 0.00268156
1.45385 0.00266283
1.45654 0.00263346
1.45923 0.00261455
1.46192 0.00258537
1.46462 0.00256651
1.46733 0.00253732
1.47004 0.00251833
1.47275 0.00248954
1.47547 0.00247061
1.47819 0.0024424
1.48092 0.00242325
1.48366 0.00239552
1.4864 0.00237671
1.48914 0.00234964
1.49189 0.00233136
1.49465 0.00230569
1.49741 0.00228794
1.50017 0.00226388
1.50294 0.00224585
1.50572 0.00222221
1.5085 0.00220403
1.51129 0.00218079
1.51408 0.00216239
1.51687 0.00213968
1.51967 0.00212092
1.52248 0.00209863
1.52529 0.00207977
1.52811 0.00205835
1.53093 0.00203921
1.53376 0.00201876
1.53659 0.00199981
1.53943 0.00198068
1.54227 0.00196233
1.54512 0.00194475
1.54797 0.00192548
1.55083 0.0019087
1.55369 0.00188825
1.55656 0.00187289
1.55944 0.0018503
1.56231 0.00183718
1.5652 0.00181498
1.56809 0.00180188
1.57099 0.00177978
1.57389 0.00176698
1.57679 0.00174543
1.5797 0.00173292
1.58262 0.00171229
1.58554 0.00170027
1.58847 0.00168131
1.59141 0.00166909
1.59434 0.00165031
1.59729 0.00163811
1.60024 0.00161948
1.60319 0.00160706
1.60615 0.00158863
1.60912 0.00157616
1.61209 0.00155809
1.61507 0.00154556
1.61805 0.00152789
1.62104 0.00151543
1.62403 0.00149832
1.62703 0.00148605
1.63003 0.00146975
1.63304 0.00145795
1.63606 0.00144293
1.63908 0.0014311
1.64211 0.00141619
1.64514 0.00140404
1.64818 0.00138947
1.65122 0.00137702
1.65427 0.00136301
1.65733 0.00135018
1.66039 0.00133653
1.66345 0.00132343
1.66652 0.00131051
1.6696 0.00129705
1.67268 0.00128496
1.67577 0.00127117
1.67887 0.00126046
1.68197 0.00124638
1.68507 0.00123741
1.68819 0.00122267
1.6913 0.00121433
1.69443 0.00119966
1.69756 0.00119133
1.70069 0.00117679
1.70383 0.00116842
1.70698 0.001154
1.71013 0.00114561
1.71329 0.00113146
1.71645 0.00112313
1.71962 0.00110929
1.7228 0.00110118
1.72598 0.00108797
1.72916 0.00108014
1.73236 0.0010681
1.73556 0.0010602
1.73876 0.00104822
1.74197 0.00104026
1.74519 0.00102844
1.74841 0.00102036
1.75164 0.0010087
1.75487 0.0010005
1.75812 0.000989021
1.76136 0.000980793
1.76461 0.000969692
1.76787 0.000961368
1.77114 0.000950622
1.77441 0.000942367
1.77768 0.000932229
1.78097 0.000924382
1.78426 0.000915105
1.78755 0.000907053
1.79085 0.000897969
1.79416 0.000889623
1.79747 0.000880948
1.80079 0.000872262
1.80412 0.000863898
1.80745 0.000854766
1.81079 0.000846947
1.81413 0.00083726
1.81748 0.000830238
1.82084 0.000819328
1.8242 0.000813809
1.82757 0.000803319
1.83094 0.000798045
1.83432 0.000788622
1.83771 0.000783308
1.8411 0.000773943
1.8445 0.000768539
1.84791 0.000759194
1.85132 0.000753801
1.85474 0.000744536
1.85816 0.000739066
1.8616 0.000729976
1.86503 0.000724552
1.86848 0.000715531
1.87193 0.00071008
1.87538 0.000701314
1.87885 0.000695949
1.88232 0.000687513
1.88579 0.000682477
1.88928 0.0006749
1.89276 0.000669742
1.89626 0.000662242
1.89976 0.000656987
1.90327 0.000649557
1.90678 0.000644271
1.9103 0.000636947
1.91383 0.000631532
1.91737 0.00062438
1.92091 0.000618888
1.92445 0.000611951
1.92801 0.000606321
1.93157 0.00059975
1.93514 0.000594083
1.93871 0.000587913
1.94229 0.000582548
1.94588 0.000577027
1.94947 0.000571372
1.95307 0.000566133
1.95667 0.000560111
1.96029 0.000555253
1.96391 0.000548522
1.96753 0.000544382
1.97117 0.000537208
1.97481 0.00053355
1.97845 0.000526445
1.98211 0.000522844
1.98577 0.000515875
1.98943 0.000512341
1.99311 0.000505578
1.99679 0.000502269
2.00048 0.000496203
2.00417 0.000492822
2.00787 0.000486857
2.01158 0.000483446
2.01529 0.00047751
2.01902 0.000474016
2.02274 0.000468158
2.02648 0.000464685
2.03022 0.000458845
2.03397 0.000455325
2.03773 0.000449624
2.04149 0.000446089
2.04526 0.000440545
2.04904 0.000437051
2.05282 0.000431701
2.05661 0.000428419
2.06041 0.00042367
2.06421 0.000420291
2.06802 0.000415613
2.07184 0.000412147
2.07567 0.000407589
2.0795 0.000403973
2.08334 0.00039953
2.08719 0.000395822
2.09104 0.000391527
2.0949 0.0003877
2.09877 0.000383604
2.10265 0.000379661
2.10653 0.000375801
2.11042 0.000371697
2.11432 0.000368259
2.11822 0.000364215
2.12213 0.000361321
2.12605 0.000356659
2.12998 0.000354396
2.13391 0.000349763
2.13785 0.000347467
2.1418 0.000342874
2.14576 0.000340561
2.14972 0.000335998
2.15369 0.000333658
2.15766 0.000329164
2.16165 0.000326829
2.16564 0.000322411
2.16964 0.000320152
2.17365 0.000315854
2.17766 0.000313725
2.18168 0.000309884
2.18571 0.000307722
2.18975 0.000303973
2.19379 0.000301753
2.19784 0.000298017
2.2019 0.000295777
2.20597 0.000292102
2.21004 0.000289816
2.21412 0.0002862
2.21821 0.000283879
2.2223 0.000280324
2.22641 0.000277977
2.23052 0.000274539
2.23464 0.000272179
2.23876 0.00026891
2.2429 0.00026671
2.24704 0.000263788
2.25119 0.000261525
2.25535 0.000258694
2.25951 0.000256335
2.26368 0.000253592
2.26786 0.000251121
2.27205 0.000248509
2.27625 0.000245884
2.28045 0.000243427
2.28466 0.000240624
2.28888 0.000238395
2.29311 0.000235274
2.29734 0.000233432
2.30158 0.000230056
2.30583 0.000228641
2.31009 0.000225633
2.31436 0.000224227
2.31863 0.000221276
2.32291 0.00021985
2.3272 0.000216926
2.3315 0.000215472
2.33581 0.000212564
2.34012 0.000211093
2.34444 0.000208202
2.34877 0.000206722
2.35311 0.000203875
2.35745 0.000202384
2.36181 0.000199597
2.36617 0.000198138
2.37054 0.000195439
2.37491 0.000194055
2.3793 0.000191634
2.38369 0.000190247
2.38809 0.000187904
2.3925 0.000186483
2.39692 0.000184162
2.40135 0.000182699
2.40578 0.000180422
2.41023 0.000178914
2.41468 0.000176685
2.41914 0.00017513
2.4236 0.000172971
2.42808 0.000171386
2.43256 0.000169306
2.43705 0.000167695
2.44155 0.000165755
2.44606 0.000164215
2.45058 0.000162493
2.4551 0.000160897
2.45964 0.000159298
2.46418 0.000157593
2.46873 0.00015609
2.47329 0.000154211
2.47786 0.000152877
2.48243 0.00015063
2.48702 0.000149669
2.49161 0.000147446
2.49621 0.000146494
2.50082 0.000144301
2.50544 0.000143348
2.51006 0.000141218
2.5147 0.000140329
2.51934 0.000138418
2.52399 0.000137522
2.52866 0.000135686
2.53333 0.00013478
2.538 0.000132945
2.54269 0.000132031
2.54739 0.000130201
2.55209 0.000129264
2.5568 0.000127467
2.56152 0.000126504
2.56625 0.000124735
2.57099 0.000123777
2.57574 0.000122034
2.5805 0.000121082
2.58526 0.000119413
2.59004 0.000118511
2.59482 0.000117009
2.59961 0.000116112
2.60441 0.000114678
2.60922 0.000113742
2.61404 0.000112341
2.61886 0.000111364
2.6237 0.000109994
2.62855 0.000108975
2.6334 0.000107643
2.63826 0.000106587
2.64313 0.000105321
2.64801 0.000104203
2.6529 0.000103014
2.6578 0.00010186
2.66271 0.000100786
2.66763 9.96408e-05
2.67255 9.87292e-05
2.67749 9.74886e-05
2.68243 9.674e-05
2.68739 9.53211e-05
2.69235 9.47338e-05
2.69732 9.33259e-05
2.7023 9.27274e-05
2.70729 9.13192e-05
2.71229 9.07154e-05
2.7173 8.9329e-05
2.72232 8.87184e-05
2.72735 8.73539e-05
2.73238 8.67559e-05
2.73743 8.54237e-05
2.74248 8.48626e-05
2.74755 8.36569e-05
2.75262 8.31006e-05
2.7577 8.19595e-05
2.7628 8.13915e-05
2.7679 8.02586e-05
2.77301 7.96806e-05
2.77813 7.85566e-05
2.78326 7.79564e-05
2.7884 7.68449e-05
2.79355 7.62374e-05
2.79871 7.51488e-05
2.80387 7.45213e-05
2.80905 7.34604e-05
2.81424 7.28367e-05
2.81944 7.18222e-05
2.82464 7.12261e-05
2.82986 7.0319e-05
2.83508 6.9716e-05
2.84032 6.88747e-05
2.84556 6.82426e-05
2.85082 6.74223e-05
2.85608 6.67513e-05
2.86136 6.59655e-05
2.86664 6.5253e-05
2.87193 6.45121e-05
2.87724 6.3739e-05
2.88255 6.30621e-05
2.88787 6.22158e-05
2.89321 6.16272e-05
2.89855 6.05943e-05
2.9039 6.02389e-05
2.90926 5.93064e-05
2.91464 5.89618e-05
2.92002 5.80846e-05
2.92541 5.77248e-05
2.93081 5.68564e-05
2.93623 5.64888e-05
2.94165 5.56223e-05
2.94708 5.52511e-05
2.95252 5.43856e-05
2.95797 5.40047e-05
2.96344 5.31522e-05
2.96891 5.27727e-05
2.97439 5.19284e-05
2.97988 5.15492e-05
2.98539 5.07335e-05
2.9909 5.03784e-05
2.99642 4.9638e-05
3.00195 4.92905e-05
3.0075 4.8594e-05
3.01305 4.82382e-05
3.01862 4.7548e-05
3.02419 4.71775e-05
3.02977 4.65003e-05
3.03537 4.61131e-05
3.04097 4.54469e-05
3.04659 4.50468e-05
3.05222 4.44015e-05
3.05785 4.39844e-05
3.0635 4.33605e-05
3.06916 4.29387e-05
3.07482 4.23529e-05
3.0805 4.19422e-05
3.08619 4.14214e-05
3.09189 4.10092e-05
3.0976 4.05363e-05
3.10332 4.00921e-05
3.10905 3.96535e-05
3.11479 3.91633e-05
3.12054 3.8763e-05
3.1263 3.82064e-05
3.13208 3.78721e-05
3.13786 3.72206e-05
3.14365 3.69831e-05
3.14946 3.63385e-05
3.15528 3.61045e-05
3.1611 3.54724e-05
3.16694 3.52538e-05
3.17279 3.46792e-05
3.17865 3.44676e-05
3.18452 3.3936e-05
3.1904 3.3717e-05
3.19629 3.31894e-05
3.20219 3.29652e-05
3.2081 3.24386e-05
3.21403 3.22075e-05
3.21996 3.16852e-05
3.22591 3.14528e-05
3.23187 3.09327e-05
3.23783 3.06972e-05
3.24381 3.01881e-05
3.2498 2.99499e-05
3.2558 2.94573e-05
3.26182 2.92326e-05
3.26784 2.87882e-05
3.27387 2.85692e-05
3.27992 2.81599e-05
3.28598 2.79293e-05
3.29204 2.75282e-05
3.29812 2.72872e-05
3.30421 2.68952e-05
3.31031 2.66428e-05
3.31643 2.62582e-05
3.32255 2.59915e-05
3.32869 2.56237e-05
3.33483 2.53444e-05
3.34099 2.49957e-05
3.34716 2.46999e-05
3.35334 2.43829e-05
3.35953 2.40842e-05
3.36574 2.38174e-05
3.37195 2.35085e-05
3.37818 2.32864e-05
3.38442 2.29112e-05
3.39067 2.27563e-05
3.39693 2.23598e-05
3.4032 2.22214e-05
3.40949 2.18248e-05
3.41578 2.16828e-05
3.42209 2.12918e-05
3.42841 2.11478e-05
3.43474 2.07611e-05
3.44108 2.06194e-05
3.44744 2.02398e-05
3.4538 2.0106e-05
3.46018 1.97591e-05
3.46657 1.96308e-05
3.47297 1.93181e-05
3.47939 1.91852e-05
3.48581 1.8872e-05
3.49225 1.87373e-05
3.4987 1.84256e-05
3.50516 1.82859e-05
3.51163 1.79779e-05
3.51811 1.7833e-05
3.52461 1.75284e-05
3.53112 1.73808e-05
3.53764 1.70835e-05
3.54417 1.6934e-05
3.55072 1.66471e-05
3.55727 1.65029e-05
3.56384 1.62461e-05
3.57042 1.61064e-05
3.57702 1.58747e-05
3.58362 1.57265e-05
3.59024 1.55032e-05
3.59687 1.53439e-05
3.60351 1.51284e-05
3.61017 1.49582e-05
3.61683 1.47532e-05
3.62351 1.45675e-05
3.6302 1.43772e-05
3.63691 1.41734e-05
3.64362 1.40045e-05
3.65035 1.37744e-05
3.65709 1.36411e-05
3.66384 1.33816e-05
3.67061 1.33052e-05
3.67739 1.30739e-05
3.68418 1.29951e-05
3.69098 1.27635e-05
3.6978 1.26828e-05
3.70463 1.24509e-05
3.71147 1.23696e-05
3.71832 1.21383e-05
3.72519 1.20543e-05
3.73207 1.18246e-05
3.73896 1.1739e-05
3.74586 1.15129e-05
3.75278 1.14278e-05
3.75971 1.12062e-05
3.76665 1.1125e-05
3.77361 1.09214e-05
3.78058 1.08453e-05
3.78756 1.0665e-05
3.79455 1.05856e-05
3.80156 1.04067e-05
3.80858 1.03239e-05
3.81561 1.01468e-05
3.82266 1.00611e-05
3.82972 9.88607e-06
3.83679 9.79602e-06
3.84387 9.62445e-06
3.85097 9.53248e-06
3.85808 9.36536e-06
3.86521 9.26893e-06
3.87234 9.11093e-06
3.87949 9.01616e-06
3.88666 8.87615e-06
3.89384 8.78486e-06
3.90103 8.66253e-06
3.90823 8.56342e-06
3.91545 8.44815e-06
3.92268 8.3377e-06
3.92992 8.23306e-06
3.93718 8.10827e-06
3.94445 8.01608e-06
3.95173 7.86402e-06
3.95903 7.79969e-06
3.96634 7.63395e-06
3.97366 7.58462e-06
3.981 7.4214e-06
3.98835 7.3745e-06
3.99572 7.22348e-06
4.0031 7.18035e-06
4.01049 7.04792e-06
4.01789 7.00332e-06
4.02531 6.87171e-06
4.03275 6.82569e-06
4.04019 6.69435e-06
4.04765 6.64701e-06
4.05513 6.5162e-06
4.06262 6.46733e-06
4.07012 6.33746e-06
4.07763 6.28759e-06
4.08516 6.15918e-06
4.09271 6.10978e-06
4.10027 5.98428e-06
4.10784 5.93649e-06
4.11542 5.82123e-06
4.12302 5.77653e-06
4.13064 5.67685e-06
4.13826 5.63032e-06
4.14591 5.53216e-06
4.15356 5.4824e-06
4.16123 5.38604e-06
4.16892 5.33329e-06
4.17661 5.23932e-06
4.18433 5.18337e-06
4.19205 5.09215e-06
4.19979 5.03265e-06
4.20755 4.94569e-06
4.21532 4.88208e-06
4.2231 4.80262e-06
4.2309 4.73737e-06
4.23871 4.66899e-06
4.24654 4.60556e-06
4.25438 4.55057e-06
4.26224 4.47648e-06
4.27011 4.43156e-06
4.278 4.33866e-06
4.2859 4.31166e-06
4.29381 4.21889e-06
4.30174 4.19106e-06
4.30968 4.0987e-06
4.31764 4.07056e-06
4.32561 3.97879e-06
4.3336 3.95071e-06
4.3416 3.85998e-06
4.34962 3.8334e-06
4.35765 3.74871e-06
4.3657 3.72493e-06
4.37376 3.65283e-06
4.38184 3.62812e-06
4.38993 3.5561e-06
4.39804 3.53024e-06
4.40616 3.45891e-06
4.41429 3.43207e-06
4.42245 3.36063e-06
4.43061 3.33308e-06
4.43879 3.26249e-06
4.44699 3.23385e-06
4.4552 3.16438e-06
4.46343 3.13519e-06
4.47167 3.06793e-06
4.47993 3.03935e-06
4.4882 2.97749e-06
4.49649 2.95134e-06
4.50479 2.89937e-06
4.51311 2.87151e-06
4.52144 2.821e-06
4.52979 2.79047e-06
4.53816 2.74181e-06
4.54654 2.70876e-06
4.55493 2.662e-06
4.56335 2.62592e-06
4.57177 2.58238e-06
4.58021 2.5422e-06
4.58867 2.50284e-06
4.59715 2.45772e-06
4.60564 2.42473e-06
4.61414 2.37236e-06
4.62266 2.3518e-06
4.6312 2.30222e-06
4.63975 2.28866e-06
4.64832 2.23897e-06
4.6569 2.22515e-06
4.6655 2.17543e-06
4.67411 2.16111e-06
4.68275 2.11144e-06
4.69139 2.09668e-06
4.70006 2.04698e-06
4.70874 2.03182e-06
4.71743 1.98276e-06
4.72614 1.9677e-06
4.73487 1.91927e-06
4.74361 1.90453e-06
4.75237 1.85911e-06
4.76115 1.84643e-06
4.76994 1.80859e-06
4.77875 1.79529e-06
4.78757 1.75776e-06
4.79641 1.74381e-06
4.80527 1.70664e-06
4.81414 1.69202e-06
4.82303 1.65498e-06
4.83194 1.63946e-06
4.84086 1.60328e-06
4.8498 1.58699e-06
4.85876 1.55155e-06
4.86773 1.53459e-06
4.87672 1.50065e-06
4.88572 1.4831e-06
4.89475 1.45242e-06
4.90378 1.43697e-06
4.91284 1.41207e-06
4.92191 1.39482e-06
4.931 1.37135e-06
4.94011 1.35227e-06
4.94923 1.33032e-06
4.95837 1.30865e-06
4.96752 1.28907e-06
4.9767 1.26344e-06
4.98589 1.24758e-06
4.99509 1.21429e-06
5.00432 1.20627e-06
5.01356 1.17333e-06
5.02282 1.16551e-06
5.03209 1.13407e-06
5.04138 1.12745e-06
5.05069 1.10216e-06
5.06002 1.09519e-06
5.06936 1.06995e-06
5.07873 1.06274e-06
5.0881 1.03745e-06
5.0975 1.03017e-06
5.10691 1.00484e-06
5.11634 9.97199e-07
5.12579 9.71979e-07
5.13526 9.6415e-07
5.14474 9.39204e-07
5.15424 9.31234e-07
5.16376 9.06592e-07
5.17329 8.98781e-07
5.18285 8.75549e-07
5.19242 8.68882e-07
5.202 8.50339e-07
5.21161 8.43271e-07
5.22123 8.24856e-07
5.23088 8.17289e-07
5.24054 7.99248e-07
5.25021 7.91197e-07
5.25991 7.73341e-07
5.26962 7.64599e-07
5.27935 7.47414e-07
5.2891 7.38012e-07
5.29887 7.2146e-07
5.30865 7.11358e-07
5.31846 6.95837e-07
5.32828 6.84993e-07
5.33812 6.71408e-07
5.34797 6.6174e-07
5.35785 6.51557e-07
5.36774 6.40319e-07
5.37765 6.31564e-07
5.38758 6.17844e-07
5.39753 6.1141e-07
5.4075 5.95029e-07
5.41749 5.91091e-07
5.42749 5.74707e-07
5.43751 5.70686e-07
5.44755 5.54339e-07
5.45761 5.50354e-07
5.46769 5.34158e-07
5.47779 5.30209e-07
5.4879 5.14535e-07
5.49804 5.11347e-07
5.50819 4.99128e-07
5.51836 4.95785e-07
5.52855 4.83606e-07
5.53876 4.80139e-07
5.54899 4.67973e-07
5.55923 4.64364e-07
5.5695 4.52231e-07
5.57979 4.48417e-07
5.59009 4.36327e-07
5.60041 4.32389e-07
5.61075 4.20468e-07
5.62111 4.16408e-07
5.63149 4.04713e-07
5.64189 4.00584e-07
5.65231 3.89497e-07
5.66275 3.86038e-07
5.67321 3.77526e-07
5.68368 3.73757e-07
5.69418 3.65469e-07
5.70469 3.61385e-07
5.71523 3.53334e-07
5.72578 3.48827e-07
5.73635 3.41093e-07
5.74695 3.36116e-07
5.75756 3.28754e-07
5.76819 3.2313e-07
5.77884 3.16474e-07
5.78951 3.10148e-07
5.8002 3.0425e-07
5.81092 2.96879e-07
5.82165 2.92617e-07
5.8324 2.84923e-07
5.84317 2.83315e-07
5.85396 2.75698e-07
5.86477 2.74035e-07
5.8756 2.66419e-07
5.88645 2.64676e-07
5.89732 2.57056e-07
5.90821 2.55248e-07
5.91912 2.47617e-07
5.93005 2.45753e-07
5.941 2.3815e-07
5.95197 2.36273e-07
5.96296 2.28729e-07
5.97397 2.26893e-07
5.985 2.19571e-07
5.99605 2.18076e-07
6.00713 2.12449e-07
6.01822 2.10889e-07
6.02933 2.05397e-07
6.04047 2.03788e-07
6.05162 1.98276e-07
6.06279 1.96557e-07
6.07399 1.91117e-07
6.08521 1.89275e-07
6.09644 1.83899e-07
6.1077 1.81942e-07
6.11898 1.76658e-07
6.13028 1.74591e-07
6.1416 1.69477e-07
6.15294 1.67312e-07
6.1643 1.62549e-07
6.17569 1.60696e-07
6.18709 1.57087e-07
6.19851 1.55091e-07
6.20996 1.51753e-07
6.22143 1.49518e-07
6.23292 1.46357e-07
6.24443 1.43799e-07
6.25596 1.40925e-07
6.26751 1.37895e-07
6.27908 1.3544e-07
6.29068 1.31747e-07
6.30229 1.29985e-07
6.31393 1.2541e-07
6.32559 1.24545e-07
6.33727 1.20068e-07
6.34897 1.19375e-07
6.3607 1.15932e-07
6.37244 1.15242e-07
6.38421 1.11933e-07
6.396 1.11198e-07
6.40781 1.07903e-07
6.41964 1.07146e-07
6.4315 1.03841e-07
6.44338 1.0305e-07
6.45527 9.97251e-08
6.46719 9.89079e-08
6.47914 9.56131e-08
6.4911 9.47827e-08
6.50309 9.15219e-08
6.5151 9.07016e-08
6.52713 8.75429e-08
6.53918 8.68683e-08
6.55126 8.4426e-08
6.56335 8.37465e-08
6.57547 8.14436e-08
6.58761 8.07009e-08
6.59978 7.84269e-08
6.61197 7.7636e-08
6.62418 7.53933e-08
6.63641 7.45199e-08
6.64866 7.23251e-08
6.66094 7.13551e-08
6.67324 6.92604e-08
6.68556 6.82117e-08
6.69791 6.62012e-08
6.71028 6.50572e-08
6.72267 6.32669e-08
6.73508 6.22542e-08
6.74752 6.09405e-08
6.75998 5.98426e-08
6.77246 5.8726e-08
6.78497 5.73999e-08
6.7975 5.64907e-08
6.81005 5.45869e-08
6.82263 5.42361e-08
6.83522 5.23247e-08
6.84785 5.19631e-08
6.86049 5.00547e-08
6.87316 4.96874e-08
6.88585 4.77913e-08
6.89857 4.74246e-08
6.91131 4.55693e-08
6.92407 4.52796e-08
6.93686 4.38418e-08
6.94967 4.35596e-08
6.9625 4.22235e-08
6.97536 4.19278e-08
6.98824 4.05901e-08
7.00114 4.02826e-08
7.01407 3.89481e-08
7.02702 3.86275e-08
7.04 3.72885e-08
7.053 3.69507e-08
7.06602 3.56239e-08
7.07907 3.5274e-08
7.09214 3.39618e-08
7.10524 3.36055e-08
7.11836 3.23506e-08
7.1315 3.20473e-08
7.14467 3.10837e-08
7.15787 3.07787e-08
7.17108 2.99125e-08
7.18433 2.95728e-08
7.19759 2.8727e-08
7.21088 2.83563e-08
7.2242 2.75351e-08
7.23754 2.71125e-08
7.2509 2.63273e-08
7.26429 2.5846e-08
7.27771 2.51169e-08
7.29115 2.45749e-08
7.30461 2.39155e-08
7.3181 2.32754e-08
7.33161 2.27563e-08
7.34515 2.21318e-08
7.35872 2.18376e-08
7.3723 2.1114e-08
7.38592 2.09904e-08
7.39956 2.02635e-08
7.41322 2.01372e-08
7.42691 1.94079e-08
7.44062 1.92752e-08
7.45436 1.85422e-08
7.46813 1.8405e-08
7.48192 1.76728e-08
7.49574 1.75324e-08
7.50958 1.68056e-08
7.52345 1.66658e-08
7.53734 1.59543e-08
7.55126 1.5841e-08
7.5652 1.52858e-08
7.57917 1.51824e-08
7.59317 1.46845e-08
7.60719 1.45754e-08
7.62124 1.40793e-08
7.63531 1.39622e-08
7.64941 1.34671e-08
7.66353 1.33415e-08
7.67769 1.28497e-08
7.69186 1.27145e-08
7.70607 1.22295e-08
7.7203 1.20828e-08
7.73455 1.16094e-08
7.74884 1.14537e-08
7.76315 1.10076e-08
7.77748 1.08733e-08
7.79184 1.05313e-08
7.80623 1.03969e-08
7.82065 1.01065e-08
7.83509 9.95415e-09
7.84956 9.67923e-09
7.86405 9.50199e-09
7.87857 9.24703e-09
7.89312 9.03831e-09
7.9077 8.81e-09
7.9223 8.55426e-09
7.93693 8.37182e-09
7.95158 8.0241e-09
7.96627 7.93624e-09
7.98098 7.56084e-09
7.99572 7.51566e-09
8.01048 7.22109e-09
8.02527 7.18023e-09
8.04009 6.92468e-09
8.05494 6.88197e-09
8.06981 6.62636e-09
8.08472 6.58206e-09
8.09965 6.32551e-09
8.1146 6.27904e-09
8.12959 6.02088e-09
8.1446 5.9719e-09
8.15964 5.71488e-09
8.17471 5.6657e-09
8.1898 5.4085e-09
8.20492 5.35947e-09
8.22008 5.10866e-09
8.23526 5.06825e-09
8.25046 4.87142e-09
8.2657 4.83455e-09
8.28096 4.66669e-09
8.29625 4.62726e-09
8.31157 4.46103e-09
8.32692 4.41772e-09
8.3423 4.25348e-09
8.3577 4.20481e-09
8.37314 4.04293e-09
8.3886 3.98878e-09
8.40409 3.83125e-09
8.41961 3.77202e-09
8.43516 3.62046e-09
8.45073 3.55436e-09
8.46634 3.41479e-09
8.48197 3.35394e-09
8.49763 3.25105e-09
8.51333 3.19009e-09
8.52905 3.11069e-09
8.5448 3.03722e-09
8.56057 2.96929e-09
8.57638 2.87609e-09
8.59222 2.82665e-09
8.60809 2.70074e-09
8.62398 2.68206e-09
8.63991 2.55604e-09
8.65586 2.53727e-09
8.67185 2.4114e-09
8.68786 2.3926e-09
8.7039 2.2681e-09
8.71997 2.25325e-09
8.73608 2.15416e-09
8.75221 2.14158e-09
8.76837 2.05998e-09
8.78456 2.04668e-09
8.80078 1.96501e-09
8.81704 1.95124e-09
8.83332 1.86923e-09
8.84963 1.85457e-09
8.86597 1.77194e-09
8.88234 1.7566e-09
8.89874 1.67438e-09
8.91518 1.6583e-09
8.93164 1.57685e-09
8.94813 1.56004e-09
8.96466 1.48086e-09
8.98121 1.46667e-09
8.9978 1.40399e-09
9.01441 1.39148e-09
9.03106 1.34082e-09
9.04773 1.32679e-09
9.06444 1.27731e-09
9.08118 1.26136e-09
9.09795 1.21308e-09
9.11475 1.19442e-09
9.13158 1.14823e-09
9.14844 1.12654e-09
9.16534 1.08279e-09
9.18226 1.05764e-09
9.19922 1.01744e-09
9.2162 9.87365e-10
9.23322 9.53865e-10
9.25027 9.24033e-10
9.26736 9.02551e-10
9.28447 8.70672e-10
9.30161 8.60952e-10
9.31879 8.23791e-10
9.336 8.18985e-10
9.35324 7.81687e-10
9.37051 7.76609e-10
9.38781 7.39053e-10
9.40515 7.33715e-10
9.42252 6.95932e-10
9.43992 6.90542e-10
9.45735 6.52884e-10
9.47481 6.47502e-10
9.49231 6.10315e-10
9.50984 6.059e-10
9.5274 5.75755e-10
9.54499 5.7228e-10
9.56262 5.48794e-10
9.58027 5.45111e-10
9.59797 5.21531e-10
9.61569 5.17731e-10
9.63345 4.94125e-10
9.65123 4.89947e-10
9.66906 4.6633e-10
9.68691 4.61629e-10
9.7048 4.38295e-10
9.72272 4.33287e-10
9.74067 4.10305e-10
9.75866 4.04777e-10
9.77668 3.82708e-10
9.79474 3.77687e-10
9.81282 3.60295e-10
9.83094 3.55946e-10
9.8491 3.42922e-10
9.86728 3.37838e-10
9.88551 3.25456e-10
9.90376 3.19483e-10
9.92205 3.07798e-10
9.94037 3.00465e-10
9.95873 2.89878e-10
9.97712 2.8084e-10
9.99554 2.71845e-10
10.014 2.60391e-10
10.0325 2.53823e-10
10.051 2.37718e-10
10.0696 2.36234e-10
10.0882 2.22948e-10
10.1068 2.21849e-10
10.1255 2.11999e-10
10.1442 2.10844e-10
10.1629 2.00944e-10
10.1817 1.99743e-10
10.2005 1.8976e-10
10.2193 1.88527e-10
10.2382 1.78466e-10
10.2571 1.77163e-10
10.276 1.67051e-10
10.295 1.65724e-10
10.314 1.55629e-10
10.333 1.54311e-10
10.3521 1.44323e-10
10.3712 1.43206e-10
10.3904 1.34973e-10
10.4096 1.34166e-10
10.4288 1.2817e-10
10.4481 1.27269e-10
10.4674 1.21304e-10
10.4867 1.20313e-10
10.5061 1.14371e-10
10.5255 1.13213e-10
10.5449 1.07348e-10
10.5644 1.05985e-10
10.5839 1.0025e-10
10.6034 9.87056e-11
10.623 9.31674e-11
10.6426 9.13605e-11
10.6623 8.61604e-11
10.682 8.44064e-11
10.7017 8.03741e-11
10.7214 7.89027e-11
10.7412 7.62272e-11
10.7611 7.4397e-11
10.7809 7.20384e-11
10.8008 6.97015e-11
10.8208 6.78091e-11
10.8408 6.46141e-11
10.8608 6.35107e-11
10.8809 5.95618e-11
10.9009 5.91795e-11
10.9211 5.52257e-11
10.9412 5.48493e-11
10.9614 5.09111e-11
10.9817 5.05956e-11
11.002 4.72803e-11
11.0223 4.7094e-11
11.0426 4.4806e-11
11.063 4.45986e-11
11.0835 4.2296e-11
11.1039 4.20859e-11
11.1244 3.97663e-11
11.145 3.95459e-11
11.1655 3.72028e-11
11.1862 3.69588e-11
11.2068 3.46086e-11
11.2275 3.43463e-11
11.2483 3.20023e-11
11.269 3.1734e-11
11.2898 2.9419e-11
11.3107 2.91776e-11
11.3316 2.72428e-11
11.3525 2.70799e-11
11.3735 2.57937e-11
11.3945 2.55972e-11
11.4155 2.43266e-11
11.4366 2.40841e-11
11.4577 2.28437e-11
11.4789 2.25443e-11
11.5001 2.13311e-11
11.5213 2.09556e-11
11.5426 1.98034e-11
11.5639 1.93348e-11
11.5852 1.82705e-11
11.6066 1.76993e-11
11.6281 1.67475e-11
11.6495 1.61272e-11
11.671 1.54739e-11
11.6926 1.49466e-11
11.7142 1.46438e-11
11.7358 1.38342e-11
11.7575 1.38022e-11
11.7792 1.2987e-11
11.801 1.29497e-11
11.8227 1.21267e-11
11.8446 1.20801e-11
11.8664 1.12488e-11
11.8884 1.12e-11
11.9103 1.0364e-11
11.9323 1.03142e-11
11.9543 9.47952e-12
11.9764 9.43898e-12
11.9985 8.71749e-12
12.0207 8.71032e-12
12.0429 8.25567e-12
12.0651 8.24409e-12
12.0874 7.78551e-12
12.1097 7.77044e-12
12.1321 7.30767e-12
12.1545 7.28521e-12
12.1769 6.81983e-12
12.1994 6.78733e-12
12.2219 6.32089e-12
12.2445 6.28115e-12
12.2671 5.81669e-12
12.2898 5.76754e-12
12.3125 5.31384e-12
12.3352 5.26432e-12
12.358 4.88134e-12
12.3808 4.85422e-12
12.4037 4.62755e-12
12.4266 4.58341e-12
12.4495 4.36553e-12
12.4725 4.30593e-12
12.4955 4.09854e-12
12.5186 4.01622e-12
12.5417 3.82438e-12
12.5649 3.71153e-12
12.5881 3.5427e-12
12.6113 3.39076e-12
12.6346 3.25957e-12
12.658 3.0456e-12
12.6813 2.9741e-12
12.7048 2.72535e-12
12.7282 2.72974e-12
12.7517 2.58532e-12
12.7753 2.58724e-12
12.7989 2.44071e-12
12.8225 2.44131e-12
12.8462 2.29227e-12
12.8699 2.29208e-12
12.8937 2.1402e-12
12.9175 2.13717e-12
12.9413 1.98236e-12
12.9652 1.97744e-12
12.9892 1.82148e-12
13.0131 1.81725e-12
13.0372 1.65975e-12
13.0612 1.65516e-12
13.0854 1.51559e-12
13.1095 1.51657e-12
13.1337 1.4364e-12
13.158 1.43583e-12
13.1823 1.35479e-12
13.2066 1.3523e-12
13.231 1.27098e-12
13.2555 1.2662e-12
13.2799 1.1843e-12
13.3045 1.17626e-12
13.329 1.09466e-12
13.3536 1.08341e-12
13.3783 1.00399e-12
13.403 9.89413e-13
13.4277 9.12245e-13
13.4525 8.94963e-13
13.4774 8.3012e-13
13.5023 8.19446e-13
13.5272 7.85249e-13
13.5522 7.70311e-13
13.5772 7.38833e-13
13.6023 7.17889e-13
13.6274 6.9114e-13
13.6526 6.61215e-13
13.6778 6.41984e-13
13.703 5.93436e-13
13.7283 5.91219e-13
13.7537 5.42426e-13
13.7791 5.40245e-13
13.8045 4.9099e-13
13.83 4.88433e-13
13.8556 4.42983e-13
13.8811 4.42474e-13
13.9068 4.17737e-13
13.9325 4.16928e-13
13.9582 3.91787e-13
13.984 3.90788e-13
14.0098 3.65351e-13
14.0357 3.64153e-13
14.0616 3.38181e-13
14.0875 3.36659e-13
14.1136 3.10213e-13
14.1396 3.08535e-13
14.1657 2.82055e-13
14.1919 2.80306e-13
14.2181 2.53514e-13
14.2443 2.51603e-13
14.2706 2.2712e-13
14.297 2.26189e-13
14.3234 2.13172e-13
14.3499 2.11885e-13
14.3763 1.98909e-13
14.4029 1.97249e-13
14.4295 1.84481e-13
14.4561 1.8231e-13
14.4828 1.69731e-13
14.5096 1.66888e-13
14.5364 1.54612e-13
14.5632 1.51063e-13
14.5901 1.39522e-13
14.617 1.34995e-13
14.644 1.24229e-13
14.6711 1.1875e-13
14.6982 1.10208e-13
14.7253 1.06512e-13
14.7525 1.02841e-13
14.7797 9.7684e-14
14.807 9.53873e-14
14.8344 8.83806e-14
14.8618 8.78842e-14
14.8892 8.07985e-14
14.9167 8.02439e-14
14.9443 7.30297e-14
14.9719 7.24596e-14
14.9995 6.52374e-14
15.0272 6.47254e-14
15.055 5.7449e-14
15.0828 5.68785e-14
15.1106 4.99397e-14
15.1385 4.97248e-14
15.1665 4.62873e-14
15.1945 4.60623e-14
15.2225 4.25855e-14
15.2506 4.23897e-14
15.2788 3.8904e-14
15.307 3.86996e-14
15.3353 3.51608e-14
15.3636 3.48888e-14
15.392 3.12957e-14
15.4204 3.09911e-14
15.4489 2.74583e-14
15.4774 2.714e-14
15.506 2.36181e-14
15.5346 2.32626e-14
15.5633 2.00401e-14
15.592 1.98962e-14
15.6208 1.87071e-14
15.6497 1.84761e-14
15.6786 1.72959e-14
15.7075 1.70349e-14
15.7365 1.59733e-14
15.7656 1.57061e-14
15.7947 1.46842e-14
15.8239 1.41673e-14
15.8531 1.31135e-14
15.8824 1.25053e-14
15.9117 1.17862e-14
15.9411 1.07878e-14
15.9705 9.46997e-15
16 0
