# 1:pT 2:PhotonSpectrum=dN/d^2xT d^2pT dy
0.01 0.0244381
0.0100185 0.0244224
0.010037 0.0243605
0.0100555 0.0243432
0.0100741 0.0242804
0.0100927 0.024261
0.0101113 0.0241985
0.01013 0.0241768
0.0101487 0.0241136
0.0101674 0.0240899
0.0101862 0.0240254
0.010205 0.0239989
0.0102239 0.0239332
0.0102427 0.0239036
0.0102617 0.0238359
0.0102806 0.0238014
0.0102996 0.0237296
0.0103186 0.0236855
0.0103377 0.0235974
0.0103567 0.023551
0.0103759 0.0234634
0.010395 0.0234147
0.0104142 0.023328
0.0104335 0.0232764
0.0104527 0.0231915
0.010472 0.0231375
0.0104914 0.023054
0.0105107 0.0229981
0.0105301 0.022917
0.0105496 0.0228575
0.0105691 0.0227787
0.0105886 0.0227177
0.0106081 0.0226435
0.0106277 0.022582
0.0106474 0.0225143
0.010667 0.0224487
0.0106867 0.0223841
0.0107065 0.0223149
0.0107262 0.0222539
0.010746 0.0221774
0.0107659 0.0221219
0.0107858 0.0220372
0.0108057 0.0219895
0.0108256 0.0218906
0.0108456 0.0218564
0.0108656 0.021759
0.0108857 0.021724
0.0109058 0.0216274
0.0109259 0.0215943
0.0109461 0.0215063
0.0109663 0.0214715
0.0109866 0.0213845
0.0110069 0.0213479
0.0110272 0.0212617
0.0110476 0.0212234
0.011068 0.0211376
0.0110884 0.0210982
0.0111089 0.0210124
0.0111294 0.0209713
0.0111499 0.0208869
0.0111705 0.0208441
0.0111912 0.0207616
0.0112118 0.0207173
0.0112325 0.0206379
0.0112533 0.0205944
0.0112741 0.0205202
0.0112949 0.020475
0.0113157 0.0204021
0.0113366 0.0203543
0.0113576 0.0202833
0.0113785 0.0202334
0.0113995 0.0201638
0.0114206 0.0201113
0.0114417 0.0200429
0.0114628 0.0199872
0.011484 0.0199225
0.0115052 0.0198636
0.0115264 0.0198013
0.0115477 0.0197394
0.011569 0.0196824
0.0115904 0.0196199
0.0116118 0.019569
0.0116332 0.0195009
0.0116547 0.0194556
0.0116762 0.0193748
0.0116978 0.0193413
0.0117194 0.0192557
0.0117411 0.0192254
0.0117627 0.0191401
0.0117845 0.019109
0.0118062 0.0190239
0.011828 0.0189915
0.0118499 0.0189082
0.0118717 0.0188752
0.0118937 0.0187934
0.0119156 0.0187614
0.0119376 0.0186862
0.0119597 0.0186529
0.0119818 0.01858
0.0120039 0.0185451
0.0120261 0.0184719
0.0120483 0.0184359
0.0120705 0.0183635
0.0120928 0.0183257
0.0121151 0.0182544
0.0121375 0.0182148
0.0121599 0.0181445
0.0121824 0.0181033
0.0122049 0.0180347
0.0122274 0.0179924
0.01225 0.0179267
0.0122726 0.0178844
0.0122953 0.0178239
0.012318 0.0177798
0.0123407 0.0177215
0.0123635 0.0176753
0.0123863 0.0176183
0.0124092 0.0175694
0.0124321 0.017514
0.0124551 0.0174617
0.0124781 0.0174098
0.0125011 0.0173538
0.0125242 0.0173041
0.0125473 0.0172432
0.0125705 0.0171986
0.0125937 0.0171321
0.012617 0.0170956
0.0126403 0.017022
0.0126636 0.0169972
0.012687 0.0169257
0.0127104 0.0168994
0.0127339 0.0168283
0.0127574 0.0168007
0.012781 0.0167298
0.0128046 0.0167017
0.0128282 0.0166309
0.0128519 0.0166018
0.0128756 0.0165317
0.0128994 0.0165013
0.0129232 0.0164328
0.0129471 0.0164023
0.012971 0.0163349
0.012995 0.0163042
0.0130189 0.0162412
0.013043 0.0162095
0.0130671 0.0161485
0.0130912 0.0161156
0.0131154 0.016055
0.0131396 0.0160198
0.0131639 0.0159606
0.0131882 0.0159239
0.0132125 0.0158653
0.0132369 0.0158277
0.0132614 0.0157696
0.0132859 0.0157302
0.0133104 0.0156742
0.013335 0.015633
0.0133596 0.0155792
0.0133843 0.0155377
0.013409 0.0154891
0.0134337 0.0154461
0.0134585 0.0153994
0.0134834 0.0153535
0.0135083 0.0153091
0.0135332 0.0152594
0.0135582 0.0152182
0.0135833 0.0151633
0.0136083 0.0151263
0.0136335 0.0150632
0.0136587 0.0150341
0.0136839 0.0149659
0.0137091 0.0149421
0.0137345 0.0148747
0.0137598 0.0148517
0.0137852 0.0147888
0.0138107 0.0147654
0.0138362 0.0147043
0.0138617 0.0146796
0.0138873 0.0146185
0.013913 0.0145928
0.0139387 0.0145324
0.0139644 0.0145056
0.0139902 0.0144458
0.014016 0.0144175
0.0140419 0.0143585
0.0140678 0.0143298
0.0140938 0.014271
0.0141198 0.0142415
0.0141459 0.0141847
0.014172 0.0141553
0.0141982 0.0141027
0.0142244 0.0140724
0.0142507 0.0140215
0.014277 0.01399
0.0143034 0.0139405
0.0143298 0.013907
0.0143563 0.0138582
0.0143828 0.0138229
0.0144093 0.0137758
0.0144359 0.0137381
0.0144626 0.0136922
0.0144893 0.0136531
0.0145161 0.0136093
0.0145429 0.0135682
0.0145697 0.0135273
0.0145966 0.0134855
0.0146236 0.0134487
0.0146506 0.0134047
0.0146776 0.0133714
0.0147047 0.0133227
0.0147319 0.0132935
0.0147591 0.0132351
0.0147863 0.0132152
0.0148136 0.0131568
0.014841 0.0131359
0.0148684 0.0130781
0.0148959 0.0130564
0.0149234 0.0129994
0.0149509 0.0129771
0.0149785 0.012921
0.0150062 0.0128988
0.0150339 0.0128456
0.0150617 0.0128233
0.0150895 0.012772
0.0151173 0.0127486
0.0151453 0.0126975
0.0151732 0.012673
0.0152012 0.0126227
0.0152293 0.0125967
0.0152574 0.0125466
0.0152856 0.0125199
0.0153138 0.0124709
0.0153421 0.0124429
0.0153705 0.0123951
0.0153988 0.0123663
0.0154273 0.0123197
0.0154558 0.0122912
0.0154843 0.0122476
0.0155129 0.0122185
0.0155415 0.012177
0.0155702 0.0121463
0.015599 0.012106
0.0156278 0.0120734
0.0156567 0.0120341
0.0156856 0.0119993
0.0157145 0.0119617
0.0157435 0.0119249
0.0157726 0.0118892
0.0158017 0.0118491
0.0158309 0.0118164
0.0158602 0.0117733
0.0158894 0.0117447
0.0159188 0.0116978
0.0159482 0.0116761
0.0159776 0.0116266
0.0160071 0.011609
0.0160367 0.0115595
0.0160663 0.0115416
0.016096 0.0114922
0.0161257 0.0114734
0.0161555 0.0114245
0.0161853 0.0114047
0.0162152 0.0113561
0.0162451 0.0113355
0.0162751 0.0112873
0.0163052 0.0112663
0.0163353 0.0112191
0.0163655 0.0111982
0.0163957 0.0111538
0.016426 0.0111328
0.0164563 0.0110901
0.0164867 0.0110677
0.0165171 0.0110255
0.0165476 0.0110022
0.0165782 0.0109607
0.0166088 0.0109364
0.0166395 0.010895
0.0166702 0.0108697
0.016701 0.0108296
0.0167318 0.0108028
0.0167627 0.0107639
0.0167937 0.010736
0.0168247 0.0106987
0.0168558 0.0106706
0.0168869 0.0106354
0.0169181 0.0106068
0.0169493 0.0105737
0.0169806 0.0105428
0.017012 0.0105113
0.0170434 0.0104783
0.0170748 0.0104483
0.0171064 0.0104125
0.017138 0.0103851
0.0171696 0.0103451
0.0172013 0.0103213
0.0172331 0.0102734
0.0172649 0.0102576
0.0172968 0.0102103
0.0173287 0.0101947
0.0173607 0.0101502
0.0173928 0.0101344
0.0174249 0.0100924
0.0174571 0.010076
0.0174893 0.0100342
0.0175216 0.0100167
0.017554 0.00997538
0.0175864 0.00995739
0.0176189 0.00991617
0.0176514 0.00989767
0.017684 0.00985669
0.0177166 0.00983728
0.0177494 0.00979723
0.0177821 0.00977696
0.017815 0.00973789
0.0178479 0.00971777
0.0178808 0.00968079
0.0179138 0.00966082
0.0179469 0.00962571
0.0179801 0.00960452
0.0180133 0.0095698
0.0180465 0.00954779
0.0180799 0.00951362
0.0181132 0.00949022
0.0181467 0.00945683
0.0181802 0.00943219
0.0182138 0.00939967
0.0182474 0.00937368
0.0182811 0.00934231
0.0183149 0.0093152
0.0183487 0.00928581
0.0183826 0.00925741
0.0184165 0.00923059
0.0184505 0.00920133
0.0184846 0.00917697
0.0185187 0.00914508
0.0185529 0.00912286
0.0185872 0.00908688
0.0186215 0.00906829
0.0186559 0.00902767
0.0186903 0.0090134
0.0187248 0.00897303
0.0187594 0.00895808
0.0187941 0.00891785
0.0188288 0.00890273
0.0188635 0.00886332
0.0188984 0.00884802
0.0189333 0.00881039
0.0189682 0.00879548
0.0190033 0.00875973
0.0190384 0.00874385
0.0190735 0.00870839
0.0191087 0.0086919
0.019144 0.00865669
0.0191794 0.00863958
0.0192148 0.00860467
0.0192503 0.00858665
0.0192858 0.00855233
0.0193214 0.00853391
0.0193571 0.0085
0.0193929 0.00848075
0.0194287 0.0084481
0.0194645 0.00842855
0.0195005 0.00839761
0.0195365 0.00837799
0.0195726 0.00834937
0.0196087 0.00832848
0.0196449 0.00830065
0.0196812 0.00827877
0.0197175 0.00825153
0.019754 0.00822823
0.0197904 0.00820202
0.019827 0.00817748
0.0198636 0.0081522
0.0199003 0.00812625
0.019937 0.00810266
0.0199738 0.00807466
0.0200107 0.00805345
0.0200477 0.00802376
0.0200847 0.00800567
0.0201218 0.00797102
0.0201589 0.00795953
0.0201962 0.00792493
0.0202335 0.00791297
0.0202708 0.00787854
0.0203082 0.00786573
0.0203457 0.00783167
0.0203833 0.00781841
0.020421 0.00778455
0.0204587 0.00777087
0.0204964 0.00773712
0.0205343 0.0077227
0.0205722 0.00768975
0.0206102 0.00767546
0.0206483 0.00764375
0.0206864 0.00762944
0.0207246 0.00759982
0.0207629 0.00758487
0.0208012 0.00755535
0.0208396 0.00753994
0.0208781 0.00751053
0.0209166 0.00749447
0.0209553 0.00746545
0.020994 0.00744818
0.0210327 0.00742014
0.0210716 0.00740228
0.0211105 0.00737464
0.0211495 0.00735614
0.0211885 0.00732967
0.0212277 0.00731058
0.0212669 0.00728576
0.0213061 0.00726683
0.0213455 0.00724383
0.0213849 0.00722361
0.0214244 0.00720138
0.0214639 0.0071798
0.0215036 0.0071584
0.0215433 0.00713529
0.0215831 0.00711532
0.0216229 0.00709026
0.0216628 0.0070721
0.0217028 0.00704352
0.0217429 0.00702862
0.0217831 0.00699607
0.0218233 0.0069854
0.0218636 0.00695414
0.021904 0.00694353
0.0219444 0.00691412
0.0219849 0.00690324
0.0220255 0.006874
0.0220662 0.00686215
0.022107 0.00683335
0.0221478 0.00682114
0.0221887 0.00679235
0.0222297 0.00677961
0.0222707 0.006751
0.0223118 0.00673758
0.022353 0.00670935
0.0223943 0.00669586
0.0224357 0.00666798
0.0224771 0.00665438
0.0225186 0.00662777
0.0225602 0.00661411
0.0226018 0.00658929
0.0226436 0.0065751
0.0226854 0.00655076
0.0227273 0.00653558
0.0227692 0.00651168
0.0228113 0.00649586
0.0228534 0.00647245
0.0228956 0.00645582
0.0229379 0.0064331
0.0229803 0.00641568
0.0230227 0.00639345
0.0230652 0.00637533
0.0231078 0.00635424
0.0231505 0.00633569
0.0231932 0.00631619
0.023236 0.00629744
0.023279 0.00627994
0.0233219 0.00625946
0.023365 0.00624317
0.0234082 0.00622061
0.0234514 0.00620594
0.0234947 0.00617881
0.0235381 0.0061686
0.0235815 0.00614074
0.0236251 0.00613086
0.0236687 0.00610305
0.0237124 0.00609285
0.0237562 0.00606564
0.0238001 0.00605527
0.023844 0.00602883
0.0238881 0.00601876
0.0239322 0.00599391
0.0239764 0.00598327
0.0240206 0.00595862
0.024065 0.00594753
0.0241094 0.00592326
0.0241539 0.00591159
0.0241985 0.0058874
0.0242432 0.0058754
0.024288 0.00585155
0.0243329 0.00583908
0.0243778 0.00581569
0.0244228 0.00580276
0.0244679 0.00577982
0.0245131 0.0057666
0.0245583 0.00574483
0.0246037 0.00573191
0.0246491 0.0057119
0.0246946 0.00569836
0.0247402 0.00567877
0.0247859 0.00566434
0.0248317 0.005645
0.0248776 0.00562978
0.0249235 0.00561118
0.0249695 0.00559487
0.0250156 0.00557689
0.0250618 0.00555968
0.0251081 0.00554237
0.0251545 0.00552414
0.0252009 0.00550822
0.0252475 0.0054887
0.0252941 0.00547464
0.0253408 0.00545422
0.0253876 0.00544269
0.0254345 0.00541874
0.0254814 0.00541037
0.0255285 0.0053866
0.0255756 0.00537783
0.0256229 0.00535395
0.0256702 0.00534499
0.0257176 0.00532136
0.0257651 0.0053121
0.0258126 0.00528862
0.0258603 0.00527897
0.0259081 0.00525603
0.0259559 0.00524625
0.0260038 0.00522398
0.0260518 0.0052146
0.0261 0.00519409
0.0261482 0.0051841
0.0261964 0.00516372
0.0262448 0.00515329
0.0262933 0.00513321
0.0263418 0.00512223
0.0263905 0.00510242
0.0264392 0.0050909
0.026488 0.00507144
0.0265369 0.0050594
0.0265859 0.00504026
0.026635 0.00502765
0.0266842 0.00500913
0.0267335 0.00499633
0.0267829 0.00497867
0.0268323 0.00496606
0.0268819 0.00494982
0.0269315 0.00493649
0.0269812 0.00492089
0.0270311 0.00490654
0.027081 0.00489142
0.027131 0.00487615
0.0271811 0.0048619
0.0272313 0.00484546
0.0272816 0.00483208
0.0273319 0.00481409
0.0273824 0.00480223
0.027433 0.00478124
0.0274836 0.00477255
0.0275344 0.00475051
0.0275852 0.00474337
0.0276362 0.00472304
0.0276872 0.00471563
0.0277383 0.00469528
0.0277896 0.00468758
0.0278409 0.00466736
0.0278923 0.00465921
0.0279438 0.0046392
0.0279954 0.00463069
0.0280471 0.00461083
0.0280989 0.00460209
0.0281508 0.00458255
0.0282027 0.0045734
0.0282548 0.00455406
0.028307 0.00454481
0.0283593 0.0045261
0.0284116 0.00451709
0.0284641 0.00449999
0.0285167 0.00449047
0.0285693 0.00447349
0.0286221 0.00446349
0.0286749 0.00444677
0.0287279 0.00443628
0.0287809 0.00441998
0.0288341 0.00440881
0.0288873 0.0043928
0.0289407 0.00438106
0.0289941 0.00436551
0.0290477 0.0043533
0.0291013 0.00433827
0.029155 0.00432564
0.0292089 0.00431152
0.0292628 0.00429906
0.0293168 0.0042866
0.029371 0.0042732
0.0294252 0.00426131
0.0294796 0.00424674
0.029534 0.00423579
0.0295885 0.00421966
0.0296432 0.00421026
0.0296979 0.00419101
0.0297527 0.00418453
0.0298077 0.00416551
0.0298627 0.00415872
0.0299179 0.00413996
0.0299731 0.00413308
0.0300285 0.00411469
0.0300839 0.00410798
0.0301395 0.00409099
0.0301951 0.00408409
0.0302509 0.00406721
0.0303068 0.00405985
0.0303627 0.00404321
0.0304188 0.00403563
0.030475 0.00401895
0.0305312 0.00401087
0.0305876 0.0039944
0.0306441 0.00398601
0.0307007 0.00396967
0.0307574 0.00396099
0.0308142 0.00394503
0.0308711 0.003936
0.0309281 0.00392056
0.0309852 0.00391166
0.0310424 0.0038975
0.0310997 0.00388843
0.0311572 0.0038745
0.0312147 0.00386485
0.0312723 0.00385124
0.0313301 0.00384113
0.0313879 0.00382782
0.0314459 0.00381706
0.031504 0.00380437
0.0315621 0.003793
0.0316204 0.00378074
0.0316788 0.00376874
0.0317373 0.00375727
0.0317959 0.00374453
0.0318546 0.00373429
0.0319135 0.00372119
0.0319724 0.00371248
0.0320314 0.00369738
0.0320906 0.00369054
0.0321498 0.0036741
0.0322092 0.00366832
0.0322687 0.00365187
0.0323283 0.00364588
0.032388 0.00362957
0.0324478 0.00362332
0.0325077 0.00360712
0.0325677 0.00360063
0.0326279 0.00358454
0.0326881 0.00357788
0.0327485 0.00356224
0.0328089 0.00355583
0.0328695 0.00354142
0.0329302 0.00353466
0.032991 0.00352058
0.033052 0.00351366
0.033113 0.00349952
0.0331741 0.00349227
0.0332354 0.00347839
0.0332968 0.00347077
0.0333583 0.00345716
0.0334199 0.0034492
0.0334816 0.00343569
0.0335434 0.00342742
0.0336053 0.00341445
0.0336674 0.00340585
0.0337296 0.0033933
0.0337919 0.00338483
0.0338543 0.00337337
0.0339168 0.00336433
0.0339794 0.00335326
0.0340421 0.00334378
0.034105 0.00333309
0.034168 0.00332298
0.0342311 0.00331273
0.0342943 0.00330185
0.0343576 0.00329221
0.0344211 0.00328053
0.0344846 0.00327157
0.0345483 0.00325864
0.0346121 0.0032511
0.034676 0.00323574
0.0347401 0.00323095
0.0348042 0.00321681
0.0348685 0.00321186
0.0349329 0.00319805
0.0349974 0.0031929
0.035062 0.00317915
0.0351267 0.00317368
0.0351916 0.00316007
0.0352566 0.00315437
0.0353217 0.00314081
0.0353869 0.00313502
0.0354523 0.0031216
0.0355177 0.00311558
0.0355833 0.00310234
0.035649 0.00309614
0.0357149 0.00308327
0.0357808 0.00307704
0.0358469 0.0030649
0.0359131 0.00305854
0.0359794 0.00304676
0.0360458 0.00304005
0.0361124 0.00302843
0.0361791 0.00302135
0.0362459 0.00300984
0.0363128 0.00300241
0.0363799 0.00299114
0.0364471 0.00298332
0.0365144 0.00297234
0.0365818 0.00296423
0.0366493 0.00295371
0.036717 0.0029453
0.0367848 0.00293531
0.0368527 0.00292707
0.0369208 0.00291802
0.036989 0.0029094
0.0370573 0.002901
0.0371257 0.00289164
0.0371943 0.00288377
0.0372629 0.00287352
0.0373318 0.00286642
0.0374007 0.00285466
0.0374698 0.00284892
0.037539 0.00283581
0.0376083 0.00283126
0.0376777 0.00281823
0.0377473 0.00281363
0.037817 0.00280076
0.0378868 0.00279618
0.0379568 0.00278417
0.0380269 0.00277939
0.0380971 0.00276766
0.0381675 0.00276268
0.0382379 0.00275096
0.0383085 0.00274578
0.0383793 0.00273418
0.0384502 0.00272873
0.0385212 0.00271726
0.0385923 0.00271165
0.0386636 0.0027003
0.038735 0.00269445
0.0388065 0.00268332
0.0388781 0.00267735
0.0389499 0.00266658
0.0390219 0.00266074
0.0390939 0.00265074
0.0391661 0.00264474
0.0392384 0.00263516
0.0393109 0.00262878
0.0393835 0.00261939
0.0394562 0.00261261
0.0395291 0.00260348
0.0396021 0.00259635
0.0396752 0.00258743
0.0397485 0.00257992
0.0398219 0.0025713
0.0398954 0.00256339
0.0399691 0.00255522
0.0400429 0.00254681
0.0401168 0.00253932
0.0401909 0.00253074
0.0402651 0.00252423
0.0403395 0.00251492
0.040414 0.00250923
0.0404886 0.00249791
0.0405633 0.00249409
0.0406383 0.00248282
0.0407133 0.00247884
0.0407885 0.00246764
0.0408638 0.00246345
0.0409393 0.00245235
0.0410149 0.00244805
0.0410906 0.00243707
0.0411665 0.00243257
0.0412425 0.00242185
0.0413186 0.00241748
0.0413949 0.00240738
0.0414714 0.002403
0.041548 0.00239319
0.0416247 0.00238854
0.0417016 0.00237892
0.0417786 0.00237397
0.0418557 0.00236446
0.041933 0.00235937
0.0420104 0.00234989
0.042088 0.00234459
0.0421657 0.00233532
0.0422436 0.00232975
0.0423216 0.00232066
0.0423998 0.00231499
0.042478 0.0023062
0.0425565 0.0023005
0.0426351 0.00229237
0.0427138 0.00228652
0.0427927 0.0022788
0.0428717 0.00227258
0.0429509 0.00226506
0.0430302 0.00225851
0.0431096 0.00225133
0.0431892 0.00224421
0.043269 0.00223739
0.0433489 0.00222984
0.0434289 0.00222341
0.0435091 0.00221522
0.0435895 0.00220944
0.04367 0.00220027
0.0437506 0.00219569
0.0438314 0.00218574
0.0439124 0.0021824
0.0439934 0.0021729
0.0440747 0.00216942
0.0441561 0.00215984
0.0442376 0.0021562
0.0443193 0.00214677
0.0444011 0.00214291
0.0444831 0.00213353
0.0445653 0.00212958
0.0446476 0.00212022
0.04473 0.00211615
0.0448126 0.00210689
0.0448954 0.00210269
0.0449783 0.00209369
0.0450613 0.00208955
0.0451445 0.00208109
0.0452279 0.00207694
0.0453114 0.00206884
0.0453951 0.00206441
0.0454789 0.0020564
0.0455629 0.00205176
0.045647 0.00204394
0.0457313 0.00203904
0.0458158 0.00203131
0.0459004 0.00202625
0.0459851 0.00201869
0.0460701 0.00201338
0.0461551 0.00200606
0.0462404 0.00200048
0.0463257 0.00199354
0.0464113 0.00198795
0.046497 0.00198151
0.0465829 0.00197574
0.0466689 0.00196973
0.0467551 0.00196357
0.0468414 0.0019579
0.0469279 0.00195116
0.0470145 0.00194594
0.0471014 0.00193853
0.0471883 0.00193388
0.0472755 0.0019248
0.0473628 0.00192179
0.0474502 0.00191277
0.0475379 0.00190972
0.0476256 0.00190085
0.0477136 0.00189775
0.0478017 0.00188946
0.04789 0.00188635
0.0479784 0.00187843
0.048067 0.00187521
0.0481558 0.00186728
0.0482447 0.00186384
0.0483338 0.00185602
0.048423 0.00185248
0.0485124 0.00184465
0.048602 0.00184091
0.0486918 0.00183321
0.0487817 0.00182937
0.0488718 0.00182173
0.048962 0.00181778
0.0490524 0.00181028
0.049143 0.00180638
0.0492338 0.00179932
0.0493247 0.00179532
0.0494158 0.00178869
0.049507 0.00178447
0.0495984 0.00177792
0.04969 0.00177347
0.0497818 0.00176711
0.0498737 0.00176237
0.0499658 0.00175617
0.0500581 0.00175123
0.0501505 0.00174526
0.0502431 0.00174002
0.0503359 0.00173423
0.0504288 0.00172871
0.050522 0.00172328
0.0506153 0.0017176
0.0507087 0.00171273
0.0508024 0.00170678
0.0508962 0.00170245
0.0509902 0.00169574
0.0510843 0.00169204
0.0511786 0.00168424
0.0512732 0.00168152
0.0513678 0.00167378
0.0514627 0.00167094
0.0515577 0.00166323
0.0516529 0.00166034
0.0517483 0.00165272
0.0518439 0.00164974
0.0519396 0.00164225
0.0520355 0.00163928
0.0521316 0.00163222
0.0522279 0.00162926
0.0523243 0.00162257
0.0524209 0.00161943
0.0525177 0.00161281
0.0526147 0.00160959
0.0527119 0.00160297
0.0528092 0.00159963
0.0529067 0.0015931
0.0530044 0.00158957
0.0531023 0.00158314
0.0532004 0.0015795
0.0532986 0.00157322
0.053397 0.00156942
0.0534956 0.00156331
0.0535944 0.00155946
0.0536934 0.00155375
0.0537925 0.00154986
0.0538919 0.00154452
0.0539914 0.00154042
0.0540911 0.00153513
0.054191 0.00153078
0.054291 0.0015257
0.0543913 0.0015211
0.0544917 0.0015162
0.0545924 0.00151126
0.0546932 0.00150664
0.0547942 0.00150129
0.0548954 0.00149703
0.0549967 0.00149119
0.0550983 0.0014875
0.0552 0.00148085
0.055302 0.00147838
0.0554041 0.00147186
0.0555064 0.00146955
0.0556089 0.00146303
0.0557116 0.00146063
0.0558144 0.0014542
0.0559175 0.00145168
0.0560208 0.0014453
0.0561242 0.00144272
0.0562279 0.00143636
0.0563317 0.00143367
0.0564357 0.00142739
0.0565399 0.00142462
0.0566443 0.0014185
0.0567489 0.0014157
0.0568537 0.00140983
0.0569587 0.0014071
0.0570639 0.00140159
0.0571693 0.00139872
0.0572748 0.00139326
0.0573806 0.00139022
0.0574866 0.0013848
0.0575927 0.0013816
0.0576991 0.00137628
0.0578056 0.0013729
0.0579124 0.00136769
0.0580193 0.00136418
0.0581264 0.00135911
0.0582338 0.00135542
0.0583413 0.00135049
0.058449 0.00134673
0.058557 0.00134215
0.0586651 0.00133828
0.0587734 0.00133403
0.058882 0.00132995
0.0589907 0.00132584
0.0590996 0.00132146
0.0592088 0.00131762
0.0593181 0.00131285
0.0594276 0.0013093
0.0595374 0.00130402
0.0596473 0.00130097
0.0597575 0.00129478
0.0598678 0.00129263
0.0599784 0.00128654
0.0600891 0.00128439
0.0602001 0.00127851
0.0603112 0.00127643
0.0604226 0.00127096
0.0605342 0.00126879
0.060646 0.00126335
0.060758 0.00126107
0.0608702 0.00125564
0.0609826 0.00125324
0.0610952 0.0012479
0.061208 0.00124541
0.061321 0.00124009
0.0614343 0.00123749
0.0615477 0.00123222
0.0616614 0.00122956
0.0617752 0.00122443
0.0618893 0.00122172
0.0620036 0.00121683
0.0621181 0.00121416
0.0622328 0.00120959
0.0623477 0.00120678
0.0624628 0.00120227
0.0625782 0.0011993
0.0626937 0.0011949
0.0628095 0.00119185
0.0629255 0.0011875
0.0630417 0.00118425
0.0631581 0.00118004
0.0632747 0.00117664
0.0633916 0.00117262
0.0635086 0.00116901
0.0636259 0.00116521
0.0637434 0.00116147
0.0638611 0.00115802
0.063979 0.00115422
0.0640972 0.00115111
0.0642155 0.00114696
0.0643341 0.00114414
0.0644529 0.00113924
0.0645719 0.00113711
0.0646912 0.00113184
0.0648106 0.00112999
0.0649303 0.00112473
0.0650502 0.00112281
0.0651703 0.0011176
0.0652907 0.00111562
0.0654113 0.00111044
0.065532 0.00110843
0.0656531 0.00110348
0.0657743 0.00110152
0.0658957 0.00109694
0.0660174 0.00109488
0.0661393 0.00109033
0.0662615 0.00108816
0.0663838 0.00108364
0.0665064 0.00108138
0.0666292 0.0010769
0.0667523 0.00107458
0.0668755 0.00107014
0.066999 0.00106773
0.0671227 0.00106339
0.0672467 0.00106082
0.0673709 0.00105661
0.0674953 0.00105406
0.0676199 0.00105006
0.0677448 0.00104748
0.0678699 0.0010438
0.0679952 0.00104108
0.0681208 0.00103748
0.0682466 0.00103462
0.0683726 0.00103109
0.0684988 0.00102808
0.0686253 0.00102465
0.0687521 0.00102144
0.068879 0.00101823
0.0690062 0.00101478
0.0691336 0.00101174
0.0692613 0.00100803
0.0693892 0.00100528
0.0695173 0.00100127
0.0696457 0.000999007
0.0697743 0.000994537
0.0699031 0.000992984
0.0700322 0.000988531
0.0701616 0.000986895
0.0702911 0.000982476
0.0704209 0.000980775
0.070551 0.000976374
0.0706812 0.000974599
0.0708118 0.000970196
0.0709425 0.00096838
0.0710735 0.000964019
0.0712048 0.000962153
0.0713362 0.000957872
0.071468 0.000955979
0.0716 0.000951839
0.0717322 0.000949965
0.0718646 0.000946173
0.0719973 0.000944227
0.0721303 0.000940455
0.0722635 0.000938424
0.0723969 0.000934711
0.0725306 0.000932568
0.0726645 0.0009289
0.0727987 0.000926656
0.0729332 0.000923047
0.0730678 0.000920741
0.0732028 0.000917204
0.0733379 0.000914776
0.0734734 0.000911353
0.073609 0.000908864
0.073745 0.000905615
0.0738812 0.000903133
0.0740176 0.00090019
0.0741543 0.00089755
0.0742912 0.00089469
0.0744284 0.000891881
0.0745658 0.000889194
0.0747035 0.000886141
0.0748415 0.000883622
0.0749797 0.000880305
0.0751181 0.000878034
0.0752568 0.000874205
0.0753958 0.00087242
0.075535 0.00086825
0.0756745 0.000866818
0.0758143 0.000862738
0.0759543 0.000861375
0.0760945 0.000857628
0.076235 0.000856193
0.0763758 0.000852471
0.0765168 0.000850965
0.0766581 0.000847246
0.0767997 0.000845663
0.0769415 0.000841995
0.0770836 0.000840363
0.0772259 0.000836716
0.0773685 0.000835001
0.0775114 0.000831413
0.0776545 0.000829682
0.0777979 0.000826122
0.0779416 0.000824351
0.0780855 0.000820929
0.0782297 0.000819185
0.0783742 0.000816054
0.0785189 0.000814216
0.0786639 0.00081109
0.0788092 0.000809158
0.0789547 0.000806125
0.0791005 0.000804074
0.0792466 0.000801076
0.0793929 0.000798922
0.0795395 0.00079602
0.0796864 0.000793717
0.0798335 0.000790897
0.0799809 0.000788528
0.0801286 0.000785814
0.0802766 0.000783319
0.0804248 0.000780839
0.0805734 0.000778391
0.0807221 0.000776164
0.0808712 0.000773505
0.0810205 0.000771429
0.0811702 0.000768481
0.08132 0.000766683
0.0814702 0.000763107
0.0816207 0.000761877
0.0817714 0.000758318
0.0819224 0.000757035
0.0820737 0.000753515
0.0822252 0.000752194
0.0823771 0.000748703
0.0825292 0.000747337
0.0826816 0.000743927
0.0828342 0.000742597
0.0829872 0.000739477
0.0831405 0.000738119
0.083294 0.000735003
0.0834478 0.000733567
0.0836019 0.00073048
0.0837563 0.000728975
0.0839109 0.000725925
0.0840659 0.000724342
0.0842211 0.000721308
0.0843766 0.000719688
0.0845325 0.000716719
0.0846885 0.000715038
0.0848449 0.000712141
0.0850016 0.00071041
0.0851586 0.000707615
0.0853158 0.000705935
0.0854734 0.000703383
0.0856312 0.000701606
0.0857893 0.000699102
0.0859478 0.000697248
0.0861065 0.000694817
0.0862655 0.000692862
0.0864248 0.000690483
0.0865844 0.00068842
0.0867442 0.000686132
0.0869044 0.000683915
0.0870649 0.000681765
0.0872257 0.000679385
0.0873868 0.000677395
0.0875481 0.000674843
0.0877098 0.000673113
0.0878718 0.000670415
0.088034 0.000669064
0.0881966 0.000666063
0.0883594 0.000664982
0.0885226 0.000661998
0.0886861 0.000660878
0.0888498 0.000657879
0.0890139 0.00065673
0.0891783 0.000653757
0.089343 0.000652543
0.0895079 0.000649596
0.0896732 0.000648349
0.0898388 0.000645426
0.0900047 0.000644159
0.0901709 0.000641313
0.0903374 0.000640067
0.0905043 0.000637447
0.0906714 0.000636163
0.0908388 0.000633574
0.0910066 0.000632221
0.0911746 0.000629663
0.091343 0.000628254
0.0915116 0.00062573
0.0916806 0.000624253
0.0918499 0.000621764
0.0920195 0.000620222
0.0921895 0.000617792
0.0923597 0.000616177
0.0925303 0.000613819
0.0927011 0.000612134
0.0928723 0.000609892
0.0930438 0.000608246
0.0932156 0.000606189
0.0933877 0.000604457
0.0935602 0.000602484
0.093733 0.000600638
0.0939061 0.000598733
0.0940795 0.000596752
0.0942532 0.000594964
0.0944272 0.00059283
0.0946016 0.000591161
0.0947763 0.000588795
0.0949513 0.000587333
0.0951266 0.000584484
0.0953023 0.000583521
0.0954783 0.000580721
0.0956546 0.000579798
0.0958312 0.000577214
0.0960082 0.000576242
0.0961855 0.000573712
0.0963631 0.00057271
0.0965411 0.000570197
0.0967193 0.00056913
0.0968979 0.000566642
0.0970769 0.00056555
0.0972561 0.00056307
0.0974357 0.000561954
0.0976156 0.000559487
0.0977959 0.000558321
0.0979765 0.000555917
0.0981574 0.000554705
0.0983387 0.000552365
0.0985203 0.000551217
0.0987022 0.000549029
0.0988845 0.000547825
0.0990671 0.00054571
0.09925 0.00054443
0.0994333 0.000542341
0.0996169 0.000541016
0.0998008 0.000538958
0.0999851 0.000537553
0.10017 0.000535557
0.100355 0.000534068
0.10054 0.000532121
0.100726 0.000530565
0.100912 0.000528688
0.101098 0.000527075
0.101285 0.000525327
0.101472 0.000523703
0.101659 0.000522113
0.101847 0.000520396
0.102035 0.000518927
0.102223 0.000517054
0.102412 0.000515703
0.102601 0.000513593
0.102791 0.00051248
0.102981 0.000510062
0.103171 0.000509213
0.103361 0.000506824
0.103552 0.000505944
0.103743 0.000503562
0.103935 0.000502664
0.104127 0.000500349
0.104319 0.000499455
0.104512 0.000497304
0.104705 0.000496399
0.104898 0.000494286
0.105092 0.000493347
0.105286 0.000491236
0.10548 0.000490248
0.105675 0.000488165
0.10587 0.000487138
0.106066 0.000485078
0.106262 0.000484021
0.106458 0.000481982
0.106654 0.000480868
0.106851 0.000478865
0.107049 0.000477733
0.107246 0.0004758
0.107444 0.000474663
0.107643 0.000472875
0.107841 0.000471721
0.108041 0.000469995
0.10824 0.000468774
0.10844 0.000467086
0.10864 0.000465777
0.108841 0.000464142
0.109042 0.000462767
0.109243 0.000461174
0.109445 0.000459714
0.109647 0.000458205
0.10985 0.00045666
0.110052 0.000455232
0.110256 0.000453599
0.110459 0.000452313
0.110663 0.000450604
0.110868 0.000449513
0.111072 0.000447466
0.111277 0.000446755
0.111483 0.000444711
0.111689 0.00044398
0.111895 0.000441945
0.112102 0.000441169
0.112309 0.000439162
0.112516 0.000438357
0.112724 0.000436362
0.112932 0.000435537
0.11314 0.000433558
0.113349 0.000432695
0.113559 0.000430771
0.113768 0.00042994
0.113978 0.000428132
0.114189 0.000427275
0.1144 0.000425536
0.114611 0.000424649
0.114823 0.000422913
0.115035 0.000421988
0.115247 0.000420264
0.11546 0.000419296
0.115673 0.000417584
0.115887 0.000416563
0.116101 0.000414893
0.116315 0.000413826
0.11653 0.00041219
0.116745 0.000411084
0.116961 0.000409527
0.117177 0.000408409
0.117393 0.000406963
0.11761 0.000405835
0.117827 0.000404466
0.118045 0.000403263
0.118263 0.000401927
0.118481 0.00040065
0.1187 0.000399374
0.118919 0.000398014
0.119139 0.000396834
0.119359 0.000395356
0.119579 0.000394275
0.1198 0.000392634
0.120021 0.000391729
0.120243 0.000389853
0.120465 0.000389221
0.120687 0.000387456
0.12091 0.00038682
0.121133 0.000385102
0.121357 0.000384444
0.121581 0.000382737
0.121806 0.000382045
0.12203 0.000380349
0.122256 0.000379625
0.122482 0.000377944
0.122708 0.000377194
0.122934 0.000375525
0.123161 0.000374741
0.123389 0.000373097
0.123617 0.000372307
0.123845 0.000370684
0.124074 0.000369906
0.124303 0.000368397
0.124532 0.000367597
0.124762 0.000366151
0.124993 0.00036532
0.125223 0.000363897
0.125455 0.000363018
0.125686 0.000361608
0.125918 0.000360682
0.126151 0.000359308
0.126384 0.000358335
0.126617 0.000356998
0.126851 0.00035598
0.127085 0.000354665
0.12732 0.000353605
0.127555 0.000352363
0.127791 0.000351297
0.128027 0.000350158
0.128263 0.000349047
0.1285 0.000347998
0.128737 0.000346793
0.128975 0.000345816
0.129213 0.000344503
0.129452 0.000343612
0.129691 0.000342072
0.12993 0.000341422
0.13017 0.000339794
0.130411 0.000339206
0.130651 0.00033759
0.130893 0.00033699
0.131134 0.000335418
0.131376 0.000334827
0.131619 0.000333342
0.131862 0.000332746
0.132106 0.000331319
0.13235 0.000330697
0.132594 0.000329276
0.132839 0.000328621
0.133084 0.000327222
0.13333 0.000326535
0.133576 0.000325135
0.133823 0.000324431
0.13407 0.000323046
0.134317 0.000322313
0.134565 0.000320953
0.134814 0.000320195
0.135063 0.000318868
0.135312 0.000318111
0.135562 0.000316871
0.135812 0.000316118
0.136063 0.000314934
0.136315 0.000314137
0.136566 0.000312986
0.136818 0.000312139
0.137071 0.000311004
0.137324 0.000310114
0.137578 0.00030902
0.137832 0.000308085
0.138086 0.000307018
0.138341 0.000306024
0.138597 0.000305023
0.138853 0.00030397
0.139109 0.000303046
0.139366 0.000301957
0.139623 0.000301147
0.139881 0.000299986
0.14014 0.000299302
0.140398 0.00029793
0.140658 0.000297431
0.140917 0.000296072
0.141177 0.000295554
0.141438 0.000294197
0.141699 0.000293663
0.141961 0.000292316
0.142223 0.000291771
0.142486 0.000290438
0.142749 0.000289877
0.143013 0.000288566
0.143277 0.000288003
0.143541 0.000286765
0.143806 0.000286203
0.144072 0.000285018
0.144338 0.000284428
0.144604 0.000283249
0.144871 0.000282634
0.145139 0.000281474
0.145407 0.000280831
0.145675 0.000279686
0.145944 0.000279015
0.146214 0.000277888
0.146484 0.000277189
0.146754 0.000276078
0.147025 0.000275363
0.147297 0.00027428
0.147569 0.000273568
0.147841 0.000272561
0.148114 0.000271832
0.148388 0.000270892
0.148662 0.000270126
0.148937 0.000269218
0.149212 0.000268404
0.149487 0.000267519
0.149763 0.000266652
0.15004 0.000265815
0.150317 0.000264877
0.150594 0.000264107
0.150872 0.000263086
0.151151 0.00026239
0.15143 0.000261221
0.15171 0.000260698
0.15199 0.000259483
0.152271 0.000259058
0.152552 0.000257904
0.152833 0.000257461
0.153116 0.000256312
0.153398 0.000255848
0.153682 0.000254698
0.153965 0.000254209
0.15425 0.000253073
0.154535 0.000252565
0.15482 0.000251437
0.155106 0.000250914
0.155392 0.0002498
0.155679 0.00024926
0.155967 0.000248167
0.156255 0.000247628
0.156543 0.000246585
0.156832 0.000246058
0.157122 0.000245066
0.157412 0.000244512
0.157703 0.000243532
0.157994 0.000242942
0.158286 0.000241979
0.158578 0.000241376
0.158871 0.000240433
0.159164 0.000239787
0.159458 0.000238866
0.159753 0.000238192
0.160048 0.000237302
0.160343 0.000236602
0.160639 0.000235742
0.160936 0.000235038
0.161233 0.00023424
0.161531 0.000233535
0.161829 0.000232806
0.162128 0.000232041
0.162427 0.000231352
0.162727 0.000230522
0.163028 0.000229885
0.163329 0.000228975
0.16363 0.000228414
0.163933 0.000227328
0.164235 0.000226933
0.164539 0.000225855
0.164842 0.000225447
0.165147 0.000224384
0.165452 0.000223975
0.165757 0.000222954
0.166063 0.000222546
0.16637 0.000221578
0.166677 0.000221156
0.166985 0.000220193
0.167293 0.000219755
0.167602 0.000218797
0.167912 0.000218339
0.168222 0.000217387
0.168532 0.000216905
0.168844 0.00021597
0.169155 0.000215472
0.169468 0.000214542
0.169781 0.000214037
0.170094 0.000213133
0.170408 0.000212622
0.170723 0.000211768
0.171038 0.000211254
0.171354 0.000210451
0.171671 0.000209925
0.171988 0.000209131
0.172305 0.000208576
0.172623 0.000207799
0.172942 0.000207218
0.173261 0.000206461
0.173581 0.000205842
0.173902 0.000205111
0.174223 0.000204462
0.174545 0.000203762
0.174867 0.000203077
0.17519 0.000202428
0.175514 0.000201712
0.175838 0.000201127
0.176162 0.000200396
0.176488 0.000199882
0.176814 0.000199039
0.17714 0.000198625
0.177467 0.000197705
0.177795 0.000197357
0.178123 0.000196439
0.178452 0.000196086
0.178782 0.000195172
0.179112 0.000194806
0.179443 0.000193903
0.179774 0.000193525
0.180106 0.000192633
0.180438 0.000192252
0.180772 0.000191403
0.181105 0.00019103
0.18144 0.000190233
0.181775 0.00018984
0.182111 0.00018905
0.182447 0.00018865
0.182784 0.000187862
0.183121 0.000187439
0.183459 0.00018666
0.183798 0.000186223
0.184138 0.000185458
0.184478 0.000185004
0.184818 0.000184247
0.18516 0.000183777
0.185502 0.00018305
0.185844 0.000182571
0.186187 0.000181876
0.186531 0.000181403
0.186876 0.000180766
0.187221 0.000180266
0.187566 0.000179637
0.187913 0.000179115
0.18826 0.000178508
0.188607 0.000177947
0.188956 0.00017737
0.189305 0.000176775
0.189654 0.000176226
0.190004 0.000175584
0.190355 0.00017508
0.190707 0.000174372
0.191059 0.000173941
0.191412 0.000173111
0.191765 0.00017283
0.192119 0.000172055
0.192474 0.00017176
0.192829 0.00017099
0.193186 0.000170682
0.193542 0.000169914
0.1939 0.000169596
0.194258 0.00016883
0.194616 0.000168494
0.194976 0.000167734
0.195336 0.000167395
0.195697 0.000166642
0.196058 0.00016629
0.19642 0.00016555
0.196783 0.000165193
0.197146 0.000164479
0.19751 0.000164124
0.197875 0.000163456
0.19824 0.00016309
0.198606 0.000162431
0.198973 0.000162046
0.199341 0.000161394
0.199709 0.000160988
0.200077 0.000160342
0.200447 0.000159918
0.200817 0.000159285
0.201188 0.000158843
0.201559 0.000158218
0.201932 0.000157756
0.202304 0.000157159
0.202678 0.000156688
0.203052 0.000156122
0.203427 0.00015566
0.203803 0.00015515
0.204179 0.00015465
0.204556 0.000154164
0.204934 0.000153631
0.205312 0.000153174
0.205692 0.000152598
0.206071 0.00015218
0.206452 0.00015153
0.206833 0.000151181
0.207215 0.000150456
0.207598 0.000150179
0.207981 0.000149467
0.208365 0.00014919
0.20875 0.000148489
0.209135 0.000148224
0.209522 0.000147578
0.209908 0.000147296
0.210296 0.000146654
0.210684 0.000146364
0.211073 0.000145719
0.211463 0.000145418
0.211854 0.000144781
0.212245 0.000144467
0.212637 0.000143835
0.21303 0.000143512
0.213423 0.000142885
0.213817 0.000142551
0.214212 0.000141937
0.214607 0.000141597
0.215004 0.000141005
0.215401 0.000140671
0.215799 0.000140123
0.216197 0.000139774
0.216596 0.000139235
0.216996 0.000138869
0.217397 0.000138342
0.217798 0.000137956
0.218201 0.000137443
0.218603 0.000137041
0.219007 0.000136539
0.219412 0.000136116
0.219817 0.000135635
0.220223 0.000135193
0.220629 0.000134733
0.221037 0.000134275
0.221445 0.000133856
0.221854 0.000133395
0.222263 0.000133025
0.222674 0.000132515
0.223085 0.000132185
0.223497 0.000131567
0.22391 0.000131338
0.224323 0.000130719
0.224737 0.000130482
0.225152 0.000129868
0.225568 0.000129618
0.225985 0.000129009
0.226402 0.000128754
0.22682 0.000128152
0.227239 0.00012789
0.227659 0.0001273
0.228079 0.000127045
0.2285 0.000126504
0.228922 0.000126243
0.229345 0.000125702
0.229768 0.000125428
0.230193 0.000124896
0.230618 0.000124609
0.231044 0.000124082
0.23147 0.000123793
0.231898 0.000123268
0.232326 0.000122971
0.232755 0.000122456
0.233185 0.000122142
0.233615 0.000121645
0.234047 0.000121328
0.234479 0.00012085
0.234912 0.000120542
0.235346 0.000120107
0.23578 0.00011978
0.236216 0.000119354
0.236652 0.00011901
0.237089 0.000118595
0.237527 0.000118233
0.237965 0.000117835
0.238405 0.000117447
0.238845 0.000117064
0.239286 0.000116651
0.239728 0.000116293
0.240171 0.000115847
0.240614 0.000115523
0.241058 0.000115027
0.241504 0.000114762
0.24195 0.000114239
0.242396 0.000114038
0.242844 0.000113519
0.243292 0.00011331
0.243742 0.000112788
0.244192 0.000112574
0.244643 0.000112058
0.245094 0.000111828
0.245547 0.000111318
0.246 0.000111083
0.246455 0.000110574
0.24691 0.000110333
0.247366 0.000109827
0.247822 0.000109582
0.24828 0.000109091
0.248739 0.000108858
0.249198 0.000108403
0.249658 0.000108161
0.250119 0.000107715
0.250581 0.000107459
0.251044 0.000107018
0.251507 0.000106754
0.251972 0.000106322
0.252437 0.000106043
0.252903 0.000105616
0.25337 0.00010533
0.253838 0.000104914
0.254307 0.000104615
0.254776 0.000104212
0.255247 0.000103904
0.255718 0.000103517
0.25619 0.000103215
0.256663 0.000102861
0.257137 0.000102545
0.257612 0.000102203
0.258088 0.00010186
0.258565 0.000101536
0.259042 0.00010117
0.25952 0.000100866
0.26 0.000100464
0.26048 0.000100189
0.260961 9.96983e-05
0.261443 9.95113e-05
0.261925 9.90227e-05
0.262409 9.88363e-05
0.262894 9.8356e-05
0.263379 9.81718e-05
0.263865 9.77321e-05
0.264353 9.75421e-05
0.264841 9.71086e-05
0.26533 9.6913e-05
0.26582 9.648e-05
0.266311 9.6277e-05
0.266803 9.58468e-05
0.267295 9.56364e-05
0.267789 9.52092e-05
0.268283 9.49922e-05
0.268779 9.45692e-05
0.269275 9.43467e-05
0.269772 9.39307e-05
0.27027 9.3705e-05
0.27077 9.33025e-05
0.27127 9.30853e-05
0.27177 9.2714e-05
0.272272 9.24883e-05
0.272775 9.21282e-05
0.273279 9.18926e-05
0.273783 9.15373e-05
0.274289 9.12933e-05
0.274796 9.0947e-05
0.275303 9.06858e-05
0.275811 9.03492e-05
0.276321 9.0082e-05
0.276831 8.9755e-05
0.277342 8.94713e-05
0.277854 8.91559e-05
0.278367 8.88566e-05
0.278881 8.85606e-05
0.279396 8.82641e-05
0.279912 8.79967e-05
0.280429 8.7676e-05
0.280947 8.74305e-05
0.281466 8.70764e-05
0.281986 8.68612e-05
0.282506 8.64507e-05
0.283028 8.62872e-05
0.283551 8.58786e-05
0.284074 8.57131e-05
0.284599 8.5305e-05
0.285124 8.51376e-05
0.285651 8.47377e-05
0.286178 8.45677e-05
0.286707 8.41785e-05
0.287236 8.40122e-05
0.287767 8.36485e-05
0.288298 8.34789e-05
0.28883 8.31221e-05
0.289364 8.29444e-05
0.289898 8.25898e-05
0.290433 8.24071e-05
0.29097 8.20519e-05
0.291507 8.18605e-05
0.292045 8.1509e-05
0.292585 8.13069e-05
0.293125 8.0959e-05
0.293666 8.07506e-05
0.294208 8.04086e-05
0.294752 8.01918e-05
0.295296 7.98584e-05
0.295841 7.96447e-05
0.296388 7.93406e-05
0.296935 7.91217e-05
0.297483 7.88279e-05
0.298033 7.85988e-05
0.298583 7.83078e-05
0.299134 7.80673e-05
0.299687 7.77897e-05
0.30024 7.75361e-05
0.300795 7.72674e-05
0.30135 7.7e-05
0.301906 7.67473e-05
0.302464 7.64636e-05
0.303022 7.62282e-05
0.303582 7.5924e-05
0.304143 7.57193e-05
0.304704 7.53867e-05
0.305267 7.52359e-05
0.305831 7.4891e-05
0.306395 7.47538e-05
0.306961 7.44101e-05
0.307528 7.4268e-05
0.308096 7.39248e-05
0.308665 7.37779e-05
0.309235 7.34385e-05
0.309806 7.32858e-05
0.310378 7.29478e-05
0.310951 7.27903e-05
0.311525 7.24547e-05
0.312101 7.22922e-05
0.312677 7.19647e-05
0.313254 7.18019e-05
0.313833 7.14887e-05
0.314412 7.1323e-05
0.314993 7.10177e-05
0.315574 7.08449e-05
0.316157 7.05427e-05
0.316741 7.03622e-05
0.317326 7.00625e-05
0.317912 6.98731e-05
0.318499 6.95784e-05
0.319087 6.9384e-05
0.319676 6.90954e-05
0.320267 6.88919e-05
0.320858 6.86104e-05
0.321451 6.84012e-05
0.322044 6.8132e-05
0.322639 6.79271e-05
0.323235 6.76768e-05
0.323832 6.74666e-05
0.32443 6.72271e-05
0.325029 6.7003e-05
0.325629 6.67765e-05
0.32623 6.65367e-05
0.326833 6.63201e-05
0.327436 6.60629e-05
0.328041 6.58622e-05
0.328646 6.55803e-05
0.329253 6.54062e-05
0.329861 6.50782e-05
0.33047 6.49497e-05
0.331081 6.4628e-05
0.331692 6.45022e-05
0.332305 6.42034e-05
0.332918 6.40761e-05
0.333533 6.37877e-05
0.334149 6.36579e-05
0.334766 6.33714e-05
0.335384 6.32365e-05
0.336003 6.29513e-05
0.336624 6.28114e-05
0.337246 6.25298e-05
0.337868 6.2387e-05
0.338492 6.21064e-05
0.339117 6.19575e-05
0.339743 6.16804e-05
0.340371 6.15278e-05
0.340999 6.12579e-05
0.341629 6.11081e-05
0.34226 6.08524e-05
0.342892 6.06977e-05
0.343525 6.04527e-05
0.344159 6.0292e-05
0.344795 6.00491e-05
0.345432 5.98854e-05
0.34607 5.96451e-05
0.346709 5.94757e-05
0.347349 5.92415e-05
0.34799 5.9064e-05
0.348633 5.88345e-05
0.349277 5.86488e-05
0.349922 5.84303e-05
0.350568 5.82376e-05
0.351215 5.803e-05
0.351864 5.78368e-05
0.352513 5.7648e-05
0.353164 5.74464e-05
0.353817 5.7273e-05
0.35447 5.70515e-05
0.355125 5.68929e-05
0.35578 5.66382e-05
0.356437 5.65109e-05
0.357095 5.62365e-05
0.357755 5.61258e-05
0.358416 5.58515e-05
0.359077 5.57385e-05
0.35974 5.54668e-05
0.360405 5.53518e-05
0.36107 5.50839e-05
0.361737 5.49695e-05
0.362405 5.47176e-05
0.363074 5.46004e-05
0.363745 5.43597e-05
0.364416 5.42386e-05
0.365089 5.39995e-05
0.365763 5.38724e-05
0.366439 5.36345e-05
0.367116 5.35041e-05
0.367793 5.3265e-05
0.368473 5.31307e-05
0.369153 5.2895e-05
0.369835 5.27553e-05
0.370518 5.25234e-05
0.371202 5.23789e-05
0.371887 5.21524e-05
0.372574 5.20096e-05
0.373262 5.17985e-05
0.373951 5.16508e-05
0.374642 5.14499e-05
0.375334 5.1296e-05
0.376027 5.11006e-05
0.376721 5.09406e-05
0.377417 5.07487e-05
0.378114 5.05827e-05
0.378812 5.0398e-05
0.379511 5.02234e-05
0.380212 5.00469e-05
0.380914 4.98627e-05
0.381618 4.96962e-05
0.382322 4.95002e-05
0.383028 4.93496e-05
0.383736 4.91454e-05
0.384444 4.90152e-05
0.385154 4.87828e-05
0.385866 4.86881e-05
0.386578 4.84548e-05
0.387292 4.83563e-05
0.388007 4.81238e-05
0.388724 4.80214e-05
0.389441 4.77913e-05
0.390161 4.7685e-05
0.390881 4.7457e-05
0.391603 4.7348e-05
0.392326 4.71214e-05
0.39305 4.7013e-05
0.393776 4.67909e-05
0.394503 4.66839e-05
0.395232 4.6475e-05
0.395962 4.63676e-05
0.396693 4.61691e-05
0.397425 4.60571e-05
0.398159 4.586e-05
0.398895 4.57455e-05
0.399631 4.55519e-05
0.400369 4.54328e-05
0.401108 4.52425e-05
0.401849 4.51187e-05
0.402591 4.49295e-05
0.403335 4.48017e-05
0.404079 4.46163e-05
0.404826 4.44839e-05
0.405573 4.4304e-05
0.406322 4.41708e-05
0.407072 4.40021e-05
0.407824 4.38668e-05
0.408577 4.37061e-05
0.409332 4.3563e-05
0.410088 4.34076e-05
0.410845 4.32549e-05
0.411604 4.3107e-05
0.412364 4.2943e-05
0.413125 4.2803e-05
0.413888 4.26268e-05
0.414652 4.24983e-05
0.415418 4.23003e-05
0.416185 4.21936e-05
0.416954 4.19791e-05
0.417723 4.1892e-05
0.418495 4.16874e-05
0.419268 4.16018e-05
0.420042 4.14063e-05
0.420818 4.1318e-05
0.421595 4.11248e-05
0.422373 4.10318e-05
0.423153 4.08395e-05
0.423934 4.07443e-05
0.424717 4.05529e-05
0.425502 4.04555e-05
0.426287 4.02667e-05
0.427075 4.01671e-05
0.427863 3.99811e-05
0.428653 3.98799e-05
0.429445 3.96971e-05
0.430238 3.95965e-05
0.431032 3.94232e-05
0.431828 3.93242e-05
0.432626 3.91605e-05
0.433425 3.90581e-05
0.434225 3.88949e-05
0.435027 3.87893e-05
0.43583 3.86294e-05
0.436635 3.85177e-05
0.437441 3.83607e-05
0.438249 3.82434e-05
0.439058 3.80897e-05
0.439869 3.79679e-05
0.440681 3.78165e-05
0.441495 3.76908e-05
0.44231 3.75463e-05
0.443127 3.74158e-05
0.443945 3.72823e-05
0.444765 3.71486e-05
0.445586 3.70238e-05
0.446409 3.68802e-05
0.447234 3.6764e-05
0.448059 3.66061e-05
0.448887 3.65016e-05
0.449716 3.63153e-05
0.450546 3.62383e-05
0.451378 3.60529e-05
0.452212 3.5974e-05
0.453047 3.57897e-05
0.453883 3.5709e-05
0.454722 3.55275e-05
0.455561 3.54469e-05
0.456402 3.52736e-05
0.457245 3.51923e-05
0.45809 3.50296e-05
0.458935 3.49467e-05
0.459783 3.47841e-05
0.460632 3.46983e-05
0.461483 3.45374e-05
0.462335 3.44487e-05
0.463189 3.42889e-05
0.464044 3.41968e-05
0.464901 3.40382e-05
0.465759 3.39444e-05
0.466619 3.37888e-05
0.467481 3.36929e-05
0.468344 3.35412e-05
0.469209 3.34444e-05
0.470076 3.32989e-05
0.470944 3.3203e-05
0.471813 3.30677e-05
0.472684 3.2968e-05
0.473557 3.28348e-05
0.474432 3.27313e-05
0.475308 3.26006e-05
0.476186 3.24935e-05
0.477065 3.23666e-05
0.477946 3.22557e-05
0.478828 3.21344e-05
0.479713 3.20157e-05
0.480598 3.19006e-05
0.481486 3.17761e-05
0.482375 3.16697e-05
0.483266 3.15404e-05
0.484158 3.14452e-05
0.485052 3.13072e-05
0.485948 3.12271e-05
0.486845 3.10731e-05
0.487744 3.10059e-05
0.488645 3.08533e-05
0.489547 3.0784e-05
0.490451 3.06296e-05
0.491357 3.05587e-05
0.492264 3.04055e-05
0.493173 3.03312e-05
0.494084 3.0179e-05
0.494996 3.01036e-05
0.495911 2.9952e-05
0.496826 2.98757e-05
0.497744 2.97305e-05
0.498663 2.96554e-05
0.499584 2.95195e-05
0.500506 2.94424e-05
0.50143 2.93069e-05
0.502356 2.92272e-05
0.503284 2.90938e-05
0.504213 2.90115e-05
0.505144 2.88802e-05
0.506077 2.87959e-05
0.507012 2.8667e-05
0.507948 2.85802e-05
0.508886 2.84538e-05
0.509826 2.8365e-05
0.510767 2.82435e-05
0.51171 2.8154e-05
0.512655 2.80397e-05
0.513602 2.79527e-05
0.51455 2.78451e-05
0.515501 2.77534e-05
0.516453 2.7649e-05
0.517406 2.75528e-05
0.518362 2.74514e-05
0.519319 2.73499e-05
0.520278 2.72532e-05
0.521239 2.71439e-05
0.522201 2.70537e-05
0.523165 2.69353e-05
0.524131 2.68531e-05
0.525099 2.67122e-05
0.526069 2.66545e-05
0.52704 2.65169e-05
0.528014 2.64592e-05
0.528989 2.63284e-05
0.529966 2.6268e-05
0.530944 2.61383e-05
0.531925 2.60764e-05
0.532907 2.59475e-05
0.533891 2.58841e-05
0.534877 2.5755e-05
0.535865 2.56892e-05
0.536854 2.55623e-05
0.537845 2.54952e-05
0.538839 2.5368e-05
0.539834 2.52988e-05
0.54083 2.51743e-05
0.541829 2.51045e-05
0.54283 2.49843e-05
0.543832 2.49162e-05
0.544836 2.48047e-05
0.545842 2.47345e-05
0.54685 2.46244e-05
0.54786 2.45501e-05
0.548872 2.44424e-05
0.549885 2.43662e-05
0.550901 2.42596e-05
0.551918 2.41808e-05
0.552937 2.40769e-05
0.553958 2.39946e-05
0.554981 2.38938e-05
0.556006 2.38103e-05
0.557033 2.37126e-05
0.558061 2.36282e-05
0.559092 2.35367e-05
0.560124 2.34515e-05
0.561159 2.33666e-05
0.562195 2.32765e-05
0.563233 2.31958e-05
0.564273 2.3099e-05
0.565315 2.30237e-05
0.566359 2.29164e-05
0.567405 2.2851e-05
0.568453 2.273e-05
0.569502 2.26768e-05
0.570554 2.2557e-05
0.571608 2.25026e-05
0.572663 2.23826e-05
0.573721 2.2329e-05
0.57478 2.22136e-05
0.575842 2.21597e-05
0.576905 2.20539e-05
0.57797 2.19994e-05
0.579037 2.18935e-05
0.580107 2.18379e-05
0.581178 2.17329e-05
0.582251 2.1675e-05
0.583326 2.15706e-05
0.584404 2.15125e-05
0.585483 2.14086e-05
0.586564 2.13491e-05
0.587647 2.12472e-05
0.588732 2.11854e-05
0.589819 2.10858e-05
0.590908 2.10237e-05
0.592 2.09272e-05
0.593093 2.08642e-05
0.594188 2.07736e-05
0.595285 2.0709e-05
0.596385 2.06202e-05
0.597486 2.05524e-05
0.598589 2.04649e-05
0.599694 2.03946e-05
0.600802 2.03084e-05
0.601911 2.02355e-05
0.603023 2.01518e-05
0.604136 2.00757e-05
0.605252 1.99945e-05
0.60637 1.99133e-05
0.607489 1.98368e-05
0.608611 1.97524e-05
0.609735 1.96825e-05
0.610861 1.9597e-05
0.611989 1.95345e-05
0.613119 1.94342e-05
0.614251 1.93868e-05
0.615386 1.92844e-05
0.616522 1.92375e-05
0.61766 1.91352e-05
0.618801 1.90868e-05
0.619944 1.89857e-05
0.621088 1.89359e-05
0.622235 1.88357e-05
0.623384 1.87854e-05
0.624535 1.8686e-05
0.625689 1.86357e-05
0.626844 1.85397e-05
0.628002 1.84913e-05
0.629161 1.84033e-05
0.630323 1.83525e-05
0.631487 1.82646e-05
0.632653 1.8213e-05
0.633821 1.81257e-05
0.634992 1.80728e-05
0.636164 1.79869e-05
0.637339 1.79325e-05
0.638516 1.78479e-05
0.639695 1.77918e-05
0.640876 1.7709e-05
0.64206 1.76518e-05
0.643246 1.7571e-05
0.644433 1.75126e-05
0.645623 1.74345e-05
0.646816 1.73758e-05
0.64801 1.73019e-05
0.649207 1.72413e-05
0.650405 1.71693e-05
0.651606 1.71055e-05
0.65281 1.70351e-05
0.654015 1.69679e-05
0.655223 1.68995e-05
0.656433 1.68285e-05
0.657645 1.67633e-05
0.658859 1.66865e-05
0.660076 1.66258e-05
0.661295 1.65424e-05
0.662516 1.64889e-05
0.66374 1.63947e-05
0.664965 1.63547e-05
0.666193 1.62698e-05
0.667423 1.62289e-05
0.668656 1.61431e-05
0.669891 1.61016e-05
0.671128 1.60169e-05
0.672367 1.59739e-05
0.673608 1.589e-05
0.674852 1.5846e-05
0.676099 1.57631e-05
0.677347 1.57185e-05
0.678598 1.56366e-05
0.679851 1.55918e-05
0.681106 1.55108e-05
0.682364 1.54654e-05
0.683624 1.53861e-05
0.684887 1.53413e-05
0.686151 1.52685e-05
0.687418 1.52221e-05
0.688688 1.51508e-05
0.689959 1.5103e-05
0.691233 1.50324e-05
0.69251 1.49829e-05
0.693789 1.49129e-05
0.69507 1.48619e-05
0.696353 1.47935e-05
0.697639 1.47407e-05
0.698928 1.46737e-05
0.700218 1.46193e-05
0.701511 1.45536e-05
0.702807 1.44984e-05
0.704104 1.44367e-05
0.705405 1.43828e-05
0.706707 1.43256e-05
0.708012 1.4269e-05
0.70932 1.42145e-05
0.710629 1.41543e-05
0.711942 1.41024e-05
0.713256 1.40377e-05
0.714574 1.39899e-05
0.715893 1.39161e-05
0.717215 1.38773e-05
0.718539 1.37994e-05
0.719866 1.37635e-05
0.721196 1.3686e-05
0.722527 1.36501e-05
0.723862 1.35732e-05
0.725198 1.35372e-05
0.726537 1.34658e-05
0.727879 1.34287e-05
0.729223 1.33574e-05
0.73057 1.33194e-05
0.731919 1.32485e-05
0.73327 1.32093e-05
0.734624 1.31395e-05
0.735981 1.3099e-05
0.73734 1.30291e-05
0.738702 1.29882e-05
0.740066 1.29193e-05
0.741432 1.28777e-05
0.742801 1.28103e-05
0.744173 1.27683e-05
0.745547 1.27032e-05
0.746924 1.26625e-05
0.748303 1.26028e-05
0.749685 1.25613e-05
0.75107 1.25031e-05
0.752456 1.24598e-05
0.753846 1.24027e-05
0.755238 1.23579e-05
0.756633 1.23019e-05
0.75803 1.22557e-05
0.75943 1.22009e-05
0.760832 1.21531e-05
0.762237 1.20997e-05
0.763644 1.20494e-05
0.765055 1.19989e-05
0.766467 1.19462e-05
0.767883 1.18984e-05
0.769301 1.18448e-05
0.770721 1.18017e-05
0.772145 1.17445e-05
0.77357 1.17057e-05
0.774999 1.16393e-05
0.77643 1.16085e-05
0.777864 1.15427e-05
0.7793 1.1511e-05
0.780739 1.14455e-05
0.782181 1.14131e-05
0.783625 1.13484e-05
0.785072 1.13153e-05
0.786522 1.12512e-05
0.787974 1.12183e-05
0.78943 1.11553e-05
0.790887 1.11228e-05
0.792348 1.10643e-05
0.793811 1.10315e-05
0.795277 1.09738e-05
0.796745 1.09395e-05
0.798217 1.08821e-05
0.799691 1.08468e-05
0.801167 1.07897e-05
0.802647 1.07535e-05
0.804129 1.06974e-05
0.805614 1.06601e-05
0.807101 1.06048e-05
0.808592 1.05662e-05
0.810085 1.05118e-05
0.811581 1.04734e-05
0.81308 1.04204e-05
0.814581 1.03829e-05
0.816085 1.03343e-05
0.817592 1.02959e-05
0.819102 1.02485e-05
0.820615 1.02086e-05
0.82213 1.0163e-05
0.823648 1.01216e-05
0.825169 1.00769e-05
0.826693 1.00333e-05
0.828219 9.99055e-06
0.829749 9.94424e-06
0.831281 9.90384e-06
0.832816 9.85402e-06
0.834354 9.81667e-06
0.835895 9.76126e-06
0.837438 9.73082e-06
0.838985 9.67488e-06
0.840534 9.64795e-06
0.842086 9.59279e-06
0.843641 9.5654e-06
0.845199 9.51037e-06
0.84676 9.48235e-06
0.848323 9.42786e-06
0.84989 9.39894e-06
0.851459 9.34462e-06
0.853031 9.31541e-06
0.854607 9.26194e-06
0.856185 9.23257e-06
0.857766 9.17984e-06
0.85935 9.14969e-06
0.860937 9.09855e-06
0.862526 9.06965e-06
0.864119 9.02107e-06
0.865715 8.99187e-06
0.867313 8.94495e-06
0.868915 8.9148e-06
0.87052 8.86856e-06
0.872127 8.83734e-06
0.873738 8.79132e-06
0.875351 8.75933e-06
0.876967 8.71435e-06
0.878587 8.68107e-06
0.880209 8.63676e-06
0.881835 8.60261e-06
0.883463 8.55973e-06
0.885094 8.52424e-06
0.886729 8.48255e-06
0.888366 8.44744e-06
0.890007 8.40876e-06
0.89165 8.37225e-06
0.893297 8.3352e-06
0.894946 8.29674e-06
0.896599 8.26134e-06
0.898255 8.22038e-06
0.899913 8.18695e-06
0.901575 8.14316e-06
0.90324 8.11284e-06
0.904908 8.06236e-06
0.906579 8.03861e-06
0.908253 7.98866e-06
0.90993 7.9647e-06
0.911611 7.91568e-06
0.913294 7.89263e-06
0.91498 7.84661e-06
0.91667 7.82304e-06
0.918363 7.77845e-06
0.920059 7.75439e-06
0.921758 7.70983e-06
0.92346 7.68558e-06
0.925165 7.64128e-06
0.926873 7.61638e-06
0.928585 7.57244e-06
0.9303 7.54668e-06
0.932018 7.50322e-06
0.933739 7.47657e-06
0.935463 7.43331e-06
0.93719 7.40643e-06
0.938921 7.3642e-06
0.940655 7.33728e-06
0.942392 7.29787e-06
0.944132 7.27036e-06
0.945875 7.23203e-06
0.947622 7.2038e-06
0.949372 7.16603e-06
0.951125 7.1369e-06
0.952881 7.09976e-06
0.954641 7.06987e-06
0.956404 7.03371e-06
0.95817 7.00281e-06
0.959939 6.96756e-06
0.961712 6.93596e-06
0.963488 6.90203e-06
0.965267 6.86934e-06
0.967049 6.83799e-06
0.968835 6.80534e-06
0.970624 6.77687e-06
0.972417 6.743e-06
0.974212 6.71703e-06
0.976011 6.67963e-06
0.977814 6.65689e-06
0.979619 6.6162e-06
0.981428 6.59618e-06
0.983241 6.55569e-06
0.985056 6.53559e-06
0.986875 6.4951e-06
0.988698 6.47462e-06
0.990523 6.43474e-06
0.992352 6.41361e-06
0.994185 6.37425e-06
0.996021 6.35335e-06
0.99786 6.31551e-06
0.999703 6.29475e-06
1.00155 6.25776e-06
1.0034 6.23627e-06
1.00525 6.19978e-06
1.00711 6.1779e-06
1.00897 6.14144e-06
1.01083 6.11879e-06
1.0127 6.08284e-06
1.01457 6.05972e-06
1.01644 6.02423e-06
1.01832 6.00068e-06
1.0202 5.9658e-06
1.02208 5.94174e-06
1.02397 5.90791e-06
1.02586 5.88388e-06
1.02775 5.85229e-06
1.02965 5.8279e-06
1.03155 5.79781e-06
1.03346 5.77273e-06
1.03537 5.74292e-06
1.03728 5.71709e-06
1.03919 5.68821e-06
1.04111 5.66121e-06
1.04304 5.63339e-06
1.04496 5.60507e-06
1.04689 5.5787e-06
1.04882 5.54894e-06
1.05076 5.52446e-06
1.0527 5.49282e-06
1.05465 5.471e-06
1.05659 5.43594e-06
1.05854 5.41987e-06
1.0605 5.3862e-06
1.06246 5.36976e-06
1.06442 5.33615e-06
1.06638 5.31931e-06
1.06835 5.28601e-06
1.07033 5.26882e-06
1.0723 5.23576e-06
1.07428 5.21794e-06
1.07627 5.18527e-06
1.07825 5.16737e-06
1.08025 5.13488e-06
1.08224 5.11694e-06
1.08424 5.08479e-06
1.08624 5.06659e-06
1.08825 5.03624e-06
1.09026 5.01768e-06
1.09227 4.98832e-06
1.09429 4.96947e-06
1.09631 4.9403e-06
1.09833 4.92092e-06
1.10036 4.89213e-06
1.10239 4.87203e-06
1.10443 4.84354e-06
1.10647 4.82315e-06
1.10851 4.79512e-06
1.11056 4.77402e-06
1.11261 4.74669e-06
1.11466 4.72509e-06
1.11672 4.69877e-06
1.11878 4.67724e-06
1.12085 4.65256e-06
1.12292 4.63099e-06
1.12499 4.60777e-06
1.12707 4.58478e-06
1.12915 4.56253e-06
1.13124 4.53839e-06
1.13333 4.51716e-06
1.13542 4.49173e-06
1.13751 4.47163e-06
1.13962 4.44383e-06
1.14172 4.4261e-06
1.14383 4.39539e-06
1.14594 4.38062e-06
1.14806 4.35045e-06
1.15018 4.33596e-06
1.1523 4.30697e-06
1.15443 4.29262e-06
1.15656 4.26532e-06
1.1587 4.25038e-06
1.16083 4.22315e-06
1.16298 4.20807e-06
1.16513 4.1809e-06
1.16728 4.16547e-06
1.16943 4.13859e-06
1.17159 4.12287e-06
1.17376 4.09622e-06
1.17592 4.08026e-06
1.1781 4.05384e-06
1.18027 4.03761e-06
1.18245 4.01173e-06
1.18463 3.99555e-06
1.18682 3.97094e-06
1.18901 3.95465e-06
1.19121 3.93123e-06
1.19341 3.91431e-06
1.19561 3.89108e-06
1.19782 3.87362e-06
1.20003 3.85084e-06
1.20225 3.83283e-06
1.20447 3.81041e-06
1.20669 3.79184e-06
1.20892 3.76993e-06
1.21115 3.75083e-06
1.21339 3.72964e-06
1.21563 3.70985e-06
1.21787 3.68971e-06
1.22012 3.66992e-06
1.22238 3.65146e-06
1.22463 3.63127e-06
1.2269 3.61431e-06
1.22916 3.59276e-06
1.23143 3.57697e-06
1.2337 3.55177e-06
1.23598 3.53976e-06
1.23826 3.51472e-06
1.24055 3.50254e-06
1.24284 3.47769e-06
1.24514 3.46521e-06
1.24744 3.44073e-06
1.24974 3.42819e-06
1.25205 3.40408e-06
1.25436 3.39165e-06
1.25668 3.36848e-06
1.259 3.35597e-06
1.26132 3.33409e-06
1.26365 3.32144e-06
1.26598 3.29955e-06
1.26832 3.28637e-06
1.27066 3.26479e-06
1.27301 3.25131e-06
1.27536 3.22976e-06
1.27772 3.21614e-06
1.28008 3.1948e-06
1.28244 3.18089e-06
1.28481 3.15991e-06
1.28718 3.14552e-06
1.28956 3.12532e-06
1.29194 3.11116e-06
1.29432 3.09184e-06
1.29671 3.0778e-06
1.29911 3.05961e-06
1.30151 3.04499e-06
1.30391 3.02717e-06
1.30632 3.01214e-06
1.30873 2.9948e-06
1.31115 2.97913e-06
1.31357 2.9622e-06
1.31599 2.94589e-06
1.31842 2.92958e-06
1.32086 2.91256e-06
1.3233 2.89718e-06
1.32574 2.8793e-06
1.32819 2.86512e-06
1.33064 2.84621e-06
1.3331 2.83396e-06
1.33556 2.81379e-06
1.33803 2.80373e-06
1.3405 2.78375e-06
1.34297 2.77349e-06
1.34545 2.75344e-06
1.34794 2.74313e-06
1.35043 2.72325e-06
1.35292 2.7125e-06
1.35542 2.69286e-06
1.35792 2.68197e-06
1.36043 2.66244e-06
1.36294 2.65142e-06
1.36546 2.63224e-06
1.36798 2.62124e-06
1.37051 2.60287e-06
1.37304 2.59221e-06
1.37557 2.57459e-06
1.37811 2.56368e-06
1.38066 2.54629e-06
1.38321 2.53496e-06
1.38576 2.51781e-06
1.38832 2.50627e-06
1.39088 2.48942e-06
1.39345 2.47743e-06
1.39603 2.46084e-06
1.3986 2.4486e-06
1.40119 2.4324e-06
1.40377 2.41988e-06
1.40637 2.40417e-06
1.40896 2.3916e-06
1.41157 2.37664e-06
1.41417 2.36425e-06
1.41678 2.35035e-06
1.4194 2.33748e-06
1.42202 2.32393e-06
1.42465 2.31037e-06
1.42728 2.29744e-06
1.42991 2.28304e-06
1.43255 2.27084e-06
1.4352 2.25553e-06
1.43785 2.24423e-06
1.4405 2.22684e-06
1.44316 2.21792e-06
1.44583 2.20022e-06
1.4485 2.19183e-06
1.45117 2.17469e-06
1.45385 2.16636e-06
1.45654 2.15045e-06
1.45923 2.14191e-06
1.46192 2.1261e-06
1.46462 2.11743e-06
1.46733 2.10158e-06
1.47004 2.09273e-06
1.47275 2.07703e-06
1.47547 2.06803e-06
1.47819 2.05258e-06
1.48092 2.04328e-06
1.48366 2.02798e-06
1.4864 2.01866e-06
1.48914 2.00362e-06
1.49189 1.99435e-06
1.49465 1.97999e-06
1.49741 1.97086e-06
1.50017 1.95725e-06
1.50294 1.94784e-06
1.50572 1.93445e-06
1.5085 1.92479e-06
1.51129 1.91161e-06
1.51408 1.90167e-06
1.51687 1.88875e-06
1.51967 1.87842e-06
1.52248 1.86569e-06
1.52529 1.85505e-06
1.52811 1.84276e-06
1.53093 1.83174e-06
1.53376 1.81996e-06
1.53659 1.80883e-06
1.53943 1.79776e-06
1.54227 1.7868e-06
1.54512 1.77669e-06
1.54797 1.76499e-06
1.55083 1.75541e-06
1.55369 1.74273e-06
1.55656 1.73415e-06
1.55944 1.71981e-06
1.56231 1.71283e-06
1.5652 1.69867e-06
1.56809 1.69163e-06
1.57099 1.67747e-06
1.57389 1.67046e-06
1.57679 1.65656e-06
1.5797 1.64951e-06
1.58262 1.63607e-06
1.58554 1.6292e-06
1.58847 1.61684e-06
1.59141 1.60975e-06
1.59434 1.5975e-06
1.59729 1.59031e-06
1.60024 1.57813e-06
1.60319 1.5707e-06
1.60615 1.55861e-06
1.60912 1.55103e-06
1.61209 1.53912e-06
1.61507 1.53135e-06
1.61805 1.51964e-06
1.62104 1.51174e-06
1.62403 1.50034e-06
1.62703 1.49243e-06
1.63003 1.4815e-06
1.63304 1.47374e-06
1.63606 1.4635e-06
1.63908 1.45562e-06
1.64211 1.44547e-06
1.64514 1.43727e-06
1.64818 1.42737e-06
1.65122 1.41891e-06
1.65427 1.40938e-06
1.65733 1.40052e-06
1.66039 1.39126e-06
1.66345 1.38208e-06
1.66652 1.37335e-06
1.6696 1.36374e-06
1.67268 1.35555e-06
1.67577 1.3455e-06
1.67887 1.33824e-06
1.68197 1.32781e-06
1.68507 1.32193e-06
1.68819 1.31091e-06
1.6913 1.30549e-06
1.69443 1.29448e-06
1.69756 1.289e-06
1.70069 1.27804e-06
1.70383 1.27243e-06
1.70698 1.26152e-06
1.71013 1.25575e-06
1.71329 1.24494e-06
1.71645 1.23907e-06
1.71962 1.2284e-06
1.7228 1.22258e-06
1.72598 1.21227e-06
1.72916 1.2065e-06
1.73236 1.19698e-06
1.73556 1.19109e-06
1.73876 1.1816e-06
1.74197 1.17561e-06
1.74519 1.16624e-06
1.74841 1.16007e-06
1.75164 1.15082e-06
1.75487 1.14447e-06
1.75812 1.13535e-06
1.76136 1.12892e-06
1.76461 1.12006e-06
1.76787 1.11347e-06
1.77114 1.10487e-06
1.77441 1.09824e-06
1.77768 1.09008e-06
1.78097 1.08358e-06
1.78426 1.07598e-06
1.78755 1.06926e-06
1.79085 1.06184e-06
1.79416 1.05481e-06
1.79747 1.04774e-06
1.80079 1.04035e-06
1.80412 1.03355e-06
1.80745 1.02571e-06
1.81079 1.01935e-06
1.81413 1.01092e-06
1.81748 1.00521e-06
1.82084 9.95537e-07
1.8242 9.9112e-07
1.82757 9.81696e-07
1.83094 9.77345e-07
1.83432 9.68867e-07
1.83771 9.64443e-07
1.8411 9.56023e-07
1.8445 9.51475e-07
1.84791 9.43073e-07
1.85132 9.38491e-07
1.85474 9.30146e-07
1.85816 9.25439e-07
1.8616 9.1724e-07
1.86503 9.12515e-07
1.86848 9.04368e-07
1.87193 8.99544e-07
1.87538 8.91602e-07
1.87885 8.86798e-07
1.88232 8.79105e-07
1.88579 8.74507e-07
1.88928 8.67388e-07
1.89276 8.62637e-07
1.89626 8.55594e-07
1.89976 8.50694e-07
1.90327 8.43721e-07
1.90678 8.3875e-07
1.9103 8.31877e-07
1.91383 8.26723e-07
1.91737 8.1999e-07
1.92091 8.14688e-07
1.92445 8.08103e-07
1.92801 8.0259e-07
1.93157 7.9631e-07
1.93514 7.90672e-07
1.93871 7.84722e-07
1.94229 7.79269e-07
1.94588 7.7392e-07
1.94947 7.6815e-07
1.95307 7.6307e-07
1.95667 7.56903e-07
1.96029 7.52177e-07
1.96391 7.45257e-07
1.96753 7.41251e-07
1.97117 7.33834e-07
1.97481 7.30286e-07
1.97845 7.22919e-07
1.98211 7.19374e-07
1.98577 7.12097e-07
1.98943 7.08554e-07
1.99311 7.01453e-07
1.99679 6.98061e-07
2.00048 6.91618e-07
2.00417 6.88131e-07
2.00787 6.81801e-07
2.01158 6.7826e-07
2.01529 6.7196e-07
2.01902 6.68285e-07
2.02274 6.62079e-07
2.02648 6.58394e-07
2.03022 6.52202e-07
2.03397 6.48435e-07
2.03773 6.42382e-07
2.04149 6.38544e-07
2.04526 6.32644e-07
2.04904 6.28787e-07
2.05282 6.23037e-07
2.05661 6.19293e-07
2.06041 6.14059e-07
2.06421 6.10182e-07
2.06802 6.05025e-07
2.07184 6.01026e-07
2.07567 5.96006e-07
2.0795 5.91814e-07
2.08334 5.86917e-07
2.08719 5.82593e-07
2.09104 5.77846e-07
2.0949 5.73345e-07
2.09877 5.68784e-07
2.10265 5.6411e-07
2.10653 5.59787e-07
2.11042 5.54884e-07
2.11432 5.50975e-07
2.11822 5.46169e-07
2.12213 5.42848e-07
2.12605 5.37342e-07
2.12998 5.34727e-07
2.13391 5.29254e-07
2.13785 5.26582e-07
2.1418 5.21152e-07
2.14576 5.18443e-07
2.14972 5.1305e-07
2.15369 5.1028e-07
2.15766 5.04961e-07
2.16165 5.02158e-07
2.16564 4.96906e-07
2.16964 4.9414e-07
2.17365 4.89001e-07
2.17766 4.8633e-07
2.18168 4.81613e-07
2.18571 4.78876e-07
2.18975 4.74262e-07
2.19379 4.71433e-07
2.19784 4.6684e-07
2.2019 4.63968e-07
2.20597 4.59455e-07
2.21004 4.56502e-07
2.21412 4.5206e-07
2.21821 4.49029e-07
2.2223 4.44655e-07
2.22641 4.41568e-07
2.23052 4.37332e-07
2.23464 4.34197e-07
2.23876 4.30142e-07
2.2429 4.27159e-07
2.24704 4.23488e-07
2.25119 4.20416e-07
2.25535 4.16855e-07
2.25951 4.1366e-07
2.26368 4.102e-07
2.26786 4.06856e-07
2.27205 4.03564e-07
2.27625 4.00024e-07
2.28045 3.96908e-07
2.28466 3.9315e-07
2.28888 3.90284e-07
2.29311 3.86132e-07
2.29734 3.83711e-07
2.30158 3.79231e-07
2.30583 3.77294e-07
2.31009 3.73216e-07
2.31436 3.71277e-07
2.31863 3.67255e-07
2.32291 3.6528e-07
2.3272 3.613e-07
2.3315 3.59269e-07
2.33581 3.55312e-07
2.34012 3.53243e-07
2.34444 3.49314e-07
2.34877 3.47218e-07
2.35311 3.43345e-07
2.35745 3.412e-07
2.36181 3.37403e-07
2.36617 3.35271e-07
2.37054 3.31572e-07
2.37491 3.29505e-07
2.3793 3.26128e-07
2.38369 3.24041e-07
2.38809 3.20767e-07
2.3925 3.18624e-07
2.39692 3.15383e-07
2.40135 3.13169e-07
2.40578 3.09992e-07
2.41023 3.07701e-07
2.41468 3.04593e-07
2.41914 3.02219e-07
2.4236 2.99196e-07
2.42808 2.9677e-07
2.43256 2.93842e-07
2.43705 2.91361e-07
2.44155 2.88617e-07
2.44606 2.86226e-07
2.45058 2.83768e-07
2.4551 2.81304e-07
2.45964 2.79012e-07
2.46418 2.76401e-07
2.46873 2.74233e-07
2.47329 2.71402e-07
2.47786 2.69445e-07
2.48243 2.66133e-07
2.48702 2.6466e-07
2.49161 2.61382e-07
2.49621 2.59904e-07
2.50082 2.56664e-07
2.50544 2.55172e-07
2.51006 2.52011e-07
2.5147 2.50581e-07
2.51934 2.47706e-07
2.52399 2.46248e-07
2.52866 2.43483e-07
2.53333 2.42002e-07
2.538 2.39242e-07
2.54269 2.37745e-07
2.54739 2.34996e-07
2.55209 2.33448e-07
2.5568 2.3076e-07
2.56152 2.29162e-07
2.56625 2.26514e-07
2.57099 2.24911e-07
2.57574 2.223e-07
2.5805 2.20684e-07
2.58526 2.18171e-07
2.59004 2.16601e-07
2.59482 2.14287e-07
2.59961 2.12718e-07
2.60441 2.1049e-07
2.60922 2.08859e-07
2.61404 2.06688e-07
2.61886 2.04989e-07
2.6237 2.02869e-07
2.62855 2.01106e-07
2.6334 1.99045e-07
2.63826 1.97229e-07
2.64313 1.95259e-07
2.64801 1.93345e-07
2.6529 1.91487e-07
2.6578 1.89522e-07
2.66271 1.8782e-07
2.66763 1.85873e-07
2.67255 1.84384e-07
2.67749 1.82306e-07
2.68243 1.81042e-07
2.68739 1.78709e-07
2.69235 1.77667e-07
2.69732 1.75358e-07
2.7023 1.74292e-07
2.70729 1.71981e-07
2.71229 1.709e-07
2.7173 1.68629e-07
2.72232 1.67524e-07
2.72735 1.65284e-07
2.73238 1.64187e-07
2.73743 1.61992e-07
2.74248 1.6094e-07
2.74755 1.58938e-07
2.75262 1.57883e-07
2.7577 1.55985e-07
2.7628 1.54907e-07
2.7679 1.5303e-07
2.77301 1.51928e-07
2.77813 1.50075e-07
2.78326 1.48931e-07
2.7884 1.47105e-07
2.79355 1.45945e-07
2.79871 1.44158e-07
2.80387 1.42956e-07
2.80905 1.41215e-07
2.81424 1.40012e-07
2.81944 1.38342e-07
2.82464 1.37179e-07
2.82986 1.35667e-07
2.83508 1.34495e-07
2.84032 1.33081e-07
2.84556 1.31864e-07
2.85082 1.30485e-07
2.85608 1.29208e-07
2.86136 1.27881e-07
2.86664 1.26546e-07
2.87193 1.25289e-07
2.87724 1.23865e-07
2.88255 1.22701e-07
2.88787 1.21178e-07
2.89321 1.20134e-07
2.89855 1.18348e-07
2.9039 1.1764e-07
2.90926 1.15997e-07
2.91464 1.15301e-07
2.92002 1.13737e-07
2.92541 1.13012e-07
2.93081 1.11468e-07
2.93623 1.10727e-07
2.94165 1.09191e-07
2.94708 1.08441e-07
2.95252 1.06912e-07
2.95797 1.06139e-07
2.96344 1.04638e-07
2.96891 1.03864e-07
2.97439 1.0238e-07
2.97988 1.01594e-07
2.98539 1.00164e-07
2.9909 9.94168e-08
2.99642 9.8106e-08
3.00195 9.73705e-08
3.0075 9.61342e-08
3.01305 9.53809e-08
3.01862 9.41592e-08
3.02419 9.33777e-08
3.02977 9.2183e-08
3.03537 9.13731e-08
3.04097 9.02005e-08
3.04659 8.93661e-08
3.05222 8.82308e-08
3.05785 8.73634e-08
3.0635 8.62637e-08
3.06916 8.53858e-08
3.07482 8.43477e-08
3.0805 8.34907e-08
3.08619 8.25506e-08
3.09189 8.16963e-08
3.0976 8.08302e-08
3.10332 7.99287e-08
3.10905 7.9117e-08
3.11479 7.81461e-08
3.12054 7.7391e-08
3.1263 7.63258e-08
3.13208 7.56683e-08
3.13786 7.44626e-08
3.14365 7.39495e-08
3.14946 7.27606e-08
3.15528 7.22515e-08
3.1611 7.10866e-08
3.16694 7.06045e-08
3.17279 6.95341e-08
3.17865 6.90599e-08
3.18452 6.80595e-08
3.1904 6.75698e-08
3.19629 6.65805e-08
3.20219 6.60786e-08
3.2081 6.50958e-08
3.21403 6.45784e-08
3.21996 6.36092e-08
3.22591 6.30874e-08
3.23187 6.21262e-08
3.23783 6.15932e-08
3.24381 6.06563e-08
3.2498 6.01143e-08
3.2558 5.921e-08
3.26182 5.86929e-08
3.26784 5.7873e-08
3.27387 5.73674e-08
3.27992 5.66089e-08
3.28598 5.60819e-08
3.29204 5.53413e-08
3.29812 5.47962e-08
3.30421 5.40731e-08
3.31031 5.35097e-08
3.31643 5.28004e-08
3.32255 5.22136e-08
3.32869 5.15351e-08
3.33483 5.09288e-08
3.34099 5.02813e-08
3.34716 4.96495e-08
3.35334 4.90567e-08
3.35953 4.84286e-08
3.36574 4.79148e-08
3.37195 4.72807e-08
3.37818 4.6833e-08
3.38442 4.60993e-08
3.39067 4.57558e-08
3.39693 4.49916e-08
3.4032 4.46709e-08
3.40949 4.39096e-08
3.41578 4.35814e-08
3.42209 4.28347e-08
3.42841 4.2501e-08
3.43474 4.17648e-08
3.44108 4.14343e-08
3.44744 4.07133e-08
3.4538 4.03963e-08
3.46018 3.9734e-08
3.46657 3.94246e-08
3.47297 3.88243e-08
3.47939 3.85036e-08
3.48581 3.79054e-08
3.49225 3.75796e-08
3.4987 3.69876e-08
3.50516 3.66516e-08
3.51163 3.60701e-08
3.51811 3.57231e-08
3.52461 3.51513e-08
3.53112 3.47975e-08
3.53764 3.42412e-08
3.54417 3.3884e-08
3.55072 3.33471e-08
3.55727 3.29999e-08
3.56384 3.25157e-08
3.57042 3.21786e-08
3.57702 3.17362e-08
3.58362 3.1385e-08
3.59024 3.09585e-08
3.59687 3.05888e-08
3.60351 3.01756e-08
3.61017 2.97893e-08
3.61683 2.93952e-08
3.62351 2.89859e-08
3.6302 2.86157e-08
3.63691 2.81799e-08
3.64362 2.7844e-08
3.65035 2.73728e-08
3.65709 2.70939e-08
3.66384 2.65864e-08
3.67061 2.63982e-08
3.67739 2.59451e-08
3.68418 2.57514e-08
3.69098 2.52991e-08
3.6978 2.51018e-08
3.70463 2.46515e-08
3.71147 2.44521e-08
3.71832 2.40055e-08
3.72519 2.38005e-08
3.73207 2.33592e-08
3.73896 2.31497e-08
3.74586 2.27178e-08
3.75278 2.25083e-08
3.75971 2.20869e-08
3.76665 2.18844e-08
3.77361 2.14986e-08
3.78058 2.13052e-08
3.78756 2.09633e-08
3.79455 2.07631e-08
3.80156 2.0426e-08
3.80858 2.02192e-08
3.81561 1.98874e-08
3.82266 1.9675e-08
3.82972 1.93488e-08
3.83679 1.91293e-08
3.84387 1.8811e-08
3.85097 1.85887e-08
3.85808 1.8279e-08
3.86521 1.80494e-08
3.87234 1.77572e-08
3.87949 1.75334e-08
3.88666 1.72723e-08
3.89384 1.70592e-08
3.90103 1.68248e-08
3.90823 1.65997e-08
3.91545 1.63771e-08
3.92268 1.61349e-08
3.92992 1.59289e-08
3.93718 1.56663e-08
3.94445 1.54788e-08
3.95173 1.51767e-08
3.95903 1.50318e-08
3.96634 1.47111e-08
3.97366 1.45888e-08
3.981 1.42743e-08
3.98835 1.41572e-08
3.99572 1.38666e-08
4.0031 1.37562e-08
4.01049 1.35003e-08
4.01789 1.33863e-08
4.02531 1.31335e-08
4.03275 1.30162e-08
4.04019 1.27654e-08
4.04765 1.26452e-08
4.05513 1.23974e-08
4.06262 1.22734e-08
4.07012 1.20294e-08
4.07763 1.19029e-08
4.08516 1.16634e-08
4.09271 1.15375e-08
4.10027 1.13052e-08
4.10784 1.1183e-08
4.11542 1.09708e-08
4.12302 1.08563e-08
4.13064 1.06724e-08
4.13826 1.05548e-08
4.14591 1.03747e-08
4.15356 1.0251e-08
4.16123 1.00749e-08
4.16892 9.94642e-09
4.17661 9.7753e-09
4.18433 9.64235e-09
4.19205 9.47658e-09
4.19979 9.33857e-09
4.20755 9.18019e-09
4.21532 9.03691e-09
4.2231 8.89216e-09
4.2309 8.74912e-09
4.23871 8.62216e-09
4.24654 8.48648e-09
4.25438 8.37917e-09
4.26224 8.22926e-09
4.27011 8.13566e-09
4.278 7.95924e-09
4.2859 7.89101e-09
4.29381 7.71598e-09
4.30174 7.64616e-09
4.30968 7.47314e-09
4.31764 7.40273e-09
4.32561 7.23179e-09
4.3336 7.16127e-09
4.3416 6.99369e-09
4.34962 6.92654e-09
4.35765 6.77122e-09
4.3657 6.71012e-09
4.37376 6.5781e-09
4.38184 6.51495e-09
4.38993 6.38385e-09
4.39804 6.31805e-09
4.40616 6.18947e-09
4.41429 6.12151e-09
4.42245 5.99376e-09
4.43061 5.92461e-09
4.43879 5.79957e-09
4.44699 5.72837e-09
4.4552 5.60617e-09
4.46343 5.53396e-09
4.47167 5.41667e-09
4.47993 5.34658e-09
4.4882 5.239e-09
4.49649 5.17481e-09
4.50479 5.08416e-09
4.51311 5.01733e-09
4.52144 4.92933e-09
4.52979 4.85821e-09
4.53816 4.77333e-09
4.54654 4.69883e-09
4.55493 4.61693e-09
4.56335 4.53864e-09
4.57177 4.46186e-09
4.58021 4.37809e-09
4.58867 4.30731e-09
4.59715 4.21797e-09
4.60564 4.15675e-09
4.61414 4.0597e-09
4.62266 4.01672e-09
4.6312 3.92795e-09
4.63975 3.89395e-09
4.64832 3.80532e-09
4.6569 3.77087e-09
4.6655 3.68267e-09
4.67411 3.64715e-09
4.68275 3.5597e-09
4.69139 3.52347e-09
4.70006 3.43679e-09
4.70874 3.39965e-09
4.71743 3.31485e-09
4.72614 3.27784e-09
4.73487 3.19512e-09
4.74361 3.15883e-09
4.75237 3.08215e-09
4.76115 3.05026e-09
4.76994 2.98658e-09
4.77875 2.95327e-09
4.78757 2.89057e-09
4.79641 2.85598e-09
4.80527 2.79438e-09
4.81414 2.75863e-09
4.82303 2.69767e-09
4.83194 2.66057e-09
4.84086 2.60168e-09
4.8498 2.56337e-09
4.85876 2.50592e-09
4.86773 2.46684e-09
4.87672 2.41242e-09
4.88572 2.37319e-09
4.89475 2.3243e-09
4.90378 2.29048e-09
4.91284 2.25011e-09
4.92191 2.21387e-09
4.931 2.17553e-09
4.94011 2.13702e-09
4.94923 2.10063e-09
4.95837 2.05905e-09
4.96752 2.02578e-09
4.9767 1.97964e-09
4.98589 1.95102e-09
4.99509 1.89578e-09
5.00432 1.87687e-09
5.01356 1.82266e-09
5.02282 1.80436e-09
5.03209 1.75318e-09
5.04138 1.73714e-09
5.05069 1.69632e-09
5.06002 1.67956e-09
5.06936 1.63915e-09
5.07873 1.62187e-09
5.0881 1.58166e-09
5.0975 1.56417e-09
5.10691 1.52423e-09
5.11634 1.50611e-09
5.12579 1.46682e-09
5.13526 1.44833e-09
5.14474 1.40988e-09
5.15424 1.39103e-09
5.16376 1.35362e-09
5.17329 1.33532e-09
5.18285 1.30057e-09
5.19242 1.2848e-09
5.202 1.25688e-09
5.21161 1.24043e-09
5.22123 1.21284e-09
5.23088 1.19562e-09
5.24054 1.1687e-09
5.25021 1.15085e-09
5.25991 1.1243e-09
5.26962 1.10564e-09
5.27935 1.08026e-09
5.2891 1.06077e-09
5.29887 1.0363e-09
5.30865 1.01611e-09
5.31846 9.93357e-10
5.32828 9.7266e-10
5.33812 9.52844e-10
5.34797 9.35283e-10
5.35785 9.19853e-10
5.36774 9.00648e-10
5.37765 8.86742e-10
5.38758 8.64892e-10
5.39753 8.53436e-10
5.4075 8.28851e-10
5.41749 8.20079e-10
5.42749 7.95737e-10
5.43751 7.86887e-10
5.44755 7.62743e-10
5.45761 7.53944e-10
5.46769 7.3034e-10
5.47779 7.21753e-10
5.4879 6.99231e-10
5.49804 6.92065e-10
5.50819 6.74757e-10
5.51836 6.67263e-10
5.52855 6.50171e-10
5.53876 6.42421e-10
5.54899 6.25477e-10
5.55923 6.17455e-10
5.5695 6.0075e-10
5.57979 5.92412e-10
5.59009 5.75997e-10
5.60041 5.67463e-10
5.61075 5.51425e-10
5.62111 5.42749e-10
5.63149 5.27242e-10
5.64189 5.18631e-10
5.65231 5.04231e-10
5.66275 4.97052e-10
5.67321 4.85986e-10
5.68368 4.78426e-10
5.69418 4.67674e-10
5.70469 4.59738e-10
5.71523 4.49294e-10
5.72578 4.40894e-10
5.73635 4.30864e-10
5.74695 4.22022e-10
5.75756 4.12441e-10
5.76819 4.02982e-10
5.77884 3.94196e-10
5.78951 3.84132e-10
5.8002 3.7626e-10
5.81092 3.65396e-10
5.82165 3.59405e-10
5.8324 3.49256e-10
5.84317 3.45882e-10
5.85396 3.35898e-10
5.86477 3.32431e-10
5.8756 3.225e-10
5.88645 3.18888e-10
5.89732 3.09039e-10
5.90821 3.0535e-10
5.91912 2.95607e-10
5.93005 2.91832e-10
5.941 2.8221e-10
5.95197 2.78396e-10
5.96296 2.69006e-10
5.97397 2.65312e-10
5.985 2.56371e-10
5.99605 2.53296e-10
6.00713 2.46558e-10
6.01822 2.43375e-10
6.02933 2.36862e-10
6.04047 2.33606e-10
6.05162 2.27107e-10
6.06279 2.23684e-10
6.07399 2.17344e-10
6.08521 2.13782e-10
6.09644 2.07597e-10
6.1077 2.03915e-10
6.11898 1.97865e-10
6.13028 1.94084e-10
6.1416 1.88341e-10
6.15294 1.84531e-10
6.1643 1.79276e-10
6.17569 1.76123e-10
6.18709 1.72099e-10
6.19851 1.68859e-10
6.20996 1.65119e-10
6.22143 1.61646e-10
6.23292 1.5806e-10
6.24443 1.54321e-10
6.25596 1.51001e-10
6.26751 1.46899e-10
6.27908 1.43935e-10
6.29068 1.39323e-10
6.30229 1.36948e-10
6.31393 1.31645e-10
6.32559 1.30078e-10
6.33727 1.24981e-10
6.34897 1.23689e-10
6.3607 1.19862e-10
6.37244 1.18577e-10
6.38421 1.14939e-10
6.396 1.13579e-10
6.40781 1.09985e-10
6.41964 1.0859e-10
6.4315 1.0502e-10
6.44338 1.03579e-10
6.45527 1.00028e-10
6.46719 9.85475e-11
6.47914 9.50771e-11
6.4911 9.35675e-11
6.50309 9.0201e-11
6.5151 8.87313e-11
6.52713 8.55402e-11
6.53918 8.43217e-11
6.55126 8.19101e-11
6.56335 8.07026e-11
6.57547 7.84522e-11
6.58761 7.71676e-11
6.59978 7.4957e-11
6.61197 7.36262e-11
6.62418 7.14625e-11
6.63641 7.00639e-11
6.64866 6.79648e-11
6.66094 6.64837e-11
6.67324 6.44899e-11
6.68556 6.29574e-11
6.69791 6.10683e-11
6.71028 5.95005e-11
6.72267 5.78488e-11
6.73508 5.6546e-11
6.74752 5.53088e-11
6.75998 5.39878e-11
6.77246 5.28971e-11
6.78497 5.14224e-11
6.7975 5.04654e-11
6.81005 4.86032e-11
6.82263 4.80294e-11
6.83522 4.61793e-11
6.84785 4.55986e-11
6.86049 4.37679e-11
6.87316 4.31757e-11
6.88585 4.13862e-11
6.89857 4.08069e-11
6.91131 3.90901e-11
6.92407 3.86209e-11
6.93686 3.73238e-11
6.94967 3.68653e-11
6.9625 3.56745e-11
6.97536 3.51943e-11
6.98824 3.40152e-11
7.00114 3.35131e-11
7.01407 3.23509e-11
7.02702 3.18351e-11
7.04 3.06865e-11
7.053 3.01508e-11
7.06602 2.90265e-11
7.07907 2.8479e-11
7.09214 2.73872e-11
7.10524 2.68464e-11
7.11836 2.58318e-11
7.1315 2.53856e-11
7.14467 2.46221e-11
7.15787 2.41903e-11
7.17108 2.35105e-11
7.18433 2.30489e-11
7.19759 2.23851e-11
7.21088 2.19044e-11
7.2242 2.12623e-11
7.23754 2.07461e-11
7.2509 2.01326e-11
7.26429 1.95825e-11
7.27771 1.90068e-11
7.29115 1.84277e-11
7.30461 1.79079e-11
7.3181 1.72834e-11
7.33161 1.68702e-11
7.34515 1.63249e-11
7.35872 1.60558e-11
7.3723 1.54818e-11
7.38592 1.53071e-11
7.39956 1.47339e-11
7.41322 1.45538e-11
7.42691 1.3983e-11
7.44062 1.37972e-11
7.45436 1.32309e-11
7.46813 1.30406e-11
7.48192 1.24806e-11
7.49574 1.22852e-11
7.50958 1.17399e-11
7.52345 1.15481e-11
7.53734 1.10269e-11
7.55126 1.0869e-11
7.5652 1.0475e-11
7.57917 1.0329e-11
7.59317 9.98137e-12
7.60719 9.82749e-12
7.62124 9.48481e-12
7.63531 9.32233e-12
7.64941 8.98429e-12
7.66353 8.81578e-12
7.67769 8.48492e-12
7.69186 8.30905e-12
7.70607 7.98605e-12
7.7203 7.80266e-12
7.73455 7.49381e-12
7.74884 7.30939e-12
7.76315 7.02643e-12
7.77748 6.87566e-12
7.79184 6.66163e-12
7.80623 6.51991e-12
7.82065 6.33815e-12
7.83509 6.18674e-12
7.84956 6.01309e-12
7.86405 5.84867e-12
7.87857 5.68593e-12
7.89312 5.50725e-12
7.9077 5.3577e-12
7.9223 5.15876e-12
7.93693 5.03052e-12
7.95158 4.79085e-12
7.96627 4.71073e-12
7.98098 4.46311e-12
7.99572 4.41009e-12
8.01048 4.22214e-12
8.02527 4.1736e-12
8.04009 4.0146e-12
8.05494 3.96357e-12
8.06981 3.80567e-12
8.08472 3.7526e-12
8.09965 3.5958e-12
8.1146 3.54061e-12
8.12959 3.38495e-12
8.1446 3.32725e-12
8.15964 3.17489e-12
8.17471 3.11636e-12
8.1898 2.96632e-12
8.20492 2.9085e-12
8.22008 2.76685e-12
8.23526 2.71944e-12
8.25046 2.61259e-12
8.2657 2.57002e-12
8.28096 2.48123e-12
8.29625 2.43646e-12
8.31157 2.34919e-12
8.32692 2.30202e-12
8.3423 2.21647e-12
8.3577 2.16655e-12
8.37314 2.08313e-12
8.3886 2.03047e-12
8.40409 1.94981e-12
8.41961 1.8953e-12
8.43516 1.81895e-12
8.45073 1.76256e-12
8.46634 1.69423e-12
8.48197 1.64677e-12
8.49763 1.59691e-12
8.51333 1.55367e-12
8.52905 1.514e-12
8.5448 1.4661e-12
8.56057 1.43047e-12
8.57638 1.37569e-12
8.59222 1.34658e-12
8.60809 1.28018e-12
8.62398 1.26225e-12
8.63991 1.19657e-12
8.65586 1.17827e-12
8.67185 1.11357e-12
8.68786 1.09563e-12
8.7039 1.03311e-12
8.71997 1.01873e-12
8.73608 9.70818e-13
8.75221 9.58308e-13
8.76837 9.2015e-13
8.78456 9.0686e-13
8.80078 8.69137e-13
8.81704 8.55229e-13
8.83332 8.17752e-13
8.84963 8.03111e-13
8.86597 7.66045e-13
8.88234 7.50781e-13
8.89874 7.14473e-13
8.91518 6.98677e-13
8.93164 6.63444e-13
8.94813 6.47579e-13
8.96466 6.14406e-13
8.98121 6.0143e-13
8.9978 5.76168e-13
9.01441 5.65225e-13
9.03106 5.45313e-13
9.04773 5.33661e-13
9.06444 5.14286e-13
9.08118 5.01831e-13
9.09795 4.82998e-13
9.11475 4.69564e-13
9.13158 4.51657e-13
9.14844 4.37251e-13
9.16534 4.20215e-13
9.18226 4.04821e-13
9.19922 3.89217e-13
9.2162 3.72701e-13
9.23322 3.59912e-13
9.25027 3.45349e-13
9.26736 3.36786e-13
9.28447 3.23293e-13
9.30161 3.18175e-13
9.31879 3.03274e-13
9.336 2.99395e-13
9.35324 2.84532e-13
9.37051 2.80477e-13
9.38781 2.65714e-13
9.40515 2.61501e-13
9.42252 2.46811e-13
9.43992 2.42465e-13
9.45735 2.28104e-13
9.47481 2.23788e-13
9.49231 2.09964e-13
9.50984 2.06423e-13
9.5274 1.95689e-13
9.54499 1.92793e-13
9.56262 1.84806e-13
9.58027 1.81723e-13
9.59797 1.73814e-13
9.61569 1.70602e-13
9.63345 1.62759e-13
9.65123 1.59358e-13
9.66906 1.51652e-13
9.68691 1.48013e-13
9.7048 1.40501e-13
9.72272 1.3676e-13
9.74067 1.29494e-13
9.75866 1.25634e-13
9.77668 1.18888e-13
9.79474 1.15651e-13
9.81282 1.10549e-13
9.83094 1.07977e-13
9.8491 1.04248e-13
9.86728 1.01469e-13
9.88551 9.79071e-14
9.90376 9.48929e-14
9.92205 9.15083e-14
9.94037 8.81851e-14
9.95873 8.50646e-14
9.97712 8.13832e-14
9.99554 7.86218e-14
10.014 7.4458e-14
10.0325 7.22567e-14
10.051 6.71576e-14
10.0696 6.62403e-14
10.0882 6.2181e-14
10.1068 6.14517e-14
10.1255 5.8599e-14
10.1442 5.7831e-14
10.1629 5.49817e-14
10.1817 5.41728e-14
10.2005 5.13283e-14
10.2193 5.04847e-14
10.2382 4.76592e-14
10.2571 4.67811e-14
10.276 4.39849e-14
10.295 4.30679e-14
10.314 4.03274e-14
10.333 3.94127e-14
10.3521 3.67841e-14
10.3712 3.60112e-14
10.3904 3.39455e-14
10.4096 3.33675e-14
10.4288 3.19472e-14
10.4481 3.13267e-14
10.4674 2.99285e-14
10.4867 2.92714e-14
10.5061 2.78896e-14
10.5255 2.71857e-14
10.5449 2.58399e-14
10.5644 2.50866e-14
10.5839 2.37822e-14
10.6034 2.29893e-14
10.623 2.17471e-14
10.6426 2.09111e-14
10.6623 1.97826e-14
10.682 1.90574e-14
10.7017 1.82123e-14
10.7214 1.76732e-14
10.7412 1.71111e-14
10.7611 1.65095e-14
10.7809 1.59958e-14
10.8008 1.53164e-14
10.8208 1.4873e-14
10.8408 1.40617e-14
10.8608 1.3741e-14
10.8809 1.28187e-14
10.9009 1.26077e-14
10.9211 1.16948e-14
10.9412 1.14857e-14
10.9614 1.05968e-14
10.9817 1.042e-14
11.002 9.70115e-15
11.0223 9.5755e-15
11.0426 9.11059e-15
11.063 8.97423e-15
11.0835 8.51306e-15
11.1039 8.37033e-15
11.1244 7.91065e-15
11.145 7.76096e-15
11.1655 7.30489e-15
11.1862 7.1453e-15
11.2068 6.69635e-15
11.2275 6.52815e-15
11.2483 6.08859e-15
11.269 5.91825e-15
11.2898 5.49995e-15
11.3107 5.35333e-15
11.3316 5.01801e-15
11.3525 4.91641e-15
11.3735 4.70509e-15
11.3945 4.59611e-15
11.4155 4.38873e-15
11.4366 4.2708e-15
11.4577 4.06899e-15
11.4789 3.94228e-15
11.5001 3.74647e-15
11.5213 3.60971e-15
11.5426 3.42397e-15
11.5639 3.27404e-15
11.5852 3.10249e-15
11.6066 2.94266e-15
11.6281 2.79261e-15
11.6495 2.6442e-15
11.671 2.54207e-15
11.6926 2.4359e-15
11.7142 2.37908e-15
11.7358 2.24287e-15
11.7575 2.2144e-15
11.7792 2.07845e-15
11.801 2.04819e-15
11.8227 1.91289e-15
11.8446 1.88113e-15
11.8664 1.74635e-15
11.8884 1.71335e-15
11.9103 1.58011e-15
11.9323 1.546e-15
11.9543 1.41703e-15
11.9764 1.38774e-15
11.9985 1.28041e-15
12.0207 1.26129e-15
12.0429 1.19822e-15
12.0651 1.17796e-15
12.0874 1.11527e-15
12.1097 1.09333e-15
12.1321 1.03122e-15
12.1545 1.00793e-15
12.1769 9.46815e-16
12.1994 9.21973e-16
12.2219 8.61912e-16
12.2445 8.35691e-16
12.2671 7.77005e-16
12.2898 7.49638e-16
12.3125 6.94405e-16
12.3352 6.70077e-16
12.358 6.25241e-16
12.3808 6.10046e-16
12.4037 5.84099e-16
12.4266 5.67309e-16
12.4495 5.42373e-16
12.4725 5.24038e-16
12.4955 5.00418e-16
12.5186 4.80021e-16
12.5417 4.57939e-16
12.5649 4.35262e-16
12.5881 4.15274e-16
12.6113 3.89614e-16
12.6346 3.72768e-16
12.658 3.42645e-16
12.6813 3.31634e-16
12.7048 3.01109e-16
12.7282 2.97784e-16
12.7517 2.81157e-16
12.7753 2.77606e-16
12.7989 2.60975e-16
12.8225 2.57193e-16
12.8462 2.40613e-16
12.8699 2.36571e-16
12.8937 2.20066e-16
12.9175 2.15818e-16
12.9413 1.99405e-16
12.9652 1.9485e-16
12.9892 1.78665e-16
13.0131 1.74059e-16
13.0372 1.58316e-16
13.0612 1.54132e-16
13.0854 1.40769e-16
13.1095 1.3832e-16
13.1337 1.31243e-16
13.158 1.28621e-16
13.1823 1.21633e-16
13.2066 1.18807e-16
13.231 1.11929e-16
13.2555 1.08886e-16
13.2799 1.02112e-16
13.3045 9.88295e-17
13.329 9.22586e-17
13.3536 8.87175e-17
13.3783 8.23832e-17
13.403 7.8657e-17
13.4277 7.27393e-17
13.4525 6.91844e-17
13.4774 6.44585e-17
13.5023 6.24423e-17
13.5272 5.99687e-17
13.5522 5.77307e-17
13.5772 5.5444e-17
13.6023 5.28871e-17
13.6274 5.08613e-17
13.6526 4.78618e-17
13.6778 4.62353e-17
13.703 4.22984e-17
13.7283 4.15801e-17
13.7537 3.76663e-17
13.7791 3.69318e-17
13.8045 3.30816e-17
13.83 3.241e-17
13.8556 2.89907e-17
13.8811 2.86334e-17
13.9068 2.69707e-17
13.9325 2.6588e-17
13.9582 2.49269e-17
13.984 2.45083e-17
14.0098 2.2864e-17
14.0357 2.24167e-17
14.0616 2.07763e-17
14.0875 2.0297e-17
14.1136 1.86783e-17
14.1396 1.81625e-17
14.1657 1.65729e-17
14.1919 1.6045e-17
14.2181 1.449e-17
14.2443 1.39938e-17
14.2706 1.26359e-17
14.297 1.23753e-17
14.3234 1.1736e-17
14.3499 1.14538e-17
14.3763 1.08232e-17
14.4029 1.05156e-17
14.4295 9.90358e-18
14.4561 9.56704e-18
14.4828 8.97234e-18
14.5096 8.6089e-18
14.5364 8.03379e-18
14.5632 7.63707e-18
14.5901 7.09658e-18
14.617 6.65988e-18
14.644 6.17083e-18
14.6711 5.72489e-18
14.6982 5.35817e-18
14.7253 5.12335e-18
14.7525 4.96464e-18
14.7797 4.68172e-18
14.807 4.56544e-18
14.8344 4.22126e-18
14.8618 4.16216e-18
14.8892 3.81838e-18
14.9167 3.75474e-18
14.9443 3.41176e-18
14.9719 3.34427e-18
14.9995 3.0035e-18
15.0272 2.93128e-18
15.055 2.59739e-18
15.0828 2.52893e-18
15.1106 2.22042e-18
15.1385 2.18858e-18
15.1665 2.05494e-18
15.1945 2.01996e-18
15.2225 1.88738e-18
15.2506 1.85024e-18
15.2788 1.71828e-18
15.307 1.67806e-18
15.3353 1.54761e-18
15.3636 1.50385e-18
15.392 1.37503e-18
15.4204 1.32837e-18
15.4489 1.20217e-18
15.4774 1.15176e-18
15.506 1.03038e-18
15.5346 9.81364e-19
15.5633 8.74045e-19
15.592 8.55987e-19
15.6208 8.19781e-19
15.6497 7.99967e-19
15.6786 7.64904e-19
15.7075 7.42725e-19
15.7365 7.08937e-19
15.7656 6.84183e-19
15.7947 6.51763e-19
15.8239 6.22706e-19
15.8531 5.91809e-19
15.8824 5.56576e-19
15.9117 5.23712e-19
15.9411 4.70326e-19
15.9705 4.01389e-19
16 0
