# 1:pT 2:PhotonSpectrum=dN/d^2xT d^2pT dy
0.01 1.19944
0.0100185 1.19821
0.010037 1.19504
0.0100555 1.19374
0.0100741 1.19054
0.0100927 1.18915
0.0101113 1.18597
0.01013 1.1845
0.0101487 1.18129
0.0101674 1.17972
0.0101862 1.17646
0.010205 1.17479
0.0102239 1.1715
0.0102427 1.16973
0.0102617 1.16635
0.0102806 1.1644
0.0102996 1.16089
0.0103186 1.1586
0.0103377 1.15435
0.0103567 1.15199
0.0103759 1.14775
0.010395 1.14531
0.0104142 1.14111
0.0104335 1.13854
0.0104527 1.13442
0.010472 1.13179
0.0104914 1.12773
0.0105107 1.125
0.0105301 1.12107
0.0105496 1.1182
0.0105691 1.11435
0.0105886 1.11142
0.0106081 1.10777
0.0106277 1.10485
0.0106474 1.10151
0.010667 1.09841
0.0106867 1.09522
0.0107065 1.09197
0.0107262 1.08893
0.010746 1.08539
0.0107659 1.08259
0.0107858 1.07868
0.0108057 1.07624
0.0108256 1.07171
0.0108456 1.06987
0.0108656 1.06538
0.0108857 1.06352
0.0109058 1.05904
0.0109259 1.05724
0.0109461 1.05308
0.0109663 1.0512
0.0109866 1.0471
0.0110069 1.04515
0.0110272 1.04107
0.0110476 1.03907
0.011068 1.03502
0.0110884 1.03299
0.0111089 1.02894
0.0111294 1.02685
0.0111499 1.02284
0.0111705 1.0207
0.0111912 1.01677
0.0112118 1.01457
0.0112325 1.01076
0.0112533 1.00859
0.0112741 1.00503
0.0112949 1.00278
0.0113157 0.999273
0.0113366 0.996947
0.0113576 0.993525
0.0113785 0.991105
0.0113995 0.987751
0.0114206 0.985233
0.0114417 0.981914
0.0114628 0.979284
0.011484 0.976127
0.0115052 0.973366
0.0115264 0.970313
0.0115477 0.967418
0.011569 0.964591
0.0115904 0.961651
0.0116118 0.959098
0.0116332 0.955918
0.0116547 0.953611
0.0116762 0.949881
0.0116978 0.948116
0.0117194 0.944175
0.0117411 0.942562
0.0117627 0.93864
0.0117845 0.937003
0.0118062 0.933091
0.011828 0.931406
0.0118499 0.927569
0.0118717 0.925845
0.0118937 0.922042
0.0119156 0.920343
0.0119376 0.916802
0.0119597 0.915061
0.0119818 0.911607
0.0120039 0.909801
0.0120261 0.906337
0.0120483 0.904497
0.0120705 0.90106
0.0120928 0.899169
0.0121151 0.895775
0.0121375 0.893818
0.0121599 0.890467
0.0121824 0.888433
0.0122049 0.885156
0.0122274 0.8831
0.01225 0.879932
0.0122726 0.877858
0.0122953 0.874906
0.012318 0.872756
0.0123407 0.869898
0.0123635 0.867671
0.0123863 0.864867
0.0124092 0.862542
0.0124321 0.859813
0.0124551 0.857339
0.0124781 0.854769
0.0125011 0.852151
0.0125242 0.849686
0.0125473 0.846851
0.0125705 0.844607
0.0125937 0.841508
0.012617 0.839611
0.0126403 0.836161
0.0126636 0.834786
0.012687 0.831416
0.0127104 0.829989
0.0127339 0.826633
0.0127574 0.825154
0.012781 0.82182
0.0128046 0.820311
0.0128282 0.81699
0.0128519 0.81545
0.0128756 0.812146
0.0128994 0.810558
0.0129232 0.807312
0.0129471 0.805718
0.012971 0.802516
0.012995 0.80092
0.0130189 0.797909
0.013043 0.796282
0.0130671 0.79336
0.0130912 0.791696
0.0131154 0.788795
0.0131396 0.78705
0.0131639 0.78421
0.0131882 0.782397
0.0132125 0.779574
0.0132369 0.777752
0.0132614 0.774959
0.0132859 0.773063
0.0133104 0.770362
0.013335 0.76839
0.0133596 0.765771
0.0133843 0.763791
0.013409 0.761386
0.0134337 0.759343
0.0134585 0.757024
0.0134834 0.754856
0.0135083 0.75265
0.0135332 0.750321
0.0135582 0.748261
0.0135833 0.745707
0.0136083 0.743835
0.0136335 0.740914
0.0136587 0.739411
0.0136839 0.736254
0.0137091 0.734989
0.0137345 0.731856
0.0137598 0.730609
0.0137852 0.727649
0.0138107 0.726385
0.0138362 0.72351
0.0138617 0.722189
0.0138873 0.719314
0.013913 0.717958
0.0139387 0.71512
0.0139644 0.713731
0.0139902 0.710919
0.014016 0.709472
0.0140419 0.70669
0.0140678 0.705241
0.0140938 0.702453
0.0141198 0.700979
0.0141459 0.698265
0.014172 0.696794
0.0141982 0.694245
0.0142244 0.692728
0.0142507 0.690257
0.014277 0.688704
0.0143034 0.686291
0.0143298 0.684655
0.0143563 0.682277
0.0143828 0.680568
0.0144093 0.678263
0.0144359 0.676462
0.0144626 0.674206
0.0144893 0.672351
0.0145161 0.670187
0.0145429 0.668242
0.0145697 0.666195
0.0145966 0.664215
0.0146236 0.662354
0.0146506 0.660266
0.0146776 0.658571
0.0147047 0.656279
0.0147319 0.654763
0.0147591 0.652039
0.0147863 0.650951
0.0148136 0.64823
0.014841 0.647103
0.0148684 0.644401
0.0148959 0.643243
0.0149234 0.640581
0.0149509 0.639394
0.0149785 0.636765
0.0150062 0.635588
0.0150339 0.633081
0.0150617 0.631909
0.0150895 0.629482
0.0151173 0.628271
0.0151453 0.62586
0.0151732 0.624605
0.0152012 0.622219
0.0152293 0.620912
0.0152574 0.618537
0.0152856 0.617213
0.0153138 0.61488
0.0153421 0.613511
0.0153705 0.611229
0.0153988 0.609815
0.0154273 0.607577
0.0154558 0.606174
0.0154843 0.604059
0.0155129 0.602632
0.0155415 0.600613
0.0155702 0.599123
0.015599 0.597151
0.0156278 0.595591
0.0156567 0.593664
0.0156856 0.592021
0.0157145 0.590169
0.0157435 0.588435
0.0157726 0.586674
0.0158017 0.584801
0.0158309 0.583168
0.0158602 0.581158
0.0158894 0.579697
0.0159188 0.577496
0.0159482 0.576333
0.0159776 0.573986
0.0160071 0.573016
0.0160367 0.570672
0.0160663 0.569689
0.016096 0.56735
0.0161257 0.566343
0.0161555 0.564033
0.0161853 0.562978
0.0162152 0.560683
0.0162451 0.559607
0.0162751 0.557327
0.0163052 0.556238
0.0163353 0.553996
0.0163655 0.552903
0.0163957 0.550772
0.016426 0.549683
0.0164563 0.547617
0.0164867 0.546482
0.0165171 0.544436
0.0165476 0.543268
0.0165782 0.541254
0.0166088 0.540049
0.0166395 0.538046
0.0166702 0.536804
0.016701 0.534856
0.0167318 0.533551
0.0167627 0.531652
0.0167937 0.530298
0.0168247 0.528471
0.0168558 0.527117
0.0168869 0.525379
0.0169181 0.524013
0.0169493 0.522381
0.0169806 0.520919
0.017012 0.51936
0.0170434 0.517811
0.0170748 0.516324
0.0171064 0.514657
0.017138 0.513284
0.0171696 0.511438
0.0172013 0.510222
0.0172331 0.508019
0.0172649 0.507166
0.0172968 0.504986
0.0173287 0.504132
0.0173607 0.502044
0.0173928 0.501179
0.0174249 0.499187
0.0174571 0.498298
0.0174893 0.496314
0.0175216 0.495384
0.017554 0.493421
0.0175864 0.492475
0.0176189 0.490518
0.0176514 0.489555
0.017684 0.487608
0.0177166 0.486611
0.0177494 0.484698
0.0177821 0.483674
0.017815 0.481787
0.0178479 0.480771
0.0178808 0.47897
0.0179138 0.477954
0.0179469 0.476234
0.0179801 0.475164
0.0180133 0.473461
0.0180465 0.472366
0.0180799 0.470691
0.0181132 0.469542
0.0181467 0.467903
0.0181802 0.4667
0.0182138 0.465098
0.0182474 0.463849
0.0182811 0.462298
0.0183149 0.461006
0.0183487 0.459538
0.0183826 0.458188
0.0184165 0.45684
0.0184505 0.455455
0.0184846 0.454221
0.0185187 0.452721
0.0185529 0.451582
0.0185872 0.449902
0.0186215 0.44894
0.0186559 0.447049
0.0186903 0.446279
0.0187248 0.444406
0.0187594 0.443614
0.0187941 0.44174
0.0188288 0.440946
0.0188635 0.439108
0.0188984 0.438296
0.0189333 0.436526
0.0189682 0.435725
0.0190033 0.43403
0.0190384 0.433202
0.0190735 0.431523
0.0191087 0.430669
0.019144 0.429
0.0191794 0.428131
0.0192148 0.426466
0.0192503 0.425564
0.0192858 0.423928
0.0193214 0.423008
0.0193571 0.421389
0.0193929 0.420437
0.0194287 0.418864
0.0194645 0.417896
0.0195005 0.416389
0.0195365 0.415417
0.0195726 0.414001
0.0196087 0.412975
0.0196449 0.411597
0.0196812 0.410537
0.0197175 0.409175
0.019754 0.40806
0.0197904 0.406749
0.019827 0.405579
0.0198636 0.40431
0.0199003 0.403079
0.019937 0.401885
0.0199738 0.400559
0.0200107 0.399472
0.0200477 0.398063
0.0200847 0.397109
0.0201218 0.395472
0.0201589 0.394827
0.0201962 0.393191
0.0202335 0.392527
0.0202708 0.3909
0.0203082 0.390203
0.0203457 0.388596
0.0203833 0.387886
0.020421 0.386288
0.0204587 0.385564
0.0204964 0.383972
0.0205343 0.383223
0.0205722 0.381664
0.0206102 0.380923
0.0206483 0.379411
0.0206864 0.378665
0.0207246 0.377243
0.0207629 0.376477
0.0208012 0.375054
0.0208396 0.374276
0.0208781 0.372861
0.0209166 0.372058
0.0209553 0.370663
0.020994 0.369807
0.0210327 0.368449
0.0210716 0.367579
0.0211105 0.366237
0.0211495 0.365334
0.0211885 0.364039
0.0212277 0.363107
0.0212669 0.36188
0.0213061 0.360956
0.0213455 0.35981
0.0213849 0.358838
0.0214244 0.357722
0.0214639 0.35669
0.0215036 0.355621
0.0215433 0.354521
0.0215831 0.353517
0.0216229 0.352335
0.0216628 0.351408
0.0217028 0.350072
0.0217429 0.349296
0.0217831 0.347782
0.0218233 0.34719
0.0218636 0.345728
0.021904 0.345139
0.0219444 0.343743
0.0219849 0.343149
0.0220255 0.341766
0.0220662 0.341131
0.022107 0.339769
0.0221478 0.339124
0.0221887 0.33776
0.0222297 0.337101
0.0222707 0.335749
0.0223118 0.335066
0.022353 0.333726
0.0223943 0.333045
0.0224357 0.331715
0.0224771 0.331028
0.0225186 0.329748
0.0225602 0.329058
0.0226018 0.327856
0.0226436 0.327144
0.0226854 0.325962
0.0227273 0.32521
0.0227692 0.324043
0.0228113 0.323268
0.0228534 0.322126
0.0228956 0.321317
0.0229379 0.320204
0.0229803 0.319362
0.0230227 0.318264
0.0230652 0.317394
0.0231078 0.316345
0.0231505 0.315451
0.0231932 0.314464
0.023236 0.313554
0.023279 0.312657
0.0233219 0.311672
0.023365 0.310835
0.0234082 0.30976
0.0234514 0.308999
0.0234947 0.307719
0.0235381 0.307167
0.0235815 0.305854
0.0236251 0.30532
0.0236687 0.304012
0.0237124 0.303467
0.0237562 0.302185
0.0238001 0.301635
0.023844 0.300386
0.0238881 0.299845
0.0239322 0.298663
0.0239764 0.298102
0.0240206 0.296932
0.024065 0.296358
0.0241094 0.2952
0.0241539 0.294602
0.0241985 0.293447
0.0242432 0.292838
0.024288 0.291693
0.0243329 0.29107
0.0243778 0.289941
0.0244228 0.2893
0.0244679 0.288189
0.0245131 0.28753
0.0245583 0.286463
0.0246037 0.285817
0.0246491 0.284824
0.0246946 0.28415
0.0247402 0.283177
0.0247859 0.282466
0.0248317 0.281508
0.0248776 0.280768
0.0249235 0.279843
0.0249695 0.279062
0.0250156 0.278165
0.0250618 0.277344
0.0251081 0.276484
0.0251545 0.27562
0.0252009 0.274819
0.0252475 0.273896
0.0252941 0.273171
0.0253408 0.272199
0.0253876 0.271596
0.0254345 0.270463
0.0254814 0.270004
0.0255285 0.268881
0.0255756 0.26841
0.0256229 0.267279
0.0256702 0.2668
0.0257176 0.265684
0.0257651 0.26519
0.0258126 0.264081
0.0258603 0.263574
0.0259081 0.262482
0.0259559 0.26197
0.0260038 0.260903
0.0260518 0.260406
0.0261 0.259412
0.0261482 0.258894
0.0261964 0.257905
0.0262448 0.257371
0.0262933 0.256395
0.0263418 0.255841
0.0263905 0.254878
0.0264392 0.254306
0.026488 0.253357
0.0265369 0.252762
0.0265859 0.251826
0.026635 0.251213
0.0266842 0.250303
0.0267335 0.249678
0.0267829 0.248803
0.0268323 0.248181
0.0268819 0.247364
0.0269315 0.246717
0.0269812 0.245929
0.0270311 0.245239
0.027081 0.244475
0.027131 0.243745
0.0271811 0.243023
0.0272313 0.242241
0.0272816 0.241562
0.0273319 0.240709
0.0273824 0.240099
0.027433 0.23911
0.0274836 0.238647
0.0275344 0.237606
0.0275852 0.23721
0.0276362 0.236244
0.0276872 0.235839
0.0277383 0.234873
0.0277896 0.234458
0.0278409 0.233501
0.0278923 0.233066
0.0279438 0.232115
0.0279954 0.231668
0.0280471 0.230726
0.0280989 0.230273
0.0281508 0.229342
0.0282027 0.228871
0.0282548 0.227948
0.028307 0.227475
0.0283593 0.226571
0.0284116 0.226109
0.0284641 0.225273
0.0285167 0.224793
0.0285693 0.223964
0.0286221 0.223461
0.0286749 0.222646
0.0287279 0.222129
0.0287809 0.22133
0.0288341 0.220785
0.0288873 0.220002
0.0289407 0.219433
0.0289941 0.218671
0.0290477 0.218083
0.0291013 0.217341
0.029155 0.216736
0.0292089 0.216028
0.0292628 0.215422
0.0293168 0.214786
0.029371 0.214139
0.0294252 0.213531
0.0294796 0.212832
0.029534 0.212267
0.0295885 0.211498
0.0296432 0.211004
0.0296979 0.210091
0.0297527 0.209732
0.0298077 0.208828
0.0298627 0.208457
0.0299179 0.207562
0.0299731 0.207186
0.0300285 0.206306
0.0300839 0.205932
0.0301395 0.205114
0.0301951 0.204735
0.0302509 0.203922
0.0303068 0.203528
0.0303627 0.202725
0.0304188 0.202325
0.030475 0.201524
0.0305312 0.201106
0.0305876 0.200313
0.0306441 0.199886
0.0307007 0.199099
0.0307574 0.198662
0.0308142 0.197893
0.0308711 0.197445
0.0309281 0.196696
0.0309852 0.19625
0.0310424 0.195551
0.0310997 0.195101
0.0311572 0.194412
0.0312147 0.193939
0.0312723 0.193264
0.0313301 0.19277
0.0313879 0.192106
0.0314459 0.191588
0.031504 0.190951
0.0315621 0.190408
0.0316204 0.189792
0.0316788 0.189216
0.0317373 0.188636
0.0317959 0.188025
0.0318546 0.187496
0.0319135 0.186867
0.0319724 0.186409
0.0320314 0.185691
0.0320906 0.185324
0.0321498 0.184545
0.0322092 0.184228
0.0322687 0.18345
0.0323283 0.183127
0.032388 0.182355
0.0324478 0.182025
0.0325077 0.181261
0.0325677 0.180919
0.0326279 0.180159
0.0326881 0.179813
0.0327485 0.179069
0.0328089 0.178731
0.0328695 0.178035
0.0329302 0.177682
0.032991 0.176999
0.033052 0.176642
0.033113 0.175954
0.0331741 0.175586
0.0332354 0.17491
0.0332968 0.174527
0.0333583 0.173861
0.0334199 0.173464
0.0334816 0.172804
0.0335434 0.172396
0.0336053 0.171758
0.0336674 0.171335
0.0337296 0.170714
0.0337919 0.170294
0.0338543 0.169722
0.0339168 0.16928
0.0339794 0.168724
0.0340421 0.168266
0.034105 0.167728
0.034168 0.167243
0.0342311 0.166726
0.0342943 0.166209
0.0343576 0.165722
0.0344211 0.165168
0.0344846 0.164713
0.0345483 0.164101
0.0346121 0.163709
0.034676 0.162983
0.0347401 0.162715
0.0348042 0.162036
0.0348685 0.161761
0.0349329 0.161095
0.0349974 0.160811
0.035062 0.16015
0.0351267 0.159854
0.0351916 0.159198
0.0352566 0.158894
0.0353217 0.15824
0.0353869 0.157933
0.0354523 0.157285
0.0355177 0.15697
0.0355833 0.156329
0.035649 0.156007
0.0357149 0.155381
0.0357808 0.155059
0.0358469 0.154467
0.0359131 0.154143
0.0359794 0.153568
0.0360458 0.153231
0.0361124 0.152664
0.0361791 0.152311
0.0362459 0.151748
0.0363128 0.151384
0.0363799 0.150832
0.0364471 0.150452
0.0365144 0.149912
0.0365818 0.149519
0.0366493 0.148997
0.036717 0.14859
0.0367848 0.148087
0.0368527 0.147683
0.0369208 0.147217
0.036989 0.146793
0.0370573 0.146358
0.0371257 0.145901
0.0371943 0.145492
0.0372629 0.144995
0.0373318 0.144621
0.0374007 0.144056
0.0374698 0.143748
0.037539 0.14312
0.0376083 0.142868
0.0376777 0.142246
0.0377473 0.141994
0.037817 0.141378
0.0378868 0.14113
0.0379568 0.140554
0.0380269 0.140297
0.0380971 0.139735
0.0381675 0.139471
0.0382379 0.138909
0.0383085 0.13864
0.0383793 0.138083
0.0384502 0.137803
0.0385212 0.137253
0.0385923 0.136968
0.0386636 0.136419
0.038735 0.136126
0.0388065 0.135587
0.0388781 0.135288
0.0389499 0.134761
0.0390219 0.134465
0.0390939 0.133969
0.0391661 0.133665
0.0392384 0.133188
0.0393109 0.132868
0.0393835 0.132401
0.0394562 0.132065
0.0395291 0.13161
0.0396021 0.131261
0.0396752 0.130813
0.0397485 0.130449
0.0398219 0.130017
0.0398954 0.129635
0.0399691 0.129222
0.0400429 0.128817
0.0401168 0.128434
0.0401909 0.128018
0.0402651 0.127678
0.0403395 0.127229
0.040414 0.126927
0.0404886 0.126385
0.0405633 0.126173
0.0406383 0.125633
0.0407133 0.125415
0.0407885 0.124877
0.0408638 0.124651
0.0409393 0.12412
0.0410149 0.123889
0.0410906 0.123362
0.0411665 0.123124
0.0412425 0.122607
0.0413186 0.122373
0.0413949 0.121883
0.0414714 0.12165
0.041548 0.121172
0.0416247 0.120928
0.0417016 0.120458
0.0417786 0.120204
0.0418557 0.119736
0.041933 0.119479
0.0420104 0.119015
0.042088 0.118749
0.0421657 0.118294
0.0422436 0.118016
0.0423216 0.117568
0.0423998 0.117288
0.042478 0.116852
0.0425565 0.116569
0.0426351 0.116161
0.0427138 0.115869
0.0427927 0.11548
0.0428717 0.115174
0.0429509 0.114794
0.0430302 0.114475
0.0431096 0.114109
0.0431892 0.113765
0.043269 0.113418
0.0433489 0.113054
0.0434289 0.112726
0.0435091 0.112333
0.0435895 0.112033
0.04367 0.111595
0.0437506 0.111351
0.0438314 0.110874
0.0439124 0.110687
0.0439934 0.110231
0.0440747 0.110038
0.0441561 0.109578
0.0442376 0.109381
0.0443193 0.108928
0.0444011 0.108721
0.0444831 0.108271
0.0445653 0.108062
0.0446476 0.107612
0.04473 0.1074
0.0448126 0.106955
0.0448954 0.106737
0.0449783 0.106299
0.0450613 0.106085
0.0451445 0.105668
0.0452279 0.105452
0.0453114 0.105052
0.0453951 0.104826
0.0454789 0.104429
0.0455629 0.104194
0.045647 0.103805
0.0457313 0.10356
0.0458158 0.103176
0.0459004 0.102924
0.0459851 0.102547
0.0460701 0.102285
0.0461551 0.101919
0.0462404 0.101646
0.0463257 0.101293
0.0464113 0.101019
0.046497 0.100689
0.0465829 0.100406
0.0466689 0.100097
0.0467551 0.0997963
0.0468414 0.0995036
0.0469279 0.0991772
0.0470145 0.0989061
0.0471014 0.0985491
0.0471883 0.0983036
0.0472755 0.0978694
0.0473628 0.0977028
0.0474502 0.0972704
0.0475379 0.0971012
0.0476256 0.0966745
0.0477136 0.0965024
0.0478017 0.0960992
0.04789 0.0959265
0.0479784 0.095539
0.048067 0.0953617
0.0481558 0.0949739
0.0482447 0.0947894
0.0483338 0.094407
0.048423 0.0942203
0.0485124 0.0938375
0.048602 0.0936431
0.0486918 0.0932664
0.0487817 0.093069
0.0488718 0.0926942
0.048962 0.0924942
0.0490524 0.0921248
0.049143 0.0919258
0.0492338 0.0915749
0.0493247 0.0913697
0.0494158 0.0910372
0.049507 0.0908252
0.0495984 0.090497
0.04969 0.0902747
0.0497818 0.0899549
0.0498737 0.0897202
0.0499658 0.0894081
0.0500581 0.0891657
0.0501505 0.0888637
0.0502431 0.088609
0.0503359 0.0883153
0.0504288 0.088047
0.050522 0.087771
0.0506153 0.0874956
0.0507087 0.0872449
0.0508024 0.086958
0.0508962 0.0867321
0.0509902 0.0864103
0.0510843 0.0862156
0.0511786 0.0858441
0.0512732 0.085695
0.0513678 0.0853273
0.0514627 0.0851745
0.0515577 0.084806
0.0516529 0.0846521
0.0517483 0.0842879
0.0518439 0.0841286
0.0519396 0.0837696
0.0520355 0.0836103
0.0521316 0.083266
0.0522279 0.0831073
0.0523243 0.0827784
0.0524209 0.0826127
0.0525177 0.082287
0.0526147 0.0821187
0.0527119 0.0817922
0.0528092 0.0816195
0.0529067 0.0812971
0.0530044 0.0811168
0.0531023 0.0807992
0.0532004 0.0806151
0.0532986 0.0803042
0.053397 0.0801127
0.0534956 0.0798076
0.0535944 0.0796144
0.0536934 0.0793275
0.0537925 0.0791322
0.0538919 0.0788622
0.0539914 0.0786582
0.0540911 0.0783901
0.054191 0.0781768
0.054291 0.0779191
0.0543913 0.0776953
0.0544917 0.0774462
0.0545924 0.0772073
0.0546932 0.0769721
0.0547942 0.0767151
0.0548954 0.0764972
0.0549967 0.076217
0.0550983 0.0760237
0.0552 0.0757029
0.055302 0.0755667
0.0554041 0.0752497
0.0555064 0.0751206
0.0556089 0.0748038
0.0557116 0.0746716
0.0558144 0.0743579
0.0559175 0.0742204
0.0560208 0.0739097
0.0561242 0.0737691
0.0562279 0.0734578
0.0563317 0.0733135
0.0564357 0.0730064
0.0565399 0.0728596
0.0566443 0.0725583
0.0567489 0.0724095
0.0568537 0.0721182
0.0569587 0.0719713
0.0570639 0.0716944
0.0571693 0.0715437
0.0572748 0.071269
0.0573806 0.0711121
0.0574866 0.0708401
0.0575927 0.0706761
0.0576991 0.0704091
0.0578056 0.07024
0.0579124 0.0699784
0.0580193 0.0698033
0.0581264 0.0695485
0.0582338 0.0693657
0.0583413 0.0691177
0.058449 0.0689321
0.058557 0.0686995
0.0586651 0.0685113
0.0587734 0.0682944
0.058882 0.0680959
0.0589907 0.067887
0.0590996 0.0676757
0.0592088 0.0674787
0.0593181 0.06725
0.0594276 0.0670669
0.0595374 0.0668145
0.0596473 0.0666556
0.0597575 0.0663592
0.0598678 0.0662429
0.0599784 0.0659503
0.0600891 0.0658338
0.0602001 0.065548
0.0603112 0.0654333
0.0604226 0.0651653
0.0605342 0.0650461
0.060646 0.0647796
0.060758 0.0646565
0.0608702 0.0643905
0.0609826 0.0642634
0.0610952 0.0640007
0.061208 0.0638709
0.061321 0.0636094
0.0614343 0.0634752
0.0615477 0.0632158
0.0616614 0.0630793
0.0617752 0.0628252
0.0618893 0.062687
0.0620036 0.0624428
0.0621181 0.0623051
0.0622328 0.0620756
0.0623477 0.0619314
0.0624628 0.0617039
0.0625782 0.0615545
0.0626937 0.0613317
0.0628095 0.0611789
0.0629255 0.0609588
0.0630417 0.060797
0.0631581 0.0605827
0.0632747 0.060415
0.0633916 0.0602091
0.0635086 0.0600318
0.0636259 0.059835
0.0637434 0.0596508
0.0638611 0.0594703
0.063979 0.0592825
0.0640972 0.0591187
0.0642155 0.0589147
0.0643341 0.0587644
0.0644529 0.0585263
0.0645719 0.05841
0.0646912 0.0581544
0.0648106 0.0580524
0.0649303 0.0577976
0.0650502 0.0576936
0.0651703 0.0574409
0.0652907 0.057335
0.0654113 0.057085
0.065532 0.0569767
0.0656531 0.0567347
0.0657743 0.0566279
0.0658957 0.0564019
0.0660174 0.0562923
0.0661393 0.0560679
0.0662615 0.0559532
0.0663838 0.0557302
0.0665064 0.0556126
0.0666292 0.0553905
0.0667523 0.0552719
0.0668755 0.0550515
0.066999 0.054929
0.0671227 0.0547123
0.0672467 0.0545829
0.0673709 0.0543719
0.0674953 0.0542433
0.0676199 0.0540407
0.0677448 0.0539102
0.0678699 0.0537218
0.0679952 0.0535851
0.0681208 0.0534009
0.0682466 0.0532584
0.0683726 0.0530774
0.0684988 0.052929
0.0686253 0.052753
0.0687521 0.0525954
0.068879 0.0524294
0.0690062 0.0522618
0.0691336 0.0521041
0.0692613 0.0519237
0.0693892 0.0517794
0.0695173 0.0515841
0.0696457 0.0514624
0.0697743 0.0512441
0.0699031 0.0511571
0.0700322 0.0509398
0.0701616 0.0508496
0.0702911 0.0506334
0.0704209 0.0505407
0.070551 0.050326
0.0706812 0.0502301
0.0708118 0.0500158
0.0709425 0.0499188
0.0710735 0.0497061
0.0712048 0.0496073
0.0713362 0.0493978
0.071468 0.049298
0.0716 0.0490938
0.0717322 0.0489942
0.0718646 0.048804
0.0719973 0.0487016
0.0721303 0.0485124
0.0722635 0.0484069
0.0723969 0.0482205
0.0725306 0.048111
0.0726645 0.0479266
0.0727987 0.0478123
0.0729332 0.0476301
0.0730678 0.0475141
0.0732028 0.0473351
0.0733379 0.0472141
0.0734734 0.0470403
0.073609 0.046916
0.073745 0.0467492
0.0738812 0.0466255
0.0740176 0.046473
0.0741543 0.0463426
0.0742912 0.0461942
0.0744284 0.0460554
0.0745658 0.0459154
0.0747035 0.0457657
0.0748415 0.0456339
0.0749797 0.0454719
0.0751181 0.045352
0.0752568 0.0451659
0.0753958 0.0450702
0.075535 0.0448674
0.0756745 0.0447882
0.0758143 0.044589
0.0759543 0.0445122
0.0760945 0.0443268
0.076235 0.0442478
0.0763758 0.044064
0.0765168 0.0439814
0.0766581 0.0437977
0.0767997 0.0437125
0.0769415 0.0435311
0.0770836 0.0434443
0.0772259 0.043264
0.0773685 0.0431735
0.0775114 0.0429956
0.0776545 0.0429048
0.0777979 0.0427272
0.0779416 0.0426349
0.0780855 0.0424627
0.0782297 0.0423716
0.0783742 0.0422125
0.0785189 0.0421177
0.0786639 0.0419593
0.0788092 0.0418611
0.0789547 0.0417069
0.0791005 0.041604
0.0792466 0.0414518
0.0793929 0.0413444
0.0795395 0.0411968
0.0796864 0.0410838
0.0798335 0.0409397
0.0799809 0.0408239
0.0801286 0.0406845
0.0802766 0.0405624
0.0804248 0.0404326
0.0805734 0.0403109
0.0807221 0.0401934
0.0808712 0.0400616
0.0810205 0.0399517
0.0811702 0.0398065
0.08132 0.0397097
0.0814702 0.0395347
0.0816207 0.0394661
0.0817714 0.0392918
0.0819224 0.0392212
0.0820737 0.0390483
0.0822252 0.0389762
0.0823771 0.0388051
0.0825292 0.0387312
0.0826816 0.038563
0.0828342 0.0384905
0.0829872 0.0383349
0.0831405 0.0382614
0.083294 0.038106
0.0834478 0.03803
0.0836019 0.037876
0.0837563 0.0377971
0.0839109 0.0376447
0.0840659 0.0375629
0.0842211 0.037411
0.0843766 0.0373281
0.0845325 0.0371789
0.0846885 0.0370936
0.0848449 0.0369474
0.0850016 0.0368591
0.0851586 0.0367163
0.0853158 0.0366299
0.0854734 0.0364982
0.0856312 0.0364078
0.0857893 0.0362785
0.0859478 0.0361844
0.0861065 0.036058
0.0862655 0.0359599
0.0864248 0.0358361
0.0865844 0.0357336
0.0867442 0.0356142
0.0869044 0.0355042
0.0870649 0.0353919
0.0872257 0.0352744
0.0873868 0.0351695
0.0875481 0.0350435
0.0877098 0.0349501
0.0878718 0.034816
0.088034 0.0347415
0.0881966 0.0345925
0.0883594 0.0345314
0.0885226 0.0343835
0.0886861 0.0343213
0.0888498 0.0341727
0.0890139 0.0341097
0.0891783 0.0339628
0.089343 0.0338969
0.0895079 0.033751
0.0896732 0.0336841
0.0898388 0.0335392
0.0900047 0.0334719
0.0901709 0.0333301
0.0903374 0.0332632
0.0905043 0.0331318
0.0906714 0.033064
0.0908388 0.0329333
0.0910066 0.0328629
0.0911746 0.0327337
0.091343 0.0326609
0.0915116 0.0325334
0.0916806 0.032458
0.0918499 0.0323321
0.0920195 0.0322539
0.0921895 0.0321307
0.0923597 0.0320494
0.0925303 0.0319295
0.0927011 0.0318451
0.0928723 0.03173
0.0930438 0.0316471
0.0932156 0.0315396
0.0933877 0.0314532
0.0935602 0.03135
0.093733 0.0312586
0.0939061 0.0311591
0.0940795 0.0310616
0.0942532 0.0309679
0.0944272 0.0308633
0.0946016 0.0307757
0.0947763 0.0306602
0.0949513 0.0305826
0.0951266 0.0304433
0.0953023 0.0303904
0.0954783 0.0302527
0.0956546 0.0302008
0.0958312 0.0300719
0.0960082 0.0300179
0.0961855 0.0298915
0.0963631 0.0298361
0.0965411 0.0297104
0.0967193 0.0296523
0.0968979 0.0295276
0.0970769 0.0294687
0.0972561 0.0293444
0.0974357 0.0292848
0.0976156 0.029161
0.0977959 0.0290992
0.0979765 0.0289781
0.0981574 0.0289145
0.0983387 0.0287953
0.0985203 0.0287345
0.0987022 0.0286229
0.0988845 0.0285599
0.0990671 0.0284517
0.09925 0.0283854
0.0994333 0.0282785
0.0996169 0.0282107
0.0998008 0.0281054
0.0999851 0.0280344
0.10017 0.0279318
0.100355 0.0278569
0.10054 0.0277568
0.100726 0.0276791
0.100912 0.0275824
0.101098 0.027502
0.101285 0.0274105
0.101472 0.027329
0.101659 0.0272451
0.101847 0.0271592
0.102035 0.027081
0.102223 0.0269878
0.102412 0.0269153
0.102601 0.0268106
0.102791 0.0267501
0.102981 0.0266304
0.103171 0.0265828
0.103361 0.0264648
0.103552 0.026416
0.103743 0.0262978
0.103935 0.0262487
0.104127 0.0261333
0.104319 0.0260838
0.104512 0.0259757
0.104705 0.025926
0.104898 0.0258193
0.105092 0.0257686
0.105286 0.0256625
0.10548 0.0256097
0.105675 0.0255045
0.10587 0.0254507
0.106066 0.0253463
0.106262 0.0252911
0.106458 0.0251881
0.106654 0.0251308
0.106851 0.0250293
0.107049 0.0249712
0.107246 0.0248725
0.107444 0.0248136
0.107643 0.0247213
0.107841 0.0246618
0.108041 0.0245724
0.10824 0.0245101
0.10844 0.0244228
0.10864 0.024357
0.108841 0.0242717
0.109042 0.0242033
0.109243 0.0241205
0.109445 0.0240481
0.109647 0.0239691
0.10985 0.0238926
0.110052 0.0238178
0.110256 0.0237367
0.110459 0.0236683
0.110663 0.023583
0.110868 0.023524
0.111072 0.023422
0.111277 0.0233819
0.111483 0.0232801
0.111689 0.023239
0.111895 0.0231375
0.112102 0.0230947
0.112309 0.0229944
0.112516 0.0229505
0.112724 0.0228509
0.112932 0.0228061
0.11314 0.0227071
0.113349 0.0226609
0.113559 0.0225641
0.113768 0.0225193
0.113978 0.0224272
0.114189 0.022381
0.1144 0.0222921
0.114611 0.0222449
0.114823 0.0221559
0.115035 0.0221077
0.115247 0.0220195
0.11546 0.0219696
0.115673 0.0218822
0.115887 0.02183
0.116101 0.0217445
0.116315 0.0216909
0.11653 0.021607
0.116745 0.0215515
0.116961 0.0214711
0.117177 0.0214147
0.117393 0.0213393
0.11761 0.0212823
0.117827 0.0212106
0.118045 0.0211503
0.118263 0.0210803
0.118481 0.0210162
0.1187 0.0209493
0.118919 0.0208812
0.119139 0.0208187
0.119359 0.0207449
0.119579 0.0206872
0.1198 0.0206052
0.120021 0.020556
0.120243 0.020462
0.120465 0.020426
0.120687 0.0203374
0.12091 0.0203013
0.121133 0.0202147
0.121357 0.0201779
0.121581 0.0200921
0.121806 0.0200536
0.12203 0.0199685
0.122256 0.0199289
0.122482 0.0198442
0.122708 0.0198038
0.122934 0.0197198
0.123161 0.0196782
0.123389 0.0195952
0.123617 0.0195534
0.123845 0.019471
0.124074 0.0194296
0.124303 0.0193519
0.124532 0.0193094
0.124762 0.0192348
0.124993 0.019191
0.125223 0.0191174
0.125455 0.0190716
0.125686 0.0189985
0.125918 0.0189511
0.126151 0.0188799
0.126384 0.0188304
0.126617 0.0187611
0.126851 0.0187096
0.127085 0.0186412
0.12732 0.018588
0.127555 0.0185232
0.127791 0.0184695
0.128027 0.0184093
0.128263 0.0183534
0.1285 0.0182977
0.128737 0.0182373
0.128975 0.0181853
0.129213 0.0181195
0.129452 0.0180718
0.129691 0.0179947
0.12993 0.0179591
0.13017 0.0178778
0.130411 0.0178453
0.130651 0.0177644
0.130893 0.0177314
0.131134 0.017652
0.131376 0.0176192
0.131619 0.0175437
0.131862 0.0175104
0.132106 0.0174374
0.13235 0.0174031
0.132594 0.0173307
0.132839 0.0172953
0.133084 0.0172238
0.13333 0.0171871
0.133576 0.0171156
0.133823 0.0170784
0.13407 0.0170076
0.134317 0.0169695
0.134565 0.0168996
0.134814 0.0168605
0.135063 0.0167921
0.135312 0.0167526
0.135562 0.0166881
0.135812 0.0166489
0.136063 0.016587
0.136315 0.0165457
0.136566 0.0164855
0.136818 0.0164421
0.137071 0.0163829
0.137324 0.0163376
0.137578 0.0162802
0.137832 0.0162331
0.138086 0.0161771
0.138341 0.016127
0.138597 0.0160743
0.138853 0.0160213
0.139109 0.015972
0.139366 0.0159169
0.139623 0.0158729
0.139881 0.0158141
0.14014 0.0157766
0.140398 0.015707
0.140658 0.0156789
0.140917 0.01561
0.141177 0.0155814
0.141438 0.0155122
0.141699 0.0154829
0.141961 0.0154145
0.142223 0.0153845
0.142486 0.0153167
0.142749 0.0152861
0.143013 0.0152191
0.143277 0.0151884
0.143541 0.0151247
0.143806 0.0150941
0.144072 0.015033
0.144338 0.0150012
0.144604 0.0149403
0.144871 0.0149075
0.145139 0.0148474
0.145407 0.0148135
0.145675 0.0147541
0.145944 0.0147192
0.146214 0.0146608
0.146484 0.0146245
0.146754 0.0145668
0.147025 0.0145302
0.147297 0.0144738
0.147569 0.014437
0.147841 0.0143838
0.148114 0.0143461
0.148388 0.0142959
0.148662 0.0142566
0.148937 0.0142081
0.149212 0.0141667
0.149487 0.0141193
0.149763 0.0140754
0.15004 0.0140306
0.150317 0.013983
0.150594 0.0139416
0.150872 0.01389
0.151151 0.0138522
0.15143 0.013793
0.15171 0.013764
0.15199 0.0137022
0.152271 0.0136781
0.152552 0.013619
0.152833 0.0135943
0.153116 0.0135355
0.153398 0.0135101
0.153682 0.0134515
0.153965 0.0134249
0.15425 0.0133669
0.154535 0.0133397
0.15482 0.0132823
0.155106 0.0132546
0.155392 0.0131977
0.155679 0.0131692
0.155967 0.0131132
0.156255 0.0130847
0.156543 0.0130307
0.156832 0.0130029
0.157122 0.0129516
0.157412 0.0129226
0.157703 0.0128718
0.157994 0.0128411
0.158286 0.0127912
0.158578 0.0127601
0.158871 0.012711
0.159164 0.012678
0.159458 0.0126301
0.159753 0.0125958
0.160048 0.0125493
0.160343 0.0125137
0.160639 0.0124685
0.160936 0.0124326
0.161233 0.0123901
0.161531 0.0123537
0.161829 0.0123144
0.162128 0.0122753
0.162427 0.012238
0.162727 0.0121957
0.163028 0.0121612
0.163329 0.0121149
0.16363 0.0120842
0.163933 0.0120289
0.164235 0.0120069
0.164539 0.011952
0.164842 0.0119295
0.165147 0.0118753
0.165452 0.0118528
0.165757 0.0118006
0.166063 0.0117781
0.16637 0.0117284
0.166677 0.0117054
0.166985 0.011656
0.167293 0.0116324
0.167602 0.0115833
0.167912 0.011559
0.168222 0.0115103
0.168532 0.0114851
0.168844 0.011437
0.169155 0.0114112
0.169468 0.0113633
0.169781 0.0113372
0.170094 0.0112904
0.170408 0.0112639
0.170723 0.0112193
0.171038 0.0111924
0.171354 0.0111501
0.171671 0.0111228
0.171988 0.011081
0.172305 0.0110525
0.172623 0.0110114
0.172942 0.0109817
0.173261 0.0109416
0.173581 0.0109103
0.173902 0.0108715
0.174223 0.0108388
0.174545 0.0108015
0.174867 0.0107669
0.17519 0.0107321
0.175514 0.0106957
0.175838 0.0106639
0.176162 0.0106264
0.176488 0.0105982
0.176814 0.0105551
0.17714 0.0105322
0.177467 0.010485
0.177795 0.0104656
0.178123 0.0104185
0.178452 0.0103989
0.178782 0.0103519
0.179112 0.010332
0.179443 0.0102856
0.179774 0.010265
0.180106 0.010219
0.180438 0.0101982
0.180772 0.010154
0.181105 0.0101335
0.18144 0.0100918
0.181775 0.0100704
0.182111 0.0100291
0.182447 0.0100075
0.182784 0.00996617
0.183121 0.00994372
0.183459 0.00990284
0.183798 0.00987978
0.184138 0.00983953
0.184478 0.00981572
0.184818 0.00977588
0.18516 0.00975141
0.185502 0.00971285
0.185844 0.00968791
0.186187 0.00965089
0.186531 0.00962601
0.186876 0.00959175
0.187221 0.00956574
0.187566 0.00953183
0.187913 0.00950472
0.18826 0.00947192
0.188607 0.00944295
0.188956 0.0094117
0.189305 0.00938113
0.189654 0.0093514
0.190004 0.00931846
0.190355 0.00929102
0.190707 0.00925476
0.191059 0.00923089
0.191412 0.00918813
0.191765 0.00917194
0.192119 0.00913177
0.192474 0.00911495
0.192829 0.00907498
0.193186 0.00905772
0.193542 0.00901796
0.1939 0.00900027
0.194258 0.00896067
0.194616 0.00894227
0.194976 0.00890295
0.195336 0.00888447
0.195697 0.00884549
0.196058 0.00882647
0.19642 0.00878808
0.196783 0.00876889
0.197146 0.00873155
0.19751 0.00871248
0.197875 0.00867734
0.19824 0.0086579
0.198606 0.00862328
0.198973 0.00860311
0.199341 0.00856896
0.199709 0.00854785
0.200077 0.008514
0.200447 0.0084923
0.200817 0.00845914
0.201188 0.00843666
0.201559 0.00840402
0.201932 0.00838058
0.202304 0.00834911
0.202678 0.00832523
0.203052 0.00829514
0.203427 0.00827145
0.203803 0.00824389
0.204179 0.00821827
0.204556 0.00819201
0.204934 0.0081647
0.205312 0.00813994
0.205692 0.0081104
0.206071 0.00808763
0.206452 0.00805434
0.206833 0.00803529
0.207215 0.00799797
0.207598 0.00798264
0.207981 0.00794591
0.208365 0.0079306
0.20875 0.00789422
0.209135 0.00787938
0.209522 0.00784568
0.209908 0.0078301
0.210296 0.0077966
0.210684 0.00778072
0.211073 0.0077471
0.211463 0.00773088
0.211854 0.0076977
0.212245 0.00768088
0.212637 0.00764798
0.21303 0.00763092
0.213423 0.00759813
0.213817 0.00758059
0.214212 0.00754845
0.214607 0.00753062
0.215004 0.00749942
0.215401 0.00748182
0.215799 0.0074528
0.216197 0.00743449
0.216596 0.00740592
0.216996 0.00738685
0.217397 0.00735882
0.217798 0.0073388
0.218201 0.00731145
0.218603 0.00729079
0.219007 0.00726384
0.219412 0.00724222
0.219817 0.00721634
0.220223 0.00719371
0.220629 0.00716888
0.221037 0.00714532
0.221445 0.00712231
0.221854 0.00709829
0.222263 0.00707787
0.222674 0.00705137
0.223085 0.00703302
0.223497 0.007001
0.22391 0.00698812
0.224323 0.00695611
0.224737 0.00694294
0.225152 0.00691112
0.225568 0.00689741
0.225985 0.00686594
0.226402 0.00685207
0.22682 0.00682094
0.227239 0.00680678
0.227659 0.00677617
0.228079 0.00676231
0.2285 0.00673393
0.228922 0.0067199
0.229345 0.00669154
0.229768 0.00667689
0.230193 0.00664896
0.230618 0.00663372
0.231044 0.0066059
0.23147 0.00659063
0.231898 0.00656292
0.232326 0.00654725
0.232755 0.00651994
0.233185 0.00650342
0.233615 0.0064769
0.234047 0.00646021
0.234479 0.00643432
0.234912 0.00641788
0.235346 0.00639416
0.23578 0.00637677
0.236216 0.00635352
0.236652 0.00633539
0.237089 0.00631271
0.237527 0.00629382
0.237965 0.00627196
0.238405 0.00625178
0.238845 0.00623084
0.239286 0.00620938
0.239728 0.00618981
0.240171 0.00616668
0.240614 0.00614876
0.241058 0.00612315
0.241504 0.00610841
0.24195 0.00608115
0.242396 0.00606978
0.242844 0.00604283
0.243292 0.00603115
0.243742 0.00600398
0.244192 0.00599221
0.244643 0.00596537
0.245094 0.00595287
0.245547 0.00592637
0.246 0.00591379
0.246455 0.00588733
0.24691 0.00587453
0.247366 0.00584828
0.247822 0.00583531
0.24828 0.00580953
0.248739 0.00579703
0.249198 0.00577289
0.249658 0.00575997
0.250119 0.00573625
0.250581 0.00572271
0.251044 0.00569924
0.251507 0.00568538
0.251972 0.00566228
0.252437 0.00564769
0.252903 0.00562487
0.25337 0.00560997
0.253838 0.00558763
0.254307 0.00557216
0.254776 0.00555046
0.255247 0.00553451
0.255718 0.00551351
0.25619 0.0054977
0.256663 0.00547851
0.257137 0.00546205
0.257612 0.00544354
0.258088 0.00542582
0.258565 0.0054083
0.259042 0.0053894
0.25952 0.00537299
0.26 0.0053523
0.26048 0.00533736
0.260961 0.00531205
0.261443 0.00530186
0.261925 0.00527665
0.262409 0.00526643
0.262894 0.00524151
0.263379 0.00523138
0.263865 0.00520834
0.264353 0.00519792
0.264841 0.00517517
0.26533 0.00516447
0.26582 0.00514171
0.266311 0.00513072
0.266803 0.00510814
0.267295 0.00509693
0.267789 0.00507449
0.268283 0.00506294
0.268779 0.00504073
0.269275 0.00502896
0.269772 0.00500696
0.27027 0.00499507
0.27077 0.00497356
0.27127 0.00496185
0.27177 0.00494174
0.272272 0.00492957
0.272775 0.00490998
0.273279 0.00489745
0.273783 0.0048781
0.274289 0.00486512
0.274796 0.00484621
0.275303 0.00483237
0.275811 0.00481394
0.276321 0.00479978
0.276831 0.00478187
0.277342 0.00476698
0.277854 0.00474969
0.278367 0.00473401
0.278881 0.00471781
0.279396 0.0047022
0.279912 0.00468748
0.280429 0.00467062
0.280947 0.00465709
0.281466 0.00463849
0.281986 0.00462665
0.282506 0.00460503
0.283028 0.00459598
0.283551 0.00457449
0.284074 0.00456536
0.284599 0.00454377
0.285124 0.00453453
0.285651 0.00451328
0.286178 0.00450375
0.286707 0.00448288
0.287236 0.00447346
0.287767 0.00445391
0.288298 0.00444437
0.28883 0.00442523
0.289364 0.00441537
0.289898 0.00439633
0.290433 0.00438628
0.29097 0.00436726
0.291507 0.00435692
0.292045 0.00433814
0.292585 0.00432743
0.293125 0.00430895
0.293666 0.00429805
0.294208 0.0042799
0.294752 0.00426865
0.295296 0.00425089
0.295841 0.00423975
0.296388 0.00422332
0.296935 0.00421188
0.297483 0.00419594
0.298033 0.00418403
0.298583 0.00416821
0.299134 0.00415574
0.299687 0.00414062
0.30024 0.00412748
0.300795 0.00411278
0.30135 0.00409889
0.301906 0.00408503
0.302464 0.00407021
0.303022 0.00405723
0.303582 0.00404123
0.304143 0.00402974
0.304704 0.00401201
0.305267 0.00400345
0.305831 0.00398503
0.306395 0.00397723
0.306961 0.00395888
0.307528 0.00395091
0.308096 0.00393259
0.308665 0.00392442
0.309235 0.00390633
0.309806 0.00389789
0.310378 0.00387985
0.310951 0.00387126
0.311525 0.00385343
0.312101 0.00384472
0.312677 0.00382729
0.313254 0.0038186
0.313833 0.00380206
0.314412 0.00379332
0.314993 0.00377721
0.315574 0.00376822
0.316157 0.00375227
0.316741 0.00374297
0.317326 0.00372718
0.317912 0.00371748
0.318499 0.00370197
0.319087 0.0036921
0.319676 0.00367688
0.320267 0.00366654
0.320858 0.00365167
0.321451 0.00364099
0.322044 0.00362662
0.322639 0.00361605
0.323235 0.00360262
0.323832 0.00359177
0.32443 0.0035789
0.325029 0.00356734
0.325629 0.00355515
0.32623 0.00354283
0.326833 0.00353119
0.327436 0.00351792
0.328041 0.00350714
0.328646 0.00349257
0.329253 0.00348318
0.329861 0.00346613
0.33047 0.00345915
0.331081 0.00344235
0.331692 0.00343543
0.332305 0.00341947
0.332918 0.00341244
0.333533 0.00339694
0.334149 0.00338974
0.334766 0.00337434
0.335384 0.00336694
0.336003 0.00335158
0.336624 0.00334397
0.337246 0.0033288
0.337868 0.00332109
0.338492 0.00330597
0.339117 0.00329801
0.339743 0.00328306
0.340371 0.00327493
0.340999 0.00326031
0.341629 0.00325233
0.34226 0.00323852
0.342892 0.00323032
0.343525 0.0032171
0.344159 0.00320859
0.344795 0.00319542
0.345432 0.0031868
0.34607 0.00317376
0.346709 0.00316483
0.347349 0.00315209
0.34799 0.00314275
0.348633 0.00313021
0.349277 0.00312049
0.349922 0.00310853
0.350568 0.00309841
0.351215 0.00308692
0.351864 0.00307666
0.352513 0.00306616
0.353164 0.00305542
0.353817 0.00304576
0.35447 0.00303401
0.355125 0.00302517
0.35578 0.00301164
0.356437 0.00300456
0.357095 0.00299001
0.357755 0.00298384
0.358416 0.00296931
0.359077 0.00296307
0.35974 0.00294865
0.360405 0.00294234
0.36107 0.00292811
0.361737 0.00292178
0.362405 0.00290826
0.363074 0.00290184
0.363745 0.00288884
0.364416 0.00288228
0.365089 0.00286939
0.365763 0.00286254
0.366439 0.00284974
0.367116 0.00284281
0.367793 0.00282997
0.368473 0.00282293
0.369153 0.00281029
0.369835 0.00280302
0.370518 0.00279058
0.371202 0.0027831
0.371887 0.00277093
0.372574 0.00276353
0.373262 0.00275211
0.373951 0.00274447
0.374642 0.00273356
0.375334 0.00272559
0.376027 0.00271495
0.376721 0.00270666
0.377417 0.00269618
0.378114 0.00268759
0.378812 0.00267745
0.379511 0.00266839
0.380212 0.00265866
0.380914 0.00264905
0.381618 0.00263987
0.382322 0.00262958
0.383028 0.00262124
0.383736 0.00261043
0.384444 0.00260321
0.385154 0.00259082
0.385866 0.00258558
0.386578 0.00257319
0.387292 0.0025678
0.388007 0.00255544
0.388724 0.0025499
0.389441 0.00253769
0.390161 0.00253195
0.390881 0.00251983
0.391603 0.002514
0.392326 0.00250194
0.39305 0.00249612
0.393776 0.00248422
0.394503 0.00247841
0.395232 0.00246708
0.395962 0.0024612
0.396693 0.00245034
0.397425 0.00244425
0.398159 0.00243344
0.398895 0.00242722
0.399631 0.00241658
0.400369 0.00241016
0.401108 0.00239969
0.401849 0.00239303
0.402591 0.00238263
0.403335 0.00237583
0.404079 0.00236563
0.404826 0.00235862
0.405573 0.00234872
0.406322 0.00234168
0.407072 0.00233233
0.407824 0.00232521
0.408577 0.00231632
0.409332 0.00230882
0.410088 0.00230025
0.410845 0.00229225
0.411604 0.00228414
0.412364 0.00227557
0.413125 0.00226793
0.413888 0.0022587
0.414652 0.0022517
0.415418 0.00224126
0.416185 0.00223549
0.416954 0.00222409
0.417723 0.00221936
0.418495 0.00220842
0.419268 0.00220376
0.420042 0.00219325
0.420818 0.0021885
0.421595 0.00217812
0.422373 0.00217314
0.423153 0.0021628
0.423934 0.00215772
0.424717 0.00214742
0.425502 0.00214225
0.426287 0.00213206
0.427075 0.00212675
0.427863 0.0021167
0.428653 0.00211133
0.429445 0.00210137
0.430238 0.00209597
0.431032 0.00208646
0.431828 0.00208107
0.432626 0.00207204
0.433425 0.0020665
0.434225 0.00205751
0.435027 0.00205181
0.43583 0.002043
0.436635 0.00203702
0.437441 0.00202839
0.438249 0.00202215
0.439058 0.00201372
0.439869 0.0020073
0.440681 0.00199901
0.441495 0.0019924
0.44231 0.00198447
0.443127 0.00197762
0.443945 0.00197031
0.444765 0.00196334
0.445586 0.00195655
0.446409 0.00194905
0.447234 0.00194274
0.448059 0.00193449
0.448887 0.00192882
0.449716 0.001919
0.450546 0.00191487
0.451378 0.00190511
0.452212 0.00190089
0.453047 0.00189117
0.453883 0.00188689
0.454722 0.00187732
0.455561 0.00187302
0.456402 0.00186381
0.457245 0.00185947
0.45809 0.00185076
0.458935 0.00184636
0.459783 0.00183766
0.460632 0.00183314
0.461483 0.00182452
0.462335 0.00181987
0.463189 0.00181131
0.464044 0.00180652
0.464901 0.00179801
0.465759 0.00179316
0.466619 0.00178479
0.467481 0.00177983
0.468344 0.00177166
0.469209 0.00176663
0.470076 0.00175876
0.470944 0.00175375
0.471813 0.00174635
0.472684 0.00174115
0.473557 0.00173385
0.474432 0.00172844
0.475308 0.00172125
0.476186 0.00171564
0.477065 0.00170864
0.477946 0.00170281
0.478828 0.00169609
0.479713 0.00168982
0.480598 0.00168346
0.481486 0.00167685
0.482375 0.00167092
0.483266 0.00166399
0.484158 0.00165866
0.485052 0.00165127
0.485948 0.00164684
0.486845 0.00163856
0.487744 0.00163488
0.488645 0.0016267
0.489547 0.00162296
0.490451 0.00161471
0.491357 0.00161094
0.492264 0.00160279
0.493173 0.00159888
0.494084 0.0015908
0.494996 0.00158687
0.495911 0.00157884
0.496826 0.00157491
0.497744 0.00156717
0.498663 0.00156325
0.499584 0.00155593
0.500506 0.00155194
0.50143 0.00154462
0.502356 0.0015405
0.503284 0.00153329
0.504213 0.00152903
0.505144 0.00152192
0.506077 0.00151755
0.507012 0.00151054
0.507948 0.00150603
0.508886 0.00149912
0.509826 0.00149448
0.510767 0.00148778
0.51171 0.00148303
0.512655 0.00147667
0.513602 0.00147199
0.51455 0.00146598
0.515501 0.00146106
0.516453 0.00145525
0.517406 0.00145009
0.518362 0.00144445
0.519319 0.00143902
0.520278 0.00143366
0.521239 0.00142781
0.522201 0.00142284
0.523165 0.00141649
0.524131 0.00141197
0.525099 0.00140434
0.526069 0.00140121
0.52704 0.00139378
0.528014 0.00139067
0.528989 0.00138367
0.529966 0.00138044
0.530944 0.00137349
0.531925 0.0013702
0.532907 0.0013633
0.533891 0.00135994
0.534877 0.00135303
0.535865 0.00134957
0.536854 0.00134277
0.537845 0.00133927
0.538839 0.00133248
0.539834 0.0013289
0.54083 0.00132225
0.541829 0.00131864
0.54283 0.00131216
0.543832 0.00130863
0.544836 0.00130253
0.545842 0.0012989
0.54685 0.00129288
0.54786 0.00128906
0.548872 0.00128315
0.549885 0.00127925
0.550901 0.00127341
0.551918 0.00126936
0.552937 0.00126365
0.553958 0.00125941
0.554981 0.00125385
0.556006 0.00124952
0.557033 0.00124411
0.558061 0.00123969
0.559092 0.00123458
0.560124 0.00123007
0.561159 0.00122539
0.562195 0.00122061
0.563233 0.00121618
0.564273 0.00121103
0.565315 0.00120692
0.566359 0.00120118
0.567405 0.00119764
0.568453 0.00119114
0.569502 0.00118831
0.570554 0.00118189
0.571608 0.00117902
0.572663 0.00117258
0.573721 0.00116977
0.57478 0.00116352
0.575842 0.00116064
0.576905 0.00115485
0.57797 0.00115193
0.579037 0.00114613
0.580107 0.00114316
0.581178 0.0011374
0.582251 0.00113432
0.583326 0.00112858
0.584404 0.00112551
0.585483 0.00111979
0.586564 0.00111663
0.587647 0.00111101
0.588732 0.00110773
0.589819 0.00110223
0.590908 0.00109894
0.592 0.00109362
0.593093 0.00109032
0.594188 0.00108533
0.595285 0.00108195
0.596385 0.00107707
0.597486 0.00107354
0.598589 0.00106874
0.599694 0.00106509
0.600802 0.00106037
0.601911 0.00105658
0.603023 0.00105201
0.604136 0.00104806
0.605252 0.00104365
0.60637 0.00103944
0.607489 0.00103531
0.608611 0.00103089
0.609735 0.00102711
0.610861 0.00102259
0.611989 0.00101924
0.613119 0.00101386
0.614251 0.00101138
0.615386 0.00100589
0.616522 0.00100345
0.61766 0.000997974
0.618801 0.000995479
0.619944 0.000990072
0.621088 0.00098752
0.622235 0.000982157
0.623384 0.000979573
0.624535 0.000974231
0.625689 0.000971624
0.626844 0.000966412
0.628002 0.000963868
0.629161 0.000959044
0.630323 0.000956387
0.631487 0.000951578
0.632653 0.000948885
0.633821 0.000944095
0.634992 0.000941342
0.636164 0.000936612
0.637339 0.000933772
0.638516 0.000929092
0.639695 0.000926152
0.640876 0.000921561
0.64206 0.000918568
0.643246 0.000914082
0.644433 0.00091102
0.645623 0.000906697
0.646816 0.000903647
0.64801 0.000899624
0.649207 0.000896475
0.650405 0.000892565
0.651606 0.000889259
0.65281 0.000885457
0.654015 0.000881982
0.655223 0.000878312
0.656433 0.000874654
0.657645 0.000871192
0.658859 0.000867226
0.660076 0.00086403
0.661295 0.000859703
0.662516 0.000856926
0.66374 0.000851965
0.664965 0.000849899
0.666193 0.000845326
0.667423 0.000843222
0.668656 0.0008386
0.669891 0.000836472
0.671128 0.000831906
0.672367 0.000829699
0.673608 0.000825165
0.674852 0.000822909
0.676099 0.000818408
0.677347 0.000816118
0.678598 0.000811657
0.679851 0.000809347
0.681106 0.000804915
0.682364 0.000802568
0.683624 0.000798226
0.684887 0.000795921
0.686151 0.000791912
0.687418 0.000789527
0.688688 0.000785592
0.689959 0.000783138
0.691233 0.000779239
0.69251 0.000776698
0.693789 0.000772833
0.69507 0.000770219
0.696353 0.000766448
0.697639 0.000763748
0.698928 0.000760054
0.700218 0.000757272
0.701511 0.000753648
0.702807 0.000750802
0.704104 0.000747357
0.705405 0.000744508
0.706707 0.000741345
0.708012 0.000738345
0.70932 0.000735344
0.710629 0.000732141
0.711942 0.000729299
0.713256 0.000725832
0.714574 0.000723235
0.715893 0.000719239
0.717215 0.000717181
0.718539 0.000712955
0.719866 0.000711098
0.721196 0.000706904
0.722527 0.000705054
0.723862 0.000700898
0.725198 0.000699067
0.726537 0.000695244
0.727879 0.000693364
0.729223 0.000689551
0.73057 0.000687631
0.731919 0.000683854
0.73327 0.000681891
0.734624 0.000678164
0.735981 0.000676134
0.73734 0.000672413
0.738702 0.00067036
0.740066 0.000666675
0.741432 0.000664585
0.742801 0.000660965
0.744173 0.000658836
0.745547 0.000655295
0.746924 0.000653192
0.748303 0.000649913
0.749685 0.000647765
0.75107 0.000644563
0.752456 0.000642311
0.753846 0.000639165
0.755238 0.000636829
0.756633 0.000633742
0.75803 0.000631332
0.75943 0.000628312
0.760832 0.000625817
0.762237 0.000622883
0.763644 0.000620252
0.765055 0.000617491
0.766467 0.000614736
0.767883 0.000612143
0.769301 0.000609325
0.770721 0.000607019
0.772145 0.000603993
0.77357 0.000601944
0.774999 0.00059839
0.77643 0.000596825
0.777864 0.0005933
0.7793 0.000591695
0.780739 0.000588183
0.782181 0.000586549
0.783625 0.000583073
0.785072 0.000581397
0.786522 0.000577946
0.787974 0.000576277
0.78943 0.000572872
0.790887 0.000571219
0.792348 0.000568056
0.793811 0.000566395
0.795277 0.000563275
0.796745 0.000561547
0.798217 0.000558452
0.799691 0.000556683
0.801167 0.000553606
0.802647 0.000551799
0.804129 0.000548777
0.805614 0.000546914
0.807101 0.000543939
0.808592 0.000542012
0.810085 0.00053908
0.811581 0.000537162
0.81308 0.000534291
0.814581 0.000532388
0.816085 0.000529733
0.817592 0.000527769
0.819102 0.00052518
0.820615 0.000523126
0.82213 0.000520634
0.823648 0.000518488
0.825169 0.000516051
0.826693 0.00051379
0.828219 0.000511476
0.829749 0.000509065
0.831281 0.000506904
0.832816 0.000504293
0.834354 0.000502331
0.835895 0.000499386
0.837438 0.000497833
0.838985 0.000494842
0.840534 0.00049351
0.842086 0.000490566
0.843641 0.000489219
0.845199 0.000486285
0.84676 0.000484912
0.848323 0.000482006
0.84989 0.000480587
0.851459 0.000477683
0.853031 0.000476243
0.854607 0.000473379
0.856185 0.000471928
0.857766 0.000469096
0.85935 0.000467595
0.860937 0.000464825
0.862526 0.000463375
0.864119 0.00046074
0.865715 0.000459268
0.867313 0.000456718
0.868915 0.000455196
0.87052 0.00045268
0.872127 0.000451106
0.873738 0.000448609
0.875351 0.000446998
0.876967 0.000444562
0.878587 0.000442887
0.880209 0.000440489
0.881835 0.000438763
0.883463 0.00043644
0.885094 0.000434644
0.886729 0.000432402
0.888366 0.000430634
0.890007 0.000428565
0.89165 0.000426727
0.893297 0.000424757
0.894946 0.000422806
0.896599 0.000420942
0.898255 0.000418842
0.899913 0.000417101
0.901575 0.000414824
0.90324 0.00041327
0.904908 0.000410585
0.906579 0.00040943
0.908253 0.000406767
0.90993 0.000405597
0.911611 0.000402964
0.913294 0.000401818
0.91498 0.000399346
0.91667 0.000398165
0.918363 0.000395768
0.920059 0.000394564
0.921758 0.000392169
0.92346 0.000390956
0.925165 0.000388574
0.926873 0.000387334
0.928585 0.000384973
0.9303 0.000383696
0.932018 0.000381367
0.933739 0.000380055
0.935463 0.000377745
0.93719 0.00037643
0.938921 0.00037418
0.940655 0.000372872
0.942392 0.000370771
0.944132 0.000369435
0.945875 0.000367394
0.947622 0.000366021
0.949372 0.000364009
0.951125 0.000362586
0.952881 0.000360609
0.954641 0.000359142
0.956404 0.000357216
0.95817 0.000355689
0.959939 0.000353812
0.961712 0.000352234
0.963488 0.00035042
0.965267 0.000348761
0.967049 0.000347073
0.968835 0.00034538
0.970624 0.000343846
0.972417 0.000342055
0.974212 0.000340676
0.976011 0.000338667
0.977814 0.000337495
0.979619 0.000335281
0.981428 0.00033429
0.983241 0.000332085
0.985056 0.000331095
0.986875 0.000328894
0.988698 0.000327891
0.990523 0.000325725
0.992352 0.000324697
0.994185 0.000322559
0.996021 0.000321541
0.99786 0.000319518
0.999703 0.000318505
1.00155 0.000316548
1.0034 0.000315498
1.00525 0.000313566
1.00711 0.000312503
1.00897 0.000310571
1.01083 0.00030947
1.0127 0.000307568
1.01457 0.000306444
1.01644 0.000304566
1.01832 0.000303422
1.0202 0.000301575
1.02208 0.000300403
1.02397 0.000298613
1.02586 0.000297439
1.02775 0.000295761
1.02965 0.000294564
1.03155 0.000292964
1.03346 0.000291729
1.03537 0.000290148
1.03728 0.000288867
1.03919 0.000287339
1.04111 0.00028599
1.04304 0.00028452
1.04496 0.000283088
1.04689 0.000281701
1.04882 0.000280174
1.05076 0.000278895
1.0527 0.000277242
1.05465 0.000276109
1.05659 0.000274224
1.05854 0.00027343
1.0605 0.000271616
1.06246 0.000270803
1.06442 0.000268992
1.06638 0.000268159
1.06835 0.000266363
1.07033 0.000265515
1.0723 0.000263731
1.07428 0.000262854
1.07627 0.000261091
1.07825 0.000260211
1.08025 0.000258459
1.08224 0.000257578
1.08424 0.000255847
1.08624 0.000254961
1.08825 0.000253336
1.09026 0.000252438
1.09227 0.000250873
1.09429 0.000249963
1.09631 0.000248412
1.09833 0.000247478
1.10036 0.000245947
1.10239 0.000244978
1.10443 0.000243465
1.10647 0.00024248
1.10851 0.000240993
1.11056 0.000239969
1.11261 0.00023852
1.11466 0.000237465
1.11672 0.000236066
1.11878 0.000235007
1.12085 0.0002337
1.12292 0.000232633
1.12499 0.000231409
1.12707 0.000230262
1.12915 0.000229095
1.13124 0.000227879
1.13333 0.000226775
1.13542 0.000225479
1.13751 0.00022445
1.13962 0.000223009
1.14172 0.00022213
1.14383 0.000220512
1.14594 0.000219812
1.14806 0.000218218
1.15018 0.00021753
1.1523 0.000215992
1.15443 0.00021531
1.15656 0.000213856
1.1587 0.000213145
1.16083 0.000211695
1.16298 0.000210978
1.16513 0.00020953
1.16728 0.000208797
1.16943 0.000207364
1.17159 0.000206616
1.17376 0.000205196
1.17592 0.000204438
1.1781 0.000203031
1.18027 0.000202261
1.18245 0.000200883
1.18463 0.000200116
1.18682 0.000198811
1.18901 0.00019804
1.19121 0.000196807
1.19341 0.000196007
1.19561 0.000194787
1.19782 0.000193959
1.20003 0.000192766
1.20225 0.00019191
1.20447 0.000190739
1.20669 0.000189852
1.20892 0.000188711
1.21115 0.000187793
1.21339 0.000186691
1.21563 0.00018573
1.21787 0.000184683
1.22012 0.000183706
1.22238 0.000182751
1.22463 0.000181737
1.2269 0.000180872
1.22916 0.000179772
1.23143 0.000178981
1.2337 0.000177655
1.23598 0.000177091
1.23826 0.000175771
1.24055 0.000175197
1.24284 0.000173884
1.24514 0.000173294
1.24744 0.000171999
1.24974 0.000171406
1.25205 0.000170126
1.25436 0.00016954
1.25668 0.000168311
1.259 0.000167723
1.26132 0.000166565
1.26365 0.000165971
1.26598 0.000164815
1.26832 0.000164196
1.27066 0.000163057
1.27301 0.000162425
1.27536 0.000161289
1.27772 0.000160652
1.28008 0.000159528
1.28244 0.000158876
1.28481 0.00015777
1.28718 0.000157093
1.28956 0.000156024
1.29194 0.000155353
1.29432 0.000154332
1.29671 0.000153659
1.29911 0.000152705
1.30151 0.000152
1.30391 0.000151067
1.30632 0.000150338
1.30873 0.000149431
1.31115 0.000148667
1.31357 0.000147785
1.31599 0.000146981
1.31842 0.000146138
1.32086 0.000145288
1.3233 0.000144499
1.32574 0.000143593
1.32819 0.000142876
1.33064 0.000141901
1.3331 0.000141301
1.33556 0.000140241
1.33803 0.000139778
1.3405 0.000138727
1.34297 0.000138254
1.34545 0.000137199
1.34794 0.000136725
1.35043 0.000135677
1.35292 0.000135184
1.35542 0.00013415
1.35792 0.000133652
1.36043 0.000132625
1.36294 0.000132122
1.36546 0.00013111
1.36798 0.000130604
1.37051 0.000129636
1.37304 0.000129144
1.37557 0.000128226
1.37811 0.00012772
1.38066 0.000126814
1.38321 0.000126288
1.38576 0.000125394
1.38832 0.000124857
1.39088 0.000123979
1.39345 0.000123419
1.39603 0.000122555
1.3986 0.000121981
1.40119 0.000121138
1.40377 0.000120549
1.40637 0.000119732
1.40896 0.000119137
1.41157 0.000118359
1.41417 0.000117769
1.41678 0.000117053
1.4194 0.000116434
1.42202 0.000115741
1.42465 0.000115082
1.42728 0.000114424
1.42991 0.000113716
1.43255 0.000113102
1.4352 0.000112334
1.43785 0.000111778
1.4405 0.000110877
1.44316 0.000110463
1.44583 0.00010954
1.4485 0.000109157
1.45117 0.000108264
1.45385 0.000107887
1.45654 0.000107057
1.45923 0.000106671
1.46192 0.000105845
1.46462 0.000105453
1.46733 0.000104625
1.47004 0.000104224
1.47275 0.000103404
1.47547 0.000102995
1.47819 0.000102187
1.48092 0.000101765
1.48366 0.000100965
1.4864 0.00010054
1.48914 9.97515e-05
1.49189 9.93284e-05
1.49465 9.85739e-05
1.49741 9.81549e-05
1.50017 9.74499e-05
1.50294 9.70164e-05
1.50572 9.63227e-05
1.5085 9.58763e-05
1.51129 9.51947e-05
1.51408 9.47336e-05
1.51687 9.40665e-05
1.51967 9.35852e-05
1.52248 9.29307e-05
1.52529 9.24325e-05
1.52811 9.18028e-05
1.53093 9.12823e-05
1.53376 9.06797e-05
1.53659 9.01474e-05
1.53943 8.95839e-05
1.54227 8.90519e-05
1.54512 8.85461e-05
1.54797 8.79703e-05
1.55083 8.74985e-05
1.55369 8.68603e-05
1.55656 8.64516e-05
1.55944 8.57116e-05
1.56231 8.54001e-05
1.5652 8.46676e-05
1.56809 8.43516e-05
1.57099 8.36178e-05
1.57389 8.33028e-05
1.57679 8.25815e-05
1.5797 8.22659e-05
1.58262 8.15668e-05
1.58554 8.12583e-05
1.58847 8.0612e-05
1.59141 8.02933e-05
1.59434 7.96526e-05
1.59729 7.93296e-05
1.60024 7.86925e-05
1.60319 7.83576e-05
1.60615 7.77256e-05
1.60912 7.73831e-05
1.61209 7.67607e-05
1.61507 7.64089e-05
1.61805 7.57976e-05
1.62104 7.5439e-05
1.62403 7.48413e-05
1.62703 7.44788e-05
1.63003 7.39038e-05
1.63304 7.35475e-05
1.63606 7.30193e-05
1.63908 7.26556e-05
1.64211 7.21324e-05
1.64514 7.17501e-05
1.64818 7.12406e-05
1.65122 7.08421e-05
1.65427 7.03522e-05
1.65733 6.99302e-05
1.66039 6.94566e-05
1.66345 6.9013e-05
1.66652 6.85674e-05
1.6696 6.80962e-05
1.67268 6.76826e-05
1.67577 6.71794e-05
1.67887 6.68202e-05
1.68197 6.62816e-05
1.68507 6.60064e-05
1.68819 6.54302e-05
1.6913 6.51873e-05
1.69443 6.46119e-05
1.69756 6.43662e-05
1.70069 6.37937e-05
1.70383 6.3543e-05
1.70698 6.29738e-05
1.71013 6.27165e-05
1.71329 6.21537e-05
1.71645 6.18935e-05
1.71962 6.13384e-05
1.7228 6.10801e-05
1.72598 6.05429e-05
1.72916 6.02867e-05
1.73236 5.97957e-05
1.73556 5.95333e-05
1.73876 5.90446e-05
1.74197 5.87766e-05
1.74519 5.8294e-05
1.74841 5.80172e-05
1.75164 5.7541e-05
1.75487 5.72547e-05
1.75812 5.67851e-05
1.76136 5.6493e-05
1.76461 5.60354e-05
1.76787 5.57324e-05
1.77114 5.52873e-05
1.77441 5.49784e-05
1.77768 5.45543e-05
1.78097 5.42532e-05
1.78426 5.38662e-05
1.78755 5.35521e-05
1.79085 5.31755e-05
1.79416 5.28424e-05
1.79747 5.24855e-05
1.80079 5.21312e-05
1.80412 5.17912e-05
1.80745 5.1409e-05
1.81079 5.10958e-05
1.81413 5.06757e-05
1.81748 5.04039e-05
1.82084 4.99083e-05
1.8242 4.97154e-05
1.82757 4.92325e-05
1.83094 4.90437e-05
1.83432 4.86046e-05
1.83771 4.84121e-05
1.8411 4.79755e-05
1.8445 4.77771e-05
1.84791 4.73411e-05
1.85132 4.71407e-05
1.85474 4.67074e-05
1.85816 4.65008e-05
1.8616 4.60741e-05
1.86503 4.58662e-05
1.86848 4.54413e-05
1.87193 4.52276e-05
1.87538 4.48113e-05
1.87885 4.45965e-05
1.88232 4.41903e-05
1.88579 4.39838e-05
1.88928 4.36177e-05
1.89276 4.34034e-05
1.89626 4.30414e-05
1.89976 4.28191e-05
1.90327 4.2461e-05
1.90678 4.22346e-05
1.9103 4.18818e-05
1.91383 4.16456e-05
1.91737 4.1301e-05
1.92091 4.10567e-05
1.92445 4.07212e-05
1.92801 4.04653e-05
1.93157 4.01465e-05
1.93514 3.98818e-05
1.93871 3.95796e-05
1.94229 3.93212e-05
1.94588 3.90536e-05
1.94947 3.87763e-05
1.95307 3.85257e-05
1.95667 3.82237e-05
1.96029 3.7996e-05
1.96391 3.76481e-05
1.96753 3.74651e-05
1.97117 3.70856e-05
1.97481 3.69326e-05
1.97845 3.6555e-05
1.98211 3.64019e-05
1.98577 3.60285e-05
1.98943 3.58754e-05
1.99311 3.55093e-05
1.99679 3.53617e-05
2.00048 3.50297e-05
2.00417 3.48774e-05
2.00787 3.45507e-05
2.01158 3.43955e-05
2.01529 3.40702e-05
2.01902 3.39085e-05
2.02274 3.35873e-05
2.02648 3.34248e-05
2.03022 3.31039e-05
2.03397 3.29368e-05
2.03773 3.26222e-05
2.04149 3.24509e-05
2.04526 3.21432e-05
2.04904 3.19698e-05
2.05282 3.16695e-05
2.05661 3.15021e-05
2.06041 3.12339e-05
2.06421 3.10597e-05
2.06802 3.07959e-05
2.07184 3.06146e-05
2.07567 3.03581e-05
2.0795 3.01663e-05
2.08334 2.9917e-05
2.08719 2.97173e-05
2.09104 2.9477e-05
2.0949 2.9267e-05
2.09877 2.90378e-05
2.10265 2.88168e-05
2.10653 2.86014e-05
2.11042 2.8365e-05
2.11432 2.81726e-05
2.11822 2.7932e-05
2.12213 2.77747e-05
2.12605 2.74887e-05
2.12998 2.73765e-05
2.13391 2.70918e-05
2.13785 2.69767e-05
2.1418 2.66938e-05
2.14576 2.65767e-05
2.14972 2.62953e-05
2.15369 2.61751e-05
2.15766 2.5897e-05
2.16165 2.57751e-05
2.16564 2.55003e-05
2.16964 2.53798e-05
2.17365 2.51095e-05
2.17766 2.4993e-05
2.18168 2.4749e-05
2.18571 2.46292e-05
2.18975 2.43907e-05
2.19379 2.42663e-05
2.19784 2.40289e-05
2.2019 2.39021e-05
2.20597 2.36686e-05
2.21004 2.35377e-05
2.21412 2.33078e-05
2.21821 2.31727e-05
2.2223 2.29463e-05
2.22641 2.28073e-05
2.23052 2.25874e-05
2.23464 2.24445e-05
2.23876 2.2233e-05
2.2429 2.20963e-05
2.24704 2.19063e-05
2.25119 2.17643e-05
2.25535 2.15808e-05
2.25951 2.14312e-05
2.26368 2.12539e-05
2.26786 2.1095e-05
2.27205 2.09274e-05
2.27625 2.07562e-05
2.28045 2.05996e-05
2.28466 2.04136e-05
2.28888 2.02728e-05
2.29311 2.00609e-05
2.29734 1.9948e-05
2.30158 1.97133e-05
2.30583 1.96292e-05
2.31009 1.94171e-05
2.31436 1.93328e-05
2.31863 1.9124e-05
2.32291 1.9038e-05
2.3272 1.88311e-05
2.3315 1.87424e-05
2.33581 1.85364e-05
2.34012 1.84459e-05
2.34444 1.82412e-05
2.34877 1.81491e-05
2.35311 1.79471e-05
2.35745 1.78526e-05
2.36181 1.7654e-05
2.36617 1.75599e-05
2.37054 1.73655e-05
2.37491 1.72738e-05
2.3793 1.70979e-05
2.38369 1.70048e-05
2.38809 1.68347e-05
2.3925 1.67384e-05
2.39692 1.65701e-05
2.40135 1.64702e-05
2.40578 1.63052e-05
2.41023 1.6201e-05
2.41468 1.60397e-05
2.41914 1.5931e-05
2.4236 1.57744e-05
2.42808 1.56622e-05
2.43256 1.55108e-05
2.43705 1.53944e-05
2.44155 1.52519e-05
2.44606 1.51381e-05
2.45058 1.5011e-05
2.4551 1.48916e-05
2.45964 1.47744e-05
2.46418 1.46456e-05
2.46873 1.45364e-05
2.47329 1.4393e-05
2.47786 1.42976e-05
2.48243 1.41229e-05
2.48702 1.40588e-05
2.49161 1.38856e-05
2.49621 1.38211e-05
2.50082 1.36494e-05
2.50544 1.35839e-05
2.51006 1.34157e-05
2.5147 1.3353e-05
2.51934 1.32001e-05
2.52399 1.31359e-05
2.52866 1.29888e-05
2.53333 1.29234e-05
2.538 1.27766e-05
2.54269 1.27102e-05
2.54739 1.25638e-05
2.55209 1.24949e-05
2.5568 1.23513e-05
2.56152 1.22797e-05
2.56625 1.2138e-05
2.57099 1.20659e-05
2.57574 1.19261e-05
2.5805 1.1853e-05
2.58526 1.17178e-05
2.59004 1.16467e-05
2.59482 1.15238e-05
2.59961 1.14525e-05
2.60441 1.13348e-05
2.60922 1.12598e-05
2.61404 1.11451e-05
2.61886 1.10663e-05
2.6237 1.09544e-05
2.62855 1.08715e-05
2.6334 1.07632e-05
2.63826 1.06767e-05
2.64313 1.05735e-05
2.64801 1.04808e-05
2.6529 1.0384e-05
2.6578 1.02868e-05
2.66271 1.01984e-05
2.66763 1.01e-05
2.67255 1.00249e-05
2.67749 9.91693e-06
2.68243 9.85642e-06
2.68739 9.73223e-06
2.69235 9.68633e-06
2.69732 9.5632e-06
2.7023 9.51619e-06
2.70729 9.39293e-06
2.71229 9.34517e-06
2.7173 9.22376e-06
2.72232 9.17484e-06
2.72735 9.05494e-06
2.73238 9.00634e-06
2.73743 8.88844e-06
2.74248 8.84177e-06
2.74755 8.734e-06
2.75262 8.68693e-06
2.7577 8.5846e-06
2.7628 8.53628e-06
2.7679 8.43485e-06
2.77301 8.38524e-06
2.77813 8.28489e-06
2.78326 8.23307e-06
2.7884 8.13407e-06
2.79355 8.0812e-06
2.79871 7.98414e-06
2.80387 7.92884e-06
2.80905 7.83418e-06
2.81424 7.77836e-06
2.81944 7.68705e-06
2.82464 7.63256e-06
2.82986 7.55016e-06
2.83508 7.49451e-06
2.84032 7.41792e-06
2.84556 7.35941e-06
2.85082 7.28498e-06
2.85608 7.22258e-06
2.86136 7.1515e-06
2.86664 7.08508e-06
2.87193 7.01831e-06
2.87724 6.94586e-06
2.88255 6.88503e-06
2.88787 6.8053e-06
2.89321 6.7524e-06
2.89855 6.65407e-06
2.9039 6.62262e-06
2.90926 6.53265e-06
2.91464 6.50162e-06
2.92002 6.41641e-06
2.92541 6.38393e-06
2.93081 6.29965e-06
2.93623 6.26629e-06
2.94165 6.18234e-06
2.94708 6.14846e-06
2.95252 6.06475e-06
2.95797 6.02975e-06
2.96344 5.9473e-06
2.96891 5.91212e-06
2.97439 5.83046e-06
2.97988 5.79457e-06
2.98539 5.71525e-06
2.9909 5.68086e-06
2.99642 5.60807e-06
3.00195 5.57394e-06
3.0075 5.50535e-06
3.01305 5.47017e-06
3.01862 5.4023e-06
3.02419 5.36554e-06
3.02977 5.29906e-06
3.03537 5.26062e-06
3.04097 5.19539e-06
3.04659 5.15542e-06
3.05222 5.09226e-06
3.05785 5.05031e-06
3.0635 4.98922e-06
3.06916 4.94631e-06
3.07482 4.88852e-06
3.0805 4.84602e-06
3.08619 4.79412e-06
3.09189 4.75102e-06
3.0976 4.70387e-06
3.10332 4.65746e-06
3.10905 4.61381e-06
3.11479 4.56274e-06
3.12054 4.52299e-06
3.1263 4.46518e-06
3.13208 4.43217e-06
3.13786 4.36457e-06
3.14365 4.34135e-06
3.14946 4.27447e-06
3.15528 4.25126e-06
3.1611 4.18531e-06
3.16694 4.16319e-06
3.17279 4.10262e-06
3.17865 4.08074e-06
3.18452 4.02438e-06
3.1904 4.00169e-06
3.19629 3.94583e-06
3.20219 3.92248e-06
3.2081 3.86689e-06
3.21403 3.84271e-06
3.21996 3.78777e-06
3.22591 3.76329e-06
3.23187 3.70869e-06
3.23783 3.68358e-06
3.24381 3.63016e-06
3.2498 3.60448e-06
3.2558 3.55262e-06
3.26182 3.52788e-06
3.26784 3.4806e-06
3.27387 3.45613e-06
3.27992 3.41236e-06
3.28598 3.38659e-06
3.29204 3.34385e-06
3.29812 3.31689e-06
3.30421 3.27519e-06
3.31031 3.24699e-06
3.31643 3.20621e-06
3.32255 3.1764e-06
3.32869 3.13747e-06
3.33483 3.10617e-06
3.34099 3.06917e-06
3.34716 3.03588e-06
3.35334 3.00201e-06
3.35953 2.96805e-06
3.36574 2.93916e-06
3.37195 2.90393e-06
3.37818 2.87974e-06
3.38442 2.83731e-06
3.39067 2.82043e-06
3.39693 2.77579e-06
3.4032 2.76061e-06
3.40949 2.71607e-06
3.41578 2.70045e-06
3.42209 2.6566e-06
3.42841 2.64066e-06
3.43474 2.59727e-06
3.44108 2.58139e-06
3.44744 2.53868e-06
3.4538 2.52337e-06
3.46018 2.48399e-06
3.46657 2.46899e-06
3.47297 2.43324e-06
3.47939 2.41763e-06
3.48581 2.38196e-06
3.49225 2.36603e-06
3.4987 2.33067e-06
3.50516 2.31413e-06
3.51163 2.2793e-06
3.51811 2.2621e-06
3.52461 2.22778e-06
3.53112 2.2101e-06
3.53764 2.17661e-06
3.54417 2.15863e-06
3.55072 2.12617e-06
3.55727 2.1085e-06
3.56384 2.07919e-06
3.57042 2.06183e-06
3.57702 2.0353e-06
3.58362 2.01693e-06
3.59024 1.99141e-06
3.59687 1.97178e-06
3.60351 1.94718e-06
3.61017 1.92633e-06
3.61683 1.90298e-06
3.62351 1.88041e-06
3.6302 1.85874e-06
3.63691 1.83409e-06
3.64362 1.81476e-06
3.65035 1.78715e-06
3.65709 1.77165e-06
3.66384 1.7406e-06
3.67061 1.73133e-06
3.67739 1.70342e-06
3.68418 1.69383e-06
3.69098 1.66592e-06
3.6978 1.65611e-06
3.70463 1.62828e-06
3.71147 1.61831e-06
3.71832 1.59064e-06
3.72519 1.58034e-06
3.73207 1.55292e-06
3.73896 1.54234e-06
3.74586 1.5154e-06
3.75278 1.50478e-06
3.75971 1.47835e-06
3.76665 1.468e-06
3.77361 1.44358e-06
3.78058 1.43361e-06
3.78756 1.41184e-06
3.79455 1.40144e-06
3.80156 1.37992e-06
3.80858 1.36909e-06
3.81561 1.34786e-06
3.82266 1.33663e-06
3.82972 1.31572e-06
3.83679 1.30397e-06
3.84387 1.28356e-06
3.85097 1.27153e-06
3.85808 1.25163e-06
3.86521 1.239e-06
3.87234 1.22016e-06
3.87949 1.20762e-06
3.88666 1.19073e-06
3.89384 1.17857e-06
3.90103 1.16369e-06
3.90823 1.1506e-06
3.91545 1.13658e-06
3.92268 1.12216e-06
3.92992 1.1094e-06
3.93718 1.09335e-06
3.94445 1.08206e-06
3.95173 1.06286e-06
3.95903 1.05483e-06
3.96634 1.03406e-06
3.97366 1.02773e-06
3.981 1.00726e-06
3.98835 1.00116e-06
3.99572 9.82087e-07
4.0031 9.76299e-07
4.01049 9.59438e-07
4.01789 9.53424e-07
4.02531 9.36719e-07
4.03275 9.30496e-07
4.04019 9.13881e-07
4.04765 9.07469e-07
4.05513 8.91009e-07
4.06262 8.84355e-07
4.07012 8.68087e-07
4.07763 8.61261e-07
4.08516 8.45239e-07
4.09271 8.38407e-07
4.10027 8.22755e-07
4.10784 8.16051e-07
4.11542 8.01589e-07
4.12302 7.9519e-07
4.13064 7.826e-07
4.13826 7.75959e-07
4.14591 7.63603e-07
4.15356 7.56526e-07
4.16123 7.44444e-07
4.16892 7.36985e-07
4.17661 7.25242e-07
4.18433 7.1741e-07
4.19205 7.06039e-07
4.19979 6.97756e-07
4.20755 6.86908e-07
4.21532 6.78104e-07
4.2231 6.68173e-07
4.2309 6.59158e-07
4.23871 6.50472e-07
4.24654 6.41693e-07
4.25438 6.34592e-07
4.26224 6.24564e-07
4.27011 6.18654e-07
4.278 6.06366e-07
4.2859 6.02619e-07
4.29381 5.90394e-07
4.30174 5.86537e-07
4.30968 5.74411e-07
4.31764 5.705e-07
4.32561 5.58474e-07
4.3336 5.54534e-07
4.3416 5.42677e-07
4.34962 5.38886e-07
4.35765 5.27766e-07
4.3657 5.24254e-07
4.37376 5.14719e-07
4.38184 5.11061e-07
4.38993 5.01571e-07
4.39804 4.97729e-07
4.40616 4.88381e-07
4.41429 4.84386e-07
4.42245 4.75077e-07
4.43061 4.7098e-07
4.43879 4.61833e-07
4.44699 4.57573e-07
4.4552 4.486e-07
4.46343 4.44225e-07
4.47167 4.35562e-07
4.47993 4.31265e-07
4.4882 4.23238e-07
4.49649 4.19244e-07
4.50479 4.12446e-07
4.51311 4.08227e-07
4.52144 4.01633e-07
4.52979 3.97063e-07
4.53816 3.90722e-07
4.54654 3.85847e-07
4.55493 3.79762e-07
4.56335 3.74525e-07
4.57177 3.6886e-07
4.58021 3.63113e-07
4.58867 3.57958e-07
4.59715 3.51621e-07
4.60564 3.47254e-07
4.61414 3.40036e-07
4.62266 3.37158e-07
4.6312 3.30347e-07
4.63975 3.28313e-07
4.64832 3.21501e-07
4.6569 3.19428e-07
4.6655 3.12635e-07
4.67411 3.10482e-07
4.68275 3.03727e-07
4.69139 3.01516e-07
4.70006 2.94801e-07
4.70874 2.92513e-07
4.71743 2.85907e-07
4.72614 2.83609e-07
4.73487 2.7712e-07
4.74361 2.7484e-07
4.75237 2.68738e-07
4.76115 2.66711e-07
4.76994 2.61591e-07
4.77875 2.59456e-07
4.78757 2.54399e-07
4.79641 2.52162e-07
4.80527 2.47177e-07
4.81414 2.44841e-07
4.82303 2.39902e-07
4.83194 2.37444e-07
4.84086 2.32653e-07
4.8498 2.30084e-07
4.85876 2.25397e-07
4.86773 2.22733e-07
4.87672 2.18265e-07
4.88572 2.15525e-07
4.89475 2.11456e-07
4.90378 2.09012e-07
4.91284 2.05665e-07
4.92191 2.02991e-07
4.931 1.99834e-07
4.94011 1.96929e-07
4.94923 1.93964e-07
4.95837 1.90741e-07
4.96752 1.88082e-07
4.9767 1.84385e-07
4.98589 1.82188e-07
4.99509 1.77547e-07
5.00432 1.76316e-07
5.01356 1.71736e-07
5.02282 1.70535e-07
5.03209 1.66158e-07
5.04138 1.65091e-07
5.05069 1.61537e-07
5.06002 1.60413e-07
5.06936 1.56883e-07
5.07873 1.55715e-07
5.0881 1.52196e-07
5.0975 1.51007e-07
5.10691 1.47501e-07
5.11634 1.46259e-07
5.12579 1.42795e-07
5.13526 1.41518e-07
5.14474 1.38107e-07
5.15424 1.36791e-07
5.16376 1.33448e-07
5.17329 1.32152e-07
5.18285 1.28993e-07
5.19242 1.27849e-07
5.202 1.2531e-07
5.21161 1.24103e-07
5.22123 1.21592e-07
5.23088 1.20311e-07
5.24054 1.17858e-07
5.25021 1.16512e-07
5.25991 1.14093e-07
5.26962 1.12661e-07
5.27935 1.10346e-07
5.2891 1.08825e-07
5.29887 1.06593e-07
5.30865 1.04984e-07
5.31846 1.02903e-07
5.32828 1.01202e-07
5.33812 9.93616e-08
5.34797 9.78475e-08
5.35785 9.64343e-08
5.36774 9.47267e-08
5.37765 9.34906e-08
5.38758 9.14736e-08
5.39753 9.05241e-08
5.4075 8.81824e-08
5.41749 8.75453e-08
5.42749 8.5218e-08
5.43751 8.45695e-08
5.44755 8.22515e-08
5.45761 8.16e-08
5.46769 7.9317e-08
5.47779 7.86727e-08
5.4879 7.64635e-08
5.49804 7.59144e-08
5.50819 7.41834e-08
5.51836 7.36037e-08
5.52855 7.18885e-08
5.53876 7.12841e-08
5.54899 6.95788e-08
5.55923 6.89476e-08
5.5695 6.72598e-08
5.57979 6.65971e-08
5.59009 6.49319e-08
5.60041 6.42456e-08
5.61075 6.26105e-08
5.62111 6.19033e-08
5.63149 6.0311e-08
5.64189 5.95955e-08
5.65231 5.80855e-08
5.66275 5.747e-08
5.67321 5.62991e-08
5.68368 5.56405e-08
5.69418 5.45032e-08
5.70469 5.38003e-08
5.71523 5.26969e-08
5.72578 5.19378e-08
5.73635 5.08811e-08
5.74695 5.0065e-08
5.75756 4.906e-08
5.76819 4.81623e-08
5.77884 4.72476e-08
5.78951 4.62647e-08
5.8002 4.54537e-08
5.81092 4.43458e-08
5.82165 4.37377e-08
5.8324 4.26191e-08
5.84317 4.23418e-08
5.85396 4.12372e-08
5.86477 4.09498e-08
5.8756 3.98482e-08
5.88645 3.95458e-08
5.89732 3.84495e-08
5.90821 3.81381e-08
5.91912 3.70493e-08
5.93005 3.67274e-08
5.941 3.56471e-08
5.95197 3.5318e-08
5.96296 3.42562e-08
5.97397 3.39334e-08
5.985 3.2905e-08
5.99605 3.26284e-08
6.00713 3.18345e-08
6.01822 3.1545e-08
6.02933 3.0774e-08
6.04047 3.04754e-08
6.05162 2.97053e-08
6.06279 2.93868e-08
6.07399 2.86326e-08
6.08521 2.82969e-08
6.09644 2.75581e-08
6.1077 2.72061e-08
6.11898 2.64812e-08
6.13028 2.61125e-08
6.1416 2.54186e-08
6.15294 2.50376e-08
6.1643 2.43904e-08
6.17569 2.40627e-08
6.18709 2.35663e-08
6.19851 2.32216e-08
6.20996 2.27619e-08
6.22143 2.23847e-08
6.23292 2.19474e-08
6.24443 2.15301e-08
6.25596 2.11308e-08
6.26751 2.06576e-08
6.27908 2.03108e-08
6.29068 1.97572e-08
6.30229 1.94954e-08
6.31393 1.88342e-08
6.32559 1.86873e-08
6.33727 1.80428e-08
6.34897 1.79175e-08
6.3607 1.74177e-08
6.37244 1.72916e-08
6.38421 1.68128e-08
6.396 1.66778e-08
6.40781 1.6203e-08
6.41964 1.60634e-08
6.4315 1.55904e-08
6.44338 1.54447e-08
6.45527 1.4973e-08
6.46719 1.48217e-08
6.47914 1.43575e-08
6.4911 1.42015e-08
6.50309 1.37473e-08
6.5151 1.35932e-08
6.52713 1.31551e-08
6.53918 1.30234e-08
6.55126 1.26837e-08
6.56335 1.25511e-08
6.57547 1.22318e-08
6.58761 1.20884e-08
6.59978 1.17746e-08
6.61197 1.16238e-08
6.62418 1.13161e-08
6.63641 1.11548e-08
6.64866 1.08558e-08
6.66094 1.0681e-08
6.67324 1.03962e-08
6.68556 1.02113e-08
6.69791 9.94018e-09
6.71028 9.74402e-09
6.72267 9.50212e-09
6.73508 9.3308e-09
6.74752 9.14971e-09
6.75998 8.96983e-09
6.77246 8.81319e-09
6.78497 8.60526e-09
6.7975 8.47341e-09
6.81005 8.19508e-09
6.82263 8.1321e-09
6.83522 7.85463e-09
6.84785 7.79021e-09
6.86049 7.51435e-09
6.87316 7.44781e-09
6.88585 7.17601e-09
6.89857 7.10993e-09
6.91131 6.84518e-09
6.92407 6.79006e-09
6.93686 6.58438e-09
6.94967 6.52965e-09
6.9625 6.33892e-09
6.97536 6.28099e-09
6.98824 6.09156e-09
7.00114 6.03035e-09
7.01407 5.84286e-09
7.02702 5.77941e-09
7.04 5.59333e-09
7.053 5.52661e-09
7.06602 5.34344e-09
7.07907 5.27419e-09
7.09214 5.09496e-09
7.10524 5.02505e-09
7.11836 4.8548e-09
7.1315 4.79459e-09
7.14467 4.66312e-09
7.15787 4.60321e-09
7.17108 4.48513e-09
7.18433 4.41993e-09
7.19759 4.30483e-09
7.21088 4.23554e-09
7.2242 4.12434e-09
7.23754 4.04828e-09
7.2509 3.94235e-09
7.26429 3.85901e-09
7.27771 3.76015e-09
7.29115 3.66974e-09
7.30461 3.5806e-09
7.3181 3.47878e-09
7.33161 3.40752e-09
7.34515 3.31234e-09
7.35872 3.2686e-09
7.3723 3.16304e-09
7.38592 3.13985e-09
7.39956 3.03426e-09
7.41322 3.0101e-09
7.42691 2.90467e-09
7.44062 2.8795e-09
7.45436 2.77453e-09
7.46813 2.74845e-09
7.48192 2.64416e-09
7.49574 2.61704e-09
7.50958 2.51463e-09
7.52345 2.48759e-09
7.53734 2.38803e-09
7.55126 2.36499e-09
7.5652 2.28738e-09
7.57917 2.26561e-09
7.59317 2.1962e-09
7.60719 2.17301e-09
7.62124 2.10433e-09
7.63531 2.07955e-09
7.64941 2.0116e-09
7.66353 1.98554e-09
7.67769 1.91875e-09
7.69186 1.89112e-09
7.70607 1.82562e-09
7.7203 1.79618e-09
7.73455 1.73303e-09
7.74884 1.70258e-09
7.76315 1.64347e-09
7.77748 1.61742e-09
7.79184 1.57174e-09
7.80623 1.54632e-09
7.82065 1.50735e-09
7.83509 1.47955e-09
7.84956 1.44252e-09
7.86405 1.41154e-09
7.87857 1.37716e-09
7.89312 1.34249e-09
7.9077 1.31141e-09
7.9223 1.27129e-09
7.93693 1.24558e-09
7.95158 1.19461e-09
7.96627 1.18063e-09
7.98098 1.12672e-09
7.99572 1.11816e-09
8.01048 1.07584e-09
8.02527 1.06781e-09
8.04009 1.03123e-09
8.05494 1.02267e-09
8.06981 9.86245e-10
8.08472 9.77262e-10
8.09965 9.40974e-10
8.1146 9.31536e-10
8.12959 8.95397e-10
8.1446 8.85408e-10
8.15964 8.49798e-10
8.17471 8.39547e-10
8.1898 8.04261e-10
8.20492 7.93947e-10
8.22008 7.5995e-10
8.23526 7.51128e-10
8.25046 7.2445e-10
8.2657 7.16237e-10
8.28096 6.93522e-10
8.29625 6.84762e-10
8.31157 6.62383e-10
8.32692 6.53012e-10
8.3423 6.31024e-10
8.3577 6.20905e-10
8.37314 5.99443e-10
8.3886 5.88541e-10
8.40409 5.67744e-10
8.41961 5.56179e-10
8.43516 5.3636e-10
8.45073 5.23985e-10
8.46634 5.05871e-10
8.48197 4.94887e-10
8.49763 4.81435e-10
8.51333 4.70927e-10
8.52905 4.60343e-10
8.5448 4.48332e-10
8.56057 4.39066e-10
8.57638 4.24784e-10
8.59222 4.17654e-10
8.60809 3.99596e-10
8.62398 3.96086e-10
8.63991 3.78138e-10
8.65586 3.74509e-10
8.67185 3.56716e-10
8.68786 3.53101e-10
8.7039 3.35674e-10
8.71997 3.32672e-10
8.73608 3.1882e-10
8.75221 3.16118e-10
8.76837 3.04727e-10
8.78456 3.01821e-10
8.80078 2.90519e-10
8.81704 2.8745e-10
8.83332 2.76189e-10
8.84963 2.72921e-10
8.86597 2.61744e-10
8.88234 2.5829e-10
8.89874 2.47275e-10
8.91518 2.43641e-10
8.93164 2.32858e-10
8.94813 2.2912e-10
8.96466 2.18765e-10
8.98121 2.15569e-10
8.9978 2.07391e-10
9.01441 2.04572e-10
9.03106 1.9796e-10
9.04773 1.94899e-10
9.06444 1.88464e-10
9.08118 1.85126e-10
9.09795 1.78876e-10
9.11475 1.75189e-10
9.13158 1.69248e-10
9.14844 1.65194e-10
9.16534 1.59559e-10
9.18226 1.55092e-10
9.19922 1.49934e-10
9.2162 1.44929e-10
9.23322 1.4064e-10
9.25027 1.35943e-10
9.26736 1.33075e-10
9.28447 1.28378e-10
9.30161 1.2686e-10
9.31879 1.21566e-10
9.336 1.20585e-10
9.35324 1.15292e-10
9.37051 1.14254e-10
9.38781 1.0898e-10
9.40515 1.07889e-10
9.42252 1.02624e-10
9.43992 1.01481e-10
9.45735 9.62942e-11
9.47481 9.51404e-11
9.49231 9.00729e-11
9.50984 8.90916e-11
9.5274 8.50069e-11
9.54499 8.41673e-11
9.56262 8.09983e-11
9.58027 8.00945e-11
9.59797 7.69475e-11
9.61569 7.59966e-11
9.63345 7.28675e-11
9.65123 7.18465e-11
9.66906 6.87602e-11
9.68691 6.76473e-11
9.7048 6.46261e-11
9.72272 6.34594e-11
9.74067 6.05163e-11
9.75866 5.9277e-11
9.77668 5.64896e-11
9.79474 5.53947e-11
9.81282 5.32019e-11
9.83094 5.22754e-11
9.8491 5.06222e-11
9.86728 4.95967e-11
9.88551 4.80235e-11
9.90376 4.68847e-11
9.92205 4.53983e-11
9.94037 4.4104e-11
9.95873 4.27508e-11
9.97712 4.12681e-11
9.99554 4.00943e-11
10.014 3.83483e-11
10.0325 3.74509e-11
10.051 3.51934e-11
10.0696 3.4899e-11
10.0882 3.30432e-11
10.1068 3.27971e-11
10.1255 3.14267e-11
10.1442 3.11646e-11
10.1629 2.97936e-11
10.1817 2.95145e-11
10.2005 2.81435e-11
10.2193 2.78493e-11
10.2382 2.64833e-11
10.2571 2.61737e-11
10.276 2.4816e-11
10.295 2.4488e-11
10.314 2.3148e-11
10.333 2.28153e-11
10.3521 2.15087e-11
10.3712 2.12161e-11
10.3904 2.01478e-11
10.4096 1.99149e-11
10.4288 1.91398e-11
10.4481 1.88863e-11
10.4674 1.81211e-11
10.4867 1.78484e-11
10.5061 1.70917e-11
10.5255 1.67938e-11
10.5449 1.60552e-11
10.5644 1.57295e-11
10.5839 1.5012e-11
10.6034 1.4661e-11
10.623 1.39736e-11
10.6426 1.35911e-11
10.6623 1.29552e-11
10.682 1.26039e-11
10.7017 1.21085e-11
10.7214 1.18238e-11
10.7412 1.14852e-11
10.7611 1.11583e-11
10.7809 1.0854e-11
10.8008 1.0472e-11
10.8208 1.02177e-11
10.8408 9.74268e-12
10.8608 9.57546e-12
10.8809 9.02054e-12
10.9009 8.93051e-12
10.9211 8.37843e-12
10.9412 8.28766e-12
10.9614 7.74405e-12
10.9817 7.66461e-12
11.002 7.20943e-12
11.0223 7.14943e-12
11.0426 6.83462e-12
11.063 6.7686e-12
11.0835 6.45545e-12
11.1039 6.38557e-12
11.1244 6.07281e-12
11.145 5.9988e-12
11.1655 5.68746e-12
11.1862 5.60765e-12
11.2068 5.29957e-12
11.2275 5.2142e-12
11.2483 4.91058e-12
11.269 4.8222e-12
11.2898 4.52834e-12
11.3107 4.44881e-12
11.3316 4.20409e-12
11.3525 4.14405e-12
11.3735 3.98051e-12
11.3945 3.91504e-12
11.4155 3.75442e-12
11.4366 3.6821e-12
11.4577 3.52584e-12
11.4789 3.4465e-12
11.5001 3.29508e-12
11.5213 3.20721e-12
11.5426 3.06364e-12
11.5639 2.96441e-12
11.5852 2.83182e-12
11.6066 2.72226e-12
11.6281 2.60479e-12
11.6495 2.4965e-12
11.671 2.41339e-12
11.6926 2.32664e-12
11.7142 2.28124e-12
11.7358 2.16455e-12
11.7575 2.14768e-12
11.7792 2.03095e-12
11.801 2.01278e-12
11.8227 1.89628e-12
11.8446 1.87695e-12
11.8664 1.76059e-12
11.8884 1.74023e-12
11.9103 1.6246e-12
11.9323 1.60315e-12
11.9543 1.48982e-12
11.9764 1.47077e-12
11.9985 1.37325e-12
12.0207 1.35981e-12
12.0429 1.29753e-12
12.0651 1.28315e-12
12.0874 1.22108e-12
12.1097 1.20532e-12
12.1321 1.14365e-12
12.1545 1.12668e-12
12.1769 1.06575e-12
12.1994 1.04737e-12
12.2219 9.87272e-13
12.2445 9.67519e-13
12.2671 9.08509e-13
12.2898 8.87309e-13
12.3125 8.30882e-13
12.3352 8.11168e-13
12.358 7.63504e-13
12.3808 7.49832e-13
12.4037 7.20403e-13
12.4266 7.04915e-13
12.4495 6.76714e-13
12.4725 6.59373e-13
12.4955 6.32729e-13
12.5186 6.1291e-13
12.5417 5.88194e-13
12.5649 5.65474e-13
12.5881 5.43375e-13
12.6113 5.16711e-13
12.6346 4.98513e-13
12.658 4.6578e-13
12.6813 4.54455e-13
12.7048 4.19442e-13
12.7282 4.16558e-13
12.7517 3.95513e-13
12.7753 3.92388e-13
12.7989 3.71308e-13
12.8225 3.67938e-13
12.8462 3.46875e-13
12.8699 3.43228e-13
12.8937 3.22207e-13
12.9175 3.18329e-13
12.9413 2.97366e-13
12.9652 2.93149e-13
12.9892 2.72371e-13
13.0131 2.68041e-13
13.0372 2.47603e-13
13.0612 2.43537e-13
13.0854 2.25559e-13
13.1095 2.22923e-13
13.1337 2.12351e-13
13.158 2.09482e-13
13.1823 1.99017e-13
13.2066 1.95874e-13
13.231 1.8555e-13
13.2555 1.82106e-13
13.2799 1.71925e-13
13.3045 1.68126e-13
13.329 1.58222e-13
13.3536 1.54026e-13
13.3783 1.44447e-13
13.403 1.39904e-13
13.4277 1.30838e-13
13.4525 1.26281e-13
13.4774 1.18717e-13
13.5023 1.158e-13
13.5272 1.11581e-13
13.5522 1.08252e-13
13.5772 1.04385e-13
13.6023 1.00458e-13
13.6274 9.7097e-14
13.6526 9.23162e-14
13.6778 8.97368e-14
13.703 8.31496e-14
13.7283 8.23198e-14
13.7537 7.57475e-14
13.7791 7.48845e-14
13.8045 6.837e-14
13.83 6.75569e-14
13.8556 6.16151e-14
13.8811 6.11334e-14
13.9068 5.78719e-14
13.9325 5.73489e-14
13.9582 5.40851e-14
13.984 5.35046e-14
14.0098 5.02614e-14
14.0357 4.96342e-14
14.0616 4.63926e-14
14.0875 4.57123e-14
14.1136 4.24985e-14
14.1396 4.17566e-14
14.1657 3.85814e-14
14.1919 3.78103e-14
14.2181 3.46776e-14
14.2443 3.39265e-14
14.2706 3.1093e-14
14.297 3.06412e-14
14.3234 2.91439e-14
14.3499 2.86456e-14
14.3763 2.71683e-14
14.4029 2.66123e-14
14.4295 2.51761e-14
14.4561 2.45541e-14
14.4828 2.31593e-14
14.5096 2.24719e-14
14.5364 2.11248e-14
14.5632 2.03535e-14
14.5901 1.9086e-14
14.617 1.82087e-14
14.644 1.70553e-14
14.6711 1.6111e-14
14.6982 1.52019e-14
14.7253 1.46209e-14
14.7525 1.42084e-14
14.7797 1.34823e-14
14.807 1.32013e-14
14.8344 1.22893e-14
14.8618 1.21834e-14
14.8892 1.12708e-14
14.9167 1.11549e-14
14.9443 1.02423e-14
14.9719 1.01176e-14
14.9995 9.20764e-15
15.0272 9.07175e-15
15.055 8.173e-15
15.0828 8.04081e-15
15.1106 7.19006e-15
15.1385 7.12049e-15
15.1665 6.69747e-15
15.1945 6.61986e-15
15.2225 6.19888e-15
15.2506 6.11554e-15
15.2788 5.69539e-15
15.307 5.60379e-15
15.3353 5.18697e-15
15.3636 5.08572e-15
15.392 4.6729e-15
15.4204 4.5629e-15
15.4489 4.15657e-15
15.4774 4.03469e-15
15.506 3.64059e-15
15.5346 3.51759e-15
15.5633 3.15591e-15
15.592 3.10512e-15
15.6208 2.97084e-15
15.6497 2.9136e-15
15.6786 2.78355e-15
15.7075 2.71748e-15
15.7365 2.59265e-15
15.7656 2.51675e-15
15.7947 2.39775e-15
15.8239 2.30596e-15
15.8531 2.19464e-15
15.8824 2.08103e-15
15.9117 1.96866e-15
15.9411 1.80126e-15
15.9705 1.59601e-15
16 0
