# 1:pT 2:PhotonSpectrum=dN/d^2xT d^2pT dy
0.01 176.938
0.0100185 176.575
0.010037 176.108
0.0100555 175.735
0.0100741 175.265
0.0100927 174.883
0.0101113 174.416
0.01013 174.025
0.0101487 173.556
0.0101674 173.152
0.0101862 172.675
0.010205 172.262
0.0102239 171.784
0.0102427 171.365
0.0102617 170.876
0.0102806 170.441
0.0102996 169.94
0.0103186 169.487
0.0103377 168.946
0.0103567 168.496
0.0103759 167.955
0.010395 167.502
0.0104142 166.967
0.0104335 166.498
0.0104527 165.971
0.010472 165.51
0.0104914 164.987
0.0105107 164.518
0.0105301 164.008
0.0105496 163.529
0.0105691 163.023
0.0105886 162.55
0.0106081 162.057
0.0106277 161.588
0.0106474 161.108
0.010667 160.629
0.0106867 160.16
0.0107065 159.679
0.0107262 159.216
0.010746 158.724
0.0107659 158.269
0.0107858 157.764
0.0108057 157.33
0.0108256 156.794
0.0108456 156.389
0.0108656 155.862
0.0108857 155.459
0.0109058 154.93
0.0109259 154.533
0.0109461 154.029
0.0109663 153.623
0.0109866 153.126
0.0110069 152.719
0.0110272 152.219
0.0110476 151.814
0.011068 151.32
0.0110884 150.913
0.0111089 150.42
0.0111294 150.011
0.0111499 149.519
0.0111705 149.113
0.0111912 148.627
0.0112118 148.22
0.0112325 147.744
0.0112533 147.34
0.0112741 146.878
0.0112949 146.467
0.0113157 146.007
0.0113366 145.599
0.0113576 145.148
0.0113785 144.733
0.0113995 144.288
0.0114206 143.87
0.0114417 143.419
0.0114628 143.002
0.011484 142.564
0.0115052 142.143
0.0115264 141.711
0.0115477 141.285
0.011569 140.871
0.0115904 140.444
0.0116118 140.044
0.0116332 139.609
0.0116547 139.216
0.0116762 138.756
0.0116978 138.397
0.0117194 137.926
0.0117411 137.572
0.0117627 137.105
0.0117845 136.751
0.0118062 136.287
0.011828 135.931
0.0118499 135.478
0.0118717 135.117
0.0118937 134.667
0.0119156 134.31
0.0119376 133.877
0.0119597 133.52
0.0119818 133.093
0.0120039 132.732
0.0120261 132.302
0.0120483 131.944
0.0120705 131.515
0.0120928 131.158
0.0121151 130.731
0.0121375 130.373
0.0121599 129.951
0.0121824 129.583
0.0122049 129.169
0.0122274 128.809
0.01225 128.404
0.0122726 128.041
0.0122953 127.649
0.012318 127.282
0.0123407 126.896
0.0123635 126.528
0.0123863 126.143
0.0124092 125.775
0.0124321 125.393
0.0124551 125.017
0.0124781 124.647
0.0125011 124.267
0.0125242 123.901
0.0125473 123.514
0.0125705 123.158
0.0125937 122.763
0.012617 122.427
0.0126403 122.014
0.0126636 121.705
0.012687 121.298
0.0127104 120.986
0.0127339 120.582
0.0127574 120.264
0.012781 119.866
0.0128046 119.545
0.0128282 119.15
0.0128519 118.831
0.0128756 118.436
0.0128994 118.116
0.0129232 117.728
0.0129471 117.41
0.012971 117.027
0.012995 116.709
0.0130189 116.333
0.013043 116.016
0.0130671 115.645
0.0130912 115.329
0.0131154 114.961
0.0131396 114.64
0.0131639 114.278
0.0131882 113.952
0.0132125 113.588
0.0132369 113.27
0.0132614 112.909
0.0132859 112.588
0.0133104 112.235
0.013335 111.909
0.0133596 111.559
0.0133843 111.238
0.013409 110.901
0.0134337 110.581
0.0134585 110.248
0.0134834 109.92
0.0135083 109.595
0.0135332 109.261
0.0135582 108.945
0.0135833 108.602
0.0136083 108.293
0.0136335 107.933
0.0136587 107.646
0.0136839 107.276
0.0137091 107
0.0137345 106.634
0.0137598 106.36
0.0137852 106.005
0.0138107 105.732
0.0138362 105.386
0.0138617 105.105
0.0138873 104.758
0.013913 104.478
0.0139387 104.136
0.0139644 103.855
0.0139902 103.516
0.014016 103.231
0.0140419 102.894
0.0140678 102.614
0.0140938 102.273
0.0141198 101.996
0.0141459 101.662
0.014172 101.387
0.0141982 101.062
0.0142244 100.781
0.0142507 100.462
0.014277 100.184
0.0143034 99.8689
0.0143298 99.5842
0.0143563 99.2735
0.0143828 98.9847
0.0144093 98.6803
0.0144359 98.3886
0.0144626 98.0836
0.0144893 97.7947
0.0145161 97.4959
0.0145429 97.203
0.0145697 96.9114
0.0145966 96.6204
0.0146236 96.3378
0.0146506 96.0417
0.0146776 95.7681
0.0147047 95.4642
0.0147319 95.1976
0.0147591 94.8725
0.0147863 94.63
0.0148136 94.3061
0.014841 94.0603
0.0148684 93.7393
0.0148959 93.4921
0.0149234 93.1776
0.0149509 92.9279
0.0149785 92.6172
0.0150062 92.3706
0.0150339 92.0671
0.0150617 91.8229
0.0150895 91.5249
0.0151173 91.2797
0.0151453 90.9834
0.0151732 90.7351
0.0152012 90.4405
0.0152293 90.1904
0.0152574 89.896
0.0152856 89.649
0.0153138 89.358
0.0153421 89.11
0.0153705 88.8241
0.0153988 88.5711
0.0154273 88.2884
0.0154558 88.0404
0.0154843 87.7634
0.0155129 87.5159
0.0155415 87.2446
0.0155702 86.9932
0.015599 86.7235
0.0156278 86.4716
0.0156567 86.204
0.0156856 85.9507
0.0157145 85.6877
0.0157435 85.428
0.0157726 85.1731
0.0158017 84.908
0.0158309 84.6601
0.0158602 84.3914
0.0158894 84.1515
0.0159188 83.8751
0.0159482 83.6527
0.0159776 83.3699
0.0160071 83.1548
0.0160367 82.8739
0.0160663 82.6584
0.016096 82.3787
0.0161257 82.1637
0.0161555 81.8895
0.0161853 81.6679
0.0162152 81.396
0.0162451 81.1755
0.0162751 80.9046
0.0163052 80.6861
0.0163353 80.4194
0.0163655 80.2006
0.0163957 79.9415
0.016426 79.7263
0.0164563 79.4673
0.0164867 79.2517
0.0165171 78.994
0.0165476 78.7774
0.0165782 78.5233
0.0166088 78.3043
0.0166395 78.0512
0.0166702 77.8319
0.016701 77.5845
0.0167318 77.3612
0.0167627 77.1176
0.0167937 76.8922
0.0168247 76.6549
0.0168558 76.432
0.0168869 76.1955
0.0169181 75.975
0.0169493 75.7446
0.0169806 75.5193
0.017012 75.2932
0.0170434 75.0652
0.0170748 74.8437
0.0171064 74.6111
0.017138 74.3952
0.0171696 74.1551
0.0172013 73.946
0.0172331 73.6893
0.0172649 73.5007
0.0172968 73.2462
0.0173287 73.0573
0.0173607 72.8093
0.0173928 72.6198
0.0174249 72.3794
0.0174571 72.1883
0.0174893 71.9488
0.0175216 71.7549
0.017554 71.5177
0.0175864 71.3239
0.0176189 71.0882
0.0176514 70.8945
0.017684 70.6596
0.0177166 70.4646
0.0177494 70.2323
0.0177821 70.0382
0.017815 69.806
0.0178479 69.6157
0.0178808 69.3899
0.0179138 69.2008
0.0179469 68.9802
0.0179801 68.7856
0.0180133 68.566
0.0180465 68.3733
0.0180799 68.1568
0.0181132 67.9614
0.0181467 67.7479
0.0181802 67.5484
0.0182138 67.3364
0.0182474 67.1387
0.0182811 66.9296
0.0183149 66.7324
0.0183487 66.5288
0.0183826 66.3269
0.0184165 66.1313
0.0184505 65.9294
0.0184846 65.7398
0.0185187 65.5339
0.0185529 65.3462
0.0185872 65.1339
0.0186215 64.9563
0.0186559 64.733
0.0186903 64.5635
0.0187248 64.3448
0.0187594 64.1744
0.0187941 63.9544
0.0188288 63.7857
0.0188635 63.5717
0.0188984 63.3999
0.0189333 63.1903
0.0189682 63.021
0.0190033 62.8137
0.0190384 62.6451
0.0190735 62.4402
0.0191087 62.2698
0.019144 62.0659
0.0191794 61.8974
0.0192148 61.6912
0.0192503 61.5221
0.0192858 61.3198
0.0193214 61.1499
0.0193571 60.9494
0.0193929 60.7782
0.0194287 60.5816
0.0194645 60.4096
0.0195005 60.2171
0.0195365 60.0467
0.0195726 59.8597
0.0196087 59.6855
0.0196449 59.5024
0.0196812 59.3283
0.0197175 59.1426
0.019754 58.9674
0.0197904 58.7859
0.019827 58.6084
0.0198636 58.429
0.0199003 58.2504
0.019937 58.0759
0.0199738 57.8932
0.0200107 57.7256
0.0200477 57.5403
0.0200847 57.3774
0.0201218 57.1823
0.0201589 57.0369
0.0201962 56.8414
0.0202335 56.6947
0.0202708 56.5013
0.0203082 56.3512
0.0203457 56.1617
0.0203833 56.0117
0.020421 55.8233
0.0204587 55.673
0.0204964 55.4854
0.0205343 55.3339
0.0205722 55.1501
0.0206102 55.0013
0.0206483 54.8198
0.0206864 54.6705
0.0207246 54.4939
0.0207629 54.3449
0.0208012 54.167
0.0208396 54.0197
0.0208781 53.8422
0.0209166 53.6945
0.0209553 53.5194
0.020994 53.3661
0.0210327 53.1939
0.0210716 53.0435
0.0211105 52.8724
0.0211495 52.7203
0.0211885 52.5534
0.0212277 52.3989
0.0212669 52.2367
0.0213061 52.0853
0.0213455 51.927
0.0213849 51.7741
0.0214244 51.6166
0.0214639 51.4606
0.0215036 51.3066
0.0215433 51.1482
0.0215831 50.9977
0.0216229 50.8369
0.0216628 50.6892
0.0217028 50.5213
0.0217429 50.3822
0.0217831 50.2073
0.0218233 50.076
0.0218636 49.9058
0.021904 49.7758
0.0219444 49.6071
0.0219849 49.4779
0.0220255 49.3126
0.0220662 49.1785
0.022107 49.0162
0.0221478 48.8827
0.0221887 48.7189
0.0222297 48.5863
0.0222707 48.4247
0.0223118 48.2907
0.022353 48.1297
0.0223943 47.9982
0.0224357 47.837
0.0224771 47.7069
0.0225186 47.5494
0.0225602 47.4188
0.0226018 47.2662
0.0226436 47.135
0.0226854 46.9847
0.0227273 46.8505
0.0227692 46.7001
0.0228113 46.5664
0.0228534 46.4192
0.0228956 46.2832
0.0229379 46.1387
0.0229803 46.0016
0.0230227 45.8557
0.0230652 45.7198
0.0231078 45.578
0.0231505 45.4423
0.0231932 45.3039
0.023236 45.1679
0.023279 45.0348
0.0233219 44.8954
0.023365 44.7656
0.0234082 44.6228
0.0234514 44.4953
0.0234947 44.3431
0.0235381 44.228
0.0235815 44.0742
0.0236251 43.9591
0.0236687 43.8065
0.0237124 43.6909
0.0237562 43.5415
0.0238001 43.4261
0.023844 43.2797
0.0238881 43.1644
0.0239322 43.0206
0.0239764 42.9039
0.0240206 42.7626
0.024065 42.6464
0.0241094 42.5058
0.0241539 42.3879
0.0241985 42.2474
0.0242432 42.1303
0.024288 41.99
0.0243329 41.8739
0.0243778 41.7347
0.0244228 41.6185
0.0244679 41.481
0.0245131 41.3623
0.0245583 41.2285
0.0246037 41.1138
0.0246491 40.984
0.0246946 40.8666
0.0247402 40.7389
0.0247859 40.6192
0.0248317 40.4921
0.0248776 40.3723
0.0249235 40.2471
0.0249695 40.1263
0.0250156 40.0024
0.0250618 39.8795
0.0251081 39.7587
0.0251545 39.6355
0.0252009 39.5175
0.0252475 39.3927
0.0252941 39.278
0.0253408 39.1524
0.0253876 39.0443
0.0254345 38.9105
0.0254814 38.809
0.0255285 38.6768
0.0255756 38.5755
0.0256229 38.4421
0.0256702 38.3401
0.0257176 38.21
0.0257651 38.1065
0.0258126 37.9774
0.0258603 37.8741
0.0259081 37.7459
0.0259559 37.6432
0.0260038 37.5174
0.0260518 37.4165
0.0261 37.2942
0.0261482 37.1919
0.0261964 37.0695
0.0262448 36.9675
0.0262933 36.8458
0.0263418 36.7431
0.0263905 36.6228
0.0264392 36.5194
0.026488 36.4004
0.0265369 36.2951
0.0265859 36.177
0.026635 36.0727
0.0266842 35.9568
0.0267335 35.8525
0.0267829 35.739
0.0268323 35.6351
0.0268819 35.5232
0.0269315 35.4195
0.0269812 35.3101
0.0270311 35.2046
0.027081 35.0958
0.027131 34.9887
0.0271811 34.8835
0.0272313 34.7739
0.0272816 34.671
0.0273319 34.5588
0.0273824 34.4584
0.027433 34.3402
0.0274836 34.249
0.0275344 34.129
0.0275852 34.0407
0.0276362 33.925
0.0276872 33.8366
0.0277383 33.7212
0.0277896 33.6324
0.0278409 33.5192
0.0278923 33.4282
0.0279438 33.315
0.0279954 33.2238
0.0280471 33.1122
0.0280989 33.0215
0.0281508 32.9111
0.0282027 32.8195
0.0282548 32.7095
0.028307 32.6191
0.0283593 32.5101
0.0284116 32.4219
0.0284641 32.3162
0.0285167 32.2277
0.0285693 32.1227
0.0286221 32.0314
0.0286749 31.928
0.0287279 31.8376
0.0287809 31.7355
0.0288341 31.643
0.0288873 31.5425
0.0289407 31.4487
0.0289941 31.3497
0.0290477 31.2559
0.0291013 31.1575
0.029155 31.0646
0.0292089 30.968
0.0292628 30.8754
0.0293168 30.7828
0.029371 30.6885
0.0294252 30.5972
0.0294796 30.5006
0.029534 30.4111
0.0295885 30.3125
0.0296432 30.2266
0.0296979 30.1203
0.0297527 30.0416
0.0298077 29.9365
0.0298627 29.8573
0.0299179 29.7535
0.0299731 29.6736
0.0300285 29.5723
0.0300839 29.4926
0.0301395 29.3945
0.0301951 29.3155
0.0302509 29.2176
0.0303068 29.1379
0.0303627 29.0413
0.0304188 28.9618
0.030475 28.8657
0.0305312 28.7852
0.0305876 28.6892
0.0306441 28.6088
0.0307007 28.5135
0.0307574 28.4335
0.0308142 28.3399
0.0308711 28.2596
0.0309281 28.1678
0.0309852 28.0873
0.0310424 27.9972
0.0310997 27.9181
0.0311572 27.8288
0.0312147 27.7488
0.0312723 27.6604
0.0313301 27.579
0.0313879 27.4907
0.0314459 27.4091
0.031504 27.3225
0.0315621 27.2406
0.0316204 27.1555
0.0316788 27.0715
0.0317373 26.989
0.0317959 26.904
0.0318546 26.8246
0.0319135 26.7395
0.0319724 26.6628
0.0320314 26.5737
0.0320906 26.5025
0.0321498 26.4104
0.0322092 26.341
0.0322687 26.2494
0.0323283 26.1798
0.032388 26.0892
0.0324478 26.0195
0.0325077 25.9307
0.0325677 25.8594
0.0326279 25.771
0.0326881 25.7005
0.0327485 25.6136
0.0328089 25.5443
0.0328695 25.4601
0.0329302 25.3899
0.032991 25.3066
0.033052 25.2369
0.033113 25.1521
0.0331741 25.0829
0.0332354 24.9994
0.0332968 24.9295
0.0333583 24.8469
0.0334199 24.7757
0.0334816 24.6939
0.0335434 24.6233
0.0336053 24.5431
0.0336674 24.4716
0.0337296 24.3929
0.0337919 24.3216
0.0338543 24.2459
0.0339168 24.174
0.0339794 24.0982
0.0340421 24.0264
0.034105 23.9517
0.034168 23.8787
0.0342311 23.8054
0.0342943 23.7314
0.0343576 23.6598
0.0344211 23.5843
0.0344846 23.5144
0.0345483 23.4369
0.0346121 23.3699
0.034676 23.2874
0.0347401 23.2274
0.0348042 23.1475
0.0348685 23.087
0.0349329 23.0081
0.0349974 22.947
0.035062 22.8693
0.0351267 22.8071
0.0351916 22.7298
0.0352566 22.6677
0.0353217 22.5907
0.0353869 22.5289
0.0354523 22.4525
0.0355177 22.3908
0.0355833 22.3152
0.035649 22.253
0.0357149 22.1785
0.0357808 22.117
0.0358469 22.0439
0.0359131 21.9832
0.0359794 21.9111
0.0360458 21.8501
0.0361124 21.7788
0.0361791 21.7161
0.0362459 21.6452
0.0363128 21.5827
0.0363799 21.5126
0.0364471 21.4497
0.0365144 21.3803
0.0365818 21.3168
0.0366493 21.2486
0.036717 21.1854
0.0367848 21.1183
0.0368527 21.0561
0.0369208 20.9908
0.036989 20.9271
0.0370573 20.8643
0.0371257 20.7993
0.0371943 20.7376
0.0372629 20.6711
0.0373318 20.6108
0.0374007 20.5415
0.0374698 20.485
0.037539 20.4127
0.0376083 20.3584
0.0376777 20.2873
0.0377473 20.2332
0.037817 20.1627
0.0378868 20.1095
0.0379568 20.0417
0.0380269 19.9873
0.0380971 19.9204
0.0381675 19.8659
0.0382379 19.7989
0.0383085 19.7447
0.0383793 19.6784
0.0384502 19.6234
0.0385212 19.5577
0.0385923 19.5033
0.0386636 19.437
0.038735 19.3828
0.0388065 19.3172
0.0388781 19.263
0.0389499 19.1986
0.0390219 19.1447
0.0390939 19.0821
0.0391661 19.028
0.0392384 18.9669
0.0393109 18.9119
0.0393835 18.8515
0.0394562 18.7956
0.0395291 18.7362
0.0396021 18.6802
0.0396752 18.6204
0.0397485 18.5644
0.0398219 18.5057
0.0398954 18.449
0.0399691 18.3917
0.0400429 18.3344
0.0401168 18.2789
0.0401909 18.2216
0.0402651 18.1682
0.0403395 18.1095
0.040414 18.0577
0.0404886 17.9946
0.0405633 17.9476
0.0406383 17.8849
0.0407133 17.8375
0.0407885 17.7751
0.0408638 17.7272
0.0409393 17.6658
0.0410149 17.6179
0.0410906 17.5571
0.0411665 17.5087
0.0412425 17.4489
0.0413186 17.4012
0.0413949 17.343
0.0414714 17.2959
0.041548 17.2382
0.0416247 17.1902
0.0417016 17.1333
0.0417786 17.0852
0.0418557 17.0279
0.041933 16.9804
0.0420104 16.9235
0.042088 16.8758
0.0421657 16.8198
0.0422436 16.7709
0.0423216 16.7154
0.0423998 16.6674
0.042478 16.6129
0.0425565 16.5649
0.0426351 16.5121
0.0427138 16.4633
0.0427927 16.4113
0.0428717 16.3626
0.0429509 16.311
0.0430302 16.2622
0.0431096 16.2114
0.0431892 16.1608
0.043269 16.1115
0.0433489 16.0604
0.0434289 16.0121
0.0435091 15.9602
0.0435895 15.9128
0.04367 15.8593
0.0437506 15.8152
0.0438314 15.76
0.0439124 15.7181
0.0439934 15.6649
0.0440747 15.6229
0.0441561 15.5688
0.0442376 15.527
0.0443193 15.4742
0.0444011 15.4312
0.0444831 15.3787
0.0445653 15.3361
0.0446476 15.2832
0.04473 15.2411
0.0448126 15.1891
0.0448954 15.1466
0.0449783 15.0951
0.0450613 15.0536
0.0451445 15.0027
0.0452279 14.9615
0.0453114 14.9119
0.0453951 14.8699
0.0454789 14.8207
0.0455629 14.7785
0.045647 14.7297
0.0457313 14.6869
0.0458158 14.6386
0.0459004 14.5958
0.0459851 14.5482
0.0460701 14.505
0.0461551 14.4585
0.0462404 14.415
0.0463257 14.3685
0.0464113 14.3257
0.046497 14.2809
0.0465829 14.2379
0.0466689 14.194
0.0467551 14.1504
0.0468414 14.1075
0.0469279 14.0627
0.0470145 14.0211
0.0471014 13.9751
0.0471883 13.9342
0.0472755 13.8848
0.0473628 13.8484
0.0474502 13.7991
0.0475379 13.7625
0.0476256 13.714
0.0477136 13.677
0.0478017 13.6303
0.04789 13.5936
0.0479784 13.5477
0.048067 13.5105
0.0481558 13.4646
0.0482447 13.4272
0.0483338 13.382
0.048423 13.345
0.0485124 13.2995
0.048602 13.262
0.0486918 13.2172
0.0487817 13.18
0.0488718 13.1351
0.048962 13.0984
0.0490524 13.0538
0.049143 13.0176
0.0492338 12.9742
0.0493247 12.9371
0.0494158 12.8949
0.049507 12.8582
0.0495984 12.8162
0.04969 12.7788
0.0497818 12.7375
0.0498737 12.6993
0.0499658 12.6586
0.0500581 12.6205
0.0501505 12.5804
0.0502431 12.5421
0.0503359 12.5022
0.0504288 12.4633
0.050522 12.4248
0.0506153 12.386
0.0507087 12.3488
0.0508024 12.3098
0.0508962 12.2735
0.0509902 12.233
0.0510843 12.1983
0.0511786 12.1556
0.0512732 12.1228
0.0513678 12.0807
0.0514627 12.0481
0.0515577 12.0056
0.0516529 11.9733
0.0517483 11.9316
0.0518439 11.8984
0.0519396 11.8575
0.0520355 11.8248
0.0521316 11.7844
0.0522279 11.7521
0.0523243 11.7128
0.0524209 11.6801
0.0525177 11.641
0.0526147 11.6085
0.0527119 11.5691
0.0528092 11.5367
0.0529067 11.4977
0.0530044 11.4649
0.0531023 11.4264
0.0532004 11.3937
0.0532986 11.3558
0.053397 11.3225
0.0534956 11.2849
0.0535944 11.2521
0.0536934 11.2159
0.0537925 11.183
0.0538919 11.1477
0.0539914 11.1144
0.0540911 11.0786
0.054191 11.0454
0.054291 11.0104
0.0543913 10.9769
0.0544917 10.9422
0.0545924 10.908
0.0546932 10.8744
0.0547942 10.8396
0.0548954 10.807
0.0549967 10.7712
0.0550983 10.7395
0.0552 10.7022
0.055302 10.6738
0.0554041 10.6366
0.0555064 10.6083
0.0556089 10.5713
0.0557116 10.543
0.0558144 10.5064
0.0559175 10.4778
0.0560208 10.4418
0.0561242 10.4128
0.0562279 10.3766
0.0563317 10.3476
0.0564357 10.3121
0.0565399 10.2833
0.0566443 10.2483
0.0567489 10.2194
0.0568537 10.1849
0.0569587 10.1564
0.0570639 10.1225
0.0571693 10.0943
0.0572748 10.0604
0.0573806 10.032
0.0574866 9.99828
0.0575927 9.96917
0.0576991 9.93596
0.0578056 9.90722
0.0579124 9.87438
0.0580193 9.84518
0.0581264 9.813
0.0582338 9.78338
0.0583413 9.7517
0.058449 9.72236
0.058557 9.69143
0.0586651 9.66228
0.0587734 9.63206
0.058882 9.60234
0.0589907 9.57276
0.0590996 9.54275
0.0592088 9.51361
0.0593181 9.48302
0.0594276 9.45436
0.0595374 9.42303
0.0596473 9.39572
0.0597575 9.36222
0.0598678 9.33703
0.0599784 9.30398
0.0600891 9.27906
0.0602001 9.24623
0.0603112 9.22147
0.0604226 9.19005
0.0605342 9.16481
0.060646 9.13367
0.060758 9.10831
0.0608702 9.07709
0.0609826 9.05173
0.0610952 9.02084
0.061208 8.99554
0.061321 8.96479
0.0614343 8.93931
0.0615477 8.90859
0.0616614 8.88332
0.0617752 8.85304
0.0618893 8.82789
0.0620036 8.79832
0.0621181 8.77337
0.0622328 8.74465
0.0623477 8.71915
0.0624628 8.69042
0.0625782 8.6651
0.0626937 8.63678
0.0628095 8.61144
0.0629255 8.58325
0.0630417 8.5574
0.0631581 8.52934
0.0632747 8.5036
0.0633916 8.47618
0.0635086 8.45018
0.0636259 8.42326
0.0637434 8.39699
0.0638611 8.37122
0.063979 8.3449
0.0640972 8.31993
0.0642155 8.29302
0.0643341 8.26835
0.0644529 8.23995
0.0645719 8.21734
0.0646912 8.18812
0.0648106 8.16609
0.0649303 8.13702
0.0650502 8.11503
0.0651703 8.08624
0.0652907 8.06424
0.0654113 8.03601
0.065532 8.01367
0.0656531 7.98586
0.0657743 7.96378
0.0658957 7.93697
0.0660174 7.91493
0.0661393 7.88826
0.0662615 7.86585
0.0663838 7.83919
0.0665064 7.81686
0.0666292 7.79012
0.0667523 7.76816
0.0668755 7.7415
0.066999 7.71952
0.0671227 7.6932
0.0672467 7.67051
0.0673709 7.64474
0.0674953 7.62267
0.0676199 7.59747
0.0677448 7.57522
0.0678699 7.55087
0.0679952 7.52832
0.0681208 7.50421
0.0682466 7.4815
0.0683726 7.45738
0.0684988 7.43474
0.0686253 7.41086
0.0687521 7.38783
0.068879 7.36467
0.0690062 7.34131
0.0691336 7.3186
0.0692613 7.29477
0.0693892 7.27265
0.0695173 7.24852
0.0696457 7.22753
0.0697743 7.20223
0.0699031 7.18303
0.0700322 7.15784
0.0701616 7.13845
0.0702911 7.11341
0.0704209 7.09385
0.070551 7.06913
0.0706812 7.04931
0.0708118 7.02468
0.0709425 7.00499
0.0710735 6.9805
0.0712048 6.96086
0.0713362 6.93677
0.071468 6.91726
0.0716 6.89356
0.0717322 6.87411
0.0718646 6.85097
0.0719973 6.83149
0.0721303 6.80848
0.0722635 6.78901
0.0723969 6.76625
0.0725306 6.74671
0.0726645 6.72412
0.0727987 6.70422
0.0729332 6.68164
0.0730678 6.66206
0.0732028 6.63976
0.0733379 6.62007
0.0734734 6.59813
0.073609 6.57829
0.073745 6.55666
0.0738812 6.53718
0.0740176 6.51625
0.0741543 6.49655
0.0742912 6.47588
0.0744284 6.45568
0.0745658 6.43563
0.0747035 6.41496
0.0748415 6.39529
0.0749797 6.37424
0.0751181 6.35502
0.0752568 6.33294
0.0753958 6.31516
0.075535 6.29237
0.0756745 6.27524
0.0758143 6.2528
0.0759543 6.23603
0.0760945 6.21427
0.076235 6.19751
0.0763758 6.17611
0.0765168 6.15881
0.0766581 6.13746
0.0767997 6.12018
0.0769415 6.09907
0.0770836 6.08185
0.0772259 6.06088
0.0773685 6.04347
0.0775114 6.02267
0.0776545 6.0055
0.0777979 5.98455
0.0779416 5.96756
0.0780855 5.94708
0.0782297 5.93026
0.0783742 5.9104
0.0785189 5.89336
0.0786639 5.87355
0.0788092 5.8565
0.0789547 5.83702
0.0791005 5.81969
0.0792466 5.80038
0.0793929 5.78282
0.0795395 5.76391
0.0796864 5.74624
0.0798335 5.72732
0.0799809 5.70978
0.0801286 5.69114
0.0802766 5.67338
0.0804248 5.6554
0.0805734 5.63788
0.0807221 5.62054
0.0808712 5.60254
0.0810205 5.5855
0.0811702 5.56703
0.08132 5.55056
0.0814702 5.53071
0.0816207 5.51575
0.0817714 5.49598
0.0819224 5.48093
0.0820737 5.46132
0.0822252 5.44621
0.0823771 5.42692
0.0825292 5.41176
0.0826816 5.39272
0.0828342 5.37769
0.0829872 5.35935
0.0831405 5.3444
0.083294 5.32609
0.0834478 5.3111
0.0836019 5.29288
0.0837563 5.27768
0.0839109 5.25959
0.0840659 5.24433
0.0842211 5.22618
0.0843766 5.21116
0.0845325 5.19323
0.0846885 5.17822
0.0848449 5.16058
0.0850016 5.14527
0.0851586 5.12786
0.0853158 5.11293
0.0854734 5.09609
0.0856312 5.08101
0.0857893 5.0643
0.0859478 5.04903
0.0861065 5.03241
0.0862655 5.01716
0.0864248 5.00064
0.0865844 4.98537
0.0867442 4.96912
0.0869044 4.95335
0.0870649 4.93769
0.0872257 4.92168
0.0873868 4.90638
0.0875481 4.89024
0.0877098 4.87541
0.0878718 4.85899
0.088034 4.84517
0.0881966 4.82799
0.0883594 4.81471
0.0885226 4.79776
0.0886861 4.78451
0.0888498 4.76741
0.0890139 4.75425
0.0891783 4.73748
0.089343 4.72397
0.0895079 4.70733
0.0896732 4.69389
0.0898388 4.6773
0.0900047 4.66408
0.0901709 4.6478
0.0903374 4.63457
0.0905043 4.61885
0.0906714 4.60574
0.0908388 4.58986
0.0910066 4.57677
0.0911746 4.56103
0.091343 4.54783
0.0915116 4.53226
0.0916806 4.51894
0.0918499 4.50352
0.0920195 4.49011
0.0921895 4.47493
0.0923597 4.46146
0.0925303 4.44652
0.0927011 4.43293
0.0928723 4.41836
0.0930438 4.40508
0.0932156 4.39063
0.0933877 4.37729
0.0935602 4.36317
0.093733 4.34957
0.0939061 4.33566
0.0940795 4.3219
0.0942532 4.30829
0.0944272 4.29425
0.0946016 4.28099
0.0947763 4.26653
0.0949513 4.25363
0.0951266 4.23812
0.0953023 4.22662
0.0954783 4.21121
0.0956546 4.19982
0.0958312 4.18492
0.0960082 4.17336
0.0961855 4.15872
0.0963631 4.14711
0.0965411 4.13261
0.0967193 4.12078
0.0968979 4.10637
0.0970769 4.09459
0.0972561 4.08026
0.0974357 4.0686
0.0976156 4.05426
0.0977959 4.04248
0.0979765 4.02841
0.0981574 4.01663
0.0983387 4.00258
0.0985203 3.99123
0.0987022 3.97755
0.0988845 3.96613
0.0990671 3.95265
0.09925 3.94093
0.0994333 3.92754
0.0996169 3.91594
0.0998008 3.90268
0.0999851 3.89098
0.10017 3.8779
0.100355 3.86589
0.10054 3.85299
0.100726 3.84107
0.100912 3.82837
0.101098 3.81645
0.101285 3.80403
0.101472 3.79203
0.101659 3.7801
0.101847 3.76795
0.102035 3.75632
0.102223 3.74397
0.102412 3.73241
0.102601 3.71963
0.102791 3.70878
0.102981 3.69525
0.103171 3.68492
0.103361 3.67172
0.103552 3.66137
0.103743 3.64803
0.103935 3.63783
0.104127 3.62487
0.104319 3.61452
0.104512 3.60198
0.104705 3.59173
0.104898 3.57915
0.105092 3.569
0.105286 3.55654
0.10548 3.54626
0.105675 3.53382
0.10587 3.52362
0.106066 3.51115
0.106262 3.50096
0.106458 3.4887
0.106654 3.47841
0.106851 3.46628
0.107049 3.45606
0.107246 3.44414
0.107444 3.43388
0.107643 3.42228
0.107841 3.4121
0.108041 3.40068
0.10824 3.39037
0.10844 3.37915
0.10864 3.3687
0.108841 3.35741
0.109042 3.34697
0.109243 3.33589
0.109445 3.32529
0.109647 3.31442
0.10985 3.30374
0.110052 3.29312
0.110256 3.28228
0.110459 3.27209
0.110663 3.26112
0.110868 3.25121
0.111072 3.23948
0.111277 3.23062
0.111483 3.21888
0.111689 3.20998
0.111895 3.19832
0.112102 3.1893
0.112309 3.1778
0.112516 3.16877
0.112724 3.1574
0.112932 3.14828
0.11314 3.13696
0.113349 3.12782
0.113559 3.11675
0.113768 3.10786
0.113978 3.097
0.114189 3.088
0.1144 3.07733
0.114611 3.06834
0.114823 3.0576
0.115035 3.04872
0.115247 3.03802
0.11546 3.0291
0.115673 3.01848
0.115887 3.00934
0.116101 2.99888
0.116315 2.98991
0.11653 2.97952
0.116745 2.97043
0.116961 2.96034
0.117177 2.9512
0.117393 2.94136
0.11761 2.93232
0.117827 2.92269
0.118045 2.91353
0.118263 2.90393
0.118481 2.89458
0.1187 2.8852
0.118919 2.87574
0.119139 2.86659
0.119359 2.85695
0.119579 2.84798
0.1198 2.83805
0.120021 2.82954
0.120243 2.8191
0.120465 2.81121
0.120687 2.80111
0.12091 2.7933
0.121133 2.78317
0.121357 2.77538
0.121581 2.76544
0.121806 2.75741
0.12203 2.74762
0.122256 2.73963
0.122482 2.72976
0.122708 2.72181
0.122934 2.71208
0.123161 2.70411
0.123389 2.69445
0.123617 2.68653
0.123845 2.67684
0.124074 2.66907
0.124303 2.65967
0.124532 2.65183
0.124762 2.64267
0.124993 2.63478
0.125223 2.6257
0.125455 2.61768
0.125686 2.60857
0.125918 2.6006
0.126151 2.59167
0.126384 2.58361
0.126617 2.57481
0.126851 2.5667
0.127085 2.55784
0.12732 2.54979
0.127555 2.54121
0.127791 2.53319
0.128027 2.52482
0.128263 2.51671
0.1285 2.50864
0.128737 2.50033
0.128975 2.49245
0.129213 2.48392
0.129452 2.47617
0.129691 2.46719
0.12993 2.46013
0.13017 2.45093
0.130411 2.44399
0.130651 2.43487
0.130893 2.42799
0.131134 2.419
0.131376 2.41215
0.131619 2.40347
0.131862 2.39653
0.132106 2.38795
0.13235 2.38101
0.132594 2.37252
0.132839 2.36557
0.133084 2.35719
0.13333 2.35013
0.133576 2.34171
0.133823 2.33473
0.13407 2.32633
0.134317 2.3194
0.134565 2.31107
0.134814 2.30414
0.135063 2.29594
0.135312 2.28893
0.135562 2.28094
0.135812 2.27413
0.136063 2.26626
0.136315 2.25928
0.136566 2.25156
0.136818 2.24447
0.137071 2.23678
0.137324 2.22968
0.137578 2.22208
0.137832 2.21495
0.138086 2.20744
0.138341 2.20016
0.138597 2.19288
0.138853 2.18559
0.139109 2.17845
0.139366 2.1711
0.139623 2.1642
0.139881 2.15678
0.14014 2.15022
0.140398 2.14223
0.140658 2.13612
0.140917 2.12821
0.141177 2.12215
0.141438 2.11416
0.141699 2.10805
0.141961 2.10025
0.142223 2.09406
0.142486 2.08636
0.142749 2.08018
0.143013 2.07253
0.143277 2.06642
0.143541 2.05899
0.143806 2.05294
0.144072 2.04564
0.144338 2.03953
0.144604 2.0322
0.144871 2.02608
0.145139 2.01884
0.145407 2.01269
0.145675 2.00552
0.145944 1.99936
0.146214 1.99228
0.146484 1.98604
0.146754 1.97895
0.147025 1.9728
0.147297 1.96584
0.147569 1.95976
0.147841 1.95295
0.148114 1.94682
0.148388 1.94008
0.148662 1.93395
0.148937 1.92735
0.149212 1.92115
0.149487 1.9146
0.149763 1.90827
0.15004 1.90191
0.150317 1.89543
0.150594 1.88928
0.150872 1.88265
0.151151 1.87661
0.15143 1.86968
0.15171 1.86418
0.15199 1.85714
0.152271 1.85187
0.152552 1.84497
0.152833 1.8397
0.153116 1.83283
0.153398 1.82752
0.153682 1.82075
0.153965 1.81532
0.15425 1.80859
0.154535 1.80315
0.15482 1.79651
0.155106 1.79111
0.155392 1.78453
0.155679 1.77906
0.155967 1.77254
0.156255 1.76715
0.156543 1.76069
0.156832 1.75543
0.157122 1.74912
0.157412 1.74381
0.157703 1.73753
0.157994 1.7321
0.158286 1.72589
0.158578 1.72053
0.158871 1.71438
0.159164 1.70889
0.159458 1.70284
0.159753 1.69731
0.160048 1.69136
0.160343 1.68582
0.160639 1.6799
0.160936 1.67446
0.161233 1.66869
0.161531 1.66323
0.161829 1.65766
0.162128 1.65209
0.162427 1.64662
0.162727 1.64091
0.163028 1.63557
0.163329 1.62974
0.16363 1.62457
0.163933 1.61831
0.164235 1.61361
0.164539 1.6074
0.164842 1.60268
0.165147 1.59652
0.165452 1.59182
0.165757 1.58584
0.166063 1.58111
0.16637 1.57527
0.166677 1.57054
0.166985 1.56473
0.167293 1.56
0.167602 1.55421
0.167912 1.54948
0.168222 1.54375
0.168532 1.53895
0.168844 1.53324
0.169155 1.52845
0.169468 1.52277
0.169781 1.51803
0.170094 1.51244
0.170408 1.50773
0.170723 1.50229
0.171038 1.49753
0.171354 1.49216
0.171671 1.48747
0.171988 1.48212
0.172305 1.4774
0.172623 1.4721
0.172942 1.46731
0.173261 1.46205
0.173581 1.45725
0.173902 1.45206
0.174223 1.44723
0.174545 1.44215
0.174867 1.43721
0.17519 1.43233
0.175514 1.42734
0.175838 1.42261
0.176162 1.41761
0.176488 1.41302
0.176814 1.40778
0.17714 1.4035
0.177467 1.39806
0.177795 1.39391
0.178123 1.3885
0.178452 1.38437
0.178782 1.37897
0.179112 1.37487
0.179443 1.36957
0.179774 1.36537
0.180106 1.36012
0.180438 1.35595
0.180772 1.35083
0.181105 1.34672
0.18144 1.34173
0.181775 1.33755
0.182111 1.3326
0.182447 1.32846
0.182784 1.32345
0.183121 1.3193
0.183459 1.31434
0.183798 1.31017
0.184138 1.30528
0.184478 1.30109
0.184818 1.29622
0.18516 1.29204
0.185502 1.28727
0.185844 1.28308
0.186187 1.27842
0.186531 1.27424
0.186876 1.26972
0.187221 1.26553
0.187566 1.26098
0.187913 1.25678
0.18826 1.25229
0.188607 1.24799
0.188956 1.24362
0.189305 1.23929
0.189654 1.235
0.190004 1.23057
0.190355 1.2264
0.190707 1.22187
0.191059 1.21787
0.191412 1.21303
0.191765 1.20947
0.192119 1.20477
0.192474 1.20115
0.192829 1.19647
0.193186 1.19284
0.193542 1.18821
0.1939 1.18455
0.194258 1.17995
0.194616 1.17626
0.194976 1.17169
0.195336 1.16803
0.195697 1.1635
0.196058 1.15984
0.19642 1.15537
0.196783 1.15171
0.197146 1.1473
0.19751 1.14368
0.197875 1.13935
0.19824 1.13575
0.198606 1.13149
0.198973 1.12786
0.199341 1.12364
0.199709 1.11994
0.200077 1.11573
0.200447 1.11205
0.200817 1.1079
0.201188 1.10419
0.201559 1.10007
0.201932 1.09633
0.202304 1.09226
0.202678 1.08857
0.203052 1.08458
0.203427 1.08094
0.203803 1.07708
0.204179 1.0733
0.204556 1.06955
0.204934 1.06571
0.205312 1.06203
0.205692 1.05813
0.206071 1.05452
0.206452 1.05046
0.206833 1.04707
0.207215 1.04283
0.207598 1.03958
0.207981 1.03543
0.208365 1.03222
0.20875 1.02806
0.209135 1.02492
0.209522 1.02094
0.209908 1.01771
0.210296 1.01376
0.210684 1.01053
0.211073 1.00655
0.211463 1.00336
0.211854 0.999435
0.212245 0.996188
0.212637 0.992301
0.21303 0.989092
0.213423 0.985168
0.213817 0.981964
0.214212 0.978126
0.214607 0.97491
0.215004 0.971151
0.215401 0.967971
0.215799 0.964318
0.216197 0.9611
0.216596 0.957485
0.216996 0.954243
0.217397 0.950665
0.217798 0.947377
0.218201 0.943847
0.218603 0.940579
0.219007 0.937019
0.219412 0.933736
0.219817 0.930269
0.220223 0.92694
0.220629 0.923539
0.221037 0.920208
0.221445 0.916917
0.221854 0.913575
0.222263 0.910418
0.222674 0.906983
0.223085 0.903892
0.223497 0.900193
0.22391 0.897415
0.224323 0.893712
0.224737 0.890921
0.225152 0.887245
0.225568 0.884408
0.225985 0.880795
0.226402 0.877966
0.22682 0.8744
0.227239 0.871552
0.227659 0.868031
0.228079 0.865231
0.2285 0.861824
0.228922 0.859051
0.229345 0.855644
0.229768 0.852818
0.230193 0.849455
0.230618 0.846607
0.231044 0.843226
0.23147 0.840424
0.231898 0.837072
0.232326 0.834268
0.232755 0.830953
0.233185 0.828085
0.233615 0.82483
0.234047 0.822005
0.234479 0.818798
0.234912 0.816004
0.235346 0.812904
0.23578 0.810041
0.236216 0.806972
0.236652 0.804112
0.237089 0.801069
0.237527 0.798208
0.237965 0.795203
0.238405 0.79225
0.238845 0.789328
0.239286 0.786336
0.239728 0.783497
0.240171 0.780466
0.240614 0.777671
0.241058 0.774563
0.241504 0.771964
0.24195 0.768771
0.242396 0.76631
0.242844 0.763169
0.243292 0.760697
0.243742 0.757511
0.244192 0.75507
0.244643 0.75195
0.245094 0.749421
0.245547 0.746343
0.246 0.743845
0.246455 0.740755
0.24691 0.738274
0.247366 0.735221
0.247822 0.732743
0.24828 0.729718
0.248739 0.727308
0.249198 0.724346
0.249658 0.721918
0.250119 0.719009
0.250581 0.716534
0.251044 0.713658
0.251507 0.711188
0.251972 0.708345
0.252437 0.70583
0.252903 0.702994
0.25337 0.700486
0.253838 0.697699
0.254307 0.695176
0.254776 0.692441
0.255247 0.689921
0.255718 0.687199
0.25619 0.68472
0.256663 0.682098
0.257137 0.679593
0.257612 0.677009
0.258088 0.67445
0.258565 0.671923
0.259042 0.669319
0.25952 0.666863
0.26 0.664193
0.26048 0.661783
0.260961 0.658903
0.261443 0.656756
0.261925 0.653892
0.262409 0.651749
0.262894 0.648913
0.263379 0.646785
0.263865 0.644063
0.264353 0.641919
0.264841 0.639231
0.26533 0.637062
0.26582 0.634368
0.266311 0.632197
0.266803 0.629534
0.267295 0.627377
0.267789 0.624727
0.268283 0.622534
0.268779 0.619916
0.269275 0.617738
0.269772 0.615118
0.27027 0.612972
0.27077 0.610399
0.27127 0.608273
0.27177 0.605775
0.272272 0.603608
0.272775 0.601149
0.273279 0.599
0.273783 0.596549
0.274289 0.59437
0.274796 0.591963
0.275303 0.589736
0.275811 0.587353
0.276321 0.585141
0.276831 0.582792
0.277342 0.580565
0.277854 0.578252
0.278367 0.575983
0.278881 0.57375
0.279396 0.571515
0.279912 0.56935
0.280429 0.567071
0.280947 0.564948
0.281466 0.562613
0.281986 0.56058
0.282506 0.558093
0.283028 0.556191
0.283551 0.553734
0.284074 0.551852
0.284599 0.549362
0.285124 0.547489
0.285651 0.545064
0.286178 0.543152
0.286707 0.540778
0.287236 0.538896
0.287767 0.536571
0.288298 0.534703
0.28883 0.532417
0.289364 0.530536
0.289898 0.528254
0.290433 0.52637
0.29097 0.524084
0.291507 0.522198
0.292045 0.519938
0.292585 0.518031
0.293125 0.515816
0.293666 0.51392
0.294208 0.51173
0.294752 0.509808
0.295296 0.507641
0.295841 0.505755
0.296388 0.503673
0.296935 0.501773
0.297483 0.499712
0.298033 0.497804
0.298583 0.495721
0.299134 0.493806
0.299687 0.491783
0.30024 0.489841
0.300795 0.487835
0.30135 0.485863
0.301906 0.483928
0.302464 0.481915
0.303022 0.480027
0.303582 0.477986
0.304143 0.47616
0.304704 0.474047
0.305267 0.472389
0.305831 0.470247
0.306395 0.468615
0.306961 0.466483
0.307528 0.464855
0.308096 0.462729
0.308665 0.461093
0.309235 0.459008
0.309806 0.457346
0.310378 0.455258
0.310951 0.453604
0.311525 0.451549
0.312101 0.449909
0.312677 0.447899
0.313254 0.44625
0.313833 0.444282
0.314412 0.44265
0.314993 0.440696
0.315574 0.439069
0.316157 0.437128
0.316741 0.435489
0.317326 0.433568
0.317912 0.431897
0.318499 0.430007
0.319087 0.428353
0.319676 0.426487
0.320267 0.424804
0.320858 0.422967
0.321451 0.421275
0.322044 0.41947
0.322639 0.417808
0.323235 0.416044
0.323832 0.414389
0.32443 0.41265
0.325029 0.410952
0.325629 0.409267
0.32623 0.407548
0.326833 0.405883
0.327436 0.404125
0.328041 0.4025
0.328646 0.400709
0.329253 0.399159
0.329861 0.397244
0.33047 0.395816
0.331081 0.393936
0.331692 0.392527
0.332305 0.39068
0.332918 0.389266
0.333533 0.387464
0.334149 0.386031
0.334766 0.384248
0.335384 0.382812
0.336003 0.381032
0.336624 0.379595
0.337246 0.377834
0.337868 0.376404
0.338492 0.374654
0.339117 0.373214
0.339743 0.371474
0.340371 0.370033
0.340999 0.368325
0.341629 0.366904
0.34226 0.36525
0.342892 0.363824
0.343525 0.36221
0.344159 0.36076
0.344795 0.359136
0.345432 0.357711
0.34607 0.3561
0.346709 0.354664
0.347349 0.353072
0.34799 0.351618
0.348633 0.350029
0.349277 0.348576
0.349922 0.347036
0.350568 0.345579
0.351215 0.344061
0.351864 0.3426
0.352513 0.341147
0.353164 0.339665
0.353817 0.338259
0.35447 0.336741
0.355125 0.335364
0.35578 0.333763
0.356437 0.332488
0.357095 0.330849
0.357755 0.329614
0.358416 0.327978
0.359077 0.326751
0.35974 0.325129
0.360405 0.323905
0.36107 0.322317
0.361737 0.321087
0.362405 0.319535
0.363074 0.318311
0.363745 0.316799
0.364416 0.315578
0.365089 0.314077
0.365763 0.312829
0.366439 0.311342
0.367116 0.310103
0.367793 0.308602
0.368473 0.307375
0.369153 0.305898
0.369835 0.30466
0.370518 0.303203
0.371202 0.301958
0.371887 0.300528
0.372574 0.299306
0.373262 0.297919
0.373951 0.296679
0.374642 0.295324
0.375334 0.29407
0.376027 0.292732
0.376721 0.291471
0.377417 0.290134
0.378114 0.288878
0.378812 0.287564
0.379511 0.286282
0.380212 0.284997
0.380914 0.283703
0.381618 0.282451
0.382322 0.281131
0.383028 0.279929
0.383736 0.278605
0.384444 0.27745
0.385154 0.276051
0.385866 0.274999
0.386578 0.273608
0.387292 0.272549
0.388007 0.271158
0.388724 0.270097
0.389441 0.26873
0.390161 0.267649
0.390881 0.266298
0.391603 0.265222
0.392326 0.263877
0.39305 0.262818
0.393776 0.261487
0.394503 0.26044
0.395232 0.259147
0.395962 0.258093
0.396693 0.256828
0.397425 0.255764
0.398159 0.254502
0.398895 0.25344
0.399631 0.252199
0.400369 0.251132
0.401108 0.249908
0.401849 0.248827
0.402591 0.247604
0.403335 0.246532
0.404079 0.245324
0.404826 0.244252
0.405573 0.243065
0.406322 0.241997
0.407072 0.24084
0.407824 0.239781
0.408577 0.23865
0.409332 0.237582
0.410088 0.236465
0.410845 0.235367
0.411604 0.234289
0.412364 0.233168
0.413125 0.232113
0.413888 0.230974
0.414652 0.229949
0.415418 0.22876
0.416185 0.227804
0.416954 0.226579
0.417723 0.225669
0.418495 0.224474
0.419268 0.223582
0.420042 0.222404
0.420818 0.221515
0.421595 0.220361
0.422373 0.219446
0.423153 0.218298
0.423934 0.217384
0.424717 0.216242
0.425502 0.215336
0.426287 0.214205
0.427075 0.213287
0.427863 0.212178
0.428653 0.211271
0.429445 0.21016
0.430238 0.209259
0.431032 0.208178
0.431828 0.207283
0.432626 0.206234
0.433425 0.205336
0.434225 0.20429
0.435027 0.203386
0.43583 0.202359
0.436635 0.201441
0.437441 0.200426
0.438249 0.199497
0.439058 0.198499
0.439869 0.197574
0.440681 0.196578
0.441495 0.195657
0.44231 0.194687
0.443127 0.193758
0.443945 0.192826
0.444765 0.191898
0.445586 0.190996
0.446409 0.190045
0.447234 0.189166
0.448059 0.188192
0.448887 0.187338
0.449716 0.186291
0.450546 0.185521
0.451378 0.184483
0.452212 0.183708
0.453047 0.182675
0.453883 0.181903
0.454722 0.180891
0.455561 0.180121
0.456402 0.179135
0.457245 0.178365
0.45809 0.177407
0.458935 0.176642
0.459783 0.175688
0.460632 0.17492
0.461483 0.173975
0.462335 0.173198
0.463189 0.172261
0.464044 0.171483
0.464901 0.170544
0.465759 0.169775
0.466619 0.168855
0.467481 0.168083
0.468344 0.167184
0.469209 0.166411
0.470076 0.165528
0.470944 0.164767
0.471813 0.16391
0.472684 0.163139
0.473557 0.162292
0.474432 0.161512
0.475308 0.160668
0.476186 0.15989
0.477065 0.159058
0.477946 0.158279
0.478828 0.157465
0.479713 0.156658
0.480598 0.155872
0.481486 0.155058
0.482375 0.154298
0.483266 0.15348
0.484158 0.152744
0.485052 0.151918
0.485948 0.151227
0.486845 0.15036
0.487744 0.1497
0.488645 0.148849
0.489547 0.148192
0.490451 0.147328
0.491357 0.146678
0.492264 0.145832
0.493173 0.145172
0.494084 0.144333
0.494996 0.143679
0.495911 0.142846
0.496826 0.142203
0.497744 0.141392
0.498663 0.140749
0.499584 0.139965
0.500506 0.139328
0.50143 0.138538
0.502356 0.137894
0.503284 0.137118
0.504213 0.136468
0.505144 0.135703
0.506077 0.135053
0.507012 0.134296
0.507948 0.133641
0.508886 0.132894
0.509826 0.132237
0.510767 0.131508
0.51171 0.130848
0.512655 0.130141
0.513602 0.129498
0.51455 0.128801
0.515501 0.128149
0.516453 0.127468
0.517406 0.126806
0.518362 0.126134
0.519319 0.125464
0.520278 0.124811
0.521239 0.124124
0.522201 0.123494
0.523165 0.122792
0.524131 0.122177
0.525099 0.121424
0.526069 0.120885
0.52704 0.120146
0.528014 0.119611
0.528989 0.118896
0.529966 0.118353
0.530944 0.117648
0.531925 0.117104
0.532907 0.116406
0.533891 0.115861
0.534877 0.115161
0.535865 0.114615
0.536854 0.113928
0.537845 0.113388
0.538839 0.112702
0.539834 0.112157
0.54083 0.111488
0.541829 0.110946
0.54283 0.110286
0.543832 0.109757
0.544836 0.109119
0.545842 0.108588
0.54685 0.107956
0.54786 0.107413
0.548872 0.106791
0.549885 0.106251
0.550901 0.105633
0.551918 0.105089
0.552937 0.104481
0.553958 0.103927
0.554981 0.103332
0.556006 0.102781
0.557033 0.102196
0.558061 0.101651
0.559092 0.101084
0.560124 0.100534
0.561159 0.0999927
0.562195 0.0994334
0.563233 0.0989048
0.564273 0.0983355
0.565315 0.0978174
0.566359 0.0972283
0.567405 0.0967395
0.568453 0.0961186
0.569502 0.0956607
0.570554 0.095052
0.571608 0.0945965
0.572663 0.0939837
0.573721 0.0935417
0.57478 0.0929477
0.575842 0.0924983
0.576905 0.0919308
0.57797 0.0914842
0.579037 0.0909158
0.580107 0.0904697
0.581178 0.0899075
0.582251 0.0894561
0.583326 0.0888952
0.584404 0.0884528
0.585483 0.0878933
0.586564 0.0874484
0.587647 0.0868991
0.588732 0.0864489
0.589819 0.0859128
0.590908 0.0854675
0.592 0.0849466
0.593093 0.0845037
0.594188 0.0839973
0.595285 0.0835532
0.596385 0.0830569
0.597486 0.0826068
0.598589 0.0821159
0.599694 0.0816642
0.600802 0.0811751
0.601911 0.0807221
0.603023 0.0802457
0.604136 0.0797885
0.605252 0.0793202
0.60637 0.078854
0.607489 0.0784041
0.608611 0.0779341
0.609735 0.0775042
0.610861 0.0770373
0.611989 0.0766224
0.613119 0.0761203
0.614251 0.0757496
0.615386 0.075245
0.616522 0.0748754
0.61766 0.0743727
0.618801 0.0740026
0.619944 0.0735091
0.621088 0.0731381
0.622235 0.0726507
0.623384 0.0722808
0.624535 0.0717947
0.625689 0.0714276
0.626844 0.0709547
0.628002 0.0705973
0.629161 0.0701455
0.630323 0.0697788
0.631487 0.069331
0.632653 0.0689668
0.633821 0.0685183
0.634992 0.0681555
0.636164 0.0677131
0.637339 0.0673476
0.638516 0.0669092
0.639695 0.0665398
0.640876 0.0661101
0.64206 0.0657449
0.643246 0.0653233
0.644433 0.0649565
0.645623 0.0645487
0.646816 0.064185
0.64801 0.0637914
0.649207 0.0634272
0.650405 0.0630402
0.651606 0.0626713
0.65281 0.0622897
0.654015 0.0619138
0.655223 0.0615404
0.656433 0.0611613
0.657645 0.0607989
0.658859 0.0604097
0.660076 0.0600585
0.661295 0.059661
0.662516 0.0593306
0.66374 0.0589083
0.664965 0.0586117
0.666193 0.0582136
0.667423 0.0579171
0.668656 0.0575133
0.669891 0.0572186
0.671128 0.0568226
0.672367 0.0565227
0.673608 0.0561308
0.674852 0.0558314
0.676099 0.0554425
0.677347 0.0551441
0.678598 0.05476
0.679851 0.0544647
0.681106 0.0540838
0.682364 0.0537896
0.683624 0.0534171
0.684887 0.0531279
0.686151 0.0527723
0.687418 0.0524805
0.688688 0.0521322
0.689959 0.0518392
0.691233 0.0514934
0.69251 0.0511967
0.693789 0.050853
0.69507 0.0505568
0.696353 0.0502205
0.697639 0.0499224
0.698928 0.0495912
0.700218 0.0492933
0.701511 0.048966
0.702807 0.0486692
0.704104 0.0483563
0.705405 0.0480628
0.706707 0.0477611
0.708012 0.0474629
0.70932 0.0471713
0.710629 0.0468651
0.711942 0.0465805
0.713256 0.0462675
0.714574 0.0459919
0.715893 0.0456589
0.717215 0.04541
0.718539 0.0450709
0.719866 0.0448294
0.721196 0.0444945
0.722527 0.0442579
0.723862 0.0439268
0.725198 0.0436939
0.726537 0.0433825
0.727879 0.0431478
0.729223 0.0428356
0.73057 0.0426007
0.731919 0.0422934
0.73327 0.0420588
0.734624 0.0417559
0.735981 0.041517
0.73734 0.0412165
0.738702 0.0409799
0.740066 0.0406818
0.741432 0.0404471
0.742801 0.0401548
0.744173 0.0399207
0.745547 0.0396346
0.746924 0.0394043
0.748303 0.0391321
0.749685 0.0389015
0.75107 0.0386347
0.752456 0.0383998
0.753846 0.0381368
0.755238 0.0378995
0.756633 0.0376395
0.75803 0.0374014
0.75943 0.0371459
0.760832 0.0369074
0.762237 0.0366564
0.763644 0.0364139
0.765055 0.0361735
0.766467 0.0359291
0.767883 0.0356984
0.769301 0.0354545
0.770721 0.0352355
0.772145 0.0349877
0.77357 0.0347793
0.774999 0.0345106
0.77643 0.0343221
0.777864 0.0340575
0.7793 0.0338677
0.780739 0.0336047
0.782181 0.0334152
0.783625 0.0331567
0.785072 0.0329661
0.786522 0.0327104
0.787974 0.0325234
0.78943 0.0322724
0.790887 0.0320884
0.792348 0.0318504
0.793811 0.0316686
0.795277 0.0314331
0.796745 0.0312484
0.798217 0.0310155
0.799691 0.0308292
0.801167 0.0305979
0.802647 0.0304121
0.804129 0.0301856
0.805614 0.0299986
0.807101 0.0297761
0.808592 0.0295878
0.810085 0.0293673
0.811581 0.0291843
0.81308 0.0289681
0.814581 0.0287882
0.816085 0.0285831
0.817592 0.0284019
0.819102 0.0281994
0.820615 0.0280155
0.82213 0.0278195
0.823648 0.0276334
0.825169 0.0274386
0.826693 0.0272494
0.828219 0.0270618
0.829749 0.0268678
0.831281 0.0266877
0.832816 0.0264893
0.834354 0.0263173
0.835895 0.0261082
0.837438 0.0259554
0.838985 0.0257484
0.840534 0.025603
0.842086 0.0253986
0.843641 0.0252543
0.845199 0.0250511
0.84676 0.0249067
0.848323 0.0247065
0.84989 0.0245603
0.851459 0.0243605
0.853031 0.0242151
0.854607 0.0240192
0.856185 0.0238754
0.857766 0.0236825
0.85935 0.023537
0.860937 0.0233496
0.862526 0.0232099
0.864119 0.023028
0.865715 0.0228885
0.867313 0.0227118
0.868915 0.0225707
0.87052 0.0223962
0.872127 0.0222538
0.873738 0.0220804
0.875351 0.0219383
0.876967 0.0217691
0.878587 0.0216248
0.880209 0.0214585
0.881835 0.0213137
0.883463 0.0211522
0.885094 0.0210062
0.886729 0.0208492
0.888366 0.0207079
0.890007 0.0205588
0.89165 0.0204156
0.893297 0.0202709
0.894946 0.0201246
0.896599 0.0199847
0.898255 0.0198334
0.899913 0.0196984
0.901575 0.0195433
0.90324 0.019415
0.904908 0.0192466
0.906579 0.0191335
0.908253 0.0189678
0.90993 0.0188552
0.911611 0.0186922
0.913294 0.018583
0.91498 0.0184286
0.91667 0.0183183
0.918363 0.0181677
0.920059 0.0180572
0.921758 0.0179072
0.92346 0.0177976
0.925165 0.0176489
0.926873 0.0175393
0.928585 0.017392
0.9303 0.0172814
0.932018 0.0171374
0.933739 0.0170262
0.935463 0.0168834
0.93719 0.0167743
0.938921 0.0166359
0.940655 0.0165287
0.942392 0.0163976
0.944132 0.0162899
0.945875 0.0161615
0.947622 0.0160536
0.949372 0.0159263
0.951125 0.0158174
0.952881 0.015692
0.954641 0.0155826
0.956404 0.01546
0.95817 0.015349
0.959939 0.0152294
0.961712 0.015118
0.963488 0.0150013
0.965267 0.0148886
0.967049 0.0147784
0.968835 0.0146662
0.970624 0.014562
0.972417 0.0144484
0.974212 0.0143496
0.976011 0.0142291
0.977814 0.014138
0.979619 0.0140118
0.981428 0.013926
0.983241 0.013801
0.985056 0.0137167
0.986875 0.0135924
0.988698 0.0135087
0.990523 0.0133872
0.992352 0.0133033
0.994185 0.0131842
0.996021 0.0131019
0.99786 0.0129885
0.999703 0.0129079
1.00155 0.0127974
1.0034 0.0127152
1.00525 0.0126067
1.00711 0.0125253
1.00897 0.0124167
1.01083 0.012334
1.0127 0.0122275
1.01457 0.012145
1.01644 0.0120399
1.01832 0.0119578
1.0202 0.0118547
1.02208 0.0117726
1.02397 0.0116733
1.02586 0.0115923
1.02775 0.0114978
1.02965 0.0114168
1.03155 0.0113257
1.03346 0.0112441
1.03537 0.0111537
1.03728 0.0110714
1.03919 0.0109831
1.04111 0.0108991
1.04304 0.0108134
1.04496 0.0107275
1.04689 0.0106451
1.04882 0.0105572
1.05076 0.010479
1.0527 0.0103886
1.05465 0.0103159
1.05659 0.01022
1.05854 0.0101586
1.0605 0.0100662
1.06246 0.0100043
1.06442 0.00991227
1.06638 0.00984997
1.06835 0.00975914
1.07033 0.0096969
1.0723 0.00960695
1.07428 0.00954398
1.07627 0.00945559
1.07825 0.00939346
1.08025 0.009306
1.08224 0.00924497
1.08424 0.00915908
1.08624 0.00909874
1.08825 0.00901806
1.09026 0.00895788
1.09227 0.00887949
1.09429 0.00881975
1.09631 0.00874203
1.09833 0.00868191
1.10036 0.00860532
1.10239 0.00854434
1.10443 0.00846869
1.10647 0.00840801
1.10851 0.00833374
1.11056 0.00827245
1.11261 0.00820014
1.11466 0.0081387
1.11672 0.00806897
1.11878 0.00800855
1.12085 0.00794242
1.12292 0.00788284
1.12499 0.00781967
1.12707 0.00775759
1.12915 0.00769651
1.13124 0.00763287
1.13333 0.00757388
1.13542 0.00750855
1.13751 0.00745194
1.13962 0.0073834
1.14172 0.00733129
1.14383 0.00725832
1.14594 0.00721182
1.14806 0.00714075
1.15018 0.00709558
1.1523 0.0070268
1.15443 0.0069827
1.15656 0.0069174
1.1587 0.00687246
1.16083 0.00680748
1.16298 0.00676274
1.16513 0.00669812
1.16728 0.0066532
1.16943 0.00658946
1.17159 0.00654444
1.17376 0.00648151
1.17592 0.006437
1.1781 0.00637499
1.18027 0.00633052
1.18245 0.00627029
1.18463 0.00622682
1.18682 0.0061696
1.18901 0.00612673
1.19121 0.00607213
1.19341 0.0060285
1.19561 0.00597451
1.19782 0.0059304
1.20003 0.0058774
1.20225 0.00583272
1.20447 0.00578078
1.20669 0.00573576
1.20892 0.00568495
1.21115 0.00563945
1.21339 0.00559038
1.21563 0.00554436
1.21787 0.00549741
1.22012 0.00545197
1.22238 0.00540821
1.22463 0.00536243
1.2269 0.00532138
1.22916 0.00527375
1.23143 0.00523456
1.2337 0.00518127
1.23598 0.00514837
1.23826 0.00509559
1.24055 0.00506264
1.24284 0.00501048
1.24514 0.00497723
1.24744 0.00492619
1.24974 0.00489339
1.25205 0.00484335
1.25436 0.00481146
1.25668 0.00476351
1.259 0.004732
1.26132 0.00468663
1.26365 0.0046553
1.26598 0.00461
1.26832 0.00457803
1.27066 0.00453358
1.27301 0.00450143
1.27536 0.00445725
1.27772 0.00442544
1.28008 0.00438181
1.28244 0.00434996
1.28481 0.00430715
1.28718 0.00427499
1.28956 0.0042339
1.29194 0.00420262
1.29432 0.0041633
1.29671 0.00413255
1.29911 0.00409537
1.30151 0.00406388
1.30391 0.00402743
1.30632 0.00399546
1.30873 0.00396
1.31115 0.00392732
1.31357 0.00389257
1.31599 0.00385925
1.31842 0.00382563
1.32086 0.0037916
1.3233 0.00375974
1.32574 0.00372481
1.32819 0.00369519
1.33064 0.00365939
1.3331 0.00363294
1.33556 0.00359569
1.33803 0.00357263
1.3405 0.00353589
1.34297 0.00351266
1.34545 0.0034759
1.34794 0.00345293
1.35043 0.0034165
1.35292 0.00339317
1.35542 0.00335743
1.35792 0.00333424
1.36043 0.00329899
1.36294 0.00327594
1.36546 0.00324149
1.36798 0.00321887
1.37051 0.00318606
1.37304 0.00316434
1.37557 0.00313312
1.37811 0.00311118
1.38066 0.00308041
1.38321 0.00305804
1.38576 0.0030277
1.38832 0.00300526
1.39088 0.00297551
1.39345 0.00295265
1.39603 0.00292338
1.3986 0.00290043
1.40119 0.00287198
1.40377 0.00284905
1.40637 0.00282156
1.40896 0.00279895
1.41157 0.0027728
1.41417 0.00275073
1.41678 0.00272634
1.4194 0.00270376
1.42202 0.00267986
1.42465 0.0026565
1.42728 0.00263355
1.42991 0.0026092
1.43255 0.00258735
1.4352 0.00256195
1.43785 0.00254145
1.4405 0.00251343
1.44316 0.00249633
1.44583 0.00246814
1.4485 0.00245204
1.45117 0.00242496
1.45385 0.00240932
1.45654 0.00238425
1.45923 0.00236843
1.46192 0.00234351
1.46462 0.0023277
1.46733 0.00230274
1.47004 0.0022868
1.47275 0.00226216
1.47547 0.00224624
1.47819 0.00222207
1.48092 0.00220592
1.48366 0.00218211
1.4864 0.00216622
1.48914 0.00214294
1.49189 0.00212743
1.49465 0.00210529
1.49741 0.00209018
1.50017 0.00206937
1.50294 0.002054
1.50572 0.00203353
1.5085 0.00201801
1.51129 0.00199787
1.51408 0.00198212
1.51687 0.00196243
1.51967 0.00194634
1.52248 0.001927
1.52529 0.00191077
1.52811 0.00189217
1.53093 0.00187565
1.53376 0.00185785
1.53659 0.00184144
1.53943 0.00182476
1.54227 0.00180878
1.54512 0.00179345
1.54797 0.00177663
1.55083 0.001762
1.55369 0.00174409
1.55656 0.00173074
1.55944 0.00171087
1.56231 0.00169952
1.5652 0.00167997
1.56809 0.00166863
1.57099 0.00164914
1.57389 0.00163803
1.57679 0.001619
1.5797 0.00160811
1.58262 0.00158984
1.58554 0.00157935
1.58847 0.0015625
1.59141 0.00155182
1.59434 0.00153512
1.59729 0.00152444
1.60024 0.00150787
1.60319 0.00149698
1.60615 0.00148057
1.60912 0.00146962
1.61209 0.00145351
1.61507 0.00144249
1.61805 0.00142672
1.62104 0.00141573
1.62403 0.00140043
1.62703 0.00138959
1.63003 0.00137498
1.63304 0.00136451
1.63606 0.00135102
1.63908 0.00134051
1.64211 0.00132711
1.64514 0.0013163
1.64818 0.0013032
1.65122 0.0012921
1.65427 0.00127951
1.65733 0.00126804
1.66039 0.00125576
1.66345 0.00124403
1.66652 0.0012324
1.6696 0.00122031
1.67268 0.00120942
1.67577 0.00119698
1.67887 0.00118733
1.68197 0.00117456
1.68507 0.0011665
1.68819 0.00115311
1.6913 0.00114563
1.69443 0.00113229
1.69756 0.00112482
1.70069 0.00111158
1.70383 0.00110406
1.70698 0.00109094
1.71013 0.00108338
1.71329 0.00107049
1.71645 0.00106298
1.71962 0.00105034
1.7228 0.00104303
1.72598 0.00103094
1.72916 0.00102385
1.73236 0.0010128
1.73556 0.00100564
1.73876 0.00099464
1.74197 0.000987424
1.74519 0.00097657
1.74841 0.000969225
1.75164 0.000958517
1.75487 0.000951053
1.75812 0.000940502
1.76136 0.000933007
1.76461 0.000922791
1.76787 0.000915194
1.77114 0.000905293
1.77441 0.000897741
1.77768 0.000888384
1.78097 0.00088118
1.78426 0.000872602
1.78755 0.000865201
1.79085 0.000856801
1.79416 0.000849118
1.79747 0.000841098
1.80079 0.000833089
1.80412 0.000825358
1.80745 0.000816922
1.81079 0.000809697
1.81413 0.000800726
1.81748 0.000794244
1.82084 0.000784105
1.8242 0.000779028
1.82757 0.000769266
1.83094 0.000764401
1.83432 0.000755604
1.83771 0.000750699
1.8411 0.000741954
1.8445 0.000736961
1.84791 0.000728232
1.85132 0.000723246
1.85474 0.000714587
1.85816 0.000709524
1.8616 0.000701023
1.86503 0.000696
1.86848 0.000687558
1.87193 0.000682501
1.87538 0.000674289
1.87885 0.000669304
1.88232 0.00066139
1.88579 0.000656698
1.88928 0.000649574
1.89276 0.000644764
1.89626 0.00063771
1.89976 0.000632806
1.90327 0.000625816
1.90678 0.00062088
1.9103 0.000613988
1.91383 0.000608925
1.91737 0.000602192
1.92091 0.000597052
1.92445 0.000590517
1.92801 0.000585239
1.93157 0.000579045
1.93514 0.000573722
1.93871 0.000567897
1.94229 0.000562842
1.94588 0.000557625
1.94947 0.000552291
1.95307 0.000547343
1.95667 0.000541654
1.96029 0.000537069
1.96391 0.0005307
1.96753 0.000526801
1.97117 0.000520001
1.97481 0.000516563
1.97845 0.000509825
1.98211 0.000506437
1.98577 0.000499823
1.98943 0.000496494
1.99311 0.000490069
1.99679 0.000486944
2.00048 0.000481167
2.00417 0.000477972
2.00787 0.00047229
2.01158 0.000469066
2.01529 0.00046341
2.01902 0.000460105
2.02274 0.000454522
2.02648 0.000451235
2.03022 0.000445666
2.03397 0.000442333
2.03773 0.000436894
2.04149 0.000433543
2.04526 0.00042825
2.04904 0.000424933
2.05282 0.000419819
2.05661 0.000416697
2.06041 0.00041215
2.06421 0.000408933
2.06802 0.000404454
2.07184 0.000401152
2.07567 0.000396787
2.0795 0.00039334
2.08334 0.000389085
2.08719 0.000385546
2.09104 0.000381432
2.0949 0.000377777
2.09877 0.000373853
2.10265 0.000370081
2.10653 0.000366382
2.11042 0.000362451
2.11432 0.000359153
2.11822 0.000355269
2.12213 0.000352494
2.12605 0.000348008
2.12998 0.000345845
2.13391 0.000341386
2.13785 0.000339191
2.1418 0.00033477
2.14576 0.000332557
2.14972 0.000328164
2.15369 0.000325924
2.15766 0.000321595
2.16165 0.000319359
2.16564 0.000315102
2.16964 0.000312935
2.17365 0.00030879
2.17766 0.000306745
2.18168 0.000303035
2.18571 0.000300957
2.18975 0.000297335
2.19379 0.000295201
2.19784 0.00029159
2.2019 0.000289436
2.20597 0.000285883
2.21004 0.000283685
2.21412 0.000280188
2.21821 0.000277954
2.2223 0.000274516
2.22641 0.000272256
2.23052 0.000268929
2.23464 0.000266654
2.23876 0.000263488
2.2429 0.000261362
2.24704 0.00025853
2.25119 0.000256343
2.25535 0.000253599
2.25951 0.000251317
2.26368 0.000248658
2.26786 0.000246267
2.27205 0.000243735
2.27625 0.000241194
2.28045 0.000238812
2.28466 0.000236096
2.28888 0.000233936
2.29311 0.000230908
2.29734 0.000229125
2.30158 0.000225845
2.30583 0.000224475
2.31009 0.00022155
2.31436 0.000220188
2.31863 0.000217317
2.32291 0.000215935
2.3272 0.000213089
2.3315 0.000211681
2.33581 0.00020885
2.34012 0.000207425
2.34444 0.000204611
2.34877 0.000203176
2.35311 0.000200404
2.35745 0.000198958
2.36181 0.000196244
2.36617 0.000194828
2.37054 0.000192197
2.37491 0.000190852
2.3793 0.00018849
2.38369 0.000187141
2.38809 0.000184855
2.3925 0.000183473
2.39692 0.000181207
2.40135 0.000179785
2.40578 0.000177562
2.41023 0.000176095
2.41468 0.000173919
2.41914 0.000172405
2.4236 0.000170297
2.42808 0.000168754
2.43256 0.000166723
2.43705 0.000165152
2.44155 0.000163256
2.44606 0.000161753
2.45058 0.00016007
2.4551 0.000158511
2.45964 0.000156948
2.46418 0.000155281
2.46873 0.000153813
2.47329 0.000151975
2.47786 0.000150672
2.48243 0.000148473
2.48702 0.000147536
2.49161 0.000145361
2.49621 0.000144432
2.50082 0.000142286
2.50544 0.000141356
2.51006 0.00013927
2.5147 0.000138401
2.51934 0.000136527
2.52399 0.000135651
2.52866 0.000133852
2.53333 0.000132965
2.538 0.000131166
2.54269 0.000130273
2.54739 0.000128478
2.55209 0.000127562
2.5568 0.0001258
2.56152 0.000124857
2.56625 0.000123123
2.57099 0.000122186
2.57574 0.000120476
2.5805 0.000119544
2.58526 0.000117905
2.59004 0.000117021
2.59482 0.000115547
2.59961 0.000114668
2.60441 0.000113258
2.60922 0.000112341
2.61404 0.000110965
2.61886 0.000110006
2.6237 0.000108661
2.62855 0.000107661
2.6334 0.000106353
2.63826 0.000105317
2.64313 0.000104073
2.64801 0.000102976
2.6529 0.000101808
2.6578 0.000100674
2.66271 9.96183e-05
2.66763 9.84926e-05
2.67255 9.75963e-05
2.67749 9.63759e-05
2.68243 9.56401e-05
2.68739 9.42439e-05
2.69235 9.36673e-05
2.69732 9.22819e-05
2.7023 9.16942e-05
2.70729 9.03084e-05
2.71229 8.97155e-05
2.7173 8.83511e-05
2.72232 8.77514e-05
2.72735 8.64082e-05
2.73238 8.58208e-05
2.73743 8.45091e-05
2.74248 8.39574e-05
2.74755 8.27696e-05
2.75262 8.22225e-05
2.7577 8.10979e-05
2.7628 8.05393e-05
2.7679 7.94228e-05
2.77301 7.88542e-05
2.77813 7.77465e-05
2.78326 7.7156e-05
2.7884 7.60607e-05
2.79355 7.54631e-05
2.79871 7.43902e-05
2.80387 7.37726e-05
2.80905 7.27269e-05
2.81424 7.21129e-05
2.81944 7.11127e-05
2.82464 7.05254e-05
2.82986 6.96306e-05
2.83508 6.90363e-05
2.84032 6.82063e-05
2.84556 6.75832e-05
2.85082 6.67738e-05
2.85608 6.61123e-05
2.86136 6.53371e-05
2.86664 6.46346e-05
2.87193 6.39038e-05
2.87724 6.31414e-05
2.88255 6.24737e-05
2.88787 6.16389e-05
2.89321 6.10582e-05
2.89855 6.00388e-05
2.9039 5.96884e-05
2.90926 5.87675e-05
2.91464 5.84275e-05
2.92002 5.7561e-05
2.92541 5.72061e-05
2.93081 5.63481e-05
2.93623 5.59855e-05
2.94165 5.51295e-05
2.94708 5.47633e-05
2.95252 5.39083e-05
2.95797 5.35326e-05
2.96344 5.26904e-05
2.96891 5.2316e-05
2.97439 5.14818e-05
2.97988 5.11076e-05
2.98539 5.03014e-05
2.9909 4.99508e-05
2.99642 4.92188e-05
3.00195 4.88755e-05
3.0075 4.81868e-05
3.01305 4.78353e-05
3.01862 4.71528e-05
3.02419 4.67867e-05
3.02977 4.6117e-05
3.03537 4.57345e-05
3.04097 4.50758e-05
3.04659 4.46805e-05
3.05222 4.40424e-05
3.05785 4.36303e-05
3.0635 4.30133e-05
3.06916 4.25964e-05
3.07482 4.2017e-05
3.0805 4.16108e-05
3.08619 4.10955e-05
3.09189 4.06877e-05
3.0976 4.02198e-05
3.10332 3.97802e-05
3.10905 3.93463e-05
3.11479 3.88612e-05
3.12054 3.84651e-05
3.1263 3.79144e-05
3.13208 3.75837e-05
3.13786 3.69389e-05
3.14365 3.67041e-05
3.14946 3.60661e-05
3.15528 3.58347e-05
3.1611 3.5209e-05
3.16694 3.49927e-05
3.17279 3.44237e-05
3.17865 3.42144e-05
3.18452 3.36878e-05
3.1904 3.34711e-05
3.19629 3.29485e-05
3.20219 3.27266e-05
3.2081 3.2205e-05
3.21403 3.19763e-05
3.21996 3.1459e-05
3.22591 3.12291e-05
3.23187 3.0714e-05
3.23783 3.04808e-05
3.24381 2.99767e-05
3.2498 2.97408e-05
3.2558 2.92529e-05
3.26182 2.90303e-05
3.26784 2.859e-05
3.27387 2.8373e-05
3.27992 2.79673e-05
3.28598 2.77388e-05
3.29204 2.73413e-05
3.29812 2.71025e-05
3.30421 2.67139e-05
3.31031 2.64639e-05
3.31643 2.60828e-05
3.32255 2.58185e-05
3.32869 2.54541e-05
3.33483 2.51772e-05
3.34099 2.48316e-05
3.34716 2.45385e-05
3.35334 2.42243e-05
3.35953 2.39281e-05
3.36574 2.36636e-05
3.37195 2.33572e-05
3.37818 2.3137e-05
3.38442 2.27649e-05
3.39067 2.26114e-05
3.39693 2.22181e-05
3.4032 2.20809e-05
3.40949 2.16875e-05
3.41578 2.15468e-05
3.42209 2.1159e-05
3.42841 2.10164e-05
3.43474 2.06328e-05
3.44108 2.04924e-05
3.44744 2.01159e-05
3.4538 1.99832e-05
3.46018 1.9639e-05
3.46657 1.95117e-05
3.47297 1.92014e-05
3.47939 1.90695e-05
3.48581 1.87587e-05
3.49225 1.86251e-05
3.4987 1.83159e-05
3.50516 1.81772e-05
3.51163 1.78716e-05
3.51811 1.77278e-05
3.52461 1.74256e-05
3.53112 1.72792e-05
3.53764 1.69842e-05
3.54417 1.68359e-05
3.55072 1.65512e-05
3.55727 1.64081e-05
3.56384 1.61532e-05
3.57042 1.60144e-05
3.57702 1.57845e-05
3.58362 1.56373e-05
3.59024 1.54157e-05
3.59687 1.52575e-05
3.60351 1.50435e-05
3.61017 1.48746e-05
3.61683 1.46711e-05
3.62351 1.44867e-05
3.6302 1.42979e-05
3.63691 1.40955e-05
3.64362 1.39279e-05
3.65035 1.36995e-05
3.65709 1.35671e-05
3.66384 1.33095e-05
3.67061 1.32336e-05
3.67739 1.30038e-05
3.68418 1.29255e-05
3.69098 1.26955e-05
3.6978 1.26153e-05
3.70463 1.2385e-05
3.71147 1.23043e-05
3.71832 1.20745e-05
3.72519 1.19912e-05
3.73207 1.1763e-05
3.73896 1.1678e-05
3.74586 1.14534e-05
3.75278 1.1369e-05
3.75971 1.11488e-05
3.76665 1.10682e-05
3.77361 1.08659e-05
3.78058 1.07903e-05
3.78756 1.06111e-05
3.79455 1.05322e-05
3.80156 1.03544e-05
3.80858 1.02721e-05
3.81561 1.00962e-05
3.82266 1.0011e-05
3.82972 9.83707e-06
3.83679 9.74758e-06
3.84387 9.57713e-06
3.85097 9.48573e-06
3.85808 9.31968e-06
3.86521 9.22383e-06
3.87234 9.06685e-06
3.87949 8.97263e-06
3.88666 8.83349e-06
3.89384 8.7427e-06
3.90103 8.62112e-06
3.90823 8.52257e-06
3.91545 8.408e-06
3.92268 8.29816e-06
3.92992 8.19416e-06
3.93718 8.07009e-06
3.94445 7.97849e-06
3.95173 7.82732e-06
3.95903 7.7634e-06
3.96634 7.59865e-06
3.97366 7.54964e-06
3.981 7.38737e-06
3.98835 7.34077e-06
3.99572 7.19061e-06
4.0031 7.14773e-06
4.01049 7.01603e-06
4.01789 6.97169e-06
4.02531 6.84081e-06
4.03275 6.79505e-06
4.04019 6.66444e-06
4.04765 6.61736e-06
4.05513 6.48729e-06
4.06262 6.4387e-06
4.07012 6.30958e-06
4.07763 6.25999e-06
4.08516 6.13233e-06
4.09271 6.0832e-06
4.10027 5.95841e-06
4.10784 5.91087e-06
4.11542 5.79625e-06
4.12302 5.75176e-06
4.13064 5.65262e-06
4.13826 5.6063e-06
4.14591 5.50867e-06
4.15356 5.45914e-06
4.16123 5.3633e-06
4.16892 5.3108e-06
4.17661 5.21735e-06
4.18433 5.16168e-06
4.19205 5.07097e-06
4.19979 5.01177e-06
4.20755 4.92529e-06
4.21532 4.86198e-06
4.2231 4.78297e-06
4.2309 4.71803e-06
4.23871 4.65002e-06
4.24654 4.58687e-06
4.25438 4.53217e-06
4.26224 4.45843e-06
4.27011 4.41374e-06
4.278 4.32128e-06
4.2859 4.29443e-06
4.29381 4.2021e-06
4.30174 4.17442e-06
4.30968 4.08252e-06
4.31764 4.05454e-06
4.32561 3.96322e-06
4.3336 3.93529e-06
4.3416 3.84501e-06
4.34962 3.81856e-06
4.35765 3.73428e-06
4.3657 3.71061e-06
4.37376 3.63885e-06
4.38184 3.61424e-06
4.38993 3.54256e-06
4.39804 3.5168e-06
4.40616 3.44581e-06
4.41429 3.41908e-06
4.42245 3.34799e-06
4.43061 3.32056e-06
4.43879 3.25031e-06
4.44699 3.2218e-06
4.4552 3.15267e-06
4.46343 3.12359e-06
4.47167 3.05667e-06
4.47993 3.0282e-06
4.4882 2.96664e-06
4.49649 2.94058e-06
4.50479 2.88885e-06
4.51311 2.86108e-06
4.52144 2.81081e-06
4.52979 2.78039e-06
4.53816 2.73196e-06
4.54654 2.69903e-06
4.55493 2.6525e-06
4.56335 2.61656e-06
4.57177 2.57324e-06
4.58021 2.53322e-06
4.58867 2.49405e-06
4.59715 2.44911e-06
4.60564 2.41629e-06
4.61414 2.36413e-06
4.62266 2.34366e-06
4.6312 2.29429e-06
4.63975 2.28079e-06
4.64832 2.23129e-06
4.6569 2.21753e-06
4.6655 2.16801e-06
4.67411 2.15375e-06
4.68275 2.10428e-06
4.69139 2.08959e-06
4.70006 2.0401e-06
4.70874 2.025e-06
4.71743 1.97615e-06
4.72614 1.96115e-06
4.73487 1.91293e-06
4.74361 1.89824e-06
4.75237 1.85301e-06
4.76115 1.84037e-06
4.76994 1.80269e-06
4.77875 1.78943e-06
4.78757 1.75205e-06
4.79641 1.73814e-06
4.80527 1.70113e-06
4.81414 1.68655e-06
4.82303 1.64967e-06
4.83194 1.63419e-06
4.84086 1.59818e-06
4.8498 1.58193e-06
4.85876 1.54666e-06
4.86773 1.52974e-06
4.87672 1.49596e-06
4.88572 1.47846e-06
4.89475 1.44791e-06
4.90378 1.4325e-06
4.91284 1.4077e-06
4.92191 1.3905e-06
4.931 1.36713e-06
4.94011 1.34811e-06
4.94923 1.32625e-06
4.95837 1.30464e-06
4.96752 1.28515e-06
4.9767 1.25961e-06
4.98589 1.24382e-06
4.99509 1.21065e-06
5.00432 1.20266e-06
5.01356 1.16984e-06
5.02282 1.16205e-06
5.03209 1.13072e-06
5.04138 1.12413e-06
5.05069 1.09892e-06
5.06002 1.09197e-06
5.06936 1.06682e-06
5.07873 1.05963e-06
5.0881 1.03443e-06
5.0975 1.02717e-06
5.10691 1.00192e-06
5.11634 9.94308e-07
5.12579 9.69183e-07
5.13526 9.61378e-07
5.14474 9.36526e-07
5.15424 9.28575e-07
5.16376 9.04028e-07
5.17329 8.96237e-07
5.18285 8.73092e-07
5.19242 8.66439e-07
5.202 8.47964e-07
5.21161 8.40909e-07
5.22123 8.22564e-07
5.23088 8.1501e-07
5.24054 7.97038e-07
5.25021 7.89003e-07
5.25991 7.71217e-07
5.26962 7.62496e-07
5.27935 7.45382e-07
5.2891 7.36003e-07
5.29887 7.19516e-07
5.30865 7.09439e-07
5.31846 6.93982e-07
5.32828 6.83164e-07
5.33812 6.69632e-07
5.34797 6.59986e-07
5.35785 6.49843e-07
5.36774 6.38633e-07
5.37765 6.29911e-07
5.38758 6.16228e-07
5.39753 6.09816e-07
5.4075 5.93485e-07
5.41749 5.89562e-07
5.42749 5.7323e-07
5.43751 5.69225e-07
5.44755 5.52928e-07
5.45761 5.48956e-07
5.46769 5.32811e-07
5.47779 5.28875e-07
5.4879 5.1325e-07
5.49804 5.1007e-07
5.50819 4.97888e-07
5.51836 4.94552e-07
5.52855 4.8241e-07
5.53876 4.78949e-07
5.54899 4.6682e-07
5.55923 4.63217e-07
5.5695 4.51124e-07
5.57979 4.47317e-07
5.59009 4.35269e-07
5.60041 4.31338e-07
5.61075 4.19459e-07
5.62111 4.15405e-07
5.63149 4.0375e-07
5.64189 3.99628e-07
5.65231 3.88579e-07
5.66275 3.85123e-07
5.67321 3.76641e-07
5.68368 3.72876e-07
5.69418 3.64616e-07
5.70469 3.60536e-07
5.71523 3.52513e-07
5.72578 3.48011e-07
5.73635 3.40305e-07
5.74695 3.35337e-07
5.75756 3.28003e-07
5.76819 3.2239e-07
5.77884 3.15758e-07
5.78951 3.09445e-07
5.8002 3.03569e-07
5.81092 2.96215e-07
5.82165 2.91968e-07
5.8324 2.84292e-07
5.84317 2.82689e-07
5.85396 2.75091e-07
5.86477 2.73432e-07
5.8756 2.65834e-07
5.88645 2.64095e-07
5.89732 2.56494e-07
5.90821 2.54691e-07
5.91912 2.47081e-07
5.93005 2.45222e-07
5.941 2.3764e-07
5.95197 2.35767e-07
5.96296 2.28244e-07
5.97397 2.26411e-07
5.985 2.1911e-07
5.99605 2.17616e-07
6.00713 2.12005e-07
6.01822 2.10445e-07
6.02933 2.04969e-07
6.04047 2.0336e-07
6.05162 1.97865e-07
6.06279 1.96146e-07
6.07399 1.90722e-07
6.08521 1.88882e-07
6.09644 1.83523e-07
6.1077 1.81568e-07
6.11898 1.76301e-07
6.13028 1.74234e-07
6.1416 1.69137e-07
6.15294 1.66974e-07
6.1643 1.62226e-07
6.17569 1.60373e-07
6.18709 1.56776e-07
6.19851 1.54781e-07
6.20996 1.51453e-07
6.22143 1.4922e-07
6.23292 1.46068e-07
6.24443 1.43512e-07
6.25596 1.40648e-07
6.26751 1.37624e-07
6.27908 1.35177e-07
6.29068 1.31491e-07
6.30229 1.29735e-07
6.31393 1.2517e-07
6.32559 1.24308e-07
6.33727 1.19842e-07
6.34897 1.1915e-07
6.3607 1.15715e-07
6.37244 1.15026e-07
6.38421 1.11724e-07
6.396 1.10991e-07
6.40781 1.07703e-07
6.41964 1.06946e-07
6.4315 1.03649e-07
6.44338 1.0286e-07
6.45527 9.95428e-08
6.46719 9.87267e-08
6.47914 9.54404e-08
6.4911 9.46104e-08
6.50309 9.13583e-08
6.5151 9.05383e-08
6.52713 8.73878e-08
6.53918 8.67129e-08
6.55126 8.42772e-08
6.56335 8.35971e-08
6.57547 8.13004e-08
6.58761 8.0557e-08
6.59978 7.82892e-08
6.61197 7.74976e-08
6.62418 7.52615e-08
6.63641 7.43878e-08
6.64866 7.22e-08
6.66094 7.12301e-08
6.67324 6.91419e-08
6.68556 6.80933e-08
6.69791 6.60892e-08
6.71028 6.49453e-08
6.72267 6.31606e-08
6.73508 6.21482e-08
6.74752 6.08386e-08
6.75998 5.97413e-08
6.77246 5.86281e-08
6.78497 5.73032e-08
6.7975 5.63966e-08
6.81005 5.4496e-08
6.82263 5.41463e-08
6.83522 5.22385e-08
6.84785 5.18782e-08
6.86049 4.99735e-08
6.87316 4.96071e-08
6.88585 4.77148e-08
6.89857 4.7349e-08
6.91131 4.54974e-08
6.92407 4.52082e-08
6.93686 4.37732e-08
6.94967 4.34914e-08
6.9625 4.21579e-08
6.97536 4.18622e-08
6.98824 4.05274e-08
7.00114 4.02197e-08
7.01407 3.88881e-08
7.02702 3.85675e-08
7.04 3.72319e-08
7.053 3.6894e-08
7.06602 3.55707e-08
7.07907 3.52205e-08
7.09214 3.39118e-08
7.10524 3.35552e-08
7.11836 3.23037e-08
7.1315 3.19999e-08
7.14467 3.1039e-08
7.15787 3.07336e-08
7.17108 2.98698e-08
7.18433 2.95297e-08
7.19759 2.86862e-08
7.21088 2.83152e-08
7.2242 2.74965e-08
7.23754 2.70737e-08
7.2509 2.62911e-08
7.26429 2.58098e-08
7.27771 2.5083e-08
7.29115 2.45411e-08
7.30461 2.38839e-08
7.3181 2.32441e-08
7.33161 2.27266e-08
7.34515 2.21027e-08
7.35872 2.18093e-08
7.3723 2.10866e-08
7.38592 2.09633e-08
7.39956 2.02374e-08
7.41322 2.01112e-08
7.42691 1.93829e-08
7.44062 1.92504e-08
7.45436 1.85186e-08
7.46813 1.83817e-08
7.48192 1.76508e-08
7.49574 1.75105e-08
7.50958 1.6785e-08
7.52345 1.66452e-08
7.53734 1.5935e-08
7.55126 1.58216e-08
7.5652 1.52674e-08
7.57917 1.51639e-08
7.59317 1.4667e-08
7.60719 1.45576e-08
7.62124 1.40625e-08
7.63531 1.39451e-08
7.64941 1.34511e-08
7.66353 1.33253e-08
7.67769 1.28348e-08
7.69186 1.26993e-08
7.70607 1.22157e-08
7.7203 1.20686e-08
7.73455 1.15966e-08
7.74884 1.14406e-08
7.76315 1.09958e-08
7.77748 1.08612e-08
7.79184 1.05201e-08
7.80623 1.03855e-08
7.82065 1.0096e-08
7.83509 9.94339e-09
7.84956 9.66926e-09
7.86405 9.49184e-09
7.87857 9.23767e-09
7.89312 9.02891e-09
7.9077 8.80137e-09
7.9223 8.54576e-09
7.93693 8.36389e-09
7.95158 8.01652e-09
7.96627 7.92895e-09
7.98098 7.55399e-09
7.99572 7.50892e-09
8.01048 7.21466e-09
8.02527 7.17386e-09
8.04009 6.91859e-09
8.05494 6.8759e-09
8.06981 6.62054e-09
8.08472 6.57622e-09
8.09965 6.31997e-09
8.1146 6.2735e-09
8.12959 6.01574e-09
8.1446 5.96676e-09
8.15964 5.71019e-09
8.17471 5.66093e-09
8.1898 5.40419e-09
8.20492 5.35505e-09
8.22008 5.10471e-09
8.23526 5.06418e-09
8.25046 4.86774e-09
8.2657 4.83073e-09
8.28096 4.66325e-09
8.29625 4.62363e-09
8.31157 4.45778e-09
8.32692 4.41428e-09
8.3423 4.25042e-09
8.3577 4.2016e-09
8.37314 4.04016e-09
8.3886 3.98587e-09
8.40409 3.82878e-09
8.41961 3.76938e-09
8.43516 3.61825e-09
8.45073 3.55198e-09
8.46634 3.4128e-09
8.48197 3.35182e-09
8.49763 3.2492e-09
8.51333 3.18814e-09
8.52905 3.10895e-09
8.5448 3.03539e-09
8.56057 2.96764e-09
8.57638 2.87441e-09
8.59222 2.8251e-09
8.60809 2.69929e-09
8.62398 2.6807e-09
8.63991 2.55479e-09
8.65586 2.53607e-09
8.67185 2.41032e-09
8.68786 2.39156e-09
8.7039 2.26718e-09
8.71997 2.25234e-09
8.73608 2.15335e-09
8.75221 2.14076e-09
8.76837 2.05925e-09
8.78456 2.04592e-09
8.80078 1.96434e-09
8.81704 1.95052e-09
8.83332 1.86861e-09
8.84963 1.85391e-09
8.86597 1.77144e-09
8.88234 1.75603e-09
8.89874 1.67398e-09
8.91518 1.65783e-09
8.93164 1.57654e-09
8.94813 1.55965e-09
8.96466 1.48063e-09
8.98121 1.46636e-09
8.9978 1.40382e-09
9.01441 1.39124e-09
9.03106 1.34069e-09
9.04773 1.32658e-09
9.06444 1.27721e-09
9.08118 1.26118e-09
9.09795 1.21302e-09
9.11475 1.19429e-09
9.13158 1.14823e-09
9.14844 1.12648e-09
9.16534 1.08286e-09
9.18226 1.05765e-09
9.19922 1.01757e-09
9.2162 9.8744e-10
9.23322 9.54037e-10
9.25027 9.24173e-10
9.26736 9.02745e-10
9.28447 8.70856e-10
9.30161 8.61156e-10
9.31879 8.23999e-10
9.336 8.19193e-10
9.35324 7.81897e-10
9.37051 7.76821e-10
9.38781 7.39284e-10
9.40515 7.33952e-10
9.42252 6.96196e-10
9.43992 6.908e-10
9.45735 6.53173e-10
9.47481 6.47778e-10
9.49231 6.1062e-10
9.50984 6.0619e-10
9.5274 5.7607e-10
9.54499 5.72574e-10
9.56262 5.49109e-10
9.58027 5.45396e-10
9.59797 5.21843e-10
9.61569 5.18007e-10
9.63345 4.94428e-10
9.65123 4.90215e-10
9.66906 4.6664e-10
9.68691 4.61906e-10
9.7048 4.38617e-10
9.72272 4.3357e-10
9.74067 4.10633e-10
9.75866 4.05062e-10
9.77668 3.83036e-10
9.79474 3.77976e-10
9.81282 3.60614e-10
9.83094 3.56233e-10
9.8491 3.43235e-10
9.86728 3.38116e-10
9.88551 3.25758e-10
9.90376 3.1975e-10
9.92205 3.08089e-10
9.94037 3.00729e-10
9.95873 2.90168e-10
9.97712 2.8111e-10
9.99554 2.72136e-10
10.014 2.60666e-10
10.0325 2.54111e-10
10.051 2.38002e-10
10.0696 2.3652e-10
10.0882 2.23229e-10
10.1068 2.22127e-10
10.1255 2.12274e-10
10.1442 2.11114e-10
10.1629 2.01212e-10
10.1817 2.00004e-10
10.2005 1.90019e-10
10.2193 1.88778e-10
10.2382 1.7872e-10
10.2571 1.7741e-10
10.276 1.67307e-10
10.295 1.6597e-10
10.314 1.55883e-10
10.333 1.54552e-10
10.3521 1.44572e-10
10.3712 1.43442e-10
10.3904 1.35216e-10
10.4096 1.34395e-10
10.4288 1.28404e-10
10.4481 1.27488e-10
10.4674 1.21529e-10
10.4867 1.20521e-10
10.5061 1.14586e-10
10.5255 1.13412e-10
10.5449 1.07556e-10
10.5644 1.06179e-10
10.5839 1.00455e-10
10.6034 9.88954e-11
10.623 9.33668e-11
10.6426 9.15437e-11
10.6623 8.63532e-11
10.682 8.45854e-11
10.7017 8.05587e-11
10.7214 7.90758e-11
10.7412 7.64037e-11
10.7611 7.45623e-11
10.7809 7.22056e-11
10.8008 6.9859e-11
10.8208 6.79675e-11
10.8408 6.47661e-11
10.8608 6.36629e-11
10.8809 5.97107e-11
10.9009 5.93267e-11
10.9211 5.53693e-11
10.9412 5.49899e-11
10.9614 5.10484e-11
10.9817 5.073e-11
11.002 4.74113e-11
11.0223 4.72207e-11
11.0426 4.49297e-11
11.063 4.47178e-11
11.0835 4.24124e-11
11.1039 4.2197e-11
11.1244 3.98753e-11
11.145 3.96493e-11
11.1655 3.73055e-11
11.1862 3.70564e-11
11.2068 3.47068e-11
11.2275 3.44388e-11
11.2483 3.20952e-11
11.269 3.18202e-11
11.2898 2.95063e-11
11.3107 2.92587e-11
11.3316 2.73241e-11
11.3525 2.71556e-11
11.3735 2.58694e-11
11.3945 2.5667e-11
11.4155 2.43965e-11
11.4366 2.4148e-11
11.4577 2.29076e-11
11.4789 2.26026e-11
11.5001 2.13905e-11
11.5213 2.10101e-11
11.5426 1.98593e-11
11.5639 1.93857e-11
11.5852 1.83223e-11
11.6066 1.77463e-11
11.6281 1.67956e-11
11.6495 1.61714e-11
11.671 1.55182e-11
11.6926 1.4988e-11
11.7142 1.46844e-11
11.7358 1.38726e-11
11.7575 1.38392e-11
11.7792 1.30219e-11
11.801 1.29831e-11
11.8227 1.21584e-11
11.8446 1.21108e-11
11.8664 1.12784e-11
11.8884 1.12284e-11
11.9103 1.03913e-11
11.9323 1.03399e-11
11.9543 9.50438e-12
11.9764 9.46249e-12
11.9985 8.74008e-12
12.0207 8.73133e-12
12.0429 8.27603e-12
12.0651 8.26279e-12
12.0874 7.80366e-12
12.1097 7.78677e-12
12.1321 7.32359e-12
12.1545 7.29932e-12
12.1769 6.83392e-12
12.1994 6.79987e-12
12.2219 6.33368e-12
12.2445 6.29231e-12
12.2671 5.82803e-12
12.2898 5.77711e-12
12.3125 5.32376e-12
12.3352 5.2727e-12
12.358 4.88986e-12
12.3808 4.86144e-12
12.4037 4.63479e-12
12.4266 4.58938e-12
12.4495 4.37155e-12
12.4725 4.31069e-12
12.4955 4.10335e-12
12.5186 4.01993e-12
12.5417 3.82831e-12
12.5649 3.7146e-12
12.5881 3.54605e-12
12.6113 3.39335e-12
12.6346 3.26225e-12
12.658 3.04764e-12
12.6813 2.97624e-12
12.7048 2.72704e-12
12.7282 2.73124e-12
12.7517 2.58652e-12
12.7753 2.58829e-12
12.7989 2.44147e-12
12.8225 2.44189e-12
12.8462 2.2926e-12
12.8699 2.29222e-12
12.8937 2.14021e-12
12.9175 2.13708e-12
12.9413 1.98229e-12
12.9652 1.97726e-12
12.9892 1.82132e-12
13.0131 1.81688e-12
13.0372 1.65946e-12
13.0612 1.65471e-12
13.0854 1.51521e-12
13.1095 1.51603e-12
13.1337 1.43597e-12
13.158 1.43523e-12
13.1823 1.35433e-12
13.2066 1.35164e-12
13.231 1.27047e-12
13.2555 1.26549e-12
13.2799 1.1838e-12
13.3045 1.17564e-12
13.329 1.0943e-12
13.3536 1.08292e-12
13.3783 1.00371e-12
13.403 9.88952e-13
13.4277 9.12038e-13
13.4525 8.94605e-13
13.4774 8.29942e-13
13.5023 8.19177e-13
13.5272 7.85111e-13
13.5522 7.70084e-13
13.5772 7.38718e-13
13.6023 7.17668e-13
13.6274 6.91006e-13
13.6526 6.60997e-13
13.6778 6.41857e-13
13.703 5.933e-13
13.7283 5.91143e-13
13.7537 5.42322e-13
13.7791 5.40159e-13
13.8045 4.90869e-13
13.83 4.88355e-13
13.8556 4.42869e-13
13.8811 4.42353e-13
13.9068 4.17605e-13
13.9325 4.16789e-13
13.9582 3.91635e-13
13.984 3.90611e-13
14.0098 3.65155e-13
14.0357 3.63922e-13
14.0616 3.37951e-13
14.0875 3.3641e-13
14.1136 3.09988e-13
14.1396 3.08281e-13
14.1657 2.81818e-13
14.1919 2.80025e-13
14.2181 2.53262e-13
14.2443 2.51317e-13
14.2706 2.26855e-13
14.297 2.25904e-13
14.3234 2.12916e-13
14.3499 2.11616e-13
14.3763 1.98671e-13
14.4029 1.96994e-13
14.4295 1.8426e-13
14.4561 1.82076e-13
14.4828 1.69543e-13
14.5096 1.66697e-13
14.5364 1.54472e-13
14.5632 1.50916e-13
14.5901 1.39414e-13
14.617 1.34871e-13
14.644 1.24151e-13
14.6711 1.18661e-13
14.6982 1.10148e-13
14.7253 1.06455e-13
14.7525 1.02809e-13
14.7797 9.76599e-14
14.807 9.5383e-14
14.8344 8.83838e-14
14.8618 8.79051e-14
14.8892 8.08271e-14
14.9167 8.0293e-14
14.9443 7.30935e-14
14.9719 7.25371e-14
14.9995 6.53178e-14
15.0272 6.48065e-14
15.055 5.75279e-14
15.0828 5.69567e-14
15.1106 5.00103e-14
15.1385 4.97918e-14
15.1665 4.6354e-14
15.1945 4.61289e-14
15.2225 4.26554e-14
15.2506 4.246e-14
15.2788 3.89762e-14
15.307 3.87669e-14
15.3353 3.52256e-14
15.3636 3.49446e-14
15.392 3.13449e-14
15.4204 3.10246e-14
15.4489 2.7483e-14
15.4774 2.71532e-14
15.506 2.36334e-14
15.5346 2.32778e-14
15.5633 2.00604e-14
15.592 1.9916e-14
15.6208 1.87232e-14
15.6497 1.84821e-14
15.6786 1.72914e-14
15.7075 1.70254e-14
15.7365 1.59679e-14
15.7656 1.57112e-14
15.7947 1.46953e-14
15.8239 1.41728e-14
15.8531 1.31063e-14
15.8824 1.24959e-14
15.9117 1.17925e-14
15.9411 1.0795e-14
15.9705 9.46213e-15
16 0
