# 1:pT 2:PhotonSpectrum=dN/d^2xT d^2pT dy
0.01 0.0301576
0.0100185 0.0301376
0.010037 0.0300606
0.0100555 0.0300387
0.0100741 0.0299607
0.0100927 0.0299362
0.0101113 0.0298585
0.01013 0.0298313
0.0101487 0.0297528
0.0101674 0.029723
0.0101862 0.029643
0.010205 0.0296099
0.0102239 0.0295284
0.0102427 0.0294915
0.0102617 0.0294076
0.0102806 0.0293649
0.0102996 0.029276
0.0103186 0.0292215
0.0103377 0.0291132
0.0103567 0.0290559
0.0103759 0.0289481
0.010395 0.0288879
0.0104142 0.0287813
0.0104335 0.0287175
0.0104527 0.0286131
0.010472 0.0285465
0.0104914 0.0284437
0.0105107 0.0283747
0.0105301 0.0282751
0.0105496 0.0282016
0.0105691 0.0281046
0.0105886 0.0280294
0.0106081 0.0279382
0.0106277 0.0278624
0.0106474 0.0277788
0.010667 0.027698
0.0106867 0.0276182
0.0107065 0.0275329
0.0107262 0.0274576
0.010746 0.0273634
0.0107659 0.0272948
0.0107858 0.0271904
0.0108057 0.0271314
0.0108256 0.0270095
0.0108456 0.0269672
0.0108656 0.026847
0.0108857 0.0268038
0.0109058 0.0266845
0.0109259 0.0266436
0.0109461 0.0265347
0.0109663 0.0264917
0.0109866 0.0263842
0.0110069 0.0263388
0.0110272 0.0262322
0.0110476 0.0261848
0.011068 0.0260787
0.0110884 0.0260299
0.0111089 0.025924
0.0111294 0.025873
0.0111499 0.0257687
0.0111705 0.0257158
0.0111912 0.0256139
0.0112118 0.0255593
0.0112325 0.0254613
0.0112533 0.0254078
0.0112741 0.0253166
0.0112949 0.025261
0.0113157 0.0251713
0.0113366 0.0251125
0.0113576 0.0250252
0.0113785 0.0249639
0.0113995 0.0248783
0.0114206 0.0248138
0.0114417 0.0247296
0.0114628 0.0246612
0.011484 0.0245815
0.0115052 0.0245091
0.0115264 0.0244323
0.0115477 0.0243561
0.011569 0.0242858
0.0115904 0.0242087
0.0116118 0.024146
0.0116332 0.0240621
0.0116547 0.0240063
0.0116762 0.0239069
0.0116978 0.0238655
0.0117194 0.0237602
0.0117411 0.0237228
0.0117627 0.0236179
0.0117845 0.0235795
0.0118062 0.0234749
0.011828 0.0234349
0.0118499 0.0233324
0.0118717 0.0232917
0.0118937 0.0231911
0.0119156 0.0231517
0.0119376 0.0230591
0.0119597 0.0230182
0.0119818 0.0229285
0.0120039 0.0228855
0.0120261 0.0227954
0.0120483 0.0227511
0.0120705 0.022662
0.0120928 0.0226155
0.0121151 0.0225279
0.0121375 0.0224791
0.0121599 0.0223927
0.0121824 0.022342
0.0122049 0.0222576
0.0122274 0.0222056
0.01225 0.0221248
0.0122726 0.0220727
0.0122953 0.0219981
0.012318 0.0219438
0.0123407 0.021872
0.0123635 0.0218151
0.0123863 0.0217448
0.0124092 0.0216847
0.0124321 0.0216164
0.0124551 0.0215519
0.0124781 0.021488
0.0125011 0.0214191
0.0125242 0.0213579
0.0125473 0.0212829
0.0125705 0.0212279
0.0125937 0.0211459
0.012617 0.0211008
0.0126403 0.02101
0.0126636 0.0209793
0.012687 0.020891
0.0127104 0.0208585
0.0127339 0.0207707
0.0127574 0.0207365
0.012781 0.020649
0.0128046 0.0206141
0.0128282 0.0205268
0.0128519 0.0204907
0.0128756 0.0204042
0.0128994 0.0203665
0.0129232 0.0202819
0.0129471 0.0202441
0.012971 0.0201609
0.012995 0.0201229
0.0130189 0.0200452
0.013043 0.0200059
0.0130671 0.0199307
0.0130912 0.01989
0.0131154 0.0198152
0.0131396 0.0197718
0.0131639 0.0196987
0.0131882 0.0196533
0.0132125 0.0195811
0.0132369 0.0195346
0.0132614 0.0194629
0.0132859 0.0194143
0.0133104 0.0193452
0.013335 0.0192944
0.0133596 0.0192281
0.0133843 0.0191771
0.013409 0.0191173
0.0134337 0.0190645
0.0134585 0.019007
0.0134834 0.0189507
0.0135083 0.0188961
0.0135332 0.0188351
0.0135582 0.0187845
0.0135833 0.0187172
0.0136083 0.0186716
0.0136335 0.0185942
0.0136587 0.0185585
0.0136839 0.0184747
0.0137091 0.0184455
0.0137345 0.0183628
0.0137598 0.0183345
0.0137852 0.0182572
0.0138107 0.0182284
0.0138362 0.0181533
0.0138617 0.018123
0.0138873 0.0180479
0.013913 0.0180162
0.0139387 0.017942
0.0139644 0.0179089
0.0139902 0.0178355
0.014016 0.0178006
0.0140419 0.017728
0.0140678 0.0176928
0.0140938 0.0176204
0.0141198 0.0175841
0.0141459 0.0175141
0.014172 0.0174779
0.0141982 0.017413
0.0142244 0.0173755
0.0142507 0.0173126
0.014277 0.0172737
0.0143034 0.0172126
0.0143298 0.0171712
0.0143563 0.0171109
0.0143828 0.0170672
0.0144093 0.0170091
0.0144359 0.0169625
0.0144626 0.0169059
0.0144893 0.0168575
0.0145161 0.0168035
0.0145429 0.0167526
0.0145697 0.0167021
0.0145966 0.0166504
0.0146236 0.016605
0.0146506 0.0165505
0.0146776 0.0165094
0.0147047 0.0164492
0.0147319 0.016413
0.0147591 0.016341
0.0147863 0.0163163
0.0148136 0.0162442
0.014841 0.0162183
0.0148684 0.0161469
0.0148959 0.01612
0.0149234 0.0160497
0.0149509 0.016022
0.0149785 0.0159528
0.0150062 0.0159252
0.0150339 0.0158596
0.0150617 0.0158321
0.0150895 0.0157688
0.0151173 0.01574
0.0151453 0.0156771
0.0151732 0.0156468
0.0152012 0.0155847
0.0152293 0.0155527
0.0152574 0.0154909
0.0152856 0.015458
0.0153138 0.0153975
0.0153421 0.0153629
0.0153705 0.015304
0.0153988 0.0152685
0.0154273 0.015211
0.0154558 0.0151758
0.0154843 0.0151221
0.0155129 0.0150861
0.0155415 0.0150351
0.0155702 0.0149973
0.015599 0.0149476
0.0156278 0.0149074
0.0156567 0.014859
0.0156856 0.0148162
0.0157145 0.0147699
0.0157435 0.0147246
0.0157726 0.0146807
0.0158017 0.0146313
0.0158309 0.014591
0.0158602 0.0145379
0.0158894 0.0145028
0.0159188 0.014445
0.0159482 0.0144181
0.0159776 0.0143569
0.0160071 0.0143352
0.0160367 0.0142739
0.0160663 0.0142518
0.016096 0.0141907
0.0161257 0.0141675
0.0161555 0.014107
0.0161853 0.0140825
0.0162152 0.0140224
0.0162451 0.0139971
0.0162751 0.0139375
0.0163052 0.0139115
0.0163353 0.0138531
0.0163655 0.0138273
0.0163957 0.0137724
0.016426 0.0137465
0.0164563 0.0136939
0.0164867 0.0136663
0.0165171 0.0136142
0.0165476 0.0135855
0.0165782 0.0135343
0.0166088 0.0135044
0.0166395 0.0134533
0.0166702 0.0134222
0.016701 0.0133727
0.0167318 0.0133397
0.0167627 0.0132917
0.0167937 0.0132573
0.0168247 0.0132113
0.0168558 0.0131767
0.0168869 0.0131333
0.0169181 0.0130982
0.0169493 0.0130576
0.0169806 0.0130196
0.017012 0.0129809
0.0170434 0.0129403
0.0170748 0.0129035
0.0171064 0.0128596
0.017138 0.0128259
0.0171696 0.0127768
0.0172013 0.0127475
0.0172331 0.0126887
0.0172649 0.0126692
0.0172968 0.0126113
0.0173287 0.012592
0.0173607 0.0125371
0.0173928 0.0125176
0.0174249 0.0124657
0.0174571 0.0124453
0.0174893 0.0123937
0.0175216 0.012372
0.017554 0.012321
0.0175864 0.0122987
0.0176189 0.0122477
0.0176514 0.0122248
0.017684 0.0121742
0.0177166 0.0121502
0.0177494 0.0121007
0.0177821 0.0120756
0.017815 0.0120274
0.0178479 0.0120026
0.0178808 0.0119569
0.0179138 0.0119323
0.0179469 0.011889
0.0179801 0.0118629
0.0180133 0.01182
0.0180465 0.0117929
0.0180799 0.0117507
0.0181132 0.0117219
0.0181467 0.0116807
0.0181802 0.0116503
0.0182138 0.0116102
0.0182474 0.0115782
0.0182811 0.0115394
0.0183149 0.011506
0.0183487 0.0114697
0.0183826 0.0114347
0.0184165 0.0114016
0.0184505 0.0113656
0.0184846 0.0113356
0.0185187 0.0112963
0.0185529 0.0112689
0.0185872 0.0112246
0.0186215 0.0112017
0.0186559 0.0111517
0.0186903 0.0111341
0.0187248 0.0110845
0.0187594 0.0110661
0.0187941 0.0110166
0.0188288 0.010998
0.0188635 0.0109495
0.0188984 0.0109307
0.0189333 0.0108843
0.0189682 0.0108659
0.0190033 0.0108217
0.0190384 0.0108021
0.0190735 0.0107583
0.0191087 0.010738
0.019144 0.0106945
0.0191794 0.0106734
0.0192148 0.0106303
0.0192503 0.0106081
0.0192858 0.0105657
0.0193214 0.010543
0.0193571 0.0105011
0.0193929 0.0104773
0.0194287 0.0104369
0.0194645 0.0104128
0.0195005 0.0103746
0.0195365 0.0103504
0.0195726 0.0103151
0.0196087 0.0102893
0.0196449 0.010255
0.0196812 0.010228
0.0197175 0.0101944
0.019754 0.0101657
0.0197904 0.0101333
0.019827 0.010103
0.0198636 0.0100718
0.0199003 0.0100398
0.019937 0.0100106
0.0199738 0.00997608
0.0200107 0.00994986
0.0200477 0.00991323
0.0200847 0.00989084
0.0201218 0.00984807
0.0201589 0.00983383
0.0201962 0.00979112
0.0202335 0.0097763
0.0202708 0.0097338
0.0203082 0.00971796
0.0203457 0.00967591
0.0203833 0.00965952
0.020421 0.00961774
0.0204587 0.00960084
0.0204964 0.00955921
0.0205343 0.00954141
0.0205722 0.00950075
0.0206102 0.00948309
0.0206483 0.00944394
0.0206864 0.00942623
0.0207246 0.00938969
0.0207629 0.00937121
0.0208012 0.0093348
0.0208396 0.00931575
0.0208781 0.00927947
0.0209166 0.00925963
0.0209553 0.00922383
0.020994 0.0092025
0.0210327 0.0091679
0.0210716 0.00914585
0.0211105 0.00911175
0.0211495 0.00908889
0.0211885 0.00905623
0.0212277 0.00903266
0.0212669 0.00900206
0.0213061 0.0089787
0.0213455 0.00895038
0.0213849 0.00892546
0.0214244 0.00889808
0.0214639 0.00887148
0.0215036 0.00884513
0.0215433 0.00881666
0.0215831 0.00879205
0.0216229 0.00876119
0.0216628 0.00873879
0.0217028 0.00870361
0.0217429 0.00868523
0.0217831 0.0086452
0.0218233 0.00863201
0.0218636 0.00859353
0.021904 0.00858042
0.0219444 0.00854409
0.0219849 0.00853063
0.0220255 0.00849453
0.0220662 0.00847989
0.022107 0.00844433
0.0221478 0.00842925
0.0221887 0.00839371
0.0222297 0.00837801
0.0222707 0.00834272
0.0223118 0.00832618
0.022353 0.00829134
0.0223943 0.00827471
0.0224357 0.0082403
0.0224771 0.00822352
0.0225186 0.00819066
0.0225602 0.00817382
0.0226018 0.00814322
0.0226436 0.00812573
0.0226854 0.00809571
0.0227273 0.008077
0.0227692 0.00804752
0.0228113 0.00802802
0.0228534 0.00799913
0.0228956 0.00797863
0.0229379 0.00795059
0.0229803 0.0079291
0.0230227 0.00790166
0.0230652 0.00787932
0.0231078 0.00785329
0.0231505 0.00783042
0.0231932 0.00780634
0.023236 0.00778324
0.023279 0.00776166
0.0233219 0.00773643
0.023365 0.00771634
0.0234082 0.00768857
0.0234514 0.00767048
0.0234947 0.00763708
0.0235381 0.00762449
0.0235815 0.0075902
0.0236251 0.007578
0.0236687 0.00754378
0.0237124 0.0075312
0.0237562 0.00749771
0.0238001 0.00748493
0.023844 0.00745241
0.0238881 0.00743999
0.0239322 0.00740941
0.0239764 0.00739628
0.0240206 0.00736594
0.024065 0.00735227
0.0241094 0.00732238
0.0241539 0.00730797
0.0241985 0.00727817
0.0242432 0.00726336
0.024288 0.00723396
0.0243329 0.00721857
0.0243778 0.00718972
0.0244228 0.00717374
0.0244679 0.00714545
0.0245131 0.0071291
0.0245583 0.0071022
0.0246037 0.0070862
0.0246491 0.00706139
0.0246946 0.00704461
0.0247402 0.00702033
0.0247859 0.00700247
0.0248317 0.0069785
0.0248776 0.00695969
0.0249235 0.00693665
0.0249695 0.0069165
0.0250156 0.00689424
0.0250618 0.00687298
0.0251081 0.00685156
0.0251545 0.00682903
0.0252009 0.00680933
0.0252475 0.00678521
0.0252941 0.0067678
0.0253408 0.0067426
0.0253876 0.00672834
0.0254345 0.00669878
0.0254814 0.00668843
0.0255285 0.00665908
0.0255756 0.00664825
0.0256229 0.00661876
0.0256702 0.00660769
0.0257176 0.00657851
0.0257651 0.00656706
0.0258126 0.00653807
0.0258603 0.00652614
0.0259081 0.00649782
0.0259559 0.00648574
0.0260038 0.00645827
0.0260518 0.0064467
0.0261 0.00642144
0.0261482 0.00640914
0.0261964 0.00638403
0.0262448 0.00637119
0.0262933 0.00634645
0.0263418 0.00633293
0.0263905 0.00630852
0.0264392 0.00629436
0.026488 0.00627038
0.0265369 0.00625556
0.0265859 0.00623197
0.026635 0.00621644
0.0266842 0.00619362
0.0267335 0.00617784
0.0267829 0.00615605
0.0268323 0.00614046
0.0268819 0.00612041
0.0269315 0.00610394
0.0269812 0.00608466
0.0270311 0.00606694
0.027081 0.00604826
0.027131 0.00602941
0.0271811 0.00601181
0.0272313 0.00599152
0.0272816 0.005975
0.0273319 0.00595279
0.0273824 0.00593816
0.027433 0.00591226
0.0274836 0.00590151
0.0275344 0.00587431
0.0275852 0.0058655
0.0276362 0.00584044
0.0276872 0.00583129
0.0277383 0.0058062
0.0277896 0.00579669
0.0278409 0.00577177
0.0278923 0.0057617
0.0279438 0.00573701
0.0279954 0.0057265
0.0280471 0.005702
0.0280989 0.00569121
0.0281508 0.00566709
0.0282027 0.00565578
0.0282548 0.00563192
0.028307 0.00562049
0.0283593 0.00559738
0.0284116 0.00558622
0.0284641 0.00556508
0.0285167 0.00555332
0.0285693 0.00553233
0.0286221 0.00551997
0.0286749 0.00549932
0.0287279 0.00548635
0.0287809 0.00546621
0.0288341 0.00545243
0.0288873 0.00543265
0.0289407 0.00541815
0.0289941 0.00539895
0.0290477 0.00538388
0.0291013 0.00536531
0.029155 0.00534973
0.0292089 0.0053323
0.0292628 0.00531693
0.0293168 0.00530154
0.029371 0.005285
0.0294252 0.00527032
0.0294796 0.00525234
0.029534 0.00523881
0.0295885 0.00521891
0.0296432 0.00520728
0.0296979 0.00518353
0.0297527 0.00517551
0.0298077 0.00515203
0.0298627 0.00514363
0.0299179 0.00512047
0.0299731 0.00511195
0.0300285 0.00508925
0.0300839 0.00508093
0.0301395 0.00505994
0.0301951 0.00505139
0.0302509 0.00503054
0.0303068 0.00502144
0.0303627 0.00500088
0.0304188 0.00499151
0.030475 0.00497093
0.0305312 0.00496095
0.0305876 0.00494063
0.0306441 0.00493028
0.0307007 0.00491011
0.0307574 0.00489941
0.0308142 0.00487972
0.0308711 0.00486859
0.0309281 0.00484953
0.0309852 0.00483852
0.0310424 0.00482104
0.0310997 0.00480981
0.0311572 0.0047926
0.0312147 0.00478067
0.0312723 0.00476384
0.0313301 0.00475133
0.0313879 0.00473487
0.0314459 0.00472156
0.031504 0.00470586
0.0315621 0.00469179
0.0316204 0.00467662
0.0316788 0.00466176
0.0317373 0.00464756
0.0317959 0.00463179
0.0318546 0.00461911
0.0319135 0.00460292
0.0319724 0.00459215
0.0320314 0.0045735
0.0320906 0.00456504
0.0321498 0.00454475
0.0322092 0.0045376
0.0322687 0.00451731
0.0323283 0.0045099
0.032388 0.00448978
0.0324478 0.00448207
0.0325077 0.0044621
0.0325677 0.00445407
0.0326279 0.00443423
0.0326881 0.00442602
0.0327485 0.00440673
0.0328089 0.00439883
0.0328695 0.00438106
0.0329302 0.00437273
0.032991 0.00435536
0.033052 0.00434684
0.033113 0.0043294
0.0331741 0.00432047
0.0332354 0.00430335
0.0332968 0.00429397
0.0333583 0.00427717
0.0334199 0.00426736
0.0334816 0.00425069
0.0335434 0.00424052
0.0336053 0.0042245
0.0336674 0.00421391
0.0337296 0.00419841
0.0337919 0.00418793
0.0338543 0.00417378
0.0339168 0.00416261
0.0339794 0.00414893
0.0340421 0.00413721
0.034105 0.00412401
0.034168 0.00411153
0.0342311 0.00409887
0.0342943 0.00408543
0.0343576 0.00407353
0.0344211 0.0040591
0.0344846 0.00404804
0.0345483 0.00403208
0.0346121 0.00402276
0.034676 0.00400381
0.0347401 0.00399789
0.0348042 0.00398041
0.0348685 0.00397428
0.0349329 0.00395722
0.0349974 0.00395085
0.035062 0.00393385
0.0351267 0.00392708
0.0351916 0.00391026
0.0352566 0.00390321
0.0353217 0.00388644
0.0353869 0.00387928
0.0354523 0.00386269
0.0355177 0.00385523
0.0355833 0.00383886
0.035649 0.00383118
0.0357149 0.00381525
0.0357808 0.00380757
0.0358469 0.00379259
0.0359131 0.00378474
0.0359794 0.00377022
0.0360458 0.00376195
0.0361124 0.00374762
0.0361791 0.00373889
0.0362459 0.0037247
0.0363128 0.00371553
0.0363799 0.00370165
0.0364471 0.003692
0.0365144 0.00367846
0.0365818 0.00366846
0.0366493 0.00365548
0.036717 0.0036451
0.0367848 0.00363276
0.0368527 0.00362256
0.0369208 0.00361134
0.036989 0.00360064
0.0370573 0.00359021
0.0371257 0.0035786
0.0371943 0.00356883
0.0372629 0.00355613
0.0373318 0.00354732
0.0374007 0.00353274
0.0374698 0.00352561
0.037539 0.00350937
0.0376083 0.00350372
0.0376777 0.00348758
0.0377473 0.00348188
0.037817 0.00346597
0.0378868 0.00346032
0.0379568 0.00344551
0.0380269 0.00343963
0.0380971 0.00342519
0.0381675 0.00341906
0.0382379 0.00340464
0.0383085 0.00339827
0.0383793 0.003384
0.0384502 0.00337729
0.0385212 0.00336318
0.0385923 0.00335628
0.0386636 0.00334231
0.038735 0.00333512
0.0388065 0.00332142
0.0388781 0.00331407
0.0389499 0.00330079
0.0390219 0.00329358
0.0390939 0.00328123
0.0391661 0.00327381
0.0392384 0.00326196
0.0393109 0.00325408
0.0393835 0.00324248
0.0394562 0.0032341
0.0395291 0.00322281
0.0396021 0.00321401
0.0396752 0.00320297
0.0397485 0.00319369
0.0398219 0.00318302
0.0398954 0.00317325
0.0399691 0.00316314
0.0400429 0.00315275
0.0401168 0.00314348
0.0401909 0.00313288
0.0402651 0.00312482
0.0403395 0.00311333
0.040414 0.00310629
0.0404886 0.00309232
0.0405633 0.00308759
0.0406383 0.00307368
0.0407133 0.00306876
0.0407885 0.00305493
0.0408638 0.00304975
0.0409393 0.00303605
0.0410149 0.00303073
0.0410906 0.00301718
0.0411665 0.00301163
0.0412425 0.0029984
0.0413186 0.002993
0.0413949 0.00298051
0.0414714 0.00297508
0.041548 0.00296294
0.0416247 0.00295718
0.0417016 0.00294526
0.0417786 0.00293913
0.0418557 0.00292734
0.041933 0.00292104
0.0420104 0.00290931
0.042088 0.00290275
0.0421657 0.00289126
0.0422436 0.00288436
0.0423216 0.00287309
0.0423998 0.00286605
0.042478 0.00285516
0.0425565 0.00284809
0.0426351 0.00283802
0.0427138 0.00283078
0.0427927 0.00282123
0.0428717 0.00281352
0.0429509 0.00280421
0.0430302 0.0027961
0.0431096 0.00278721
0.0431892 0.0027784
0.043269 0.00276996
0.0433489 0.00276062
0.0434289 0.00275266
0.0435091 0.00274254
0.0435895 0.00273539
0.04367 0.00272406
0.0437506 0.0027184
0.0438314 0.00270614
0.0439124 0.00270202
0.0439934 0.00269031
0.0440747 0.00268602
0.0441561 0.00267422
0.0442376 0.00266974
0.0443193 0.00265812
0.0444011 0.00265336
0.0444831 0.00264181
0.0445653 0.00263695
0.0446476 0.00262542
0.04473 0.0026204
0.0448126 0.00260899
0.0448954 0.00260381
0.0449783 0.00259271
0.0450613 0.00258759
0.0451445 0.00257714
0.0452279 0.00257201
0.0453114 0.002562
0.0453951 0.00255652
0.0454789 0.00254662
0.0455629 0.00254087
0.045647 0.0025312
0.0457313 0.00252514
0.0458158 0.00251558
0.0459004 0.00250932
0.0459851 0.00249997
0.0460701 0.00249341
0.0461551 0.00248435
0.0462404 0.00247745
0.0463257 0.00246887
0.0464113 0.00246196
0.046497 0.002454
0.0465829 0.00244687
0.0466689 0.00243944
0.0467551 0.00243183
0.0468414 0.00242482
0.0469279 0.00241651
0.0470145 0.00241005
0.0471014 0.0024009
0.0471883 0.00239514
0.0472755 0.00238393
0.0473628 0.00238021
0.0474502 0.00236907
0.0475379 0.00236529
0.0476256 0.00235433
0.0477136 0.00235049
0.0478017 0.00234023
0.04789 0.00233638
0.0479784 0.00232657
0.048067 0.00232257
0.0481558 0.00231275
0.0482447 0.00230849
0.0483338 0.0022988
0.048423 0.00229441
0.0485124 0.00228471
0.048602 0.00228009
0.0486918 0.00227055
0.0487817 0.00226581
0.0488718 0.00225635
0.048962 0.00225146
0.0490524 0.00224218
0.049143 0.00223734
0.0492338 0.00222861
0.0493247 0.00222366
0.0494158 0.00221545
0.049507 0.00221023
0.0495984 0.00220213
0.04969 0.00219663
0.0497818 0.00218876
0.0498737 0.0021829
0.0499658 0.00217523
0.0500581 0.00216912
0.0501505 0.00216173
0.0502431 0.00215525
0.0503359 0.00214809
0.0504288 0.00214127
0.050522 0.00213456
0.0506153 0.00212755
0.0507087 0.00212153
0.0508024 0.00211419
0.0508962 0.00210884
0.0509902 0.00210056
0.0510843 0.00209599
0.0511786 0.00208637
0.0512732 0.00208301
0.0513678 0.00207347
0.0514627 0.00206996
0.0515577 0.00206044
0.0516529 0.00205687
0.0517483 0.00204747
0.0518439 0.00204379
0.0519396 0.00203454
0.0520355 0.00203086
0.0521316 0.00202214
0.0522279 0.00201849
0.0523243 0.00201021
0.0524209 0.00200633
0.0525177 0.00199815
0.0526147 0.00199416
0.0527119 0.00198599
0.0528092 0.00198185
0.0529067 0.00197379
0.0530044 0.00196941
0.0531023 0.00196147
0.0532004 0.00195697
0.0532986 0.00194922
0.053397 0.00194452
0.0534956 0.00193697
0.0535944 0.00193221
0.0536934 0.00192516
0.0537925 0.00192035
0.0538919 0.00191375
0.0539914 0.00190869
0.0540911 0.00190216
0.054191 0.00189679
0.054291 0.00189051
0.0543913 0.00188484
0.0544917 0.00187878
0.0545924 0.00187268
0.0546932 0.00186697
0.0547942 0.00186037
0.0548954 0.0018551
0.0549967 0.0018479
0.0550983 0.00184333
0.0552 0.00183511
0.055302 0.00183206
0.0554041 0.00182399
0.0555064 0.00182112
0.0556089 0.00181306
0.0557116 0.00181009
0.0558144 0.00180213
0.0559175 0.001799
0.0560208 0.00179111
0.0561242 0.00178791
0.0562279 0.00178002
0.0563317 0.00177669
0.0564357 0.00176891
0.0565399 0.00176548
0.0566443 0.00175789
0.0567489 0.00175442
0.0568537 0.00174714
0.0569587 0.00174373
0.0570639 0.00173689
0.0571693 0.00173332
0.0572748 0.00172654
0.0573806 0.00172276
0.0574866 0.00171603
0.0575927 0.00171205
0.0576991 0.00170545
0.0578056 0.00170126
0.0579124 0.0016948
0.0580193 0.00169044
0.0581264 0.00168416
0.0582338 0.00167958
0.0583413 0.00167348
0.058449 0.00166882
0.058557 0.00166316
0.0586651 0.0016584
0.0587734 0.00165315
0.058882 0.00164811
0.0589907 0.00164304
0.0590996 0.00163764
0.0592088 0.0016329
0.0593181 0.00162702
0.0594276 0.00162264
0.0595374 0.00161613
0.0596473 0.00161237
0.0597575 0.00160472
0.0598678 0.00160207
0.0599784 0.00159454
0.0600891 0.0015919
0.0602001 0.00158462
0.0603112 0.00158206
0.0604226 0.00157529
0.0605342 0.00157261
0.060646 0.00156588
0.060758 0.00156306
0.0608702 0.00155635
0.0609826 0.00155338
0.0610952 0.00154677
0.061208 0.0015437
0.061321 0.00153713
0.0614343 0.00153391
0.0615477 0.0015274
0.0616614 0.00152411
0.0617752 0.00151777
0.0618893 0.00151442
0.0620036 0.00150838
0.0621181 0.00150507
0.0622328 0.00149942
0.0623477 0.00149593
0.0624628 0.00149035
0.0625782 0.00148668
0.0626937 0.00148122
0.0628095 0.00147745
0.0629255 0.00147205
0.0630417 0.00146803
0.0631581 0.00146281
0.0632747 0.0014586
0.0633916 0.00145361
0.0635086 0.00144914
0.0636259 0.00144441
0.0637434 0.00143978
0.0638611 0.00143551
0.063979 0.0014308
0.0640972 0.00142696
0.0642155 0.00142182
0.0643341 0.00141833
0.0644529 0.00141229
0.0645719 0.00140965
0.0646912 0.00140313
0.0648106 0.00140085
0.0649303 0.00139436
0.0650502 0.00139199
0.0651703 0.00138555
0.0652907 0.00138311
0.0654113 0.00137672
0.065532 0.00137423
0.0656531 0.00136812
0.0657743 0.00136567
0.0658957 0.00136
0.0660174 0.00135745
0.0661393 0.00135181
0.0662615 0.00134912
0.0663838 0.00134352
0.0665064 0.00134071
0.0666292 0.00133516
0.0667523 0.00133229
0.0668755 0.0013268
0.066999 0.0013238
0.0671227 0.00131842
0.0672467 0.00131525
0.0673709 0.00131003
0.0674953 0.00130687
0.0676199 0.00130191
0.0677448 0.00129873
0.0678699 0.00129417
0.0679952 0.00129081
0.0681208 0.00128636
0.0682466 0.00128282
0.0683726 0.00127846
0.0684988 0.00127474
0.0686253 0.00127051
0.0687521 0.00126653
0.068879 0.00126256
0.0690062 0.0012583
0.0691336 0.00125454
0.0692613 0.00124995
0.0693892 0.00124655
0.0695173 0.0012416
0.0696457 0.0012388
0.0697743 0.00123327
0.0699031 0.00123135
0.0700322 0.00122584
0.0701616 0.00122382
0.0702911 0.00121835
0.0704209 0.00121625
0.070551 0.00121081
0.0706812 0.00120861
0.0708118 0.00120317
0.0709425 0.00120093
0.0710735 0.00119553
0.0712048 0.00119323
0.0713362 0.00118794
0.071468 0.00118559
0.0716 0.00118047
0.0717322 0.00117815
0.0718646 0.00117345
0.0719973 0.00117104
0.0721303 0.00116637
0.0722635 0.00116385
0.0723969 0.00115925
0.0725306 0.0011566
0.0726645 0.00115205
0.0727987 0.00114927
0.0729332 0.0011448
0.0730678 0.00114194
0.0732028 0.00113755
0.0733379 0.00113455
0.0734734 0.0011303
0.073609 0.00112722
0.073745 0.00112319
0.0738812 0.00112012
0.0740176 0.00111648
0.0741543 0.00111322
0.0742912 0.00110967
0.0744284 0.0011062
0.0745658 0.00110287
0.0747035 0.0010991
0.0748415 0.00109598
0.0749797 0.00109188
0.0751181 0.00108907
0.0752568 0.00108434
0.0753958 0.00108213
0.075535 0.00107697
0.0756745 0.0010752
0.0758143 0.00107016
0.0759543 0.00106846
0.0760945 0.00106382
0.076235 0.00106204
0.0763758 0.00105743
0.0765168 0.00105556
0.0766581 0.00105096
0.0767997 0.00104899
0.0769415 0.00104445
0.0770836 0.00104242
0.0772259 0.00103791
0.0773685 0.00103578
0.0775114 0.00103133
0.0776545 0.00102918
0.0777979 0.00102477
0.0779416 0.00102257
0.0780855 0.00101834
0.0782297 0.00101618
0.0783742 0.00101229
0.0785189 0.00101002
0.0786639 0.00100614
0.0788092 0.00100375
0.0789547 0.000999989
0.0791005 0.000997455
0.0792466 0.000993735
0.0793929 0.000991074
0.0795395 0.000987474
0.0796864 0.000984629
0.0798335 0.000981131
0.0799809 0.000978203
0.0801286 0.000974835
0.0802766 0.000971747
0.0804248 0.000968662
0.0805734 0.000965631
0.0807221 0.000962869
0.0808712 0.000959576
0.0810205 0.000957002
0.0811702 0.000953353
0.08132 0.000951122
0.0814702 0.000946697
0.0816207 0.00094517
0.0817714 0.000940765
0.0819224 0.000939174
0.0820737 0.000934818
0.0822252 0.000933179
0.0823771 0.000928862
0.0825292 0.000927169
0.0826816 0.000922953
0.0828342 0.000921307
0.0829872 0.000917448
0.0831405 0.000915768
0.083294 0.000911913
0.0834478 0.000910138
0.0836019 0.000906318
0.0837563 0.000904459
0.0839109 0.000900685
0.0840659 0.000898728
0.0842211 0.000894973
0.0843766 0.00089297
0.0845325 0.000889295
0.0846885 0.000887216
0.0848449 0.000883629
0.0850016 0.000881487
0.0851586 0.000878026
0.0853158 0.000875941
0.0854734 0.000872778
0.0856312 0.000870574
0.0857893 0.00086747
0.0859478 0.000865171
0.0861065 0.000862157
0.0862655 0.000859732
0.0864248 0.000856781
0.0865844 0.000854223
0.0867442 0.000851386
0.0869044 0.000848637
0.0870649 0.000845971
0.0872257 0.000843018
0.0873868 0.000840548
0.0875481 0.000837379
0.0877098 0.000835229
0.0878718 0.000831881
0.088034 0.000830202
0.0881966 0.000826479
0.0883594 0.000825134
0.0885226 0.000821433
0.0886861 0.00082004
0.0888498 0.000816322
0.0890139 0.000814893
0.0891783 0.000811208
0.089343 0.000809699
0.0895079 0.000806047
0.0896732 0.000804499
0.0898388 0.000800879
0.0900047 0.00079931
0.0901709 0.000795788
0.0903374 0.000794248
0.0905043 0.000791006
0.0906714 0.00078942
0.0908388 0.000786215
0.0910066 0.000784545
0.0911746 0.000781378
0.091343 0.000779638
0.0915116 0.000776513
0.0916806 0.00077469
0.0918499 0.000771608
0.0920195 0.000769703
0.0921895 0.000766693
0.0923597 0.000764697
0.0925303 0.000761776
0.0927011 0.000759691
0.0928723 0.000756912
0.0930438 0.000754877
0.0932156 0.000752327
0.0933877 0.000750186
0.0935602 0.000747741
0.093733 0.00074546
0.0939061 0.000743102
0.0940795 0.000740655
0.0942532 0.000738441
0.0944272 0.000735805
0.0946016 0.000733739
0.0947763 0.000730816
0.0949513 0.000729008
0.0951266 0.000725485
0.0953023 0.000724296
0.0954783 0.000720833
0.0956546 0.00071969
0.0958312 0.00071649
0.0960082 0.000715286
0.0961855 0.000712152
0.0963631 0.000710909
0.0965411 0.000707796
0.0967193 0.000706472
0.0968979 0.000703388
0.0970769 0.000702033
0.0972561 0.000698959
0.0974357 0.000697573
0.0976156 0.000694515
0.0977959 0.000693067
0.0979765 0.000690086
0.0981574 0.000688581
0.0983387 0.000685679
0.0985203 0.000684252
0.0987022 0.000681535
0.0988845 0.000680039
0.0990671 0.000677413
0.09925 0.000675823
0.0994333 0.000673229
0.0996169 0.000671584
0.0998008 0.000669029
0.0999851 0.000667286
0.10017 0.000664808
0.100355 0.000662959
0.10054 0.000660543
0.100726 0.000658611
0.100912 0.000656282
0.101098 0.00065428
0.101285 0.000652112
0.101472 0.000650101
0.101659 0.000648132
0.101847 0.000646007
0.102035 0.000644189
0.102223 0.000641871
0.102412 0.000640198
0.102601 0.000637586
0.102791 0.000636208
0.102981 0.000633215
0.103171 0.000632164
0.103361 0.000629208
0.103552 0.000628118
0.103743 0.00062517
0.103935 0.000624058
0.104127 0.000621191
0.104319 0.000620082
0.104512 0.000617419
0.104705 0.000616298
0.104898 0.000613681
0.105092 0.000612518
0.105286 0.000609903
0.10548 0.00060868
0.105675 0.000606099
0.10587 0.000604828
0.106066 0.000602276
0.106262 0.000600968
0.106458 0.000598441
0.106654 0.000597063
0.106851 0.000594581
0.107049 0.00059318
0.107246 0.000590784
0.107444 0.000589373
0.107643 0.000587153
0.107841 0.000585721
0.108041 0.000583576
0.10824 0.000582061
0.10844 0.000579966
0.10864 0.000578342
0.108841 0.000576311
0.109042 0.000574607
0.109243 0.00057263
0.109445 0.000570819
0.109647 0.000568946
0.10985 0.00056703
0.110052 0.000565258
0.110256 0.000563232
0.110459 0.000561636
0.110663 0.000559518
0.110868 0.000558165
0.111072 0.000555626
0.111277 0.000554746
0.111483 0.000552211
0.111689 0.000551305
0.111895 0.000548781
0.112102 0.000547819
0.112309 0.00054533
0.112516 0.000544331
0.112724 0.000541857
0.112932 0.000540834
0.11314 0.000538379
0.113349 0.000537309
0.113559 0.000534922
0.113768 0.000533891
0.113978 0.000531647
0.114189 0.000530585
0.1144 0.000528428
0.114611 0.000527328
0.114823 0.000525175
0.115035 0.000524029
0.115247 0.000521892
0.11546 0.000520693
0.115673 0.000518572
0.115887 0.000517309
0.116101 0.000515239
0.116315 0.00051392
0.11653 0.000511894
0.116745 0.000510527
0.116961 0.000508599
0.117177 0.000507217
0.117393 0.000505426
0.11761 0.00050403
0.117827 0.000502335
0.118045 0.000500846
0.118263 0.000499191
0.118481 0.00049761
0.1187 0.000496029
0.118919 0.000494343
0.119139 0.00049288
0.119359 0.000491047
0.119579 0.000489707
0.1198 0.00048767
0.120021 0.000486546
0.120243 0.000484217
0.120465 0.000483432
0.120687 0.00048124
0.12091 0.000480451
0.121133 0.00047832
0.121357 0.000477503
0.121581 0.000475385
0.121806 0.000474526
0.12203 0.000472422
0.122256 0.000471523
0.122482 0.000469438
0.122708 0.000468507
0.122934 0.000466437
0.123161 0.000465465
0.123389 0.000463426
0.123617 0.000462447
0.123845 0.000460434
0.124074 0.000459469
0.124303 0.000457596
0.124532 0.000456604
0.124762 0.00045481
0.124993 0.000453779
0.125223 0.000452014
0.125455 0.000450923
0.125686 0.000449175
0.125918 0.000448026
0.126151 0.000446323
0.126384 0.000445117
0.126617 0.000443459
0.126851 0.000442198
0.127085 0.000440568
0.12732 0.000439254
0.127555 0.000437716
0.127791 0.000436396
0.128027 0.000434984
0.128263 0.000433608
0.1285 0.000432308
0.128737 0.000430816
0.128975 0.000429605
0.129213 0.000427978
0.129452 0.000426873
0.129691 0.000424964
0.12993 0.000424158
0.13017 0.000422139
0.130411 0.00042141
0.130651 0.000419405
0.130893 0.000418661
0.131134 0.000416709
0.131376 0.000415975
0.131619 0.000414131
0.131862 0.00041339
0.132106 0.000411619
0.13235 0.000410846
0.132594 0.000409083
0.132839 0.00040827
0.133084 0.000406535
0.13333 0.000405682
0.133576 0.000403946
0.133823 0.000403073
0.13407 0.000401355
0.134317 0.000400447
0.134565 0.00039876
0.134814 0.000397821
0.135063 0.000396176
0.135312 0.000395238
0.135562 0.0003937
0.135812 0.000392767
0.136063 0.000391297
0.136315 0.00039031
0.136566 0.000388882
0.136818 0.000387833
0.137071 0.000386425
0.137324 0.000385322
0.137578 0.000383967
0.137832 0.000382808
0.138086 0.000381484
0.138341 0.000380253
0.138597 0.000379012
0.138853 0.000377706
0.139109 0.00037656
0.139366 0.000375208
0.139623 0.000374203
0.139881 0.000372763
0.14014 0.000371914
0.140398 0.000370211
0.140658 0.000369592
0.140917 0.000367905
0.141177 0.000367263
0.141438 0.000365577
0.141699 0.000364914
0.141961 0.000363241
0.142223 0.000362565
0.142486 0.000360909
0.142749 0.000360212
0.143013 0.000358583
0.143277 0.000357885
0.143541 0.000356347
0.143806 0.000355649
0.144072 0.000354178
0.144338 0.000353445
0.144604 0.000351982
0.144871 0.000351218
0.145139 0.000349777
0.145407 0.000348979
0.145675 0.000347558
0.145944 0.000346725
0.146214 0.000345326
0.146484 0.000344458
0.146754 0.000343079
0.147025 0.000342193
0.147297 0.000340849
0.147569 0.000339966
0.147841 0.000338715
0.148114 0.000337809
0.148388 0.000336639
0.148662 0.000335688
0.148937 0.000334558
0.149212 0.000333547
0.149487 0.000332447
0.149763 0.000331369
0.15004 0.000330328
0.150317 0.000329162
0.150594 0.000328205
0.150872 0.000326935
0.151151 0.000326068
0.15143 0.000324614
0.15171 0.000323964
0.15199 0.000322453
0.152271 0.000321925
0.152552 0.000320492
0.152833 0.000319942
0.153116 0.000318516
0.153398 0.000317941
0.153682 0.000316514
0.153965 0.000315908
0.15425 0.000314498
0.154535 0.000313869
0.15482 0.00031247
0.155106 0.000311823
0.155392 0.000310442
0.155679 0.000309772
0.155967 0.000308417
0.156255 0.000307749
0.156543 0.000306455
0.156832 0.000305802
0.157122 0.00030457
0.157412 0.000303884
0.157703 0.000302668
0.157994 0.000301936
0.158286 0.00030074
0.158578 0.000299993
0.158871 0.000298821
0.159164 0.000298021
0.159458 0.000296877
0.159753 0.000296041
0.160048 0.000294935
0.160343 0.000294067
0.160639 0.000292999
0.160936 0.000292126
0.161233 0.000291136
0.161531 0.000290261
0.161829 0.000289356
0.162128 0.000288407
0.162427 0.00028755
0.162727 0.000286522
0.163028 0.00028573
0.163329 0.000284601
0.16363 0.000283904
0.163933 0.000282555
0.164235 0.000282066
0.164539 0.000280727
0.164842 0.000280221
0.165147 0.000278901
0.165452 0.000278394
0.165757 0.000277127
0.166063 0.000276621
0.16637 0.00027542
0.166677 0.000274897
0.166985 0.000273703
0.167293 0.000273161
0.167602 0.000271973
0.167912 0.000271407
0.168222 0.000270227
0.168532 0.00026963
0.168844 0.000268472
0.169155 0.000267856
0.169468 0.000266702
0.169781 0.000266077
0.170094 0.000264956
0.170408 0.000264324
0.170723 0.000263264
0.171038 0.000262627
0.171354 0.00026163
0.171671 0.000260979
0.171988 0.000259993
0.172305 0.000259305
0.172623 0.00025834
0.172942 0.000257619
0.173261 0.00025668
0.173581 0.000255912
0.173902 0.000255005
0.174223 0.000254201
0.174545 0.000253332
0.174867 0.000252482
0.17519 0.000251676
0.175514 0.000250789
0.175838 0.000250062
0.176162 0.000249154
0.176488 0.000248515
0.176814 0.000247468
0.17714 0.000246954
0.177467 0.00024581
0.177795 0.000245379
0.178123 0.000244238
0.178452 0.000243799
0.178782 0.000242662
0.179112 0.00024221
0.179443 0.000241086
0.179774 0.000240617
0.180106 0.000239507
0.180438 0.000239034
0.180772 0.000237978
0.181105 0.000237514
0.18144 0.000236523
0.181775 0.000236036
0.182111 0.000235055
0.182447 0.000234557
0.182784 0.000233578
0.183121 0.000233053
0.183459 0.000232085
0.183798 0.000231542
0.184138 0.000230592
0.184478 0.000230027
0.184818 0.000229086
0.18516 0.000228503
0.185502 0.000227599
0.185844 0.000227005
0.186187 0.000226141
0.186531 0.000225554
0.186876 0.000224761
0.187221 0.00022414
0.187566 0.000223358
0.187913 0.000222709
0.18826 0.000221954
0.188607 0.000221256
0.188956 0.000220539
0.189305 0.000219799
0.189654 0.000219116
0.190004 0.000218318
0.190355 0.000217691
0.190707 0.000216811
0.191059 0.000216274
0.191412 0.000215241
0.191765 0.000214892
0.192119 0.000213928
0.192474 0.000213561
0.192829 0.000212603
0.193186 0.000212221
0.193542 0.000211265
0.1939 0.000210869
0.194258 0.000209917
0.194616 0.0002095
0.194976 0.000208554
0.195336 0.000208133
0.195697 0.000207197
0.196058 0.000206759
0.19642 0.000205839
0.196783 0.000205396
0.197146 0.000204508
0.19751 0.000204068
0.197875 0.000203239
0.19824 0.000202784
0.198606 0.000201967
0.198973 0.000201489
0.199341 0.000200681
0.199709 0.000200177
0.200077 0.000199376
0.200447 0.000198852
0.200817 0.000198068
0.201188 0.00019752
0.201559 0.000196747
0.201932 0.000196175
0.202304 0.000195436
0.202678 0.000194853
0.203052 0.000194151
0.203427 0.000193579
0.203803 0.000192945
0.204179 0.000192326
0.204556 0.000191721
0.204934 0.00019106
0.205312 0.000190492
0.205692 0.000189777
0.206071 0.000189258
0.206452 0.00018845
0.206833 0.000188018
0.207215 0.000187116
0.207598 0.000186773
0.207981 0.000185886
0.208365 0.000185543
0.20875 0.000184671
0.209135 0.000184341
0.209522 0.000183538
0.209908 0.000183189
0.210296 0.00018239
0.210684 0.000182031
0.211073 0.000181229
0.211463 0.000180855
0.211854 0.000180064
0.212245 0.000179675
0.212637 0.00017889
0.21303 0.000178489
0.213423 0.00017771
0.213817 0.000177295
0.214212 0.000176532
0.214607 0.000176111
0.215004 0.000175376
0.215401 0.000174962
0.215799 0.000174282
0.216197 0.000173849
0.216596 0.000173181
0.216996 0.000172727
0.217397 0.000172073
0.217798 0.000171595
0.218201 0.000170958
0.218603 0.000170459
0.219007 0.000169836
0.219412 0.000169312
0.219817 0.000168714
0.220223 0.000168166
0.220629 0.000167595
0.221037 0.000167026
0.221445 0.000166505
0.221854 0.000165931
0.222263 0.000165472
0.222674 0.000164837
0.223085 0.000164426
0.223497 0.000163657
0.22391 0.000163373
0.224323 0.000162604
0.224737 0.00016231
0.225152 0.000161545
0.225568 0.000161236
0.225985 0.000160479
0.226402 0.000160163
0.22682 0.000159415
0.227239 0.00015909
0.227659 0.000158357
0.228079 0.000158042
0.2285 0.000157369
0.228922 0.000157046
0.229345 0.000156374
0.229768 0.000156035
0.230193 0.000155374
0.230618 0.000155018
0.231044 0.000154363
0.23147 0.000154004
0.231898 0.000153351
0.232326 0.000152982
0.232755 0.000152341
0.233185 0.000151951
0.233615 0.000151333
0.234047 0.000150938
0.234479 0.000150341
0.234912 0.000149957
0.235346 0.000149416
0.23578 0.000149008
0.236216 0.000148477
0.236652 0.000148048
0.237089 0.00014753
0.237527 0.000147081
0.237965 0.000146583
0.238405 0.000146101
0.238845 0.000145623
0.239286 0.000145109
0.239728 0.000144664
0.240171 0.000144108
0.240614 0.000143704
0.241058 0.000143089
0.241504 0.000142759
0.24195 0.000142109
0.242396 0.00014186
0.242844 0.000141216
0.243292 0.000140957
0.243742 0.000140309
0.244192 0.000140044
0.244643 0.000139403
0.245094 0.000139118
0.245547 0.000138486
0.246 0.000138196
0.246455 0.000137564
0.24691 0.000137265
0.247366 0.000136638
0.247822 0.000136335
0.24828 0.000135725
0.248739 0.000135436
0.249198 0.000134871
0.249658 0.00013457
0.250119 0.000134016
0.250581 0.000133699
0.251044 0.000133151
0.251507 0.000132824
0.251972 0.000132286
0.252437 0.00013194
0.252903 0.000131409
0.25337 0.000131054
0.253838 0.000130536
0.254307 0.000130166
0.254776 0.000129664
0.255247 0.000129281
0.255718 0.0001288
0.25619 0.000128423
0.256663 0.000127984
0.257137 0.000127591
0.257612 0.000127166
0.258088 0.00012674
0.258565 0.000126337
0.259042 0.000125882
0.25952 0.000125505
0.26 0.000125005
0.26048 0.000124663
0.260961 0.000124053
0.261443 0.000123822
0.261925 0.000123214
0.262409 0.000122984
0.262894 0.000122386
0.263379 0.000122159
0.263865 0.000121613
0.264353 0.000121378
0.264841 0.00012084
0.26533 0.000120598
0.26582 0.000120061
0.266311 0.00011981
0.266803 0.000119276
0.267295 0.000119015
0.267789 0.000118485
0.268283 0.000118217
0.268779 0.000117692
0.269275 0.000117416
0.269772 0.0001169
0.27027 0.00011662
0.27077 0.000116119
0.27127 0.000115849
0.27177 0.000115387
0.272272 0.000115106
0.272775 0.000114657
0.273279 0.000114364
0.273783 0.000113922
0.274289 0.000113618
0.274796 0.000113186
0.275303 0.000112861
0.275811 0.000112441
0.276321 0.000112108
0.276831 0.000111701
0.277342 0.000111348
0.277854 0.000110955
0.278367 0.000110582
0.278881 0.000110214
0.279396 0.000109846
0.279912 0.000109513
0.280429 0.000109115
0.280947 0.00010881
0.281466 0.000108369
0.281986 0.000108102
0.282506 0.000107591
0.283028 0.000107389
0.283551 0.00010688
0.284074 0.000106675
0.284599 0.000106167
0.285124 0.000105958
0.285651 0.00010546
0.286178 0.000105248
0.286707 0.000104762
0.287236 0.000104554
0.287767 0.0001041
0.288298 0.000103888
0.28883 0.000103443
0.289364 0.000103221
0.289898 0.000102779
0.290433 0.000102551
0.29097 0.000102108
0.291507 0.00010187
0.292045 0.000101432
0.292585 0.000101181
0.293125 0.000100748
0.293666 0.00010049
0.294208 0.000100065
0.294752 9.97961e-05
0.295296 9.93822e-05
0.295841 9.91175e-05
0.296388 9.87394e-05
0.296935 9.84681e-05
0.297483 9.81026e-05
0.298033 9.78185e-05
0.298583 9.74564e-05
0.299134 9.71581e-05
0.299687 9.68126e-05
0.30024 9.64978e-05
0.300795 9.61631e-05
0.30135 9.58308e-05
0.301906 9.5516e-05
0.302464 9.51631e-05
0.303022 9.48697e-05
0.303582 9.44907e-05
0.304143 9.42353e-05
0.304704 9.38203e-05
0.305267 9.36323e-05
0.305831 9.32019e-05
0.306395 9.30309e-05
0.306961 9.26022e-05
0.307528 9.24253e-05
0.308096 9.19972e-05
0.308665 9.18142e-05
0.309235 9.1391e-05
0.309806 9.1201e-05
0.310378 9.07797e-05
0.310951 9.05838e-05
0.311525 9.01659e-05
0.312101 8.99641e-05
0.312677 8.95566e-05
0.313254 8.93553e-05
0.313833 8.89665e-05
0.314412 8.87619e-05
0.314993 8.83834e-05
0.315574 8.81702e-05
0.316157 8.77955e-05
0.316741 8.75727e-05
0.317326 8.72012e-05
0.317912 8.69675e-05
0.318499 8.66024e-05
0.319087 8.63625e-05
0.319676 8.60048e-05
0.320267 8.57535e-05
0.320858 8.54044e-05
0.321451 8.51457e-05
0.322044 8.48117e-05
0.322639 8.45578e-05
0.323235 8.42475e-05
0.323832 8.3987e-05
0.32443 8.36901e-05
0.325029 8.34123e-05
0.325629 8.31318e-05
0.32623 8.28344e-05
0.326833 8.2566e-05
0.327436 8.22469e-05
0.328041 8.19984e-05
0.328646 8.16485e-05
0.329253 8.14329e-05
0.329861 8.10256e-05
0.33047 8.08668e-05
0.331081 8.04672e-05
0.331692 8.03117e-05
0.332305 7.99398e-05
0.332918 7.97821e-05
0.333533 7.94229e-05
0.334149 7.9262e-05
0.334766 7.89051e-05
0.335384 7.87378e-05
0.336003 7.83824e-05
0.336624 7.82089e-05
0.337246 7.78581e-05
0.337868 7.76809e-05
0.338492 7.73313e-05
0.339117 7.71466e-05
0.339743 7.68013e-05
0.340371 7.6612e-05
0.340999 7.62756e-05
0.341629 7.60897e-05
0.34226 7.57712e-05
0.342892 7.55791e-05
0.343525 7.5274e-05
0.344159 7.50744e-05
0.344795 7.47717e-05
0.345432 7.45682e-05
0.34607 7.42688e-05
0.346709 7.40579e-05
0.347349 7.3766e-05
0.34799 7.35449e-05
0.348633 7.32586e-05
0.349277 7.30273e-05
0.349922 7.27549e-05
0.350568 7.25146e-05
0.351215 7.22556e-05
0.351864 7.20148e-05
0.352513 7.17793e-05
0.353164 7.15282e-05
0.353817 7.1312e-05
0.35447 7.10361e-05
0.355125 7.08385e-05
0.35578 7.05211e-05
0.356437 7.03626e-05
0.357095 7.00208e-05
0.357755 6.98831e-05
0.358416 6.95415e-05
0.359077 6.94008e-05
0.35974 6.90625e-05
0.360405 6.89194e-05
0.36107 6.85857e-05
0.361737 6.84433e-05
0.362405 6.81293e-05
0.363074 6.79835e-05
0.363745 6.76833e-05
0.364416 6.75328e-05
0.365089 6.72345e-05
0.365763 6.70767e-05
0.366439 6.67801e-05
0.367116 6.66182e-05
0.367793 6.63204e-05
0.368473 6.61538e-05
0.369153 6.58604e-05
0.369835 6.56873e-05
0.370518 6.53987e-05
0.371202 6.52198e-05
0.371887 6.4938e-05
0.372574 6.47613e-05
0.373262 6.44988e-05
0.373951 6.4316e-05
0.374642 6.40663e-05
0.375334 6.38757e-05
0.376027 6.36327e-05
0.376721 6.34344e-05
0.377417 6.31957e-05
0.378114 6.29897e-05
0.378812 6.27598e-05
0.379511 6.25428e-05
0.380212 6.23229e-05
0.380914 6.20938e-05
0.381618 6.18864e-05
0.382322 6.16426e-05
0.383028 6.1455e-05
0.383736 6.12009e-05
0.384444 6.10391e-05
0.385154 6.07497e-05
0.385866 6.06323e-05
0.386578 6.03419e-05
0.387292 6.02199e-05
0.388007 5.99306e-05
0.388724 5.98036e-05
0.389441 5.95173e-05
0.390161 5.93856e-05
0.390881 5.91018e-05
0.391603 5.89667e-05
0.392326 5.86846e-05
0.39305 5.855e-05
0.393776 5.82733e-05
0.394503 5.81402e-05
0.395232 5.78797e-05
0.395962 5.77458e-05
0.396693 5.74981e-05
0.397425 5.73585e-05
0.398159 5.71123e-05
0.398895 5.69696e-05
0.399631 5.67277e-05
0.400369 5.65791e-05
0.401108 5.63415e-05
0.401849 5.61871e-05
0.402591 5.59508e-05
0.403335 5.57916e-05
0.404079 5.55601e-05
0.404826 5.53953e-05
0.405573 5.5171e-05
0.406322 5.50053e-05
0.407072 5.47948e-05
0.407824 5.46267e-05
0.408577 5.44264e-05
0.409332 5.42485e-05
0.410088 5.40551e-05
0.410845 5.38653e-05
0.411604 5.36814e-05
0.412364 5.34776e-05
0.413125 5.33036e-05
0.413888 5.30846e-05
0.414652 5.2925e-05
0.415418 5.26785e-05
0.416185 5.25462e-05
0.416954 5.2279e-05
0.417723 5.21712e-05
0.418495 5.19164e-05
0.419268 5.18106e-05
0.420042 5.15673e-05
0.420818 5.1458e-05
0.421595 5.12175e-05
0.422373 5.11024e-05
0.423153 5.08631e-05
0.423934 5.07452e-05
0.424717 5.05069e-05
0.425502 5.03862e-05
0.426287 5.0151e-05
0.427075 5.00274e-05
0.427863 4.97956e-05
0.428653 4.967e-05
0.429445 4.94421e-05
0.430238 4.93169e-05
0.431032 4.91006e-05
0.431828 4.8977e-05
0.432626 4.87726e-05
0.433425 4.86448e-05
0.434225 4.8441e-05
0.435027 4.8309e-05
0.43583 4.81094e-05
0.436635 4.797e-05
0.437441 4.77742e-05
0.438249 4.76278e-05
0.439058 4.74361e-05
0.439869 4.72843e-05
0.440681 4.70957e-05
0.441495 4.6939e-05
0.44231 4.67591e-05
0.443127 4.65968e-05
0.443945 4.64307e-05
0.444765 4.62649e-05
0.445586 4.61099e-05
0.446409 4.59317e-05
0.447234 4.57875e-05
0.448059 4.55914e-05
0.448887 4.54619e-05
0.449716 4.52303e-05
0.450546 4.51351e-05
0.451378 4.49047e-05
0.452212 4.48071e-05
0.453047 4.4578e-05
0.453883 4.44782e-05
0.454722 4.42528e-05
0.455561 4.4153e-05
0.456402 4.39376e-05
0.457245 4.3837e-05
0.45809 4.36346e-05
0.458935 4.3532e-05
0.459783 4.33298e-05
0.460632 4.32236e-05
0.461483 4.30235e-05
0.462335 4.29137e-05
0.463189 4.27149e-05
0.464044 4.26008e-05
0.464901 4.24037e-05
0.465759 4.22874e-05
0.466619 4.20939e-05
0.467481 4.1975e-05
0.468344 4.17865e-05
0.469209 4.16665e-05
0.470076 4.14857e-05
0.470944 4.13668e-05
0.471813 4.11983e-05
0.472684 4.10747e-05
0.473557 4.09087e-05
0.474432 4.07802e-05
0.475308 4.06173e-05
0.476186 4.04841e-05
0.477065 4.03259e-05
0.477946 4.01878e-05
0.478828 4.00365e-05
0.479713 3.98886e-05
0.480598 3.9745e-05
0.481486 3.95897e-05
0.482375 3.94568e-05
0.483266 3.92953e-05
0.484158 3.91764e-05
0.485052 3.90042e-05
0.485948 3.89044e-05
0.486845 3.87123e-05
0.487744 3.86287e-05
0.488645 3.84384e-05
0.489547 3.83523e-05
0.490451 3.81599e-05
0.491357 3.8072e-05
0.492264 3.78813e-05
0.493173 3.77892e-05
0.494084 3.75999e-05
0.494996 3.75066e-05
0.495911 3.73181e-05
0.496826 3.72239e-05
0.497744 3.70435e-05
0.498663 3.69507e-05
0.499584 3.67817e-05
0.500506 3.66864e-05
0.50143 3.65179e-05
0.502356 3.64193e-05
0.503284 3.62534e-05
0.504213 3.61516e-05
0.505144 3.59882e-05
0.506077 3.58837e-05
0.507012 3.57231e-05
0.507948 3.56154e-05
0.508886 3.54578e-05
0.509826 3.53475e-05
0.510767 3.51958e-05
0.51171 3.50843e-05
0.512655 3.49415e-05
0.513602 3.48327e-05
0.51455 3.46983e-05
0.515501 3.45837e-05
0.516453 3.44534e-05
0.517406 3.43332e-05
0.518362 3.42065e-05
0.519319 3.40798e-05
0.520278 3.39591e-05
0.521239 3.38225e-05
0.522201 3.371e-05
0.523165 3.35621e-05
0.524131 3.34595e-05
0.525099 3.32834e-05
0.526069 3.32116e-05
0.52704 3.30397e-05
0.528014 3.29682e-05
0.528989 3.2805e-05
0.529966 3.27301e-05
0.530944 3.25684e-05
0.531925 3.24916e-05
0.532907 3.23309e-05
0.533891 3.22521e-05
0.534877 3.20912e-05
0.535865 3.20095e-05
0.536854 3.18514e-05
0.537845 3.17681e-05
0.538839 3.16097e-05
0.539834 3.1524e-05
0.54083 3.13691e-05
0.541829 3.12826e-05
0.54283 3.1133e-05
0.543832 3.10488e-05
0.544836 3.09099e-05
0.545842 3.0823e-05
0.54685 3.06859e-05
0.54786 3.0594e-05
0.548872 3.04599e-05
0.549885 3.03656e-05
0.550901 3.02328e-05
0.551918 3.01351e-05
0.552937 3.00057e-05
0.553958 2.99035e-05
0.554981 2.97779e-05
0.556006 2.96741e-05
0.557033 2.95523e-05
0.558061 2.94472e-05
0.559092 2.9333e-05
0.560124 2.9227e-05
0.561159 2.91213e-05
0.562195 2.9009e-05
0.563233 2.89086e-05
0.564273 2.87881e-05
0.565315 2.86945e-05
0.566359 2.85607e-05
0.567405 2.84795e-05
0.568453 2.83287e-05
0.569502 2.82628e-05
0.570554 2.81135e-05
0.571608 2.80461e-05
0.572663 2.78965e-05
0.573721 2.78302e-05
0.57478 2.76862e-05
0.575842 2.76192e-05
0.576905 2.74871e-05
0.57797 2.74193e-05
0.579037 2.7287e-05
0.580107 2.72177e-05
0.581178 2.70865e-05
0.582251 2.70143e-05
0.583326 2.68839e-05
0.584404 2.68114e-05
0.585483 2.66814e-05
0.586564 2.66072e-05
0.587647 2.64797e-05
0.588732 2.64026e-05
0.589819 2.6278e-05
0.590908 2.62004e-05
0.592 2.60799e-05
0.593093 2.60016e-05
0.594188 2.58884e-05
0.595285 2.5808e-05
0.596385 2.56972e-05
0.597486 2.56128e-05
0.598589 2.55037e-05
0.599694 2.54162e-05
0.600802 2.53088e-05
0.601911 2.5218e-05
0.603023 2.51137e-05
0.604136 2.5019e-05
0.605252 2.4918e-05
0.60637 2.4817e-05
0.607489 2.47218e-05
0.608611 2.46169e-05
0.609735 2.45301e-05
0.610861 2.44236e-05
0.611989 2.43461e-05
0.613119 2.42211e-05
0.614251 2.41624e-05
0.615386 2.40348e-05
0.616522 2.39768e-05
0.61766 2.38494e-05
0.618801 2.37895e-05
0.619944 2.36635e-05
0.621088 2.3602e-05
0.622235 2.34771e-05
0.623384 2.34148e-05
0.624535 2.3291e-05
0.625689 2.32285e-05
0.626844 2.31087e-05
0.628002 2.30485e-05
0.629161 2.29385e-05
0.630323 2.28754e-05
0.631487 2.27655e-05
0.632653 2.27013e-05
0.633821 2.25922e-05
0.634992 2.25264e-05
0.636164 2.2419e-05
0.637339 2.23512e-05
0.638516 2.22453e-05
0.639695 2.21753e-05
0.640876 2.20716e-05
0.64206 2.20003e-05
0.643246 2.18991e-05
0.644433 2.18261e-05
0.645623 2.17285e-05
0.646816 2.16555e-05
0.64801 2.15635e-05
0.649207 2.14882e-05
0.650405 2.13986e-05
0.651606 2.13192e-05
0.65281 2.12317e-05
0.654015 2.11482e-05
0.655223 2.10632e-05
0.656433 2.09751e-05
0.657645 2.08943e-05
0.658859 2.0799e-05
0.660076 2.07238e-05
0.661295 2.06203e-05
0.662516 2.05541e-05
0.66374 2.04372e-05
0.664965 2.03877e-05
0.666193 2.02819e-05
0.667423 2.02313e-05
0.668656 2.01243e-05
0.669891 2.0073e-05
0.671128 1.99674e-05
0.672367 1.99141e-05
0.673608 1.98094e-05
0.674852 1.97549e-05
0.676099 1.96513e-05
0.677347 1.95961e-05
0.678598 1.94937e-05
0.679851 1.9438e-05
0.681106 1.93366e-05
0.682364 1.92802e-05
0.683624 1.91812e-05
0.684887 1.91255e-05
0.686151 1.90344e-05
0.687418 1.89768e-05
0.688688 1.88876e-05
0.689959 1.88281e-05
0.691233 1.87399e-05
0.69251 1.86783e-05
0.693789 1.85908e-05
0.69507 1.85273e-05
0.696353 1.84419e-05
0.697639 1.83762e-05
0.698928 1.82925e-05
0.700218 1.82249e-05
0.701511 1.81427e-05
0.702807 1.8074e-05
0.704104 1.79968e-05
0.705405 1.79295e-05
0.706707 1.78581e-05
0.708012 1.77874e-05
0.70932 1.77194e-05
0.710629 1.76443e-05
0.711942 1.75795e-05
0.713256 1.74987e-05
0.714574 1.7439e-05
0.715893 1.73468e-05
0.717215 1.72985e-05
0.718539 1.72011e-05
0.719866 1.71566e-05
0.721196 1.70597e-05
0.722527 1.70151e-05
0.723862 1.69191e-05
0.725198 1.68746e-05
0.726537 1.67856e-05
0.727879 1.67397e-05
0.729223 1.66509e-05
0.73057 1.66038e-05
0.731919 1.65157e-05
0.73327 1.64671e-05
0.734624 1.63802e-05
0.735981 1.63301e-05
0.73734 1.62431e-05
0.738702 1.61923e-05
0.740066 1.61066e-05
0.741432 1.60549e-05
0.742801 1.5971e-05
0.744173 1.59188e-05
0.745547 1.58376e-05
0.746924 1.57869e-05
0.748303 1.57123e-05
0.749685 1.56606e-05
0.75107 1.5588e-05
0.752456 1.55339e-05
0.753846 1.54626e-05
0.755238 1.54066e-05
0.756633 1.53367e-05
0.75803 1.52791e-05
0.75943 1.52105e-05
0.760832 1.51509e-05
0.762237 1.50842e-05
0.763644 1.50214e-05
0.765055 1.49584e-05
0.766467 1.48927e-05
0.767883 1.48332e-05
0.769301 1.47663e-05
0.770721 1.47128e-05
0.772145 1.46415e-05
0.77357 1.45932e-05
0.774999 1.45104e-05
0.77643 1.44723e-05
0.777864 1.43902e-05
0.7793 1.43509e-05
0.780739 1.42692e-05
0.782181 1.4229e-05
0.783625 1.41482e-05
0.785072 1.41071e-05
0.786522 1.4027e-05
0.787974 1.39862e-05
0.78943 1.39074e-05
0.790887 1.38671e-05
0.792348 1.37942e-05
0.793811 1.37535e-05
0.795277 1.36815e-05
0.796745 1.36389e-05
0.798217 1.35674e-05
0.799691 1.35237e-05
0.801167 1.34524e-05
0.802647 1.34076e-05
0.804129 1.33377e-05
0.805614 1.32914e-05
0.807101 1.32225e-05
0.808592 1.31746e-05
0.810085 1.31068e-05
0.811581 1.30592e-05
0.81308 1.29931e-05
0.814581 1.29465e-05
0.816085 1.28858e-05
0.817592 1.2838e-05
0.819102 1.27788e-05
0.820615 1.27291e-05
0.82213 1.26722e-05
0.823648 1.26205e-05
0.825169 1.25646e-05
0.826693 1.25103e-05
0.828219 1.24569e-05
0.829749 1.23992e-05
0.831281 1.23489e-05
0.832816 1.22868e-05
0.834354 1.22404e-05
0.835895 1.21713e-05
0.837438 1.21336e-05
0.838985 1.20639e-05
0.840534 1.20306e-05
0.842086 1.19619e-05
0.843641 1.19281e-05
0.845199 1.18596e-05
0.84676 1.1825e-05
0.848323 1.17571e-05
0.84989 1.17214e-05
0.851459 1.16537e-05
0.853031 1.16175e-05
0.854607 1.15508e-05
0.856185 1.15145e-05
0.857766 1.14487e-05
0.85935 1.14113e-05
0.860937 1.13474e-05
0.862526 1.13115e-05
0.864119 1.12508e-05
0.865715 1.12145e-05
0.867313 1.11558e-05
0.868915 1.11183e-05
0.87052 1.10605e-05
0.872127 1.10217e-05
0.873738 1.09642e-05
0.875351 1.09243e-05
0.876967 1.08682e-05
0.878587 1.08267e-05
0.880209 1.07714e-05
0.881835 1.07288e-05
0.883463 1.06753e-05
0.885094 1.06311e-05
0.886729 1.05791e-05
0.888366 1.05354e-05
0.890007 1.04872e-05
0.89165 1.04419e-05
0.893297 1.03957e-05
0.894946 1.03479e-05
0.896599 1.03039e-05
0.898255 1.02529e-05
0.899913 1.02113e-05
0.901575 1.01568e-05
0.90324 1.01191e-05
0.904908 1.00561e-05
0.906579 1.00267e-05
0.908253 9.9643e-06
0.90993 9.93463e-06
0.911611 9.87334e-06
0.913294 9.84472e-06
0.91498 9.78726e-06
0.91667 9.75795e-06
0.918363 9.70231e-06
0.920059 9.67239e-06
0.921758 9.61678e-06
0.92346 9.58662e-06
0.925165 9.53134e-06
0.926873 9.50038e-06
0.928585 9.44558e-06
0.9303 9.41359e-06
0.932018 9.35942e-06
0.933739 9.32636e-06
0.935463 9.2725e-06
0.93719 9.23918e-06
0.938921 9.18667e-06
0.940655 9.15337e-06
0.942392 9.10436e-06
0.944132 9.07034e-06
0.945875 9.02265e-06
0.947622 8.98773e-06
0.949372 8.94073e-06
0.951125 8.90465e-06
0.952881 8.85843e-06
0.954641 8.82137e-06
0.956404 8.77634e-06
0.95817 8.73799e-06
0.959939 8.69408e-06
0.961712 8.6548e-06
0.963488 8.61249e-06
0.965267 8.57178e-06
0.967049 8.53262e-06
0.968835 8.49183e-06
0.970624 8.45623e-06
0.972417 8.41383e-06
0.974212 8.38137e-06
0.976011 8.33451e-06
0.977814 8.30615e-06
0.979619 8.25513e-06
0.981428 8.23024e-06
0.983241 8.17945e-06
0.985056 8.15447e-06
0.986875 8.1037e-06
0.988698 8.07825e-06
0.990523 8.02826e-06
0.992352 8.00204e-06
0.994185 7.95273e-06
0.996021 7.9268e-06
0.99786 7.87954e-06
0.999703 7.85378e-06
1.00155 7.80767e-06
1.0034 7.78099e-06
1.00525 7.73551e-06
1.00711 7.70835e-06
1.00897 7.6629e-06
1.01083 7.63478e-06
1.0127 7.58997e-06
1.01457 7.56126e-06
1.01644 7.51702e-06
1.01832 7.48776e-06
1.0202 7.44427e-06
1.02208 7.41436e-06
1.02397 7.3722e-06
1.02586 7.34233e-06
1.02775 7.30296e-06
1.02965 7.27265e-06
1.03155 7.23515e-06
1.03346 7.20396e-06
1.03537 7.16681e-06
1.03728 7.13468e-06
1.03919 7.09869e-06
1.04111 7.06508e-06
1.04304 7.03039e-06
1.04496 6.99511e-06
1.04689 6.96223e-06
1.04882 6.9251e-06
1.05076 6.89459e-06
1.0527 6.85507e-06
1.05465 6.82785e-06
1.05659 6.78396e-06
1.05854 6.76394e-06
1.0605 6.72177e-06
1.06246 6.70128e-06
1.06442 6.65919e-06
1.06638 6.63818e-06
1.06835 6.59648e-06
1.07033 6.57505e-06
1.0723 6.53365e-06
1.07428 6.51143e-06
1.07627 6.47053e-06
1.07825 6.44822e-06
1.08025 6.40754e-06
1.08224 6.38516e-06
1.08424 6.34495e-06
1.08624 6.3223e-06
1.08825 6.28439e-06
1.09026 6.26133e-06
1.09227 6.22468e-06
1.09429 6.20126e-06
1.09631 6.16487e-06
1.09833 6.1408e-06
1.10036 6.10488e-06
1.10239 6.0799e-06
1.10443 6.04436e-06
1.10647 6.019e-06
1.10851 5.98403e-06
1.11056 5.95779e-06
1.11261 5.9237e-06
1.11466 5.89682e-06
1.11672 5.86398e-06
1.11878 5.83717e-06
1.12085 5.80638e-06
1.12292 5.77953e-06
1.12499 5.75055e-06
1.12707 5.72191e-06
1.12915 5.69415e-06
1.13124 5.66406e-06
1.13333 5.63759e-06
1.13542 5.60588e-06
1.13751 5.58085e-06
1.13962 5.54615e-06
1.14172 5.52412e-06
1.14383 5.48578e-06
1.14594 5.46745e-06
1.14806 5.42977e-06
1.15018 5.4118e-06
1.1523 5.37558e-06
1.15443 5.35777e-06
1.15656 5.32365e-06
1.1587 5.30511e-06
1.16083 5.27108e-06
1.16298 5.25235e-06
1.16513 5.21839e-06
1.16728 5.19923e-06
1.16943 5.16562e-06
1.17159 5.14609e-06
1.17376 5.11278e-06
1.17592 5.09294e-06
1.1781 5.05993e-06
1.18027 5.03976e-06
1.18245 5.00743e-06
1.18463 4.98735e-06
1.18682 4.95663e-06
1.18901 4.93642e-06
1.19121 4.90723e-06
1.19341 4.88625e-06
1.19561 4.85729e-06
1.19782 4.83565e-06
1.20003 4.80727e-06
1.20225 4.78493e-06
1.20447 4.75701e-06
1.20669 4.73397e-06
1.20892 4.70669e-06
1.21115 4.68298e-06
1.21339 4.65659e-06
1.21563 4.632e-06
1.21787 4.60693e-06
1.22012 4.58231e-06
1.22238 4.55933e-06
1.22463 4.53419e-06
1.2269 4.51308e-06
1.22916 4.48621e-06
1.23143 4.46657e-06
1.2337 4.4351e-06
1.23598 4.4202e-06
1.23826 4.38892e-06
1.24055 4.37379e-06
1.24284 4.34274e-06
1.24514 4.32723e-06
1.24744 4.29663e-06
1.24974 4.28104e-06
1.25205 4.2509e-06
1.25436 4.23544e-06
1.25668 4.20648e-06
1.259 4.19095e-06
1.26132 4.16359e-06
1.26365 4.14788e-06
1.26598 4.12052e-06
1.26832 4.10415e-06
1.27066 4.07718e-06
1.27301 4.06045e-06
1.27536 4.03353e-06
1.27772 4.01661e-06
1.28008 3.98996e-06
1.28244 3.97271e-06
1.28481 3.9465e-06
1.28718 3.92863e-06
1.28956 3.9034e-06
1.29194 3.88578e-06
1.29432 3.86165e-06
1.29671 3.84417e-06
1.29911 3.82148e-06
1.30151 3.80326e-06
1.30391 3.78103e-06
1.30632 3.7623e-06
1.30873 3.74067e-06
1.31115 3.72113e-06
1.31357 3.70002e-06
1.31599 3.67967e-06
1.31842 3.65933e-06
1.32086 3.63807e-06
1.3233 3.61889e-06
1.32574 3.59655e-06
1.32819 3.57889e-06
1.33064 3.55525e-06
1.3331 3.54001e-06
1.33556 3.51477e-06
1.33803 3.5023e-06
1.3405 3.4773e-06
1.34297 3.46457e-06
1.34545 3.43947e-06
1.34794 3.42668e-06
1.35043 3.40179e-06
1.35292 3.38846e-06
1.35542 3.36388e-06
1.35792 3.35038e-06
1.36043 3.32595e-06
1.36294 3.31228e-06
1.36546 3.28829e-06
1.36798 3.27463e-06
1.37051 3.25168e-06
1.37304 3.23844e-06
1.37557 3.21646e-06
1.37811 3.20291e-06
1.38066 3.18123e-06
1.38321 3.16715e-06
1.38576 3.14577e-06
1.38832 3.13143e-06
1.39088 3.11043e-06
1.39345 3.09551e-06
1.39603 3.07485e-06
1.3986 3.05962e-06
1.40119 3.03943e-06
1.40377 3.02385e-06
1.40637 3.00427e-06
1.40896 2.98863e-06
1.41157 2.96997e-06
1.41417 2.95455e-06
1.41678 2.93721e-06
1.4194 2.92118e-06
1.42202 2.90428e-06
1.42465 2.88739e-06
1.42728 2.87125e-06
1.42991 2.85331e-06
1.43255 2.83808e-06
1.4352 2.81898e-06
1.43785 2.8049e-06
1.4405 2.78315e-06
1.44316 2.77206e-06
1.44583 2.74993e-06
1.4485 2.73949e-06
1.45117 2.71807e-06
1.45385 2.70773e-06
1.45654 2.68784e-06
1.45923 2.67724e-06
1.46192 2.65748e-06
1.46462 2.64672e-06
1.46733 2.6269e-06
1.47004 2.61592e-06
1.47275 2.5963e-06
1.47547 2.58512e-06
1.47819 2.56581e-06
1.48092 2.55426e-06
1.48366 2.53514e-06
1.4864 2.52356e-06
1.48914 2.50476e-06
1.49189 2.49325e-06
1.49465 2.4753e-06
1.49741 2.46395e-06
1.50017 2.44697e-06
1.50294 2.43526e-06
1.50572 2.41856e-06
1.5085 2.40654e-06
1.51129 2.39011e-06
1.51408 2.37774e-06
1.51687 2.36163e-06
1.51967 2.34878e-06
1.52248 2.3329e-06
1.52529 2.31968e-06
1.52811 2.30436e-06
1.53093 2.29066e-06
1.53376 2.27597e-06
1.53659 2.26212e-06
1.53943 2.24833e-06
1.54227 2.23468e-06
1.54512 2.22209e-06
1.54797 2.20752e-06
1.55083 2.19559e-06
1.55369 2.17977e-06
1.55656 2.16911e-06
1.55944 2.15121e-06
1.56231 2.14255e-06
1.5652 2.12487e-06
1.56809 2.11612e-06
1.57099 2.09843e-06
1.57389 2.08972e-06
1.57679 2.07235e-06
1.5797 2.06359e-06
1.58262 2.04679e-06
1.58554 2.03825e-06
1.58847 2.02276e-06
1.59141 2.01395e-06
1.59434 1.99861e-06
1.59729 1.98968e-06
1.60024 1.97443e-06
1.60319 1.96519e-06
1.60615 1.95005e-06
1.60912 1.94062e-06
1.61209 1.92572e-06
1.61507 1.91605e-06
1.61805 1.90141e-06
1.62104 1.89158e-06
1.62403 1.87732e-06
1.62703 1.86747e-06
1.63003 1.85379e-06
1.63304 1.84415e-06
1.63606 1.83136e-06
1.63908 1.82157e-06
1.64211 1.8089e-06
1.64514 1.7987e-06
1.64818 1.78634e-06
1.65122 1.7758e-06
1.65427 1.7639e-06
1.65733 1.75285e-06
1.66039 1.7413e-06
1.66345 1.72984e-06
1.66652 1.71892e-06
1.6696 1.70693e-06
1.67268 1.69669e-06
1.67577 1.68414e-06
1.67887 1.67506e-06
1.68197 1.662e-06
1.68507 1.65466e-06
1.68819 1.64085e-06
1.6913 1.63409e-06
1.69443 1.6203e-06
1.69756 1.61347e-06
1.70069 1.59974e-06
1.70383 1.59276e-06
1.70698 1.5791e-06
1.71013 1.57192e-06
1.71329 1.55839e-06
1.71645 1.55109e-06
1.71962 1.53774e-06
1.7228 1.5305e-06
1.72598 1.5176e-06
1.72916 1.51044e-06
1.73236 1.49853e-06
1.73556 1.49121e-06
1.73876 1.47934e-06
1.74197 1.47189e-06
1.74519 1.46017e-06
1.74841 1.45249e-06
1.75164 1.44093e-06
1.75487 1.43302e-06
1.75812 1.42162e-06
1.76136 1.41361e-06
1.76461 1.40253e-06
1.76787 1.39432e-06
1.77114 1.38356e-06
1.77441 1.37528e-06
1.77768 1.36507e-06
1.78097 1.35697e-06
1.78426 1.34749e-06
1.78755 1.33912e-06
1.79085 1.32986e-06
1.79416 1.32109e-06
1.79747 1.31227e-06
1.80079 1.30305e-06
1.80412 1.29458e-06
1.80745 1.2848e-06
1.81079 1.27687e-06
1.81413 1.26634e-06
1.81748 1.25923e-06
1.82084 1.24714e-06
1.8242 1.24165e-06
1.82757 1.22988e-06
1.83094 1.22448e-06
1.83432 1.21387e-06
1.83771 1.20838e-06
1.8411 1.19783e-06
1.8445 1.19218e-06
1.84791 1.18166e-06
1.85132 1.17597e-06
1.85474 1.16552e-06
1.85816 1.15966e-06
1.8616 1.14939e-06
1.86503 1.14352e-06
1.86848 1.13331e-06
1.87193 1.1273e-06
1.87538 1.11734e-06
1.87885 1.11135e-06
1.88232 1.1017e-06
1.88579 1.09597e-06
1.88928 1.08707e-06
1.89276 1.08115e-06
1.89626 1.07235e-06
1.89976 1.06624e-06
1.90327 1.05753e-06
1.90678 1.05133e-06
1.9103 1.04274e-06
1.91383 1.03631e-06
1.91737 1.0279e-06
1.92091 1.02129e-06
1.92445 1.01307e-06
1.92801 1.0062e-06
1.93157 9.9836e-07
1.93514 9.91329e-07
1.93871 9.83901e-07
1.94229 9.77094e-07
1.94588 9.7041e-07
1.94947 9.63205e-07
1.95307 9.56863e-07
1.95667 9.49159e-07
1.96029 9.43265e-07
1.96391 9.34616e-07
1.96753 9.2963e-07
1.97117 9.20356e-07
1.97481 9.15948e-07
1.97845 9.06735e-07
1.98211 9.02329e-07
1.98577 8.9323e-07
1.98943 8.88828e-07
1.99311 8.79948e-07
1.99679 8.7573e-07
2.00048 8.67664e-07
2.00417 8.63327e-07
2.00787 8.55402e-07
2.01158 8.50998e-07
2.01529 8.43111e-07
2.01902 8.38536e-07
2.02274 8.30765e-07
2.02648 8.26174e-07
2.03022 8.18418e-07
2.03397 8.13722e-07
2.03773 8.06138e-07
2.04149 8.01351e-07
2.04526 7.93956e-07
2.04904 7.89141e-07
2.05282 7.81937e-07
2.05661 7.77273e-07
2.06041 7.70727e-07
2.06421 7.65897e-07
2.06802 7.59449e-07
2.07184 7.54464e-07
2.07567 7.48186e-07
2.0795 7.42961e-07
2.08334 7.36838e-07
2.08719 7.31447e-07
2.09104 7.25514e-07
2.0949 7.199e-07
2.09877 7.14202e-07
2.10265 7.08369e-07
2.10653 7.02966e-07
2.11042 6.96844e-07
2.11432 6.91961e-07
2.11822 6.85942e-07
2.12213 6.81795e-07
2.12605 6.74889e-07
2.12998 6.71634e-07
2.13391 6.6477e-07
2.13785 6.61442e-07
2.1418 6.5463e-07
2.14576 6.51255e-07
2.14972 6.4449e-07
2.15369 6.41038e-07
2.15766 6.34366e-07
2.16165 6.30874e-07
2.16564 6.24288e-07
2.16964 6.20847e-07
2.17365 6.14402e-07
2.17766 6.11075e-07
2.18168 6.05167e-07
2.18571 6.01757e-07
2.18975 5.95979e-07
2.19379 5.92454e-07
2.19784 5.86702e-07
2.2019 5.83123e-07
2.20597 5.77472e-07
2.21004 5.73792e-07
2.21412 5.6823e-07
2.21821 5.6445e-07
2.2223 5.58971e-07
2.22641 5.55117e-07
2.23052 5.49807e-07
2.23464 5.45887e-07
2.23876 5.40805e-07
2.2429 5.37081e-07
2.24704 5.32482e-07
2.25119 5.28648e-07
2.25535 5.24189e-07
2.25951 5.202e-07
2.26368 5.15868e-07
2.26786 5.11689e-07
2.27205 5.07567e-07
2.27625 5.03141e-07
2.28045 4.99242e-07
2.28466 4.9454e-07
2.28888 4.90956e-07
2.29311 4.85756e-07
2.29734 4.82733e-07
2.30158 4.77118e-07
2.30583 4.74701e-07
2.31009 4.69587e-07
2.31436 4.67168e-07
2.31863 4.62123e-07
2.32291 4.59659e-07
2.3272 4.54668e-07
2.3315 4.52134e-07
2.33581 4.4717e-07
2.34012 4.44589e-07
2.34444 4.39661e-07
2.34877 4.37045e-07
2.35311 4.32187e-07
2.35745 4.2951e-07
2.36181 4.24746e-07
2.36617 4.22083e-07
2.37054 4.17441e-07
2.37491 4.14857e-07
2.3793 4.10622e-07
2.38369 4.08013e-07
2.38809 4.03909e-07
2.3925 4.01227e-07
2.39692 3.97164e-07
2.40135 3.94396e-07
2.40578 3.90414e-07
2.41023 3.87548e-07
2.41468 3.83652e-07
2.41914 3.80682e-07
2.4236 3.76894e-07
2.42808 3.73857e-07
2.43256 3.70188e-07
2.43705 3.67082e-07
2.44155 3.63641e-07
2.44606 3.60642e-07
2.45058 3.57555e-07
2.4551 3.54462e-07
2.45964 3.51584e-07
2.46418 3.48304e-07
2.46873 3.45583e-07
2.47329 3.42025e-07
2.47786 3.39568e-07
2.48243 3.35401e-07
2.48702 3.33557e-07
2.49161 3.29433e-07
2.49621 3.27581e-07
2.50082 3.23504e-07
2.50544 3.21635e-07
2.51006 3.17658e-07
2.5147 3.15869e-07
2.51934 3.12248e-07
2.52399 3.10425e-07
2.52866 3.06942e-07
2.53333 3.0509e-07
2.538 3.01615e-07
2.54269 2.99742e-07
2.54739 2.96281e-07
2.55209 2.94345e-07
2.5568 2.9096e-07
2.56152 2.88961e-07
2.56625 2.85626e-07
2.57099 2.8362e-07
2.57574 2.80332e-07
2.5805 2.7831e-07
2.58526 2.75146e-07
2.59004 2.73182e-07
2.59482 2.70278e-07
2.59961 2.68317e-07
2.60441 2.65524e-07
2.60922 2.63484e-07
2.61404 2.60763e-07
2.61886 2.58637e-07
2.6237 2.5598e-07
2.62855 2.53772e-07
2.6334 2.51189e-07
2.63826 2.48913e-07
2.64313 2.46444e-07
2.64801 2.44044e-07
2.6529 2.41714e-07
2.6578 2.39247e-07
2.66271 2.37111e-07
2.66763 2.34663e-07
2.67255 2.32792e-07
2.67749 2.30177e-07
2.68243 2.2859e-07
2.68739 2.25655e-07
2.69235 2.24348e-07
2.69732 2.21443e-07
2.7023 2.20107e-07
2.70729 2.172e-07
2.71229 2.15846e-07
2.7173 2.12989e-07
2.72232 2.11606e-07
2.72735 2.08789e-07
2.73238 2.07415e-07
2.73743 2.04656e-07
2.74248 2.03341e-07
2.74755 2.00823e-07
2.75262 1.99504e-07
2.7577 1.97117e-07
2.7628 1.95769e-07
2.7679 1.93407e-07
2.77301 1.92029e-07
2.77813 1.89697e-07
2.78326 1.88266e-07
2.7884 1.85968e-07
2.79355 1.84517e-07
2.79871 1.82267e-07
2.80387 1.80762e-07
2.80905 1.78571e-07
2.81424 1.77065e-07
2.81944 1.74962e-07
2.82464 1.73503e-07
2.82986 1.71595e-07
2.83508 1.70124e-07
2.84032 1.68339e-07
2.84556 1.66808e-07
2.85082 1.65068e-07
2.85608 1.63461e-07
2.86136 1.61787e-07
2.86664 1.60106e-07
2.87193 1.5852e-07
2.87724 1.56725e-07
2.88255 1.55257e-07
2.88787 1.53334e-07
2.89321 1.52018e-07
2.89855 1.49759e-07
2.9039 1.48871e-07
2.90926 1.46798e-07
2.91464 1.45926e-07
2.92002 1.43957e-07
2.92541 1.43048e-07
2.93081 1.41105e-07
2.93623 1.40176e-07
2.94165 1.38243e-07
2.94708 1.37303e-07
2.95252 1.35378e-07
2.95797 1.3441e-07
2.96344 1.32521e-07
2.96891 1.31551e-07
2.97439 1.29683e-07
2.97988 1.28698e-07
2.98539 1.26896e-07
2.9909 1.25957e-07
2.99642 1.24304e-07
3.00195 1.23379e-07
3.0075 1.2182e-07
3.01305 1.20872e-07
3.01862 1.19331e-07
3.02419 1.18348e-07
3.02977 1.16841e-07
3.03537 1.15822e-07
3.04097 1.14343e-07
3.04659 1.13293e-07
3.05222 1.11861e-07
3.05785 1.1077e-07
3.0635 1.09383e-07
3.06916 1.08278e-07
3.07482 1.0697e-07
3.0805 1.05892e-07
3.08619 1.04707e-07
3.09189 1.03631e-07
3.0976 1.02539e-07
3.10332 1.01403e-07
3.10905 1.0038e-07
3.11479 9.9156e-08
3.12054 9.82049e-08
3.1263 9.68609e-08
3.13208 9.60338e-08
3.13786 9.45113e-08
3.14365 9.38674e-08
3.14946 9.23659e-08
3.15528 9.17266e-08
3.1611 9.02548e-08
3.16694 8.96493e-08
3.17279 8.82974e-08
3.17865 8.77019e-08
3.18452 8.64393e-08
3.1904 8.58243e-08
3.19629 8.45756e-08
3.20219 8.39453e-08
3.2081 8.27048e-08
3.21403 8.20549e-08
3.21996 8.08315e-08
3.22591 8.01761e-08
3.23187 7.89625e-08
3.23783 7.82926e-08
3.24381 7.71094e-08
3.2498 7.64277e-08
3.2558 7.52851e-08
3.26182 7.4634e-08
3.26784 7.35971e-08
3.27387 7.29597e-08
3.27992 7.19999e-08
3.28598 7.13355e-08
3.29204 7.03983e-08
3.29812 6.97107e-08
3.30421 6.87958e-08
3.31031 6.80848e-08
3.31643 6.71874e-08
3.32255 6.64467e-08
3.32869 6.55884e-08
3.33483 6.48228e-08
3.34099 6.40038e-08
3.34716 6.32055e-08
3.35334 6.24553e-08
3.35953 6.16604e-08
3.36574 6.10097e-08
3.37195 6.02062e-08
3.37818 5.96395e-08
3.38442 5.8709e-08
3.39067 5.8275e-08
3.39693 5.73059e-08
3.4032 5.69008e-08
3.40949 5.59353e-08
3.41578 5.55207e-08
3.42209 5.45736e-08
3.42841 5.41522e-08
3.43474 5.32182e-08
3.44108 5.28003e-08
3.44744 5.18853e-08
3.4538 5.14844e-08
3.46018 5.06445e-08
3.46657 5.02536e-08
3.47297 4.9493e-08
3.47939 4.90879e-08
3.48581 4.833e-08
3.49225 4.79185e-08
3.4987 4.71685e-08
3.50516 4.67439e-08
3.51163 4.60071e-08
3.51811 4.55687e-08
3.52461 4.48442e-08
3.53112 4.43972e-08
3.53764 4.36922e-08
3.54417 4.32412e-08
3.55072 4.25613e-08
3.55727 4.2123e-08
3.56384 4.15098e-08
3.57042 4.10838e-08
3.57702 4.05235e-08
3.58362 4.00796e-08
3.59024 3.95394e-08
3.59687 3.90719e-08
3.60351 3.85486e-08
3.61017 3.80599e-08
3.61683 3.75608e-08
3.62351 3.70428e-08
3.6302 3.65742e-08
3.63691 3.60223e-08
3.64362 3.55971e-08
3.65035 3.49997e-08
3.65709 3.46464e-08
3.66384 3.40016e-08
3.67061 3.37632e-08
3.67739 3.31866e-08
3.68418 3.29413e-08
3.69098 3.23657e-08
3.6978 3.21157e-08
3.70463 3.15429e-08
3.71147 3.12903e-08
3.71832 3.07221e-08
3.72519 3.04626e-08
3.73207 2.99011e-08
3.73896 2.96357e-08
3.74586 2.90861e-08
3.75278 2.88207e-08
3.75971 2.82842e-08
3.76665 2.80273e-08
3.77361 2.75356e-08
3.78058 2.72901e-08
3.78756 2.68537e-08
3.79455 2.65995e-08
3.80156 2.61692e-08
3.80858 2.59065e-08
3.81561 2.54828e-08
3.82266 2.52129e-08
3.82972 2.47964e-08
3.83679 2.45175e-08
3.84387 2.41111e-08
3.85097 2.38285e-08
3.85808 2.3433e-08
3.86521 2.31411e-08
3.87234 2.27681e-08
3.87949 2.24835e-08
3.88666 2.21505e-08
3.89384 2.18796e-08
3.90103 2.15814e-08
3.90823 2.12951e-08
3.91545 2.10119e-08
3.92268 2.07038e-08
3.92992 2.04418e-08
3.93718 2.01076e-08
3.94445 1.98693e-08
3.95173 1.94845e-08
3.95903 1.93005e-08
3.96634 1.8892e-08
3.97366 1.87368e-08
3.981 1.83361e-08
3.98835 1.81872e-08
3.99572 1.78166e-08
4.0031 1.76762e-08
4.01049 1.73496e-08
4.01789 1.72047e-08
4.02531 1.68819e-08
4.03275 1.67328e-08
4.04019 1.64126e-08
4.04765 1.62598e-08
4.05513 1.59435e-08
4.06262 1.57858e-08
4.07012 1.54742e-08
4.07763 1.53133e-08
4.08516 1.50075e-08
4.09271 1.48474e-08
4.10027 1.45507e-08
4.10784 1.43953e-08
4.11542 1.4124e-08
4.12302 1.39782e-08
4.13064 1.3743e-08
4.13826 1.35931e-08
4.14591 1.33627e-08
4.15356 1.32051e-08
4.16123 1.29798e-08
4.16892 1.28159e-08
4.17661 1.2597e-08
4.18433 1.24274e-08
4.19205 1.22153e-08
4.19979 1.20392e-08
4.20755 1.18366e-08
4.21532 1.16536e-08
4.2231 1.14683e-08
4.2309 1.12855e-08
4.23871 1.11229e-08
4.24654 1.09494e-08
4.25438 1.08121e-08
4.26224 1.06203e-08
4.27011 1.05007e-08
4.278 1.02748e-08
4.2859 1.01878e-08
4.29381 9.96375e-09
4.30174 9.87473e-09
4.30968 9.65322e-09
4.31764 9.56342e-09
4.32561 9.34453e-09
4.3336 9.25457e-09
4.3416 9.03991e-09
4.34962 8.95415e-09
4.35765 8.75502e-09
4.3657 8.67685e-09
4.37376 8.50735e-09
4.38184 8.42655e-09
4.38993 8.25821e-09
4.39804 8.17399e-09
4.40616 8.00888e-09
4.41429 7.92188e-09
4.42245 7.75784e-09
4.43061 7.66932e-09
4.43879 7.50874e-09
4.44699 7.41758e-09
4.4552 7.26064e-09
4.46343 7.16815e-09
4.47167 7.01748e-09
4.47993 6.92766e-09
4.4882 6.78935e-09
4.49649 6.707e-09
4.50479 6.5902e-09
4.51311 6.50444e-09
4.52144 6.39105e-09
4.52979 6.29974e-09
4.53816 6.19038e-09
4.54654 6.09469e-09
4.55493 5.98917e-09
4.56335 5.88858e-09
4.57177 5.78969e-09
4.58021 5.68198e-09
4.58867 5.59084e-09
4.59715 5.47587e-09
4.60564 5.39705e-09
4.61414 5.27202e-09
4.62266 5.21674e-09
4.6312 5.10229e-09
4.63975 5.05865e-09
4.64832 4.94438e-09
4.6569 4.90016e-09
4.6655 4.78646e-09
4.67411 4.74084e-09
4.68275 4.6281e-09
4.69139 4.58157e-09
4.70006 4.46982e-09
4.70874 4.42209e-09
4.71743 4.31274e-09
4.72614 4.26516e-09
4.73487 4.15846e-09
4.74361 4.11176e-09
4.75237 4.01274e-09
4.76115 3.97166e-09
4.76994 3.88935e-09
4.77875 3.84645e-09
4.78757 3.7654e-09
4.79641 3.72086e-09
4.80527 3.64122e-09
4.81414 3.59518e-09
4.82303 3.51637e-09
4.83194 3.46858e-09
4.84086 3.39245e-09
4.8498 3.34309e-09
4.85876 3.26881e-09
4.86773 3.21846e-09
4.87672 3.14809e-09
4.88572 3.09752e-09
4.89475 3.03428e-09
4.90378 2.99059e-09
4.91284 2.93831e-09
4.92191 2.89147e-09
4.931 2.84183e-09
4.94011 2.79202e-09
4.94923 2.7449e-09
4.95837 2.6911e-09
4.96752 2.64802e-09
4.9767 2.58827e-09
4.98589 2.55124e-09
4.99509 2.47963e-09
5.00432 2.45523e-09
5.01356 2.38495e-09
5.02282 2.36134e-09
5.03209 2.29495e-09
5.04138 2.27422e-09
5.05069 2.2211e-09
5.06002 2.19944e-09
5.06936 2.14684e-09
5.07873 2.1245e-09
5.0881 2.07217e-09
5.0975 2.04957e-09
5.10691 1.99758e-09
5.11634 1.97416e-09
5.12579 1.92301e-09
5.13526 1.8991e-09
5.14474 1.84903e-09
5.15424 1.82464e-09
5.16376 1.7759e-09
5.17329 1.75218e-09
5.18285 1.70686e-09
5.19242 1.68636e-09
5.202 1.64999e-09
5.21161 1.62862e-09
5.22123 1.59268e-09
5.23088 1.57031e-09
5.24054 1.53524e-09
5.25021 1.51204e-09
5.25991 1.47746e-09
5.26962 1.45321e-09
5.27935 1.42016e-09
5.2891 1.39482e-09
5.29887 1.36295e-09
5.30865 1.3367e-09
5.31846 1.30708e-09
5.32828 1.28014e-09
5.33812 1.25432e-09
5.34797 1.23145e-09
5.35785 1.21133e-09
5.36774 1.18631e-09
5.37765 1.16818e-09
5.38758 1.1397e-09
5.39753 1.12478e-09
5.4075 1.09271e-09
5.41749 1.08132e-09
5.42749 1.04956e-09
5.43751 1.03806e-09
5.44755 1.00656e-09
5.45761 9.95127e-10
5.46769 9.64317e-10
5.47779 9.53151e-10
5.4879 9.23744e-10
5.49804 9.14406e-10
5.50819 8.91707e-10
5.51836 8.81937e-10
5.52855 8.59519e-10
5.53876 8.49411e-10
5.54899 8.27186e-10
5.55923 8.16719e-10
5.5695 7.94805e-10
5.57979 7.83922e-10
5.59009 7.62389e-10
5.60041 7.51245e-10
5.61075 7.30201e-10
5.62111 7.18862e-10
5.63149 6.98503e-10
5.64189 6.87226e-10
5.65231 6.68285e-10
5.66275 6.58857e-10
5.67321 6.44284e-10
5.68368 6.34354e-10
5.69418 6.20195e-10
5.70469 6.09771e-10
5.71523 5.96019e-10
5.72578 5.84983e-10
5.73635 5.71775e-10
5.74695 5.60152e-10
5.75756 5.47534e-10
5.76819 5.35093e-10
5.77884 5.23521e-10
5.78951 5.10278e-10
5.8002 4.99912e-10
5.81092 4.85615e-10
5.82165 4.77731e-10
5.8324 4.64349e-10
5.84317 4.59922e-10
5.85396 4.46754e-10
5.86477 4.42204e-10
5.8756 4.29107e-10
5.88645 4.24365e-10
5.89732 4.11375e-10
5.90821 4.06532e-10
5.91912 3.93683e-10
5.93005 3.88728e-10
5.941 3.7604e-10
5.95197 3.71033e-10
5.96296 3.58651e-10
5.97397 3.53799e-10
5.985 3.41998e-10
5.99605 3.37946e-10
6.00713 3.29032e-10
6.01822 3.24836e-10
6.02933 3.16218e-10
6.04047 3.11927e-10
6.05162 3.03326e-10
6.06279 2.98812e-10
6.07399 2.90421e-10
6.08521 2.85723e-10
6.09644 2.77535e-10
6.1077 2.72675e-10
6.11898 2.64665e-10
6.13028 2.5967e-10
6.1416 2.5206e-10
6.15294 2.47022e-10
6.1643 2.40055e-10
6.17569 2.35875e-10
6.18709 2.30527e-10
6.19851 2.2623e-10
6.20996 2.21258e-10
6.22143 2.16649e-10
6.23292 2.11883e-10
6.24443 2.06919e-10
6.25596 2.02508e-10
6.26751 1.9706e-10
6.27908 1.93124e-10
6.29068 1.86995e-10
6.30229 1.83844e-10
6.31393 1.76792e-10
6.32559 1.7472e-10
6.33727 1.67939e-10
6.34897 1.66223e-10
6.3607 1.61128e-10
6.37244 1.59422e-10
6.38421 1.54578e-10
6.396 1.52771e-10
6.40781 1.47986e-10
6.41964 1.46133e-10
6.4315 1.41379e-10
6.44338 1.39464e-10
6.45527 1.34735e-10
6.46719 1.32767e-10
6.47914 1.28146e-10
6.4911 1.26138e-10
6.50309 1.21654e-10
6.5151 1.19698e-10
6.52713 1.15445e-10
6.53918 1.1382e-10
6.55126 1.10594e-10
6.56335 1.08982e-10
6.57547 1.0597e-10
6.58761 1.04254e-10
6.59978 1.01295e-10
6.61197 9.95178e-11
6.62418 9.66214e-11
6.63641 9.47532e-11
6.64866 9.19432e-11
6.66094 8.99642e-11
6.67324 8.72952e-11
6.68556 8.52464e-11
6.69791 8.27167e-11
6.71028 8.06189e-11
6.72267 7.84058e-11
6.73508 7.66595e-11
6.74752 7.49973e-11
6.75998 7.32248e-11
6.77246 7.17589e-11
6.78497 6.97785e-11
6.7975 6.84938e-11
6.81005 6.59893e-11
6.82263 6.52226e-11
6.83522 6.2734e-11
6.84785 6.19579e-11
6.86049 5.94949e-11
6.87316 5.87032e-11
6.88585 5.62952e-11
6.89857 5.55205e-11
6.91131 5.32088e-11
6.92407 5.25795e-11
6.93686 5.08303e-11
6.94967 5.02147e-11
6.9625 4.86079e-11
6.97536 4.79629e-11
6.98824 4.63719e-11
7.00114 4.56972e-11
7.01407 4.4129e-11
7.02702 4.34359e-11
7.04 4.18858e-11
7.053 4.11658e-11
7.06602 3.96483e-11
7.07907 3.89118e-11
7.09214 3.74378e-11
7.10524 3.67096e-11
7.11836 3.53385e-11
7.1315 3.47354e-11
7.14467 3.37008e-11
7.15787 3.31163e-11
7.17108 3.21942e-11
7.18433 3.15692e-11
7.19759 3.06689e-11
7.21088 3.00178e-11
7.2242 2.91468e-11
7.23754 2.84476e-11
7.2509 2.76155e-11
7.26429 2.687e-11
7.27771 2.60893e-11
7.29115 2.5304e-11
7.30461 2.4599e-11
7.3181 2.37514e-11
7.33161 2.31904e-11
7.34515 2.24478e-11
7.35872 2.20818e-11
7.3723 2.12984e-11
7.38592 2.10614e-11
7.39956 2.02792e-11
7.41322 2.00348e-11
7.42691 1.92558e-11
7.44062 1.90036e-11
7.45436 1.82308e-11
7.46813 1.79724e-11
7.48192 1.7208e-11
7.49574 1.69426e-11
7.50958 1.61981e-11
7.52345 1.59373e-11
7.53734 1.52254e-11
7.55126 1.50105e-11
7.5652 1.44708e-11
7.57917 1.42718e-11
7.59317 1.37951e-11
7.60719 1.35854e-11
7.62124 1.31154e-11
7.63531 1.2894e-11
7.64941 1.24303e-11
7.66353 1.22005e-11
7.67769 1.17465e-11
7.69186 1.15066e-11
7.70607 1.10633e-11
7.7203 1.08129e-11
7.73455 1.03889e-11
7.74884 1.01368e-11
7.76315 9.74788e-12
7.77748 9.54095e-12
7.79184 9.24636e-12
7.80623 9.05136e-12
7.82065 8.80107e-12
7.83509 8.59268e-12
7.84956 8.35359e-12
7.86405 8.12725e-12
7.87857 7.90322e-12
7.89312 7.65722e-12
7.9077 7.45139e-12
7.9223 7.17744e-12
7.93693 7.00104e-12
7.95158 6.67088e-12
7.96627 6.56087e-12
7.98098 6.21966e-12
7.99572 6.14695e-12
8.01048 5.88786e-12
8.02527 5.82129e-12
8.04009 5.60206e-12
8.05494 5.53208e-12
8.06981 5.31434e-12
8.08472 5.24157e-12
8.09965 5.02534e-12
8.1146 4.94964e-12
8.12959 4.73497e-12
8.1446 4.65582e-12
8.15964 4.44566e-12
8.17471 4.36535e-12
8.1898 4.15831e-12
8.20492 4.07887e-12
8.22008 3.88317e-12
8.23526 3.81762e-12
8.25046 3.66917e-12
8.2657 3.61001e-12
8.28096 3.48612e-12
8.29625 3.4239e-12
8.31157 3.30212e-12
8.32692 3.23655e-12
8.3423 3.11715e-12
8.3577 3.04773e-12
8.37314 2.9313e-12
8.3886 2.85805e-12
8.40409 2.74545e-12
8.41961 2.66959e-12
8.43516 2.56299e-12
8.45073 2.48448e-12
8.46634 2.38905e-12
8.48197 2.32284e-12
8.49763 2.25316e-12
8.51333 2.19274e-12
8.52905 2.13732e-12
8.5448 2.07037e-12
8.56057 2.02061e-12
8.57638 1.94401e-12
8.59222 1.90338e-12
8.60809 1.81052e-12
8.62398 1.78554e-12
8.63991 1.69369e-12
8.65586 1.6682e-12
8.67185 1.5777e-12
8.68786 1.55271e-12
8.7039 1.46523e-12
8.71997 1.44515e-12
8.73608 1.37791e-12
8.75221 1.3604e-12
8.76837 1.30668e-12
8.78456 1.28808e-12
8.80078 1.23497e-12
8.81704 1.2155e-12
8.83332 1.16274e-12
8.84963 1.14224e-12
8.86597 1.09006e-12
8.88234 1.06867e-12
8.89874 1.01755e-12
8.91518 9.9541e-13
8.93164 9.45788e-13
8.94813 9.2352e-13
8.96466 8.76756e-13
8.98121 8.5849e-13
8.9978 8.22777e-13
9.01441 8.07328e-13
9.03106 7.79102e-13
9.04773 7.62648e-13
9.06444 7.35184e-13
9.08118 7.17588e-13
9.09795 6.90894e-13
9.11475 6.71907e-13
9.13158 6.46525e-13
9.14844 6.26156e-13
9.16534 6.02006e-13
9.18226 5.80225e-13
9.19922 5.58099e-13
9.2162 5.34706e-13
9.23322 5.16552e-13
9.25027 4.95885e-13
9.26736 4.83715e-13
9.28447 4.64529e-13
9.30161 4.57258e-13
9.31879 4.36066e-13
9.336 4.30561e-13
9.35324 4.09425e-13
9.37051 4.0367e-13
9.38781 3.82675e-13
9.40515 3.76697e-13
9.42252 3.55807e-13
9.43992 3.49638e-13
9.45735 3.29214e-13
9.47481 3.23089e-13
9.49231 3.03425e-13
9.50984 2.9839e-13
9.5274 2.83082e-13
9.54499 2.78953e-13
9.56262 2.67518e-13
9.58027 2.63121e-13
9.59797 2.51798e-13
9.61569 2.47217e-13
9.63345 2.35988e-13
9.65123 2.31136e-13
9.66906 2.20102e-13
9.68691 2.14911e-13
9.7048 2.04154e-13
9.72272 1.98814e-13
9.74067 1.88409e-13
9.75866 1.82895e-13
9.77668 1.73225e-13
9.79474 1.6858e-13
9.81282 1.61236e-13
9.83094 1.57519e-13
9.8491 1.52118e-13
9.86728 1.48102e-13
9.88551 1.42944e-13
9.90376 1.38586e-13
9.92205 1.33685e-13
9.94037 1.28878e-13
9.95873 1.2436e-13
9.97712 1.19032e-13
9.99554 1.15035e-13
10.014 1.09005e-13
10.0325 1.05821e-13
10.051 9.84287e-14
10.0696 9.71053e-14
10.0882 9.12139e-14
10.1068 9.01601e-14
10.1255 8.60122e-14
10.1442 8.49025e-14
10.1629 8.07592e-14
10.1817 7.95905e-14
10.2005 7.54541e-14
10.2193 7.42351e-14
10.2382 7.01261e-14
10.2571 6.88574e-14
10.276 6.47907e-14
10.295 6.34656e-14
10.314 5.94793e-14
10.333 5.81567e-14
10.3521 5.43305e-14
10.3712 5.32091e-14
10.3904 5.01938e-14
10.4096 4.93492e-14
10.4288 4.72659e-14
10.4481 4.63592e-14
10.4674 4.43082e-14
10.4867 4.33478e-14
10.5061 4.13211e-14
10.5255 4.02921e-14
10.5449 3.83182e-14
10.5644 3.72166e-14
10.5839 3.53033e-14
10.6034 3.41434e-14
10.623 3.23207e-14
10.6426 3.10967e-14
10.6623 2.94397e-14
10.682 2.83752e-14
10.7017 2.71318e-14
10.7214 2.63367e-14
10.7412 2.55072e-14
10.7611 2.46198e-14
10.7809 2.38619e-14
10.8008 2.28595e-14
10.8208 2.22054e-14
10.8408 2.1008e-14
10.8608 2.05353e-14
10.8809 1.91741e-14
10.9009 1.88635e-14
10.9211 1.75159e-14
10.9412 1.7208e-14
10.9614 1.58958e-14
10.9817 1.56351e-14
11.002 1.45709e-14
11.0223 1.43849e-14
11.0426 1.36911e-14
11.063 1.34892e-14
11.0835 1.2801e-14
11.1039 1.25896e-14
11.1244 1.19035e-14
11.145 1.16818e-14
11.1655 1.10011e-14
11.1862 1.07647e-14
11.2068 1.00945e-14
11.2275 9.8452e-15
11.2483 9.18884e-15
11.269 8.9362e-15
11.2898 8.31111e-15
11.3107 8.09304e-15
11.3316 7.59119e-15
11.3525 7.43912e-15
11.3735 7.12239e-15
11.3945 6.95925e-15
11.4155 6.64843e-15
11.4366 6.47188e-15
11.4577 6.16942e-15
11.4789 5.9797e-15
11.5001 5.68625e-15
11.5213 5.48147e-15
11.5426 5.20314e-15
11.5639 4.97862e-15
11.5852 4.72158e-15
11.6066 4.48213e-15
11.6281 4.25719e-15
11.6495 4.03436e-15
11.671 3.88081e-15
11.6926 3.72033e-15
11.7142 3.63451e-15
11.7358 3.42858e-15
11.7575 3.38567e-15
11.7792 3.18013e-15
11.801 3.13451e-15
11.8227 2.92995e-15
11.8446 2.88205e-15
11.8664 2.67827e-15
11.8884 2.62848e-15
11.9103 2.42701e-15
11.9323 2.3755e-15
11.9543 2.18042e-15
11.9764 2.13612e-15
11.9985 1.97341e-15
12.0207 1.94435e-15
12.0429 1.84779e-15
12.0651 1.81699e-15
12.0874 1.721e-15
12.1097 1.68765e-15
12.1321 1.59254e-15
12.1545 1.55712e-15
12.1769 1.46353e-15
12.1994 1.42575e-15
12.2219 1.33376e-15
12.2445 1.29388e-15
12.2671 1.20399e-15
12.2898 1.16233e-15
12.3125 1.07767e-15
12.3352 1.04056e-15
12.358 9.71689e-16
12.3808 9.4834e-16
12.4037 9.08317e-16
12.4266 8.82511e-16
12.4495 8.44049e-16
12.4725 8.15858e-16
12.4955 7.79428e-16
12.5186 7.48055e-16
12.5417 7.14003e-16
12.5649 6.79108e-16
12.5881 6.48292e-16
12.6113 6.08785e-16
12.6346 5.82826e-16
12.658 5.36412e-16
12.6813 5.19449e-16
12.7048 4.72329e-16
12.7282 4.67172e-16
12.7517 4.41339e-16
12.7753 4.3583e-16
12.7989 4.09991e-16
12.8225 4.04125e-16
12.8462 3.78365e-16
12.8699 3.72093e-16
12.8937 3.46451e-16
12.9175 3.3986e-16
12.9413 3.14362e-16
12.9652 3.07293e-16
12.9892 2.82149e-16
13.0131 2.74997e-16
13.0372 2.50535e-16
13.0612 2.44026e-16
13.0854 2.23222e-16
13.1095 2.19379e-16
13.1337 2.08213e-16
13.158 2.04098e-16
13.1823 1.93071e-16
13.2066 1.88635e-16
13.231 1.77783e-16
13.2555 1.73004e-16
13.2799 1.62315e-16
13.3045 1.57158e-16
13.329 1.46789e-16
13.3536 1.41224e-16
13.3783 1.31227e-16
13.403 1.25367e-16
13.4277 1.16024e-16
13.4525 1.10425e-16
13.4774 1.02953e-16
13.5023 9.97653e-17
13.5272 9.58543e-17
13.5522 9.23157e-17
13.5772 8.87006e-17
13.6023 8.46576e-17
13.6274 8.14553e-17
13.6526 7.67124e-17
13.6778 7.41418e-17
13.703 6.79162e-17
13.7283 6.67826e-17
13.7537 6.05936e-17
13.7791 5.94344e-17
13.8045 5.33455e-17
13.83 5.22843e-17
13.8556 4.68689e-17
13.8811 4.62991e-17
13.9068 4.36269e-17
13.9325 4.30165e-17
13.9582 4.03467e-17
13.984 3.96791e-17
14.0098 3.70359e-17
14.0357 3.63225e-17
14.0616 3.36853e-17
14.0875 3.2921e-17
14.1136 3.03183e-17
14.1396 2.94956e-17
14.1657 2.69392e-17
14.1919 2.6097e-17
14.2181 2.35955e-17
14.2443 2.28028e-17
14.2706 2.06147e-17
14.297 2.0193e-17
14.3234 1.91555e-17
14.3499 1.86988e-17
14.3763 1.76756e-17
14.4029 1.71776e-17
14.4295 1.61846e-17
14.4561 1.56397e-17
14.4828 1.46747e-17
14.5096 1.40862e-17
14.5364 1.3153e-17
14.5632 1.25105e-17
14.5901 1.16335e-17
14.617 1.09262e-17
14.644 1.01325e-17
14.6711 9.40967e-18
14.6982 8.8139e-18
14.7253 8.43083e-18
14.7525 8.17211e-18
14.7797 7.71055e-18
14.807 7.52107e-18
14.8344 6.95956e-18
14.8618 6.86337e-18
14.8892 6.30254e-18
14.9167 6.19896e-18
14.9443 5.63944e-18
14.9719 5.52959e-18
14.9995 4.9737e-18
15.0272 4.85612e-18
15.055 4.31143e-18
15.0828 4.19983e-18
15.1106 3.696e-18
15.1385 3.64337e-18
15.1665 3.42234e-18
15.1945 3.36452e-18
15.2225 3.14524e-18
15.2506 3.08386e-18
15.2788 2.86559e-18
15.307 2.79913e-18
15.3353 2.58335e-18
15.3636 2.51105e-18
15.392 2.29797e-18
15.4204 2.22088e-18
15.4489 2.01212e-18
15.4774 1.92885e-18
15.506 1.72806e-18
15.5346 1.64706e-18
15.5633 1.46947e-18
15.592 1.43954e-18
15.6208 1.37936e-18
15.6497 1.34652e-18
15.6786 1.28824e-18
15.7075 1.25145e-18
15.7365 1.19528e-18
15.7656 1.1542e-18
15.7947 1.10027e-18
15.8239 1.05202e-18
15.8531 1.00059e-18
15.8824 9.42022e-19
15.9117 8.8724e-19
15.9411 7.9823e-19
15.9705 6.82336e-19
16 0
