# 1:pT 2:PhotonSpectrum=dN/d^2xT d^2pT dy
0.01 813.388
0.0100185 811.533
0.010037 809.311
0.0100555 807.411
0.0100741 805.187
0.0100927 803.248
0.0101113 801.041
0.01013 799.073
0.0101487 796.867
0.0101674 794.838
0.0101862 792.602
0.010205 790.543
0.0102239 788.314
0.0102427 786.238
0.0102617 783.962
0.0102806 781.836
0.0102996 779.516
0.0103186 777.333
0.0103377 774.877
0.0103567 772.721
0.0103759 770.261
0.010395 768.102
0.0104142 765.671
0.0104335 763.437
0.0104527 761.04
0.010472 758.858
0.0104914 756.476
0.0105107 754.254
0.0105301 751.931
0.0105496 749.676
0.0105691 747.368
0.0105886 745.141
0.0106081 742.879
0.0106277 740.684
0.0106474 738.465
0.010667 736.232
0.0106867 734.063
0.0107065 731.835
0.0107262 729.683
0.010746 727.436
0.0107659 725.304
0.0107858 723.015
0.0108057 720.959
0.0108256 718.57
0.0108456 716.617
0.0108656 714.265
0.0108857 712.323
0.0109058 709.96
0.0109259 708.038
0.0109461 705.778
0.0109663 703.813
0.0109866 701.587
0.0110069 699.625
0.0110272 697.381
0.0110476 695.43
0.011068 693.216
0.0110884 691.264
0.0111089 689.055
0.0111294 687.096
0.0111499 684.88
0.0111705 682.947
0.0111912 680.754
0.0112118 678.818
0.0112325 676.665
0.0112533 674.737
0.0112741 672.633
0.0112949 670.673
0.0113157 668.577
0.0113366 666.644
0.0113576 664.586
0.0113785 662.626
0.0113995 660.597
0.0114206 658.624
0.0114417 656.563
0.0114628 654.613
0.011484 652.6
0.0115052 650.641
0.0115264 648.65
0.0115477 646.682
0.011569 644.764
0.0115904 642.793
0.0116118 640.925
0.0116332 638.928
0.0116547 637.077
0.0116762 635.003
0.0116978 633.278
0.0117194 631.166
0.0117411 629.455
0.0117627 627.366
0.0117845 625.651
0.0118062 623.579
0.011828 621.863
0.0118499 619.844
0.0118717 618.098
0.0118937 616.087
0.0119156 614.359
0.0119376 612.42
0.0119597 610.698
0.0119818 608.778
0.0120039 607.049
0.0120261 605.114
0.0120483 603.402
0.0120705 601.467
0.0120928 599.771
0.0121151 597.844
0.0121375 596.152
0.0121599 594.246
0.0121824 592.499
0.0122049 590.633
0.0122274 588.935
0.01225 587.099
0.0122726 585.381
0.0122953 583.596
0.012318 581.863
0.0123407 580.102
0.0123635 578.375
0.0123863 576.612
0.0124092 574.896
0.0124321 573.143
0.0124551 571.402
0.0124781 569.702
0.0125011 567.955
0.0125242 566.264
0.0125473 564.497
0.0125705 562.839
0.0125937 561.054
0.012617 559.467
0.0126403 557.621
0.0126636 556.125
0.012687 554.299
0.0127104 552.795
0.0127339 550.985
0.0127574 549.453
0.012781 547.675
0.0128046 546.133
0.0128282 544.366
0.0128519 542.831
0.0128756 541.065
0.0128994 539.53
0.0129232 537.794
0.0129471 536.268
0.012971 534.556
0.012995 533.033
0.0130189 531.337
0.013043 529.828
0.0130671 528.152
0.0130912 526.649
0.0131154 524.986
0.0131396 523.469
0.0131639 521.833
0.0131882 520.289
0.0132125 518.641
0.0132369 517.146
0.0132614 515.516
0.0132859 514.004
0.0133104 512.408
0.013335 510.877
0.0133596 509.284
0.0133843 507.782
0.013409 506.23
0.0134337 504.739
0.0134585 503.205
0.0134834 501.686
0.0135083 500.187
0.0135332 498.649
0.0135582 497.184
0.0135833 495.618
0.0136083 494.17
0.0136335 492.559
0.0136587 491.189
0.0136839 489.541
0.0137091 488.212
0.0137345 486.58
0.0137598 485.255
0.0137852 483.668
0.0138107 482.346
0.0138362 480.798
0.0138617 479.442
0.0138873 477.896
0.013913 476.546
0.0139387 475.02
0.0139644 473.672
0.0139902 472.155
0.014016 470.799
0.0140419 469.287
0.0140678 467.952
0.0140938 466.421
0.0141198 465.104
0.0141459 463.603
0.014172 462.295
0.0141982 460.824
0.0142244 459.485
0.0142507 458.04
0.014277 456.724
0.0143034 455.295
0.0143298 453.951
0.0143563 452.542
0.0143828 451.183
0.0144093 449.802
0.0144359 448.438
0.0144626 447.047
0.0144893 445.703
0.0145161 444.337
0.0145429 442.981
0.0145697 441.642
0.0145966 440.302
0.0146236 438.993
0.0146506 437.638
0.0146776 436.361
0.0147047 434.984
0.0147319 433.728
0.0147591 432.281
0.0147863 431.112
0.0148136 429.67
0.014841 428.488
0.0148684 427.062
0.0148959 425.873
0.0149234 424.478
0.0149509 423.279
0.0149785 421.899
0.0150062 420.714
0.0150339 419.357
0.0150617 418.182
0.0150895 416.847
0.0151173 415.671
0.0151453 414.345
0.0151732 413.159
0.0152012 411.838
0.0152293 410.65
0.0152574 409.328
0.0152856 408.158
0.0153138 406.848
0.0153421 405.678
0.0153705 404.389
0.0153988 403.193
0.0154273 401.917
0.0154558 400.746
0.0154843 399.49
0.0155129 398.324
0.0155415 397.09
0.0155702 395.908
0.015599 394.678
0.0156278 393.503
0.0156567 392.277
0.0156856 391.105
0.0157145 389.899
0.0157435 388.701
0.0157726 387.53
0.0158017 386.318
0.0158309 385.172
0.0158602 383.952
0.0158894 382.829
0.0159188 381.587
0.0159482 380.528
0.0159776 379.264
0.0160071 378.227
0.0160367 376.975
0.0160663 375.935
0.016096 374.692
0.0161257 373.657
0.0161555 372.44
0.0161853 371.374
0.0162152 370.167
0.0162451 369.11
0.0162751 367.905
0.0163052 366.858
0.0163353 365.673
0.0163655 364.625
0.0163957 363.465
0.016426 362.435
0.0164563 361.268
0.0164867 360.245
0.0165171 359.083
0.0165476 358.057
0.0165782 356.911
0.0166088 355.874
0.0166395 354.735
0.0166702 353.701
0.016701 352.586
0.0167318 351.538
0.0167627 350.439
0.0167937 349.384
0.0168247 348.312
0.0168558 347.271
0.0168869 346.193
0.0169181 345.168
0.0169493 344.114
0.0169806 343.074
0.017012 342.036
0.0170434 340.991
0.0170748 339.97
0.0171064 338.912
0.017138 337.91
0.0171696 336.828
0.0172013 335.847
0.0172331 334.712
0.0172649 333.805
0.0172968 332.677
0.0173287 331.767
0.0173607 330.666
0.0173928 329.754
0.0174249 328.684
0.0174571 327.766
0.0174893 326.701
0.0175216 325.773
0.017554 324.718
0.0175864 323.793
0.0176189 322.747
0.0176514 321.822
0.017684 320.78
0.0177166 319.854
0.0177494 318.818
0.0177821 317.9
0.017815 316.862
0.0178479 315.962
0.0178808 314.948
0.0179138 314.054
0.0179469 313.059
0.0179801 312.139
0.0180133 311.148
0.0180465 310.242
0.0180799 309.265
0.0181132 308.349
0.0181467 307.385
0.0181802 306.452
0.0182138 305.49
0.0182474 304.572
0.0182811 303.621
0.0183149 302.708
0.0183487 301.776
0.0183826 300.844
0.0184165 299.942
0.0184505 299.013
0.0184846 298.135
0.0185187 297.196
0.0185529 296.318
0.0185872 295.363
0.0186215 294.524
0.0186559 293.532
0.0186903 292.716
0.0187248 291.747
0.0187594 290.928
0.0187941 289.953
0.0188288 289.143
0.0188635 288.197
0.0188984 287.371
0.0189333 286.442
0.0189682 285.628
0.0190033 284.704
0.0190384 283.898
0.0190735 282.985
0.0191087 282.173
0.019144 281.264
0.0191794 280.462
0.0192148 279.541
0.0192503 278.743
0.0192858 277.838
0.0193214 277.037
0.0193571 276.141
0.0193929 275.335
0.0194287 274.454
0.0194645 273.645
0.0195005 272.78
0.0195365 271.98
0.0195726 271.135
0.0196087 270.321
0.0196449 269.494
0.0196812 268.684
0.0197175 267.841
0.019754 267.032
0.0197904 266.206
0.019827 265.391
0.0198636 264.574
0.0199003 263.759
0.019937 262.96
0.0199738 262.132
0.0200107 261.359
0.0200477 260.524
0.0200847 259.763
0.0201218 258.899
0.0201589 258.2
0.0201962 257.333
0.0202335 256.63
0.0202708 255.774
0.0203082 255.056
0.0203457 254.218
0.0203833 253.502
0.020421 252.669
0.0204587 251.951
0.0204964 251.121
0.0205343 250.399
0.0205722 249.586
0.0206102 248.875
0.0206483 248.068
0.0206864 247.357
0.0207246 246.567
0.0207629 245.86
0.0208012 245.064
0.0208396 244.367
0.0208781 243.572
0.0209166 242.876
0.0209553 242.093
0.020994 241.371
0.0210327 240.598
0.0210716 239.895
0.0211105 239.126
0.0211495 238.415
0.0211885 237.664
0.0212277 236.943
0.0212669 236.208
0.0213061 235.503
0.0213455 234.781
0.0213849 234.073
0.0214244 233.353
0.0214639 232.635
0.0215036 231.93
0.0215433 231.206
0.0215831 230.513
0.0216229 229.786
0.0216628 229.1
0.0217028 228.349
0.0217429 227.696
0.0217831 226.925
0.0218233 226.295
0.0218636 225.544
0.021904 224.92
0.0219444 224.171
0.0219849 223.551
0.0220255 222.819
0.0220662 222.178
0.022107 221.46
0.0221478 220.823
0.0221887 220.096
0.0222297 219.466
0.0222707 218.75
0.0223118 218.114
0.022353 217.4
0.0223943 216.777
0.0224357 216.059
0.0224771 215.444
0.0225186 214.741
0.0225602 214.124
0.0226018 213.438
0.0226436 212.82
0.0226854 212.145
0.0227273 211.516
0.0227692 210.84
0.0228113 210.216
0.0228534 209.555
0.0228956 208.922
0.0229379 208.274
0.0229803 207.637
0.0230227 206.979
0.0230652 206.352
0.0231078 205.709
0.0231505 205.085
0.0231932 204.453
0.023236 203.828
0.023279 203.214
0.0233219 202.58
0.023365 201.978
0.0234082 201.333
0.0234514 200.737
0.0234947 200.063
0.0235381 199.512
0.0235815 198.831
0.0236251 198.28
0.0236687 197.606
0.0237124 197.053
0.0237562 196.393
0.0238001 195.842
0.023844 195.196
0.0238881 194.644
0.0239322 194.007
0.0239764 193.451
0.0240206 192.827
0.024065 192.275
0.0241094 191.653
0.0241539 191.097
0.0241985 190.474
0.0242432 189.923
0.024288 189.302
0.0243329 188.757
0.0243778 188.139
0.0244228 187.596
0.0244679 186.985
0.0245131 186.429
0.0245583 185.833
0.0246037 185.298
0.0246491 184.715
0.0246946 184.168
0.0247402 183.594
0.0247859 183.039
0.0248317 182.467
0.0248776 181.915
0.0249235 181.349
0.0249695 180.796
0.0250156 180.235
0.0250618 179.674
0.0251081 179.126
0.0251545 178.568
0.0252009 178.027
0.0252475 177.465
0.0252941 176.934
0.0253408 176.37
0.0253876 175.864
0.0254345 175.273
0.0254814 174.788
0.0255285 174.204
0.0255756 173.721
0.0256229 173.132
0.0256702 172.645
0.0257176 172.072
0.0257651 171.578
0.0258126 171.01
0.0258603 170.519
0.0259081 169.953
0.0259559 169.465
0.0260038 168.909
0.0260518 168.428
0.0261 167.884
0.0261482 167.399
0.0261964 166.854
0.0262448 166.373
0.0262933 165.83
0.0263418 165.348
0.0263905 164.811
0.0264392 164.327
0.026488 163.795
0.0265369 163.303
0.0265859 162.776
0.026635 162.292
0.0266842 161.773
0.0267335 161.289
0.0267829 160.78
0.0268323 160.298
0.0268819 159.792
0.0269315 159.314
0.0269812 158.818
0.0270311 158.335
0.027081 157.841
0.027131 157.354
0.0271811 156.874
0.0272313 156.379
0.0272816 155.908
0.0273319 155.405
0.0273824 154.941
0.027433 154.42
0.0274836 153.989
0.0275344 153.463
0.0275852 153.04
0.0276362 152.528
0.0276872 152.105
0.0277383 151.596
0.0277896 151.172
0.0278409 150.673
0.0278923 150.239
0.0279438 149.741
0.0279954 149.307
0.0280471 148.816
0.0280989 148.385
0.0281508 147.899
0.0282027 147.466
0.0282548 146.979
0.028307 146.552
0.0283593 146.068
0.0284116 145.652
0.0284641 145.178
0.0285167 144.763
0.0285693 144.293
0.0286221 143.863
0.0286749 143.401
0.0287279 142.98
0.0287809 142.522
0.0288341 142.093
0.0288873 141.642
0.0289407 141.208
0.0289941 140.765
0.0290477 140.333
0.0291013 139.89
0.029155 139.465
0.0292089 139.028
0.0292628 138.606
0.0293168 138.184
0.029371 137.757
0.0294252 137.34
0.0294796 136.906
0.029534 136.495
0.0295885 136.056
0.0296432 135.657
0.0296979 135.193
0.0297527 134.819
0.0298077 134.359
0.0298627 133.984
0.0299179 133.53
0.0299731 133.151
0.0300285 132.708
0.0300839 132.328
0.0301395 131.895
0.0301951 131.519
0.0302509 131.087
0.0303068 130.709
0.0303627 130.283
0.0304188 129.906
0.030475 129.483
0.0305312 129.103
0.0305876 128.678
0.0306441 128.301
0.0307007 127.878
0.0307574 127.504
0.0308142 127.089
0.0308711 126.714
0.0309281 126.306
0.0309852 125.93
0.0310424 125.527
0.0310997 125.159
0.0311572 124.76
0.0312147 124.39
0.0312723 123.995
0.0313301 123.618
0.0313879 123.222
0.0314459 122.849
0.031504 122.457
0.0315621 122.085
0.0316204 121.7
0.0316788 121.32
0.0317373 120.945
0.0317959 120.563
0.0318546 120.199
0.0319135 119.817
0.0319724 119.46
0.0320314 119.066
0.0320906 118.73
0.0321498 118.325
0.0322092 117.994
0.0322687 117.593
0.0323283 117.262
0.032388 116.864
0.0324478 116.533
0.0325077 116.145
0.0325677 115.806
0.0326279 115.419
0.0326881 115.085
0.0327485 114.704
0.0328089 114.375
0.0328695 114.003
0.0329302 113.672
0.032991 113.303
0.033052 112.974
0.033113 112.599
0.0331741 112.275
0.0332354 111.905
0.0332968 111.579
0.0333583 111.213
0.0334199 110.881
0.0334816 110.519
0.0335434 110.191
0.0336053 109.835
0.0336674 109.505
0.0337296 109.155
0.0337919 108.826
0.0338543 108.488
0.0339168 108.157
0.0339794 107.817
0.0340421 107.489
0.034105 107.153
0.034168 106.821
0.0342311 106.49
0.0342943 106.157
0.0343576 105.831
0.0344211 105.494
0.0344846 105.174
0.0345483 104.831
0.0346121 104.519
0.034676 104.16
0.0347401 103.873
0.0348042 103.522
0.0348685 103.233
0.0349329 102.886
0.0349974 102.595
0.035062 102.254
0.0351267 101.958
0.0351916 101.619
0.0352566 101.325
0.0353217 100.987
0.0353869 100.695
0.0354523 100.36
0.0355177 100.069
0.0355833 99.7377
0.035649 99.4452
0.0357149 99.1171
0.0357808 98.8281
0.0358469 98.5044
0.0359131 98.2205
0.0359794 97.9004
0.0360458 97.6164
0.0361124 97.2997
0.0361791 97.0082
0.0362459 96.6931
0.0363128 96.404
0.0363799 96.0926
0.0364471 95.8028
0.0365144 95.4943
0.0365818 95.2024
0.0366493 94.897
0.036717 94.6088
0.0367848 94.307
0.0368527 94.024
0.0369208 93.7288
0.036989 93.4395
0.0370573 93.154
0.0371257 92.8615
0.0371943 92.5796
0.0372629 92.2831
0.0373318 92.0052
0.0374007 91.6995
0.0374698 91.4352
0.037539 91.1199
0.0376083 90.8624
0.0376777 90.5525
0.0377473 90.2953
0.037817 89.9876
0.0378868 89.7342
0.0379568 89.4374
0.0380269 89.1779
0.0380971 88.8845
0.0381675 88.626
0.0382379 88.3318
0.0383085 88.0757
0.0383793 87.7847
0.0384502 87.526
0.0385212 87.2376
0.0385923 86.9818
0.0386636 86.69
0.038735 86.4374
0.0388065 86.1481
0.0388781 85.8959
0.0389499 85.6118
0.0390219 85.3602
0.0390939 85.0822
0.0391661 84.8313
0.0392384 84.5596
0.0393109 84.3057
0.0393835 84.0368
0.0394562 83.7798
0.0395291 83.5157
0.0396021 83.259
0.0396752 82.9915
0.0397485 82.7374
0.0398219 82.4741
0.0398954 82.2178
0.0399691 81.9599
0.0400429 81.7025
0.0401168 81.4511
0.0401909 81.1948
0.0402651 80.9495
0.0403395 80.6892
0.040414 80.4489
0.0404886 80.1741
0.0405633 79.9507
0.0406383 79.677
0.0407133 79.4525
0.0407885 79.1804
0.0408638 78.9538
0.0409393 78.6869
0.0410149 78.4603
0.0410906 78.1956
0.0411665 77.967
0.0412425 77.7061
0.0413186 77.4807
0.0413949 77.2259
0.0414714 77.0031
0.041548 76.7499
0.0416247 76.5246
0.0417016 76.2737
0.0417786 76.0494
0.0418557 75.7965
0.041933 75.5759
0.0420104 75.3248
0.042088 75.104
0.0421657 74.8565
0.0422436 74.6302
0.0423216 74.3846
0.0423998 74.1632
0.042478 73.9219
0.0425565 73.7006
0.0426351 73.4653
0.0427138 73.2407
0.0427927 73.0075
0.0428717 72.7852
0.0429509 72.5539
0.0430302 72.3322
0.0431096 72.1033
0.0431892 71.8752
0.043269 71.6524
0.0433489 71.4234
0.0434289 71.2046
0.0435091 70.9748
0.0435895 70.757
0.04367 70.5228
0.0437506 70.3173
0.0438314 70.0776
0.0439124 69.8788
0.0439934 69.647
0.0440747 69.4482
0.0441561 69.2128
0.0442376 69.0152
0.0443193 68.786
0.0444011 68.583
0.0444831 68.3556
0.0445653 68.1548
0.0446476 67.9248
0.04473 67.7273
0.0448126 67.5011
0.0448954 67.3024
0.0449783 67.0777
0.0450613 66.8832
0.0451445 66.6597
0.0452279 66.4674
0.0453114 66.2489
0.0453951 66.0544
0.0454789 65.8373
0.0455629 65.6419
0.045647 65.4267
0.0457313 65.2293
0.0458158 65.0158
0.0459004 64.8197
0.0459851 64.6091
0.0460701 64.4116
0.0461551 64.2057
0.0462404 64.0074
0.0463257 63.8003
0.0464113 63.6058
0.046497 63.4047
0.0465829 63.2101
0.0466689 63.0116
0.0467551 62.8155
0.0468414 62.621
0.0469279 62.4214
0.0470145 62.2316
0.0471014 62.0284
0.0471883 61.8401
0.0472755 61.6266
0.0473628 61.4539
0.0474502 61.2403
0.0475379 61.0671
0.0476256 60.857
0.0477136 60.6821
0.0478017 60.4785
0.04789 60.305
0.0479784 60.1048
0.048067 59.929
0.0481558 59.7289
0.0482447 59.5527
0.0483338 59.3557
0.048423 59.1815
0.0485124 58.983
0.048602 58.8076
0.0486918 58.6114
0.0487817 58.4376
0.0488718 58.2408
0.048962 58.0704
0.0490524 57.8745
0.049143 57.7065
0.0492338 57.5156
0.0493247 57.3431
0.0494158 57.1562
0.049507 56.9873
0.0495984 56.8011
0.04969 56.6296
0.0497818 56.4466
0.0498737 56.2722
0.0499658 56.0911
0.0500581 55.9183
0.0501505 55.7398
0.0502431 55.5668
0.0503359 55.3886
0.0504288 55.2136
0.050522 55.0407
0.0506153 54.8672
0.0507087 54.6982
0.0508024 54.5247
0.0508962 54.3581
0.0509902 54.1799
0.0510843 54.0194
0.0511786 53.8343
0.0512732 53.6794
0.0513678 53.4974
0.0514627 53.3436
0.0515577 53.1595
0.0516529 53.007
0.0517483 52.8269
0.0518439 52.6708
0.0519396 52.4941
0.0520355 52.3401
0.0521316 52.1644
0.0522279 52.0128
0.0523243 51.8413
0.0524209 51.6885
0.0525177 51.5177
0.0526147 51.366
0.0527119 51.1932
0.0528092 51.0431
0.0529067 50.8722
0.0530044 50.7208
0.0531023 50.5517
0.0532004 50.401
0.0532986 50.2345
0.053397 50.0815
0.0534956 49.9157
0.0535944 49.7654
0.0536934 49.6049
0.0537925 49.4543
0.0538919 49.2973
0.0539914 49.1451
0.0540911 48.9854
0.054191 48.8348
0.054291 48.6783
0.0543913 48.5273
0.0544917 48.372
0.0545924 48.219
0.0546932 48.0675
0.0547942 47.9131
0.0548954 47.765
0.0549967 47.6074
0.0550983 47.462
0.0552 47.3001
0.055302 47.166
0.0554041 47.0044
0.0555064 46.8708
0.0556089 46.7103
0.0557116 46.577
0.0558144 46.4179
0.0559175 46.2833
0.0560208 46.1273
0.0561242 45.991
0.0562279 45.8346
0.0563317 45.6986
0.0564357 45.5451
0.0565399 45.4104
0.0566443 45.2585
0.0567489 45.1238
0.0568537 44.9733
0.0569587 44.8409
0.0570639 44.6921
0.0571693 44.5612
0.0572748 44.4124
0.0573806 44.2813
0.0574866 44.1335
0.0575927 43.9993
0.0576991 43.8534
0.0578056 43.7221
0.0579124 43.5775
0.0580193 43.4443
0.0581264 43.3024
0.0582338 43.1677
0.0583413 43.0278
0.058449 42.8947
0.058557 42.757
0.0586651 42.6253
0.0587734 42.4899
0.058882 42.3563
0.0589907 42.2236
0.0590996 42.0898
0.0592088 41.9581
0.0593181 41.8231
0.0594276 41.6925
0.0595374 41.5556
0.0596473 41.43
0.0597575 41.286
0.0598678 41.1673
0.0599784 41.0248
0.0600891 40.9076
0.0602001 40.7657
0.0603112 40.6488
0.0604226 40.5125
0.0605342 40.3937
0.060646 40.2587
0.060758 40.1397
0.0608702 40.0042
0.0609826 39.8857
0.0610952 39.7516
0.061208 39.6337
0.061321 39.5003
0.0614343 39.3819
0.0615477 39.2482
0.0616614 39.1312
0.0617752 38.9991
0.0618893 38.883
0.0620036 38.7533
0.0621181 38.638
0.0622328 38.5114
0.0623477 38.3939
0.0624628 38.267
0.0625782 38.1512
0.0626937 38.0261
0.0628095 37.9105
0.0629255 37.786
0.0630417 37.6685
0.0631581 37.5441
0.0632747 37.428
0.0633916 37.3057
0.0635086 37.1892
0.0636259 37.0689
0.0637434 36.9515
0.0638611 36.8354
0.063979 36.718
0.0640972 36.6045
0.0642155 36.4855
0.0643341 36.3724
0.0644529 36.249
0.0645719 36.1435
0.0646912 36.0173
0.0648106 35.9137
0.0649303 35.7882
0.0650502 35.6849
0.0651703 35.5605
0.0652907 35.4574
0.0654113 35.3357
0.065532 35.2308
0.0656531 35.1107
0.0657743 35.007
0.0658957 34.8907
0.0660174 34.7877
0.0661393 34.6719
0.0662615 34.5678
0.0663838 34.4517
0.0665064 34.3483
0.0666292 34.2318
0.0667523 34.1304
0.0668755 34.0142
0.066999 33.9133
0.0671227 33.7984
0.0672467 33.6943
0.0673709 33.5816
0.0674953 33.4807
0.0676199 33.3699
0.0677448 33.268
0.0678699 33.1602
0.0679952 33.0575
0.0681208 32.9505
0.0682466 32.8476
0.0683726 32.7403
0.0684988 32.6383
0.0686253 32.5318
0.0687521 32.4287
0.068879 32.325
0.0690062 32.2212
0.0691336 32.119
0.0692613 32.0139
0.0693892 31.9134
0.0695173 31.8081
0.0696457 31.7114
0.0697743 31.6021
0.0699031 31.5117
0.0700322 31.4027
0.0701616 31.3118
0.0702911 31.2035
0.0704209 31.1119
0.070551 31.0052
0.0706812 30.9126
0.0708118 30.8066
0.0709425 30.7146
0.0710735 30.6091
0.0712048 30.5176
0.0713362 30.4137
0.071468 30.3229
0.0716 30.2205
0.0717322 30.13
0.0718646 30.0288
0.0719973 29.9386
0.0721303 29.8381
0.0722635 29.7483
0.0723969 29.6487
0.0725306 29.559
0.0726645 29.4601
0.0727987 29.369
0.0729332 29.2699
0.0730678 29.1805
0.0732028 29.0826
0.0733379 28.9932
0.0734734 28.8965
0.073609 28.8065
0.073745 28.7106
0.0738812 28.6225
0.0740176 28.5288
0.0741543 28.4403
0.0742912 28.3479
0.0744284 28.2575
0.0745658 28.1675
0.0747035 28.0759
0.0748415 27.9871
0.0749797 27.8946
0.0751181 27.807
0.0752568 27.7116
0.0753958 27.6291
0.075535 27.5313
0.0756745 27.4509
0.0758143 27.3545
0.0759543 27.2755
0.0760945 27.1812
0.076235 27.1026
0.0763758 27.01
0.0765168 26.9288
0.0766581 26.8367
0.0767997 26.756
0.0769415 26.6647
0.0770836 26.5845
0.0772259 26.494
0.0773685 26.4132
0.0775114 26.3231
0.0776545 26.2435
0.0777979 26.1526
0.0779416 26.0741
0.0780855 25.985
0.0782297 25.9073
0.0783742 25.8201
0.0785189 25.7417
0.0786639 25.6548
0.0788092 25.5768
0.0789547 25.4911
0.0791005 25.4122
0.0792466 25.3273
0.0793929 25.2477
0.0795395 25.1644
0.0796864 25.0848
0.0798335 25.0011
0.0799809 24.9224
0.0801286 24.8397
0.0802766 24.7604
0.0804248 24.6801
0.0805734 24.602
0.0807221 24.5237
0.0808712 24.4441
0.0810205 24.3668
0.0811702 24.2858
0.08132 24.2103
0.0814702 24.1249
0.0816207 24.0547
0.0817714 23.9696
0.0819224 23.8992
0.0820737 23.8147
0.0822252 23.744
0.0823771 23.661
0.0825292 23.5903
0.0826816 23.5082
0.0828342 23.4379
0.0829872 23.3583
0.0831405 23.2885
0.083294 23.2092
0.0834478 23.1394
0.0836019 23.0605
0.0837563 22.9901
0.0839109 22.9114
0.0840659 22.8411
0.0842211 22.7622
0.0843766 22.6932
0.0845325 22.6151
0.0846885 22.5463
0.0848449 22.4693
0.0850016 22.3993
0.0851586 22.3231
0.0853158 22.2547
0.0854734 22.1804
0.0856312 22.1117
0.0857893 22.0379
0.0859478 21.9685
0.0861065 21.8948
0.0862655 21.8261
0.0864248 21.7527
0.0865844 21.6842
0.0867442 21.6119
0.0869044 21.5416
0.0870649 21.4716
0.0872257 21.4008
0.0873868 21.332
0.0875481 21.2613
0.0877098 21.1936
0.0878718 21.1221
0.088034 21.0581
0.0881966 20.984
0.0883594 20.9217
0.0885226 20.8487
0.0886861 20.7867
0.0888498 20.713
0.0890139 20.6515
0.0891783 20.5794
0.089343 20.5163
0.0895079 20.4448
0.0896732 20.3822
0.0898388 20.3108
0.0900047 20.2492
0.0901709 20.1791
0.0903374 20.1176
0.0905043 20.0492
0.0906714 19.9882
0.0908388 19.919
0.0910066 19.8586
0.0911746 19.79
0.091343 19.7292
0.0915116 19.6612
0.0916806 19.6001
0.0918499 19.5328
0.0920195 19.4715
0.0921895 19.405
0.0923597 19.3437
0.0925303 19.2781
0.0927011 19.2165
0.0928723 19.1522
0.0930438 19.092
0.0932156 19.0276
0.0933877 18.9675
0.0935602 18.9044
0.093733 18.8434
0.0939061 18.7812
0.0940795 18.72
0.0942532 18.6588
0.0944272 18.5969
0.0946016 18.537
0.0947763 18.4739
0.0949513 18.4149
0.0951266 18.3485
0.0953023 18.2946
0.0954783 18.2284
0.0956546 18.1749
0.0958312 18.1104
0.0960082 18.0563
0.0961855 17.993
0.0963631 17.9387
0.0965411 17.8761
0.0967193 17.821
0.0968979 17.7587
0.0970769 17.7039
0.0972561 17.6421
0.0974357 17.588
0.0976156 17.5261
0.0977959 17.4717
0.0979765 17.4107
0.0981574 17.3564
0.0983387 17.2953
0.0985203 17.2428
0.0987022 17.1831
0.0988845 17.1305
0.0990671 17.0714
0.09925 17.0176
0.0994333 16.9589
0.0996169 16.9059
0.0998008 16.8477
0.0999851 16.7945
0.10017 16.7369
0.100355 16.6826
0.10054 16.6256
0.100726 16.572
0.100912 16.5158
0.101098 16.4623
0.101285 16.407
0.101472 16.3533
0.101659 16.2998
0.101847 16.2457
0.102035 16.1932
0.102223 16.1388
0.102412 16.0862
0.102601 16.0305
0.102791 15.9806
0.102981 15.9224
0.103171 15.8741
0.103361 15.8174
0.103552 15.769
0.103743 15.7117
0.103935 15.6641
0.104127 15.6083
0.104319 15.5599
0.104512 15.5057
0.104705 15.4578
0.104898 15.4032
0.105092 15.356
0.105286 15.3021
0.10548 15.2544
0.105675 15.2004
0.10587 15.1532
0.106066 15.099
0.106262 15.052
0.106458 14.9987
0.106654 14.9515
0.106851 14.8987
0.107049 14.8518
0.107246 14.7997
0.107444 14.7527
0.107643 14.7016
0.107841 14.6551
0.108041 14.6047
0.10824 14.5578
0.10844 14.5083
0.10864 14.461
0.108841 14.4109
0.109042 14.364
0.109243 14.3148
0.109445 14.2674
0.109647 14.2189
0.10985 14.1715
0.110052 14.124
0.110256 14.0762
0.110459 14.0302
0.110663 13.982
0.110868 13.9368
0.111072 13.8863
0.111277 13.8447
0.111483 13.7941
0.111689 13.7523
0.111895 13.7021
0.112102 13.6601
0.112309 13.6105
0.112516 13.5685
0.112724 13.5195
0.112932 13.4771
0.11314 13.4283
0.113349 13.3859
0.113559 13.3381
0.113768 13.2968
0.113978 13.2496
0.114189 13.2078
0.1144 13.1613
0.114611 13.1196
0.114823 13.0728
0.115035 13.0319
0.115247 12.9851
0.11546 12.9442
0.115673 12.8979
0.115887 12.856
0.116101 12.8102
0.116315 12.7693
0.11653 12.7238
0.116745 12.6825
0.116961 12.6381
0.117177 12.5965
0.117393 12.553
0.11761 12.512
0.117827 12.4691
0.118045 12.4279
0.118263 12.3851
0.118481 12.3433
0.1187 12.3014
0.118919 12.2593
0.119139 12.2182
0.119359 12.1758
0.119579 12.1352
0.1198 12.0919
0.120021 12.0529
0.120243 12.0081
0.120465 11.9711
0.120687 11.9275
0.12091 11.8909
0.121133 11.847
0.121357 11.8105
0.121581 11.7675
0.121806 11.73
0.12203 11.6878
0.122256 11.6506
0.122482 11.6079
0.122708 11.571
0.122934 11.529
0.123161 11.4921
0.123389 11.4503
0.123617 11.4136
0.123845 11.3716
0.124074 11.3357
0.124303 11.2947
0.124532 11.2585
0.124762 11.2184
0.124993 11.1822
0.125223 11.1424
0.125455 11.1057
0.125686 11.0657
0.125918 11.0295
0.126151 10.9903
0.126384 10.9537
0.126617 10.9151
0.126851 10.8784
0.127085 10.8393
0.12732 10.8032
0.127555 10.7651
0.127791 10.7291
0.128027 10.6917
0.128263 10.6554
0.1285 10.6192
0.128737 10.5823
0.128975 10.5468
0.129213 10.5092
0.129452 10.474
0.129691 10.4351
0.12993 10.4023
0.13017 10.3626
0.130411 10.3302
0.130651 10.2909
0.130893 10.2588
0.131134 10.2199
0.131376 10.1879
0.131619 10.1503
0.131862 10.1178
0.132106 10.0806
0.13235 10.0482
0.132594 10.0114
0.132839 9.97908
0.133084 9.94274
0.13333 9.91006
0.133576 9.87354
0.133823 9.84125
0.13407 9.80478
0.134317 9.77287
0.134565 9.73662
0.134814 9.70483
0.135063 9.66913
0.135312 9.63691
0.135562 9.60194
0.135812 9.57073
0.136063 9.53613
0.136315 9.5042
0.136566 9.47021
0.136818 9.43797
0.137071 9.40408
0.137324 9.37198
0.137578 9.33834
0.137832 9.30633
0.138086 9.27302
0.138341 9.24047
0.138597 9.20806
0.138853 9.17568
0.139109 9.14368
0.139366 9.11118
0.139623 9.07988
0.139881 9.04731
0.14014 9.01725
0.140398 8.98274
0.140658 8.95418
0.140917 8.91995
0.141177 8.8917
0.141438 8.85714
0.141699 8.8287
0.141961 8.79503
0.142223 8.76618
0.142486 8.73301
0.142749 8.70422
0.143013 8.67117
0.143277 8.64276
0.143541 8.61045
0.143806 8.58228
0.144072 8.55051
0.144338 8.52211
0.144604 8.49011
0.144871 8.46184
0.145139 8.43021
0.145407 8.4019
0.145675 8.37057
0.145944 8.34229
0.146214 8.31139
0.146484 8.28278
0.146754 8.25175
0.147025 8.22372
0.147297 8.19323
0.147569 8.16554
0.147841 8.13555
0.148114 8.10765
0.148388 8.07782
0.148662 8.05015
0.148937 8.02079
0.149212 7.99295
0.149487 7.96384
0.149763 7.93559
0.15004 7.90718
0.150317 7.87846
0.150594 7.85081
0.150872 7.8217
0.151151 7.79429
0.15143 7.76427
0.15171 7.73885
0.15199 7.70843
0.152271 7.68373
0.152552 7.65374
0.152833 7.62911
0.153116 7.59926
0.153398 7.57452
0.153682 7.54522
0.153965 7.5199
0.15425 7.4908
0.154535 7.46557
0.15482 7.43684
0.155106 7.41189
0.155392 7.38342
0.155679 7.35818
0.155967 7.32992
0.156255 7.30497
0.156543 7.27685
0.156832 7.25256
0.157122 7.22499
0.157412 7.20052
0.157703 7.1731
0.157994 7.1482
0.158286 7.12105
0.158578 7.09656
0.158871 7.06967
0.159164 7.04464
0.159458 7.01815
0.159753 6.99312
0.160048 6.96694
0.160343 6.94196
0.160639 6.91585
0.160936 6.89139
0.161233 6.8658
0.161531 6.8412
0.161829 6.81632
0.162128 6.7915
0.162427 6.76695
0.162727 6.74169
0.163028 6.71764
0.163329 6.69209
0.16363 6.66856
0.163933 6.6416
0.164235 6.61969
0.164539 6.59291
0.164842 6.57097
0.165147 6.54442
0.165452 6.52251
0.165757 6.4967
0.166063 6.47462
0.16637 6.44928
0.166677 6.42728
0.166985 6.40206
0.167293 6.38017
0.167602 6.35506
0.167912 6.33318
0.168222 6.30835
0.168532 6.28624
0.168844 6.26144
0.169155 6.23941
0.169468 6.21477
0.169781 6.19301
0.170094 6.16874
0.170408 6.14712
0.170723 6.12341
0.171038 6.10157
0.171354 6.07806
0.171671 6.05659
0.171988 6.03318
0.172305 6.01165
0.172623 5.98843
0.172942 5.96671
0.173261 5.94356
0.173581 5.92196
0.173902 5.89907
0.174223 5.87747
0.174545 5.85501
0.174867 5.833
0.17519 5.81128
0.175514 5.78918
0.175838 5.76795
0.176162 5.74586
0.176488 5.72506
0.176814 5.70221
0.17714 5.68253
0.177467 5.65905
0.177795 5.63975
0.178123 5.61639
0.178452 5.59723
0.178782 5.57392
0.179112 5.55491
0.179443 5.53212
0.179774 5.51259
0.180106 5.49002
0.180438 5.47073
0.180772 5.44854
0.181105 5.42952
0.18144 5.40788
0.181775 5.38858
0.182111 5.36707
0.182447 5.34798
0.182784 5.32623
0.183121 5.3072
0.183459 5.28569
0.183798 5.26659
0.184138 5.24537
0.184478 5.22624
0.184818 5.20513
0.18516 5.18612
0.185502 5.16537
0.185844 5.14632
0.186187 5.12596
0.186531 5.10698
0.186876 5.08711
0.187221 5.06818
0.187566 5.04813
0.187913 5.02926
0.18826 5.00947
0.188607 4.99027
0.188956 4.97088
0.189305 4.95168
0.189654 4.93265
0.190004 4.91315
0.190355 4.89449
0.190707 4.87474
0.191059 4.85664
0.191412 4.83591
0.191765 4.81931
0.192119 4.79903
0.192474 4.78225
0.192829 4.76201
0.193186 4.7452
0.193542 4.72527
0.1939 4.70833
0.194258 4.68855
0.194616 4.67152
0.194976 4.65185
0.195336 4.63502
0.195697 4.61554
0.196058 4.59875
0.19642 4.57953
0.196783 4.56268
0.197146 4.54364
0.19751 4.52701
0.197875 4.50822
0.19824 4.49173
0.198606 4.47323
0.198973 4.45667
0.199341 4.4384
0.199709 4.42156
0.200077 4.40332
0.200447 4.38666
0.200817 4.36865
0.201188 4.35189
0.201559 4.33403
0.201932 4.31717
0.202304 4.29945
0.202678 4.28291
0.203052 4.26545
0.203427 4.24918
0.203803 4.23215
0.204179 4.21534
0.204556 4.19872
0.204934 4.18178
0.205312 4.16545
0.205692 4.14839
0.206071 4.1322
0.206452 4.11469
0.206833 4.0993
0.207215 4.08118
0.207598 4.06626
0.207981 4.04854
0.208365 4.03376
0.20875 4.01594
0.209135 4.00144
0.209522 3.98433
0.209908 3.96947
0.210296 3.9525
0.210684 3.9377
0.211073 3.92059
0.211463 3.90603
0.211854 3.88918
0.212245 3.87437
0.212637 3.85771
0.21303 3.8431
0.213423 3.82624
0.213817 3.81171
0.214212 3.79522
0.214607 3.78063
0.215004 3.76447
0.215401 3.75003
0.215799 3.73424
0.216197 3.71967
0.216596 3.70404
0.216996 3.68942
0.217397 3.67395
0.217798 3.6592
0.218201 3.6439
0.218603 3.62934
0.219007 3.61385
0.219412 3.59932
0.219817 3.58421
0.220223 3.56951
0.220629 3.55466
0.221037 3.54003
0.221445 3.52556
0.221854 3.51091
0.222263 3.49691
0.222674 3.48201
0.223085 3.46817
0.223497 3.45244
0.22391 3.43971
0.224323 3.42397
0.224737 3.4112
0.225152 3.39557
0.225568 3.38264
0.225985 3.3673
0.226402 3.35441
0.22682 3.33927
0.227239 3.32632
0.227659 3.31136
0.228079 3.29861
0.2285 3.28403
0.228922 3.27144
0.229345 3.25688
0.229768 3.24409
0.230193 3.22971
0.230618 3.21687
0.231044 3.20241
0.23147 3.18979
0.231898 3.1755
0.232326 3.16291
0.232755 3.14878
0.233185 3.13595
0.233615 3.12205
0.234047 3.10943
0.234479 3.09572
0.234912 3.08323
0.235346 3.06987
0.23578 3.05713
0.236216 3.04389
0.236652 3.03126
0.237089 3.01811
0.237527 3.00555
0.237965 2.99252
0.238405 2.97962
0.238845 2.96695
0.239286 2.95396
0.239728 2.94158
0.240171 2.92854
0.240614 2.91625
0.241058 2.90302
0.241504 2.89144
0.24195 2.87795
0.242396 2.86678
0.242844 2.85352
0.243292 2.84234
0.243742 2.8289
0.244192 2.81788
0.244643 2.80475
0.245094 2.79337
0.245547 2.78041
0.246 2.76919
0.246455 2.75618
0.24691 2.74508
0.247366 2.73224
0.247822 2.72115
0.24828 2.70841
0.248739 2.6976
0.249198 2.68503
0.249658 2.67419
0.250119 2.66184
0.250581 2.65083
0.251044 2.63866
0.251507 2.6277
0.251972 2.61568
0.252437 2.60456
0.252903 2.59256
0.25337 2.58151
0.253838 2.56972
0.254307 2.55864
0.254776 2.54705
0.255247 2.53603
0.255718 2.52444
0.25619 2.51363
0.256663 2.5024
0.257137 2.4915
0.257612 2.48041
0.258088 2.46937
0.258565 2.45849
0.259042 2.44734
0.25952 2.43672
0.26 2.42539
0.26048 2.41489
0.260961 2.40293
0.261443 2.39333
0.261925 2.38143
0.262409 2.37186
0.262894 2.36007
0.263379 2.35057
0.263865 2.33919
0.264353 2.32964
0.264841 2.31841
0.26533 2.30877
0.26582 2.29753
0.266311 2.28792
0.266803 2.27683
0.267295 2.26731
0.267789 2.25628
0.268283 2.24662
0.268779 2.23573
0.269275 2.22616
0.269772 2.21525
0.27027 2.20584
0.27077 2.19513
0.27127 2.1858
0.27177 2.17535
0.272272 2.16588
0.272775 2.15559
0.273279 2.14624
0.273783 2.13599
0.274289 2.12653
0.274796 2.11646
0.275303 2.10686
0.275811 2.09688
0.276321 2.08738
0.276831 2.07753
0.277342 2.06803
0.277854 2.05831
0.278367 2.04867
0.278881 2.03925
0.279396 2.02977
0.279912 2.02057
0.280429 2.01099
0.280947 2.00191
0.281466 1.9922
0.281986 1.98344
0.282506 1.97325
0.283028 1.9649
0.283551 1.95486
0.284074 1.94662
0.284599 1.93643
0.285124 1.92824
0.285651 1.91834
0.286178 1.91
0.286707 1.9003
0.287236 1.8921
0.287767 1.88254
0.288298 1.87441
0.28883 1.86503
0.289364 1.85687
0.289898 1.84751
0.290433 1.83936
0.29097 1.82999
0.291507 1.82186
0.292045 1.81259
0.292585 1.8044
0.293125 1.79534
0.293666 1.78721
0.294208 1.77826
0.294752 1.77004
0.295296 1.76117
0.295841 1.75311
0.296388 1.74456
0.296935 1.73646
0.297483 1.72798
0.298033 1.7199
0.298583 1.71132
0.299134 1.70326
0.299687 1.69491
0.30024 1.68679
0.300795 1.67849
0.30135 1.67029
0.301906 1.66228
0.302464 1.65396
0.303022 1.64611
0.303582 1.63775
0.304143 1.63008
0.304704 1.62152
0.305267 1.61442
0.305831 1.6058
0.306395 1.59877
0.306961 1.5902
0.307528 1.58322
0.308096 1.57467
0.308665 1.56768
0.309235 1.55931
0.309806 1.55223
0.310378 1.54386
0.310951 1.53683
0.311525 1.52861
0.312101 1.52166
0.312677 1.51361
0.313254 1.50662
0.313833 1.49872
0.314412 1.49182
0.314993 1.48397
0.315574 1.47712
0.316157 1.46932
0.316741 1.46245
0.317326 1.45475
0.317912 1.44777
0.318499 1.4402
0.319087 1.43331
0.319676 1.42583
0.320267 1.41885
0.320858 1.41149
0.321451 1.4045
0.322044 1.39725
0.322639 1.3904
0.323235 1.38329
0.323832 1.37649
0.32443 1.36947
0.325029 1.36254
0.325629 1.35572
0.32623 1.34875
0.326833 1.342
0.327436 1.33493
0.328041 1.32831
0.328646 1.32118
0.329253 1.31481
0.329861 1.30731
0.33047 1.30133
0.331081 1.29397
0.331692 1.28808
0.332305 1.28083
0.332918 1.27493
0.333533 1.26787
0.334149 1.2619
0.334766 1.25492
0.335384 1.24897
0.336003 1.242
0.336624 1.23607
0.337246 1.22919
0.337868 1.2233
0.338492 1.21647
0.339117 1.21056
0.339743 1.20378
0.340371 1.19788
0.340999 1.19122
0.341629 1.18541
0.34226 1.17895
0.342892 1.17314
0.343525 1.16683
0.344159 1.16094
0.344795 1.15459
0.345432 1.14882
0.34607 1.14254
0.346709 1.13675
0.347349 1.13053
0.34799 1.1247
0.348633 1.1185
0.349277 1.1127
0.349922 1.10669
0.350568 1.10091
0.351215 1.09496
0.351864 1.08918
0.352513 1.08347
0.353164 1.07763
0.353817 1.07208
0.35447 1.06617
0.355125 1.06069
0.35578 1.05455
0.356437 1.04941
0.357095 1.04317
0.357755 1.03816
0.358416 1.03194
0.359077 1.02698
0.35974 1.02082
0.360405 1.01589
0.36107 1.00987
0.361737 1.00492
0.362405 0.999023
0.363074 0.994113
0.363745 0.988371
0.364416 0.983489
0.365089 0.977797
0.365763 0.972823
0.366439 0.967195
0.367116 0.962273
0.367793 0.956598
0.368473 0.951742
0.369153 0.946161
0.369835 0.941281
0.370518 0.93578
0.371202 0.930893
0.371887 0.925505
0.372574 0.920709
0.373262 0.915464
0.373951 0.910626
0.374642 0.905496
0.375334 0.900623
0.376027 0.895559
0.376721 0.890684
0.377417 0.885624
0.378114 0.880796
0.378812 0.875822
0.379511 0.870918
0.380212 0.866048
0.380914 0.861129
0.381618 0.85638
0.382322 0.851402
0.383028 0.846819
0.383736 0.841868
0.384444 0.837422
0.385154 0.832268
0.385866 0.828143
0.386578 0.823027
0.387292 0.81889
0.388007 0.813782
0.388724 0.809656
0.389441 0.804642
0.390161 0.800455
0.390881 0.79551
0.391603 0.791356
0.392326 0.786439
0.39305 0.782362
0.393776 0.777502
0.394503 0.773478
0.395232 0.768755
0.395962 0.764713
0.396693 0.760087
0.397425 0.756028
0.398159 0.751421
0.398895 0.747384
0.399631 0.74286
0.400369 0.73882
0.401108 0.734369
0.401849 0.730289
0.402591 0.725847
0.403335 0.721823
0.404079 0.717435
0.404826 0.713425
0.405573 0.709117
0.406322 0.705139
0.407072 0.700931
0.407824 0.697002
0.408577 0.692886
0.409332 0.688945
0.410088 0.684879
0.410845 0.680852
0.411604 0.67692
0.412364 0.67284
0.413125 0.668986
0.413888 0.664876
0.414652 0.661111
0.415418 0.656876
0.416185 0.653328
0.416954 0.649009
0.417723 0.645596
0.418495 0.641386
0.419268 0.63805
0.420042 0.633896
0.420818 0.630585
0.421595 0.626524
0.422373 0.623132
0.423153 0.619095
0.423934 0.615721
0.424717 0.611715
0.425502 0.608382
0.426287 0.604424
0.427075 0.601055
0.427863 0.597182
0.428653 0.593868
0.429445 0.589991
0.430238 0.586707
0.431032 0.582937
0.431828 0.579686
0.432626 0.576025
0.433425 0.572776
0.434225 0.569134
0.435027 0.565877
0.43583 0.562302
0.436635 0.559012
0.437441 0.555486
0.438249 0.552174
0.439058 0.548706
0.439869 0.545425
0.440681 0.541969
0.441495 0.538718
0.44231 0.535352
0.443127 0.532088
0.443945 0.528846
0.444765 0.525603
0.445586 0.522461
0.446409 0.519164
0.447234 0.516089
0.448059 0.512748
0.448887 0.509745
0.449716 0.506212
0.450546 0.503456
0.451378 0.499964
0.452212 0.497199
0.453047 0.49373
0.453883 0.490988
0.454722 0.487596
0.455561 0.484872
0.456402 0.481568
0.457245 0.478854
0.45809 0.475646
0.458935 0.472959
0.459783 0.469769
0.460632 0.467085
0.461483 0.46393
0.462335 0.461223
0.463189 0.458104
0.464044 0.455406
0.464901 0.452283
0.465759 0.449627
0.466619 0.446574
0.467481 0.443918
0.468344 0.44094
0.469209 0.438291
0.470076 0.435367
0.470944 0.432769
0.471813 0.429932
0.472684 0.427309
0.473557 0.42451
0.474432 0.421871
0.475308 0.419087
0.476186 0.416466
0.477065 0.413723
0.477946 0.411115
0.478828 0.408431
0.479713 0.405747
0.480598 0.403154
0.481486 0.400466
0.482375 0.397954
0.483266 0.395276
0.484158 0.392833
0.485052 0.390156
0.485948 0.387841
0.486845 0.385063
0.487744 0.38283
0.488645 0.380111
0.489547 0.377899
0.490451 0.375143
0.491357 0.372963
0.492264 0.370271
0.493173 0.368067
0.494084 0.365405
0.494996 0.363226
0.495911 0.360589
0.496826 0.35846
0.497744 0.355897
0.498663 0.353773
0.499584 0.351298
0.500506 0.3492
0.50143 0.34671
0.502356 0.3446
0.503284 0.342161
0.504213 0.340041
0.505144 0.33764
0.506077 0.335531
0.507012 0.333158
0.507948 0.331043
0.508886 0.328708
0.509826 0.326596
0.510767 0.324321
0.51171 0.32221
0.512655 0.320008
0.513602 0.31796
0.51455 0.315785
0.515501 0.313723
0.516453 0.311599
0.517406 0.309515
0.518362 0.307421
0.519319 0.305325
0.520278 0.30329
0.521239 0.301157
0.522201 0.299188
0.523165 0.297032
0.524131 0.295103
0.525099 0.292826
0.526069 0.291105
0.52704 0.288879
0.528014 0.287177
0.528989 0.285025
0.529966 0.283305
0.530944 0.281189
0.531925 0.279475
0.532907 0.27738
0.533891 0.275672
0.534877 0.273579
0.535865 0.271872
0.536854 0.269822
0.537845 0.268141
0.538839 0.266099
0.539834 0.264411
0.54083 0.262429
0.541829 0.260756
0.54283 0.258803
0.543832 0.257176
0.544836 0.255291
0.545842 0.253665
0.54685 0.251802
0.54786 0.25015
0.548872 0.248316
0.549885 0.246681
0.550901 0.244865
0.551918 0.243224
0.552937 0.24144
0.553958 0.23978
0.554981 0.238039
0.556006 0.236396
0.557033 0.234689
0.558061 0.233072
0.559092 0.231416
0.560124 0.229797
0.561159 0.228213
0.562195 0.226576
0.563233 0.225029
0.564273 0.223377
0.565315 0.221857
0.566359 0.220166
0.567405 0.218722
0.568453 0.216962
0.569502 0.215595
0.570554 0.213875
0.571608 0.212522
0.572663 0.210795
0.573721 0.209488
0.57478 0.207818
0.575842 0.206497
0.576905 0.204906
0.57797 0.203597
0.579037 0.202007
0.580107 0.200705
0.581178 0.199136
0.582251 0.197825
0.583326 0.196264
0.584404 0.194983
0.585483 0.193431
0.586564 0.192148
0.587647 0.190628
0.588732 0.189338
0.589819 0.187858
0.590908 0.186588
0.592 0.185154
0.593093 0.183898
0.594188 0.182506
0.595285 0.181252
0.596385 0.17989
0.597486 0.178626
0.598589 0.177281
0.599694 0.176019
0.600802 0.174681
0.601911 0.173423
0.603023 0.172122
0.604136 0.170859
0.605252 0.169582
0.60637 0.168304
0.607489 0.167077
0.608611 0.165798
0.609735 0.164626
0.610861 0.163369
0.611989 0.162233
0.613119 0.1609
0.614251 0.15987
0.615386 0.158537
0.616522 0.157511
0.61766 0.156186
0.618801 0.155164
0.619944 0.153867
0.621088 0.152848
0.622235 0.15157
0.623384 0.150559
0.624535 0.149289
0.625689 0.14829
0.626844 0.147059
0.628002 0.146092
0.629161 0.144919
0.630323 0.143931
0.631487 0.142773
0.632653 0.141795
0.633821 0.140637
0.634992 0.139668
0.636164 0.138529
0.637339 0.137557
0.638516 0.136431
0.639695 0.135453
0.640876 0.134353
0.64206 0.133392
0.643246 0.132314
0.644433 0.131354
0.645623 0.130315
0.646816 0.12937
0.64801 0.128369
0.649207 0.127426
0.650405 0.126444
0.651606 0.125494
0.65281 0.124526
0.654015 0.123564
0.655223 0.122618
0.656433 0.121655
0.657645 0.120736
0.658859 0.119756
0.660076 0.118865
0.661295 0.117874
0.662516 0.117032
0.66374 0.115994
0.664965 0.11523
0.666193 0.114256
0.667423 0.113496
0.668656 0.112511
0.669891 0.111758
0.671128 0.110794
0.672367 0.110032
0.673608 0.10908
0.674852 0.108322
0.676099 0.107381
0.677347 0.106629
0.678598 0.105702
0.679851 0.104961
0.681106 0.104045
0.682364 0.103311
0.683624 0.102419
0.684887 0.101701
0.686151 0.100852
0.687418 0.100132
0.688688 0.0993018
0.689959 0.0985817
0.691233 0.0977593
0.69251 0.0970338
0.693789 0.0962186
0.69507 0.0954979
0.696353 0.0947019
0.697639 0.0939806
0.698928 0.0931988
0.700218 0.092482
0.701511 0.0917118
0.702807 0.0910021
0.704104 0.0902684
0.705405 0.0895724
0.706707 0.0888653
0.708012 0.0881626
0.70932 0.0874791
0.710629 0.0867625
0.711942 0.086095
0.713256 0.0853691
0.714574 0.0847213
0.715893 0.0839581
0.717215 0.0833677
0.718539 0.0825965
0.719866 0.0820223
0.721196 0.0812634
0.722527 0.0807039
0.723862 0.0799566
0.725198 0.0794093
0.726537 0.0787104
0.727879 0.0781612
0.729223 0.0774619
0.73057 0.0769145
0.731919 0.0762281
0.73327 0.0756839
0.734624 0.0750087
0.735981 0.0744571
0.73734 0.0737899
0.738702 0.0732459
0.740066 0.0725859
0.741432 0.0720493
0.742801 0.0714044
0.744173 0.070872
0.745547 0.0702432
0.746924 0.0697229
0.748303 0.0691267
0.749685 0.0686082
0.75107 0.068025
0.752456 0.0674996
0.753846 0.0669262
0.755238 0.066398
0.756633 0.0658322
0.75803 0.0653048
0.75943 0.0647503
0.760832 0.0642252
0.762237 0.0636812
0.763644 0.0631512
0.765055 0.0626309
0.766467 0.0621007
0.767883 0.0616026
0.769301 0.0610789
0.770721 0.0606059
0.772145 0.0600785
0.77357 0.0596263
0.774999 0.0590616
0.77643 0.0586477
0.777864 0.0580935
0.7793 0.0576783
0.780739 0.0571291
0.782181 0.0567168
0.783625 0.0561786
0.785072 0.0557661
0.786522 0.0552356
0.787974 0.0548331
0.78943 0.0543146
0.790887 0.0539209
0.792348 0.0534321
0.793811 0.0530446
0.795277 0.052562
0.796745 0.0521705
0.798217 0.0516948
0.799691 0.0513012
0.801167 0.0508301
0.802647 0.0504396
0.804129 0.0499793
0.805614 0.0495882
0.807101 0.0491374
0.808592 0.048746
0.810085 0.048301
0.811581 0.0479225
0.81308 0.0474876
0.814581 0.0471185
0.816085 0.0467076
0.817592 0.0463377
0.819102 0.0459329
0.820615 0.0455591
0.82213 0.0451679
0.823648 0.0447919
0.825169 0.0444035
0.826693 0.0440238
0.828219 0.04365
0.829749 0.0432634
0.831281 0.0429046
0.832816 0.0425128
0.834354 0.04217
0.835895 0.0417619
0.837438 0.0414559
0.838985 0.0410565
0.840534 0.0407641
0.842086 0.040371
0.843641 0.0400816
0.845199 0.0396918
0.84676 0.0394037
0.848323 0.0390207
0.84989 0.0387303
0.851459 0.038349
0.853031 0.0380615
0.854607 0.0376888
0.856185 0.0374059
0.857766 0.0370402
0.85935 0.0367553
0.860937 0.0364017
0.862526 0.03613
0.864119 0.0357887
0.865715 0.0355184
0.867313 0.0351879
0.868915 0.0349158
0.87052 0.03459
0.872127 0.0343166
0.873738 0.0339937
0.875351 0.0337222
0.876967 0.0334078
0.878587 0.0331337
0.880209 0.0328256
0.881835 0.0325521
0.883463 0.0322538
0.885094 0.0319798
0.886729 0.0316911
0.888366 0.0314278
0.890007 0.0311543
0.89165 0.0308895
0.893297 0.0306243
0.894946 0.0303553
0.896599 0.0300989
0.898255 0.0298227
0.899913 0.0295752
0.901575 0.0292942
0.90324 0.0290582
0.904908 0.0287571
0.906579 0.0285468
0.908253 0.0282516
0.90993 0.0280433
0.911611 0.0277542
0.913294 0.0275534
0.91498 0.0272812
0.91667 0.0270796
0.918363 0.0268149
0.920059 0.0266136
0.921758 0.0263508
0.92346 0.0261518
0.925165 0.0258917
0.926873 0.0256936
0.928585 0.0254367
0.9303 0.0252376
0.932018 0.0249874
0.933739 0.0247883
0.935463 0.0245411
0.93719 0.0243467
0.938921 0.024108
0.940655 0.0239184
0.942392 0.0236935
0.944132 0.0235039
0.945875 0.0232842
0.947622 0.0230952
0.949372 0.0228776
0.951125 0.0226877
0.952881 0.0224739
0.954641 0.022284
0.956404 0.0220755
0.95817 0.0218837
0.959939 0.0216807
0.961712 0.0214896
0.963488 0.0212919
0.965267 0.0210999
0.967049 0.0209137
0.968835 0.0207244
0.970624 0.0205486
0.972417 0.0203584
0.974212 0.0201916
0.976011 0.0199915
0.977814 0.0198368
0.979619 0.0196291
0.981428 0.0194825
0.983241 0.0192772
0.985056 0.0191337
0.986875 0.0189302
0.988698 0.0187884
0.990523 0.0185903
0.992352 0.018449
0.994185 0.0182555
0.996021 0.0181177
0.99786 0.0179346
0.999703 0.0178001
1.00155 0.0176224
1.0034 0.0174859
1.00525 0.0173117
1.00711 0.0171771
1.00897 0.0170031
1.01083 0.0168668
1.0127 0.0166968
1.01457 0.0165613
1.01644 0.0163939
1.01832 0.0162599
1.0202 0.0160961
1.02208 0.0159628
1.02397 0.0158057
1.02586 0.0156752
1.02775 0.0155264
1.02965 0.0153966
1.03155 0.0152535
1.03346 0.0151233
1.03537 0.0149815
1.03728 0.0148507
1.03919 0.0147124
1.04111 0.0145796
1.04304 0.0144455
1.04496 0.0143106
1.04689 0.0141817
1.04882 0.0140445
1.05076 0.0139224
1.0527 0.0137824
1.05465 0.013669
1.05659 0.0135226
1.05854 0.0134258
1.0605 0.0132854
1.06246 0.0131881
1.06442 0.0130486
1.06638 0.0129509
1.06835 0.0128136
1.07033 0.0127164
1.0723 0.0125807
1.07428 0.0124828
1.07627 0.0123499
1.07825 0.0122536
1.08025 0.0121225
1.08224 0.0120284
1.08424 0.0119001
1.08624 0.0118076
1.08825 0.0116878
1.09026 0.011596
1.09227 0.01148
1.09429 0.0113891
1.09631 0.0112743
1.09833 0.0111832
1.10036 0.0110702
1.10239 0.0109782
1.10443 0.0108669
1.10647 0.0107757
1.10851 0.0106666
1.11056 0.010575
1.11261 0.0104691
1.11466 0.0103777
1.11672 0.010276
1.11878 0.0101868
1.12085 0.0100907
1.12292 0.0100032
1.12499 0.00991161
1.12707 0.00982095
1.12915 0.00973236
1.13124 0.00963991
1.13333 0.00955433
1.13542 0.00945994
1.13751 0.0093778
1.13962 0.00927956
1.14172 0.00920365
1.14383 0.00909991
1.14594 0.00903181
1.14806 0.00893116
1.15018 0.00886535
1.1523 0.00876848
1.15443 0.00870452
1.15656 0.00861294
1.1587 0.008548
1.16083 0.00845703
1.16298 0.00839256
1.16513 0.00830227
1.16728 0.00823773
1.16943 0.00814887
1.17159 0.00808442
1.17376 0.0079969
1.17592 0.00793343
1.1781 0.00784745
1.18027 0.00778431
1.18245 0.00770108
1.18463 0.00763971
1.18682 0.00756101
1.18901 0.0075008
1.19121 0.00742595
1.19341 0.00736487
1.19561 0.00729096
1.19782 0.00722942
1.20003 0.00715695
1.20225 0.00709484
1.20447 0.00702396
1.20669 0.00696163
1.20892 0.0068924
1.21115 0.00682967
1.21339 0.00676297
1.21563 0.00669988
1.21787 0.00663622
1.22012 0.00657438
1.22238 0.00651518
1.22463 0.00645333
1.2269 0.00639781
1.22916 0.00633381
1.23143 0.00628066
1.2337 0.00620973
1.23598 0.0061646
1.23826 0.00609449
1.24055 0.00604947
1.24284 0.00598032
1.24514 0.00593505
1.24744 0.00586757
1.24974 0.00582309
1.25205 0.00575713
1.25436 0.0057141
1.25668 0.00565121
1.259 0.0056089
1.26132 0.00554965
1.26365 0.00550767
1.26598 0.00544858
1.26832 0.00540588
1.27066 0.005348
1.27301 0.00530517
1.27536 0.00524774
1.27772 0.00520548
1.28008 0.00514891
1.28244 0.00510673
1.28481 0.00505133
1.28718 0.00500895
1.28956 0.00495594
1.29194 0.00491494
1.29432 0.0048644
1.29671 0.00482431
1.29911 0.00477667
1.30151 0.00473574
1.30391 0.00468907
1.30632 0.00464764
1.30873 0.00460229
1.31115 0.00456008
1.31357 0.00451569
1.31599 0.00447283
1.31842 0.00442992
1.32086 0.00438635
1.3233 0.00434573
1.32574 0.00430126
1.32819 0.00426353
1.33064 0.00421833
1.3331 0.00418459
1.33556 0.004138
1.33803 0.00410839
1.3405 0.00406249
1.34297 0.00403271
1.34545 0.00398686
1.34794 0.00395748
1.35043 0.0039121
1.35292 0.00388237
1.35542 0.00383792
1.35792 0.00380844
1.36043 0.00376471
1.36294 0.00373551
1.36546 0.00369288
1.36798 0.00366436
1.37051 0.00362391
1.37304 0.00359662
1.37557 0.0035583
1.37811 0.00353079
1.38066 0.00349305
1.38321 0.00346507
1.38576 0.00342792
1.38832 0.00339992
1.39088 0.00336352
1.39345 0.0033351
1.39603 0.00329935
1.3986 0.0032709
1.40119 0.00323621
1.40377 0.00320789
1.40637 0.00317446
1.40896 0.00314667
1.41157 0.00311497
1.41417 0.00308799
1.41678 0.00305849
1.4194 0.00303096
1.42202 0.00300207
1.42465 0.00297368
1.42728 0.00294593
1.42991 0.00291645
1.43255 0.00289001
1.4352 0.0028594
1.43785 0.00283456
1.4405 0.00280101
1.44316 0.00278017
1.44583 0.00274654
1.4485 0.00272695
1.45117 0.00269475
1.45385 0.0026758
1.45654 0.00264612
1.45923 0.00262698
1.46192 0.0025975
1.46462 0.00257841
1.46733 0.00254892
1.47004 0.00252971
1.47275 0.00250063
1.47547 0.00248149
1.47819 0.002453
1.48092 0.00243363
1.48366 0.00240563
1.4864 0.00238662
1.48914 0.0023593
1.49189 0.00234082
1.49465 0.00231492
1.49741 0.00229699
1.50017 0.00227272
1.50294 0.00225452
1.50572 0.00223067
1.5085 0.00221232
1.51129 0.00218888
1.51408 0.00217031
1.51687 0.00214741
1.51967 0.00212848
1.52248 0.00210601
1.52529 0.00208697
1.52811 0.00206539
1.53093 0.00204608
1.53376 0.00202547
1.53659 0.00200636
1.53943 0.00198709
1.54227 0.00196859
1.54512 0.00195088
1.54797 0.00193147
1.55083 0.00191456
1.55369 0.00189397
1.55656 0.00187849
1.55944 0.00185575
1.56231 0.00184252
1.5652 0.00182017
1.56809 0.00180697
1.57099 0.00178472
1.57389 0.00177183
1.57679 0.00175014
1.5797 0.00173754
1.58262 0.00171678
1.58554 0.00170468
1.58847 0.00168561
1.59141 0.00167331
1.59434 0.00165442
1.59729 0.00164214
1.60024 0.0016234
1.60319 0.0016109
1.60615 0.00159237
1.60912 0.00157982
1.61209 0.00156165
1.61507 0.00154905
1.61805 0.00153128
1.62104 0.00151875
1.62403 0.00150154
1.62703 0.00148921
1.63003 0.00147282
1.63304 0.00146096
1.63606 0.00144587
1.63908 0.00143398
1.64211 0.001419
1.64514 0.00140679
1.64818 0.00139215
1.65122 0.00137963
1.65427 0.00136557
1.65733 0.00135267
1.66039 0.00133895
1.66345 0.0013258
1.66652 0.00131282
1.6696 0.0012993
1.67268 0.00128716
1.67577 0.00127331
1.67887 0.00126255
1.68197 0.00124842
1.68507 0.00123941
1.68819 0.00122462
1.6913 0.00121624
1.69443 0.00120152
1.69756 0.00119315
1.70069 0.00117856
1.70383 0.00117014
1.70698 0.00115568
1.71013 0.00114725
1.71329 0.00113306
1.71645 0.00112469
1.71962 0.0011108
1.7228 0.00110267
1.72598 0.00108941
1.72916 0.00108155
1.73236 0.00106947
1.73556 0.00106154
1.73876 0.00104953
1.74197 0.00104155
1.74519 0.00102969
1.74841 0.00102158
1.75164 0.00100989
1.75487 0.00100166
1.75812 0.00099015
1.76136 0.000981896
1.76461 0.000970764
1.76787 0.000962414
1.77114 0.000951639
1.77441 0.00094336
1.77768 0.000933197
1.78097 0.000925328
1.78426 0.000916029
1.78755 0.000907956
1.79085 0.00089885
1.79416 0.000890483
1.79747 0.000881788
1.80079 0.000873079
1.80412 0.000864696
1.80745 0.000855542
1.81079 0.000847705
1.81413 0.000837996
1.81748 0.000830957
1.82084 0.000820024
1.8242 0.000814491
1.82757 0.00080398
1.83094 0.000798694
1.83432 0.000789253
1.83771 0.000783927
1.8411 0.000774545
1.8445 0.000769129
1.84791 0.000759767
1.85132 0.000754363
1.85474 0.000745082
1.85816 0.0007396
1.8616 0.000730493
1.86503 0.000725059
1.86848 0.000716022
1.87193 0.00071056
1.87538 0.000701779
1.87885 0.000696404
1.88232 0.000687955
1.88579 0.000682911
1.88928 0.000675322
1.89276 0.000670155
1.89626 0.000662645
1.89976 0.000657381
1.90327 0.00064994
1.90678 0.000644646
1.9103 0.000637312
1.91383 0.000631888
1.91737 0.000624726
1.92091 0.000619226
1.92445 0.000612279
1.92801 0.000606641
1.93157 0.000600062
1.93514 0.000594387
1.93871 0.000588209
1.94229 0.000582836
1.94588 0.000577309
1.94947 0.000571647
1.95307 0.000566401
1.95667 0.000560372
1.96029 0.000555508
1.96391 0.000548771
1.96753 0.000544625
1.97117 0.000537443
1.97481 0.00053378
1.97845 0.000526667
1.98211 0.000523062
1.98577 0.000516086
1.98943 0.000512547
1.99311 0.000505778
1.99679 0.000502465
2.00048 0.000496394
2.00417 0.000493009
2.00787 0.000487039
2.01158 0.000483624
2.01529 0.000477684
2.01902 0.000474186
2.02274 0.000468323
2.02648 0.000464846
2.03022 0.000459002
2.03397 0.000455478
2.03773 0.000449773
2.04149 0.000446234
2.04526 0.000440686
2.04904 0.000437188
2.05282 0.000431835
2.05661 0.00042855
2.06041 0.000423798
2.06421 0.000420416
2.06802 0.000415735
2.07184 0.000412266
2.07567 0.000407706
2.0795 0.000404087
2.08334 0.000399641
2.08719 0.00039593
2.09104 0.000391632
2.0949 0.000387803
2.09877 0.000383704
2.10265 0.000379758
2.10653 0.000375895
2.11042 0.000371789
2.11432 0.000368349
2.11822 0.000364303
2.12213 0.000361406
2.12605 0.000356743
2.12998 0.000354478
2.13391 0.000349842
2.13785 0.000347545
2.1418 0.000342951
2.14576 0.000340635
2.14972 0.00033607
2.15369 0.000333729
2.15766 0.000329232
2.16165 0.000326896
2.16564 0.000322477
2.16964 0.000320216
2.17365 0.000315916
2.17766 0.000313786
2.18168 0.000309943
2.18571 0.00030778
2.18975 0.00030403
2.19379 0.000301809
2.19784 0.000298071
2.2019 0.00029583
2.20597 0.000292153
2.21004 0.000289867
2.21412 0.000286249
2.21821 0.000283927
2.2223 0.000280371
2.22641 0.000278023
2.23052 0.000274583
2.23464 0.000272223
2.23876 0.000268952
2.2429 0.000266751
2.24704 0.000263828
2.25119 0.000261564
2.25535 0.000258733
2.25951 0.000256373
2.26368 0.000253629
2.26786 0.000251157
2.27205 0.000248544
2.27625 0.000245918
2.28045 0.000243461
2.28466 0.000240657
2.28888 0.000238427
2.29311 0.000235305
2.29734 0.000233463
2.30158 0.000230086
2.30583 0.00022867
2.31009 0.000225662
2.31436 0.000224255
2.31863 0.000221304
2.32291 0.000219877
2.3272 0.000216952
2.3315 0.000215498
2.33581 0.000212589
2.34012 0.000211118
2.34444 0.000208226
2.34877 0.000206746
2.35311 0.000203898
2.35745 0.000202407
2.36181 0.000199619
2.36617 0.00019816
2.37054 0.00019546
2.37491 0.000194075
2.3793 0.000191654
2.38369 0.000190266
2.38809 0.000187924
2.3925 0.000186502
2.39692 0.00018418
2.40135 0.000182717
2.40578 0.00018044
2.41023 0.000178931
2.41468 0.000176702
2.41914 0.000175146
2.4236 0.000172987
2.42808 0.000171401
2.43256 0.000169321
2.43705 0.00016771
2.44155 0.000165769
2.44606 0.000164229
2.45058 0.000162507
2.4551 0.000160911
2.45964 0.000159312
2.46418 0.000157606
2.46873 0.000156103
2.47329 0.000154223
2.47786 0.00015289
2.48243 0.000150642
2.48702 0.00014968
2.49161 0.000147457
2.49621 0.000146505
2.50082 0.000144312
2.50544 0.000143359
2.51006 0.000141228
2.5147 0.00014034
2.51934 0.000138428
2.52399 0.000137531
2.52866 0.000135696
2.53333 0.000134789
2.538 0.000132954
2.54269 0.00013204
2.54739 0.00013021
2.55209 0.000129273
2.5568 0.000127476
2.56152 0.000126512
2.56625 0.000124744
2.57099 0.000123786
2.57574 0.000122042
2.5805 0.00012109
2.58526 0.000119421
2.59004 0.000118518
2.59482 0.000117017
2.59961 0.00011612
2.60441 0.000114685
2.60922 0.000113749
2.61404 0.000112348
2.61886 0.000111371
2.6237 0.000110001
2.62855 0.000108981
2.6334 0.00010765
2.63826 0.000106593
2.64313 0.000105327
2.64801 0.000104209
2.6529 0.00010302
2.6578 0.000101866
2.66271 0.000100792
2.66763 9.96464e-05
2.67255 9.87347e-05
2.67749 9.7494e-05
2.68243 9.67453e-05
2.68739 9.53263e-05
2.69235 9.47389e-05
2.69732 9.33309e-05
2.7023 9.27323e-05
2.70729 9.1324e-05
2.71229 9.07201e-05
2.7173 8.93336e-05
2.72232 8.87229e-05
2.72735 8.73583e-05
2.73238 8.67603e-05
2.73743 8.5428e-05
2.74248 8.48668e-05
2.74755 8.3661e-05
2.75262 8.31047e-05
2.7577 8.19635e-05
2.7628 8.13955e-05
2.7679 8.02625e-05
2.77301 7.96844e-05
2.77813 7.85603e-05
2.78326 7.796e-05
2.7884 7.68484e-05
2.79355 7.6241e-05
2.79871 7.51523e-05
2.80387 7.45247e-05
2.80905 7.34637e-05
2.81424 7.28399e-05
2.81944 7.18254e-05
2.82464 7.12292e-05
2.82986 7.03221e-05
2.83508 6.9719e-05
2.84032 6.88777e-05
2.84556 6.82455e-05
2.85082 6.74252e-05
2.85608 6.67542e-05
2.86136 6.59683e-05
2.86664 6.52557e-05
2.87193 6.45148e-05
2.87724 6.37417e-05
2.88255 6.30647e-05
2.88787 6.22184e-05
2.89321 6.16296e-05
2.89855 6.05967e-05
2.9039 6.02413e-05
2.90926 5.93088e-05
2.91464 5.89641e-05
2.92002 5.80869e-05
2.92541 5.77271e-05
2.93081 5.68586e-05
2.93623 5.6491e-05
2.94165 5.56244e-05
2.94708 5.52532e-05
2.95252 5.43876e-05
2.95797 5.40068e-05
2.96344 5.31542e-05
2.96891 5.27747e-05
2.97439 5.19303e-05
2.97988 5.1551e-05
2.98539 5.07353e-05
2.9909 5.03802e-05
2.99642 4.96398e-05
3.00195 4.92922e-05
3.0075 4.85957e-05
3.01305 4.82399e-05
3.01862 4.75496e-05
3.02419 4.71791e-05
3.02977 4.65018e-05
3.03537 4.61146e-05
3.04097 4.54484e-05
3.04659 4.50483e-05
3.05222 4.44029e-05
3.05785 4.39859e-05
3.0635 4.33619e-05
3.06916 4.29401e-05
3.07482 4.23543e-05
3.0805 4.19435e-05
3.08619 4.14227e-05
3.09189 4.10105e-05
3.0976 4.05376e-05
3.10332 4.00933e-05
3.10905 3.96547e-05
3.11479 3.91645e-05
3.12054 3.87642e-05
3.1263 3.82076e-05
3.13208 3.78732e-05
3.13786 3.72218e-05
3.14365 3.69842e-05
3.14946 3.63396e-05
3.15528 3.61056e-05
3.1611 3.54735e-05
3.16694 3.52548e-05
3.17279 3.46802e-05
3.17865 3.44686e-05
3.18452 3.3937e-05
3.1904 3.3718e-05
3.19629 3.31903e-05
3.20219 3.29662e-05
3.2081 3.24395e-05
3.21403 3.22084e-05
3.21996 3.16861e-05
3.22591 3.14537e-05
3.23187 3.09336e-05
3.23783 3.0698e-05
3.24381 3.0189e-05
3.2498 2.99507e-05
3.2558 2.94581e-05
3.26182 2.92334e-05
3.26784 2.8789e-05
3.27387 2.857e-05
3.27992 2.81606e-05
3.28598 2.793e-05
3.29204 2.75289e-05
3.29812 2.7288e-05
3.30421 2.68959e-05
3.31031 2.66435e-05
3.31643 2.62589e-05
3.32255 2.59922e-05
3.32869 2.56244e-05
3.33483 2.5345e-05
3.34099 2.49963e-05
3.34716 2.47006e-05
3.35334 2.43835e-05
3.35953 2.40848e-05
3.36574 2.3818e-05
3.37195 2.35091e-05
3.37818 2.3287e-05
3.38442 2.29118e-05
3.39067 2.27569e-05
3.39693 2.23604e-05
3.4032 2.22219e-05
3.40949 2.18253e-05
3.41578 2.16833e-05
3.42209 2.12923e-05
3.42841 2.11483e-05
3.43474 2.07616e-05
3.44108 2.06199e-05
3.44744 2.02403e-05
3.4538 2.01065e-05
3.46018 1.97596e-05
3.46657 1.96313e-05
3.47297 1.93185e-05
3.47939 1.91856e-05
3.48581 1.88724e-05
3.49225 1.87377e-05
3.4987 1.84261e-05
3.50516 1.82863e-05
3.51163 1.79783e-05
3.51811 1.78334e-05
3.52461 1.75288e-05
3.53112 1.73812e-05
3.53764 1.70839e-05
3.54417 1.69344e-05
3.55072 1.66475e-05
3.55727 1.65033e-05
3.56384 1.62464e-05
3.57042 1.61067e-05
3.57702 1.58751e-05
3.58362 1.57268e-05
3.59024 1.55036e-05
3.59687 1.53443e-05
3.60351 1.51287e-05
3.61017 1.49585e-05
3.61683 1.47535e-05
3.62351 1.45677e-05
3.6302 1.43775e-05
3.63691 1.41736e-05
3.64362 1.40048e-05
3.65035 1.37747e-05
3.65709 1.36414e-05
3.66384 1.33819e-05
3.67061 1.33054e-05
3.67739 1.30741e-05
3.68418 1.29953e-05
3.69098 1.27637e-05
3.6978 1.2683e-05
3.70463 1.24511e-05
3.71147 1.23698e-05
3.71832 1.21385e-05
3.72519 1.20546e-05
3.73207 1.18248e-05
3.73896 1.17392e-05
3.74586 1.15131e-05
3.75278 1.1428e-05
3.75971 1.12064e-05
3.76665 1.11252e-05
3.77361 1.09216e-05
3.78058 1.08455e-05
3.78756 1.06651e-05
3.79455 1.05858e-05
3.80156 1.04069e-05
3.80858 1.03241e-05
3.81561 1.0147e-05
3.82266 1.00613e-05
3.82972 9.88623e-06
3.83679 9.79617e-06
3.84387 9.6246e-06
3.85097 9.53263e-06
3.85808 9.36551e-06
3.86521 9.26907e-06
3.87234 9.11106e-06
3.87949 9.0163e-06
3.88666 8.87628e-06
3.89384 8.78498e-06
3.90103 8.66266e-06
3.90823 8.56355e-06
3.91545 8.44827e-06
3.92268 8.33782e-06
3.92992 8.23317e-06
3.93718 8.10839e-06
3.94445 8.0162e-06
3.95173 7.86413e-06
3.95903 7.79979e-06
3.96634 7.63406e-06
3.97366 7.58473e-06
3.981 7.4215e-06
3.98835 7.3746e-06
3.99572 7.22357e-06
4.0031 7.18045e-06
4.01049 7.04801e-06
4.01789 7.00341e-06
4.02531 6.8718e-06
4.03275 6.82578e-06
4.04019 6.69444e-06
4.04765 6.64709e-06
4.05513 6.51629e-06
4.06262 6.46741e-06
4.07012 6.33754e-06
4.07763 6.28767e-06
4.08516 6.15926e-06
4.09271 6.10986e-06
4.10027 5.98435e-06
4.10784 5.93656e-06
4.11542 5.8213e-06
4.12302 5.7766e-06
4.13064 5.67692e-06
4.13826 5.63039e-06
4.14591 5.53222e-06
4.15356 5.48247e-06
4.16123 5.3861e-06
4.16892 5.33335e-06
4.17661 5.23938e-06
4.18433 5.18343e-06
4.19205 5.09221e-06
4.19979 5.03271e-06
4.20755 4.94575e-06
4.21532 4.88213e-06
4.2231 4.80268e-06
4.2309 4.73743e-06
4.23871 4.66905e-06
4.24654 4.60561e-06
4.25438 4.55062e-06
4.26224 4.47654e-06
4.27011 4.43161e-06
4.278 4.33871e-06
4.2859 4.31171e-06
4.29381 4.21893e-06
4.30174 4.1911e-06
4.30968 4.09874e-06
4.31764 4.07061e-06
4.32561 3.97883e-06
4.3336 3.95076e-06
4.3416 3.86002e-06
4.34962 3.83344e-06
4.35765 3.74875e-06
4.3657 3.72497e-06
4.37376 3.65287e-06
4.38184 3.62816e-06
4.38993 3.55614e-06
4.39804 3.53027e-06
4.40616 3.45895e-06
4.41429 3.43211e-06
4.42245 3.36067e-06
4.43061 3.33312e-06
4.43879 3.26252e-06
4.44699 3.23389e-06
4.4552 3.16441e-06
4.46343 3.13522e-06
4.47167 3.06796e-06
4.47993 3.03938e-06
4.4882 2.97753e-06
4.49649 2.95137e-06
4.50479 2.8994e-06
4.51311 2.87154e-06
4.52144 2.82103e-06
4.52979 2.7905e-06
4.53816 2.74184e-06
4.54654 2.70879e-06
4.55493 2.66203e-06
4.56335 2.62595e-06
4.57177 2.5824e-06
4.58021 2.54223e-06
4.58867 2.50286e-06
4.59715 2.45774e-06
4.60564 2.42476e-06
4.61414 2.37238e-06
4.62266 2.35182e-06
4.6312 2.30224e-06
4.63975 2.28869e-06
4.64832 2.23899e-06
4.6569 2.22517e-06
4.6655 2.17545e-06
4.67411 2.16113e-06
4.68275 2.11146e-06
4.69139 2.0967e-06
4.70006 2.047e-06
4.70874 2.03184e-06
4.71743 1.98278e-06
4.72614 1.96772e-06
4.73487 1.91929e-06
4.74361 1.90454e-06
4.75237 1.85912e-06
4.76115 1.84644e-06
4.76994 1.80861e-06
4.77875 1.79531e-06
4.78757 1.75777e-06
4.79641 1.74382e-06
4.80527 1.70665e-06
4.81414 1.69204e-06
4.82303 1.655e-06
4.83194 1.63947e-06
4.84086 1.6033e-06
4.8498 1.587e-06
4.85876 1.55156e-06
4.86773 1.5346e-06
4.87672 1.50066e-06
4.88572 1.48311e-06
4.89475 1.45243e-06
4.90378 1.43698e-06
4.91284 1.41208e-06
4.92191 1.39483e-06
4.931 1.37136e-06
4.94011 1.35228e-06
4.94923 1.33033e-06
4.95837 1.30865e-06
4.96752 1.28908e-06
4.9767 1.26345e-06
4.98589 1.24759e-06
4.99509 1.2143e-06
5.00432 1.20628e-06
5.01356 1.17334e-06
5.02282 1.16551e-06
5.03209 1.13407e-06
5.04138 1.12746e-06
5.05069 1.10217e-06
5.06002 1.09519e-06
5.06936 1.06996e-06
5.07873 1.06275e-06
5.0881 1.03746e-06
5.0975 1.03018e-06
5.10691 1.00485e-06
5.11634 9.97206e-07
5.12579 9.71986e-07
5.13526 9.64157e-07
5.14474 9.39211e-07
5.15424 9.31241e-07
5.16376 9.06598e-07
5.17329 8.98787e-07
5.18285 8.75555e-07
5.19242 8.68888e-07
5.202 8.50344e-07
5.21161 8.43277e-07
5.22123 8.24862e-07
5.23088 8.17294e-07
5.24054 7.99253e-07
5.25021 7.91202e-07
5.25991 7.73345e-07
5.26962 7.64604e-07
5.27935 7.47418e-07
5.2891 7.38016e-07
5.29887 7.21463e-07
5.30865 7.11362e-07
5.31846 6.95841e-07
5.32828 6.84996e-07
5.33812 6.71411e-07
5.34797 6.61743e-07
5.35785 6.5156e-07
5.36774 6.40322e-07
5.37765 6.31567e-07
5.38758 6.17847e-07
5.39753 6.11413e-07
5.4075 5.95032e-07
5.41749 5.91094e-07
5.42749 5.7471e-07
5.43751 5.70689e-07
5.44755 5.54342e-07
5.45761 5.50357e-07
5.46769 5.3416e-07
5.47779 5.30211e-07
5.4879 5.14537e-07
5.49804 5.11349e-07
5.50819 4.9913e-07
5.51836 4.95788e-07
5.52855 4.83609e-07
5.53876 4.80141e-07
5.54899 4.67975e-07
5.55923 4.64366e-07
5.5695 4.52234e-07
5.57979 4.48419e-07
5.59009 4.36329e-07
5.60041 4.32391e-07
5.61075 4.2047e-07
5.62111 4.1641e-07
5.63149 4.04715e-07
5.64189 4.00586e-07
5.65231 3.89499e-07
5.66275 3.8604e-07
5.67321 3.77528e-07
5.68368 3.73759e-07
5.69418 3.65471e-07
5.70469 3.61387e-07
5.71523 3.53336e-07
5.72578 3.48828e-07
5.73635 3.41094e-07
5.74695 3.36117e-07
5.75756 3.28755e-07
5.76819 3.23131e-07
5.77884 3.16475e-07
5.78951 3.10149e-07
5.8002 3.04251e-07
5.81092 2.9688e-07
5.82165 2.92618e-07
5.8324 2.84923e-07
5.84317 2.83315e-07
5.85396 2.75699e-07
5.86477 2.74036e-07
5.8756 2.6642e-07
5.88645 2.64677e-07
5.89732 2.57057e-07
5.90821 2.55249e-07
5.91912 2.47618e-07
5.93005 2.45753e-07
5.941 2.38151e-07
5.95197 2.36274e-07
5.96296 2.2873e-07
5.97397 2.26894e-07
5.985 2.19571e-07
5.99605 2.18077e-07
6.00713 2.1245e-07
6.01822 2.10889e-07
6.02933 2.05397e-07
6.04047 2.03788e-07
6.05162 1.98277e-07
6.06279 1.96558e-07
6.07399 1.91117e-07
6.08521 1.89276e-07
6.09644 1.83899e-07
6.1077 1.81942e-07
6.11898 1.76658e-07
6.13028 1.74591e-07
6.1416 1.69477e-07
6.15294 1.67312e-07
6.1643 1.62549e-07
6.17569 1.60696e-07
6.18709 1.57087e-07
6.19851 1.55091e-07
6.20996 1.51753e-07
6.22143 1.49518e-07
6.23292 1.46357e-07
6.24443 1.43799e-07
6.25596 1.40925e-07
6.26751 1.37895e-07
6.27908 1.3544e-07
6.29068 1.31747e-07
6.30229 1.29985e-07
6.31393 1.2541e-07
6.32559 1.24545e-07
6.33727 1.20068e-07
6.34897 1.19375e-07
6.3607 1.15932e-07
6.37244 1.15242e-07
6.38421 1.11933e-07
6.396 1.11198e-07
6.40781 1.07903e-07
6.41964 1.07146e-07
6.4315 1.03841e-07
6.44338 1.0305e-07
6.45527 9.97252e-08
6.46719 9.8908e-08
6.47914 9.56131e-08
6.4911 9.47828e-08
6.50309 9.1522e-08
6.5151 9.07017e-08
6.52713 8.7543e-08
6.53918 8.68684e-08
6.55126 8.44261e-08
6.56335 8.37465e-08
6.57547 8.14437e-08
6.58761 8.0701e-08
6.59978 7.84269e-08
6.61197 7.7636e-08
6.62418 7.53934e-08
6.63641 7.45199e-08
6.64866 7.23251e-08
6.66094 7.13551e-08
6.67324 6.92603e-08
6.68556 6.82117e-08
6.69791 6.62012e-08
6.71028 6.50571e-08
6.72267 6.32668e-08
6.73508 6.22542e-08
6.74752 6.09405e-08
6.75998 5.98426e-08
6.77246 5.8726e-08
6.78497 5.73999e-08
6.7975 5.64907e-08
6.81005 5.45869e-08
6.82263 5.42362e-08
6.83522 5.23248e-08
6.84785 5.19632e-08
6.86049 5.00548e-08
6.87316 4.96874e-08
6.88585 4.77914e-08
6.89857 4.74247e-08
6.91131 4.55694e-08
6.92407 4.52797e-08
6.93686 4.38419e-08
6.94967 4.35597e-08
6.9625 4.22236e-08
6.97536 4.19278e-08
6.98824 4.05901e-08
7.00114 4.02827e-08
7.01407 3.89481e-08
7.02702 3.86275e-08
7.04 3.72885e-08
7.053 3.69507e-08
7.06602 3.56239e-08
7.07907 3.5274e-08
7.09214 3.39618e-08
7.10524 3.36054e-08
7.11836 3.23506e-08
7.1315 3.20472e-08
7.14467 3.10836e-08
7.15787 3.07787e-08
7.17108 2.99124e-08
7.18433 2.95728e-08
7.19759 2.87269e-08
7.21088 2.83563e-08
7.2242 2.75351e-08
7.23754 2.71125e-08
7.2509 2.63272e-08
7.26429 2.5846e-08
7.27771 2.51169e-08
7.29115 2.45748e-08
7.30461 2.39154e-08
7.3181 2.32753e-08
7.33161 2.27563e-08
7.34515 2.21318e-08
7.35872 2.18375e-08
7.3723 2.11139e-08
7.38592 2.09903e-08
7.39956 2.02635e-08
7.41322 2.01372e-08
7.42691 1.94079e-08
7.44062 1.92752e-08
7.45436 1.85421e-08
7.46813 1.84049e-08
7.48192 1.76728e-08
7.49574 1.75324e-08
7.50958 1.68056e-08
7.52345 1.66658e-08
7.53734 1.59543e-08
7.55126 1.5841e-08
7.5652 1.52858e-08
7.57917 1.51824e-08
7.59317 1.46845e-08
7.60719 1.45754e-08
7.62124 1.40793e-08
7.63531 1.39622e-08
7.64941 1.34671e-08
7.66353 1.33415e-08
7.67769 1.28497e-08
7.69186 1.27145e-08
7.70607 1.22295e-08
7.7203 1.20828e-08
7.73455 1.16094e-08
7.74884 1.14537e-08
7.76315 1.10076e-08
7.77748 1.08733e-08
7.79184 1.05313e-08
7.80623 1.03969e-08
7.82065 1.01065e-08
7.83509 9.95414e-09
7.84956 9.67922e-09
7.86405 9.50199e-09
7.87857 9.24702e-09
7.89312 9.03831e-09
7.9077 8.80999e-09
7.9223 8.55426e-09
7.93693 8.37182e-09
7.95158 8.0241e-09
7.96627 7.93623e-09
7.98098 7.56083e-09
7.99572 7.51565e-09
8.01048 7.22109e-09
8.02527 7.18022e-09
8.04009 6.92468e-09
8.05494 6.88197e-09
8.06981 6.62635e-09
8.08472 6.58205e-09
8.09965 6.3255e-09
8.1146 6.27903e-09
8.12959 6.02087e-09
8.1446 5.97189e-09
8.15964 5.71487e-09
8.17471 5.66568e-09
8.1898 5.40849e-09
8.20492 5.35945e-09
8.22008 5.10864e-09
8.23526 5.06823e-09
8.25046 4.8714e-09
8.2657 4.83453e-09
8.28096 4.66667e-09
8.29625 4.62724e-09
8.31157 4.46102e-09
8.32692 4.4177e-09
8.3423 4.25346e-09
8.3577 4.2048e-09
8.37314 4.04292e-09
8.3886 3.98877e-09
8.40409 3.83124e-09
8.41961 3.77201e-09
8.43516 3.62044e-09
8.45073 3.55435e-09
8.46634 3.41477e-09
8.48197 3.35393e-09
8.49763 3.25103e-09
8.51333 3.19008e-09
8.52905 3.11068e-09
8.5448 3.03721e-09
8.56057 2.96928e-09
8.57638 2.87607e-09
8.59222 2.82664e-09
8.60809 2.70073e-09
8.62398 2.68205e-09
8.63991 2.55603e-09
8.65586 2.53725e-09
8.67185 2.41138e-09
8.68786 2.39258e-09
8.7039 2.26808e-09
8.71997 2.25323e-09
8.73608 2.15414e-09
8.75221 2.14156e-09
8.76837 2.05996e-09
8.78456 2.04666e-09
8.80078 1.96499e-09
8.81704 1.95122e-09
8.83332 1.86921e-09
8.84963 1.85455e-09
8.86597 1.77192e-09
8.88234 1.75658e-09
8.89874 1.67436e-09
8.91518 1.65828e-09
8.93164 1.57683e-09
8.94813 1.56002e-09
8.96466 1.48084e-09
8.98121 1.46665e-09
8.9978 1.40397e-09
9.01441 1.39146e-09
9.03106 1.3408e-09
9.04773 1.32677e-09
9.06444 1.27729e-09
9.08118 1.26135e-09
9.09795 1.21307e-09
9.11475 1.19441e-09
9.13158 1.14822e-09
9.14844 1.12652e-09
9.16534 1.08278e-09
9.18226 1.05762e-09
9.19922 1.01742e-09
9.2162 9.8735e-10
9.23322 9.5385e-10
9.25027 9.24019e-10
9.26736 9.02536e-10
9.28447 8.70658e-10
9.30161 8.60938e-10
9.31879 8.23779e-10
9.336 8.18972e-10
9.35324 7.81676e-10
9.37051 7.76598e-10
9.38781 7.39042e-10
9.40515 7.33704e-10
9.42252 6.95921e-10
9.43992 6.9053e-10
9.45735 6.52873e-10
9.47481 6.4749e-10
9.49231 6.10304e-10
9.50984 6.05889e-10
9.5274 5.75744e-10
9.54499 5.7227e-10
9.56262 5.48784e-10
9.58027 5.451e-10
9.59797 5.21521e-10
9.61569 5.17722e-10
9.63345 4.94115e-10
9.65123 4.89938e-10
9.66906 4.66321e-10
9.68691 4.6162e-10
9.7048 4.38286e-10
9.72272 4.33278e-10
9.74067 4.10295e-10
9.75866 4.04769e-10
9.77668 3.82699e-10
9.79474 3.77679e-10
9.81282 3.60287e-10
9.83094 3.55938e-10
9.8491 3.42914e-10
9.86728 3.37831e-10
9.88551 3.25449e-10
9.90376 3.19477e-10
9.92205 3.07791e-10
9.94037 3.00459e-10
9.95873 2.89872e-10
9.97712 2.80835e-10
9.99554 2.71839e-10
10.014 2.60385e-10
10.0325 2.53817e-10
10.051 2.37713e-10
10.0696 2.36229e-10
10.0882 2.22943e-10
10.1068 2.21844e-10
10.1255 2.11994e-10
10.1442 2.1084e-10
10.1629 2.0094e-10
10.1817 1.99739e-10
10.2005 1.89756e-10
10.2193 1.88524e-10
10.2382 1.78462e-10
10.2571 1.77159e-10
10.276 1.67048e-10
10.295 1.65721e-10
10.314 1.55626e-10
10.333 1.54308e-10
10.3521 1.44321e-10
10.3712 1.43204e-10
10.3904 1.34971e-10
10.4096 1.34164e-10
10.4288 1.28168e-10
10.4481 1.27267e-10
10.4674 1.21303e-10
10.4867 1.20312e-10
10.5061 1.1437e-10
10.5255 1.13212e-10
10.5449 1.07347e-10
10.5644 1.05984e-10
10.5839 1.00249e-10
10.6034 9.87049e-11
10.623 9.31666e-11
10.6426 9.136e-11
10.6623 8.61597e-11
10.682 8.4406e-11
10.7017 8.03737e-11
10.7214 7.89025e-11
10.7412 7.6227e-11
10.7611 7.4397e-11
10.7809 7.20384e-11
10.8008 6.97018e-11
10.8208 6.78094e-11
10.8408 6.46146e-11
10.8608 6.35112e-11
10.8809 5.95624e-11
10.9009 5.91801e-11
10.9211 5.52264e-11
10.9412 5.485e-11
10.9614 5.09119e-11
10.9817 5.05965e-11
11.002 4.72812e-11
11.0223 4.70949e-11
11.0426 4.4807e-11
11.063 4.45996e-11
11.0835 4.2297e-11
11.1039 4.20869e-11
11.1244 3.97674e-11
11.145 3.9547e-11
11.1655 3.72039e-11
11.1862 3.69599e-11
11.2068 3.46096e-11
11.2275 3.43473e-11
11.2483 3.20032e-11
11.269 3.1735e-11
11.2898 2.94198e-11
11.3107 2.91785e-11
11.3316 2.72436e-11
11.3525 2.70807e-11
11.3735 2.57945e-11
11.3945 2.5598e-11
11.4155 2.43274e-11
11.4366 2.4085e-11
11.4577 2.28445e-11
11.4789 2.25451e-11
11.5001 2.13318e-11
11.5213 2.09563e-11
11.5426 1.98041e-11
11.5639 1.93354e-11
11.5852 1.82711e-11
11.6066 1.76999e-11
11.6281 1.6748e-11
11.6495 1.61278e-11
11.671 1.54744e-11
11.6926 1.49471e-11
11.7142 1.46442e-11
11.7358 1.38345e-11
11.7575 1.38025e-11
11.7792 1.29873e-11
11.801 1.295e-11
11.8227 1.21269e-11
11.8446 1.20803e-11
11.8664 1.1249e-11
11.8884 1.12001e-11
11.9103 1.0364e-11
11.9323 1.03142e-11
11.9543 9.47956e-12
11.9764 9.43899e-12
11.9985 8.71748e-12
12.0207 8.71029e-12
12.0429 8.25561e-12
12.0651 8.24403e-12
12.0874 7.78542e-12
12.1097 7.77035e-12
12.1321 7.30756e-12
12.1545 7.28511e-12
12.1769 6.8197e-12
12.1994 6.78719e-12
12.2219 6.32072e-12
12.2445 6.28099e-12
12.2671 5.81651e-12
12.2898 5.76738e-12
12.3125 5.31365e-12
12.3352 5.26414e-12
12.358 4.88116e-12
12.3808 4.85405e-12
12.4037 4.62737e-12
12.4266 4.58325e-12
12.4495 4.36538e-12
12.4725 4.3058e-12
12.4955 4.09841e-12
12.5186 4.01612e-12
12.5417 3.82427e-12
12.5649 3.71144e-12
12.5881 3.54261e-12
12.6113 3.39069e-12
12.6346 3.2595e-12
12.658 3.04555e-12
12.6813 2.97406e-12
12.7048 2.72532e-12
12.7282 2.72972e-12
12.7517 2.58532e-12
12.7753 2.58725e-12
12.7989 2.44072e-12
12.8225 2.44133e-12
12.8462 2.2923e-12
12.8699 2.29212e-12
12.8937 2.14025e-12
12.9175 2.13722e-12
12.9413 1.9824e-12
12.9652 1.97748e-12
12.9892 1.82154e-12
13.0131 1.8173e-12
13.0372 1.6598e-12
13.0612 1.65521e-12
13.0854 1.51565e-12
13.1095 1.51663e-12
13.1337 1.43645e-12
13.158 1.43588e-12
13.1823 1.35484e-12
13.2066 1.35235e-12
13.231 1.27103e-12
13.2555 1.26625e-12
13.2799 1.18434e-12
13.3045 1.1763e-12
13.329 1.09469e-12
13.3536 1.08345e-12
13.3783 1.00401e-12
13.403 9.89439e-13
13.4277 9.12266e-13
13.4525 8.94984e-13
13.4774 8.30137e-13
13.5023 8.19462e-13
13.5272 7.85262e-13
13.5522 7.70325e-13
13.5772 7.38844e-13
13.6023 7.17901e-13
13.6274 6.9115e-13
13.6526 6.61226e-13
13.6778 6.41993e-13
13.703 5.93445e-13
13.7283 5.91226e-13
13.7537 5.42434e-13
13.7791 5.40252e-13
13.8045 4.90998e-13
13.83 4.8844e-13
13.8556 4.42991e-13
13.8811 4.42482e-13
13.9068 4.17745e-13
13.9325 4.16937e-13
13.9582 3.91797e-13
13.984 3.90798e-13
14.0098 3.65362e-13
14.0357 3.64165e-13
14.0616 3.38194e-13
14.0875 3.36672e-13
14.1136 3.10225e-13
14.1396 3.08548e-13
14.1657 2.82068e-13
14.1919 2.80319e-13
14.2181 2.53528e-13
14.2443 2.51617e-13
14.2706 2.27133e-13
14.297 2.26202e-13
14.3234 2.13184e-13
14.3499 2.11897e-13
14.3763 1.9892e-13
14.4029 1.9726e-13
14.4295 1.8449e-13
14.4561 1.82318e-13
14.4828 1.69738e-13
14.5096 1.66894e-13
14.5364 1.54617e-13
14.5632 1.51067e-13
14.5901 1.39526e-13
14.617 1.34999e-13
14.644 1.24232e-13
14.6711 1.18753e-13
14.6982 1.10211e-13
14.7253 1.06515e-13
14.7525 1.02844e-13
14.7797 9.76866e-14
14.807 9.53893e-14
14.8344 8.83819e-14
14.8618 8.78848e-14
14.8892 8.07984e-14
14.9167 8.02429e-14
14.9443 7.30281e-14
14.9719 7.24576e-14
14.9995 6.52354e-14
15.0272 6.47236e-14
15.055 5.74478e-14
15.0828 5.6878e-14
15.1106 4.99399e-14
15.1385 4.97255e-14
15.1665 4.62882e-14
15.1945 4.60631e-14
15.2225 4.2586e-14
15.2506 4.23896e-14
15.2788 3.89033e-14
15.307 3.86985e-14
15.3353 3.51596e-14
15.3636 3.48879e-14
15.392 3.12954e-14
15.4204 3.09917e-14
15.4489 2.74594e-14
15.4774 2.71413e-14
15.506 2.3619e-14
15.5346 2.32628e-14
15.5633 2.00394e-14
15.592 1.98951e-14
15.6208 1.87062e-14
15.6497 1.8476e-14
15.6786 1.72968e-14
15.7075 1.70362e-14
15.7365 1.59742e-14
15.7656 1.57058e-14
15.7947 1.46833e-14
15.8239 1.41668e-14
15.8531 1.31142e-14
15.8824 1.25062e-14
15.9117 1.17859e-14
15.9411 1.07873e-14
15.9705 9.47053e-15
16 0
