# 1:pT 2:PhotonSpectrum=dN/d^2xT d^2pT dy
0.01 0.683281
0.0100185 0.682634
0.010037 0.680821
0.0100555 0.680132
0.0100741 0.678302
0.0100927 0.677566
0.0101113 0.675744
0.01013 0.674957
0.0101487 0.673125
0.0101674 0.672285
0.0101862 0.670423
0.010205 0.669527
0.0102239 0.667647
0.0102427 0.666688
0.0102617 0.664767
0.0102806 0.663706
0.0102996 0.661706
0.0103186 0.660436
0.0103377 0.658009
0.0103567 0.656694
0.0103759 0.654278
0.010395 0.652911
0.0104142 0.650522
0.0104335 0.649078
0.0104527 0.646733
0.010472 0.645244
0.0104914 0.642936
0.0105107 0.641392
0.0105301 0.639149
0.0105496 0.637517
0.0105691 0.635327
0.0105886 0.633654
0.0106081 0.631581
0.0106277 0.629914
0.0106474 0.628013
0.010667 0.626239
0.0106867 0.624429
0.0107065 0.622562
0.0107262 0.620845
0.010746 0.6188
0.0107659 0.617223
0.0107858 0.614963
0.0108057 0.613601
0.0108256 0.610968
0.0108456 0.609961
0.0108656 0.607364
0.0108857 0.606344
0.0109058 0.603752
0.0109259 0.602762
0.0109461 0.600366
0.0109663 0.59933
0.0109866 0.596963
0.0110069 0.595889
0.0110272 0.593536
0.0110476 0.592432
0.011068 0.590095
0.0110884 0.588965
0.0111089 0.586632
0.0111294 0.585462
0.0111499 0.583155
0.0111705 0.581952
0.0111912 0.579688
0.0112118 0.578448
0.0112325 0.576255
0.0112533 0.575032
0.0112741 0.572985
0.0112949 0.571714
0.0113157 0.569701
0.0113366 0.568378
0.0113576 0.566415
0.0113785 0.565036
0.0113995 0.563113
0.0114206 0.561672
0.0114417 0.559772
0.0114628 0.55826
0.011484 0.556456
0.0115052 0.554864
0.0115264 0.553122
0.0115477 0.55145
0.011569 0.549843
0.0115904 0.548154
0.0116118 0.546713
0.0116332 0.544883
0.0116547 0.543589
0.0116762 0.541433
0.0116978 0.540458
0.0117194 0.538177
0.0117411 0.537292
0.0117627 0.535023
0.0117845 0.534122
0.0118062 0.531859
0.011828 0.530929
0.0118499 0.528708
0.0118717 0.527755
0.0118937 0.525557
0.0119156 0.524618
0.0119376 0.522574
0.0119597 0.521608
0.0119818 0.519616
0.0120039 0.51861
0.0120261 0.516612
0.0120483 0.515584
0.0120705 0.513604
0.0120928 0.512541
0.0121151 0.510588
0.0121375 0.509485
0.0121599 0.507557
0.0121824 0.506409
0.0122049 0.504525
0.0122274 0.50336
0.01225 0.501543
0.0122726 0.500369
0.0122953 0.498685
0.012318 0.497466
0.0123407 0.495839
0.0123635 0.494572
0.0123863 0.492979
0.0124092 0.491651
0.0124321 0.490102
0.0124551 0.488686
0.0124781 0.487231
0.0125011 0.485727
0.0125242 0.484334
0.0125473 0.482702
0.0125705 0.48144
0.0125937 0.479651
0.012617 0.478594
0.0126403 0.476601
0.0126636 0.475853
0.012687 0.473907
0.0127104 0.473128
0.0127339 0.471191
0.0127574 0.470379
0.012781 0.468454
0.0128046 0.467624
0.0128282 0.465706
0.0128519 0.464855
0.0128756 0.462948
0.0128994 0.462067
0.0129232 0.460194
0.0129471 0.459306
0.012971 0.457459
0.012995 0.456568
0.0130189 0.454837
0.013043 0.453926
0.0130671 0.452247
0.0130912 0.451312
0.0131154 0.449647
0.0131396 0.448661
0.0131639 0.447032
0.0131882 0.446005
0.0132125 0.444388
0.0132369 0.443352
0.0132614 0.441751
0.0132859 0.44067
0.0133104 0.439123
0.013335 0.437997
0.0133596 0.436502
0.0133843 0.43537
0.013409 0.434001
0.0134337 0.432832
0.0134585 0.431513
0.0134834 0.430268
0.0135083 0.429017
0.0135332 0.427676
0.0135582 0.426511
0.0135833 0.425036
0.0136083 0.423983
0.0136335 0.42229
0.0136587 0.421455
0.0136839 0.419622
0.0137091 0.418928
0.0137345 0.417109
0.0137598 0.416425
0.0137852 0.414713
0.0138107 0.414019
0.0138362 0.412357
0.0138617 0.41163
0.0138873 0.409969
0.013913 0.409218
0.0139387 0.407579
0.0139644 0.406807
0.0139902 0.405183
0.014016 0.404375
0.0140419 0.402769
0.0140678 0.401958
0.0140938 0.400351
0.0141198 0.399523
0.0141459 0.39796
0.014172 0.397133
0.0141982 0.395671
0.0142244 0.394817
0.0142507 0.393402
0.014277 0.392523
0.0143034 0.391142
0.0143298 0.390215
0.0143563 0.388855
0.0143828 0.387883
0.0144093 0.386567
0.0144359 0.385538
0.0144626 0.384252
0.0144893 0.38319
0.0145161 0.381958
0.0145429 0.380841
0.0145697 0.379679
0.0145966 0.378542
0.0146236 0.37749
0.0146506 0.37629
0.0146776 0.375336
0.0147047 0.374015
0.0147319 0.373168
0.0147591 0.371591
0.0147863 0.370995
0.0148136 0.369419
0.014841 0.3688
0.0148684 0.367236
0.0148959 0.366596
0.0149234 0.365055
0.0149509 0.364398
0.0149785 0.362877
0.0150062 0.362227
0.0150339 0.360782
0.0150617 0.360135
0.0150895 0.35874
0.0151173 0.358068
0.0151453 0.356682
0.0151732 0.355984
0.0152012 0.354613
0.0152293 0.353883
0.0152574 0.35252
0.0152856 0.351776
0.0153138 0.350438
0.0153421 0.349666
0.0153705 0.348357
0.0153988 0.347559
0.0154273 0.346277
0.0154558 0.345483
0.0154843 0.344275
0.0155129 0.343466
0.0155415 0.342314
0.0155702 0.341467
0.015599 0.340344
0.0156278 0.339454
0.0156567 0.338357
0.0156856 0.337417
0.0157145 0.336365
0.0157435 0.335371
0.0157726 0.334371
0.0158017 0.333294
0.0158309 0.332371
0.0158602 0.331213
0.0158894 0.330392
0.0159188 0.32912
0.0159482 0.328475
0.0159776 0.327113
0.0160071 0.326583
0.0160367 0.325223
0.0160663 0.324685
0.016096 0.323328
0.0161257 0.322774
0.0161555 0.321435
0.0161853 0.320853
0.0162152 0.319523
0.0162451 0.318927
0.0162751 0.317606
0.0163052 0.317001
0.0163353 0.315703
0.0163655 0.315095
0.0163957 0.313865
0.016426 0.313258
0.0164563 0.312071
0.0164867 0.311435
0.0165171 0.31026
0.0165476 0.309604
0.0165782 0.308448
0.0166088 0.307767
0.0166395 0.306618
0.0166702 0.305915
0.016701 0.304797
0.0167318 0.304055
0.0167627 0.302967
0.0167937 0.302194
0.0168247 0.301147
0.0168558 0.300375
0.0168869 0.299384
0.0169181 0.298604
0.0169493 0.297676
0.0169806 0.296839
0.017012 0.295955
0.0170434 0.295066
0.0170748 0.294224
0.0171064 0.293264
0.017138 0.292489
0.0171696 0.291422
0.0172013 0.290741
0.0172331 0.289463
0.0172649 0.288996
0.0172968 0.287733
0.0173287 0.287265
0.0173607 0.286057
0.0173928 0.285583
0.0174249 0.284431
0.0174571 0.283941
0.0174893 0.282794
0.0175216 0.28228
0.017554 0.281145
0.0175864 0.28062
0.0176189 0.279489
0.0176514 0.278954
0.017684 0.277828
0.0177166 0.277272
0.0177494 0.276168
0.0177821 0.275594
0.017815 0.274506
0.0178479 0.273935
0.0178808 0.272901
0.0179138 0.272331
0.0179469 0.271348
0.0179801 0.270746
0.0180133 0.269774
0.0180465 0.269155
0.0180799 0.268199
0.0181132 0.267548
0.0181467 0.266613
0.0181802 0.26593
0.0182138 0.265018
0.0182474 0.264305
0.0182811 0.263423
0.0183149 0.262683
0.0183487 0.261851
0.0183826 0.261078
0.0184165 0.260316
0.0184505 0.259522
0.0184846 0.258828
0.0185187 0.257965
0.0185529 0.257327
0.0185872 0.256358
0.0186215 0.255823
0.0186559 0.254729
0.0186903 0.254308
0.0187248 0.253224
0.0187594 0.252789
0.0187941 0.251705
0.0188288 0.251268
0.0188635 0.250204
0.0188984 0.249756
0.0189333 0.248733
0.0189682 0.248291
0.0190033 0.247312
0.0190384 0.246852
0.0190735 0.245884
0.0191087 0.245408
0.019144 0.244446
0.0191794 0.243959
0.0192148 0.243
0.0192503 0.242493
0.0192858 0.241551
0.0193214 0.241033
0.0193571 0.240101
0.0193929 0.239563
0.0194287 0.23866
0.0194645 0.238113
0.0195005 0.23725
0.0195365 0.236701
0.0195726 0.235894
0.0196087 0.235313
0.0196449 0.234528
0.0196812 0.233925
0.0197175 0.233151
0.019754 0.232515
0.0197904 0.23177
0.019827 0.231101
0.0198636 0.230381
0.0199003 0.229675
0.019937 0.228999
0.0199738 0.228236
0.0200107 0.227623
0.0200477 0.226811
0.0200847 0.226277
0.0201218 0.22533
0.0201589 0.224977
0.0201962 0.22403
0.0202335 0.223666
0.0202708 0.222725
0.0203082 0.222341
0.0203457 0.221411
0.0203833 0.221019
0.020421 0.220094
0.0204587 0.219693
0.0204964 0.218772
0.0205343 0.218355
0.0205722 0.217453
0.0206102 0.21704
0.0206483 0.216168
0.0206864 0.215753
0.0207246 0.214934
0.0207629 0.214506
0.0208012 0.213688
0.0208396 0.213252
0.0208781 0.212438
0.0209166 0.211987
0.0209553 0.211185
0.020994 0.210703
0.0210327 0.209923
0.0210716 0.20943
0.0211105 0.208661
0.0211495 0.208149
0.0211885 0.207407
0.0212277 0.206878
0.0212669 0.206178
0.0213061 0.205653
0.0213455 0.205003
0.0213849 0.204448
0.0214244 0.203817
0.0214639 0.203226
0.0215036 0.202621
0.0215433 0.20199
0.0215831 0.201423
0.0216229 0.200743
0.0216628 0.200222
0.0217028 0.19945
0.0217429 0.199018
0.0217831 0.19814
0.0218233 0.197817
0.0218636 0.196969
0.021904 0.196647
0.0219444 0.195839
0.0219849 0.195513
0.0220255 0.194713
0.0220662 0.194362
0.022107 0.193574
0.0221478 0.193217
0.0221887 0.192429
0.0222297 0.192062
0.0222707 0.191281
0.0223118 0.190899
0.022353 0.190125
0.0223943 0.189744
0.0224357 0.188976
0.0224771 0.188591
0.0225186 0.187854
0.0225602 0.187466
0.0226018 0.186778
0.0226436 0.186377
0.0226854 0.185701
0.0227273 0.185275
0.0227692 0.184609
0.0228113 0.184169
0.0228534 0.183516
0.0228956 0.183056
0.0229379 0.182421
0.0229803 0.18194
0.0230227 0.181315
0.0230652 0.180818
0.0231078 0.180222
0.0231505 0.179711
0.0231932 0.179152
0.023236 0.178632
0.023279 0.178126
0.0233219 0.177561
0.023365 0.177091
0.0234082 0.176473
0.0234514 0.176047
0.0234947 0.175308
0.0235381 0.175005
0.0235815 0.174246
0.0236251 0.173953
0.0236687 0.173198
0.0237124 0.172898
0.0237562 0.172157
0.0238001 0.171854
0.023844 0.171132
0.0238881 0.170834
0.0239322 0.170152
0.0239764 0.169842
0.0240206 0.169167
0.024065 0.168847
0.0241094 0.16818
0.0241539 0.167846
0.0241985 0.167181
0.0242432 0.16684
0.024288 0.16618
0.0243329 0.16583
0.0243778 0.16518
0.0244228 0.164818
0.0244679 0.164179
0.0245131 0.163806
0.0245583 0.163194
0.0246037 0.16283
0.0246491 0.162262
0.0246946 0.16188
0.0247402 0.161325
0.0247859 0.160921
0.0248317 0.160374
0.0248776 0.159952
0.0249235 0.159425
0.0249695 0.158978
0.0250156 0.158467
0.0250618 0.157997
0.0251081 0.157507
0.0251545 0.15701
0.0252009 0.156556
0.0252475 0.156024
0.0252941 0.155616
0.0253408 0.155056
0.0253876 0.15472
0.0254345 0.154065
0.0254814 0.153814
0.0255285 0.153165
0.0255756 0.152906
0.0256229 0.152253
0.0256702 0.15199
0.0257176 0.151345
0.0257651 0.151072
0.0258126 0.150431
0.0258603 0.15015
0.0259081 0.14952
0.0259559 0.149235
0.0260038 0.148619
0.0260518 0.148343
0.0261 0.147771
0.0261482 0.147481
0.0261964 0.146912
0.0262448 0.146612
0.0262933 0.14605
0.0263418 0.145738
0.0263905 0.145184
0.0264392 0.14486
0.026488 0.144315
0.0265369 0.143977
0.0265859 0.143441
0.026635 0.143092
0.0266842 0.142571
0.0267335 0.142215
0.0267829 0.141715
0.0268323 0.141362
0.0268819 0.140897
0.0269315 0.140528
0.0269812 0.140081
0.0270311 0.139686
0.027081 0.139252
0.027131 0.138833
0.0271811 0.138424
0.0272313 0.137974
0.0272816 0.137591
0.0273319 0.137098
0.0273824 0.136756
0.027433 0.136182
0.0274836 0.135926
0.0275344 0.135321
0.0275852 0.135106
0.0276362 0.134548
0.0276872 0.134327
0.0277383 0.13377
0.0277896 0.133542
0.0278409 0.13299
0.0278923 0.13275
0.0279438 0.132202
0.0279954 0.131955
0.0280471 0.131411
0.0280989 0.13116
0.0281508 0.130623
0.0282027 0.13036
0.0282548 0.129829
0.028307 0.129564
0.0283593 0.129044
0.0284116 0.128785
0.0284641 0.128306
0.0285167 0.128036
0.0285693 0.127561
0.0286221 0.127277
0.0286749 0.12681
0.0287279 0.126517
0.0287809 0.12606
0.0288341 0.12575
0.0288873 0.125303
0.0289407 0.124979
0.0289941 0.124543
0.0290477 0.124208
0.0291013 0.123785
0.029155 0.123438
0.0292089 0.123036
0.0292628 0.122689
0.0293168 0.122329
0.029371 0.121958
0.0294252 0.121614
0.0294796 0.121212
0.029534 0.120893
0.0295885 0.120449
0.0296432 0.120173
0.0296979 0.119644
0.0297527 0.119447
0.0298077 0.118923
0.0298627 0.118719
0.0299179 0.1182
0.0299731 0.117993
0.0300285 0.117483
0.0300839 0.117278
0.0301395 0.116806
0.0301951 0.116597
0.0302509 0.116128
0.0303068 0.11591
0.0303627 0.115447
0.0304188 0.115225
0.030475 0.114763
0.0305312 0.11453
0.0305876 0.114073
0.0306441 0.113833
0.0307007 0.11338
0.0307574 0.113135
0.0308142 0.112692
0.0308711 0.112439
0.0309281 0.112009
0.0309852 0.111758
0.0310424 0.111359
0.0310997 0.111105
0.0311572 0.110713
0.0312147 0.110445
0.0312723 0.110061
0.0313301 0.10978
0.0313879 0.109403
0.0314459 0.109107
0.031504 0.108746
0.0315621 0.108435
0.0316204 0.108086
0.0316788 0.107756
0.0317373 0.107428
0.0317959 0.107077
0.0318546 0.106779
0.0319135 0.106416
0.0319724 0.10616
0.0320314 0.105745
0.0320906 0.105541
0.0321498 0.10509
0.0322092 0.104916
0.0322687 0.104466
0.0323283 0.104288
0.032388 0.103841
0.0324478 0.103659
0.0325077 0.103216
0.0325677 0.103027
0.0326279 0.102586
0.0326881 0.102394
0.0327485 0.101964
0.0328089 0.101776
0.0328695 0.101375
0.0329302 0.101178
0.032991 0.100785
0.033052 0.100585
0.033113 0.10019
0.0331741 0.099983
0.0332354 0.0995943
0.0332968 0.0993788
0.0333583 0.0989963
0.0334199 0.0987717
0.0334816 0.0983929
0.0335434 0.0981612
0.0336053 0.0977952
0.0336674 0.0975546
0.0337296 0.0971994
0.0337919 0.0969613
0.0338543 0.0966354
0.0339168 0.0963847
0.0339794 0.0960688
0.0340421 0.0958074
0.034105 0.0955024
0.034168 0.0952251
0.0342311 0.0949324
0.0342943 0.0946354
0.0343576 0.0943603
0.0344211 0.094042
0.0344846 0.0937854
0.0345483 0.0934329
0.0346121 0.0932137
0.034676 0.0927938
0.0347401 0.0926478
0.0348042 0.0922563
0.0348685 0.0921058
0.0349329 0.0917219
0.0349974 0.0915667
0.035062 0.0911854
0.0351267 0.0910221
0.0351916 0.090644
0.0352566 0.0904761
0.0353217 0.0900992
0.0353869 0.0899291
0.0354523 0.0895556
0.0355177 0.0893805
0.0355833 0.0890115
0.035649 0.0888317
0.0357149 0.088471
0.0357808 0.0882915
0.0358469 0.0879516
0.0359131 0.08777
0.0359794 0.0874399
0.0360458 0.0872507
0.0361124 0.0869254
0.0361791 0.0867264
0.0362459 0.0864043
0.0363128 0.0861976
0.0363799 0.0858822
0.0364471 0.085666
0.0365144 0.0853577
0.0365818 0.0851334
0.0366493 0.0848355
0.036717 0.0846032
0.0367848 0.0843168
0.0368527 0.0840862
0.0369208 0.0838222
0.036989 0.0835792
0.0370573 0.0833334
0.0371257 0.0830712
0.0371943 0.0828399
0.0372629 0.082554
0.0373318 0.0823439
0.0374007 0.0820173
0.0374698 0.0818461
0.037539 0.0814824
0.0376083 0.0813446
0.0376777 0.0809842
0.0377473 0.0808457
0.037817 0.0804892
0.0378868 0.0803528
0.0379568 0.0800208
0.0380269 0.0798794
0.0380971 0.0795555
0.0381675 0.0794098
0.0382379 0.0790863
0.0383085 0.0789367
0.0383793 0.0786167
0.0384502 0.0784604
0.0385212 0.0781437
0.0385923 0.0779844
0.0386636 0.0776691
0.038735 0.0775044
0.0388065 0.0771944
0.0388781 0.0770261
0.0389499 0.0767238
0.0390219 0.0765567
0.0390939 0.0762732
0.0391661 0.0761016
0.0392384 0.0758293
0.0393109 0.0756484
0.0393835 0.0753818
0.0394562 0.0751909
0.0395291 0.0749313
0.0396021 0.0747327
0.0396752 0.0744778
0.0397485 0.0742698
0.0398219 0.0740238
0.0398954 0.073805
0.0399691 0.0735706
0.0400429 0.073338
0.0401168 0.0731214
0.0401909 0.0728823
0.0402651 0.072691
0.0403395 0.0724324
0.040414 0.0722636
0.0404886 0.0719498
0.0405633 0.0718339
0.0406383 0.0715215
0.0407133 0.0714019
0.0407885 0.0710906
0.0408638 0.0709661
0.0409393 0.0706583
0.0410149 0.0705311
0.0410906 0.070226
0.0411665 0.0700939
0.0412425 0.0697948
0.0413186 0.0696654
0.0413949 0.069383
0.0414714 0.0692537
0.041548 0.0689791
0.0416247 0.0688432
0.0417016 0.0685732
0.0417786 0.0684311
0.0418557 0.0681629
0.041933 0.0680183
0.0420104 0.067752
0.042088 0.0676023
0.0421657 0.0673412
0.0422436 0.0671843
0.0423216 0.0669277
0.0423998 0.066769
0.042478 0.0665197
0.0425565 0.0663589
0.0426351 0.0661262
0.0427138 0.0659606
0.0427927 0.0657387
0.0428717 0.0655643
0.0429509 0.0653481
0.0430302 0.0651658
0.0431096 0.0649583
0.0431892 0.0647607
0.043269 0.064564
0.0433489 0.0643549
0.0434289 0.0641689
0.0435091 0.0639425
0.0435895 0.0637735
0.04367 0.0635199
0.0437506 0.0633839
0.0438314 0.0631082
0.0439124 0.0630059
0.0439934 0.0627424
0.0440747 0.0626371
0.0441561 0.0623712
0.0442376 0.062263
0.0443193 0.0620015
0.0444011 0.0618876
0.0444831 0.0616278
0.0445653 0.0615123
0.0446476 0.0612525
0.04473 0.0611348
0.0448126 0.0608779
0.0448954 0.0607565
0.0449783 0.0605046
0.0450613 0.0603849
0.0451445 0.0601456
0.0452279 0.0600255
0.0453114 0.059796
0.0453951 0.0596691
0.0454789 0.0594422
0.0455629 0.0593099
0.045647 0.0590874
0.0457313 0.058949
0.0458158 0.0587291
0.0459004 0.0585866
0.0459851 0.0583712
0.0460701 0.0582222
0.0461551 0.0580132
0.0462404 0.0578571
0.0463257 0.0576565
0.0464113 0.0574998
0.046497 0.0573128
0.0465829 0.0571507
0.0466689 0.0569755
0.0467551 0.0568032
0.0468414 0.0566376
0.0469279 0.0564499
0.0470145 0.056297
0.0471014 0.0560911
0.0471883 0.0559534
0.0472755 0.0557016
0.0473628 0.0556105
0.0474502 0.0553598
0.0475379 0.0552671
0.0476256 0.0550198
0.0477136 0.0549253
0.0478017 0.0546922
0.04789 0.0545972
0.0479784 0.0543737
0.048067 0.0542758
0.0481558 0.0540523
0.0482447 0.05395
0.0483338 0.0537296
0.048423 0.0536256
0.0485124 0.0534051
0.048602 0.0532964
0.0486918 0.0530795
0.0487817 0.0529689
0.0488718 0.0527531
0.048962 0.0526404
0.0490524 0.0524281
0.049143 0.0523161
0.0492338 0.0521151
0.0493247 0.0519997
0.0494158 0.0518098
0.049507 0.0516899
0.0495984 0.0515027
0.04969 0.0513767
0.0497818 0.0511944
0.0498737 0.051061
0.0499658 0.0508833
0.0500581 0.050745
0.0501505 0.0505733
0.0502431 0.0504276
0.0503359 0.0502609
0.0504288 0.0501071
0.050522 0.0499507
0.0506153 0.0497928
0.0507087 0.0496514
0.0508024 0.0494867
0.0508962 0.0493601
0.0509902 0.0491746
0.0510843 0.0490663
0.0511786 0.0488515
0.0512732 0.04877
0.0513678 0.0485573
0.0514627 0.0484736
0.0515577 0.0482606
0.0516529 0.0481758
0.0517483 0.0479653
0.0518439 0.0478775
0.0519396 0.04767
0.0520355 0.0475819
0.0521316 0.0473834
0.0522279 0.0472955
0.0523243 0.047106
0.0524209 0.0470139
0.0525177 0.0468264
0.0526147 0.0467324
0.0527119 0.0465446
0.0528092 0.0464479
0.0529067 0.0462626
0.0530044 0.0461612
0.0531023 0.0459786
0.0532004 0.0458747
0.0532986 0.0456961
0.053397 0.0455877
0.0534956 0.0454127
0.0535944 0.0453032
0.0536934 0.0451392
0.0537925 0.0450286
0.0538919 0.0448749
0.0539914 0.0447591
0.0540911 0.0446066
0.054191 0.044485
0.054291 0.0443386
0.0543913 0.0442107
0.0544917 0.0440693
0.0545924 0.0439324
0.0546932 0.0437992
0.0547942 0.0436515
0.0548954 0.0435285
0.0549967 0.0433669
0.0550983 0.0432585
0.0552 0.043073
0.055302 0.0429981
0.0554041 0.042815
0.0555064 0.0427443
0.0556089 0.0425614
0.0557116 0.0424886
0.0558144 0.0423075
0.0559175 0.0422316
0.0560208 0.0420522
0.0561242 0.0419744
0.0562279 0.0417949
0.0563317 0.0417147
0.0564357 0.0415376
0.0565399 0.0414557
0.0566443 0.0412822
0.0567489 0.0411993
0.0568537 0.0410317
0.0569587 0.04095
0.0570639 0.0407911
0.0571693 0.0407068
0.0572748 0.0405494
0.0573806 0.0404612
0.0574866 0.0403054
0.0575927 0.0402131
0.0576991 0.0400601
0.0578056 0.0399644
0.0579124 0.0398146
0.0580193 0.0397152
0.0581264 0.0395694
0.0582338 0.0394653
0.0583413 0.0393236
0.058449 0.0392179
0.058557 0.0390855
0.0586651 0.0389782
0.0587734 0.0388554
0.058882 0.038742
0.0589907 0.0386237
0.0590996 0.0385027
0.0592088 0.0383915
0.0593181 0.0382601
0.0594276 0.0381572
0.0595374 0.0380116
0.0596473 0.037923
0.0597575 0.0377516
0.0598678 0.037688
0.0599784 0.0375188
0.0600891 0.037455
0.0602001 0.03729
0.0603112 0.0372272
0.0604226 0.0370727
0.0605342 0.0370072
0.060646 0.0368536
0.060758 0.0367857
0.0608702 0.0366325
0.0609826 0.036562
0.0610952 0.0364107
0.061208 0.0363385
0.061321 0.036188
0.0614343 0.036113
0.0615477 0.0359637
0.0616614 0.0358872
0.0617752 0.0357411
0.0618893 0.0356633
0.0620036 0.0355233
0.0621181 0.0354458
0.0622328 0.0353146
0.0623477 0.0352333
0.0624628 0.0351034
0.0625782 0.0350187
0.0626937 0.0348916
0.0628095 0.0348048
0.0629255 0.0346792
0.0630417 0.034587
0.0631581 0.0344649
0.0632747 0.034369
0.0633916 0.0342519
0.0635086 0.0341501
0.0636259 0.0340384
0.0637434 0.0339327
0.0638611 0.0338306
0.063979 0.033723
0.0640972 0.0336308
0.0642155 0.0335137
0.0643341 0.0334295
0.0644529 0.0332922
0.0645719 0.0332278
0.0646912 0.0330801
0.0648106 0.0330242
0.0649303 0.0328771
0.0650502 0.0328199
0.0651703 0.032674
0.0652907 0.0326156
0.0654113 0.0324713
0.065532 0.0324116
0.0656531 0.0322722
0.0657743 0.0322133
0.0658957 0.0320832
0.0660174 0.0320226
0.0661393 0.0318934
0.0662615 0.0318297
0.0663838 0.0317015
0.0665064 0.0316358
0.0666292 0.0315082
0.0667523 0.0314418
0.0668755 0.0313152
0.066999 0.0312463
0.0671227 0.0311219
0.0672467 0.0310489
0.0673709 0.0309278
0.0674953 0.030855
0.0676199 0.0307391
0.0677448 0.0306652
0.0678699 0.0305579
0.0679952 0.0304803
0.0681208 0.0303755
0.0682466 0.0302943
0.0683726 0.0301914
0.0684988 0.0301066
0.0686253 0.0300067
0.0687521 0.0299164
0.068879 0.0298223
0.0690062 0.029726
0.0691336 0.0296368
0.0692613 0.0295329
0.0693892 0.0294516
0.0695173 0.0293388
0.0696457 0.0292709
0.0697743 0.0291448
0.0699031 0.0290973
0.0700322 0.0289718
0.0701616 0.0289224
0.0702911 0.0287976
0.0704209 0.0287466
0.070551 0.0286227
0.0706812 0.0285698
0.0708118 0.028446
0.0709425 0.0283924
0.0710735 0.0282696
0.0712048 0.0282148
0.0713362 0.0280939
0.071468 0.0280384
0.0716 0.0279208
0.0717322 0.0278653
0.0718646 0.0277561
0.0719973 0.0276989
0.0721303 0.0275903
0.0722635 0.0275312
0.0723969 0.0274243
0.0725306 0.0273626
0.0726645 0.027257
0.0727987 0.0271923
0.0729332 0.0270881
0.0730678 0.0270223
0.0732028 0.02692
0.0733379 0.0268511
0.0734734 0.0267519
0.073609 0.0266812
0.073745 0.0265863
0.0738812 0.026516
0.0740176 0.0264296
0.0741543 0.0263552
0.0742912 0.0262713
0.0744284 0.026192
0.0745658 0.026113
0.0747035 0.0260271
0.0748415 0.0259529
0.0749797 0.0258597
0.0751181 0.0257924
0.0752568 0.025685
0.0753958 0.0256318
0.075535 0.0255145
0.0756745 0.025471
0.0758143 0.0253558
0.0759543 0.0253138
0.0760945 0.0252069
0.076235 0.0251634
0.0763758 0.0250575
0.0765168 0.0250119
0.0766581 0.0249061
0.0767997 0.0248589
0.0769415 0.0247545
0.0770836 0.0247063
0.0772259 0.0246025
0.0773685 0.024552
0.0775114 0.0244497
0.0776545 0.0243989
0.0777979 0.0242969
0.0779416 0.0242451
0.0780855 0.0241464
0.0782297 0.0240953
0.0783742 0.0240042
0.0785189 0.023951
0.0786639 0.0238603
0.0788092 0.0238049
0.0789547 0.0237168
0.0791005 0.0236585
0.0792466 0.0235715
0.0793929 0.0235105
0.0795395 0.0234263
0.0796864 0.0233618
0.0798335 0.0232797
0.0799809 0.0232135
0.0801286 0.0231342
0.0802766 0.0230642
0.0804248 0.0229907
0.0805734 0.0229211
0.0807221 0.0228549
0.0808712 0.0227793
0.0810205 0.0227176
0.0811702 0.0226341
0.08132 0.0225801
0.0814702 0.022479
0.0816207 0.0224415
0.0817714 0.0223409
0.0819224 0.0223022
0.0820737 0.0222024
0.0822252 0.0221627
0.0823771 0.0220639
0.0825292 0.0220231
0.0826816 0.0219261
0.0828342 0.0218861
0.0829872 0.0217965
0.0831405 0.0217559
0.083294 0.0216664
0.0834478 0.0216242
0.0836019 0.0215355
0.0837563 0.0214916
0.0839109 0.0214039
0.0840659 0.0213581
0.0842211 0.0212708
0.0843766 0.0212242
0.0845325 0.0211385
0.0846885 0.0210904
0.0848449 0.0210064
0.0850016 0.0209565
0.0851586 0.0208747
0.0853158 0.0208259
0.0854734 0.020751
0.0856312 0.0206998
0.0857893 0.0206263
0.0859478 0.0205729
0.0861065 0.0205012
0.0862655 0.0204453
0.0864248 0.0203752
0.0865844 0.0203165
0.0867442 0.0202489
0.0869044 0.020186
0.0870649 0.0201225
0.0872257 0.020055
0.0873868 0.0199959
0.0875481 0.0199234
0.0877098 0.0198711
0.0878718 0.0197939
0.088034 0.0197527
0.0881966 0.0196666
0.0883594 0.0196332
0.0885226 0.0195479
0.0886861 0.0195138
0.0888498 0.019428
0.0890139 0.0193934
0.0891783 0.0193086
0.089343 0.0192722
0.0895079 0.0191881
0.0896732 0.019151
0.0898388 0.0190674
0.0900047 0.01903
0.0901709 0.0189482
0.0903374 0.0189111
0.0905043 0.0188356
0.0906714 0.0187978
0.0908388 0.0187229
0.0910066 0.0186834
0.0911746 0.0186094
0.091343 0.0185685
0.0915116 0.0184955
0.0916806 0.0184529
0.0918499 0.0183809
0.0920195 0.0183366
0.0921895 0.0182661
0.0923597 0.01822
0.0925303 0.0181515
0.0927011 0.0181035
0.0928723 0.0180378
0.0930438 0.0179908
0.0932156 0.0179297
0.0933877 0.0178805
0.0935602 0.0178221
0.093733 0.0177699
0.0939061 0.0177136
0.0940795 0.0176577
0.0942532 0.0176049
0.0944272 0.0175448
0.0946016 0.0174955
0.0947763 0.017429
0.0949513 0.0173855
0.0951266 0.017305
0.0953023 0.017276
0.0954783 0.0171964
0.0956546 0.0171681
0.0958312 0.0170938
0.0960082 0.0170642
0.0961855 0.0169914
0.0963631 0.0169609
0.0965411 0.0168886
0.0967193 0.0168565
0.0968979 0.0167847
0.0970769 0.0167521
0.0972561 0.0166806
0.0974357 0.0166475
0.0976156 0.0165763
0.0977959 0.0165418
0.0979765 0.0164722
0.0981574 0.0164366
0.0983387 0.0163683
0.0985203 0.0163343
0.0987022 0.0162703
0.0988845 0.0162349
0.0990671 0.016173
0.09925 0.0161356
0.0994333 0.0160745
0.0996169 0.0160361
0.0998008 0.0159759
0.0999851 0.0159356
0.10017 0.015877
0.100355 0.0158343
0.10054 0.0157772
0.100726 0.0157328
0.100912 0.0156777
0.101098 0.0156316
0.101285 0.0155796
0.101472 0.0155331
0.101659 0.0154856
0.101847 0.0154364
0.102035 0.0153924
0.102223 0.0153388
0.102412 0.0152981
0.102601 0.0152378
0.102791 0.0152042
0.102981 0.015135
0.103171 0.0151089
0.103361 0.0150407
0.103552 0.0150139
0.103743 0.0149456
0.103935 0.0149185
0.104127 0.0148519
0.104319 0.0148247
0.104512 0.0147624
0.104705 0.014735
0.104898 0.0146738
0.105092 0.0146457
0.105286 0.0145847
0.10548 0.0145553
0.105675 0.014495
0.10587 0.0144649
0.106066 0.014405
0.106262 0.0143741
0.106458 0.014315
0.106654 0.0142828
0.106851 0.0142246
0.107049 0.0141918
0.107246 0.0141353
0.107444 0.0141021
0.107643 0.0140495
0.107841 0.0140159
0.108041 0.013965
0.10824 0.0139298
0.10844 0.0138801
0.10864 0.0138427
0.108841 0.0137943
0.109042 0.0137553
0.109243 0.0137083
0.109445 0.0136669
0.109647 0.0136223
0.10985 0.0135784
0.110052 0.0135362
0.110256 0.0134896
0.110459 0.0134512
0.110663 0.0134022
0.110868 0.0133692
0.111072 0.0133104
0.111277 0.0132885
0.111483 0.0132297
0.111689 0.0132073
0.111895 0.0131487
0.112102 0.0131252
0.112309 0.0130674
0.112516 0.0130431
0.112724 0.0129857
0.112932 0.0129609
0.11314 0.0129039
0.113349 0.0128782
0.113559 0.0128225
0.113768 0.0127976
0.113978 0.0127448
0.114189 0.0127191
0.1144 0.0126682
0.114611 0.0126419
0.114823 0.0125909
0.115035 0.0125639
0.115247 0.0125135
0.11546 0.0124854
0.115673 0.0124355
0.115887 0.012406
0.116101 0.0123572
0.116315 0.0123269
0.11653 0.0122789
0.116745 0.0122474
0.116961 0.0122016
0.117177 0.0121696
0.117393 0.0121268
0.11761 0.0120944
0.117827 0.0120538
0.118045 0.0120195
0.118263 0.0119798
0.118481 0.0119433
0.1187 0.0119054
0.118919 0.0118665
0.119139 0.0118313
0.119359 0.0117889
0.119579 0.0117565
0.1198 0.0117092
0.120021 0.0116818
0.120243 0.0116275
0.120465 0.0116079
0.120687 0.0115567
0.12091 0.011537
0.121133 0.0114871
0.121357 0.0114669
0.121581 0.0114174
0.121806 0.0113962
0.12203 0.0113471
0.122256 0.0113253
0.122482 0.0112764
0.122708 0.011254
0.122934 0.0112056
0.123161 0.0111824
0.123389 0.0111347
0.123617 0.0111113
0.123845 0.0110639
0.124074 0.0110407
0.124303 0.0109962
0.124532 0.0109724
0.124762 0.0109298
0.124993 0.0109052
0.125223 0.0108631
0.125455 0.0108373
0.125686 0.0107956
0.125918 0.0107687
0.126151 0.0107282
0.126384 0.0107001
0.126617 0.0106606
0.126851 0.0106313
0.127085 0.0105924
0.12732 0.010562
0.127555 0.0105253
0.127791 0.0104946
0.128027 0.0104606
0.128263 0.0104287
0.1285 0.0103974
0.128737 0.0103628
0.128975 0.0103336
0.129213 0.0102958
0.129452 0.0102691
0.129691 0.0102247
0.12993 0.0102051
0.13017 0.0101582
0.130411 0.0101404
0.130651 0.0100937
0.130893 0.0100756
0.131134 0.0100298
0.131376 0.0100117
0.131619 0.00996825
0.131862 0.00994988
0.132106 0.00990791
0.13235 0.00988899
0.132594 0.00984732
0.132839 0.00982766
0.133084 0.00978659
0.13333 0.00976613
0.133576 0.00972509
0.133823 0.00970431
0.13407 0.00966363
0.134317 0.00964225
0.134565 0.00960219
0.134814 0.00958016
0.135063 0.00954098
0.135312 0.00951872
0.135562 0.00948186
0.135812 0.00945977
0.136063 0.00942453
0.136315 0.0094012
0.136566 0.00936694
0.136818 0.00934231
0.137071 0.00930862
0.137324 0.00928285
0.137578 0.0092503
0.137832 0.0092234
0.138086 0.00919164
0.138341 0.00916301
0.138597 0.00913315
0.138853 0.00910279
0.139109 0.00907499
0.139366 0.00904338
0.139623 0.00901873
0.139881 0.00898492
0.14014 0.00896406
0.140398 0.00892401
0.140658 0.00890867
0.140917 0.00886898
0.141177 0.00885325
0.141438 0.00881346
0.141699 0.0087973
0.141961 0.00875793
0.142223 0.00874136
0.142486 0.00870234
0.142749 0.00868537
0.143013 0.00864682
0.143277 0.00862981
0.143541 0.00859324
0.143806 0.00857628
0.144072 0.00854125
0.144338 0.00852358
0.144604 0.0084887
0.144871 0.00847038
0.145139 0.008436
0.145407 0.008417
0.145675 0.00838308
0.145944 0.0083634
0.146214 0.00833003
0.146484 0.00830959
0.146754 0.00827665
0.147025 0.00825591
0.147297 0.00822373
0.147569 0.00820292
0.147841 0.00817265
0.148114 0.00815123
0.148388 0.00812271
0.148662 0.00810036
0.148937 0.00807283
0.149212 0.00804918
0.149487 0.00802238
0.149763 0.0079972
0.15004 0.00797186
0.150317 0.00794458
0.150594 0.00792126
0.150872 0.00789154
0.151151 0.00787033
0.15143 0.00783614
0.15171 0.00782011
0.15199 0.00778444
0.152271 0.00777132
0.152552 0.00773733
0.152833 0.00772383
0.153116 0.00769001
0.153398 0.00767607
0.153682 0.00764241
0.153965 0.00762777
0.15425 0.00759443
0.154535 0.00757939
0.15482 0.00754637
0.155106 0.00753103
0.155392 0.00749836
0.155679 0.00748245
0.155967 0.0074503
0.156255 0.00743438
0.156543 0.00740354
0.156832 0.00738798
0.157122 0.00735872
0.157412 0.00734247
0.157703 0.00731353
0.157994 0.00729628
0.158286 0.00726784
0.158578 0.00725028
0.158871 0.00722238
0.159164 0.00720367
0.159458 0.00717644
0.159753 0.00715697
0.160048 0.00713056
0.160343 0.00711034
0.160639 0.00708468
0.160936 0.00706425
0.161233 0.00704017
0.161531 0.00701947
0.161829 0.00699727
0.162128 0.00697492
0.162427 0.0069539
0.162727 0.00692965
0.163028 0.00691023
0.163329 0.00688359
0.16363 0.00686645
0.163933 0.00683456
0.164235 0.00682248
0.164539 0.00679082
0.164842 0.00677844
0.165147 0.00674716
0.165452 0.00673477
0.165757 0.00670473
0.166063 0.00669232
0.16637 0.0066638
0.166677 0.00665111
0.166985 0.00662276
0.167293 0.00660972
0.167602 0.00658154
0.167912 0.00656805
0.168222 0.0065401
0.168532 0.00652599
0.168844 0.00649846
0.169155 0.00648398
0.169468 0.00645655
0.169781 0.00644186
0.170094 0.00641509
0.170408 0.0064002
0.170723 0.00637468
0.171038 0.00635958
0.171354 0.00633549
0.171671 0.00632012
0.171988 0.00629628
0.172305 0.00628015
0.172623 0.00625683
0.172942 0.00623996
0.173261 0.00621721
0.173581 0.00619938
0.173902 0.00617741
0.174223 0.00615873
0.174545 0.00613763
0.174867 0.0061178
0.17519 0.00609815
0.175514 0.00607734
0.175838 0.00605947
0.176162 0.006038
0.176488 0.00602226
0.176814 0.00599748
0.17714 0.00598483
0.177467 0.00595767
0.177795 0.00594706
0.178123 0.00591995
0.178452 0.00590921
0.178782 0.00588218
0.179112 0.0058712
0.179443 0.0058445
0.179774 0.00583309
0.180106 0.00580664
0.180438 0.00579511
0.180772 0.00576974
0.181105 0.00575838
0.18144 0.00573452
0.181775 0.00572262
0.182111 0.005699
0.182447 0.00568695
0.182784 0.00566331
0.183121 0.00565074
0.183459 0.00562738
0.183798 0.00561443
0.184138 0.00559144
0.184478 0.00557802
0.184818 0.00555527
0.18516 0.00554144
0.185502 0.00551945
0.185844 0.00550533
0.186187 0.00548426
0.186531 0.0054702
0.186876 0.00545074
0.187221 0.00543598
0.187566 0.00541675
0.187913 0.00540132
0.18826 0.00538274
0.188607 0.00536621
0.188956 0.00534853
0.189305 0.00533103
0.189654 0.00531425
0.190004 0.00529535
0.190355 0.00527991
0.190707 0.00525904
0.191059 0.0052457
0.191412 0.00522103
0.191765 0.00521221
0.192119 0.00518911
0.192474 0.00517991
0.192829 0.00515693
0.193186 0.00514746
0.193542 0.00512459
0.1939 0.00511485
0.194258 0.00509209
0.194616 0.00508191
0.194976 0.00505932
0.195336 0.00504908
0.195697 0.00502669
0.196058 0.0050161
0.19642 0.00499406
0.196783 0.00498337
0.197146 0.00496198
0.19751 0.00495135
0.197875 0.00493131
0.19824 0.00492044
0.198606 0.00490071
0.198973 0.00488939
0.199341 0.00486994
0.199709 0.00485805
0.200077 0.00483879
0.200447 0.00482652
0.200817 0.00480767
0.201188 0.00479493
0.201559 0.00477638
0.201932 0.00476305
0.202304 0.0047452
0.202678 0.0047316
0.203052 0.00471458
0.203427 0.00470111
0.203803 0.00468558
0.204179 0.00467099
0.204556 0.00465621
0.204934 0.00464061
0.205312 0.0046267
0.205692 0.00460979
0.206071 0.00459705
0.206452 0.00457794
0.206833 0.00456735
0.207215 0.00454588
0.207598 0.00453748
0.207981 0.00451634
0.208365 0.00450792
0.20875 0.00448701
0.209135 0.00447887
0.209522 0.00445952
0.209908 0.00445094
0.210296 0.00443171
0.210684 0.00442294
0.211073 0.00440365
0.211463 0.00439465
0.211854 0.00437561
0.212245 0.00436625
0.212637 0.00434739
0.21303 0.00433785
0.213423 0.00431907
0.213817 0.00430923
0.214212 0.00429083
0.214607 0.00428081
0.215004 0.00426299
0.215401 0.00425311
0.215799 0.00423658
0.216197 0.00422628
0.216596 0.00421001
0.216996 0.00419925
0.217397 0.00418331
0.217798 0.00417198
0.218201 0.00415644
0.218603 0.0041447
0.219007 0.00412941
0.219412 0.00411709
0.219817 0.00410243
0.220223 0.0040895
0.220629 0.00407545
0.221037 0.00406197
0.221445 0.00404902
0.221854 0.0040353
0.222263 0.00402386
0.222674 0.00400869
0.223085 0.00399847
0.223497 0.00398005
0.22391 0.00397302
0.224323 0.00395462
0.224737 0.00394741
0.225152 0.00392912
0.225568 0.00392159
0.225985 0.0039035
0.226402 0.00389586
0.22682 0.00387797
0.227239 0.00387015
0.227659 0.00385256
0.228079 0.00384491
0.2285 0.00382866
0.228922 0.00382088
0.229345 0.00380465
0.229768 0.0037965
0.230193 0.00378052
0.230618 0.00377201
0.231044 0.00375612
0.23147 0.00374755
0.231898 0.00373172
0.232326 0.00372291
0.232755 0.00370731
0.233185 0.00369799
0.233615 0.00368285
0.234047 0.00367341
0.234479 0.00365866
0.234912 0.00364939
0.235346 0.00363595
0.23578 0.00362611
0.236216 0.00361295
0.236652 0.00360267
0.237089 0.00358985
0.237527 0.00357909
0.237965 0.00356676
0.238405 0.00355525
0.238845 0.00354344
0.239286 0.00353118
0.239728 0.00352017
0.240171 0.00350692
0.240614 0.00349688
0.241058 0.00348217
0.241504 0.00347399
0.24195 0.00345832
0.242396 0.00345212
0.242844 0.00343662
0.243292 0.00343022
0.243742 0.00341461
0.244192 0.00340814
0.244643 0.00339272
0.245094 0.00338582
0.245547 0.0033706
0.246 0.00336364
0.246455 0.00334845
0.24691 0.00334134
0.247366 0.00332627
0.247822 0.00331905
0.24828 0.00330428
0.248739 0.00329732
0.249198 0.00328354
0.249658 0.00327633
0.250119 0.0032628
0.250581 0.00325522
0.251044 0.00324184
0.251507 0.00323405
0.251972 0.00322089
0.252437 0.00321267
0.252903 0.00319967
0.25337 0.00319125
0.253838 0.00317854
0.254307 0.00316977
0.254776 0.00315743
0.255247 0.00314837
0.255718 0.00313647
0.25619 0.00312749
0.256663 0.00311666
0.257137 0.0031073
0.257612 0.00309687
0.258088 0.00308677
0.258565 0.00307691
0.259042 0.00306611
0.25952 0.0030569
0.26 0.00304504
0.26048 0.00303669
0.260961 0.00302213
0.261443 0.00301654
0.261925 0.00300204
0.262409 0.00299642
0.262894 0.00298209
0.263379 0.00297653
0.263865 0.00296332
0.264353 0.00295759
0.264841 0.00294455
0.26533 0.00293865
0.26582 0.00292561
0.266311 0.00291953
0.266803 0.0029066
0.267295 0.00290036
0.267789 0.00288752
0.268283 0.00288109
0.268779 0.00286838
0.269275 0.0028618
0.269772 0.00284923
0.27027 0.00284256
0.27077 0.00283029
0.27127 0.00282373
0.27177 0.00281229
0.272272 0.00280547
0.272775 0.00279434
0.273279 0.00278728
0.273783 0.00277629
0.274289 0.00276897
0.274796 0.00275824
0.275303 0.0027504
0.275811 0.00273995
0.276321 0.00273192
0.276831 0.00272177
0.277342 0.00271329
0.277854 0.00270352
0.278367 0.00269457
0.278881 0.00268543
0.279396 0.00267653
0.279912 0.00266826
0.280429 0.00265864
0.280947 0.00265107
0.281466 0.00264042
0.281986 0.00263383
0.282506 0.00262141
0.283028 0.00261645
0.283551 0.0026041
0.284074 0.00259909
0.284599 0.00258669
0.285124 0.0025816
0.285651 0.0025694
0.286178 0.00256414
0.286707 0.00255216
0.287236 0.00254696
0.287767 0.00253578
0.288298 0.0025305
0.28883 0.00251955
0.289364 0.00251408
0.289898 0.00250319
0.290433 0.0024976
0.29097 0.00248673
0.291507 0.00248096
0.292045 0.00247024
0.292585 0.00246423
0.293125 0.00245368
0.293666 0.00244755
0.294208 0.00243719
0.294752 0.00243084
0.295296 0.00242072
0.295841 0.00241444
0.296388 0.00240512
0.296935 0.00239867
0.297483 0.00238965
0.298033 0.0023829
0.298583 0.00237396
0.299134 0.00236688
0.299687 0.00235834
0.30024 0.00235086
0.300795 0.00234257
0.30135 0.00233465
0.301906 0.00232685
0.302464 0.00231838
0.303022 0.00231109
0.303582 0.00230193
0.304143 0.00229551
0.304704 0.00228535
0.305267 0.00228063
0.305831 0.00227006
0.306395 0.00226579
0.306961 0.00225526
0.307528 0.00225089
0.308096 0.00224038
0.308665 0.00223587
0.309235 0.0022255
0.309806 0.00222083
0.310378 0.00221049
0.310951 0.00220572
0.311525 0.0021955
0.312101 0.00219064
0.312677 0.00218066
0.313254 0.00217583
0.313833 0.00216637
0.314412 0.0021615
0.314993 0.0021523
0.315574 0.00214728
0.316157 0.00213818
0.316741 0.00213295
0.317326 0.00212395
0.317912 0.00211849
0.318499 0.00210965
0.319087 0.00210408
0.319676 0.00209542
0.320267 0.00208956
0.320858 0.0020811
0.321451 0.00207504
0.322044 0.00206688
0.322639 0.00206089
0.323235 0.00205329
0.323832 0.00204713
0.32443 0.00203986
0.325029 0.00203329
0.325629 0.00202643
0.32623 0.00201939
0.326833 0.00201285
0.327436 0.00200527
0.328041 0.00199922
0.328646 0.00199087
0.329253 0.00198563
0.329861 0.00197583
0.33047 0.001972
0.331081 0.00196234
0.331692 0.00195854
0.332305 0.0019494
0.332918 0.00194554
0.333533 0.00193666
0.334149 0.0019327
0.334766 0.00192388
0.335384 0.00191979
0.336003 0.001911
0.336624 0.00190678
0.337246 0.0018981
0.337868 0.00189381
0.338492 0.00188517
0.339117 0.00188072
0.339743 0.00187218
0.340371 0.00186763
0.340999 0.00185929
0.341629 0.00185482
0.34226 0.00184696
0.342892 0.00184236
0.343525 0.00183484
0.344159 0.00183006
0.344795 0.00182258
0.345432 0.00181772
0.34607 0.00181032
0.346709 0.00180527
0.347349 0.00179804
0.34799 0.00179275
0.348633 0.00178564
0.349277 0.00178011
0.349922 0.00177334
0.350568 0.00176757
0.351215 0.00176108
0.351864 0.00175524
0.352513 0.00174933
0.353164 0.00174321
0.353817 0.00173778
0.35447 0.00173106
0.355125 0.00172612
0.35578 0.00171836
0.356437 0.00171444
0.357095 0.00170608
0.357755 0.00170269
0.358416 0.00169434
0.359077 0.00169091
0.35974 0.00168263
0.360405 0.00167914
0.36107 0.00167097
0.361737 0.00166748
0.362405 0.00165974
0.363074 0.00165618
0.363745 0.00164877
0.364416 0.00164513
0.365089 0.00163776
0.365763 0.00163396
0.366439 0.00162665
0.367116 0.00162278
0.367793 0.00161546
0.368473 0.00161151
0.369153 0.00160431
0.369835 0.00160022
0.370518 0.00159313
0.371202 0.00158892
0.371887 0.00158199
0.372574 0.00157782
0.373262 0.00157133
0.373951 0.00156701
0.374642 0.00156083
0.375334 0.00155632
0.376027 0.0015503
0.376721 0.0015456
0.377417 0.00153966
0.378114 0.00153478
0.378812 0.00152906
0.379511 0.00152389
0.380212 0.0015184
0.380914 0.00151292
0.381618 0.00150774
0.382322 0.00150186
0.383028 0.00149718
0.383736 0.001491
0.384444 0.00148697
0.385154 0.00147987
0.385866 0.00147699
0.386578 0.00146989
0.387292 0.00146692
0.388007 0.00145984
0.388724 0.00145678
0.389441 0.00144978
0.390161 0.0014466
0.390881 0.00143966
0.391603 0.00143642
0.392326 0.00142951
0.39305 0.00142627
0.393776 0.00141945
0.394503 0.00141622
0.395232 0.00140974
0.395962 0.00140647
0.396693 0.00140028
0.397425 0.00139687
0.398159 0.00139071
0.398895 0.00138722
0.399631 0.00138116
0.400369 0.00137755
0.401108 0.00137159
0.401849 0.00136784
0.402591 0.00136191
0.403335 0.00135807
0.404079 0.00135227
0.404826 0.0013483
0.405573 0.00134267
0.406322 0.00133868
0.407072 0.00133338
0.407824 0.00132934
0.408577 0.00132432
0.409332 0.00132005
0.410088 0.00131522
0.410845 0.00131066
0.411604 0.00130609
0.412364 0.0013012
0.413125 0.0012969
0.413888 0.00129162
0.414652 0.0012877
0.415418 0.00128171
0.416185 0.00127849
0.416954 0.00127195
0.417723 0.00126934
0.418495 0.00126307
0.419268 0.0012605
0.420042 0.00125449
0.420818 0.00125187
0.421595 0.00124593
0.422373 0.00124317
0.423153 0.00123726
0.423934 0.00123443
0.424717 0.00122854
0.425502 0.00122566
0.426287 0.00121984
0.427075 0.00121688
0.427863 0.00121113
0.428653 0.00120812
0.429445 0.00120243
0.430238 0.00119941
0.431032 0.00119399
0.431828 0.00119097
0.432626 0.00118584
0.433425 0.00118272
0.434225 0.00117761
0.435027 0.00117439
0.43583 0.00116939
0.436635 0.001166
0.437441 0.0011611
0.438249 0.00115756
0.439058 0.00115278
0.439869 0.00114913
0.440681 0.00114443
0.441495 0.00114066
0.44231 0.00113618
0.443127 0.00113227
0.443945 0.00112814
0.444765 0.00112417
0.445586 0.00112035
0.446409 0.00111607
0.447234 0.00111253
0.448059 0.0011078
0.448887 0.00110464
0.449716 0.001099
0.450546 0.00109673
0.451378 0.00109112
0.452212 0.00108879
0.453047 0.00108321
0.453883 0.00108084
0.454722 0.00107534
0.455561 0.00107296
0.456402 0.00106768
0.457245 0.00106527
0.45809 0.00106029
0.458935 0.00105784
0.459783 0.00105286
0.460632 0.00105034
0.461483 0.00104541
0.462335 0.00104281
0.463189 0.00103792
0.464044 0.00103523
0.464901 0.00103037
0.465759 0.00102763
0.466619 0.00102286
0.467481 0.00102005
0.468344 0.00101539
0.469209 0.00101255
0.470076 0.00100807
0.470944 0.00100525
0.471813 0.00100104
0.472684 0.000998101
0.473557 0.000993961
0.474432 0.000990892
0.475308 0.000986821
0.476186 0.000983627
0.477065 0.000979668
0.477946 0.000976343
0.478828 0.000972546
0.479713 0.000968967
0.480598 0.00096537
0.481486 0.00096159
0.482375 0.000958251
0.483266 0.000954283
0.484158 0.000951297
0.485052 0.000947068
0.485948 0.000944598
0.486845 0.000939856
0.487744 0.000937825
0.488645 0.000933136
0.489547 0.000931065
0.490451 0.000926336
0.491357 0.000924245
0.492264 0.000919573
0.493173 0.000917398
0.494084 0.000912767
0.494996 0.000910577
0.495911 0.000905975
0.496826 0.000903776
0.497744 0.000899351
0.498663 0.000897161
0.499584 0.000892986
0.500506 0.000890746
0.50143 0.000886575
0.502356 0.000884255
0.503284 0.000880147
0.504213 0.000877747
0.505144 0.000873697
0.506077 0.000871228
0.507012 0.000867233
0.507948 0.00086468
0.508886 0.000860748
0.509826 0.000858111
0.510767 0.000854303
0.51171 0.000851605
0.512655 0.000847995
0.513602 0.000845337
0.51455 0.000841931
0.515501 0.000839133
0.516453 0.000835841
0.517406 0.000832903
0.518362 0.000829714
0.519319 0.000826614
0.520278 0.000823588
0.521239 0.000820239
0.522201 0.000817439
0.523165 0.000813798
0.524131 0.000811258
0.525099 0.000806874
0.526069 0.000805141
0.52704 0.00080087
0.528014 0.000799154
0.528989 0.000795141
0.529966 0.00079335
0.530944 0.000789372
0.531925 0.000787542
0.532907 0.000783588
0.533891 0.000781714
0.534877 0.000777755
0.535865 0.000775821
0.536854 0.000771927
0.537845 0.000769967
0.538839 0.000766077
0.539834 0.000764064
0.54083 0.000760261
0.541829 0.00075823
0.54283 0.000754527
0.543832 0.000752539
0.544836 0.000749063
0.545842 0.000747015
0.54685 0.000743584
0.54786 0.00074142
0.548872 0.00073806
0.549885 0.000735846
0.550901 0.000732522
0.551918 0.000730223
0.552937 0.000726978
0.553958 0.000724562
0.554981 0.000721404
0.556006 0.000718932
0.557033 0.00071586
0.558061 0.000713338
0.559092 0.000710447
0.560124 0.000707876
0.561159 0.000705234
0.562195 0.000702501
0.563233 0.000700003
0.564273 0.000697057
0.565315 0.000694744
0.566359 0.000691456
0.567405 0.000689475
0.568453 0.00068574
0.569502 0.00068417
0.570554 0.000680478
0.571608 0.000678883
0.572663 0.000675183
0.573721 0.000673613
0.57478 0.000670028
0.575842 0.000668419
0.576905 0.000665104
0.57797 0.000663475
0.579037 0.000660154
0.580107 0.000658489
0.581178 0.000655195
0.582251 0.000653464
0.583326 0.000650184
0.584404 0.000648452
0.585483 0.000645183
0.586564 0.000643401
0.587647 0.000640187
0.588732 0.000638334
0.589819 0.000635187
0.590908 0.000633321
0.592 0.000630286
0.593093 0.000628415
0.594188 0.000625578
0.595285 0.000623656
0.596385 0.000620881
0.597486 0.000618869
0.598589 0.000616143
0.599694 0.00061406
0.600802 0.000611378
0.601911 0.00060921
0.603023 0.000606619
0.604136 0.000604355
0.605252 0.000601855
0.60637 0.000599438
0.607489 0.000597098
0.608611 0.000594566
0.609735 0.000592431
0.610861 0.000589839
0.611989 0.000587954
0.613119 0.000584868
0.614251 0.000583485
0.615386 0.000580333
0.616522 0.000578976
0.61766 0.000575831
0.618801 0.000574438
0.619944 0.000571332
0.621088 0.000569904
0.622235 0.000566824
0.623384 0.000565373
0.624535 0.000562307
0.625689 0.000560842
0.626844 0.000557852
0.628002 0.000556423
0.629161 0.000553662
0.630323 0.000552166
0.631487 0.000549413
0.632653 0.000547893
0.633821 0.000545154
0.634992 0.000543597
0.636164 0.000540893
0.637339 0.000539283
0.638516 0.00053661
0.639695 0.000534939
0.640876 0.000532319
0.64206 0.000530614
0.643246 0.000528054
0.644433 0.000526307
0.645623 0.000523843
0.646816 0.000522105
0.64801 0.000519818
0.649207 0.000518021
0.650405 0.0005158
0.651606 0.000513909
0.65281 0.00051175
0.654015 0.00050976
0.655223 0.000507678
0.656433 0.000505578
0.657645 0.000503616
0.658859 0.000501337
0.660076 0.000499528
0.661295 0.000497037
0.662516 0.00049547
0.66374 0.000492612
0.664965 0.000491459
0.666193 0.000488831
0.667423 0.000487656
0.668656 0.000485001
0.669891 0.000483808
0.671128 0.000481186
0.672367 0.000479947
0.673608 0.000477343
0.674852 0.000476072
0.676099 0.000473488
0.677347 0.000472195
0.678598 0.000469634
0.679851 0.000468328
0.681106 0.000465784
0.682364 0.000464453
0.683624 0.000461964
0.684887 0.000460658
0.686151 0.000458364
0.687418 0.000457009
0.688688 0.000454758
0.689959 0.000453362
0.691233 0.000451132
0.69251 0.000449683
0.693789 0.000447475
0.69507 0.000445982
0.696353 0.000443828
0.697639 0.000442282
0.698928 0.000440174
0.700218 0.000438578
0.701511 0.000436511
0.702807 0.000434877
0.704104 0.000432915
0.705405 0.000431284
0.706707 0.000429489
0.708012 0.000427769
0.70932 0.000426068
0.710629 0.000424229
0.711942 0.00042262
0.713256 0.000420628
0.714574 0.00041916
0.715893 0.000416861
0.717215 0.000415704
0.718539 0.00041327
0.719866 0.000412228
0.721196 0.000409813
0.722527 0.000408772
0.723862 0.00040638
0.725198 0.00040535
0.726537 0.000403151
0.727879 0.000402091
0.729223 0.000399899
0.73057 0.000398815
0.731919 0.000396644
0.73327 0.000395532
0.734624 0.000393391
0.735981 0.00039224
0.73734 0.000390102
0.738702 0.000388935
0.740066 0.000386819
0.741432 0.000385627
0.742801 0.00038355
0.744173 0.000382334
0.745547 0.000380304
0.746924 0.000379105
0.748303 0.000377231
0.749685 0.000376005
0.75107 0.000374176
0.752456 0.000372888
0.753846 0.000371092
0.755238 0.000369753
0.756633 0.000367992
0.75803 0.000366609
0.75943 0.000364885
0.760832 0.000363452
0.762237 0.000361779
0.763644 0.000360264
0.765055 0.000358691
0.766467 0.000357103
0.767883 0.000355628
0.769301 0.000354006
0.770721 0.000352697
0.772145 0.000350954
0.77357 0.000349794
0.774999 0.000347745
0.77643 0.000346864
0.777864 0.000344831
0.7793 0.000343926
0.780739 0.000341902
0.782181 0.000340978
0.783625 0.000338974
0.785072 0.000338025
0.786522 0.000336035
0.787974 0.000335089
0.78943 0.000333126
0.790887 0.000332189
0.792348 0.00033037
0.793811 0.000329426
0.795277 0.000327633
0.796745 0.000326649
0.798217 0.000324871
0.799691 0.000323862
0.801167 0.000322094
0.802647 0.000321062
0.804129 0.000319327
0.805614 0.00031826
0.807101 0.000316553
0.808592 0.000315447
0.810085 0.000313766
0.811581 0.000312664
0.81308 0.000311019
0.814581 0.000309927
0.816085 0.000308409
0.817592 0.000307282
0.819102 0.000305802
0.820615 0.000304621
0.82213 0.000303198
0.823648 0.000301963
0.825169 0.000300572
0.826693 0.000299268
0.828219 0.000297948
0.829749 0.000296556
0.831281 0.000295323
0.832816 0.000293814
0.834354 0.000292696
0.835895 0.000290993
0.837438 0.000290111
0.838985 0.000288383
0.840534 0.000287629
0.842086 0.000285929
0.843641 0.000285165
0.845199 0.000283471
0.84676 0.000282691
0.848323 0.000281013
0.84989 0.000280205
0.851459 0.000278529
0.853031 0.000277708
0.854607 0.000276056
0.856185 0.000275227
0.857766 0.000273593
0.85935 0.000272735
0.860937 0.000271139
0.862526 0.00027031
0.864119 0.000268794
0.865715 0.000267952
0.867313 0.000266487
0.868915 0.000265614
0.87052 0.000264169
0.872127 0.000263266
0.873738 0.000261832
0.875351 0.000260905
0.876967 0.000259507
0.878587 0.000258541
0.880209 0.000257165
0.881835 0.000256169
0.883463 0.000254836
0.885094 0.000253797
0.886729 0.000252511
0.888366 0.000251489
0.890007 0.000250305
0.89165 0.000249242
0.893297 0.000248115
0.894946 0.000246986
0.896599 0.000245919
0.898255 0.000244704
0.899913 0.000243708
0.901575 0.000242389
0.90324 0.000241502
0.904908 0.000239947
0.906579 0.00023929
0.908253 0.000237747
0.90993 0.000237081
0.911611 0.000235556
0.913294 0.000234904
0.91498 0.000233475
0.91667 0.000232803
0.918363 0.000231418
0.920059 0.000230732
0.921758 0.000229349
0.92346 0.000228656
0.925165 0.000227281
0.926873 0.00022657
0.928585 0.000225208
0.9303 0.000224476
0.932018 0.000223132
0.933739 0.000222377
0.935463 0.000221044
0.93719 0.000220285
0.938921 0.000218988
0.940655 0.000218233
0.942392 0.000217023
0.944132 0.000216251
0.945875 0.000215076
0.947622 0.000214282
0.949372 0.000213124
0.951125 0.0002123
0.952881 0.000211163
0.954641 0.000210312
0.956404 0.000209204
0.95817 0.000208318
0.959939 0.000207239
0.961712 0.000206322
0.963488 0.00020528
0.965267 0.000204316
0.967049 0.000203347
0.968835 0.000202364
0.970624 0.000201485
0.972417 0.000200447
0.974212 0.000199657
0.976011 0.000198493
0.977814 0.000197823
0.979619 0.000196539
0.981428 0.000195973
0.983241 0.000194695
0.985056 0.000194128
0.986875 0.000192852
0.988698 0.000192278
0.990523 0.000191023
0.992352 0.000190432
0.994185 0.000189193
0.996021 0.000188609
0.99786 0.000187437
0.999703 0.000186856
1.00155 0.000185724
1.0034 0.00018512
1.00525 0.000184002
1.00711 0.000183389
1.00897 0.000182272
1.01083 0.000181636
1.0127 0.000180537
1.01457 0.000179887
1.01644 0.000178802
1.01832 0.000178138
1.0202 0.000177071
1.02208 0.000176391
1.02397 0.000175357
1.02586 0.000174675
1.02775 0.000173708
1.02965 0.000173013
1.03155 0.000172091
1.03346 0.000171374
1.03537 0.000170463
1.03728 0.000169719
1.03919 0.000168839
1.04111 0.000168054
1.04304 0.000167208
1.04496 0.000166374
1.04689 0.000165576
1.04882 0.000164687
1.05076 0.000163951
1.0527 0.000162988
1.05465 0.000162337
1.05659 0.000161241
1.05854 0.000160785
1.0605 0.000159731
1.06246 0.000159264
1.06442 0.000158212
1.06638 0.000157732
1.06835 0.000156689
1.07033 0.0001562
1.0723 0.000155164
1.07428 0.000154657
1.07627 0.000153633
1.07825 0.000153124
1.08025 0.000152106
1.08224 0.000151596
1.08424 0.000150591
1.08624 0.000150077
1.08825 0.000149135
1.09026 0.000148614
1.09227 0.000147707
1.09429 0.000147179
1.09631 0.000146281
1.09833 0.000145738
1.10036 0.000144852
1.10239 0.000144288
1.10443 0.000143413
1.10647 0.000142838
1.10851 0.000141979
1.11056 0.000141381
1.11261 0.000140543
1.11466 0.000139927
1.11672 0.000139118
1.11878 0.0001385
1.12085 0.000137745
1.12292 0.000137123
1.12499 0.000136416
1.12707 0.000135746
1.12915 0.000135073
1.13124 0.000134362
1.13333 0.000133725
1.13542 0.000132968
1.13751 0.000132374
1.13962 0.000131533
1.14172 0.000131025
1.14383 0.000130082
1.14594 0.000129677
1.14806 0.000128748
1.15018 0.00012835
1.1523 0.000127454
1.15443 0.000127059
1.15656 0.000126213
1.1587 0.000125801
1.16083 0.000124957
1.16298 0.000124541
1.16513 0.000123699
1.16728 0.000123273
1.16943 0.000122439
1.17159 0.000122004
1.17376 0.000121177
1.17592 0.000120735
1.1781 0.000119917
1.18027 0.000119467
1.18245 0.000118666
1.18463 0.000118218
1.18682 0.000117459
1.18901 0.000117008
1.19121 0.000116292
1.19341 0.000115823
1.19561 0.000115114
1.19782 0.000114629
1.20003 0.000113936
1.20225 0.000113434
1.20447 0.000112754
1.20669 0.000112233
1.20892 0.000111571
1.21115 0.000111032
1.21339 0.000110393
1.21563 0.000109828
1.21787 0.000109221
1.22012 0.000108648
1.22238 0.000108094
1.22463 0.0001075
1.2269 0.000107
1.22916 0.000106356
1.23143 0.000105898
1.2337 0.000105123
1.23598 0.000104796
1.23826 0.000104025
1.24055 0.000103692
1.24284 0.000102925
1.24514 0.000102582
1.24744 0.000101826
1.24974 0.00010148
1.25205 0.000100733
1.25436 0.00010039
1.25668 9.96736e-05
1.259 9.93299e-05
1.26132 9.86547e-05
1.26365 9.83075e-05
1.26598 9.76329e-05
1.26832 9.72708e-05
1.27066 9.66065e-05
1.27301 9.62365e-05
1.27536 9.55743e-05
1.27772 9.52e-05
1.28008 9.45449e-05
1.28244 9.41618e-05
1.28481 9.35173e-05
1.28718 9.31186e-05
1.28956 9.24963e-05
1.29194 9.21009e-05
1.29432 9.15067e-05
1.29671 9.1111e-05
1.29911 9.05556e-05
1.30151 9.01408e-05
1.30391 8.95979e-05
1.30632 8.91687e-05
1.30873 8.86415e-05
1.31115 8.81912e-05
1.31357 8.76786e-05
1.31599 8.72049e-05
1.31842 8.67143e-05
1.32086 8.62138e-05
1.3233 8.57545e-05
1.32574 8.52219e-05
1.32819 8.48042e-05
1.33064 8.42318e-05
1.3331 8.38823e-05
1.33556 8.32606e-05
1.33803 8.29904e-05
1.3405 8.23741e-05
1.34297 8.2098e-05
1.34545 8.14794e-05
1.34794 8.12019e-05
1.35043 8.05879e-05
1.35292 8.02987e-05
1.35542 7.9693e-05
1.35792 7.94004e-05
1.36043 7.87988e-05
1.36294 7.85023e-05
1.36546 7.79099e-05
1.36798 7.76117e-05
1.37051 7.70451e-05
1.37304 7.67549e-05
1.37557 7.62178e-05
1.37811 7.59197e-05
1.38066 7.53898e-05
1.38321 7.50793e-05
1.38576 7.4557e-05
1.38832 7.42397e-05
1.39088 7.37267e-05
1.39345 7.33951e-05
1.39603 7.28907e-05
1.3986 7.25509e-05
1.40119 7.20586e-05
1.40377 7.17094e-05
1.40637 7.12324e-05
1.40896 7.088e-05
1.41157 7.04263e-05
1.41417 7.00767e-05
1.41678 6.96591e-05
1.4194 6.92929e-05
1.42202 6.88879e-05
1.42465 6.84987e-05
1.42728 6.81145e-05
1.42991 6.76958e-05
1.43255 6.73374e-05
1.4352 6.68844e-05
1.43785 6.65588e-05
1.4405 6.60289e-05
1.44316 6.57857e-05
1.44583 6.52427e-05
1.4485 6.50175e-05
1.45117 6.44923e-05
1.45385 6.42708e-05
1.45654 6.37831e-05
1.45923 6.35558e-05
1.46192 6.30708e-05
1.46462 6.28394e-05
1.46733 6.23531e-05
1.47004 6.21164e-05
1.47275 6.16348e-05
1.47547 6.13935e-05
1.47819 6.09192e-05
1.48092 6.06692e-05
1.48366 6.01994e-05
1.4864 5.99477e-05
1.48914 5.94848e-05
1.49189 5.92336e-05
1.49465 5.87909e-05
1.49741 5.8542e-05
1.50017 5.81285e-05
1.50294 5.78709e-05
1.50572 5.74642e-05
1.5085 5.71987e-05
1.51129 5.67992e-05
1.51408 5.65248e-05
1.51687 5.61338e-05
1.51967 5.58474e-05
1.52248 5.54639e-05
1.52529 5.51673e-05
1.52811 5.47982e-05
1.53093 5.44884e-05
1.53376 5.41351e-05
1.53659 5.38186e-05
1.53943 5.34883e-05
1.54227 5.31725e-05
1.54512 5.28759e-05
1.54797 5.25347e-05
1.55083 5.22577e-05
1.55369 5.18803e-05
1.55656 5.16398e-05
1.55944 5.12035e-05
1.56231 5.10191e-05
1.5652 5.05873e-05
1.56809 5.04002e-05
1.57099 4.99676e-05
1.57389 4.97808e-05
1.57679 4.93556e-05
1.5797 4.91682e-05
1.58262 4.87563e-05
1.58554 4.85732e-05
1.58847 4.81921e-05
1.59141 4.80027e-05
1.59434 4.76252e-05
1.59729 4.74331e-05
1.60024 4.70577e-05
1.60319 4.68583e-05
1.60615 4.64861e-05
1.60912 4.62818e-05
1.61209 4.59153e-05
1.61507 4.57052e-05
1.61805 4.53454e-05
1.62104 4.5131e-05
1.62403 4.47792e-05
1.62703 4.45624e-05
1.63003 4.4224e-05
1.63304 4.40111e-05
1.63606 4.37005e-05
1.63908 4.3483e-05
1.64211 4.31755e-05
1.64514 4.29469e-05
1.64818 4.26474e-05
1.65122 4.24094e-05
1.65427 4.21213e-05
1.65733 4.18693e-05
1.66039 4.15908e-05
1.66345 4.13261e-05
1.66652 4.10639e-05
1.6696 4.07831e-05
1.67268 4.05394e-05
1.67577 4.02404e-05
1.67887 4.00285e-05
1.68197 3.97093e-05
1.68507 3.95461e-05
1.68819 3.92051e-05
1.6913 3.90605e-05
1.69443 3.87201e-05
1.69756 3.85737e-05
1.70069 3.8235e-05
1.70383 3.80855e-05
1.70698 3.77488e-05
1.71013 3.75951e-05
1.71329 3.72622e-05
1.71645 3.71066e-05
1.71962 3.67783e-05
1.7228 3.66235e-05
1.72598 3.63059e-05
1.72916 3.61522e-05
1.73236 3.58618e-05
1.73556 3.57042e-05
1.73876 3.54153e-05
1.74197 3.52543e-05
1.74519 3.49691e-05
1.74841 3.48027e-05
1.75164 3.45214e-05
1.75487 3.43492e-05
1.75812 3.4072e-05
1.76136 3.38963e-05
1.76461 3.36262e-05
1.76787 3.34438e-05
1.77114 3.31811e-05
1.77441 3.29953e-05
1.77768 3.27452e-05
1.78097 3.25644e-05
1.78426 3.23362e-05
1.78755 3.21478e-05
1.79085 3.19256e-05
1.79416 3.17261e-05
1.79747 3.15155e-05
1.80079 3.13036e-05
1.80412 3.11028e-05
1.80745 3.08747e-05
1.81079 3.06893e-05
1.81413 3.04392e-05
1.81748 3.02777e-05
1.82084 2.99837e-05
1.8242 2.98679e-05
1.82757 2.95815e-05
1.83094 2.94681e-05
1.83432 2.92074e-05
1.83771 2.90917e-05
1.8411 2.88326e-05
1.8445 2.87133e-05
1.84791 2.84546e-05
1.85132 2.8334e-05
1.85474 2.80769e-05
1.85816 2.79525e-05
1.8616 2.76994e-05
1.86503 2.75741e-05
1.86848 2.73222e-05
1.87193 2.71932e-05
1.87538 2.69465e-05
1.87885 2.68168e-05
1.88232 2.65763e-05
1.88579 2.64517e-05
1.88928 2.62347e-05
1.89276 2.61054e-05
1.89626 2.58908e-05
1.89976 2.57566e-05
1.90327 2.55446e-05
1.90678 2.54079e-05
1.9103 2.51991e-05
1.91383 2.50565e-05
1.91737 2.48524e-05
1.92091 2.47049e-05
1.92445 2.45062e-05
1.92801 2.43517e-05
1.93157 2.41628e-05
1.93514 2.40031e-05
1.93871 2.38239e-05
1.94229 2.36682e-05
1.94588 2.35094e-05
1.94947 2.33426e-05
1.95307 2.31937e-05
1.95667 2.30126e-05
1.96029 2.2877e-05
1.96391 2.26692e-05
1.96753 2.25595e-05
1.97117 2.23334e-05
1.97481 2.2241e-05
1.97845 2.20162e-05
1.98211 2.19237e-05
1.98577 2.17014e-05
1.98943 2.16088e-05
1.99311 2.13908e-05
1.99679 2.13016e-05
2.00048 2.11038e-05
2.00417 2.10116e-05
2.00787 2.08171e-05
2.01158 2.07232e-05
2.01529 2.05295e-05
2.01902 2.04316e-05
2.02274 2.02405e-05
2.02648 2.01419e-05
2.03022 1.9951e-05
2.03397 1.98496e-05
2.03773 1.96625e-05
2.04149 1.95584e-05
2.04526 1.93755e-05
2.04904 1.927e-05
2.05282 1.90916e-05
2.05661 1.89899e-05
2.06041 1.88303e-05
2.06421 1.87244e-05
2.06802 1.85675e-05
2.07184 1.84573e-05
2.07567 1.83048e-05
2.0795 1.81884e-05
2.08334 1.80401e-05
2.08719 1.7919e-05
2.09104 1.77761e-05
2.0949 1.76489e-05
2.09877 1.75124e-05
2.10265 1.73789e-05
2.10653 1.72504e-05
2.11042 1.71079e-05
2.11432 1.69931e-05
2.11822 1.68487e-05
2.12213 1.67544e-05
2.12605 1.65836e-05
2.12998 1.65156e-05
2.13391 1.63456e-05
2.13785 1.62758e-05
2.1418 1.6107e-05
2.14576 1.60359e-05
2.14972 1.58681e-05
2.15369 1.5795e-05
2.15766 1.56292e-05
2.16165 1.55551e-05
2.16564 1.53912e-05
2.16964 1.53178e-05
2.17365 1.51567e-05
2.17766 1.50856e-05
2.18168 1.494e-05
2.18571 1.4867e-05
2.18975 1.47247e-05
2.19379 1.46489e-05
2.19784 1.45073e-05
2.2019 1.443e-05
2.20597 1.42908e-05
2.21004 1.4211e-05
2.21412 1.4074e-05
2.21821 1.39916e-05
2.2223 1.38567e-05
2.22641 1.37719e-05
2.23052 1.3641e-05
2.23464 1.35538e-05
2.23876 1.34279e-05
2.2429 1.33445e-05
2.24704 1.32312e-05
2.25119 1.31447e-05
2.25535 1.30353e-05
2.25951 1.29443e-05
2.26368 1.28385e-05
2.26786 1.2742e-05
2.27205 1.26419e-05
2.27625 1.25383e-05
2.28045 1.24446e-05
2.28466 1.23323e-05
2.28888 1.22479e-05
2.29311 1.21205e-05
2.29734 1.20523e-05
2.30158 1.19118e-05
2.30583 1.18605e-05
2.31009 1.17334e-05
2.31436 1.16819e-05
2.31863 1.15568e-05
2.32291 1.15042e-05
2.3272 1.13803e-05
2.3315 1.13262e-05
2.33581 1.12029e-05
2.34012 1.11475e-05
2.34444 1.1025e-05
2.34877 1.09687e-05
2.35311 1.08478e-05
2.35745 1.079e-05
2.36181 1.06713e-05
2.36617 1.06136e-05
2.37054 1.04974e-05
2.37491 1.04411e-05
2.3793 1.0336e-05
2.38369 1.02789e-05
2.38809 1.01773e-05
2.3925 1.01183e-05
2.39692 1.00178e-05
2.40135 9.95657e-06
2.40578 9.85805e-06
2.41023 9.7943e-06
2.41468 9.69804e-06
2.41914 9.6315e-06
2.4236 9.53803e-06
2.42808 9.46942e-06
2.43256 9.37898e-06
2.43705 9.30789e-06
2.44155 9.22274e-06
2.44606 9.15329e-06
2.45058 9.07714e-06
2.4551 9.00444e-06
2.45964 8.93411e-06
2.46418 8.85588e-06
2.46873 8.79024e-06
2.47329 8.70356e-06
2.47786 8.64594e-06
2.48243 8.54097e-06
2.48702 8.5016e-06
2.49161 8.39755e-06
2.49621 8.35796e-06
2.50082 8.25486e-06
2.50544 8.21462e-06
2.51006 8.11363e-06
2.5147 8.07505e-06
2.51934 7.98329e-06
2.52399 7.94383e-06
2.52866 7.85557e-06
2.53333 7.81536e-06
2.538 7.72732e-06
2.54269 7.68648e-06
2.54739 7.59878e-06
2.55209 7.55635e-06
2.5568 7.47038e-06
2.56152 7.42632e-06
2.56625 7.34151e-06
2.57099 7.2971e-06
2.57574 7.21346e-06
2.5805 7.16843e-06
2.58526 7.08758e-06
2.59004 7.04379e-06
2.59482 6.97023e-06
2.59961 6.92629e-06
2.60441 6.85584e-06
2.60922 6.80974e-06
2.61404 6.7411e-06
2.61886 6.69264e-06
2.6237 6.62573e-06
2.62855 6.57488e-06
2.6334 6.51005e-06
2.63826 6.45707e-06
2.64313 6.39528e-06
2.64801 6.33866e-06
2.6529 6.28061e-06
2.6578 6.22141e-06
2.66271 6.16834e-06
2.66763 6.1086e-06
2.67255 6.06331e-06
2.67749 5.9981e-06
2.68243 5.96133e-06
2.68739 5.88664e-06
2.69235 5.85837e-06
2.69732 5.78436e-06
2.7023 5.75542e-06
2.70729 5.68135e-06
2.71229 5.65193e-06
2.7173 5.57901e-06
2.72232 5.54886e-06
2.72735 5.47687e-06
2.73238 5.44687e-06
2.73743 5.3761e-06
2.74248 5.34728e-06
2.74755 5.28256e-06
2.75262 5.25348e-06
2.7577 5.19203e-06
2.7628 5.16217e-06
2.7679 5.10129e-06
2.77301 5.07063e-06
2.77813 5.01043e-06
2.78326 4.97841e-06
2.7884 4.91905e-06
2.79355 4.88638e-06
2.79871 4.82822e-06
2.80387 4.79407e-06
2.80905 4.73735e-06
2.81424 4.70287e-06
2.81944 4.64818e-06
2.82464 4.61453e-06
2.82986 4.56514e-06
2.83508 4.53085e-06
2.84032 4.4849e-06
2.84556 4.44891e-06
2.85082 4.40425e-06
2.85608 4.36596e-06
2.86136 4.32327e-06
2.86664 4.28264e-06
2.87193 4.24249e-06
2.87724 4.19832e-06
2.88255 4.16166e-06
2.88787 4.11329e-06
2.89321 4.08125e-06
2.89855 4.02206e-06
2.9039 4.00259e-06
2.90926 3.94845e-06
2.91464 3.92925e-06
2.92002 3.87799e-06
2.92541 3.85791e-06
2.93081 3.80724e-06
2.93623 3.78661e-06
2.94165 3.73616e-06
2.94708 3.71522e-06
2.95252 3.66493e-06
2.95797 3.64329e-06
2.96344 3.5938e-06
2.96891 3.57203e-06
2.97439 3.52303e-06
2.97988 3.5008e-06
2.98539 3.45323e-06
2.9909 3.43192e-06
2.99642 3.38825e-06
3.00195 3.36711e-06
3.0075 3.32597e-06
3.01305 3.30418e-06
3.01862 3.2635e-06
3.02419 3.24075e-06
3.02977 3.20092e-06
3.03537 3.17716e-06
3.04097 3.1381e-06
3.04659 3.11342e-06
3.05222 3.07561e-06
3.05785 3.04974e-06
3.0635 3.01316e-06
3.06916 2.98672e-06
3.07482 2.95212e-06
3.0805 2.92597e-06
3.08619 2.89482e-06
3.09189 2.86836e-06
3.0976 2.83999e-06
3.10332 2.8116e-06
3.10905 2.78529e-06
3.11479 2.75418e-06
3.12054 2.73015e-06
3.1263 2.69512e-06
3.13208 2.67501e-06
3.13786 2.63429e-06
3.14365 2.61988e-06
3.14946 2.57962e-06
3.15528 2.5652e-06
3.1611 2.52552e-06
3.16694 2.51177e-06
3.17279 2.47533e-06
3.17865 2.46174e-06
3.18452 2.42782e-06
3.1904 2.41373e-06
3.19629 2.38014e-06
3.20219 2.36564e-06
3.2081 2.33224e-06
3.21403 2.31723e-06
3.21996 2.28424e-06
3.22591 2.26905e-06
3.23187 2.23628e-06
3.23783 2.22069e-06
3.24381 2.18865e-06
3.2498 2.1727e-06
3.2558 2.14162e-06
3.26182 2.12625e-06
3.26784 2.09793e-06
3.27387 2.08274e-06
3.27992 2.05653e-06
3.28598 2.04056e-06
3.29204 2.01496e-06
3.29812 1.99829e-06
3.30421 1.97332e-06
3.31031 1.9559e-06
3.31643 1.93148e-06
3.32255 1.91311e-06
3.32869 1.88979e-06
3.33483 1.87057e-06
3.34099 1.84839e-06
3.34716 1.82801e-06
3.35334 1.80769e-06
3.35953 1.78698e-06
3.36574 1.76959e-06
3.37195 1.7482e-06
3.37818 1.73353e-06
3.38442 1.70796e-06
3.39067 1.69755e-06
3.39693 1.6707e-06
3.4032 1.66127e-06
3.40949 1.63449e-06
3.41578 1.6248e-06
3.42209 1.59845e-06
3.42841 1.58856e-06
3.43474 1.56251e-06
3.44108 1.55264e-06
3.44744 1.52701e-06
3.4538 1.5175e-06
3.46018 1.49388e-06
3.46657 1.48456e-06
3.47297 1.46313e-06
3.47939 1.45343e-06
3.48581 1.43206e-06
3.49225 1.42217e-06
3.4987 1.401e-06
3.50516 1.39073e-06
3.51163 1.3699e-06
3.51811 1.35923e-06
3.52461 1.33872e-06
3.53112 1.32776e-06
3.53764 1.30776e-06
3.54417 1.29661e-06
3.55072 1.27724e-06
3.55727 1.2663e-06
3.56384 1.24879e-06
3.57042 1.23806e-06
3.57702 1.22222e-06
3.58362 1.2109e-06
3.59024 1.19565e-06
3.59687 1.18359e-06
3.60351 1.16889e-06
3.61017 1.15612e-06
3.61683 1.14215e-06
3.62351 1.12839e-06
3.6302 1.1154e-06
3.63691 1.10044e-06
3.64362 1.08881e-06
3.65035 1.07215e-06
3.65709 1.06275e-06
3.66384 1.04413e-06
3.67061 1.03836e-06
3.67739 1.0216e-06
3.68418 1.01563e-06
3.69098 9.9889e-07
3.6978 9.9278e-07
3.70463 9.76094e-07
3.71147 9.6989e-07
3.71832 9.53311e-07
3.72519 9.46905e-07
3.73207 9.30488e-07
3.73896 9.23908e-07
3.74586 9.07793e-07
3.75278 9.01186e-07
3.75971 8.85386e-07
3.76665 8.78952e-07
3.77361 8.6437e-07
3.78058 8.58178e-07
3.78756 8.45179e-07
3.79455 8.38726e-07
3.80156 8.25889e-07
3.80858 8.19174e-07
3.81561 8.0652e-07
3.82266 7.99564e-07
3.82972 7.87107e-07
3.83679 7.79845e-07
3.84387 7.67686e-07
3.85097 7.60263e-07
3.85808 7.48414e-07
3.86521 7.40637e-07
3.87234 7.29412e-07
3.87949 7.21706e-07
3.88666 7.11649e-07
3.89384 7.04188e-07
3.90103 6.95306e-07
3.90823 6.87308e-07
3.91545 6.78932e-07
3.92268 6.70164e-07
3.92992 6.62521e-07
3.93718 6.52818e-07
3.94445 6.46019e-07
3.95173 6.34504e-07
3.95903 6.29588e-07
3.96634 6.17182e-07
3.97366 6.13249e-07
3.981 6.01023e-07
3.98835 5.97229e-07
3.99572 5.85849e-07
4.0031 5.82249e-07
4.01049 5.72185e-07
4.01789 5.68446e-07
4.02531 5.58482e-07
4.03275 5.54616e-07
4.04019 5.44712e-07
4.04765 5.40731e-07
4.05513 5.30927e-07
4.06262 5.26797e-07
4.07012 5.17117e-07
4.07763 5.12881e-07
4.08516 5.03355e-07
4.09271 4.99117e-07
4.10027 4.89821e-07
4.10784 4.85662e-07
4.11542 4.7708e-07
4.12302 4.73114e-07
4.13064 4.6564e-07
4.13826 4.6153e-07
4.14591 4.54201e-07
4.15356 4.49832e-07
4.16123 4.42667e-07
4.16892 4.38073e-07
4.17661 4.31111e-07
4.18433 4.263e-07
4.19205 4.19559e-07
4.19979 4.14488e-07
4.20755 4.08055e-07
4.21532 4.02686e-07
4.2231 3.96794e-07
4.2309 3.91319e-07
4.23871 3.86157e-07
4.24654 3.80853e-07
4.25438 3.76605e-07
4.26224 3.70588e-07
4.27011 3.67022e-07
4.278 3.59709e-07
4.2859 3.57384e-07
4.29381 3.50113e-07
4.30174 3.47721e-07
4.30968 3.40514e-07
4.31764 3.3809e-07
4.32561 3.30948e-07
4.3336 3.28506e-07
4.3416 3.21469e-07
4.34962 3.19119e-07
4.35765 3.12528e-07
4.3657 3.10351e-07
4.37376 3.04708e-07
4.38184 3.02443e-07
4.38993 2.96831e-07
4.39804 2.94454e-07
4.40616 2.88931e-07
4.41429 2.86462e-07
4.42245 2.80967e-07
4.43061 2.78437e-07
4.43879 2.73042e-07
4.44699 2.70417e-07
4.4552 2.6513e-07
4.46343 2.62438e-07
4.47167 2.5734e-07
4.47993 2.54698e-07
4.4882 2.49976e-07
4.49649 2.47522e-07
4.50479 2.43515e-07
4.51311 2.40931e-07
4.52144 2.37044e-07
4.52979 2.34256e-07
4.53816 2.30518e-07
4.54654 2.27555e-07
4.55493 2.23966e-07
4.56335 2.20797e-07
4.57177 2.17452e-07
4.58021 2.13992e-07
4.58867 2.10941e-07
4.59715 2.0715e-07
4.60564 2.04552e-07
4.61414 2.00268e-07
4.62266 1.98529e-07
4.6312 1.94503e-07
4.63975 1.93243e-07
4.64832 1.89219e-07
4.6569 1.87936e-07
4.6655 1.83924e-07
4.67411 1.82593e-07
4.68275 1.78607e-07
4.69139 1.7724e-07
4.70006 1.7328e-07
4.70874 1.71868e-07
4.71743 1.67977e-07
4.72614 1.66558e-07
4.73487 1.6274e-07
4.74361 1.61333e-07
4.75237 1.57747e-07
4.76115 1.56497e-07
4.76994 1.53489e-07
4.77875 1.52174e-07
4.78757 1.49206e-07
4.79641 1.4783e-07
4.80527 1.44906e-07
4.81414 1.43472e-07
4.82303 1.40577e-07
4.83194 1.39072e-07
4.84086 1.36266e-07
4.8498 1.34696e-07
4.85876 1.31953e-07
4.86773 1.3033e-07
4.87672 1.27717e-07
4.88572 1.26053e-07
4.89475 1.23676e-07
4.90378 1.22198e-07
4.91284 1.2024e-07
4.92191 1.18629e-07
4.931 1.16781e-07
4.94011 1.1504e-07
4.94923 1.133e-07
4.95837 1.1138e-07
4.96752 1.09814e-07
4.9767 1.07627e-07
4.98589 1.06323e-07
4.99509 1.03604e-07
5.00432 1.02847e-07
5.01356 1.00167e-07
5.02282 9.94282e-08
5.03209 9.68707e-08
5.04138 9.62136e-08
5.05069 9.41369e-08
5.06002 9.34455e-08
5.06936 9.13846e-08
5.07873 9.06671e-08
5.0881 8.8614e-08
5.0975 8.78837e-08
5.10691 8.584e-08
5.11634 8.50781e-08
5.12579 8.3061e-08
5.13526 8.22778e-08
5.14474 8.02938e-08
5.15424 7.94878e-08
5.16376 7.75456e-08
5.17329 7.67523e-08
5.18285 7.49214e-08
5.19242 7.42221e-08
5.202 7.27495e-08
5.21161 7.20139e-08
5.22123 7.05582e-08
5.23088 6.97795e-08
5.24054 6.8358e-08
5.25021 6.75424e-08
5.25991 6.61412e-08
5.26962 6.52764e-08
5.27935 6.39363e-08
5.2891 6.30211e-08
5.29887 6.17292e-08
5.30865 6.0765e-08
5.31846 5.95602e-08
5.32828 5.85456e-08
5.33812 5.74808e-08
5.34797 5.65821e-08
5.35785 5.57586e-08
5.36774 5.4752e-08
5.37765 5.40273e-08
5.38758 5.28482e-08
5.39753 5.22834e-08
5.4075 5.09234e-08
5.41749 5.05328e-08
5.42749 4.91821e-08
5.43751 4.87849e-08
5.44755 4.74407e-08
5.45761 4.70421e-08
5.46769 4.57197e-08
5.47779 4.53257e-08
5.4879 4.40485e-08
5.49804 4.37131e-08
5.50819 4.27147e-08
5.51836 4.23612e-08
5.52855 4.13729e-08
5.53876 4.10048e-08
5.54899 4.0023e-08
5.55923 3.96393e-08
5.5695 3.86686e-08
5.57979 3.82664e-08
5.59009 3.73097e-08
5.60041 3.68939e-08
5.61075 3.59557e-08
5.62111 3.55282e-08
5.63149 3.46156e-08
5.64189 3.41841e-08
5.65231 3.3321e-08
5.66275 3.29511e-08
5.67321 3.22811e-08
5.68368 3.18866e-08
5.69418 3.12359e-08
5.70469 3.08166e-08
5.71523 3.01853e-08
5.72578 2.97344e-08
5.73635 2.91296e-08
5.74695 2.86472e-08
5.75756 2.80716e-08
5.76819 2.75443e-08
5.77884 2.70197e-08
5.78951 2.64458e-08
5.8002 2.59793e-08
5.81092 2.53376e-08
5.82165 2.49855e-08
5.8324 2.43433e-08
5.84317 2.41743e-08
5.85396 2.35404e-08
5.86477 2.33655e-08
5.8756 2.27337e-08
5.88645 2.25501e-08
5.89732 2.19219e-08
5.90821 2.17329e-08
5.91912 2.11095e-08
5.93005 2.09145e-08
5.941 2.02966e-08
5.95197 2.00976e-08
5.96296 1.94912e-08
5.97397 1.92961e-08
5.985 1.871e-08
5.99605 1.85431e-08
6.00713 1.8092e-08
6.01822 1.79175e-08
6.02933 1.74799e-08
6.04047 1.73002e-08
6.05162 1.68633e-08
6.06279 1.66722e-08
6.07399 1.62447e-08
6.08521 1.60438e-08
6.09644 1.56254e-08
6.1077 1.54153e-08
6.11898 1.50051e-08
6.13028 1.47859e-08
6.1416 1.43938e-08
6.15294 1.4168e-08
6.1643 1.38031e-08
6.17569 1.36097e-08
6.18709 1.33288e-08
6.19851 1.31263e-08
6.20996 1.28659e-08
6.22143 1.26454e-08
6.23292 1.23974e-08
6.24443 1.21549e-08
6.25596 1.19279e-08
6.26751 1.1655e-08
6.27908 1.14567e-08
6.29068 1.11403e-08
6.30229 1.09887e-08
6.31393 1.06137e-08
6.32559 1.05253e-08
6.33727 1.01603e-08
6.34897 1.00849e-08
6.3607 9.8027e-09
6.37244 9.72689e-09
6.38421 9.45685e-09
6.396 9.37582e-09
6.40781 9.10837e-09
6.41964 9.02468e-09
6.4315 8.7584e-09
6.44338 8.67126e-09
6.45527 8.40587e-09
6.46719 8.31551e-09
6.47914 8.0548e-09
6.4911 7.96175e-09
6.50309 7.70704e-09
6.5151 7.61524e-09
6.52713 7.37013e-09
6.53918 7.29173e-09
6.55126 7.10194e-09
6.56335 7.02313e-09
6.57547 6.84491e-09
6.58761 6.76001e-09
6.59978 6.58491e-09
6.61197 6.49598e-09
6.62418 6.32436e-09
6.63641 6.22956e-09
6.64866 6.06291e-09
6.66094 5.96074e-09
6.67324 5.80211e-09
6.68556 5.69452e-09
6.69791 5.54357e-09
6.71028 5.4302e-09
6.72267 5.29583e-09
6.73508 5.1974e-09
6.74752 5.09624e-09
6.75998 4.99355e-09
6.77246 4.90559e-09
6.78497 4.78783e-09
6.7975 4.71314e-09
6.81005 4.55754e-09
6.82263 4.51993e-09
6.83522 4.36491e-09
6.84785 4.32652e-09
6.86049 4.17256e-09
6.87316 4.133e-09
6.88585 3.98154e-09
6.89857 3.94232e-09
6.91131 3.79509e-09
6.92407 3.76235e-09
6.93686 3.64812e-09
6.94967 3.61563e-09
6.9625 3.50979e-09
6.97536 3.47547e-09
6.98824 3.37045e-09
7.00114 3.33424e-09
7.01407 3.23042e-09
7.02702 3.19294e-09
7.04 3.09001e-09
7.053 3.05069e-09
7.06602 2.94951e-09
7.07907 2.9088e-09
7.09214 2.80991e-09
7.10524 2.76891e-09
7.11836 2.67526e-09
7.1315 2.64014e-09
7.14467 2.56794e-09
7.15787 2.53318e-09
7.17108 2.46838e-09
7.18433 2.43071e-09
7.19759 2.36753e-09
7.21088 2.32771e-09
7.2242 2.26666e-09
7.23754 2.22318e-09
7.2509 2.165e-09
7.26429 2.11768e-09
7.27771 2.06332e-09
7.29115 2.01233e-09
7.30461 1.96329e-09
7.3181 1.90638e-09
7.33161 1.86712e-09
7.34515 1.81433e-09
7.35872 1.78975e-09
7.3723 1.73166e-09
7.38592 1.71796e-09
7.39956 1.65989e-09
7.41322 1.64565e-09
7.42691 1.58771e-09
7.44062 1.5729e-09
7.45436 1.51525e-09
7.46813 1.49995e-09
7.48192 1.44273e-09
7.49574 1.42685e-09
7.50958 1.37076e-09
7.52345 1.35495e-09
7.53734 1.30056e-09
7.55126 1.28712e-09
7.5652 1.24486e-09
7.57917 1.23219e-09
7.59317 1.19445e-09
7.60719 1.18099e-09
7.62124 1.14368e-09
7.63531 1.12932e-09
7.64941 1.09245e-09
7.66353 1.07739e-09
7.67769 1.04118e-09
7.69186 1.02527e-09
7.70607 9.89795e-10
7.7203 9.7292e-10
7.73455 9.38761e-10
7.74884 9.21385e-10
7.76315 8.89492e-10
7.77748 8.74677e-10
7.79184 8.5005e-10
7.80623 8.35666e-10
7.82065 8.14638e-10
7.83509 7.99004e-10
7.84956 7.79009e-10
7.86405 7.61702e-10
7.87857 7.43101e-10
7.89312 7.23874e-10
7.9077 7.07003e-10
7.9223 6.84963e-10
7.93693 6.70894e-10
7.95158 6.43241e-10
7.96627 6.35323e-10
7.98098 6.06203e-10
7.99572 6.01216e-10
8.01048 5.78385e-10
8.02527 5.7371e-10
8.04009 5.5398e-10
8.05494 5.49016e-10
8.06981 5.29385e-10
8.08472 5.24182e-10
8.09965 5.04642e-10
8.1146 4.99186e-10
8.12959 4.79741e-10
8.1446 4.7398e-10
8.15964 4.54849e-10
8.17471 4.48946e-10
8.1898 4.30013e-10
8.20492 4.24086e-10
8.22008 4.05902e-10
8.23526 4.00851e-10
8.25046 3.86648e-10
8.2657 3.81966e-10
8.28096 3.69905e-10
8.29625 3.64928e-10
8.31157 3.53054e-10
8.32692 3.47751e-10
8.3423 3.36092e-10
8.3577 3.30393e-10
8.37314 3.19018e-10
8.3886 3.12911e-10
8.40409 3.01895e-10
8.41961 2.95454e-10
8.43516 2.84969e-10
8.45073 2.78124e-10
8.46634 2.68565e-10
8.48197 2.6252e-10
8.49763 2.55401e-10
8.51333 2.49647e-10
8.52905 2.44006e-10
8.5448 2.37481e-10
8.56057 2.32516e-10
8.57638 2.24831e-10
8.59222 2.20957e-10
8.60809 2.11339e-10
8.62398 2.0932e-10
8.63991 1.99771e-10
8.65586 1.97689e-10
8.67185 1.88235e-10
8.68786 1.86165e-10
8.7039 1.76925e-10
8.71997 1.75209e-10
8.73608 1.67889e-10
8.75221 1.66348e-10
8.76837 1.60343e-10
8.78456 1.5869e-10
8.80078 1.52739e-10
8.81704 1.50997e-10
8.83332 1.45071e-10
8.84963 1.4322e-10
8.86597 1.37345e-10
8.88234 1.35395e-10
8.89874 1.29613e-10
8.91518 1.27567e-10
8.93164 1.21918e-10
8.94813 1.19822e-10
8.96466 1.14413e-10
8.98121 1.12629e-10
8.9978 1.08369e-10
9.01441 1.06803e-10
9.03106 1.03361e-10
9.04773 1.01669e-10
9.06444 9.83204e-11
9.08118 9.64842e-11
9.09795 9.32324e-11
9.11475 9.12165e-11
9.13158 8.81259e-11
9.14844 8.59238e-11
9.16534 8.29906e-11
9.18226 8.05823e-11
9.19922 7.78965e-11
9.2162 7.52241e-11
9.23322 7.29925e-11
9.25027 7.05086e-11
9.26736 6.90069e-11
9.28447 6.65524e-11
9.30161 6.57306e-11
9.31879 6.29779e-11
9.336 6.24226e-11
9.35324 5.96727e-11
9.37051 5.90871e-11
9.38781 5.63487e-11
9.40515 5.57349e-11
9.42252 5.3004e-11
9.43992 5.23629e-11
9.45735 4.96766e-11
9.47481 4.90305e-11
9.49231 4.64127e-11
9.50984 4.5864e-11
9.5274 4.37598e-11
9.54499 4.32913e-11
9.56262 4.16615e-11
9.58027 4.11585e-11
9.59797 3.95415e-11
9.61569 3.90136e-11
9.63345 3.74071e-11
9.65123 3.68422e-11
9.66906 3.52593e-11
9.68691 3.46466e-11
9.7048 3.3099e-11
9.72272 3.24597e-11
9.74067 3.09544e-11
9.75866 3.02794e-11
9.77668 2.88584e-11
9.79474 2.82664e-11
9.81282 2.71521e-11
9.83094 2.66547e-11
9.8491 2.58141e-11
9.86728 2.52671e-11
9.88551 2.44666e-11
9.90376 2.3863e-11
9.92205 2.31058e-11
9.94037 2.24251e-11
9.95873 2.1734e-11
9.97712 2.09607e-11
9.99554 2.03585e-11
10.014 1.94567e-11
10.0325 1.89916e-11
10.051 1.78399e-11
10.0696 1.76764e-11
10.0882 1.67324e-11
10.1068 1.65959e-11
10.1255 1.59016e-11
10.1442 1.57565e-11
10.1629 1.50623e-11
10.1817 1.49083e-11
10.2005 1.42144e-11
10.2193 1.40525e-11
10.2382 1.33618e-11
10.2571 1.31919e-11
10.276 1.25061e-11
10.295 1.23267e-11
10.314 1.16509e-11
10.333 1.14694e-11
10.3521 1.08124e-11
10.3712 1.06531e-11
10.3904 1.01174e-11
10.4096 9.99084e-12
10.4288 9.6023e-12
10.4481 9.46509e-12
10.4674 9.08186e-12
10.4867 8.93488e-12
10.5061 8.55604e-12
10.5255 8.39629e-12
10.5449 8.02675e-12
10.5644 7.85314e-12
10.5839 7.49442e-12
10.6034 7.30844e-12
10.623 6.96522e-12
10.6426 6.76412e-12
10.6623 6.44751e-12
10.682 6.26459e-12
10.7017 6.01886e-12
10.7214 5.87226e-12
10.7412 5.70408e-12
10.7611 5.53704e-12
10.7809 5.38529e-12
10.8008 5.19183e-12
10.8208 5.06407e-12
10.8408 4.82597e-12
10.8608 4.73995e-12
10.8809 4.46367e-12
10.9009 4.41472e-12
10.9211 4.14016e-12
10.9412 4.09098e-12
10.9614 3.8212e-12
10.9817 3.77825e-12
11.002 3.55311e-12
11.0223 3.5207e-12
11.0426 3.36549e-12
11.063 3.32995e-12
11.0835 3.1757e-12
11.1039 3.13818e-12
11.1244 2.98422e-12
11.145 2.94458e-12
11.1655 2.79147e-12
11.1862 2.74885e-12
11.2068 2.59756e-12
11.2275 2.55213e-12
11.2483 2.40327e-12
11.269 2.35644e-12
11.2898 2.21281e-12
11.3107 2.17089e-12
11.3316 2.05175e-12
11.3525 2.02033e-12
11.3735 1.94091e-12
11.3945 1.90681e-12
11.4155 1.82884e-12
11.4366 1.7914e-12
11.4577 1.71555e-12
11.4789 1.67472e-12
11.5001 1.60121e-12
11.5213 1.55631e-12
11.5426 1.48661e-12
11.5639 1.43632e-12
11.5852 1.37195e-12
11.6066 1.31689e-12
11.6281 1.25994e-12
11.6495 1.20613e-12
11.671 1.16594e-12
11.6926 1.12338e-12
11.7142 1.10105e-12
11.7358 1.04451e-12
11.7575 1.03549e-12
11.7792 9.78967e-13
11.801 9.69285e-13
11.8227 9.12918e-13
11.8446 9.02655e-13
11.8664 8.46398e-13
11.8884 8.35629e-13
11.9103 7.79798e-13
11.9323 7.68493e-13
11.9543 7.13906e-13
11.9764 7.03899e-13
11.9985 6.57106e-13
12.0207 6.5007e-13
12.0429 6.20335e-13
12.0651 6.12826e-13
12.0874 5.83213e-13
12.1097 5.75012e-13
12.1321 5.45613e-13
12.1545 5.36816e-13
12.1769 5.07806e-13
12.1994 4.98322e-13
12.2219 4.69738e-13
12.2445 4.59597e-13
12.2671 4.31563e-13
12.2898 4.20753e-13
12.3125 3.94024e-13
12.3352 3.84041e-13
12.358 3.61569e-13
12.3808 3.54705e-13
12.4037 3.40856e-13
12.4266 3.33136e-13
12.4495 3.19857e-13
12.4725 3.11277e-13
12.4955 2.98724e-13
12.5186 2.88993e-13
12.5417 2.77328e-13
12.5649 2.66267e-13
12.5881 2.55808e-13
12.6113 2.42955e-13
12.6346 2.34292e-13
12.658 2.18692e-13
12.6813 2.1322e-13
12.7048 1.96699e-13
12.7282 1.95196e-13
12.7517 1.85308e-13
12.7753 1.83686e-13
12.7989 1.73786e-13
12.8225 1.72044e-13
12.8462 1.62158e-13
12.8699 1.60279e-13
12.8937 1.5042e-13
12.9175 1.48429e-13
12.9413 1.38606e-13
12.9652 1.36449e-13
12.9892 1.26725e-13
13.0131 1.24517e-13
13.0372 1.14975e-13
13.0612 1.12909e-13
13.0854 1.04557e-13
13.1095 1.03224e-13
13.1337 9.83469e-14
13.158 9.69023e-14
13.1823 9.20782e-14
13.2066 9.05035e-14
13.231 8.57476e-14
13.2555 8.40312e-14
13.2799 7.93435e-14
13.3045 7.74623e-14
13.329 7.29062e-14
13.3536 7.08428e-14
13.3783 6.64403e-14
13.403 6.4223e-14
13.4277 6.00665e-14
13.4525 5.7864e-14
13.4774 5.44177e-14
13.5023 5.30237e-14
13.5272 5.11009e-14
13.5522 4.95228e-14
13.5772 4.77566e-14
13.6023 4.59121e-14
13.6274 4.43701e-14
13.6526 4.21477e-14
13.6778 4.09506e-14
13.703 3.79283e-14
13.7283 3.75062e-14
13.7537 3.44936e-14
13.7791 3.40566e-14
13.8045 3.10755e-14
13.83 3.06653e-14
13.8556 2.79565e-14
13.8811 2.77139e-14
13.9068 2.62362e-14
13.9325 2.59738e-14
13.9582 2.44959e-14
13.984 2.42059e-14
14.0098 2.2739e-14
14.0357 2.24267e-14
14.0616 2.09613e-14
14.0875 2.06237e-14
14.1136 1.9173e-14
14.1396 1.88063e-14
14.1657 1.73753e-14
14.1919 1.69958e-14
14.2181 1.55866e-14
14.2443 1.52192e-14
14.2706 1.39518e-14
14.297 1.37329e-14
14.3234 1.3068e-14
14.3499 1.2828e-14
14.3763 1.21721e-14
14.4029 1.19063e-14
14.4295 1.1269e-14
14.4561 1.09736e-14
14.4828 1.03547e-14
14.5096 1.00305e-14
14.5364 9.43268e-15
14.5632 9.07189e-15
14.5901 8.5096e-15
14.617 8.1029e-15
14.644 7.59169e-15
14.6711 7.15914e-15
14.6982 6.75922e-15
14.7253 6.49701e-15
14.7525 6.31384e-15
14.7797 5.98947e-15
14.807 5.86225e-15
14.8344 5.45836e-15
14.8618 5.40593e-15
14.8892 5.00197e-15
14.9167 4.94491e-15
14.9443 4.54123e-15
14.9719 4.48011e-15
14.9995 4.07802e-15
15.0272 4.01174e-15
15.055 3.61538e-15
15.0828 3.55117e-15
15.1106 3.17753e-15
15.1385 3.14379e-15
15.1665 2.95966e-15
15.1945 2.92219e-15
15.2225 2.73913e-15
15.2506 2.69902e-15
15.2788 2.51648e-15
15.307 2.47258e-15
15.3353 2.29169e-15
15.3636 2.2434e-15
15.392 2.06441e-15
15.4204 2.01226e-15
15.4489 1.83634e-15
15.4774 1.779e-15
15.506 1.60873e-15
15.5346 1.55137e-15
15.5633 1.39625e-15
15.592 1.37266e-15
15.6208 1.31505e-15
15.6497 1.28867e-15
15.6786 1.23288e-15
15.7075 1.20269e-15
15.7365 1.14907e-15
15.7656 1.11466e-15
15.7947 1.06341e-15
15.8239 1.02208e-15
15.8531 9.7378e-16
15.8824 9.22813e-16
15.9117 8.73187e-16
15.9411 7.9722e-16
15.9705 7.01054e-16
16 0
