# 1:pT 2:PhotonSpectrum=dN/d^2xT d^2pT dy
0.01 1.53006
0.0100185 1.52842
0.010037 1.52437
0.0100555 1.52264
0.0100741 1.51855
0.0100927 1.51672
0.0101113 1.51265
0.01013 1.51071
0.0101487 1.50661
0.0101674 1.50455
0.0101862 1.50038
0.010205 1.4982
0.0102239 1.49398
0.0102427 1.49167
0.0102617 1.48735
0.0102806 1.48481
0.0102996 1.48033
0.0103186 1.47738
0.0103377 1.47198
0.0103567 1.46894
0.0103759 1.46357
0.010395 1.46043
0.0104142 1.4551
0.0104335 1.4518
0.0104527 1.44657
0.010472 1.44319
0.0104914 1.43804
0.0105107 1.43455
0.0105301 1.42955
0.0105496 1.42588
0.0105691 1.42099
0.0105886 1.41725
0.0106081 1.4126
0.0106277 1.40887
0.0106474 1.4046
0.010667 1.40065
0.0106867 1.39657
0.0107065 1.39243
0.0107262 1.38855
0.010746 1.38404
0.0107659 1.38045
0.0107858 1.37549
0.0108057 1.37235
0.0108256 1.3666
0.0108456 1.36421
0.0108656 1.35854
0.0108857 1.35612
0.0109058 1.35045
0.0109259 1.3481
0.0109461 1.34284
0.0109663 1.34039
0.0109866 1.33521
0.0110069 1.33268
0.0110272 1.32752
0.0110476 1.32494
0.011068 1.31981
0.0110884 1.31718
0.0111089 1.31206
0.0111294 1.30936
0.0111499 1.30428
0.0111705 1.30153
0.0111912 1.29654
0.0112118 1.29372
0.0112325 1.28888
0.0112533 1.2861
0.0112741 1.28157
0.0112949 1.27869
0.0113157 1.27424
0.0113366 1.27126
0.0113576 1.26691
0.0113785 1.26382
0.0113995 1.25956
0.0114206 1.25634
0.0114417 1.25212
0.0114628 1.24877
0.011484 1.24476
0.0115052 1.24125
0.0115264 1.23736
0.0115477 1.23368
0.011569 1.23007
0.0115904 1.22633
0.0116118 1.22306
0.0116332 1.21902
0.0116547 1.21605
0.0116762 1.21133
0.0116978 1.20904
0.0117194 1.20405
0.0117411 1.20195
0.0117627 1.19699
0.0117845 1.19486
0.0118062 1.18991
0.011828 1.18772
0.0118499 1.18287
0.0118717 1.18063
0.0118937 1.17582
0.0119156 1.17362
0.0119376 1.16913
0.0119597 1.16688
0.0119818 1.1625
0.0120039 1.16017
0.0120261 1.15577
0.0120483 1.1534
0.0120705 1.14904
0.0120928 1.1466
0.0121151 1.14229
0.0121375 1.13978
0.0121599 1.13552
0.0121824 1.13291
0.0122049 1.12875
0.0122274 1.12612
0.01225 1.12209
0.0122726 1.11943
0.0122953 1.11567
0.012318 1.11292
0.0123407 1.10928
0.0123635 1.10643
0.0123863 1.10286
0.0124092 1.09989
0.0124321 1.09641
0.0124551 1.09326
0.0124781 1.08998
0.0125011 1.08665
0.0125242 1.0835
0.0125473 1.07991
0.0125705 1.07703
0.0125937 1.07311
0.012617 1.07067
0.0126403 1.06631
0.0126636 1.06451
0.012687 1.06025
0.0127104 1.0584
0.0127339 1.05415
0.0127574 1.05223
0.012781 1.04801
0.0128046 1.04606
0.0128282 1.04185
0.0128519 1.03986
0.0128756 1.03568
0.0128994 1.03362
0.0129232 1.02951
0.0129471 1.02745
0.012971 1.0234
0.012995 1.02133
0.0130189 1.01752
0.013043 1.01541
0.0130671 1.01171
0.0130912 1.00956
0.0131154 1.00588
0.0131396 1.00363
0.0131639 1.00003
0.0131882 0.9977
0.0132125 0.994115
0.0132369 0.991779
0.0132614 0.988231
0.0132859 0.985804
0.0133104 0.982372
0.013335 0.979855
0.0133596 0.976525
0.0133843 0.973999
0.013409 0.970935
0.0134337 0.968332
0.0134585 0.965372
0.0134834 0.962613
0.0135083 0.959797
0.0135332 0.956839
0.0135582 0.954204
0.0135833 0.950967
0.0136083 0.948567
0.0136335 0.944874
0.0136587 0.942935
0.0136839 0.938948
0.0137091 0.937303
0.0137345 0.933343
0.0137598 0.93172
0.0137852 0.927973
0.0138107 0.926329
0.0138362 0.922687
0.0138617 0.920972
0.0138873 0.917329
0.013913 0.915571
0.0139387 0.911974
0.0139644 0.910179
0.0139902 0.906612
0.014016 0.904745
0.0140419 0.901216
0.0140678 0.899348
0.0140938 0.895812
0.0141198 0.893917
0.0141459 0.890473
0.014172 0.888581
0.0141982 0.885343
0.0142244 0.883395
0.0142507 0.880254
0.014277 0.878262
0.0143034 0.875194
0.0143298 0.8731
0.0143563 0.870076
0.0143828 0.867891
0.0144093 0.864959
0.0144359 0.862661
0.0144626 0.859788
0.0144893 0.857427
0.0145161 0.854669
0.0145429 0.852194
0.0145697 0.849581
0.0145966 0.847064
0.0146236 0.844681
0.0146506 0.842029
0.0146776 0.839853
0.0147047 0.836947
0.0147319 0.834994
0.0147591 0.83155
0.0147863 0.830129
0.0148136 0.826689
0.014841 0.82522
0.0148684 0.821802
0.0148959 0.820295
0.0149234 0.816928
0.0149509 0.815385
0.0149785 0.81206
0.0150062 0.810532
0.0150339 0.807355
0.0150617 0.805835
0.0150895 0.802754
0.0151173 0.801187
0.0151453 0.798126
0.0151732 0.796505
0.0152012 0.793476
0.0152293 0.791793
0.0152574 0.788777
0.0152856 0.787074
0.0153138 0.78411
0.0153421 0.782354
0.0153705 0.779455
0.0153988 0.777642
0.0154273 0.774796
0.0154558 0.772997
0.0154843 0.770305
0.0155129 0.768478
0.0155415 0.765906
0.0155702 0.764
0.015599 0.761486
0.0156278 0.759495
0.0156567 0.757037
0.0156856 0.754943
0.0157145 0.752579
0.0157435 0.750373
0.0157726 0.748123
0.0158017 0.745744
0.0158309 0.743655
0.0158602 0.741106
0.0158894 0.739231
0.0159188 0.736443
0.0159482 0.734941
0.0159776 0.731969
0.0160071 0.730706
0.0160367 0.727738
0.0160663 0.726461
0.016096 0.723498
0.0161257 0.722192
0.0161555 0.719266
0.0161853 0.717899
0.0162152 0.71499
0.0162451 0.713598
0.0162751 0.710708
0.0163052 0.709301
0.0163353 0.706458
0.0163655 0.705046
0.0163957 0.702345
0.016426 0.700938
0.0164563 0.698318
0.0164867 0.696856
0.0165171 0.694261
0.0165476 0.692759
0.0165782 0.690204
0.0166088 0.688656
0.0166395 0.686113
0.0166702 0.684521
0.016701 0.682047
0.0167318 0.680377
0.0167627 0.677964
0.0167937 0.676233
0.0168247 0.67391
0.0168558 0.67218
0.0168869 0.669966
0.0169181 0.668221
0.0169493 0.666138
0.0169806 0.664275
0.017012 0.662283
0.0170434 0.660313
0.0170748 0.658411
0.0171064 0.656294
0.017138 0.654534
0.0171696 0.652196
0.0172013 0.650632
0.0172331 0.64785
0.0172649 0.646739
0.0172968 0.643986
0.0173287 0.642872
0.0173607 0.640231
0.0173928 0.639104
0.0174249 0.636582
0.0174571 0.635425
0.0174893 0.632911
0.0175216 0.631704
0.017554 0.629217
0.0175864 0.627991
0.0176189 0.625511
0.0176514 0.624265
0.017684 0.621796
0.0177166 0.620509
0.0177494 0.618083
0.0177821 0.616764
0.017815 0.614371
0.0178479 0.613064
0.0178808 0.61078
0.0179138 0.609475
0.0179469 0.607292
0.0179801 0.605919
0.0180133 0.603757
0.0180465 0.602357
0.0180799 0.60023
0.0181132 0.598763
0.0181467 0.596681
0.0181802 0.595147
0.0182138 0.593111
0.0182474 0.591521
0.0182811 0.589548
0.0183149 0.587906
0.0183487 0.586036
0.0183826 0.584319
0.0184165 0.582598
0.0184505 0.580836
0.0184846 0.579257
0.0185187 0.577352
0.0185529 0.575889
0.0185872 0.573762
0.0186215 0.572519
0.0186559 0.570127
0.0186903 0.569124
0.0187248 0.566757
0.0187594 0.565728
0.0187941 0.563357
0.0188288 0.562327
0.0188635 0.560002
0.0188984 0.558948
0.0189333 0.556708
0.0189682 0.555668
0.0190033 0.553521
0.0190384 0.55245
0.0190735 0.550323
0.0191087 0.54922
0.019144 0.547106
0.0191794 0.545985
0.0192148 0.543874
0.0192503 0.542714
0.0192858 0.540639
0.0193214 0.539457
0.0193571 0.537404
0.0193929 0.536182
0.0194287 0.534187
0.0194645 0.532945
0.0195005 0.53103
0.0195365 0.529784
0.0195726 0.527977
0.0196087 0.526664
0.0196449 0.524904
0.0196812 0.523549
0.0197175 0.521809
0.019754 0.520386
0.0197904 0.51871
0.019827 0.517218
0.0198636 0.515595
0.0199003 0.514029
0.019937 0.512499
0.0199738 0.510814
0.0200107 0.509418
0.0200477 0.507631
0.0200847 0.506403
0.0201218 0.504333
0.0201589 0.503493
0.0201962 0.501424
0.0202335 0.50056
0.0202708 0.498503
0.0203082 0.497599
0.0203457 0.495568
0.0203833 0.494647
0.020421 0.492627
0.0204587 0.49169
0.0204964 0.489677
0.0205343 0.48871
0.0205722 0.486737
0.0206102 0.485779
0.0206483 0.483866
0.0206864 0.482901
0.0207246 0.4811
0.0207629 0.480112
0.0208012 0.478309
0.0208396 0.477306
0.0208781 0.475512
0.0209166 0.474481
0.0209553 0.47271
0.020994 0.471613
0.0210327 0.469889
0.0210716 0.468774
0.0211105 0.467071
0.0211495 0.465917
0.0211885 0.464271
0.0212277 0.463081
0.0212669 0.461519
0.0213061 0.460338
0.0213455 0.458875
0.0213849 0.457633
0.0214244 0.456208
0.0214639 0.454892
0.0215036 0.453524
0.0215433 0.452125
0.0215831 0.450838
0.0216229 0.449336
0.0216628 0.448146
0.0217028 0.446452
0.0217429 0.445451
0.0217831 0.443536
0.0218233 0.442764
0.0218636 0.440915
0.021904 0.440148
0.0219444 0.438379
0.0219849 0.437607
0.0220255 0.435856
0.0220662 0.435032
0.022107 0.433308
0.0221478 0.432474
0.0221887 0.430746
0.0222297 0.429896
0.0222707 0.428184
0.0223118 0.427304
0.022353 0.425607
0.0223943 0.42473
0.0224357 0.423044
0.0224771 0.422162
0.0225186 0.420538
0.0225602 0.419649
0.0226018 0.418122
0.0226436 0.417208
0.0226854 0.415707
0.0227273 0.414741
0.0227692 0.413258
0.0228113 0.412265
0.0228534 0.410812
0.0228956 0.409776
0.0229379 0.408361
0.0229803 0.407285
0.0230227 0.405888
0.0230652 0.404779
0.0231078 0.403443
0.0231505 0.402305
0.0231932 0.401045
0.023236 0.399887
0.023279 0.39874
0.0233219 0.397488
0.023365 0.396415
0.0234082 0.395052
0.0234514 0.394073
0.0234947 0.392454
0.0235381 0.391738
0.0235815 0.390078
0.0236251 0.389384
0.0236687 0.38773
0.0237124 0.387023
0.0237562 0.385401
0.0238001 0.384687
0.023844 0.383107
0.0238881 0.382405
0.0239322 0.380909
0.0239764 0.380182
0.0240206 0.378701
0.024065 0.377958
0.0241094 0.376492
0.0241539 0.375718
0.0241985 0.374256
0.0242432 0.37347
0.024288 0.372018
0.0243329 0.371216
0.0243778 0.369785
0.0244228 0.368961
0.0244679 0.367552
0.0245131 0.366705
0.0245583 0.36535
0.0246037 0.364521
0.0246491 0.363255
0.0246946 0.36239
0.0247402 0.36115
0.0247859 0.36024
0.0248317 0.359017
0.0248776 0.358071
0.0249235 0.35689
0.0249695 0.355894
0.0250156 0.354748
0.0250618 0.353702
0.0251081 0.352602
0.0251545 0.351502
0.0252009 0.350476
0.0252475 0.349304
0.0252941 0.348373
0.0253408 0.347142
0.0253876 0.346363
0.0254345 0.344931
0.0254814 0.344333
0.0255285 0.342912
0.0255756 0.3423
0.0256229 0.340869
0.0256702 0.340247
0.0257176 0.338837
0.0257651 0.338196
0.0258126 0.336794
0.0258603 0.336138
0.0259081 0.334757
0.0259559 0.334096
0.0260038 0.332746
0.0260518 0.332104
0.0261 0.330843
0.0261482 0.330173
0.0261964 0.328918
0.0262448 0.32823
0.0262933 0.326989
0.0263418 0.326278
0.0263905 0.325054
0.0264392 0.324319
0.026488 0.323114
0.0265369 0.32235
0.0265859 0.321161
0.026635 0.320377
0.0266842 0.31922
0.0267335 0.318421
0.0267829 0.317306
0.0268323 0.316511
0.0268819 0.315469
0.0269315 0.314643
0.0269812 0.313639
0.0270311 0.31276
0.027081 0.311784
0.027131 0.310856
0.0271811 0.309933
0.0272313 0.30894
0.0272816 0.308071
0.0273319 0.306991
0.0273824 0.306207
0.027433 0.304956
0.0274836 0.304358
0.0275344 0.303043
0.0275852 0.302527
0.0276362 0.301305
0.0276872 0.300779
0.0277383 0.299558
0.0277896 0.299018
0.0278409 0.297809
0.0278923 0.297245
0.0279438 0.296041
0.0279954 0.295463
0.0280471 0.29427
0.0280989 0.293685
0.0281508 0.292507
0.0282027 0.291899
0.0282548 0.290731
0.028307 0.290122
0.0283593 0.288977
0.0284116 0.288381
0.0284641 0.287318
0.0285167 0.286701
0.0285693 0.285646
0.0286221 0.285
0.0286749 0.283963
0.0287279 0.2833
0.0287809 0.282284
0.0288341 0.281585
0.0288873 0.280589
0.0289407 0.279862
0.0289941 0.27889
0.0290477 0.278139
0.0291013 0.277193
0.029155 0.276421
0.0292089 0.275517
0.0292628 0.274744
0.0293168 0.273931
0.029371 0.273108
0.0294252 0.272329
0.0294796 0.271441
0.029534 0.270715
0.0295885 0.26974
0.0296432 0.269103
0.0296979 0.267949
0.0297527 0.26748
0.0298077 0.266338
0.0298627 0.265855
0.0299179 0.264724
0.0299731 0.264234
0.0300285 0.263123
0.0300839 0.262638
0.0301395 0.261602
0.0301951 0.261111
0.0302509 0.260081
0.0303068 0.259571
0.0303627 0.258554
0.0304188 0.258037
0.030475 0.257022
0.0305312 0.256484
0.0305876 0.255478
0.0306441 0.254928
0.0307007 0.25393
0.0307574 0.25337
0.0308142 0.252394
0.0308711 0.251818
0.0309281 0.250869
0.0309852 0.250295
0.0310424 0.249407
0.0310997 0.248829
0.0311572 0.247953
0.0312147 0.247348
0.0312723 0.246489
0.0313301 0.245858
0.0313879 0.245013
0.0314459 0.244352
0.031504 0.243541
0.0315621 0.242849
0.0316204 0.242064
0.0316788 0.241332
0.0317373 0.240591
0.0317959 0.239816
0.0318546 0.239139
0.0319135 0.23834
0.0319724 0.237752
0.0320314 0.236842
0.0320906 0.236368
0.0321498 0.235382
0.0322092 0.234969
0.0322687 0.233985
0.0323283 0.233566
0.032388 0.232589
0.0324478 0.23216
0.0325077 0.231194
0.0325677 0.23075
0.0326279 0.229789
0.0326881 0.229341
0.0327485 0.2284
0.0328089 0.227962
0.0328695 0.227081
0.0329302 0.226624
0.032991 0.225759
0.033052 0.225298
0.033113 0.224425
0.0331741 0.223952
0.0332354 0.223094
0.0332968 0.222603
0.0333583 0.221758
0.0334199 0.221248
0.0334816 0.220411
0.0335434 0.219889
0.0336053 0.219078
0.0336674 0.218537
0.0337296 0.217749
0.0337919 0.217211
0.0338543 0.216482
0.0339168 0.215919
0.0339794 0.21521
0.0340421 0.214625
0.034105 0.213939
0.034168 0.213322
0.0342311 0.212662
0.0342943 0.212004
0.0343576 0.211381
0.0344211 0.210678
0.0344846 0.210095
0.0345483 0.209321
0.0346121 0.208816
0.034676 0.2079
0.0347401 0.20755
0.0348042 0.206691
0.0348685 0.206332
0.0349329 0.205488
0.0349974 0.205119
0.035062 0.204281
0.0351267 0.203896
0.0351916 0.203065
0.0352566 0.202671
0.0353217 0.201842
0.0353869 0.201444
0.0354523 0.200622
0.0355177 0.200216
0.0355833 0.199403
0.035649 0.198987
0.0357149 0.198191
0.0357808 0.197776
0.0358469 0.197024
0.0359131 0.196607
0.0359794 0.195876
0.0360458 0.195443
0.0361124 0.194722
0.0361791 0.194269
0.0362459 0.193554
0.0363128 0.193086
0.0363799 0.192385
0.0364471 0.191898
0.0365144 0.191212
0.0365818 0.190709
0.0366493 0.190044
0.036717 0.189526
0.0367848 0.188885
0.0368527 0.18837
0.0369208 0.187775
0.036989 0.187234
0.0370573 0.186678
0.0371257 0.186098
0.0371943 0.185572
0.0372629 0.184942
0.0373318 0.184461
0.0374007 0.183746
0.0374698 0.183348
0.037539 0.182554
0.0376083 0.182226
0.0376777 0.18144
0.0377473 0.181112
0.037817 0.180333
0.0378868 0.18001
0.0379568 0.179282
0.0380269 0.178948
0.0380971 0.178235
0.0381675 0.177894
0.0382379 0.177182
0.0383085 0.176833
0.0383793 0.176128
0.0384502 0.175766
0.0385212 0.175069
0.0385923 0.174702
0.0386636 0.174006
0.038735 0.173629
0.0388065 0.172945
0.0388781 0.172561
0.0389499 0.171892
0.0390219 0.171511
0.0390939 0.170881
0.0391661 0.17049
0.0392384 0.169885
0.0393109 0.169475
0.0393835 0.168881
0.0394562 0.168451
0.0395291 0.167871
0.0396021 0.167426
0.0396752 0.166856
0.0397485 0.166392
0.0398219 0.16584
0.0398954 0.165355
0.0399691 0.164828
0.0400429 0.164314
0.0401168 0.163824
0.0401909 0.163296
0.0402651 0.16286
0.0403395 0.162291
0.040414 0.161902
0.0404886 0.161217
0.0405633 0.160941
0.0406383 0.160259
0.0407133 0.159974
0.0407885 0.159295
0.0408638 0.159001
0.0409393 0.158329
0.0410149 0.15803
0.0410906 0.157364
0.0411665 0.157055
0.0412425 0.156401
0.0413186 0.156099
0.0413949 0.155477
0.0414714 0.155175
0.041548 0.154569
0.0416247 0.154254
0.0417016 0.153657
0.0417786 0.15333
0.0418557 0.152736
0.041933 0.152405
0.0420104 0.151815
0.042088 0.151474
0.0421657 0.150896
0.0422436 0.15054
0.0423216 0.14997
0.0423998 0.149611
0.042478 0.149056
0.0425565 0.148693
0.0426351 0.148174
0.0427138 0.1478
0.0427927 0.147303
0.0428717 0.146912
0.0429509 0.146426
0.0430302 0.14602
0.0431096 0.145553
0.0431892 0.145114
0.043269 0.14467
0.0433489 0.144207
0.0434289 0.143786
0.0435091 0.143288
0.0435895 0.142903
0.04367 0.142348
0.0437506 0.142033
0.0438314 0.14143
0.0439124 0.141186
0.0439934 0.140609
0.0440747 0.140358
0.0441561 0.139775
0.0442376 0.13952
0.0443193 0.138947
0.0444011 0.138679
0.0444831 0.138109
0.0445653 0.137839
0.0446476 0.137268
0.04473 0.136995
0.0448126 0.136431
0.0448954 0.136149
0.0449783 0.135595
0.0450613 0.135318
0.0451445 0.134789
0.0452279 0.134512
0.0453114 0.134004
0.0453951 0.133713
0.0454789 0.13321
0.0455629 0.132908
0.045647 0.132414
0.0457313 0.1321
0.0458158 0.131612
0.0459004 0.13129
0.0459851 0.130811
0.0460701 0.130476
0.0461551 0.130011
0.0462404 0.129662
0.0463257 0.129213
0.0464113 0.128863
0.046497 0.128443
0.0465829 0.128082
0.0466689 0.127686
0.0467551 0.127304
0.0468414 0.126929
0.0469279 0.126514
0.0470145 0.126166
0.0471014 0.125714
0.0471883 0.125398
0.0472755 0.124849
0.0473628 0.124631
0.0474502 0.124085
0.0475379 0.123864
0.0476256 0.123325
0.0477136 0.123101
0.0478017 0.12259
0.04789 0.122366
0.0479784 0.121875
0.048067 0.121645
0.0481558 0.121154
0.0482447 0.120915
0.0483338 0.120431
0.048423 0.120189
0.0485124 0.119704
0.048602 0.119453
0.0486918 0.118976
0.0487817 0.118722
0.0488718 0.118247
0.048962 0.117989
0.0490524 0.117521
0.049143 0.117265
0.0492338 0.11682
0.0493247 0.116556
0.0494158 0.116133
0.049507 0.115861
0.0495984 0.115443
0.04969 0.115159
0.0497818 0.114751
0.0498737 0.114451
0.0499658 0.114054
0.0500581 0.113744
0.0501505 0.113359
0.0502431 0.113035
0.0503359 0.11266
0.0504288 0.112318
0.050522 0.111966
0.0506153 0.111615
0.0507087 0.111294
0.0508024 0.11093
0.0508962 0.11064
0.0509902 0.110232
0.0510843 0.10998
0.0511786 0.109511
0.0512732 0.109316
0.0513678 0.108851
0.0514627 0.108652
0.0515577 0.108186
0.0516529 0.107986
0.0517483 0.107525
0.0518439 0.107318
0.0519396 0.106864
0.0520355 0.106658
0.0521316 0.106222
0.0522279 0.106016
0.0523243 0.1056
0.0524209 0.105386
0.0525177 0.104973
0.0526147 0.104756
0.0527119 0.104342
0.0528092 0.10412
0.0529067 0.103711
0.0530044 0.103479
0.0531023 0.103076
0.0532004 0.10284
0.0532986 0.102445
0.053397 0.1022
0.0534956 0.101813
0.0535944 0.101566
0.0536934 0.101201
0.0537925 0.100951
0.0538919 0.100606
0.0539914 0.100346
0.0540911 0.100003
0.054191 0.0997312
0.054291 0.0994021
0.0543913 0.0991169
0.0544917 0.0987983
0.0545924 0.0984945
0.0546932 0.0981935
0.0547942 0.097867
0.0548954 0.0975877
0.0549967 0.0972322
0.0550983 0.0969835
0.0552 0.0965775
0.055302 0.0964002
0.0554041 0.095999
0.0555064 0.0958307
0.0556089 0.0954298
0.0557116 0.0952577
0.0558144 0.0948607
0.0559175 0.0946822
0.0560208 0.094289
0.0561242 0.0941066
0.0562279 0.0937127
0.0563317 0.0935259
0.0564357 0.0931371
0.0565399 0.0929474
0.0566443 0.0925659
0.0567489 0.0923736
0.0568537 0.0920044
0.0569587 0.0918147
0.0570639 0.0914632
0.0571693 0.0912691
0.0572748 0.0909203
0.0573806 0.0907185
0.0574866 0.0903729
0.0575927 0.0901624
0.0576991 0.089823
0.0578056 0.0896065
0.0579124 0.0892737
0.0580193 0.0890498
0.0581264 0.0887257
0.0582338 0.0884923
0.0583413 0.0881769
0.058449 0.0879402
0.058557 0.0876437
0.0586651 0.0874037
0.0587734 0.0871266
0.058882 0.0868737
0.0589907 0.0866066
0.0590996 0.0863379
0.0592088 0.0860855
0.0593181 0.0857951
0.0594276 0.08556
0.0595374 0.0852401
0.0596473 0.0850355
0.0597575 0.0846606
0.0598678 0.0845091
0.0599784 0.0841388
0.0600891 0.0839872
0.0602001 0.0836254
0.0603112 0.0834759
0.0604226 0.0831366
0.0605342 0.0829815
0.060646 0.082644
0.060758 0.0824842
0.0608702 0.0821474
0.0609826 0.0819828
0.0610952 0.08165
0.061208 0.0814823
0.061321 0.081151
0.0614343 0.080978
0.0615477 0.0806492
0.0616614 0.0804735
0.0617752 0.0801513
0.0618893 0.0799736
0.0620036 0.0796639
0.0621181 0.079487
0.0622328 0.0791954
0.0623477 0.0790104
0.0624628 0.0787212
0.0625782 0.0785298
0.0626937 0.0782465
0.0628095 0.078051
0.0629255 0.0777708
0.0630417 0.0775643
0.0631581 0.0772912
0.0632747 0.0770774
0.0633916 0.076815
0.0635086 0.0765894
0.0636259 0.0763383
0.0637434 0.0761042
0.0638611 0.0758735
0.063979 0.0756347
0.0640972 0.0754247
0.0642155 0.075166
0.0643341 0.0749728
0.0644529 0.0746715
0.0645719 0.0745209
0.0646912 0.0741978
0.0648106 0.0740651
0.0649303 0.073743
0.0650502 0.0736081
0.0651703 0.0732887
0.0652907 0.0731514
0.0654113 0.0728355
0.065532 0.0726952
0.0656531 0.072389
0.0657743 0.0722504
0.0658957 0.0719638
0.0660174 0.071822
0.0661393 0.0715373
0.0662615 0.0713891
0.0663838 0.0711062
0.0665064 0.0709545
0.0666292 0.0706725
0.0667523 0.0705198
0.0668755 0.0702399
0.066999 0.0700824
0.0671227 0.0698071
0.0672467 0.069641
0.0673709 0.0693728
0.0674953 0.0692079
0.0676199 0.0689502
0.0677448 0.0687828
0.0678699 0.0685427
0.0679952 0.0683678
0.0681208 0.0681328
0.0682466 0.0679507
0.0683726 0.0677196
0.0684988 0.0675303
0.0686253 0.0673056
0.0687521 0.0671049
0.068879 0.0668927
0.0690062 0.0666796
0.0691336 0.0664777
0.0692613 0.0662487
0.0693892 0.0660636
0.0695173 0.065816
0.0696457 0.0656591
0.0697743 0.0653829
0.0699031 0.0652694
0.0700322 0.0649944
0.0701616 0.064877
0.0702911 0.0646034
0.0704209 0.0644829
0.070551 0.0642112
0.0706812 0.0640868
0.0708118 0.0638154
0.0709425 0.0636898
0.0710735 0.0634205
0.0712048 0.0632927
0.0713362 0.0630275
0.071468 0.0628986
0.0716 0.0626399
0.0717322 0.0625113
0.0718646 0.0622698
0.0719973 0.0621377
0.0721303 0.0618974
0.0722635 0.0617617
0.0723969 0.0615248
0.0725306 0.0613842
0.0726645 0.0611499
0.0727987 0.0610032
0.0729332 0.0607717
0.0730678 0.0606231
0.0732028 0.0603954
0.0733379 0.0602407
0.0734734 0.0600194
0.073609 0.0598607
0.073745 0.0596482
0.0738812 0.0594902
0.0740176 0.0592953
0.0741543 0.059129
0.0742912 0.0589393
0.0744284 0.0587625
0.0745658 0.0585834
0.0747035 0.0583931
0.0748415 0.0582242
0.0749797 0.0580186
0.0751181 0.0578645
0.0752568 0.057629
0.0753958 0.0575053
0.075535 0.0572489
0.0756745 0.0571458
0.0758143 0.0568937
0.0759543 0.0567937
0.0760945 0.0565588
0.076235 0.0564561
0.0763758 0.0562233
0.0765168 0.056116
0.0766581 0.0558833
0.0767997 0.0557728
0.0769415 0.0555431
0.0770836 0.0554307
0.0772259 0.0552023
0.0773685 0.0550854
0.0775114 0.0548599
0.0776545 0.0547429
0.0777979 0.0545176
0.0779416 0.0543989
0.0780855 0.0541803
0.0782297 0.0540631
0.0783742 0.0538607
0.0785189 0.0537389
0.0786639 0.0535374
0.0788092 0.0534114
0.0789547 0.0532151
0.0791005 0.0530832
0.0792466 0.0528894
0.0793929 0.052752
0.0795395 0.052564
0.0796864 0.0524196
0.0798335 0.0522359
0.0799809 0.0520881
0.0801286 0.0519102
0.0802766 0.0517548
0.0804248 0.051589
0.0805734 0.0514341
0.0807221 0.0512836
0.0808712 0.0511161
0.0810205 0.0509751
0.0811702 0.0507909
0.08132 0.0506663
0.0814702 0.050445
0.0816207 0.0503555
0.0817714 0.0501352
0.0819224 0.0500433
0.0820737 0.0498247
0.0822252 0.049731
0.0823771 0.0495146
0.0825292 0.0494188
0.0826816 0.0492061
0.0828342 0.049112
0.0829872 0.0489147
0.0831405 0.0488195
0.083294 0.0486225
0.0834478 0.0485243
0.0836019 0.0483288
0.0837563 0.048227
0.0839109 0.0480336
0.0840659 0.0479283
0.0842211 0.0477354
0.0843766 0.0476289
0.0845325 0.0474394
0.0846885 0.0473299
0.0848449 0.0471441
0.0850016 0.047031
0.0851586 0.0468495
0.0853158 0.0467386
0.0854734 0.046571
0.0856312 0.0464552
0.0857893 0.0462905
0.0859478 0.0461702
0.0861065 0.046009
0.0862655 0.0458838
0.0864248 0.0457259
0.0865844 0.0455953
0.0867442 0.0454428
0.0869044 0.0453029
0.0870649 0.0451594
0.0872257 0.0450101
0.0873868 0.0448758
0.0875481 0.044716
0.0877098 0.044596
0.0878718 0.044426
0.088034 0.0443298
0.0881966 0.0441413
0.0883594 0.0440616
0.0885226 0.0438746
0.0886861 0.0437935
0.0888498 0.0436055
0.0890139 0.0435237
0.0891783 0.0433378
0.089343 0.0432523
0.0895079 0.0430679
0.0896732 0.0429811
0.0898388 0.0427978
0.0900047 0.0427107
0.0901709 0.0425312
0.0903374 0.0424446
0.0905043 0.0422776
0.0906714 0.0421899
0.0908388 0.0420237
0.0910066 0.041933
0.0911746 0.0417687
0.091343 0.041675
0.0915116 0.0415128
0.0916806 0.0414158
0.0918499 0.0412556
0.0920195 0.0411553
0.0921895 0.0409984
0.0923597 0.0408944
0.0925303 0.0407418
0.0927011 0.0406339
0.0928723 0.0404873
0.0930438 0.0403815
0.0932156 0.0402443
0.0933877 0.0401341
0.0935602 0.0400025
0.093733 0.0398861
0.0939061 0.0397589
0.0940795 0.039635
0.0942532 0.0395151
0.0944272 0.0393824
0.0946016 0.0392701
0.0947763 0.0391238
0.0949513 0.039024
0.0951266 0.0388481
0.0953023 0.0387792
0.0954783 0.0386052
0.0956546 0.0385375
0.0958312 0.0383745
0.0960082 0.0383041
0.0961855 0.0381442
0.0963631 0.0380723
0.0965411 0.0379133
0.0967193 0.0378379
0.0968979 0.0376801
0.0970769 0.0376038
0.0972561 0.0374466
0.0974357 0.0373696
0.0976156 0.0372127
0.0977959 0.037133
0.0979765 0.0369796
0.0981574 0.0368977
0.0983387 0.0367466
0.0985203 0.0366682
0.0987022 0.0365264
0.0988845 0.0364453
0.0990671 0.0363077
0.09925 0.0362224
0.0994333 0.0360864
0.0996169 0.0359995
0.0998008 0.0358654
0.0999851 0.0357745
0.10017 0.0356438
0.100355 0.035548
0.10054 0.0354205
0.100726 0.0353214
0.100912 0.035198
0.101098 0.0350957
0.101285 0.0349788
0.101472 0.0348751
0.101659 0.0347676
0.101847 0.0346583
0.102035 0.0345581
0.102223 0.0344397
0.102412 0.0343464
0.102601 0.0342138
0.102791 0.0341356
0.102981 0.0339842
0.103171 0.0339221
0.103361 0.0337729
0.103552 0.0337093
0.103743 0.0335597
0.103935 0.033496
0.104127 0.0333499
0.104319 0.0332856
0.104512 0.0331486
0.104705 0.033084
0.104898 0.0329488
0.105092 0.0328831
0.105286 0.0327485
0.10548 0.0326803
0.105675 0.0325468
0.10587 0.0324773
0.106066 0.0323448
0.106262 0.0322738
0.106458 0.032143
0.106654 0.0320693
0.106851 0.0319405
0.107049 0.0318659
0.107246 0.0317404
0.107444 0.031665
0.107643 0.0315474
0.107841 0.0314712
0.108041 0.0313573
0.10824 0.0312777
0.10844 0.0311664
0.10864 0.0310824
0.108841 0.0309736
0.109042 0.0308864
0.109243 0.0307807
0.109445 0.0306885
0.109647 0.0305876
0.10985 0.0304905
0.110052 0.0303948
0.110256 0.0302919
0.110459 0.0302043
0.110663 0.030096
0.110868 0.0300199
0.111072 0.0298907
0.111277 0.0298384
0.111483 0.0297092
0.111689 0.0296558
0.111895 0.0295271
0.112102 0.0294713
0.112309 0.0293443
0.112516 0.0292872
0.112724 0.029161
0.112932 0.0291028
0.11314 0.0289773
0.113349 0.0289175
0.113559 0.0287946
0.113768 0.0287366
0.113978 0.0286199
0.114189 0.0285601
0.1144 0.0284473
0.114611 0.0283864
0.114823 0.0282735
0.115035 0.0282113
0.115247 0.0280994
0.11546 0.0280352
0.115673 0.0279242
0.115887 0.0278572
0.116101 0.0277486
0.116315 0.02768
0.11653 0.0275734
0.116745 0.0275024
0.116961 0.0274002
0.117177 0.0273281
0.117393 0.027232
0.11761 0.0271592
0.117827 0.0270676
0.118045 0.0269908
0.118263 0.0269012
0.118481 0.0268197
0.1187 0.0267341
0.118919 0.0266475
0.119139 0.0265675
0.119359 0.0264739
0.119579 0.0263997
0.1198 0.0262958
0.120021 0.0262325
0.120243 0.0261136
0.120465 0.0260666
0.120687 0.0259544
0.12091 0.0259074
0.121133 0.0257976
0.121357 0.0257497
0.121581 0.025641
0.121806 0.0255909
0.12203 0.025483
0.122256 0.0254317
0.122482 0.0253242
0.122708 0.025272
0.122934 0.0251654
0.123161 0.0251117
0.123389 0.0250064
0.123617 0.0249525
0.123845 0.0248479
0.124074 0.0247946
0.124303 0.0246959
0.124532 0.0246412
0.124762 0.0245463
0.124993 0.02449
0.125223 0.0243964
0.125455 0.0243376
0.125686 0.0242447
0.125918 0.0241839
0.126151 0.0240933
0.126384 0.02403
0.126617 0.0239417
0.126851 0.023876
0.127085 0.0237888
0.12732 0.023721
0.127555 0.0236382
0.127791 0.0235698
0.128027 0.0234928
0.128263 0.0234216
0.1285 0.0233503
0.128737 0.0232735
0.128975 0.0232067
0.129213 0.0231233
0.129452 0.0230619
0.129691 0.0229643
0.12993 0.0229181
0.13017 0.0228151
0.130411 0.0227728
0.130651 0.0226704
0.130893 0.0226276
0.131134 0.0225271
0.131376 0.0224844
0.131619 0.0223889
0.131862 0.0223455
0.132106 0.022253
0.13235 0.0222086
0.132594 0.0221168
0.132839 0.022071
0.133084 0.0219804
0.13333 0.0219329
0.133576 0.0218423
0.133823 0.0217943
0.13407 0.0217044
0.134317 0.0216554
0.134565 0.0215668
0.134814 0.0215166
0.135063 0.0214297
0.135312 0.0213789
0.135562 0.0212968
0.135812 0.0212466
0.136063 0.0211678
0.136315 0.0211149
0.136566 0.0210381
0.136818 0.0209826
0.137071 0.020907
0.137324 0.0208492
0.137578 0.020776
0.137832 0.0207159
0.138086 0.0206444
0.138341 0.0205807
0.138597 0.0205132
0.138853 0.020446
0.139109 0.0203828
0.139366 0.0203128
0.139623 0.0202563
0.139881 0.0201816
0.14014 0.0201332
0.140398 0.0200452
0.140658 0.0200086
0.140917 0.0199214
0.141177 0.0198841
0.141438 0.0197965
0.141699 0.0197584
0.141961 0.0196718
0.142223 0.0196328
0.142486 0.0195471
0.142749 0.0195073
0.143013 0.0194225
0.143277 0.0193827
0.143541 0.019302
0.143806 0.0192624
0.144072 0.0191848
0.144338 0.0191438
0.144604 0.0190664
0.144871 0.0190241
0.145139 0.0189478
0.145407 0.0189042
0.145675 0.0188288
0.145944 0.0187839
0.146214 0.0187096
0.146484 0.0186632
0.146754 0.0185898
0.147025 0.0185428
0.147297 0.0184711
0.147569 0.0184241
0.147841 0.0183562
0.148114 0.018308
0.148388 0.0182438
0.148662 0.0181937
0.148937 0.0181317
0.149212 0.0180789
0.149487 0.0180183
0.149763 0.0179623
0.15004 0.017905
0.150317 0.0178445
0.150594 0.0177915
0.150872 0.0177259
0.151151 0.0176773
0.15143 0.0176023
0.15171 0.0175648
0.15199 0.0174865
0.152271 0.0174551
0.152552 0.0173802
0.152833 0.017348
0.153116 0.0172734
0.153398 0.0172404
0.153682 0.0171662
0.153965 0.0171317
0.15425 0.0170581
0.154535 0.0170229
0.15482 0.01695
0.155106 0.0169143
0.155392 0.0168422
0.155679 0.0168053
0.155967 0.0167342
0.156255 0.0166975
0.156543 0.016629
0.156832 0.016593
0.157122 0.0165277
0.157412 0.0164904
0.157703 0.0164257
0.157994 0.0163863
0.158286 0.0163227
0.158578 0.0162828
0.158871 0.0162203
0.159164 0.016178
0.159458 0.0161169
0.159753 0.0160731
0.160048 0.0160138
0.160343 0.0159684
0.160639 0.0159106
0.160936 0.0158649
0.161233 0.0158105
0.161531 0.0157642
0.161829 0.0157139
0.162128 0.0156642
0.162427 0.0156164
0.162727 0.0155627
0.163028 0.0155183
0.163329 0.0154595
0.16363 0.01542
0.163933 0.0153501
0.164235 0.0153214
0.164539 0.015252
0.164842 0.0152227
0.165147 0.0151541
0.165452 0.0151249
0.165757 0.0150588
0.166063 0.0150295
0.16637 0.0149665
0.166677 0.0149367
0.166985 0.014874
0.167293 0.0148435
0.167602 0.0147812
0.167912 0.0147499
0.168222 0.0146881
0.168532 0.0146555
0.168844 0.0145945
0.169155 0.0145612
0.169468 0.0145005
0.169781 0.0144669
0.170094 0.0144075
0.170408 0.0143735
0.170723 0.0143166
0.171038 0.0142821
0.171354 0.0142282
0.171671 0.0141932
0.171988 0.0141398
0.172305 0.0141033
0.172623 0.0140509
0.172942 0.0140129
0.173261 0.0139617
0.173581 0.0139217
0.173902 0.0138722
0.174223 0.0138304
0.174545 0.0137828
0.174867 0.0137386
0.17519 0.0136941
0.175514 0.0136478
0.175838 0.013607
0.176162 0.0135594
0.176488 0.0135231
0.176814 0.0134684
0.17714 0.0134388
0.177467 0.013379
0.177795 0.0133538
0.178123 0.0132941
0.178452 0.0132687
0.178782 0.0132091
0.179112 0.0131833
0.179443 0.0131245
0.179774 0.0130977
0.180106 0.0130395
0.180438 0.0130126
0.180772 0.0129566
0.181105 0.01293
0.18144 0.0128771
0.181775 0.0128495
0.182111 0.0127971
0.182447 0.0127692
0.182784 0.0127167
0.183121 0.0126878
0.183459 0.0126358
0.183798 0.0126062
0.184138 0.012555
0.184478 0.0125245
0.184818 0.0124738
0.18516 0.0124425
0.185502 0.0123934
0.185844 0.0123615
0.186187 0.0123143
0.186531 0.0122824
0.186876 0.0122386
0.187221 0.0122053
0.187566 0.0121619
0.187913 0.0121273
0.18826 0.0120853
0.188607 0.0120483
0.188956 0.0120083
0.189305 0.0119693
0.189654 0.0119312
0.190004 0.0118892
0.190355 0.011854
0.190707 0.0118079
0.191059 0.0117771
0.191412 0.011723
0.191765 0.0117018
0.192119 0.011651
0.192474 0.0116291
0.192829 0.0115784
0.193186 0.011556
0.193542 0.0115056
0.1939 0.0114827
0.194258 0.0114325
0.194616 0.0114087
0.194976 0.0113589
0.195336 0.011335
0.195697 0.0112856
0.196058 0.011261
0.19642 0.0112124
0.196783 0.0111877
0.197146 0.0111403
0.19751 0.0111157
0.197875 0.011071
0.19824 0.011046
0.198606 0.0110019
0.198973 0.010976
0.199341 0.0109325
0.199709 0.0109054
0.200077 0.0108623
0.200447 0.0108345
0.200817 0.0107922
0.201188 0.0107634
0.201559 0.0107218
0.201932 0.0106918
0.202304 0.0106517
0.202678 0.0106212
0.203052 0.0105827
0.203427 0.0105525
0.203803 0.0105172
0.204179 0.0104845
0.204556 0.0104509
0.204934 0.0104161
0.205312 0.0103844
0.205692 0.0103468
0.206071 0.0103176
0.206452 0.0102754
0.206833 0.0102507
0.207215 0.0102035
0.207598 0.0101835
0.207981 0.010137
0.208365 0.0101171
0.20875 0.010071
0.209135 0.0100517
0.209522 0.010009
0.209908 0.00998876
0.210296 0.00994625
0.210684 0.00992566
0.211073 0.00988299
0.211463 0.00986199
0.211854 0.00981987
0.212245 0.00979812
0.212637 0.00975636
0.21303 0.00973435
0.213423 0.00969269
0.213817 0.00967011
0.214212 0.00962928
0.214607 0.00960634
0.215004 0.00956667
0.215401 0.00954403
0.215799 0.00950705
0.216197 0.00948353
0.216596 0.00944711
0.216996 0.00942265
0.217397 0.00938691
0.217798 0.00936129
0.218201 0.0093264
0.218603 0.00929999
0.219007 0.00926558
0.219412 0.009238
0.219817 0.00920494
0.220223 0.0091761
0.220629 0.00914436
0.221037 0.00911438
0.221445 0.00908492
0.221854 0.00905433
0.222263 0.0090281
0.222674 0.00899443
0.223085 0.00897079
0.223497 0.00893021
0.22391 0.00891343
0.224323 0.00887286
0.224737 0.00885572
0.225152 0.0088154
0.225568 0.00879759
0.225985 0.00875772
0.226402 0.00873971
0.22682 0.00870027
0.227239 0.00868192
0.227659 0.00864312
0.228079 0.00862516
0.2285 0.00858913
0.228922 0.00857097
0.229345 0.00853495
0.229768 0.00851603
0.230193 0.00848054
0.230618 0.0084609
0.231044 0.00842554
0.23147 0.00840588
0.231898 0.00837065
0.232326 0.00835051
0.232755 0.00831578
0.233185 0.00829458
0.233615 0.00826083
0.234047 0.00823944
0.234479 0.00820646
0.234912 0.00818537
0.235346 0.00815509
0.23578 0.0081328
0.236216 0.0081031
0.236652 0.00807991
0.237089 0.00805091
0.237527 0.00802679
0.237965 0.00799883
0.238405 0.00797309
0.238845 0.00794628
0.239286 0.00791896
0.239728 0.00789388
0.240171 0.00786448
0.240614 0.00784146
0.241058 0.00780898
0.241504 0.00778994
0.24195 0.00775541
0.242396 0.0077406
0.242844 0.00770645
0.243292 0.00769126
0.243742 0.00765683
0.244192 0.00764154
0.244643 0.00760754
0.245094 0.00759133
0.245547 0.00755775
0.246 0.00754145
0.246455 0.00750791
0.24691 0.00749138
0.247366 0.0074581
0.247822 0.00744137
0.24828 0.00740867
0.248739 0.00739252
0.249198 0.00736181
0.249658 0.00734514
0.250119 0.00731496
0.250581 0.00729752
0.251044 0.00726766
0.251507 0.00724984
0.251972 0.00722043
0.252437 0.00720171
0.252903 0.00717264
0.25337 0.00715354
0.253838 0.00712507
0.254307 0.00710527
0.254776 0.0070776
0.255247 0.00705721
0.255718 0.00703039
0.25619 0.00701016
0.256663 0.00698561
0.257137 0.00696456
0.257612 0.00694086
0.258088 0.00691825
0.258565 0.00689578
0.259042 0.0068717
0.25952 0.00685064
0.26 0.00682432
0.26048 0.00680509
0.260961 0.006773
0.261443 0.00675972
0.261925 0.00672775
0.262409 0.00671445
0.262894 0.00668285
0.263379 0.00666966
0.263865 0.00664042
0.264353 0.00662688
0.264841 0.006598
0.26533 0.0065841
0.26582 0.00655521
0.266311 0.00654096
0.266803 0.00651229
0.267295 0.00649778
0.267789 0.00646928
0.268283 0.00645435
0.268779 0.00642614
0.269275 0.00641096
0.269772 0.00638301
0.27027 0.00636771
0.27077 0.00634036
0.27127 0.00632529
0.27177 0.00629967
0.272272 0.00628403
0.272775 0.00625907
0.273279 0.00624299
0.273783 0.00621832
0.274289 0.00620169
0.274796 0.00617757
0.275303 0.00615988
0.275811 0.00613635
0.276321 0.00611827
0.276831 0.0060954
0.277342 0.00607641
0.277854 0.00605433
0.278367 0.00603435
0.278881 0.00601362
0.279396 0.00599374
0.279912 0.00597487
0.280429 0.00595343
0.280947 0.00593604
0.281466 0.00591244
0.281986 0.00589717
0.282506 0.00586978
0.283028 0.005858
0.283551 0.00583078
0.284074 0.00581892
0.284599 0.00579156
0.285124 0.00577957
0.285651 0.00575264
0.286178 0.00574029
0.286707 0.00571384
0.287236 0.00570163
0.287767 0.00567679
0.288298 0.00566443
0.28883 0.00564009
0.289364 0.00562735
0.289898 0.00560312
0.290433 0.00559015
0.29097 0.00556594
0.291507 0.00555262
0.292045 0.00552871
0.292585 0.00551492
0.293125 0.0054914
0.293666 0.00547739
0.294208 0.00545428
0.294752 0.00543983
0.295296 0.0054172
0.295841 0.00540291
0.296388 0.00538195
0.296935 0.00536729
0.297483 0.00534695
0.298033 0.00533171
0.298583 0.0053115
0.299134 0.00529557
0.299687 0.00527624
0.30024 0.00525949
0.300795 0.00524068
0.30135 0.00522299
0.301906 0.00520525
0.302464 0.0051864
0.303022 0.00516976
0.303582 0.00514943
0.304143 0.00513465
0.304704 0.00511213
0.305267 0.00510101
0.305831 0.00507764
0.306395 0.00506747
0.306961 0.00504418
0.307528 0.00503382
0.308096 0.00501056
0.308665 0.00499994
0.309235 0.00497698
0.309806 0.00496604
0.310378 0.00494312
0.310951 0.00493201
0.311525 0.00490936
0.312101 0.00489811
0.312677 0.00487598
0.313254 0.00486475
0.313833 0.00484374
0.314412 0.00483246
0.314993 0.00481197
0.315574 0.0048004
0.316157 0.00478011
0.316741 0.00476815
0.317326 0.00474807
0.317912 0.0047356
0.318499 0.00471587
0.319087 0.00470322
0.319676 0.00468385
0.320267 0.00467061
0.320858 0.00465167
0.321451 0.00463802
0.322044 0.0046197
0.322639 0.00460618
0.323235 0.004589
0.323832 0.00457513
0.32443 0.00455865
0.325029 0.00454388
0.325629 0.00452827
0.32623 0.00451255
0.326833 0.00449761
0.327436 0.00448072
0.328041 0.00446685
0.328646 0.00444833
0.329253 0.00443622
0.329861 0.00441458
0.33047 0.0044055
0.331081 0.00438417
0.331692 0.00437517
0.332305 0.00435492
0.332918 0.00434578
0.333533 0.0043261
0.334149 0.00431676
0.334766 0.00429721
0.335384 0.00428762
0.336003 0.00426813
0.336624 0.00425828
0.337246 0.00423901
0.337868 0.00422906
0.338492 0.00420986
0.339117 0.0041996
0.339743 0.00418061
0.340371 0.00417015
0.340999 0.00415157
0.341629 0.00414129
0.34226 0.00412372
0.342892 0.00411318
0.343525 0.00409633
0.344159 0.0040854
0.344795 0.00406861
0.345432 0.00405755
0.34607 0.00404094
0.346709 0.0040295
0.347349 0.00401324
0.34799 0.0040013
0.348633 0.0039853
0.349277 0.00397288
0.349922 0.00395761
0.350568 0.00394472
0.351215 0.00393001
0.351864 0.00391694
0.352513 0.00390347
0.353164 0.00388979
0.353817 0.00387738
0.35447 0.00386242
0.355125 0.00385105
0.35578 0.00383386
0.356437 0.00382469
0.357095 0.00380623
0.357755 0.00379821
0.358416 0.00377977
0.359077 0.00377167
0.35974 0.00375337
0.360405 0.00374518
0.36107 0.00372714
0.361737 0.00371893
0.362405 0.00370176
0.363074 0.00369345
0.363745 0.00367695
0.364416 0.00366847
0.365089 0.00365209
0.365763 0.00364326
0.366439 0.003627
0.367116 0.00361806
0.367793 0.00360176
0.368473 0.00359269
0.369153 0.00357663
0.369835 0.00356729
0.370518 0.00355148
0.371202 0.00354188
0.371887 0.0035264
0.372574 0.00351691
0.373262 0.00350236
0.373951 0.00349256
0.374642 0.00347865
0.375334 0.00346845
0.376027 0.00345486
0.376721 0.00344427
0.377417 0.00343088
0.378114 0.00341992
0.378812 0.00340697
0.379511 0.00339541
0.380212 0.00338298
0.380914 0.00337075
0.381618 0.003359
0.382322 0.00334592
0.383028 0.00333523
0.383736 0.00332149
0.384444 0.00331218
0.385154 0.00329645
0.385866 0.00328962
0.386578 0.00327389
0.387292 0.00326687
0.388007 0.00325118
0.388724 0.00324398
0.389441 0.00322846
0.390161 0.00322103
0.390881 0.00320564
0.391603 0.00319808
0.392326 0.00318276
0.39305 0.00317524
0.393776 0.0031601
0.394503 0.0031526
0.395232 0.00313819
0.395962 0.0031306
0.396693 0.00311679
0.397425 0.00310893
0.398159 0.00309517
0.398895 0.00308717
0.399631 0.00307363
0.400369 0.00306537
0.401108 0.00305205
0.401849 0.0030435
0.402591 0.00303025
0.403335 0.00302153
0.404079 0.00300853
0.404826 0.00299957
0.405573 0.00298695
0.406322 0.00297793
0.407072 0.002966
0.407824 0.00295689
0.408577 0.00294553
0.409332 0.00293595
0.410088 0.00292499
0.410845 0.0029148
0.411604 0.00290441
0.412364 0.0028935
0.413125 0.0028837
0.413888 0.00287197
0.414652 0.00286298
0.415418 0.00284974
0.416185 0.00284229
0.416954 0.00282784
0.417723 0.0028217
0.418495 0.00280782
0.419268 0.00280177
0.420042 0.00278842
0.420818 0.00278226
0.421595 0.00276907
0.422373 0.00276262
0.423153 0.00274949
0.423934 0.00274292
0.424717 0.00272984
0.425502 0.00272316
0.426287 0.00271022
0.427075 0.00270337
0.427863 0.0026906
0.428653 0.00268369
0.429445 0.00267102
0.430238 0.00266408
0.431032 0.00265197
0.431828 0.00264504
0.432626 0.00263355
0.433425 0.00262643
0.434225 0.00261498
0.435027 0.00260766
0.43583 0.00259644
0.436635 0.00258877
0.437441 0.00257777
0.438249 0.00256979
0.439058 0.00255904
0.439869 0.00255084
0.440681 0.00254027
0.441495 0.00253182
0.44231 0.0025217
0.443127 0.00251297
0.443945 0.00250362
0.444765 0.00249474
0.445586 0.00248603
0.446409 0.00247649
0.447234 0.00246838
0.448059 0.0024579
0.448887 0.00245061
0.449716 0.00243816
0.450546 0.0024328
0.451378 0.00242042
0.452212 0.00241495
0.453047 0.00240263
0.453883 0.00239708
0.454722 0.00238494
0.455561 0.00237939
0.456402 0.0023677
0.457245 0.00236208
0.45809 0.00235101
0.458935 0.00234532
0.459783 0.00233426
0.460632 0.00232843
0.461483 0.00231747
0.462335 0.00231148
0.463189 0.0023006
0.464044 0.00229444
0.464901 0.00228361
0.465759 0.00227738
0.466619 0.00226674
0.467481 0.00226036
0.468344 0.00224997
0.469209 0.00224353
0.470076 0.00223349
0.470944 0.00222708
0.471813 0.00221763
0.472684 0.00221097
0.473557 0.00220166
0.474432 0.00219474
0.475308 0.00218557
0.476186 0.0021784
0.477065 0.00216946
0.477946 0.00216202
0.478828 0.00215344
0.479713 0.00214545
0.480598 0.0021373
0.481486 0.0021289
0.482375 0.00212131
0.483266 0.00211249
0.484158 0.00210565
0.485052 0.00209627
0.485948 0.00209055
0.486845 0.00208005
0.487744 0.00207528
0.488645 0.00206491
0.489547 0.00206006
0.490451 0.00204959
0.491357 0.00204472
0.492264 0.00203437
0.493173 0.00202933
0.494084 0.00201907
0.494996 0.00201401
0.495911 0.00200381
0.496826 0.00199874
0.497744 0.00198892
0.498663 0.00198387
0.499584 0.00197457
0.500506 0.00196943
0.50143 0.00196013
0.502356 0.00195482
0.503284 0.00194566
0.504213 0.00194019
0.505144 0.00193115
0.506077 0.00192555
0.507012 0.00191662
0.507948 0.00191085
0.508886 0.00190206
0.509826 0.00189612
0.510767 0.00188759
0.51171 0.00188152
0.512655 0.00187341
0.513602 0.00186743
0.51455 0.00185974
0.515501 0.00185347
0.516453 0.00184603
0.517406 0.00183946
0.518362 0.00183224
0.519319 0.00182533
0.520278 0.00181847
0.521239 0.00181103
0.522201 0.00180466
0.523165 0.00179659
0.524131 0.00179078
0.525099 0.00178112
0.526069 0.00177706
0.52704 0.00176764
0.528014 0.00176362
0.528989 0.00175473
0.529966 0.00175055
0.530944 0.00174174
0.531925 0.00173749
0.532907 0.00172873
0.533891 0.00172439
0.534877 0.00171562
0.535865 0.00171116
0.536854 0.00170253
0.537845 0.00169804
0.538839 0.00168941
0.539834 0.00168481
0.54083 0.00167637
0.541829 0.00167174
0.54283 0.0016635
0.543832 0.00165896
0.544836 0.0016512
0.545842 0.00164654
0.54685 0.00163887
0.54786 0.00163397
0.548872 0.00162645
0.549885 0.00162145
0.550901 0.00161401
0.551918 0.00160884
0.552937 0.00160156
0.553958 0.00159614
0.554981 0.00158905
0.556006 0.00158353
0.557033 0.00157663
0.558061 0.001571
0.559092 0.00156448
0.560124 0.00155873
0.561159 0.00155275
0.562195 0.00154666
0.563233 0.00154099
0.564273 0.00153445
0.565315 0.00152918
0.566359 0.0015219
0.567405 0.00151735
0.568453 0.00150912
0.569502 0.00150546
0.570554 0.00149732
0.571608 0.00149362
0.572663 0.00148546
0.573721 0.00148182
0.57478 0.00147391
0.575842 0.00147018
0.576905 0.00146283
0.57797 0.00145907
0.579037 0.0014517
0.580107 0.00144787
0.581178 0.00144056
0.582251 0.00143659
0.583326 0.00142931
0.584404 0.00142536
0.585483 0.00141809
0.586564 0.00141404
0.587647 0.00140689
0.588732 0.00140269
0.589819 0.00139569
0.590908 0.00139148
0.592 0.00138472
0.593093 0.00138049
0.594188 0.00137415
0.595285 0.00136982
0.596385 0.00136361
0.597486 0.0013591
0.598589 0.00135299
0.599694 0.00134833
0.600802 0.00134232
0.601911 0.00133749
0.603023 0.00133167
0.604136 0.00132664
0.605252 0.00132101
0.60637 0.00131566
0.607489 0.00131039
0.608611 0.00130478
0.609735 0.00129995
0.610861 0.0012942
0.611989 0.0012899
0.613119 0.00128308
0.614251 0.00127987
0.615386 0.00127292
0.616522 0.00126977
0.61766 0.00126282
0.618801 0.00125961
0.619944 0.00125275
0.621088 0.00124946
0.622235 0.00124266
0.623384 0.00123934
0.624535 0.00123256
0.625689 0.00122921
0.626844 0.0012226
0.628002 0.00121933
0.629161 0.0012132
0.630323 0.00120979
0.631487 0.00120368
0.632653 0.00120022
0.633821 0.00119414
0.634992 0.00119061
0.636164 0.0011846
0.637339 0.00118097
0.638516 0.00117502
0.639695 0.00117126
0.640876 0.00116543
0.64206 0.0011616
0.643246 0.0011559
0.644433 0.001152
0.645623 0.0011465
0.646816 0.00114261
0.64801 0.00113749
0.649207 0.00113347
0.650405 0.00112849
0.651606 0.00112428
0.65281 0.00111943
0.654015 0.00111501
0.655223 0.00111033
0.656433 0.00110569
0.657645 0.00110127
0.658859 0.00109623
0.660076 0.00109215
0.661295 0.00108666
0.662516 0.0010831
0.66374 0.00107682
0.664965 0.00107416
0.666193 0.00106836
0.667423 0.00106565
0.668656 0.0010598
0.669891 0.00105705
0.671128 0.00105127
0.672367 0.00104843
0.673608 0.00104269
0.674852 0.00103979
0.676099 0.00103409
0.677347 0.00103115
0.678598 0.00102549
0.679851 0.00102253
0.681106 0.00101692
0.682364 0.00101391
0.683624 0.00100841
0.684887 0.00100545
0.686151 0.00100036
0.687418 0.00099731
0.688688 0.00099231
0.689959 0.000989175
0.691233 0.00098422
0.69251 0.000980976
0.693789 0.000976063
0.69507 0.000972731
0.696353 0.000967935
0.697639 0.000964495
0.698928 0.000959795
0.700218 0.000956256
0.701511 0.000951643
0.702807 0.000948027
0.704104 0.000943641
0.705405 0.00094002
0.706707 0.000935987
0.708012 0.000932178
0.70932 0.00092835
0.710629 0.000924286
0.711942 0.000920658
0.713256 0.000916264
0.714574 0.000912942
0.715893 0.000907886
0.717215 0.000905244
0.718539 0.0008999
0.719866 0.000897509
0.721196 0.000892207
0.722527 0.000889829
0.723862 0.000884573
0.725198 0.000882219
0.726537 0.000877379
0.727879 0.000874964
0.729223 0.000870135
0.73057 0.000867673
0.731919 0.000862889
0.73327 0.000860374
0.734624 0.000855654
0.735981 0.000853056
0.73734 0.000848342
0.738702 0.000845718
0.740066 0.000841048
0.741432 0.000838381
0.742801 0.000833793
0.744173 0.000831078
0.745547 0.000826589
0.746924 0.000823906
0.748303 0.000819742
0.749685 0.000817003
0.75107 0.000812935
0.752456 0.000810068
0.753846 0.00080607
0.755238 0.000803097
0.756633 0.000799172
0.75803 0.000796109
0.75943 0.000792268
0.760832 0.000789101
0.762237 0.000785367
0.763644 0.000782031
0.765055 0.000778515
0.766467 0.000775024
0.767883 0.00077172
0.769301 0.000768147
0.770721 0.000765202
0.772145 0.000761369
0.77357 0.000758747
0.774999 0.00075425
0.77643 0.000752237
0.777864 0.000747777
0.7793 0.000745715
0.780739 0.000741272
0.782181 0.000739174
0.783625 0.000734777
0.785072 0.000732627
0.786522 0.000728261
0.787974 0.000726123
0.78943 0.000721813
0.790887 0.000719696
0.792348 0.000715692
0.793811 0.000713566
0.795277 0.000709615
0.796745 0.000707406
0.798217 0.000703486
0.799691 0.000701227
0.801167 0.000697328
0.802647 0.000695025
0.804129 0.000691196
0.805614 0.000688823
0.807101 0.000685054
0.808592 0.000682603
0.810085 0.000678887
0.811581 0.000676452
0.81308 0.000672811
0.814581 0.000670394
0.816085 0.000667024
0.817592 0.000664532
0.819102 0.000661243
0.820615 0.000658639
0.82213 0.000655472
0.823648 0.000652754
0.825169 0.000649656
0.826693 0.000646793
0.828219 0.000643851
0.829749 0.000640801
0.831281 0.000638049
0.832816 0.00063475
0.834354 0.00063225
0.835895 0.000628531
0.837438 0.000626546
0.838985 0.000622768
0.840534 0.000621059
0.842086 0.000617339
0.843641 0.000615614
0.845199 0.000611907
0.84676 0.000610149
0.848323 0.000606478
0.84989 0.000604663
0.851459 0.000600993
0.853031 0.000599154
0.854607 0.000595534
0.856185 0.000593684
0.857766 0.000590104
0.85935 0.000588191
0.860937 0.00058469
0.862526 0.000582842
0.864119 0.000579506
0.865715 0.000577631
0.867313 0.000574402
0.868915 0.000572465
0.87052 0.000569278
0.872127 0.000567277
0.873738 0.000564113
0.875351 0.000562067
0.876967 0.000558979
0.878587 0.000556854
0.880209 0.000553815
0.881835 0.000551627
0.883463 0.00054868
0.885094 0.000546405
0.886729 0.000543561
0.888366 0.000541321
0.890007 0.000538693
0.89165 0.000536365
0.893297 0.000533861
0.894946 0.000531393
0.896599 0.000529021
0.898255 0.000526366
0.899913 0.000524151
0.901575 0.000521273
0.90324 0.000519293
0.904908 0.000515905
0.906579 0.000514425
0.908253 0.000511066
0.90993 0.000509569
0.911611 0.000506247
0.913294 0.000504782
0.91498 0.000501663
0.91667 0.000500155
0.918363 0.000497128
0.920059 0.000495593
0.921758 0.000492569
0.92346 0.000491024
0.925165 0.000488016
0.926873 0.000486438
0.928585 0.000483456
0.9303 0.000481832
0.932018 0.000478892
0.933739 0.000477225
0.935463 0.000474307
0.93719 0.000472638
0.938921 0.000469795
0.940655 0.000468136
0.942392 0.000465479
0.944132 0.000463783
0.945875 0.0004612
0.947622 0.00045946
0.949372 0.000456912
0.951125 0.00045511
0.952881 0.000452606
0.954641 0.000450749
0.956404 0.00044831
0.95817 0.000446379
0.959939 0.000444001
0.961712 0.000442006
0.963488 0.000439708
0.965267 0.000437614
0.967049 0.000435474
0.968835 0.000433336
0.970624 0.000431389
0.972417 0.00042913
0.974212 0.000427377
0.976011 0.000424843
0.977814 0.000423352
0.979619 0.000420561
0.981428 0.000419296
0.983241 0.000416518
0.985056 0.000415255
0.986875 0.000412481
0.988698 0.000411204
0.990523 0.000408474
0.992352 0.000407166
0.994185 0.00040447
0.996021 0.000403175
0.99786 0.000400623
0.999703 0.000399336
1.00155 0.000396866
1.0034 0.000395532
1.00525 0.000393094
1.00711 0.000391744
1.00897 0.000389305
1.01083 0.000387909
1.0127 0.000385507
1.01457 0.000384083
1.01644 0.000381711
1.01832 0.000380264
1.0202 0.00037793
1.02208 0.000376449
1.02397 0.000374188
1.02586 0.000372703
1.02775 0.000370581
1.02965 0.000369069
1.03155 0.000367045
1.03346 0.000365485
1.03537 0.000363485
1.03728 0.000361869
1.03919 0.000359934
1.04111 0.000358233
1.04304 0.000356372
1.04496 0.000354568
1.04689 0.00035281
1.04882 0.000350887
1.05076 0.000349266
1.0527 0.000347186
1.05465 0.000345749
1.05659 0.000343377
1.05854 0.000342365
1.0605 0.000340083
1.06246 0.000339048
1.06442 0.000336769
1.06638 0.000335709
1.06835 0.00033345
1.07033 0.000332372
1.0723 0.000330127
1.07428 0.000329013
1.07627 0.000326795
1.07825 0.000325678
1.08025 0.000323473
1.08224 0.000322357
1.08424 0.000320178
1.08624 0.000319055
1.08825 0.000317008
1.09026 0.000315872
1.09227 0.000313898
1.09429 0.000312749
1.09631 0.000310792
1.09833 0.000309612
1.10036 0.000307681
1.10239 0.000306457
1.10443 0.000304549
1.10647 0.000303305
1.10851 0.000301429
1.11056 0.000300139
1.11261 0.00029831
1.11466 0.000296982
1.11672 0.000295215
1.11878 0.000293882
1.12085 0.00029223
1.12292 0.000290888
1.12499 0.00028934
1.12707 0.000287896
1.12915 0.00028642
1.13124 0.00028489
1.13333 0.000283494
1.13542 0.000281864
1.13751 0.000280563
1.13962 0.000278751
1.14172 0.000277638
1.14383 0.000275604
1.14594 0.000274717
1.14806 0.000272715
1.15018 0.000271842
1.1523 0.00026991
1.15443 0.000269045
1.15656 0.000267218
1.1587 0.000266319
1.16083 0.000264496
1.16298 0.000263589
1.16513 0.000261769
1.16728 0.000260842
1.16943 0.000259041
1.17159 0.000258096
1.17376 0.00025631
1.17592 0.000255354
1.1781 0.000253585
1.18027 0.000252614
1.18245 0.000250881
1.18463 0.000249915
1.18682 0.000248272
1.18901 0.000247301
1.19121 0.000245748
1.19341 0.00024474
1.19561 0.000243203
1.19782 0.000242161
1.20003 0.000240657
1.20225 0.000239581
1.20447 0.000238104
1.20669 0.00023699
1.20892 0.000235551
1.21115 0.000234398
1.21339 0.000233009
1.21563 0.000231801
1.21787 0.000230481
1.22012 0.000229255
1.22238 0.000228049
1.22463 0.000226775
1.2269 0.000225683
1.22916 0.000224302
1.23143 0.000223302
1.2337 0.000221638
1.23598 0.000220924
1.23826 0.000219267
1.24055 0.000218541
1.24284 0.000216893
1.24514 0.000216148
1.24744 0.000214522
1.24974 0.000213773
1.25205 0.000212167
1.25436 0.000211427
1.25668 0.000209885
1.259 0.000209143
1.26132 0.00020769
1.26365 0.000206942
1.26598 0.00020549
1.26832 0.000204711
1.27066 0.00020328
1.27301 0.000202486
1.27536 0.000201059
1.27772 0.000200258
1.28008 0.000198846
1.28244 0.000198027
1.28481 0.000196637
1.28718 0.000195788
1.28956 0.000194445
1.29194 0.000193603
1.29432 0.00019232
1.29671 0.000191477
1.29911 0.000190275
1.30151 0.000189393
1.30391 0.000188218
1.30632 0.000187304
1.30873 0.000186164
1.31115 0.000185206
1.31357 0.000184096
1.31599 0.000183089
1.31842 0.000182027
1.32086 0.000180963
1.3233 0.00017997
1.32574 0.000178836
1.32819 0.000177933
1.33064 0.000176713
1.3331 0.000175957
1.33556 0.000174629
1.33803 0.000174045
1.3405 0.000172728
1.34297 0.000172133
1.34545 0.000170811
1.34794 0.000170214
1.35043 0.000168901
1.35292 0.00016828
1.35542 0.000166985
1.35792 0.000166358
1.36043 0.000165072
1.36294 0.000164439
1.36546 0.000163172
1.36798 0.000162536
1.37051 0.000161323
1.37304 0.000160705
1.37557 0.000159554
1.37811 0.00015892
1.38066 0.000157783
1.38321 0.000157124
1.38576 0.000156003
1.38832 0.000155331
1.39088 0.000154229
1.39345 0.000153528
1.39603 0.000152444
1.3986 0.000151726
1.40119 0.000150668
1.40377 0.000149931
1.40637 0.000148905
1.40896 0.000148162
1.41157 0.000147186
1.41417 0.000146447
1.41678 0.000145549
1.4194 0.000144775
1.42202 0.000143903
1.42465 0.000143081
1.42728 0.000142254
1.42991 0.000141368
1.43255 0.000140597
1.4352 0.000139636
1.43785 0.000138937
1.4405 0.000137811
1.44316 0.00013729
1.44583 0.000136135
1.4485 0.000135655
1.45117 0.000134537
1.45385 0.000134064
1.45654 0.000133026
1.45923 0.000132541
1.46192 0.000131509
1.46462 0.000131016
1.46733 0.000129981
1.47004 0.000129478
1.47275 0.000128452
1.47547 0.00012794
1.47819 0.00012693
1.48092 0.000126401
1.48366 0.0001254
1.4864 0.000124869
1.48914 0.000123882
1.49189 0.000123354
1.49465 0.000122409
1.49741 0.000121886
1.50017 0.000121003
1.50294 0.000120461
1.50572 0.000119592
1.5085 0.000119035
1.51129 0.000118181
1.51408 0.000117605
1.51687 0.000116769
1.51967 0.000116169
1.52248 0.000115348
1.52529 0.000114727
1.52811 0.000113938
1.53093 0.000113289
1.53376 0.000112534
1.53659 0.000111871
1.53943 0.000111165
1.54227 0.000110502
1.54512 0.000109868
1.54797 0.000109151
1.55083 0.000108559
1.55369 0.000107764
1.55656 0.000107252
1.55944 0.000106328
1.56231 0.000105938
1.5652 0.000105024
1.56809 0.000104628
1.57099 0.000103713
1.57389 0.000103318
1.57679 0.000102418
1.5797 0.000102024
1.58262 0.000101151
1.58554 0.000100765
1.58847 9.99579e-05
1.59141 9.95594e-05
1.59434 9.8759e-05
1.59729 9.83556e-05
1.60024 9.75594e-05
1.60319 9.71414e-05
1.60615 9.63515e-05
1.60912 9.59243e-05
1.61209 9.51462e-05
1.61507 9.47077e-05
1.61805 9.39434e-05
1.62104 9.34969e-05
1.62403 9.27497e-05
1.62703 9.22987e-05
1.63003 9.15798e-05
1.63304 9.11368e-05
1.63606 9.04766e-05
1.63908 9.00245e-05
1.64211 8.93704e-05
1.64514 8.88952e-05
1.64818 8.82582e-05
1.65122 8.7763e-05
1.65427 8.71505e-05
1.65733 8.6626e-05
1.66039 8.60338e-05
1.66345 8.54825e-05
1.66652 8.49255e-05
1.6696 8.43397e-05
1.67268 8.38227e-05
1.67577 8.31969e-05
1.67887 8.2748e-05
1.68197 8.20775e-05
1.68507 8.17338e-05
1.68819 8.10163e-05
1.6913 8.0713e-05
1.69443 7.99965e-05
1.69756 7.96899e-05
1.70069 7.89768e-05
1.70383 7.86642e-05
1.70698 7.79552e-05
1.71013 7.76347e-05
1.71329 7.69336e-05
1.71645 7.66098e-05
1.71962 7.59183e-05
1.7228 7.5597e-05
1.72598 7.49278e-05
1.72916 7.46091e-05
1.73236 7.3997e-05
1.73556 7.36709e-05
1.73876 7.30615e-05
1.74197 7.27286e-05
1.74519 7.21267e-05
1.74841 7.17829e-05
1.75164 7.11888e-05
1.75487 7.08333e-05
1.75812 7.02474e-05
1.76136 6.98848e-05
1.76461 6.93138e-05
1.76787 6.89379e-05
1.77114 6.83824e-05
1.77441 6.79994e-05
1.77768 6.747e-05
1.78097 6.70965e-05
1.78426 6.66136e-05
1.78755 6.62239e-05
1.79085 6.57539e-05
1.79416 6.53407e-05
1.79747 6.48954e-05
1.80079 6.44557e-05
1.80412 6.40315e-05
1.80745 6.35571e-05
1.81079 6.31664e-05
1.81413 6.26446e-05
1.81748 6.23059e-05
1.82084 6.16899e-05
1.8242 6.145e-05
1.82757 6.08499e-05
1.83094 6.06152e-05
1.83432 6.00695e-05
1.83771 5.98305e-05
1.8411 5.92877e-05
1.8445 5.90413e-05
1.84791 5.84993e-05
1.85132 5.82506e-05
1.85474 5.77117e-05
1.85816 5.74555e-05
1.8616 5.69247e-05
1.86503 5.66669e-05
1.86848 5.61383e-05
1.87193 5.58735e-05
1.87538 5.53556e-05
1.87885 5.50895e-05
1.88232 5.4584e-05
1.88579 5.43281e-05
1.88928 5.38723e-05
1.89276 5.3607e-05
1.89626 5.31562e-05
1.89976 5.28809e-05
1.90327 5.2435e-05
1.90678 5.21546e-05
1.9103 5.17152e-05
1.91383 5.14229e-05
1.91737 5.09935e-05
1.92091 5.06912e-05
1.92445 5.02734e-05
1.92801 4.99567e-05
1.93157 4.95597e-05
1.93514 4.92323e-05
1.93871 4.8856e-05
1.94229 4.85364e-05
1.94588 4.82034e-05
1.94947 4.78602e-05
1.95307 4.75484e-05
1.95667 4.71745e-05
1.96029 4.68913e-05
1.96391 4.646e-05
1.96753 4.62327e-05
1.97117 4.5762e-05
1.97481 4.55722e-05
1.97845 4.51039e-05
1.98211 4.49141e-05
1.98577 4.4451e-05
1.98943 4.42615e-05
1.99311 4.38073e-05
1.99679 4.36247e-05
2.00048 4.32128e-05
2.00417 4.30243e-05
2.00787 4.26188e-05
2.01158 4.2427e-05
2.01529 4.20232e-05
2.01902 4.18234e-05
2.02274 4.14246e-05
2.02648 4.12238e-05
2.03022 4.08254e-05
2.03397 4.06189e-05
2.03773 4.02283e-05
2.04149 4.00168e-05
2.04526 3.96347e-05
2.04904 3.94208e-05
2.05282 3.90478e-05
2.05661 3.88415e-05
2.06041 3.85083e-05
2.06421 3.82935e-05
2.06802 3.79657e-05
2.07184 3.77423e-05
2.07567 3.74234e-05
2.0795 3.7187e-05
2.08334 3.68772e-05
2.08719 3.66308e-05
2.09104 3.63322e-05
2.0949 3.60731e-05
2.09877 3.57883e-05
2.10265 3.55157e-05
2.10653 3.5248e-05
2.11042 3.49561e-05
2.11432 3.47172e-05
2.11822 3.44199e-05
2.12213 3.42249e-05
2.12605 3.38709e-05
2.12998 3.37323e-05
2.13391 3.33799e-05
2.13785 3.32377e-05
2.1418 3.28874e-05
2.14576 3.27429e-05
2.14972 3.23944e-05
2.15369 3.22461e-05
2.15766 3.19017e-05
2.16165 3.17514e-05
2.16564 3.14111e-05
2.16964 3.12626e-05
2.17365 3.09278e-05
2.17766 3.07842e-05
2.18168 3.04819e-05
2.18571 3.03343e-05
2.18975 3.00388e-05
2.19379 2.98856e-05
2.19784 2.95913e-05
2.2019 2.94352e-05
2.20597 2.91456e-05
2.21004 2.89844e-05
2.21412 2.86993e-05
2.21821 2.8533e-05
2.2223 2.8252e-05
2.22641 2.80811e-05
2.23052 2.78082e-05
2.23464 2.76325e-05
2.23876 2.73702e-05
2.2429 2.72022e-05
2.24704 2.69666e-05
2.25119 2.67919e-05
2.25535 2.65645e-05
2.25951 2.63805e-05
2.26368 2.61607e-05
2.26786 2.59652e-05
2.27205 2.57575e-05
2.27625 2.55467e-05
2.28045 2.53528e-05
2.28466 2.51236e-05
2.28888 2.49494e-05
2.29311 2.46878e-05
2.29734 2.45485e-05
2.30158 2.42585e-05
2.30583 2.4155e-05
2.31009 2.38929e-05
2.31436 2.37891e-05
2.31863 2.3531e-05
2.32291 2.34252e-05
2.3272 2.31693e-05
2.3315 2.30603e-05
2.33581 2.28056e-05
2.34012 2.26943e-05
2.34444 2.24411e-05
2.34877 2.23278e-05
2.35311 2.20779e-05
2.35745 2.19618e-05
2.36181 2.17161e-05
2.36617 2.16006e-05
2.37054 2.136e-05
2.37491 2.12475e-05
2.3793 2.103e-05
2.38369 2.09157e-05
2.38809 2.07053e-05
2.3925 2.05873e-05
2.39692 2.03789e-05
2.40135 2.02564e-05
2.40578 2.00522e-05
2.41023 1.99244e-05
2.41468 1.97248e-05
2.41914 1.95914e-05
2.4236 1.93976e-05
2.42808 1.92599e-05
2.43256 1.90726e-05
2.43705 1.89298e-05
2.44155 1.87533e-05
2.44606 1.86136e-05
2.45058 1.84563e-05
2.4551 1.83097e-05
2.45964 1.81647e-05
2.46418 1.80063e-05
2.46873 1.78713e-05
2.47329 1.76948e-05
2.47786 1.7577e-05
2.48243 1.73614e-05
2.48702 1.72825e-05
2.49161 1.70688e-05
2.49621 1.69896e-05
2.50082 1.67777e-05
2.50544 1.66974e-05
2.51006 1.64898e-05
2.5147 1.64129e-05
2.51934 1.62242e-05
2.52399 1.61456e-05
2.52866 1.5964e-05
2.53333 1.58839e-05
2.538 1.57027e-05
2.54269 1.56213e-05
2.54739 1.54407e-05
2.55209 1.53563e-05
2.5568 1.5179e-05
2.56152 1.50913e-05
2.56625 1.49163e-05
2.57099 1.4828e-05
2.57574 1.46553e-05
2.5805 1.45659e-05
2.58526 1.43988e-05
2.59004 1.43118e-05
2.59482 1.41599e-05
2.59961 1.40725e-05
2.60441 1.3927e-05
2.60922 1.38353e-05
2.61404 1.36935e-05
2.61886 1.35969e-05
2.6237 1.34586e-05
2.62855 1.3357e-05
2.6334 1.32231e-05
2.63826 1.3117e-05
2.64313 1.29895e-05
2.64801 1.28757e-05
2.6529 1.27561e-05
2.6578 1.26368e-05
2.66271 1.25276e-05
2.66763 1.24067e-05
2.67255 1.23141e-05
2.67749 1.21813e-05
2.68243 1.21069e-05
2.68739 1.19538e-05
2.69235 1.18976e-05
2.69732 1.17458e-05
2.7023 1.16883e-05
2.70729 1.15363e-05
2.71229 1.14778e-05
2.7173 1.13281e-05
2.72232 1.12682e-05
2.72735 1.11204e-05
2.73238 1.1061e-05
2.73743 1.09156e-05
2.74248 1.08586e-05
2.74755 1.07257e-05
2.75262 1.06682e-05
2.7577 1.0542e-05
2.7628 1.0483e-05
2.7679 1.03578e-05
2.77301 1.02973e-05
2.77813 1.01734e-05
2.78326 1.01102e-05
2.7884 9.98798e-06
2.79355 9.92345e-06
2.79871 9.80363e-06
2.80387 9.73615e-06
2.80905 9.61927e-06
2.81424 9.55117e-06
2.81944 9.43842e-06
2.82464 9.37193e-06
2.82986 9.27021e-06
2.83508 9.20227e-06
2.84032 9.10775e-06
2.84556 9.03627e-06
2.85082 8.94441e-06
2.85608 8.86811e-06
2.86136 8.7804e-06
2.86664 8.6991e-06
2.87193 8.61673e-06
2.87724 8.52794e-06
2.88255 8.45297e-06
2.88787 8.35509e-06
2.89321 8.29003e-06
2.89855 8.16899e-06
2.9039 8.13061e-06
2.90926 8.01989e-06
2.91464 7.98205e-06
2.92002 7.87721e-06
2.92541 7.83758e-06
2.93081 7.73386e-06
2.93623 7.69316e-06
2.94165 7.58982e-06
2.94708 7.5485e-06
2.95252 7.44543e-06
2.95797 7.40273e-06
2.96344 7.30119e-06
2.96891 7.25828e-06
2.97439 7.15768e-06
2.97988 7.11396e-06
2.98539 7.01621e-06
2.9909 6.97433e-06
2.99642 6.8846e-06
3.00195 6.84302e-06
3.0075 6.75845e-06
3.01305 6.7156e-06
3.01862 6.6319e-06
3.02419 6.58711e-06
3.02977 6.5051e-06
3.03537 6.45825e-06
3.04097 6.37778e-06
3.04659 6.32904e-06
3.05222 6.25111e-06
3.05785 6.19994e-06
3.0635 6.12455e-06
3.06916 6.0722e-06
3.07482 6.00088e-06
3.0805 5.94899e-06
3.08619 5.88499e-06
3.09189 5.83232e-06
3.0976 5.77419e-06
3.10332 5.71741e-06
3.10905 5.66364e-06
3.11479 5.60105e-06
3.12054 5.55213e-06
3.1263 5.48112e-06
3.13208 5.4406e-06
3.13786 5.35741e-06
3.14365 5.32908e-06
3.14946 5.24675e-06
3.15528 5.21847e-06
3.1611 5.13729e-06
3.16694 5.11036e-06
3.17279 5.03586e-06
3.17865 5.00925e-06
3.18452 4.93995e-06
3.1904 4.91235e-06
3.19629 4.84365e-06
3.20219 4.81525e-06
3.2081 4.74686e-06
3.21403 4.71745e-06
3.21996 4.64984e-06
3.22591 4.62008e-06
3.23187 4.55286e-06
3.23783 4.52234e-06
3.24381 4.45656e-06
3.2498 4.42534e-06
3.2558 4.36146e-06
3.26182 4.33139e-06
3.26784 4.27312e-06
3.27387 4.24335e-06
3.27992 4.1894e-06
3.28598 4.15804e-06
3.29204 4.10534e-06
3.29812 4.07252e-06
3.30421 4.0211e-06
3.31031 3.98674e-06
3.31643 3.93645e-06
3.32255 3.9001e-06
3.32869 3.85209e-06
3.33483 3.8139e-06
3.34099 3.76829e-06
3.34716 3.72763e-06
3.35334 3.6859e-06
3.35953 3.64435e-06
3.36574 3.6088e-06
3.37195 3.56562e-06
3.37818 3.53593e-06
3.38442 3.48378e-06
3.39067 3.46318e-06
3.39693 3.40826e-06
3.4032 3.3898e-06
3.40949 3.33499e-06
3.41578 3.31599e-06
3.42209 3.26202e-06
3.42841 3.24262e-06
3.43474 3.1892e-06
3.44108 3.1699e-06
3.44744 3.1173e-06
3.4538 3.0987e-06
3.46018 3.05022e-06
3.46657 3.03202e-06
3.47297 2.98805e-06
3.47939 2.9691e-06
3.48581 2.92521e-06
3.49225 2.90587e-06
3.4987 2.86235e-06
3.50516 2.84227e-06
3.51163 2.79939e-06
3.51811 2.77852e-06
3.52461 2.73625e-06
3.53112 2.7148e-06
3.53764 2.67354e-06
3.54417 2.65171e-06
3.55072 2.61173e-06
3.55727 2.59028e-06
3.56384 2.55417e-06
3.57042 2.53308e-06
3.57702 2.50039e-06
3.58362 2.47807e-06
3.59024 2.44662e-06
3.59687 2.42272e-06
3.60351 2.39241e-06
3.61017 2.36699e-06
3.61683 2.33823e-06
3.62351 2.31067e-06
3.6302 2.28398e-06
3.63691 2.25383e-06
3.64362 2.23007e-06
3.65035 2.1962e-06
3.65709 2.1772e-06
3.66384 2.13901e-06
3.67061 2.12777e-06
3.67739 2.09343e-06
3.68418 2.08179e-06
3.69098 2.04745e-06
3.6978 2.03552e-06
3.70463 2.00128e-06
3.71147 1.98917e-06
3.71832 1.95512e-06
3.72519 1.94261e-06
3.73207 1.90886e-06
3.73896 1.89601e-06
3.74586 1.86284e-06
3.75278 1.84994e-06
3.75971 1.81738e-06
3.76665 1.80483e-06
3.77361 1.77473e-06
3.78058 1.76264e-06
3.78756 1.73578e-06
3.79455 1.72317e-06
3.80156 1.69662e-06
3.80858 1.68347e-06
3.81561 1.65727e-06
3.82266 1.64363e-06
3.82972 1.61782e-06
3.83679 1.60354e-06
3.84387 1.57833e-06
3.85097 1.56369e-06
3.85808 1.53912e-06
3.86521 1.52374e-06
3.87234 1.50046e-06
3.87949 1.48519e-06
3.88666 1.46434e-06
3.89384 1.44953e-06
3.90103 1.43119e-06
3.90823 1.41522e-06
3.91545 1.39795e-06
3.92268 1.38031e-06
3.92992 1.36461e-06
3.93718 1.34495e-06
3.94445 1.33108e-06
3.95173 1.30748e-06
3.95903 1.29767e-06
3.96634 1.27211e-06
3.97366 1.26444e-06
3.981 1.23923e-06
3.98835 1.23183e-06
3.99572 1.20836e-06
4.0031 1.20134e-06
4.01049 1.18059e-06
4.01789 1.1733e-06
4.02531 1.15273e-06
4.03275 1.14518e-06
4.04019 1.12472e-06
4.04765 1.11694e-06
4.05513 1.09666e-06
4.06262 1.08859e-06
4.07012 1.06854e-06
4.07763 1.06026e-06
4.08516 1.0405e-06
4.09271 1.03222e-06
4.10027 1.01291e-06
4.10784 1.00479e-06
4.11542 9.86947e-07
4.12302 9.79191e-07
4.13064 9.63654e-07
4.13826 9.556e-07
4.14591 9.40349e-07
4.15356 9.31758e-07
4.16123 9.16841e-07
4.16892 9.07778e-07
4.17661 8.93278e-07
4.18433 8.83751e-07
4.19205 8.69711e-07
4.19979 8.59619e-07
4.20755 8.46223e-07
4.21532 8.35478e-07
4.2231 8.23214e-07
4.2309 8.12194e-07
4.23871 8.01473e-07
4.24654 7.90722e-07
4.25438 7.81981e-07
4.26224 7.69664e-07
4.27011 7.62414e-07
4.278 7.47273e-07
4.2859 7.42724e-07
4.29381 7.27655e-07
4.30174 7.22971e-07
4.30968 7.08021e-07
4.31764 7.0327e-07
4.32561 6.88439e-07
4.3336 6.83654e-07
4.3416 6.69028e-07
4.34962 6.64428e-07
4.35765 6.50706e-07
4.3657 6.46447e-07
4.37376 6.34671e-07
4.38184 6.30234e-07
4.38993 6.1851e-07
4.39804 6.13849e-07
4.40616 6.02294e-07
4.41429 5.97446e-07
4.42245 5.85936e-07
4.43061 5.80962e-07
4.43879 5.69646e-07
4.44699 5.64473e-07
4.4552 5.53367e-07
4.46343 5.48053e-07
4.47167 5.37328e-07
4.47993 5.32108e-07
4.4882 5.22172e-07
4.49649 5.1732e-07
4.50479 5.08913e-07
4.51311 5.03782e-07
4.52144 4.95626e-07
4.52979 4.9006e-07
4.53816 4.82219e-07
4.54654 4.76271e-07
4.55493 4.68748e-07
4.56335 4.62347e-07
4.57177 4.55347e-07
4.58021 4.48308e-07
4.58867 4.41943e-07
4.59715 4.34162e-07
4.60564 4.28781e-07
4.61414 4.19889e-07
4.62266 4.16366e-07
4.6312 4.07963e-07
4.63975 4.05499e-07
4.64832 3.97092e-07
4.6569 3.9458e-07
4.6655 3.86194e-07
4.67411 3.83583e-07
4.68275 3.75241e-07
4.69139 3.72558e-07
4.70006 3.64263e-07
4.70874 3.61487e-07
4.71743 3.53322e-07
4.72614 3.50534e-07
4.73487 3.42509e-07
4.74361 3.39744e-07
4.75237 3.32192e-07
4.76115 3.29733e-07
4.76994 3.23393e-07
4.77875 3.20802e-07
4.78757 3.14537e-07
4.79641 3.1182e-07
4.80527 3.05643e-07
4.81414 3.02804e-07
4.82303 2.96681e-07
4.83194 2.93693e-07
4.84086 2.87752e-07
4.8498 2.84624e-07
4.85876 2.7881e-07
4.86773 2.75565e-07
4.87672 2.7002e-07
4.88572 2.66677e-07
4.89475 2.61627e-07
4.90378 2.58643e-07
4.91284 2.54492e-07
4.92191 2.5122e-07
4.931 2.47306e-07
4.94011 2.43744e-07
4.94923 2.40071e-07
4.95837 2.3611e-07
4.96752 2.32819e-07
4.9767 2.28262e-07
4.98589 2.25552e-07
4.99509 2.19805e-07
5.00432 2.18309e-07
5.01356 2.12635e-07
5.02282 2.11175e-07
5.03209 2.05753e-07
5.04138 2.04459e-07
5.05069 2.00058e-07
5.06002 1.98695e-07
5.06936 1.94323e-07
5.07873 1.92905e-07
5.0881 1.88545e-07
5.0975 1.87101e-07
5.10691 1.82756e-07
5.11634 1.81247e-07
5.12579 1.76953e-07
5.13526 1.75401e-07
5.14474 1.71169e-07
5.15424 1.6957e-07
5.16376 1.65421e-07
5.17329 1.63847e-07
5.18285 1.59925e-07
5.19242 1.58535e-07
5.202 1.55385e-07
5.21161 1.53919e-07
5.22123 1.50803e-07
5.23088 1.49244e-07
5.24054 1.46199e-07
5.25021 1.4456e-07
5.25991 1.41558e-07
5.26962 1.3981e-07
5.27935 1.36936e-07
5.2891 1.35078e-07
5.29887 1.32306e-07
5.30865 1.30337e-07
5.31846 1.27752e-07
5.32828 1.25667e-07
5.33812 1.23381e-07
5.34797 1.21519e-07
5.35785 1.19766e-07
5.36774 1.17659e-07
5.37765 1.16129e-07
5.38758 1.13631e-07
5.39753 1.12463e-07
5.4075 1.09556e-07
5.41749 1.08782e-07
5.42749 1.05891e-07
5.43751 1.05103e-07
5.44755 1.02223e-07
5.45761 1.01431e-07
5.46769 9.85928e-08
5.47779 9.78091e-08
5.4879 9.50607e-08
5.49804 9.4393e-08
5.50819 9.224e-08
5.51836 9.15348e-08
5.52855 8.94005e-08
5.53876 8.8665e-08
5.54899 8.65422e-08
5.55923 8.57735e-08
5.5695 8.36715e-08
5.57979 8.28642e-08
5.59009 8.07894e-08
5.60041 7.99526e-08
5.61075 7.79141e-08
5.62111 7.70509e-08
5.63149 7.50649e-08
5.64189 7.41914e-08
5.65231 7.23071e-08
5.66275 7.15562e-08
5.67321 7.00946e-08
5.68368 6.92899e-08
5.69418 6.787e-08
5.70469 6.70098e-08
5.71523 6.56323e-08
5.72578 6.47013e-08
5.73635 6.33823e-08
5.74695 6.23794e-08
5.75756 6.11252e-08
5.76819 6.0019e-08
5.77884 5.88781e-08
5.78951 5.76637e-08
5.8002 5.66534e-08
5.81092 5.52793e-08
5.82165 5.45237e-08
5.8324 5.31302e-08
5.84317 5.27929e-08
5.85396 5.14165e-08
5.86477 5.10668e-08
5.8756 4.96936e-08
5.88645 4.93254e-08
5.89732 4.79584e-08
5.90821 4.75791e-08
5.91912 4.62209e-08
5.93005 4.58286e-08
5.941 4.44804e-08
5.95197 4.40792e-08
5.96296 4.27532e-08
5.97397 4.23596e-08
5.985 4.10743e-08
5.99605 4.07373e-08
6.00713 3.97453e-08
6.01822 3.93923e-08
6.02933 3.84285e-08
6.04047 3.80643e-08
6.05162 3.71013e-08
6.06279 3.67125e-08
6.07399 3.57689e-08
6.08521 3.53587e-08
6.09644 3.44339e-08
6.1077 3.40032e-08
6.11898 3.30956e-08
6.13028 3.26439e-08
6.1416 3.17747e-08
6.15294 3.13075e-08
6.1643 3.04962e-08
6.17569 3.00932e-08
6.18709 2.94711e-08
6.19851 2.90462e-08
6.20996 2.84702e-08
6.22143 2.80044e-08
6.23292 2.74567e-08
6.24443 2.69398e-08
6.25596 2.64403e-08
6.26751 2.58522e-08
6.27908 2.54194e-08
6.29068 2.47287e-08
6.30229 2.44038e-08
6.31393 2.3576e-08
6.32559 2.33968e-08
6.33727 2.25894e-08
6.34897 2.24368e-08
6.3607 2.18112e-08
6.37244 2.16576e-08
6.38421 2.10582e-08
6.396 2.08935e-08
6.40781 2.02989e-08
6.41964 2.01285e-08
6.4315 1.95359e-08
6.44338 1.93581e-08
6.45527 1.87669e-08
6.46719 1.85821e-08
6.47914 1.8e-08
6.4911 1.78093e-08
6.50309 1.72392e-08
6.5151 1.70508e-08
6.52713 1.65004e-08
6.53918 1.63394e-08
6.55126 1.59122e-08
6.56335 1.57499e-08
6.57547 1.53483e-08
6.58761 1.51725e-08
6.59978 1.47777e-08
6.61197 1.45927e-08
6.62418 1.42054e-08
6.63641 1.4007e-08
6.64866 1.36306e-08
6.66094 1.34152e-08
6.67324 1.30566e-08
6.68556 1.28282e-08
6.69791 1.24868e-08
6.71028 1.22439e-08
6.72267 1.1939e-08
6.73508 1.17266e-08
6.74752 1.1499e-08
6.75998 1.12754e-08
6.77246 1.1079e-08
6.78497 1.08195e-08
6.7975 1.06548e-08
6.81005 1.03055e-08
6.82263 1.02286e-08
6.83522 9.88024e-09
6.84785 9.80147e-09
6.86049 9.45501e-09
6.87316 9.37359e-09
6.88585 9.03203e-09
6.89857 8.95116e-09
6.91131 8.61822e-09
6.92407 8.55078e-09
6.93686 8.29166e-09
6.94967 8.22467e-09
6.9625 7.9842e-09
6.97536 7.91322e-09
6.98824 7.6743e-09
7.00114 7.59925e-09
7.01407 7.36265e-09
7.02702 7.28482e-09
7.04 7.0499e-09
7.053 6.96797e-09
7.06602 6.73658e-09
7.07907 6.65145e-09
7.09214 6.42487e-09
7.10524 6.33882e-09
7.11836 6.12332e-09
7.1315 6.04913e-09
7.14467 5.88267e-09
7.15787 5.80874e-09
7.17108 5.65923e-09
7.18433 5.5786e-09
7.19759 5.43285e-09
7.21088 5.34701e-09
7.2242 5.20619e-09
7.23754 5.11172e-09
7.2509 4.97759e-09
7.26429 4.87378e-09
7.27771 4.74864e-09
7.29115 4.63568e-09
7.30461 4.52291e-09
7.3181 4.39522e-09
7.33161 4.30519e-09
7.34515 4.18539e-09
7.35872 4.1306e-09
7.3723 3.99725e-09
7.38592 3.96887e-09
7.39956 3.83545e-09
7.41322 3.80586e-09
7.42691 3.6726e-09
7.44062 3.64175e-09
7.45436 3.50903e-09
7.46813 3.47705e-09
7.48192 3.34512e-09
7.49574 3.31182e-09
7.50958 3.18218e-09
7.52345 3.14897e-09
7.53734 3.02281e-09
7.55126 2.99451e-09
7.5652 2.89616e-09
7.57917 2.86944e-09
7.59317 2.78146e-09
7.60719 2.75297e-09
7.62124 2.66589e-09
7.63531 2.63539e-09
7.64941 2.5492e-09
7.66353 2.51709e-09
7.67769 2.43233e-09
7.69186 2.39823e-09
7.70607 2.31506e-09
7.7203 2.27865e-09
7.73455 2.19841e-09
7.74884 2.16067e-09
7.76315 2.08547e-09
7.77748 2.05309e-09
7.79184 1.99495e-09
7.80623 1.96326e-09
7.82065 1.91365e-09
7.83509 1.87891e-09
7.84956 1.8318e-09
7.86405 1.79297e-09
7.87857 1.74926e-09
7.89312 1.70565e-09
7.9077 1.66621e-09
7.9223 1.61555e-09
7.93693 1.58301e-09
7.95158 1.51832e-09
7.96627 1.50089e-09
7.98098 1.43234e-09
7.99572 1.42181e-09
8.01048 1.36798e-09
8.02527 1.3581e-09
8.04009 1.31154e-09
8.05494 1.30102e-09
8.06981 1.25464e-09
8.08472 1.24357e-09
8.09965 1.19736e-09
8.1146 1.18572e-09
8.12959 1.13968e-09
8.1446 1.12735e-09
8.15964 1.08194e-09
8.17471 1.06928e-09
8.1898 1.02427e-09
8.20492 1.01152e-09
8.22008 9.68092e-10
8.23526 9.5719e-10
8.25046 9.23093e-10
8.2657 9.12939e-10
8.28096 8.83904e-10
8.29625 8.73056e-10
8.31157 8.4444e-10
8.32692 8.32817e-10
8.3423 8.0469e-10
8.3577 7.92111e-10
8.37314 7.64652e-10
8.3886 7.51067e-10
8.40409 7.24451e-10
8.41961 7.10002e-10
8.43516 6.84624e-10
8.45073 6.69113e-10
8.46634 6.45888e-10
8.48197 6.32075e-10
8.49763 6.14844e-10
8.51333 6.01584e-10
8.52905 5.88066e-10
8.5448 5.72858e-10
8.56057 5.61048e-10
8.57638 5.42889e-10
8.59222 5.33852e-10
8.60809 5.10793e-10
8.62398 5.06454e-10
8.63991 4.83524e-10
8.65586 4.79033e-10
8.67185 4.56289e-10
8.68786 4.51812e-10
8.7039 4.29518e-10
8.71997 4.25804e-10
8.73608 4.08065e-10
8.75221 4.04724e-10
8.76837 3.90126e-10
8.78456 3.8653e-10
8.80078 3.7204e-10
8.81704 3.68237e-10
8.83332 3.53794e-10
8.84963 3.49741e-10
8.86597 3.35399e-10
8.88234 3.31112e-10
8.89874 3.16967e-10
8.91518 3.12449e-10
8.93164 2.98591e-10
8.94813 2.93939e-10
8.96466 2.80614e-10
8.98121 2.7663e-10
8.9978 2.66098e-10
9.01441 2.62579e-10
9.03106 2.54065e-10
9.04773 2.50234e-10
9.06444 2.41945e-10
9.08118 2.37757e-10
9.09795 2.29708e-10
9.11475 2.25068e-10
9.13158 2.17415e-10
9.14844 2.12299e-10
9.16534 2.05041e-10
9.18226 1.99384e-10
9.19922 1.92741e-10
9.2162 1.86375e-10
9.23322 1.8085e-10
9.25027 1.74853e-10
9.26736 1.71172e-10
9.28447 1.65147e-10
9.30161 1.63228e-10
9.31879 1.56422e-10
9.336 1.55205e-10
9.35324 1.48399e-10
9.37051 1.47111e-10
9.38781 1.40326e-10
9.40515 1.38971e-10
9.42252 1.32195e-10
9.43992 1.30774e-10
9.45735 1.24093e-10
9.47481 1.22657e-10
9.49231 1.16124e-10
9.50984 1.14903e-10
9.5274 1.09629e-10
9.54499 1.08585e-10
9.56262 1.04488e-10
9.58027 1.03362e-10
9.59797 9.9292e-11
9.61569 9.81064e-11
9.63345 9.40577e-11
9.65123 9.27827e-11
9.66906 8.87873e-11
9.68691 8.73945e-11
9.7048 8.34813e-11
9.72272 8.20181e-11
9.74067 7.82034e-11
9.75866 7.66449e-11
9.77668 7.30272e-11
9.79474 7.16468e-11
9.81282 6.8799e-11
9.83094 6.76285e-11
9.8491 6.5484e-11
9.86728 6.41843e-11
9.88551 6.2144e-11
9.90376 6.06965e-11
9.92205 5.87697e-11
9.94037 5.71182e-11
9.95873 5.53662e-11
9.97712 5.34666e-11
9.99554 5.19498e-11
10.014 4.97025e-11
10.0325 4.8548e-11
10.051 4.5626e-11
10.0696 4.52595e-11
10.0882 4.28533e-11
10.1068 4.25468e-11
10.1255 4.07655e-11
10.1442 4.04386e-11
10.1629 3.8656e-11
10.1817 3.83076e-11
10.2005 3.65245e-11
10.2193 3.61566e-11
10.2382 3.43793e-11
10.2571 3.39919e-11
10.276 3.22244e-11
10.295 3.18134e-11
10.314 3.00675e-11
10.333 2.96501e-11
10.3521 2.79456e-11
10.3712 2.75783e-11
10.3904 2.61835e-11
10.4096 2.58911e-11
10.4288 2.48798e-11
10.4481 2.4561e-11
10.4674 2.35623e-11
10.4867 2.32186e-11
10.5061 2.22308e-11
10.5255 2.18543e-11
10.5449 2.08898e-11
10.5644 2.04771e-11
10.5839 1.95399e-11
10.6034 1.90937e-11
10.623 1.81952e-11
10.6426 1.77073e-11
10.6623 1.68751e-11
10.682 1.64257e-11
10.7017 1.57772e-11
10.7214 1.54122e-11
10.7412 1.49707e-11
10.7611 1.45501e-11
10.7809 1.41538e-11
10.8008 1.36603e-11
10.8208 1.33303e-11
10.8408 1.27139e-11
10.8608 1.24989e-11
10.8809 1.17767e-11
10.9009 1.16639e-11
10.9211 1.0945e-11
10.9412 1.08311e-11
10.9614 1.01227e-11
10.9817 1.0023e-11
11.002 9.42879e-12
11.0223 9.35353e-12
11.0426 8.94121e-12
11.063 8.85825e-12
11.0835 8.44792e-12
11.1039 8.36003e-12
11.1244 7.95009e-12
11.145 7.8569e-12
11.1655 7.44862e-12
11.1862 7.34801e-12
11.2068 6.94373e-12
11.2275 6.83594e-12
11.2483 6.43722e-12
11.269 6.3254e-12
11.2898 5.93899e-12
11.3107 5.83815e-12
11.3316 5.51584e-12
11.3525 5.43946e-12
11.3735 5.2239e-12
11.3945 5.14043e-12
11.4155 4.92868e-12
11.4366 4.83622e-12
11.4577 4.63019e-12
11.4789 4.52845e-12
11.5001 4.32881e-12
11.5213 4.21573e-12
11.5426 4.02643e-12
11.5639 3.89824e-12
11.5852 3.7234e-12
11.6066 3.58127e-12
11.6281 3.42627e-12
11.6495 3.28515e-12
11.671 3.17547e-12
11.6926 3.06204e-12
11.7142 3.00264e-12
11.7358 2.8492e-12
11.7575 2.82797e-12
11.7792 2.67445e-12
11.801 2.65153e-12
11.8227 2.49825e-12
11.8446 2.47384e-12
11.8664 2.32068e-12
11.8884 2.29494e-12
11.9103 2.14266e-12
11.9323 2.1155e-12
11.9543 1.96609e-12
11.9764 1.94196e-12
11.9985 1.8132e-12
12.0207 1.79617e-12
12.0429 1.71377e-12
12.0651 1.69553e-12
12.0874 1.61336e-12
12.1097 1.59334e-12
12.1321 1.51166e-12
12.1545 1.49006e-12
12.1769 1.40933e-12
12.1994 1.38589e-12
12.2219 1.30622e-12
12.2445 1.28097e-12
12.2671 1.20269e-12
12.2898 1.1755e-12
12.3125 1.10055e-12
12.3352 1.0752e-12
12.358 1.01176e-12
12.3808 9.94126e-13
12.4037 9.54921e-13
12.4266 9.34871e-13
12.4495 8.97307e-13
12.4725 8.74776e-13
12.4955 8.39291e-13
12.5186 8.13443e-13
12.5417 7.80549e-13
12.5649 7.50793e-13
12.5881 7.21418e-13
12.6113 6.86328e-13
12.6346 6.62201e-13
12.658 6.18893e-13
12.6813 6.03983e-13
12.7048 5.57456e-13
12.7282 5.53804e-13
12.7517 5.25797e-13
12.7753 5.21833e-13
12.7989 4.93773e-13
12.8225 4.8949e-13
12.8462 4.61444e-13
12.8699 4.56803e-13
12.8937 4.28801e-13
12.9175 4.2386e-13
12.9413 3.95924e-13
12.9652 3.9054e-13
12.9892 3.62834e-13
13.0131 3.57297e-13
13.0372 3.30015e-13
13.0612 3.2481e-13
13.0854 3.00768e-13
13.1095 2.97396e-13
13.1337 2.83256e-13
13.158 2.79577e-13
13.1823 2.65574e-13
13.2066 2.61534e-13
13.231 2.47714e-13
13.2555 2.43276e-13
13.2799 2.29644e-13
13.3045 2.24732e-13
13.329 2.11465e-13
13.3536 2.06024e-13
13.3783 1.93186e-13
13.403 1.87273e-13
13.4277 1.7511e-13
13.4525 1.69149e-13
13.4774 1.58977e-13
13.5023 1.55139e-13
13.5272 1.49462e-13
13.5522 1.45066e-13
13.5772 1.39865e-13
13.6023 1.34656e-13
13.6274 1.30146e-13
13.6526 1.23774e-13
13.6778 1.2033e-13
13.703 1.11497e-13
13.7283 1.10437e-13
13.7537 1.01619e-13
13.7791 1.00514e-13
13.8045 9.17678e-14
13.83 9.07256e-14
13.8556 8.27369e-14
13.8811 8.21207e-14
13.9068 7.77333e-14
13.9325 7.70629e-14
13.9582 7.26713e-14
13.984 7.19258e-14
14.0098 6.75596e-14
14.0357 6.67529e-14
14.0616 6.23875e-14
14.0875 6.1511e-14
14.1136 5.71803e-14
14.1396 5.62229e-14
14.1657 5.19407e-14
14.1919 5.09437e-14
14.2181 4.67154e-14
14.2443 4.57415e-14
14.2706 4.19082e-14
14.297 4.13209e-14
14.3234 3.929e-14
14.3499 3.86405e-14
14.3763 3.66365e-14
14.4029 3.59093e-14
14.4295 3.39603e-14
14.4561 3.31439e-14
14.4828 3.12511e-14
14.5096 3.03458e-14
14.5364 2.85177e-14
14.5632 2.74979e-14
14.5901 2.57774e-14
14.617 2.46122e-14
14.644 2.30461e-14
14.6711 2.17853e-14
14.6982 2.05472e-14
14.7253 1.97661e-14
14.7525 1.9207e-14
14.7797 1.82261e-14
14.807 1.78483e-14
14.8344 1.66114e-14
14.8618 1.64751e-14
14.8892 1.52369e-14
14.9167 1.50875e-14
14.9443 1.38489e-14
14.9719 1.36879e-14
14.9995 1.24522e-14
15.0272 1.22763e-14
15.055 1.10548e-14
15.0828 1.08833e-14
15.1106 9.72521e-15
15.1385 9.63527e-15
15.1665 9.05855e-15
15.1945 8.95801e-15
15.2225 8.38379e-15
15.2506 8.27565e-15
15.2788 7.70233e-15
15.307 7.58322e-15
15.3353 7.01414e-15
15.3636 6.88217e-15
15.392 6.31827e-15
15.4204 6.17447e-15
15.4489 5.61906e-15
15.4774 5.4591e-15
15.506 4.91987e-15
15.5346 4.75776e-15
15.5633 4.26134e-15
15.592 4.19438e-15
15.6208 4.00992e-15
15.6497 3.93417e-15
15.6786 3.75553e-15
15.7075 3.66769e-15
15.7365 3.49632e-15
15.7656 3.39499e-15
15.7947 3.23181e-15
15.8239 3.10883e-15
15.8531 2.9567e-15
15.8824 2.8042e-15
15.9117 2.65193e-15
15.9411 2.42812e-15
15.9705 2.15816e-15
16 0
