# 1:pT 2:PhotonSpectrum=dN/d^2xT d^2pT dy
0.01 1288.76
0.0100185 1285.75
0.010037 1282.2
0.0100555 1279.12
0.0100741 1275.56
0.0100927 1272.42
0.0101113 1268.9
0.01013 1265.72
0.0101487 1262.2
0.0101674 1258.92
0.0101862 1255.36
0.010205 1252.04
0.0102239 1248.49
0.0102427 1245.14
0.0102617 1241.52
0.0102806 1238.1
0.0102996 1234.41
0.0103186 1230.92
0.0103377 1227.04
0.0103567 1223.59
0.0103759 1219.7
0.010395 1216.25
0.0104142 1212.41
0.0104335 1208.84
0.0104527 1205.04
0.010472 1201.56
0.0104914 1197.79
0.0105107 1194.25
0.0105301 1190.57
0.0105496 1186.98
0.0105691 1183.33
0.0105886 1179.79
0.0106081 1176.2
0.0106277 1172.7
0.0106474 1169.17
0.010667 1165.61
0.0106867 1162.16
0.0107065 1158.61
0.0107262 1155.18
0.010746 1151.61
0.0107659 1148.21
0.0107858 1144.58
0.0108057 1141.29
0.0108256 1137.51
0.0108456 1134.38
0.0108656 1130.65
0.0108857 1127.54
0.0109058 1123.8
0.0109259 1120.71
0.0109461 1117.14
0.0109663 1113.99
0.0109866 1110.47
0.0110069 1107.33
0.0110272 1103.78
0.0110476 1100.65
0.011068 1097.16
0.0110884 1094.03
0.0111089 1090.55
0.0111294 1087.41
0.0111499 1083.91
0.0111705 1080.83
0.0111912 1077.37
0.0112118 1074.28
0.0112325 1070.88
0.0112533 1067.8
0.0112741 1064.47
0.0112949 1061.35
0.0113157 1058.03
0.0113366 1054.95
0.0113576 1051.7
0.0113785 1048.58
0.0113995 1045.37
0.0114206 1042.23
0.0114417 1038.97
0.0114628 1035.87
0.011484 1032.67
0.0115052 1029.56
0.0115264 1026.4
0.0115477 1023.27
0.011569 1020.22
0.0115904 1017.09
0.0116118 1014.12
0.0116332 1010.95
0.0116547 1008
0.0116762 1004.72
0.0116978 1001.96
0.0117194 998.629
0.0117411 995.887
0.0117627 992.592
0.0117845 989.844
0.0118062 986.577
0.011828 983.831
0.0118499 980.648
0.0118717 977.852
0.0118937 974.684
0.0119156 971.915
0.0119376 968.855
0.0119597 966.097
0.0119818 963.065
0.0120039 960.301
0.0120261 957.243
0.0120483 954.508
0.0120705 951.451
0.0120928 948.743
0.0121151 945.697
0.0121375 942.999
0.0121599 939.984
0.0121824 937.194
0.0122049 934.244
0.0122274 931.536
0.01225 928.63
0.0122726 925.888
0.0122953 923.058
0.012318 920.293
0.0123407 917.501
0.0123635 914.747
0.0123863 911.95
0.0124092 909.216
0.0124321 906.432
0.0124551 903.661
0.0124781 900.958
0.0125011 898.179
0.0125242 895.486
0.0125473 892.681
0.0125705 890.036
0.0125937 887.206
0.012617 884.669
0.0126403 881.751
0.0126636 879.35
0.012687 876.462
0.0127104 874.051
0.0127339 871.19
0.0127574 868.735
0.012781 865.927
0.0128046 863.457
0.0128282 860.669
0.0128519 858.213
0.0128756 855.426
0.0128994 852.972
0.0129232 850.233
0.0129471 847.793
0.012971 845.092
0.012995 842.658
0.0130189 839.976
0.013043 837.568
0.0130671 834.917
0.0130912 832.52
0.0131154 829.889
0.0131396 827.471
0.0131639 824.883
0.0131882 822.423
0.0132125 819.816
0.0132369 817.436
0.0132614 814.857
0.0132859 812.451
0.0133104 809.925
0.013335 807.487
0.0133596 804.963
0.0133843 802.575
0.013409 800.112
0.0134337 797.742
0.0134585 795.311
0.0134834 792.899
0.0135083 790.52
0.0135332 788.081
0.0135582 785.752
0.0135833 783.273
0.0136083 780.969
0.0136335 778.426
0.0136587 776.239
0.0136839 773.64
0.0137091 771.514
0.0137345 768.942
0.0137598 766.819
0.0137852 764.316
0.0138107 762.198
0.0138362 759.755
0.0138617 757.581
0.0138873 755.143
0.013913 752.981
0.0139387 750.574
0.0139644 748.416
0.0139902 746.023
0.014016 743.855
0.0140419 741.469
0.0140678 739.335
0.0140938 736.92
0.0141198 734.816
0.0141459 732.444
0.014172 730.356
0.0141982 728.027
0.0142244 725.889
0.0142507 723.603
0.014277 721.504
0.0143034 719.241
0.0143298 717.1
0.0143563 714.869
0.0143828 712.705
0.0144093 710.516
0.0144359 708.346
0.0144626 706.141
0.0144893 704.005
0.0145161 701.837
0.0145429 699.686
0.0145697 697.56
0.0145966 695.434
0.0146236 693.352
0.0146506 691.205
0.0146776 689.171
0.0147047 686.991
0.0147319 684.989
0.0147591 682.706
0.0147863 680.836
0.0148136 678.561
0.014841 676.672
0.0148684 674.423
0.0148959 672.521
0.0149234 670.322
0.0149509 668.405
0.0149785 666.229
0.0150062 664.334
0.0150339 662.194
0.0150617 660.315
0.0150895 658.209
0.0151173 656.329
0.0151453 654.239
0.0151732 652.346
0.0152012 650.261
0.0152293 648.368
0.0152574 646.283
0.0152856 644.421
0.0153138 642.353
0.0153421 640.491
0.0153705 638.455
0.0153988 636.551
0.0154273 634.535
0.0154558 632.672
0.0154843 630.687
0.0155129 628.832
0.0155415 626.883
0.0155702 625.002
0.015599 623.056
0.0156278 621.192
0.0156567 619.251
0.0156856 617.392
0.0157145 615.481
0.0157435 613.581
0.0157726 611.725
0.0158017 609.806
0.0158309 607.986
0.0158602 606.055
0.0158894 604.269
0.0159188 602.31
0.0159482 600.618
0.0159776 598.627
0.0160071 596.968
0.0160367 594.997
0.0160663 593.333
0.016096 591.377
0.0161257 589.722
0.0161555 587.807
0.0161853 586.103
0.0162152 584.207
0.0162451 582.518
0.0162751 580.625
0.0163052 578.954
0.0163353 577.091
0.0163655 575.421
0.0163957 573.593
0.016426 571.949
0.0164563 570.108
0.0164867 568.478
0.0165171 566.644
0.0165476 565.01
0.0165782 563.201
0.0166088 561.55
0.0166395 559.752
0.0166702 558.108
0.016701 556.346
0.0167318 554.68
0.0167627 552.943
0.0167937 551.266
0.0168247 549.57
0.0168558 547.914
0.0168869 546.207
0.0169181 544.578
0.0169493 542.907
0.0169806 541.257
0.017012 539.61
0.0170434 537.955
0.0170748 536.334
0.0171064 534.66
0.017138 533.067
0.0171696 531.36
0.0172013 529.798
0.0172331 528.013
0.0172649 526.561
0.0172968 524.787
0.0173287 523.33
0.0173607 521.597
0.0173928 520.137
0.0174249 518.452
0.0174571 516.984
0.0174893 515.304
0.0175216 513.822
0.017554 512.159
0.0175864 510.679
0.0176189 509.032
0.0176514 507.555
0.017684 505.912
0.0177166 504.433
0.0177494 502.8
0.0177821 501.336
0.017815 499.697
0.0178479 498.264
0.0178808 496.662
0.0179138 495.239
0.0179469 493.667
0.0179801 492.202
0.0180133 490.636
0.0180465 489.195
0.0180799 487.651
0.0181132 486.195
0.0181467 484.673
0.0181802 483.189
0.0182138 481.669
0.0182474 480.213
0.0182811 478.708
0.0183149 477.26
0.0183487 475.784
0.0183826 474.308
0.0184165 472.878
0.0184505 471.406
0.0184846 470.011
0.0185187 468.527
0.0185529 467.13
0.0185872 465.624
0.0186215 464.287
0.0186559 462.726
0.0186903 461.423
0.0187248 459.899
0.0187594 458.592
0.0187941 457.06
0.0188288 455.766
0.0188635 454.279
0.0188984 452.96
0.0189333 451.501
0.0189682 450.202
0.0190033 448.75
0.0190384 447.463
0.0190735 446.029
0.0191087 444.735
0.019144 443.306
0.0191794 442.029
0.0192148 440.58
0.0192503 439.311
0.0192858 437.887
0.0193214 436.614
0.0193571 435.202
0.0193929 433.921
0.0194287 432.532
0.0194645 431.246
0.0195005 429.88
0.0195365 428.609
0.0195726 427.274
0.0196087 425.981
0.0196449 424.676
0.0196812 423.389
0.0197175 422.058
0.019754 420.777
0.0197904 419.471
0.019827 418.182
0.0198636 416.89
0.0199003 415.602
0.019937 414.337
0.0199738 413.033
0.0200107 411.807
0.0200477 410.492
0.0200847 409.283
0.0201218 407.926
0.0201589 406.81
0.0201962 405.448
0.0202335 404.326
0.0202708 402.98
0.0203082 401.833
0.0203457 400.516
0.0203833 399.372
0.020421 398.062
0.0204587 396.914
0.0204964 395.61
0.0205343 394.456
0.0205722 393.176
0.0206102 392.04
0.0206483 390.768
0.0206864 389.631
0.0207246 388.383
0.0207629 387.256
0.0208012 385.998
0.0208396 384.888
0.0208781 383.632
0.0209166 382.526
0.0209553 381.289
0.020994 380.141
0.0210327 378.92
0.0210716 377.802
0.0211105 376.589
0.0211495 375.46
0.0211885 374.274
0.0212277 373.128
0.0212669 371.966
0.0213061 370.846
0.0213455 369.704
0.0213849 368.58
0.0214244 367.44
0.0214639 366.303
0.0215036 365.185
0.0215433 364.041
0.0215831 362.942
0.0216229 361.794
0.0216628 360.706
0.0217028 359.523
0.0217429 358.485
0.0217831 357.275
0.0218233 356.27
0.0218636 355.091
0.021904 354.097
0.0219444 352.921
0.0219849 351.932
0.0220255 350.784
0.0220662 349.763
0.022107 348.637
0.0221478 347.622
0.0221887 346.483
0.0222297 345.48
0.0222707 344.358
0.0223118 343.348
0.022353 342.227
0.0223943 341.235
0.0224357 340.108
0.0224771 339.131
0.0225186 338.025
0.0225602 337.045
0.0226018 335.966
0.0226436 334.985
0.0226854 333.922
0.0227273 332.922
0.0227692 331.857
0.0228113 330.868
0.0228534 329.826
0.0228956 328.823
0.0229379 327.8
0.0229803 326.791
0.0230227 325.752
0.0230652 324.76
0.0231078 323.744
0.0231505 322.758
0.0231932 321.758
0.023236 320.77
0.023279 319.798
0.0233219 318.796
0.023365 317.843
0.0234082 316.826
0.0234514 315.881
0.0234947 314.823
0.0235381 313.946
0.0235815 312.877
0.0236251 311.999
0.0236687 310.942
0.0237124 310.06
0.0237562 309.025
0.0238001 308.148
0.023844 307.134
0.0238881 306.253
0.0239322 305.252
0.0239764 304.365
0.0240206 303.384
0.024065 302.503
0.0241094 301.525
0.0241539 300.639
0.0241985 299.658
0.0242432 298.782
0.024288 297.803
0.0243329 296.937
0.0243778 295.962
0.0244228 295.099
0.0244679 294.136
0.0245131 293.252
0.0245583 292.31
0.0246037 291.458
0.0246491 290.538
0.0246946 289.669
0.0247402 288.762
0.0247859 287.881
0.0248317 286.978
0.0248776 286.102
0.0249235 285.208
0.0249695 284.332
0.0250156 283.444
0.0250618 282.557
0.0251081 281.69
0.0251545 280.808
0.0252009 279.952
0.0252475 279.066
0.0252941 278.225
0.0253408 277.337
0.0253876 276.531
0.0254345 275.605
0.0254814 274.83
0.0255285 273.913
0.0255756 273.143
0.0256229 272.22
0.0256702 271.443
0.0257176 270.545
0.0257651 269.757
0.0258126 268.866
0.0258603 268.083
0.0259081 267.194
0.0259559 266.417
0.0260038 265.544
0.0260518 264.778
0.0261 263.923
0.0261482 263.151
0.0261964 262.294
0.0262448 261.529
0.0262933 260.675
0.0263418 259.91
0.0263905 259.067
0.0264392 258.299
0.026488 257.463
0.0265369 256.684
0.0265859 255.854
0.026635 255.089
0.0266842 254.273
0.0267335 253.507
0.0267829 252.706
0.0268323 251.941
0.0268819 251.142
0.0269315 250.387
0.0269812 249.602
0.0270311 248.841
0.027081 248.06
0.027131 247.292
0.0271811 246.533
0.0272313 245.753
0.0272816 245.008
0.0273319 244.217
0.0273824 243.48
0.027433 242.664
0.0274836 241.977
0.0275344 241.152
0.0275852 240.477
0.0276362 239.675
0.0276872 239
0.0277383 238.203
0.0277896 237.527
0.0278409 236.746
0.0278923 236.054
0.0279438 235.273
0.0279954 234.583
0.0280471 233.814
0.0280989 233.129
0.0281508 232.366
0.0282027 231.679
0.0282548 230.916
0.028307 230.238
0.0283593 229.479
0.0284116 228.818
0.0284641 228.073
0.0285167 227.414
0.0285693 226.675
0.0286221 225.994
0.0286749 225.267
0.0287279 224.6
0.0287809 223.88
0.0288341 223.2
0.0288873 222.491
0.0289407 221.804
0.0289941 221.107
0.0290477 220.423
0.0291013 219.726
0.029155 219.054
0.0292089 218.365
0.0292628 217.698
0.0293168 217.032
0.029371 216.357
0.0294252 215.698
0.0294796 215.015
0.029534 214.364
0.0295885 213.675
0.0296432 213.042
0.0296979 212.316
0.0297527 211.719
0.0298077 210.999
0.0298627 210.401
0.0299179 209.69
0.0299731 209.086
0.0300285 208.392
0.0300839 207.788
0.0301395 207.109
0.0301951 206.51
0.0302509 205.832
0.0303068 205.231
0.0303627 204.563
0.0304188 203.964
0.030475 203.3
0.0305312 202.697
0.0305876 202.029
0.0306441 201.431
0.0307007 200.768
0.0307574 200.174
0.0308142 199.522
0.0308711 198.928
0.0309281 198.286
0.0309852 197.69
0.0310424 197.054
0.0310997 196.471
0.0311572 195.842
0.0312147 195.256
0.0312723 194.633
0.0313301 194.037
0.0313879 193.412
0.0314459 192.822
0.031504 192.204
0.0315621 191.617
0.0316204 191.01
0.0316788 190.41
0.0317373 189.819
0.0317959 189.217
0.0318546 188.641
0.0319135 188.04
0.0319724 187.475
0.0320314 186.857
0.0320906 186.322
0.0321498 185.689
0.0322092 185.162
0.0322687 184.534
0.0323283 184.006
0.032388 183.385
0.0324478 182.858
0.0325077 182.25
0.0325677 181.711
0.0326279 181.106
0.0326881 180.575
0.0327485 179.979
0.0328089 179.455
0.0328695 178.873
0.0329302 178.347
0.032991 177.769
0.033052 177.248
0.033113 176.659
0.0331741 176.145
0.0332354 175.565
0.0332968 175.049
0.0333583 174.475
0.0334199 173.95
0.0334816 173.381
0.0335434 172.864
0.0336053 172.305
0.0336674 171.782
0.0337296 171.233
0.0337919 170.712
0.0338543 170.179
0.0339168 169.657
0.0339794 169.121
0.0340421 168.603
0.034105 168.073
0.034168 167.551
0.0342311 167.028
0.0342943 166.504
0.0343576 165.989
0.0344211 165.459
0.0344846 164.953
0.0345483 164.414
0.0346121 163.92
0.034676 163.359
0.0347401 162.901
0.0348042 162.351
0.0348685 161.891
0.0349329 161.348
0.0349974 160.884
0.035062 160.351
0.0351267 159.881
0.0351916 159.35
0.0352566 158.882
0.0353217 158.354
0.0353869 157.89
0.0354523 157.366
0.0355177 156.903
0.0355833 156.385
0.035649 155.92
0.0357149 155.406
0.0357808 154.948
0.0358469 154.44
0.0359131 153.99
0.0359794 153.488
0.0360458 153.038
0.0361124 152.54
0.0361791 152.079
0.0362459 151.584
0.0363128 151.126
0.0363799 150.637
0.0364471 150.179
0.0365144 149.694
0.0365818 149.233
0.0366493 148.752
0.036717 148.298
0.0367848 147.822
0.0368527 147.376
0.0369208 146.91
0.036989 146.454
0.0370573 146.003
0.0371257 145.543
0.0371943 145.097
0.0372629 144.631
0.0373318 144.192
0.0374007 143.713
0.0374698 143.293
0.037539 142.801
0.0376083 142.391
0.0376777 141.907
0.0377473 141.498
0.037817 141.017
0.0378868 140.614
0.0379568 140.15
0.0380269 139.738
0.0380971 139.279
0.0381675 138.869
0.0382379 138.409
0.0383085 138.002
0.0383793 137.547
0.0384502 137.138
0.0385212 136.687
0.0385923 136.281
0.0386636 135.824
0.038735 135.425
0.0388065 134.972
0.0388781 134.573
0.0389499 134.127
0.0390219 133.728
0.0390939 133.292
0.0391661 132.894
0.0392384 132.467
0.0393109 132.065
0.0393835 131.642
0.0394562 131.236
0.0395291 130.821
0.0396021 130.415
0.0396752 129.994
0.0397485 129.593
0.0398219 129.178
0.0398954 128.775
0.0399691 128.368
0.0400429 127.963
0.0401168 127.567
0.0401909 127.164
0.0402651 126.776
0.0403395 126.368
0.040414 125.987
0.0404886 125.558
0.0405633 125.203
0.0406383 124.776
0.0407133 124.419
0.0407885 123.994
0.0408638 123.634
0.0409393 123.218
0.0410149 122.858
0.0410906 122.445
0.0411665 122.082
0.0412425 121.674
0.0413186 121.316
0.0413949 120.918
0.0414714 120.564
0.041548 120.168
0.0416247 119.811
0.0417016 119.418
0.0417786 119.063
0.0418557 118.667
0.041933 118.318
0.0420104 117.924
0.042088 117.575
0.0421657 117.187
0.0422436 116.829
0.0423216 116.444
0.0423998 116.095
0.042478 115.716
0.0425565 115.367
0.0426351 114.997
0.0427138 114.643
0.0427927 114.276
0.0428717 113.926
0.0429509 113.562
0.0430302 113.213
0.0431096 112.853
0.0431892 112.495
0.043269 112.144
0.0433489 111.784
0.0434289 111.439
0.0435091 111.079
0.0435895 110.735
0.04367 110.369
0.0437506 110.043
0.0438314 109.669
0.0439124 109.353
0.0439934 108.99
0.0440747 108.674
0.0441561 108.307
0.0442376 107.993
0.0443193 107.635
0.0444011 107.312
0.0444831 106.957
0.0445653 106.638
0.0446476 106.279
0.04473 105.965
0.0448126 105.612
0.0448954 105.297
0.0449783 104.946
0.0450613 104.637
0.0451445 104.287
0.0452279 103.983
0.0453114 103.64
0.0453951 103.333
0.0454789 102.992
0.0455629 102.684
0.045647 102.346
0.0457313 102.034
0.0458158 101.7
0.0459004 101.39
0.0459851 101.06
0.0460701 100.748
0.0461551 100.425
0.0462404 100.113
0.0463257 99.7868
0.0464113 99.4803
0.046497 99.1635
0.0465829 98.8569
0.0466689 98.5439
0.0467551 98.2355
0.0468414 97.9285
0.0469279 97.6152
0.0470145 97.3152
0.0471014 96.9968
0.0471883 96.6987
0.0472755 96.3657
0.0473628 96.0909
0.0474502 95.7574
0.0475379 95.4821
0.0476256 95.1545
0.0477136 94.8768
0.0478017 94.5589
0.04789 94.2836
0.0479784 93.9711
0.048067 93.692
0.0481558 93.3797
0.0482447 93.1003
0.0483338 92.7929
0.048423 92.5168
0.0485124 92.2069
0.048602 91.9293
0.0486918 91.6228
0.0487817 91.3479
0.0488718 91.0404
0.048962 90.7711
0.0490524 90.4648
0.049143 90.1992
0.0492338 89.9002
0.0493247 89.6276
0.0494158 89.3343
0.049507 89.0679
0.0495984 88.7758
0.04969 88.5054
0.0497818 88.2182
0.0498737 87.9434
0.0499658 87.659
0.0500581 87.387
0.0501505 87.1063
0.0502431 86.8342
0.0503359 86.5539
0.0504288 86.2788
0.050522 86.0066
0.0506153 85.7341
0.0507087 85.4675
0.0508024 85.1953
0.0508962 84.9319
0.0509902 84.6529
0.0510843 84.3988
0.0511786 84.1101
0.0512732 83.8639
0.0513678 83.58
0.0514627 83.336
0.0515577 83.0488
0.0516529 82.8068
0.0517483 82.526
0.0518439 82.2783
0.0519396 82.0031
0.0520355 81.7589
0.0521316 81.4847
0.0522279 81.2444
0.0523243 80.9767
0.0524209 80.735
0.0525177 80.4683
0.0526147 80.2283
0.0527119 79.9582
0.0528092 79.7211
0.0529067 79.454
0.0530044 79.215
0.0531023 78.9505
0.0532004 78.7126
0.0532986 78.4519
0.053397 78.2106
0.0534956 77.9509
0.0535944 77.7138
0.0536934 77.4619
0.0537925 77.2243
0.0538919 76.9776
0.0539914 76.7376
0.0540911 76.4864
0.054191 76.2493
0.054291 76.003
0.0543913 75.7655
0.0544917 75.5211
0.0545924 75.2811
0.0546932 75.0425
0.0547942 74.8005
0.0548954 74.5671
0.0549967 74.3205
0.0550983 74.0909
0.0552 73.8386
0.055302 73.6259
0.0554041 73.3737
0.0555064 73.1618
0.0556089 72.9115
0.0557116 72.7002
0.0558144 72.4518
0.0559175 72.2386
0.0560208 71.9953
0.0561242 71.7791
0.0562279 71.5351
0.0563317 71.3195
0.0564357 71.08
0.0565399 70.8665
0.0566443 70.6292
0.0567489 70.4159
0.0568537 70.1803
0.0569587 69.9705
0.0570639 69.7375
0.0571693 69.5303
0.0572748 69.297
0.0573806 69.09
0.0574866 68.8584
0.0575927 68.6463
0.0576991 68.4177
0.0578056 68.2105
0.0579124 67.9838
0.0580193 67.7738
0.0581264 67.5512
0.0582338 67.3391
0.0583413 67.1194
0.058449 66.9099
0.058557 66.6933
0.0586651 66.4861
0.0587734 66.2729
0.058882 66.0629
0.0589907 65.854
0.0590996 65.644
0.0592088 65.4363
0.0593181 65.2249
0.0594276 65.0188
0.0595374 64.8048
0.0596473 64.6062
0.0597575 64.3818
0.0598678 64.1934
0.0599784 63.971
0.0600891 63.7851
0.0602001 63.5636
0.0603112 63.3781
0.0604226 63.1652
0.0605342 62.9766
0.060646 62.7661
0.060758 62.5774
0.0608702 62.3659
0.0609826 62.1782
0.0610952 61.969
0.061208 61.7823
0.061321 61.5742
0.0614343 61.3868
0.0615477 61.1781
0.0616614 60.9933
0.0617752 60.787
0.0618893 60.6036
0.0620036 60.4009
0.0621181 60.2188
0.0622328 60.0205
0.0623477 59.8353
0.0624628 59.6365
0.0625782 59.454
0.0626937 59.2579
0.0628095 59.0759
0.0629255 58.8808
0.0630417 58.696
0.0631581 58.5007
0.0632747 58.3182
0.0633916 58.1261
0.0635086 57.9432
0.0636259 57.7541
0.0637434 57.5699
0.0638611 57.387
0.063979 57.2029
0.0640972 57.024
0.0642155 56.8376
0.0643341 56.659
0.0644529 56.4664
0.0645719 56.2992
0.0646912 56.1025
0.0648106 55.938
0.0649303 55.7424
0.0650502 55.5786
0.0651703 55.3845
0.0652907 55.221
0.0654113 55.0314
0.065532 54.8649
0.0656531 54.6778
0.0657743 54.5132
0.0658957 54.3317
0.0660174 54.1684
0.0661393 53.9876
0.0662615 53.8228
0.0663838 53.6414
0.0665064 53.4779
0.0666292 53.2959
0.0667523 53.1357
0.0668755 52.954
0.066999 52.7949
0.0671227 52.6153
0.0672467 52.4511
0.0673709 52.2749
0.0674953 52.1159
0.0676199 51.9423
0.0677448 51.7818
0.0678699 51.6126
0.0679952 51.451
0.0681208 51.2831
0.0682466 51.1213
0.0683726 50.9527
0.0684988 50.7925
0.0686253 50.6254
0.0687521 50.4636
0.068879 50.3006
0.0690062 50.1379
0.0691336 49.9771
0.0692613 49.8128
0.0693892 49.6543
0.0695173 49.4897
0.0696457 49.3369
0.0697743 49.1665
0.0699031 49.0231
0.0700322 48.853
0.0701616 48.7089
0.0702911 48.54
0.0704209 48.3948
0.070551 48.2283
0.0706812 48.0816
0.0708118 47.9162
0.0709425 47.7705
0.0710735 47.6058
0.0712048 47.4609
0.0713362 47.2989
0.071468 47.155
0.0716 46.9952
0.0717322 46.852
0.0718646 46.6936
0.0719973 46.551
0.0721303 46.3938
0.0722635 46.252
0.0723969 46.0961
0.0725306 45.9546
0.0726645 45.7998
0.0727987 45.6562
0.0729332 45.5012
0.0730678 45.3603
0.0732028 45.207
0.0733379 45.0664
0.0734734 44.9148
0.073609 44.7731
0.073745 44.6226
0.0738812 44.4841
0.0740176 44.3365
0.0741543 44.1974
0.0742912 44.052
0.0744284 43.9101
0.0745658 43.7684
0.0747035 43.6246
0.0748415 43.4848
0.0749797 43.3399
0.0751181 43.2017
0.0752568 43.0526
0.0753958 42.9221
0.075535 42.7696
0.0756745 42.6419
0.0758143 42.4916
0.0759543 42.3662
0.0760945 42.219
0.076235 42.0943
0.0763758 41.9499
0.0765168 41.8211
0.0766581 41.6775
0.0767997 41.5497
0.0769415 41.4074
0.0770836 41.2803
0.0772259 41.1392
0.0773685 41.0116
0.0775114 40.871
0.0776545 40.7451
0.0777979 40.6031
0.0779416 40.4793
0.0780855 40.34
0.0782297 40.2173
0.0783742 40.0809
0.0785189 39.9571
0.0786639 39.8211
0.0788092 39.6981
0.0789547 39.5638
0.0791005 39.4395
0.0792466 39.3064
0.0793929 39.1811
0.0795395 39.0503
0.0796864 38.9253
0.0798335 38.7939
0.0799809 38.6701
0.0801286 38.5401
0.0802766 38.4156
0.0804248 38.2892
0.0805734 38.1665
0.0807221 38.0431
0.0808712 37.9183
0.0810205 37.7962
0.0811702 37.6696
0.08132 37.5501
0.0814702 37.4171
0.0816207 37.3056
0.0817714 37.1728
0.0819224 37.0612
0.0820737 36.9294
0.0822252 36.8175
0.0823771 36.688
0.0825292 36.5759
0.0826816 36.4479
0.0828342 36.3363
0.0829872 36.2119
0.0831405 36.1011
0.083294 35.9772
0.0834478 35.8667
0.0836019 35.7434
0.0837563 35.6319
0.0839109 35.5089
0.0840659 35.3977
0.0842211 35.2743
0.0843766 35.1653
0.0845325 35.0431
0.0846885 34.9346
0.0848449 34.8141
0.0850016 34.7035
0.0851586 34.5842
0.0853158 34.4763
0.0854734 34.3598
0.0856312 34.2516
0.0857893 34.1358
0.0859478 34.0265
0.0861065 33.9109
0.0862655 33.8028
0.0864248 33.6874
0.0865844 33.5799
0.0867442 33.4664
0.0869044 33.3559
0.0870649 33.2459
0.0872257 33.1348
0.0873868 33.0266
0.0875481 32.9158
0.0877098 32.8091
0.0878718 32.6971
0.088034 32.596
0.0881966 32.4802
0.0883594 32.3815
0.0885226 32.2675
0.0886861 32.1692
0.0888498 32.0542
0.0890139 31.9567
0.0891783 31.8442
0.089343 31.7442
0.0895079 31.6327
0.0896732 31.5335
0.0898388 31.4219
0.0900047 31.3245
0.0901709 31.215
0.0903374 31.1175
0.0905043 31.0106
0.0906714 30.914
0.0908388 30.8056
0.0910066 30.7102
0.0911746 30.6027
0.091343 30.5066
0.0915116 30.4002
0.0916806 30.3037
0.0918499 30.1982
0.0920195 30.1016
0.0921895 29.9973
0.0923597 29.9008
0.0925303 29.7979
0.0927011 29.7009
0.0928723 29.6001
0.0930438 29.5053
0.0932156 29.4041
0.0933877 29.3096
0.0935602 29.2105
0.093733 29.1147
0.0939061 29.0169
0.0940795 28.921
0.0942532 28.8247
0.0944272 28.7277
0.0946016 28.6335
0.0947763 28.5348
0.0949513 28.4418
0.0951266 28.3385
0.0953023 28.253
0.0954783 28.1498
0.0956546 28.065
0.0958312 27.9643
0.0960082 27.8786
0.0961855 27.7797
0.0963631 27.6938
0.0965411 27.596
0.0967193 27.5087
0.0968979 27.4116
0.0970769 27.3249
0.0972561 27.2283
0.0974357 27.1428
0.0976156 27.0462
0.0977959 26.96
0.0979765 26.8647
0.0981574 26.7789
0.0983387 26.6833
0.0985203 26.6003
0.0987022 26.5066
0.0988845 26.4236
0.0990671 26.331
0.09925 26.2459
0.0994333 26.1538
0.0996169 26.0702
0.0998008 25.9789
0.0999851 25.895
0.10017 25.8047
0.100355 25.719
0.10054 25.6296
0.100726 25.5453
0.100912 25.457
0.101098 25.3728
0.101285 25.2859
0.101472 25.2013
0.101659 25.117
0.101847 25.032
0.102035 24.9493
0.102223 24.864
0.102412 24.7809
0.102601 24.6939
0.102791 24.615
0.102981 24.5242
0.103171 24.4476
0.103361 24.359
0.103552 24.2824
0.103743 24.1929
0.103935 24.1175
0.104127 24.0305
0.104319 23.9536
0.104512 23.8691
0.104705 23.7932
0.104898 23.7079
0.105092 23.633
0.105286 23.5489
0.10548 23.4734
0.105675 23.3891
0.10587 23.3144
0.106066 23.2296
0.106262 23.1553
0.106458 23.072
0.106654 22.9973
0.106851 22.9148
0.107049 22.8406
0.107246 22.7591
0.107444 22.6848
0.107643 22.6047
0.107841 22.5312
0.108041 22.4521
0.10824 22.3781
0.10844 22.3005
0.10864 22.2259
0.108841 22.1473
0.109042 22.0734
0.109243 21.996
0.109445 21.9215
0.109647 21.8453
0.10985 21.7708
0.110052 21.696
0.110256 21.6209
0.110459 21.5485
0.110663 21.4729
0.110868 21.4014
0.111072 21.3225
0.111277 21.2565
0.111483 21.1774
0.111689 21.1112
0.111895 21.0327
0.112102 20.966
0.112309 20.8886
0.112516 20.822
0.112724 20.7456
0.112932 20.6783
0.11314 20.6022
0.113349 20.535
0.113559 20.4604
0.113768 20.3948
0.113978 20.3211
0.114189 20.2549
0.1144 20.182
0.114611 20.1162
0.114823 20.0428
0.115035 19.9781
0.115247 19.905
0.11546 19.8403
0.115673 19.7678
0.115887 19.7017
0.116101 19.63
0.116315 19.5655
0.11653 19.4942
0.116745 19.429
0.116961 19.3594
0.117177 19.2939
0.117393 19.2255
0.11761 19.161
0.117827 19.0935
0.118045 19.0287
0.118263 18.9614
0.118481 18.8956
0.1187 18.8298
0.118919 18.7637
0.119139 18.699
0.119359 18.6324
0.119579 18.5684
0.1198 18.5007
0.120021 18.4391
0.120243 18.3692
0.120465 18.3105
0.120687 18.2423
0.12091 18.1843
0.121133 18.1155
0.121357 18.0578
0.121581 17.9905
0.121806 17.9311
0.12203 17.8651
0.122256 17.8062
0.122482 17.7394
0.122708 17.681
0.122934 17.6153
0.123161 17.557
0.123389 17.4917
0.123617 17.4337
0.123845 17.3679
0.124074 17.3111
0.124303 17.247
0.124532 17.1897
0.124762 17.127
0.124993 17.0697
0.125223 17.0074
0.125455 16.9494
0.125686 16.8869
0.125918 16.8297
0.126151 16.7683
0.126384 16.7107
0.126617 16.6502
0.126851 16.5924
0.127085 16.531
0.12732 16.4742
0.127555 16.4144
0.127791 16.3577
0.128027 16.299
0.128263 16.242
0.1285 16.1849
0.128737 16.1271
0.128975 16.071
0.129213 16.0122
0.129452 15.9566
0.129691 15.8959
0.12993 15.844
0.13017 15.7821
0.130411 15.7307
0.130651 15.6694
0.130893 15.6185
0.131134 15.5578
0.131376 15.5071
0.131619 15.4484
0.131862 15.3969
0.132106 15.3386
0.13235 15.2873
0.132594 15.2298
0.132839 15.1786
0.133084 15.1218
0.13333 15.0701
0.133576 15.013
0.133823 14.9619
0.13407 14.9049
0.134317 14.8544
0.134565 14.7977
0.134814 14.7475
0.135063 14.6916
0.135312 14.6407
0.135562 14.5859
0.135812 14.5366
0.136063 14.4824
0.136315 14.432
0.136566 14.3787
0.136818 14.3279
0.137071 14.2747
0.137324 14.2242
0.137578 14.1714
0.137832 14.121
0.138086 14.0687
0.138341 14.0176
0.138597 13.9667
0.138853 13.9159
0.139109 13.8655
0.139366 13.8146
0.139623 13.7652
0.139881 13.7142
0.14014 13.6668
0.140398 13.6129
0.140658 13.5677
0.140917 13.5142
0.141177 13.4695
0.141438 13.4155
0.141699 13.3705
0.141961 13.3179
0.142223 13.2723
0.142486 13.2205
0.142749 13.175
0.143013 13.1233
0.143277 13.0784
0.143541 13.0279
0.143806 12.9833
0.144072 12.9336
0.144338 12.8887
0.144604 12.8387
0.144871 12.794
0.145139 12.7445
0.145407 12.6998
0.145675 12.6508
0.145944 12.6062
0.146214 12.5579
0.146484 12.5128
0.146754 12.4643
0.147025 12.42
0.147297 12.3724
0.147569 12.3287
0.147841 12.2817
0.148114 12.2378
0.148388 12.191
0.148662 12.1475
0.148937 12.1014
0.149212 12.0577
0.149487 12.012
0.149763 11.9676
0.15004 11.9231
0.150317 11.878
0.150594 11.8346
0.150872 11.789
0.151151 11.7459
0.15143 11.6991
0.15171 11.6589
0.15199 11.6115
0.152271 11.5724
0.152552 11.5256
0.152833 11.4866
0.153116 11.44
0.153398 11.4009
0.153682 11.3552
0.153965 11.3152
0.15425 11.2698
0.154535 11.23
0.15482 11.1852
0.155106 11.1458
0.155392 11.1014
0.155679 11.0616
0.155967 11.0175
0.156255 10.9781
0.156543 10.9342
0.156832 10.8959
0.157122 10.8528
0.157412 10.8142
0.157703 10.7714
0.157994 10.7322
0.158286 10.6898
0.158578 10.6512
0.158871 10.6093
0.159164 10.5699
0.159458 10.5285
0.159753 10.4892
0.160048 10.4482
0.160343 10.409
0.160639 10.3682
0.160936 10.3298
0.161233 10.2897
0.161531 10.2511
0.161829 10.2121
0.162128 10.1732
0.162427 10.1347
0.162727 10.0951
0.163028 10.0574
0.163329 10.0175
0.16363 9.98047
0.163933 9.93849
0.164235 9.9039
0.164539 9.8622
0.164842 9.82761
0.165147 9.78625
0.165452 9.7517
0.165757 9.71151
0.166063 9.67666
0.16637 9.63721
0.166677 9.60253
0.166985 9.56324
0.167293 9.52876
0.167602 9.48964
0.167912 9.45521
0.168222 9.41655
0.168532 9.38176
0.168844 9.34313
0.169155 9.30849
0.169468 9.27012
0.169781 9.2359
0.170094 9.19811
0.170408 9.1641
0.170723 9.12716
0.171038 9.09281
0.171354 9.05613
0.171671 9.02237
0.171988 8.98588
0.172305 8.95204
0.172623 8.91583
0.172942 8.88173
0.173261 8.8456
0.173581 8.81174
0.173902 8.77599
0.174223 8.74219
0.174545 8.70711
0.174867 8.67268
0.17519 8.63872
0.175514 8.60419
0.175838 8.57097
0.176162 8.53649
0.176488 8.50387
0.176814 8.46831
0.17714 8.43739
0.177467 8.40091
0.177795 8.37054
0.178123 8.33426
0.178452 8.30412
0.178782 8.26792
0.179112 8.23802
0.179443 8.20264
0.179774 8.17196
0.180106 8.1369
0.180438 8.10661
0.180772 8.07213
0.181105 8.04226
0.18144 8.00861
0.181775 7.9783
0.182111 7.94488
0.182447 7.9149
0.182784 7.8811
0.183121 7.85127
0.183459 7.81783
0.183798 7.7879
0.184138 7.75494
0.184478 7.72498
0.184818 7.6922
0.18516 7.66242
0.185502 7.63021
0.185844 7.60037
0.186187 7.56873
0.186531 7.53903
0.186876 7.50811
0.187221 7.47854
0.187566 7.44734
0.187913 7.41789
0.18826 7.3871
0.188607 7.35716
0.188956 7.32698
0.189305 7.29708
0.189654 7.26745
0.190004 7.23711
0.190355 7.20803
0.190707 7.17739
0.191059 7.14912
0.191412 7.11705
0.191765 7.09101
0.192119 7.05961
0.192474 7.03331
0.192829 7.00195
0.193186 6.97563
0.193542 6.94478
0.1939 6.91826
0.194258 6.88766
0.194616 6.86103
0.194976 6.83059
0.195336 6.80428
0.195697 6.77415
0.196058 6.74792
0.19642 6.71818
0.196783 6.69185
0.197146 6.66239
0.19751 6.63641
0.197875 6.60731
0.19824 6.58155
0.198606 6.55291
0.198973 6.52705
0.199341 6.49879
0.199709 6.47252
0.200077 6.44431
0.200447 6.41833
0.200817 6.39047
0.201188 6.36435
0.201559 6.33674
0.201932 6.31049
0.202304 6.28306
0.202678 6.25734
0.203052 6.2303
0.203427 6.20501
0.203803 6.17861
0.204179 6.1525
0.204556 6.12674
0.204934 6.10048
0.205312 6.07514
0.205692 6.04875
0.206071 6.02359
0.206452 5.99656
0.206833 5.97262
0.207215 5.94471
0.207598 5.92145
0.207981 5.89415
0.208365 5.87112
0.20875 5.84368
0.209135 5.8211
0.209522 5.79474
0.209908 5.7716
0.210296 5.74546
0.210684 5.72244
0.211073 5.6961
0.211463 5.67347
0.211854 5.64754
0.212245 5.62454
0.212637 5.59891
0.21303 5.57624
0.213423 5.5503
0.213817 5.52775
0.214212 5.5024
0.214607 5.47975
0.215004 5.45489
0.215401 5.43249
0.215799 5.40819
0.216197 5.3856
0.216596 5.36154
0.216996 5.33889
0.217397 5.31508
0.217798 5.29226
0.218201 5.2687
0.218603 5.2462
0.219007 5.22236
0.219412 5.19992
0.219817 5.17666
0.220223 5.15399
0.220629 5.13111
0.221037 5.10856
0.221445 5.08627
0.221854 5.06372
0.222263 5.04212
0.222674 5.01922
0.223085 4.99785
0.223497 4.97377
0.22391 4.95404
0.224323 4.92995
0.224737 4.91018
0.225152 4.88626
0.225568 4.86626
0.225985 4.84278
0.226402 4.82284
0.22682 4.7997
0.227239 4.77968
0.227659 4.7568
0.228079 4.73711
0.2285 4.7148
0.228922 4.69535
0.229345 4.6731
0.229768 4.65335
0.230193 4.63138
0.230618 4.61158
0.231044 4.58948
0.23147 4.57003
0.231898 4.5482
0.232326 4.5288
0.232755 4.50724
0.233185 4.48749
0.233615 4.46626
0.234047 4.44686
0.234479 4.42592
0.234912 4.4067
0.235346 4.38629
0.23578 4.36673
0.236216 4.34649
0.236652 4.32712
0.237089 4.30702
0.237527 4.28777
0.237965 4.26787
0.238405 4.24813
0.238845 4.22876
0.239286 4.20892
0.239728 4.18997
0.240171 4.17009
0.240614 4.15128
0.241058 4.13114
0.241504 4.11339
0.24195 4.09289
0.242396 4.07572
0.242844 4.05558
0.243292 4.03842
0.243742 4.018
0.244192 4.00109
0.244643 3.98116
0.245094 3.96372
0.245547 3.94404
0.246 3.92688
0.246455 3.90713
0.24691 3.89015
0.247366 3.87069
0.247822 3.85373
0.24828 3.83442
0.248739 3.81789
0.249198 3.79883
0.249658 3.78226
0.250119 3.76355
0.250581 3.74673
0.251044 3.7283
0.251507 3.71159
0.251972 3.69338
0.252437 3.67643
0.252903 3.65828
0.25337 3.64144
0.253838 3.6236
0.254307 3.60673
0.254776 3.58919
0.255247 3.57244
0.255718 3.55489
0.25619 3.53847
0.256663 3.52146
0.257137 3.50492
0.257612 3.48813
0.258088 3.47138
0.258565 3.45492
0.259042 3.43804
0.25952 3.42196
0.26 3.40485
0.26048 3.38894
0.260961 3.37093
0.261443 3.35633
0.261925 3.33845
0.262409 3.32389
0.262894 3.30618
0.263379 3.29175
0.263865 3.27464
0.264353 3.26015
0.264841 3.24328
0.26533 3.22866
0.26582 3.21178
0.266311 3.19723
0.266803 3.18056
0.267295 3.16616
0.267789 3.14961
0.268283 3.13499
0.268779 3.11867
0.269275 3.1042
0.269772 3.08785
0.27027 3.07363
0.27077 3.05757
0.27127 3.0435
0.27177 3.02784
0.272272 3.01355
0.272775 2.99814
0.273279 2.98404
0.273783 2.96869
0.274289 2.95446
0.274796 2.93938
0.275303 2.92495
0.275811 2.91001
0.276321 2.89575
0.276831 2.881
0.277342 2.86676
0.277854 2.85221
0.278367 2.83776
0.278881 2.82367
0.279396 2.80947
0.279912 2.79571
0.280429 2.78138
0.280947 2.76779
0.281466 2.75331
0.281986 2.74017
0.282506 2.72502
0.283028 2.71248
0.283551 2.69755
0.284074 2.68518
0.284599 2.67004
0.285124 2.65777
0.285651 2.64307
0.286178 2.63057
0.286707 2.61617
0.287236 2.60389
0.287767 2.58971
0.288298 2.57756
0.28883 2.56364
0.289364 2.55145
0.289898 2.53757
0.290433 2.5254
0.29097 2.51152
0.291507 2.49939
0.292045 2.48566
0.292585 2.47345
0.293125 2.46005
0.293666 2.44795
0.294208 2.4347
0.294752 2.42247
0.295296 2.40935
0.295841 2.39738
0.296388 2.38473
0.296935 2.37272
0.297483 2.36017
0.298033 2.34819
0.298583 2.33552
0.299134 2.32358
0.299687 2.31125
0.30024 2.29923
0.300795 2.28699
0.30135 2.27487
0.301906 2.26304
0.302464 2.25076
0.303022 2.23918
0.303582 2.22687
0.304143 2.21554
0.304704 2.20297
0.305267 2.19246
0.305831 2.17982
0.306395 2.16942
0.306961 2.15685
0.307528 2.14652
0.308096 2.13401
0.308665 2.12368
0.309235 2.11143
0.309806 2.10098
0.310378 2.08873
0.310951 2.07837
0.311525 2.06635
0.312101 2.05612
0.312677 2.04434
0.313254 2.03406
0.313833 2.02253
0.314412 2.01239
0.314993 2.00092
0.315574 1.99085
0.316157 1.97948
0.316741 1.96939
0.317326 1.95816
0.317912 1.94793
0.318499 1.9369
0.319087 1.9268
0.319676 1.91591
0.320267 1.90569
0.320858 1.89498
0.321451 1.88477
0.322044 1.87423
0.322639 1.86421
0.323235 1.85387
0.323832 1.84397
0.32443 1.83376
0.325029 1.82367
0.325629 1.81375
0.32623 1.80362
0.326833 1.79381
0.327436 1.78355
0.328041 1.77392
0.328646 1.76361
0.329253 1.75434
0.329861 1.74352
0.33047 1.73479
0.331081 1.72418
0.331692 1.7156
0.332305 1.70515
0.332918 1.69658
0.333533 1.6864
0.334149 1.67773
0.334766 1.66768
0.335384 1.65905
0.336003 1.64903
0.336624 1.64043
0.337246 1.63054
0.337868 1.62201
0.338492 1.6122
0.339117 1.60366
0.339743 1.59392
0.340371 1.5854
0.340999 1.57584
0.341629 1.56745
0.34226 1.55819
0.342892 1.54982
0.343525 1.54077
0.344159 1.5323
0.344795 1.52321
0.345432 1.51491
0.34607 1.50592
0.346709 1.49759
0.347349 1.4887
0.34799 1.48034
0.348633 1.47147
0.349277 1.46317
0.349922 1.45458
0.350568 1.44631
0.351215 1.43781
0.351864 1.42955
0.352513 1.4214
0.353164 1.41308
0.353817 1.40516
0.35447 1.39674
0.355125 1.38892
0.35578 1.3802
0.356437 1.37286
0.357095 1.36402
0.357755 1.35685
0.358416 1.34804
0.359077 1.34096
0.35974 1.33223
0.360405 1.3252
0.36107 1.31668
0.361737 1.30963
0.362405 1.30129
0.363074 1.29431
0.363745 1.28619
0.364416 1.27925
0.365089 1.27122
0.365763 1.26416
0.366439 1.25622
0.367116 1.24924
0.367793 1.24124
0.368473 1.23436
0.369153 1.2265
0.369835 1.21959
0.370518 1.21185
0.371202 1.20495
0.371887 1.19737
0.372574 1.1906
0.373262 1.18323
0.373951 1.17641
0.374642 1.16921
0.375334 1.16235
0.376027 1.15525
0.376721 1.1484
0.377417 1.14131
0.378114 1.13452
0.378812 1.12756
0.379511 1.12068
0.380212 1.11386
0.380914 1.10697
0.381618 1.10033
0.382322 1.09337
0.383028 1.08696
0.383736 1.08005
0.384444 1.07383
0.385154 1.06667
0.385866 1.06088
0.386578 1.05378
0.387292 1.04798
0.388007 1.04089
0.388724 1.03512
0.389441 1.02817
0.390161 1.02232
0.390881 1.01547
0.391603 1.00968
0.392326 1.00287
0.39305 0.997191
0.393776 0.990468
0.394503 0.984872
0.395232 0.978348
0.395962 0.972735
0.396693 0.966353
0.397425 0.960722
0.398159 0.954369
0.398895 0.948775
0.399631 0.942541
0.400369 0.936949
0.401108 0.930819
0.401849 0.92518
0.402591 0.919069
0.403335 0.913514
0.404079 0.907482
0.404826 0.901954
0.405573 0.896037
0.406322 0.89056
0.407072 0.884787
0.407824 0.879386
0.408577 0.873746
0.409332 0.868333
0.410088 0.862764
0.410845 0.857243
0.411604 0.851858
0.412364 0.846274
0.413125 0.840998
0.413888 0.835383
0.414652 0.83023
0.415418 0.824458
0.416185 0.8196
0.416954 0.813725
0.417723 0.809051
0.418495 0.803333
0.419268 0.798771
0.420042 0.793136
0.420818 0.788612
0.421595 0.783107
0.422373 0.77848
0.423153 0.77301
0.423934 0.768413
0.424717 0.762992
0.425502 0.758456
0.426287 0.753103
0.427075 0.748525
0.427863 0.743293
0.428653 0.738796
0.429445 0.733565
0.430238 0.729114
0.431032 0.724035
0.431828 0.719636
0.432626 0.714707
0.433425 0.710316
0.434225 0.705418
0.435027 0.70102
0.43583 0.696216
0.436635 0.69178
0.437441 0.687045
0.438249 0.682585
0.439058 0.677932
0.439869 0.673519
0.440681 0.668887
0.441495 0.664521
0.44231 0.660015
0.443127 0.65564
0.443945 0.651303
0.444765 0.646965
0.445586 0.642765
0.446409 0.638362
0.447234 0.634254
0.448059 0.6298
0.448887 0.625788
0.449716 0.621094
0.450546 0.617404
0.451378 0.61277
0.452212 0.609073
0.453047 0.604473
0.453883 0.600815
0.454722 0.596321
0.455561 0.592693
0.456402 0.588323
0.457245 0.584712
0.45809 0.580475
0.458935 0.576905
0.459783 0.572694
0.460632 0.569132
0.461483 0.56497
0.462335 0.561383
0.463189 0.557273
0.464044 0.553702
0.464901 0.549591
0.465759 0.546079
0.466619 0.542064
0.467481 0.538557
0.468344 0.534645
0.469209 0.531155
0.470076 0.52732
0.470944 0.523902
0.471813 0.520186
0.472684 0.516741
0.473557 0.513076
0.474432 0.509615
0.475308 0.505974
0.476186 0.502541
0.477065 0.498957
0.477946 0.495543
0.478828 0.492039
0.479713 0.488534
0.480598 0.485151
0.481486 0.481647
0.482375 0.478373
0.483266 0.474888
0.484158 0.471707
0.485052 0.468234
0.485948 0.465219
0.486845 0.461623
0.487744 0.458713
0.488645 0.455196
0.489547 0.452317
0.490451 0.448756
0.491357 0.445922
0.492264 0.442447
0.493173 0.439587
0.494084 0.436153
0.494996 0.43333
0.495911 0.429933
0.496826 0.427178
0.497744 0.423881
0.498663 0.421139
0.499584 0.417961
0.500506 0.415255
0.50143 0.41206
0.502356 0.409342
0.503284 0.406216
0.504213 0.403488
0.505144 0.400413
0.506077 0.397702
0.507012 0.394667
0.507948 0.391952
0.508886 0.388968
0.509826 0.386262
0.510767 0.383358
0.51171 0.380659
0.512655 0.377853
0.513602 0.375239
0.51455 0.372471
0.515501 0.369842
0.516453 0.367142
0.517406 0.36449
0.518362 0.361829
0.519319 0.359164
0.520278 0.356581
0.521239 0.353873
0.522201 0.351374
0.523165 0.348644
0.524131 0.346198
0.525099 0.343322
0.526069 0.341138
0.52704 0.338331
0.528014 0.336174
0.528989 0.333467
0.529966 0.33129
0.530944 0.328629
0.531925 0.326462
0.532907 0.323831
0.533891 0.321674
0.534877 0.319046
0.535865 0.316894
0.536854 0.314323
0.537845 0.312207
0.538839 0.309648
0.539834 0.307526
0.54083 0.305047
0.541829 0.302947
0.54283 0.300508
0.543832 0.29847
0.544836 0.296121
0.545842 0.294086
0.54685 0.291766
0.54786 0.289702
0.548872 0.287419
0.549885 0.28538
0.550901 0.283122
0.551918 0.281077
0.552937 0.27886
0.553958 0.276795
0.554981 0.274636
0.556006 0.272594
0.557033 0.270479
0.558061 0.268474
0.559092 0.266426
0.560124 0.264423
0.561159 0.262466
0.562195 0.260443
0.563233 0.258533
0.564273 0.256495
0.565315 0.254618
0.566359 0.252538
0.567405 0.250754
0.568453 0.248592
0.569502 0.246904
0.570554 0.244794
0.571608 0.243125
0.572663 0.241008
0.573721 0.239399
0.57478 0.237356
0.575842 0.235734
0.576905 0.233791
0.57797 0.232185
0.579037 0.230246
0.580107 0.22865
0.581178 0.226738
0.582251 0.225134
0.583326 0.223233
0.584404 0.221668
0.585483 0.219779
0.586564 0.218214
0.587647 0.216367
0.588732 0.214796
0.589819 0.213
0.590908 0.211455
0.592 0.209717
0.593093 0.208194
0.594188 0.206511
0.595285 0.204991
0.596385 0.203345
0.597486 0.201814
0.598589 0.20019
0.599694 0.198664
0.600802 0.197051
0.601911 0.19553
0.603023 0.193963
0.604136 0.19244
0.605252 0.190902
0.60637 0.189364
0.607489 0.187889
0.608611 0.186352
0.609735 0.184944
0.610861 0.183438
0.611989 0.182075
0.613119 0.180482
0.614251 0.179245
0.615386 0.177654
0.616522 0.176423
0.61766 0.174843
0.618801 0.173618
0.619944 0.172072
0.621088 0.170852
0.622235 0.169331
0.623384 0.168123
0.624535 0.166613
0.625689 0.165422
0.626844 0.16396
0.628002 0.162808
0.629161 0.16142
0.630323 0.160244
0.631487 0.158874
0.632653 0.157712
0.633821 0.156344
0.634992 0.155193
0.636164 0.153848
0.637339 0.152695
0.638516 0.151366
0.639695 0.15021
0.640876 0.148912
0.64206 0.147776
0.643246 0.146507
0.644433 0.145375
0.645623 0.144154
0.646816 0.143041
0.64801 0.141868
0.649207 0.140759
0.650405 0.139608
0.651606 0.138493
0.65281 0.137359
0.654015 0.136231
0.655223 0.135124
0.656433 0.133996
0.657645 0.132922
0.658859 0.131776
0.660076 0.130734
0.661295 0.129579
0.662516 0.128595
0.66374 0.127387
0.664965 0.126496
0.666193 0.125366
0.667423 0.124479
0.668656 0.123336
0.669891 0.122459
0.671128 0.121342
0.672367 0.120455
0.673608 0.119354
0.674852 0.118473
0.676099 0.117384
0.677347 0.116511
0.678598 0.11544
0.679851 0.114582
0.681106 0.113524
0.682364 0.112675
0.683624 0.111647
0.684887 0.110818
0.686151 0.109842
0.687418 0.109011
0.688688 0.108058
0.689959 0.107228
0.691233 0.106284
0.69251 0.105449
0.693789 0.104514
0.69507 0.103686
0.696353 0.102774
0.697639 0.101946
0.698928 0.101051
0.700218 0.100229
0.701511 0.0993489
0.702807 0.0985367
0.704104 0.0976992
0.705405 0.0969048
0.706707 0.096099
0.708012 0.0952979
0.70932 0.0945192
0.710629 0.0937033
0.711942 0.0929432
0.713256 0.0921179
0.714574 0.0913806
0.715893 0.0905144
0.717215 0.0898423
0.718539 0.0889683
0.719866 0.088315
0.721196 0.087456
0.722527 0.0868203
0.723862 0.0859755
0.725198 0.0853551
0.726537 0.084567
0.727879 0.0839452
0.729223 0.0831572
0.73057 0.0825381
0.731919 0.0817652
0.73327 0.0811502
0.734624 0.0803906
0.735981 0.0797679
0.73734 0.079018
0.738702 0.0784047
0.740066 0.0776635
0.741432 0.0770593
0.742801 0.076336
0.744173 0.0757374
0.745547 0.0750332
0.746924 0.0744495
0.748303 0.0737831
0.749685 0.0732022
0.75107 0.0725507
0.752456 0.0719627
0.753846 0.0713227
0.755238 0.0707322
0.756633 0.070101
0.75803 0.069512
0.75943 0.0688941
0.760832 0.0683082
0.762237 0.0677025
0.763644 0.0671121
0.765055 0.0665333
0.766467 0.0659437
0.767883 0.0653904
0.769301 0.0648096
0.770721 0.0642848
0.772145 0.0637007
0.77357 0.0631989
0.774999 0.0625747
0.77643 0.0621151
0.777864 0.061503
0.7793 0.0610424
0.780739 0.0604362
0.782181 0.0599794
0.783625 0.0593858
0.785072 0.0589295
0.786522 0.0583449
0.787974 0.0579001
0.78943 0.0573295
0.790887 0.0568954
0.792348 0.0563586
0.793811 0.0559317
0.795277 0.0554022
0.796745 0.0549712
0.798217 0.0544498
0.799691 0.0540169
0.801167 0.0535007
0.802647 0.0530716
0.804129 0.0525677
0.805614 0.0521385
0.807101 0.0516453
0.808592 0.0512163
0.810085 0.05073
0.811581 0.0503157
0.81308 0.049841
0.814581 0.0494378
0.816085 0.0489901
0.817592 0.0485866
0.819102 0.0481459
0.820615 0.0477384
0.82213 0.0473127
0.823648 0.0469033
0.825169 0.0464808
0.826693 0.0460678
0.828219 0.0456615
0.829749 0.0452415
0.831281 0.0448517
0.832816 0.0444266
0.834354 0.0440546
0.835895 0.0436125
0.837438 0.0432806
0.838985 0.0428491
0.840534 0.0425321
0.842086 0.0421078
0.843641 0.0417943
0.845199 0.0413739
0.84676 0.041062
0.848323 0.0406491
0.84989 0.040335
0.851459 0.0399243
0.853031 0.0396137
0.854607 0.0392125
0.856185 0.0389071
0.857766 0.0385138
0.85935 0.0382067
0.860937 0.0378267
0.862526 0.0375344
0.864119 0.0371684
0.865715 0.0368779
0.867313 0.0365237
0.868915 0.0362315
0.87052 0.0358826
0.872127 0.0355892
0.873738 0.0352436
0.875351 0.0349524
0.876967 0.0346161
0.878587 0.0343224
0.880209 0.0339931
0.881835 0.0337004
0.883463 0.0333819
0.885094 0.033089
0.886729 0.032781
0.888366 0.0325001
0.890007 0.0322087
0.89165 0.0319265
0.893297 0.0316441
0.894946 0.0313577
0.896599 0.0310848
0.898255 0.0307909
0.899913 0.0305275
0.901575 0.030229
0.90324 0.0299779
0.904908 0.0296583
0.906579 0.0294345
0.908253 0.0291215
0.90993 0.0289001
0.911611 0.0285938
0.913294 0.0283807
0.91498 0.0280928
0.91667 0.027879
0.918363 0.0275994
0.920059 0.027386
0.921758 0.0271085
0.92346 0.0268977
0.925165 0.0266232
0.926873 0.0264135
0.928585 0.0261425
0.9303 0.0259321
0.932018 0.0256682
0.933739 0.0254579
0.935463 0.0251975
0.93719 0.0249924
0.938921 0.0247411
0.940655 0.0245413
0.942392 0.0243049
0.944132 0.0241053
0.945875 0.0238746
0.947622 0.0236757
0.949372 0.0234473
0.951125 0.0232477
0.952881 0.0230232
0.954641 0.0228238
0.956404 0.022605
0.95817 0.0224037
0.959939 0.022191
0.961712 0.0219905
0.963488 0.0217834
0.965267 0.0215821
0.967049 0.0213873
0.968835 0.0211893
0.970624 0.0210055
0.972417 0.0208067
0.974212 0.0206323
0.976011 0.0204235
0.977814 0.0202617
0.979619 0.0200451
0.981428 0.0198918
0.983241 0.0196777
0.985056 0.0195278
0.986875 0.0193158
0.988698 0.0191677
0.990523 0.0189614
0.992352 0.018814
0.994185 0.0186126
0.996021 0.018469
0.99786 0.0182788
0.999703 0.0181388
1.00155 0.0179542
1.0034 0.0178121
1.00525 0.0176313
1.00711 0.0174913
1.00897 0.0173109
1.01083 0.0171692
1.0127 0.0169928
1.01457 0.0168521
1.01644 0.0166785
1.01832 0.0165395
1.0202 0.0163696
1.02208 0.0162314
1.02397 0.0160688
1.02586 0.0159336
1.02775 0.0157797
1.02965 0.0156454
1.03155 0.0154974
1.03346 0.0153627
1.03537 0.0152161
1.03728 0.0150809
1.03919 0.0149381
1.04111 0.0148009
1.04304 0.0146624
1.04496 0.014523
1.04689 0.01439
1.04882 0.0142484
1.05076 0.0141224
1.0527 0.0139781
1.05465 0.013861
1.05659 0.0137104
1.05854 0.0136105
1.0605 0.0134662
1.06246 0.0133658
1.06442 0.0132224
1.06638 0.0131217
1.06835 0.0129806
1.07033 0.0128805
1.0723 0.012741
1.07428 0.0126402
1.07627 0.0125037
1.07825 0.0124047
1.08025 0.01227
1.08224 0.0121733
1.08424 0.0120416
1.08624 0.0119466
1.08825 0.0118237
1.09026 0.0117295
1.09227 0.0116107
1.09429 0.0115175
1.09631 0.0113998
1.09833 0.0113064
1.10036 0.0111907
1.10239 0.0110964
1.10443 0.0109824
1.10647 0.010889
1.10851 0.0107774
1.11056 0.0106835
1.11261 0.0105752
1.11466 0.0104817
1.11672 0.0103777
1.11878 0.0102864
1.12085 0.0101883
1.12292 0.0100989
1.12499 0.0100053
1.12707 0.00991272
1.12915 0.00982228
1.13124 0.00972788
1.13333 0.00964052
1.13542 0.00954419
1.13751 0.00946034
1.13962 0.00936014
1.14172 0.00928266
1.14383 0.00917692
1.14594 0.00910741
1.14806 0.00900486
1.15018 0.00893774
1.1523 0.00883911
1.15443 0.00877391
1.15656 0.00868073
1.1587 0.00861456
1.16083 0.00852201
1.16298 0.00845634
1.16513 0.00836451
1.16728 0.00829878
1.16943 0.00820843
1.17159 0.00814281
1.17376 0.00805384
1.17592 0.00798925
1.1781 0.00790187
1.18027 0.00783765
1.18245 0.00775311
1.18463 0.00769072
1.18682 0.00761083
1.18901 0.00754966
1.19121 0.00747371
1.19341 0.00741167
1.19561 0.00733669
1.19782 0.00727421
1.20003 0.0072007
1.20225 0.00713764
1.20447 0.00706576
1.20669 0.00700251
1.20892 0.00693232
1.21115 0.00686869
1.21339 0.00680107
1.21563 0.00673711
1.21787 0.00667261
1.22012 0.00660994
1.22238 0.00654998
1.22463 0.00648736
1.2269 0.00643113
1.22916 0.00636635
1.23143 0.00631253
1.2337 0.00624076
1.23598 0.00619505
1.23826 0.00612413
1.24055 0.00607853
1.24284 0.0060086
1.24514 0.00596276
1.24744 0.00589453
1.24974 0.0058495
1.25205 0.00578283
1.25436 0.0057393
1.25668 0.00567576
1.259 0.00563298
1.26132 0.00557314
1.26365 0.0055307
1.26598 0.00547103
1.26832 0.00542787
1.27066 0.00536942
1.27301 0.00532614
1.27536 0.00526817
1.27772 0.00522548
1.28008 0.00516837
1.28244 0.00512577
1.28481 0.00506987
1.28718 0.00502707
1.28956 0.00497359
1.29194 0.0049322
1.29432 0.00488124
1.29671 0.00484079
1.29911 0.00479276
1.30151 0.00475148
1.30391 0.00470443
1.30632 0.00466264
1.30873 0.00461694
1.31115 0.00457438
1.31357 0.00452963
1.31599 0.00448643
1.31842 0.00444318
1.32086 0.00439928
1.3233 0.00435834
1.32574 0.00431355
1.32819 0.00427553
1.33064 0.00423001
1.3331 0.00419603
1.33556 0.00414914
1.33803 0.0041193
1.3405 0.00407311
1.34297 0.00404312
1.34545 0.00399697
1.34794 0.00396738
1.35043 0.00392172
1.35292 0.00389178
1.35542 0.00384706
1.35792 0.00381739
1.36043 0.0037734
1.36294 0.003744
1.36546 0.00370112
1.36798 0.00367243
1.37051 0.00363175
1.37304 0.00360431
1.37557 0.00356578
1.37811 0.00353812
1.38066 0.00350018
1.38321 0.00347204
1.38576 0.0034347
1.38832 0.00340654
1.39088 0.00336997
1.39345 0.00334139
1.39603 0.00330546
1.3986 0.00327686
1.40119 0.003242
1.40377 0.00321355
1.40637 0.00317996
1.40896 0.00315204
1.41157 0.0031202
1.41417 0.00309309
1.41678 0.00306347
1.4194 0.00303582
1.42202 0.0030068
1.42465 0.00297829
1.42728 0.00295043
1.42991 0.00292082
1.43255 0.00289428
1.4352 0.00286354
1.43785 0.0028386
1.4405 0.00280493
1.44316 0.002784
1.44583 0.00275024
1.4485 0.00273058
1.45117 0.00269827
1.45385 0.00267924
1.45654 0.00264947
1.45923 0.00263025
1.46192 0.00260068
1.46462 0.00258152
1.46733 0.00255194
1.47004 0.00253266
1.47275 0.00250349
1.47547 0.00248428
1.47819 0.00245571
1.48092 0.00243628
1.48366 0.00240819
1.4864 0.00238912
1.48914 0.00236172
1.49189 0.00234318
1.49465 0.00231722
1.49741 0.00229923
1.50017 0.0022749
1.50294 0.00225665
1.50572 0.00223275
1.5085 0.00221434
1.51129 0.00219084
1.51408 0.00217222
1.51687 0.00214926
1.51967 0.00213028
1.52248 0.00210776
1.52529 0.00208868
1.52811 0.00206704
1.53093 0.00204769
1.53376 0.00202703
1.53659 0.00200788
1.53943 0.00198857
1.54227 0.00197003
1.54512 0.00195229
1.54797 0.00193283
1.55083 0.0019159
1.55369 0.00189526
1.55656 0.00187975
1.55944 0.00185697
1.56231 0.00184371
1.5652 0.00182132
1.56809 0.0018081
1.57099 0.00178581
1.57389 0.00177289
1.57679 0.00175117
1.5797 0.00173854
1.58262 0.00171775
1.58554 0.00170563
1.58847 0.00168653
1.59141 0.00167421
1.59434 0.00165529
1.59729 0.00164299
1.60024 0.00162422
1.60319 0.0016117
1.60615 0.00159314
1.60912 0.00158058
1.61209 0.00156238
1.61507 0.00154976
1.61805 0.00153197
1.62104 0.00151942
1.62403 0.00150219
1.62703 0.00148984
1.63003 0.00147344
1.63304 0.00146156
1.63606 0.00144645
1.63908 0.00143454
1.64211 0.00141955
1.64514 0.00140732
1.64818 0.00139267
1.65122 0.00138014
1.65427 0.00136605
1.65733 0.00135314
1.66039 0.00133941
1.66345 0.00132624
1.66652 0.00131325
1.6696 0.00129972
1.67268 0.00128756
1.67577 0.0012737
1.67887 0.00126293
1.68197 0.00124879
1.68507 0.00123977
1.68819 0.00122497
1.6913 0.00121658
1.69443 0.00120185
1.69756 0.00119347
1.70069 0.00117887
1.70383 0.00117045
1.70698 0.00115597
1.71013 0.00114754
1.71329 0.00113333
1.71645 0.00112496
1.71962 0.00111106
1.7228 0.00110292
1.72598 0.00108965
1.72916 0.00108179
1.73236 0.0010697
1.73556 0.00106177
1.73876 0.00104974
1.74197 0.00104176
1.74519 0.0010299
1.74841 0.00102178
1.75164 0.00101008
1.75487 0.00100185
1.75812 0.000990331
1.76136 0.000982072
1.76461 0.000970934
1.76787 0.000962579
1.77114 0.000951798
1.77441 0.000943514
1.77768 0.000933346
1.78097 0.000925474
1.78426 0.00091617
1.78755 0.000908094
1.79085 0.000898983
1.79416 0.000890612
1.79747 0.000881913
1.80079 0.000873201
1.80412 0.000864814
1.80745 0.000855656
1.81079 0.000847815
1.81413 0.000838102
1.81748 0.00083106
1.82084 0.000820123
1.8242 0.000814588
1.82757 0.000804073
1.83094 0.000798785
1.83432 0.000789341
1.83771 0.000784013
1.8411 0.000774628
1.8445 0.00076921
1.84791 0.000759845
1.85132 0.000754439
1.85474 0.000745155
1.85816 0.000739671
1.8616 0.000730562
1.86503 0.000725126
1.86848 0.000716086
1.87193 0.000710623
1.87538 0.000701839
1.87885 0.000696462
1.88232 0.000688011
1.88579 0.000682966
1.88928 0.000675376
1.89276 0.000670207
1.89626 0.000662695
1.89976 0.00065743
1.90327 0.000649987
1.90678 0.000644692
1.9103 0.000637356
1.91383 0.000631931
1.91737 0.000624767
1.92091 0.000619266
1.92445 0.000612318
1.92801 0.000606678
1.93157 0.000600098
1.93514 0.000594422
1.93871 0.000588243
1.94229 0.00058287
1.94588 0.000577341
1.94947 0.000571678
1.95307 0.000566432
1.95667 0.000560402
1.96029 0.000555537
1.96391 0.000548798
1.96753 0.000544652
1.97117 0.000537469
1.97481 0.000533805
1.97845 0.000526691
1.98211 0.000523085
1.98577 0.000516108
1.98943 0.000512569
1.99311 0.000505799
1.99679 0.000502485
2.00048 0.000496413
2.00417 0.000493028
2.00787 0.000487057
2.01158 0.000483642
2.01529 0.000477701
2.01902 0.000474203
2.02274 0.000468339
2.02648 0.000464862
2.03022 0.000459017
2.03397 0.000455493
2.03773 0.000449787
2.04149 0.000446248
2.04526 0.000440699
2.04904 0.000437201
2.05282 0.000431847
2.05661 0.000428562
2.06041 0.000423809
2.06421 0.000420427
2.06802 0.000415746
2.07184 0.000412277
2.07567 0.000407716
2.0795 0.000404097
2.08334 0.000399651
2.08719 0.00039594
2.09104 0.000391641
2.0949 0.000387811
2.09877 0.000383712
2.10265 0.000379766
2.10653 0.000375903
2.11042 0.000371797
2.11432 0.000368356
2.11822 0.00036431
2.12213 0.000361413
2.12605 0.000356749
2.12998 0.000354484
2.13391 0.000349849
2.13785 0.000347551
2.1418 0.000342956
2.14576 0.000340641
2.14972 0.000336075
2.15369 0.000333734
2.15766 0.000329237
2.16165 0.000326901
2.16564 0.000322481
2.16964 0.00032022
2.17365 0.00031592
2.17766 0.00031379
2.18168 0.000309947
2.18571 0.000307784
2.18975 0.000304034
2.19379 0.000301813
2.19784 0.000298074
2.2019 0.000295834
2.20597 0.000292157
2.21004 0.00028987
2.21412 0.000286252
2.21821 0.00028393
2.2223 0.000280374
2.22641 0.000278026
2.23052 0.000274586
2.23464 0.000272225
2.23876 0.000268955
2.2429 0.000266754
2.24704 0.000263831
2.25119 0.000261567
2.25535 0.000258735
2.25951 0.000256375
2.26368 0.000253631
2.26786 0.00025116
2.27205 0.000248546
2.27625 0.000245921
2.28045 0.000243463
2.28466 0.000240659
2.28888 0.000238429
2.29311 0.000235307
2.29734 0.000233465
2.30158 0.000230088
2.30583 0.000228672
2.31009 0.000225664
2.31436 0.000224256
2.31863 0.000221305
2.32291 0.000219879
2.3272 0.000216953
2.3315 0.000215499
2.33581 0.00021259
2.34012 0.000211119
2.34444 0.000208228
2.34877 0.000206747
2.35311 0.000203899
2.35745 0.000202408
2.36181 0.00019962
2.36617 0.000198161
2.37054 0.000195461
2.37491 0.000194076
2.3793 0.000191655
2.38369 0.000190267
2.38809 0.000187924
2.3925 0.000186503
2.39692 0.000184181
2.40135 0.000182718
2.40578 0.000180441
2.41023 0.000178932
2.41468 0.000176703
2.41914 0.000175147
2.4236 0.000172988
2.42808 0.000171402
2.43256 0.000169322
2.43705 0.000167711
2.44155 0.00016577
2.44606 0.00016423
2.45058 0.000162508
2.4551 0.000160912
2.45964 0.000159313
2.46418 0.000157607
2.46873 0.000156104
2.47329 0.000154224
2.47786 0.00015289
2.48243 0.000150643
2.48702 0.000149681
2.49161 0.000147458
2.49621 0.000146506
2.50082 0.000144313
2.50544 0.00014336
2.51006 0.000141229
2.5147 0.000140341
2.51934 0.000138428
2.52399 0.000137532
2.52866 0.000135696
2.53333 0.00013479
2.538 0.000132955
2.54269 0.000132041
2.54739 0.000130211
2.55209 0.000129274
2.5568 0.000127477
2.56152 0.000126513
2.56625 0.000124744
2.57099 0.000123786
2.57574 0.000122043
2.5805 0.000121091
2.58526 0.000119421
2.59004 0.000118519
2.59482 0.000117017
2.59961 0.00011612
2.60441 0.000114685
2.60922 0.000113749
2.61404 0.000112349
2.61886 0.000111371
2.6237 0.000110001
2.62855 0.000108982
2.6334 0.00010765
2.63826 0.000106594
2.64313 0.000105328
2.64801 0.000104209
2.6529 0.00010302
2.6578 0.000101866
2.66271 0.000100792
2.66763 9.96467e-05
2.67255 9.8735e-05
2.67749 9.74943e-05
2.68243 9.67455e-05
2.68739 9.53265e-05
2.69235 9.47391e-05
2.69732 9.33312e-05
2.7023 9.27325e-05
2.70729 9.13242e-05
2.71229 9.07203e-05
2.7173 8.93338e-05
2.72232 8.87231e-05
2.72735 8.73585e-05
2.73238 8.67605e-05
2.73743 8.54281e-05
2.74248 8.4867e-05
2.74755 8.36612e-05
2.75262 8.31049e-05
2.7577 8.19636e-05
2.7628 8.13956e-05
2.7679 8.02626e-05
2.77301 7.96845e-05
2.77813 7.85604e-05
2.78326 7.79601e-05
2.7884 7.68486e-05
2.79355 7.62411e-05
2.79871 7.51524e-05
2.80387 7.45248e-05
2.80905 7.34638e-05
2.81424 7.284e-05
2.81944 7.18255e-05
2.82464 7.12294e-05
2.82986 7.03222e-05
2.83508 6.97191e-05
2.84032 6.88778e-05
2.84556 6.82456e-05
2.85082 6.74253e-05
2.85608 6.67543e-05
2.86136 6.59684e-05
2.86664 6.52558e-05
2.87193 6.45149e-05
2.87724 6.37418e-05
2.88255 6.30648e-05
2.88787 6.22185e-05
2.89321 6.16297e-05
2.89855 6.05968e-05
2.9039 6.02414e-05
2.90926 5.93089e-05
2.91464 5.89642e-05
2.92002 5.8087e-05
2.92541 5.77272e-05
2.93081 5.68587e-05
2.93623 5.64911e-05
2.94165 5.56245e-05
2.94708 5.52533e-05
2.95252 5.43877e-05
2.95797 5.40069e-05
2.96344 5.31543e-05
2.96891 5.27748e-05
2.97439 5.19304e-05
2.97988 5.15511e-05
2.98539 5.07354e-05
2.9909 5.03803e-05
2.99642 4.96398e-05
3.00195 4.92923e-05
3.0075 4.85958e-05
3.01305 4.82399e-05
3.01862 4.75497e-05
3.02419 4.71792e-05
3.02977 4.65019e-05
3.03537 4.61147e-05
3.04097 4.54485e-05
3.04659 4.50484e-05
3.05222 4.4403e-05
3.05785 4.39859e-05
3.0635 4.33619e-05
3.06916 4.29401e-05
3.07482 4.23543e-05
3.0805 4.19436e-05
3.08619 4.14227e-05
3.09189 4.10105e-05
3.0976 4.05376e-05
3.10332 4.00934e-05
3.10905 3.96548e-05
3.11479 3.91646e-05
3.12054 3.87642e-05
3.1263 3.82077e-05
3.13208 3.78733e-05
3.13786 3.72218e-05
3.14365 3.69843e-05
3.14946 3.63396e-05
3.15528 3.61056e-05
3.1611 3.54735e-05
3.16694 3.52548e-05
3.17279 3.46802e-05
3.17865 3.44687e-05
3.18452 3.3937e-05
3.1904 3.37181e-05
3.19629 3.31904e-05
3.20219 3.29662e-05
3.2081 3.24395e-05
3.21403 3.22085e-05
3.21996 3.16861e-05
3.22591 3.14537e-05
3.23187 3.09336e-05
3.23783 3.0698e-05
3.24381 3.0189e-05
3.2498 2.99507e-05
3.2558 2.94581e-05
3.26182 2.92334e-05
3.26784 2.8789e-05
3.27387 2.857e-05
3.27992 2.81606e-05
3.28598 2.793e-05
3.29204 2.75289e-05
3.29812 2.7288e-05
3.30421 2.68959e-05
3.31031 2.66435e-05
3.31643 2.62589e-05
3.32255 2.59922e-05
3.32869 2.56244e-05
3.33483 2.5345e-05
3.34099 2.49963e-05
3.34716 2.47006e-05
3.35334 2.43835e-05
3.35953 2.40848e-05
3.36574 2.3818e-05
3.37195 2.35091e-05
3.37818 2.3287e-05
3.38442 2.29118e-05
3.39067 2.27569e-05
3.39693 2.23604e-05
3.4032 2.22219e-05
3.40949 2.18253e-05
3.41578 2.16833e-05
3.42209 2.12923e-05
3.42841 2.11483e-05
3.43474 2.07616e-05
3.44108 2.06199e-05
3.44744 2.02403e-05
3.4538 2.01065e-05
3.46018 1.97595e-05
3.46657 1.96313e-05
3.47297 1.93185e-05
3.47939 1.91856e-05
3.48581 1.88724e-05
3.49225 1.87377e-05
3.4987 1.84261e-05
3.50516 1.82863e-05
3.51163 1.79783e-05
3.51811 1.78334e-05
3.52461 1.75288e-05
3.53112 1.73812e-05
3.53764 1.70839e-05
3.54417 1.69344e-05
3.55072 1.66475e-05
3.55727 1.65033e-05
3.56384 1.62465e-05
3.57042 1.61067e-05
3.57702 1.58751e-05
3.58362 1.57268e-05
3.59024 1.55036e-05
3.59687 1.53443e-05
3.60351 1.51287e-05
3.61017 1.49585e-05
3.61683 1.47535e-05
3.62351 1.45678e-05
3.6302 1.43775e-05
3.63691 1.41737e-05
3.64362 1.40048e-05
3.65035 1.37747e-05
3.65709 1.36414e-05
3.66384 1.33819e-05
3.67061 1.33055e-05
3.67739 1.30741e-05
3.68418 1.29953e-05
3.69098 1.27637e-05
3.6978 1.2683e-05
3.70463 1.24512e-05
3.71147 1.23698e-05
3.71832 1.21385e-05
3.72519 1.20546e-05
3.73207 1.18248e-05
3.73896 1.17393e-05
3.74586 1.15131e-05
3.75278 1.14281e-05
3.75971 1.12064e-05
3.76665 1.11252e-05
3.77361 1.09216e-05
3.78058 1.08455e-05
3.78756 1.06652e-05
3.79455 1.05858e-05
3.80156 1.04069e-05
3.80858 1.03241e-05
3.81561 1.0147e-05
3.82266 1.00613e-05
3.82972 9.88625e-06
3.83679 9.7962e-06
3.84387 9.62462e-06
3.85097 9.53265e-06
3.85808 9.36553e-06
3.86521 9.26909e-06
3.87234 9.11108e-06
3.87949 9.01632e-06
3.88666 8.8763e-06
3.89384 8.785e-06
3.90103 8.66267e-06
3.90823 8.56356e-06
3.91545 8.44828e-06
3.92268 8.33783e-06
3.92992 8.23318e-06
3.93718 8.10839e-06
3.94445 8.0162e-06
3.95173 7.86413e-06
3.95903 7.7998e-06
3.96634 7.63406e-06
3.97366 7.58473e-06
3.981 7.4215e-06
3.98835 7.3746e-06
3.99572 7.22357e-06
4.0031 7.18045e-06
4.01049 7.04801e-06
4.01789 7.00341e-06
4.02531 6.8718e-06
4.03275 6.82578e-06
4.04019 6.69444e-06
4.04765 6.64709e-06
4.05513 6.51628e-06
4.06262 6.46741e-06
4.07012 6.33754e-06
4.07763 6.28767e-06
4.08516 6.15926e-06
4.09271 6.10986e-06
4.10027 5.98435e-06
4.10784 5.93656e-06
4.11542 5.8213e-06
4.12302 5.7766e-06
4.13064 5.67692e-06
4.13826 5.63039e-06
4.14591 5.53222e-06
4.15356 5.48246e-06
4.16123 5.3861e-06
4.16892 5.33335e-06
4.17661 5.23938e-06
4.18433 5.18343e-06
4.19205 5.0922e-06
4.19979 5.03271e-06
4.20755 4.94575e-06
4.21532 4.88213e-06
4.2231 4.80268e-06
4.2309 4.73742e-06
4.23871 4.66905e-06
4.24654 4.60561e-06
4.25438 4.55062e-06
4.26224 4.47653e-06
4.27011 4.43161e-06
4.278 4.33871e-06
4.2859 4.31171e-06
4.29381 4.21893e-06
4.30174 4.1911e-06
4.30968 4.09874e-06
4.31764 4.0706e-06
4.32561 3.97883e-06
4.3336 3.95075e-06
4.3416 3.86002e-06
4.34962 3.83344e-06
4.35765 3.74875e-06
4.3657 3.72497e-06
4.37376 3.65287e-06
4.38184 3.62816e-06
4.38993 3.55614e-06
4.39804 3.53027e-06
4.40616 3.45894e-06
4.41429 3.43211e-06
4.42245 3.36067e-06
4.43061 3.33312e-06
4.43879 3.26252e-06
4.44699 3.23389e-06
4.4552 3.16441e-06
4.46343 3.13522e-06
4.47167 3.06796e-06
4.47993 3.03938e-06
4.4882 2.97753e-06
4.49649 2.95137e-06
4.50479 2.8994e-06
4.51311 2.87154e-06
4.52144 2.82103e-06
4.52979 2.7905e-06
4.53816 2.74184e-06
4.54654 2.70879e-06
4.55493 2.66203e-06
4.56335 2.62595e-06
4.57177 2.5824e-06
4.58021 2.54223e-06
4.58867 2.50286e-06
4.59715 2.45774e-06
4.60564 2.42476e-06
4.61414 2.37238e-06
4.62266 2.35182e-06
4.6312 2.30224e-06
4.63975 2.28869e-06
4.64832 2.23899e-06
4.6569 2.22517e-06
4.6655 2.17545e-06
4.67411 2.16113e-06
4.68275 2.11146e-06
4.69139 2.0967e-06
4.70006 2.047e-06
4.70874 2.03184e-06
4.71743 1.98278e-06
4.72614 1.96772e-06
4.73487 1.91929e-06
4.74361 1.90455e-06
4.75237 1.85912e-06
4.76115 1.84644e-06
4.76994 1.80861e-06
4.77875 1.79531e-06
4.78757 1.75777e-06
4.79641 1.74382e-06
4.80527 1.70665e-06
4.81414 1.69204e-06
4.82303 1.655e-06
4.83194 1.63947e-06
4.84086 1.60329e-06
4.8498 1.587e-06
4.85876 1.55156e-06
4.86773 1.5346e-06
4.87672 1.50066e-06
4.88572 1.48311e-06
4.89475 1.45243e-06
4.90378 1.43698e-06
4.91284 1.41208e-06
4.92191 1.39483e-06
4.931 1.37136e-06
4.94011 1.35228e-06
4.94923 1.33033e-06
4.95837 1.30865e-06
4.96752 1.28908e-06
4.9767 1.26345e-06
4.98589 1.24759e-06
4.99509 1.2143e-06
5.00432 1.20628e-06
5.01356 1.17334e-06
5.02282 1.16551e-06
5.03209 1.13407e-06
5.04138 1.12746e-06
5.05069 1.10217e-06
5.06002 1.09519e-06
5.06936 1.06996e-06
5.07873 1.06275e-06
5.0881 1.03746e-06
5.0975 1.03018e-06
5.10691 1.00485e-06
5.11634 9.97207e-07
5.12579 9.71987e-07
5.13526 9.64157e-07
5.14474 9.39212e-07
5.15424 9.31241e-07
5.16376 9.06599e-07
5.17329 8.98788e-07
5.18285 8.75556e-07
5.19242 8.68889e-07
5.202 8.50345e-07
5.21161 8.43278e-07
5.22123 8.24863e-07
5.23088 8.17295e-07
5.24054 7.99254e-07
5.25021 7.91203e-07
5.25991 7.73346e-07
5.26962 7.64605e-07
5.27935 7.47419e-07
5.2891 7.38017e-07
5.29887 7.21464e-07
5.30865 7.11363e-07
5.31846 6.95842e-07
5.32828 6.84998e-07
5.33812 6.71412e-07
5.34797 6.61744e-07
5.35785 6.51561e-07
5.36774 6.40323e-07
5.37765 6.31568e-07
5.38758 6.17848e-07
5.39753 6.11414e-07
5.4075 5.95034e-07
5.41749 5.91096e-07
5.42749 5.74712e-07
5.43751 5.7069e-07
5.44755 5.54343e-07
5.45761 5.50358e-07
5.46769 5.34162e-07
5.47779 5.30212e-07
5.4879 5.14539e-07
5.49804 5.1135e-07
5.50819 4.99131e-07
5.51836 4.95789e-07
5.52855 4.83609e-07
5.53876 4.80142e-07
5.54899 4.67976e-07
5.55923 4.64367e-07
5.5695 4.52234e-07
5.57979 4.4842e-07
5.59009 4.3633e-07
5.60041 4.32391e-07
5.61075 4.2047e-07
5.62111 4.16411e-07
5.63149 4.04715e-07
5.64189 4.00586e-07
5.65231 3.89499e-07
5.66275 3.8604e-07
5.67321 3.77528e-07
5.68368 3.73759e-07
5.69418 3.65471e-07
5.70469 3.61387e-07
5.71523 3.53336e-07
5.72578 3.48829e-07
5.73635 3.41094e-07
5.74695 3.36117e-07
5.75756 3.28755e-07
5.76819 3.23131e-07
5.77884 3.16475e-07
5.78951 3.10149e-07
5.8002 3.0425e-07
5.81092 2.9688e-07
5.82165 2.92618e-07
5.8324 2.84923e-07
5.84317 2.83315e-07
5.85396 2.75699e-07
5.86477 2.74036e-07
5.8756 2.6642e-07
5.88645 2.64677e-07
5.89732 2.57057e-07
5.90821 2.55249e-07
5.91912 2.47618e-07
5.93005 2.45753e-07
5.941 2.38151e-07
5.95197 2.36274e-07
5.96296 2.2873e-07
5.97397 2.26894e-07
5.985 2.19571e-07
5.99605 2.18077e-07
6.00713 2.12449e-07
6.01822 2.10889e-07
6.02933 2.05397e-07
6.04047 2.03788e-07
6.05162 1.98277e-07
6.06279 1.96558e-07
6.07399 1.91117e-07
6.08521 1.89276e-07
6.09644 1.83899e-07
6.1077 1.81942e-07
6.11898 1.76658e-07
6.13028 1.74591e-07
6.1416 1.69477e-07
6.15294 1.67312e-07
6.1643 1.62549e-07
6.17569 1.60696e-07
6.18709 1.57087e-07
6.19851 1.55091e-07
6.20996 1.51753e-07
6.22143 1.49518e-07
6.23292 1.46357e-07
6.24443 1.43799e-07
6.25596 1.40925e-07
6.26751 1.37895e-07
6.27908 1.3544e-07
6.29068 1.31747e-07
6.30229 1.29985e-07
6.31393 1.2541e-07
6.32559 1.24544e-07
6.33727 1.20068e-07
6.34897 1.19375e-07
6.3607 1.15932e-07
6.37244 1.15242e-07
6.38421 1.11933e-07
6.396 1.11198e-07
6.40781 1.07903e-07
6.41964 1.07146e-07
6.4315 1.03841e-07
6.44338 1.0305e-07
6.45527 9.97252e-08
6.46719 9.89079e-08
6.47914 9.56131e-08
6.4911 9.47827e-08
6.50309 9.1522e-08
6.5151 9.07017e-08
6.52713 8.75429e-08
6.53918 8.68684e-08
6.55126 8.44261e-08
6.56335 8.37465e-08
6.57547 8.14436e-08
6.58761 8.0701e-08
6.59978 7.84269e-08
6.61197 7.7636e-08
6.62418 7.53933e-08
6.63641 7.45199e-08
6.64866 7.2325e-08
6.66094 7.1355e-08
6.67324 6.92603e-08
6.68556 6.82117e-08
6.69791 6.62011e-08
6.71028 6.50571e-08
6.72267 6.32668e-08
6.73508 6.22541e-08
6.74752 6.09404e-08
6.75998 5.98426e-08
6.77246 5.8726e-08
6.78497 5.73999e-08
6.7975 5.64907e-08
6.81005 5.45869e-08
6.82263 5.42361e-08
6.83522 5.23247e-08
6.84785 5.19631e-08
6.86049 5.00547e-08
6.87316 4.96874e-08
6.88585 4.77913e-08
6.89857 4.74246e-08
6.91131 4.55693e-08
6.92407 4.52796e-08
6.93686 4.38418e-08
6.94967 4.35596e-08
6.9625 4.22235e-08
6.97536 4.19278e-08
6.98824 4.05901e-08
7.00114 4.02826e-08
7.01407 3.89481e-08
7.02702 3.86275e-08
7.04 3.72885e-08
7.053 3.69506e-08
7.06602 3.56239e-08
7.07907 3.5274e-08
7.09214 3.39618e-08
7.10524 3.36055e-08
7.11836 3.23506e-08
7.1315 3.20472e-08
7.14467 3.10836e-08
7.15787 3.07787e-08
7.17108 2.99124e-08
7.18433 2.95728e-08
7.19759 2.87269e-08
7.21088 2.83563e-08
7.2242 2.75351e-08
7.23754 2.71125e-08
7.2509 2.63273e-08
7.26429 2.5846e-08
7.27771 2.51169e-08
7.29115 2.45749e-08
7.30461 2.39155e-08
7.3181 2.32753e-08
7.33161 2.27563e-08
7.34515 2.21318e-08
7.35872 2.18376e-08
7.3723 2.1114e-08
7.38592 2.09904e-08
7.39956 2.02635e-08
7.41322 2.01372e-08
7.42691 1.94079e-08
7.44062 1.92752e-08
7.45436 1.85422e-08
7.46813 1.8405e-08
7.48192 1.76728e-08
7.49574 1.75324e-08
7.50958 1.68056e-08
7.52345 1.66659e-08
7.53734 1.59544e-08
7.55126 1.5841e-08
7.5652 1.52858e-08
7.57917 1.51824e-08
7.59317 1.46845e-08
7.60719 1.45754e-08
7.62124 1.40793e-08
7.63531 1.39622e-08
7.64941 1.34671e-08
7.66353 1.33415e-08
7.67769 1.28497e-08
7.69186 1.27145e-08
7.70607 1.22295e-08
7.7203 1.20828e-08
7.73455 1.16094e-08
7.74884 1.14537e-08
7.76315 1.10076e-08
7.77748 1.08733e-08
7.79184 1.05312e-08
7.80623 1.03969e-08
7.82065 1.01065e-08
7.83509 9.95413e-09
7.84956 9.6792e-09
7.86405 9.50198e-09
7.87857 9.24701e-09
7.89312 9.0383e-09
7.9077 8.80998e-09
7.9223 8.55425e-09
7.93693 8.3718e-09
7.95158 8.02409e-09
7.96627 7.93622e-09
7.98098 7.56082e-09
7.99572 7.51563e-09
8.01048 7.22107e-09
8.02527 7.18021e-09
8.04009 6.92466e-09
8.05494 6.88195e-09
8.06981 6.62634e-09
8.08472 6.58204e-09
8.09965 6.32549e-09
8.1146 6.27902e-09
8.12959 6.02085e-09
8.1446 5.97188e-09
8.15964 5.71486e-09
8.17471 5.66567e-09
8.1898 5.40848e-09
8.20492 5.35944e-09
8.22008 5.10863e-09
8.23526 5.06822e-09
8.25046 4.87139e-09
8.2657 4.83452e-09
8.28096 4.66666e-09
8.29625 4.62724e-09
8.31157 4.46101e-09
8.32692 4.4177e-09
8.3423 4.25345e-09
8.3577 4.2048e-09
8.37314 4.04291e-09
8.3886 3.98876e-09
8.40409 3.83123e-09
8.41961 3.772e-09
8.43516 3.62044e-09
8.45073 3.55434e-09
8.46634 3.41477e-09
8.48197 3.35392e-09
8.49763 3.25102e-09
8.51333 3.19007e-09
8.52905 3.11067e-09
8.5448 3.0372e-09
8.56057 2.96927e-09
8.57638 2.87607e-09
8.59222 2.82663e-09
8.60809 2.70072e-09
8.62398 2.68204e-09
8.63991 2.55602e-09
8.65586 2.53724e-09
8.67185 2.41137e-09
8.68786 2.39257e-09
8.7039 2.26807e-09
8.71997 2.25322e-09
8.73608 2.15413e-09
8.75221 2.14155e-09
8.76837 2.05995e-09
8.78456 2.04666e-09
8.80078 1.96498e-09
8.81704 1.95121e-09
8.83332 1.8692e-09
8.84963 1.85454e-09
8.86597 1.77192e-09
8.88234 1.75657e-09
8.89874 1.67436e-09
8.91518 1.65828e-09
8.93164 1.57683e-09
8.94813 1.56002e-09
8.96466 1.48084e-09
8.98121 1.46665e-09
8.9978 1.40397e-09
9.01441 1.39146e-09
9.03106 1.34079e-09
9.04773 1.32677e-09
9.06444 1.27729e-09
9.08118 1.26135e-09
9.09795 1.21307e-09
9.11475 1.19441e-09
9.13158 1.14822e-09
9.14844 1.12652e-09
9.16534 1.08278e-09
9.18226 1.05762e-09
9.19922 1.01742e-09
9.2162 9.87351e-10
9.23322 9.53851e-10
9.25027 9.2402e-10
9.26736 9.02538e-10
9.28447 8.7066e-10
9.30161 8.6094e-10
9.31879 8.2378e-10
9.336 8.18974e-10
9.35324 7.81677e-10
9.37051 7.766e-10
9.38781 7.39043e-10
9.40515 7.33706e-10
9.42252 6.95922e-10
9.43992 6.90532e-10
9.45735 6.52874e-10
9.47481 6.47492e-10
9.49231 6.10305e-10
9.50984 6.0589e-10
9.5274 5.75745e-10
9.54499 5.72271e-10
9.56262 5.48785e-10
9.58027 5.45102e-10
9.59797 5.21523e-10
9.61569 5.17723e-10
9.63345 4.94117e-10
9.65123 4.8994e-10
9.66906 4.66322e-10
9.68691 4.61622e-10
9.7048 4.38288e-10
9.72272 4.3328e-10
9.74067 4.10297e-10
9.75866 4.0477e-10
9.77668 3.82701e-10
9.79474 3.77681e-10
9.81282 3.60288e-10
9.83094 3.5594e-10
9.8491 3.42915e-10
9.86728 3.37832e-10
9.88551 3.2545e-10
9.90376 3.19478e-10
9.92205 3.07793e-10
9.94037 3.00461e-10
9.95873 2.89873e-10
9.97712 2.80836e-10
9.99554 2.7184e-10
10.014 2.60386e-10
10.0325 2.53818e-10
10.051 2.37714e-10
10.0696 2.3623e-10
10.0882 2.22944e-10
10.1068 2.21845e-10
10.1255 2.11995e-10
10.1442 2.10841e-10
10.1629 2.00941e-10
10.1817 1.9974e-10
10.2005 1.89757e-10
10.2193 1.88525e-10
10.2382 1.78463e-10
10.2571 1.7716e-10
10.276 1.67049e-10
10.295 1.65722e-10
10.314 1.55627e-10
10.333 1.54309e-10
10.3521 1.44321e-10
10.3712 1.43205e-10
10.3904 1.34972e-10
10.4096 1.34165e-10
10.4288 1.28169e-10
10.4481 1.27268e-10
10.4674 1.21303e-10
10.4867 1.20313e-10
10.5061 1.1437e-10
10.5255 1.13213e-10
10.5449 1.07347e-10
10.5644 1.05984e-10
10.5839 1.00249e-10
10.6034 9.87053e-11
10.623 9.31669e-11
10.6426 9.13603e-11
10.6623 8.616e-11
10.682 8.44063e-11
10.7017 8.03739e-11
10.7214 7.89027e-11
10.7412 7.62272e-11
10.7611 7.43972e-11
10.7809 7.20386e-11
10.8008 6.9702e-11
10.8208 6.78095e-11
10.8408 6.46148e-11
10.8608 6.35113e-11
10.8809 5.95625e-11
10.9009 5.91801e-11
10.9211 5.52265e-11
10.9412 5.485e-11
10.9614 5.0912e-11
10.9817 5.05965e-11
11.002 4.72812e-11
11.0223 4.70949e-11
11.0426 4.4807e-11
11.063 4.45996e-11
11.0835 4.22969e-11
11.1039 4.20868e-11
11.1244 3.97673e-11
11.145 3.95469e-11
11.1655 3.72037e-11
11.1862 3.69597e-11
11.2068 3.46094e-11
11.2275 3.43471e-11
11.2483 3.2003e-11
11.269 3.17348e-11
11.2898 2.94196e-11
11.3107 2.91782e-11
11.3316 2.72433e-11
11.3525 2.70805e-11
11.3735 2.57942e-11
11.3945 2.55978e-11
11.4155 2.43271e-11
11.4366 2.40847e-11
11.4577 2.28443e-11
11.4789 2.25449e-11
11.5001 2.13316e-11
11.5213 2.09561e-11
11.5426 1.98039e-11
11.5639 1.93352e-11
11.5852 1.82709e-11
11.6066 1.76997e-11
11.6281 1.67478e-11
11.6495 1.61276e-11
11.671 1.54742e-11
11.6926 1.49469e-11
11.7142 1.4644e-11
11.7358 1.38343e-11
11.7575 1.38023e-11
11.7792 1.29871e-11
11.801 1.29498e-11
11.8227 1.21267e-11
11.8446 1.20801e-11
11.8664 1.12488e-11
11.8884 1.11999e-11
11.9103 1.03639e-11
11.9323 1.03141e-11
11.9543 9.4794e-12
11.9764 9.43883e-12
11.9985 8.71733e-12
12.0207 8.71015e-12
12.0429 8.25548e-12
12.0651 8.2439e-12
12.0874 7.7853e-12
12.1097 7.77024e-12
12.1321 7.30745e-12
12.1545 7.28501e-12
12.1769 6.8196e-12
12.1994 6.78711e-12
12.2219 6.32064e-12
12.2445 6.28092e-12
12.2671 5.81644e-12
12.2898 5.76731e-12
12.3125 5.31359e-12
12.3352 5.26409e-12
12.358 4.88111e-12
12.3808 4.85401e-12
12.4037 4.62734e-12
12.4266 4.58322e-12
12.4495 4.36535e-12
12.4725 4.30578e-12
12.4955 4.0984e-12
12.5186 4.01611e-12
12.5417 3.82427e-12
12.5649 3.71144e-12
12.5881 3.54261e-12
12.6113 3.3907e-12
12.6346 3.25951e-12
12.658 3.04557e-12
12.6813 2.97408e-12
12.7048 2.72535e-12
12.7282 2.72974e-12
12.7517 2.58534e-12
12.7753 2.58727e-12
12.7989 2.44075e-12
12.8225 2.44136e-12
12.8462 2.29233e-12
12.8699 2.29215e-12
12.8937 2.14027e-12
12.9175 2.13725e-12
12.9413 1.98243e-12
12.9652 1.97751e-12
12.9892 1.82156e-12
13.0131 1.81733e-12
13.0372 1.65982e-12
13.0612 1.65523e-12
13.0854 1.51567e-12
13.1095 1.51664e-12
13.1337 1.43647e-12
13.158 1.43589e-12
13.1823 1.35485e-12
13.2066 1.35236e-12
13.231 1.27104e-12
13.2555 1.26626e-12
13.2799 1.18435e-12
13.3045 1.17631e-12
13.329 1.09469e-12
13.3536 1.08345e-12
13.3783 1.00402e-12
13.403 9.89441e-13
13.4277 9.12267e-13
13.4525 8.94985e-13
13.4774 8.30137e-13
13.5023 8.19462e-13
13.5272 7.85261e-13
13.5522 7.70323e-13
13.5772 7.38843e-13
13.6023 7.17899e-13
13.6274 6.91149e-13
13.6526 6.61225e-13
13.6778 6.41992e-13
13.703 5.93444e-13
13.7283 5.91225e-13
13.7537 5.42433e-13
13.7791 5.40252e-13
13.8045 4.90997e-13
13.83 4.8844e-13
13.8556 4.42991e-13
13.8811 4.42482e-13
13.9068 4.17745e-13
13.9325 4.16937e-13
13.9582 3.91797e-13
13.984 3.90799e-13
14.0098 3.65363e-13
14.0357 3.64166e-13
14.0616 3.38195e-13
14.0875 3.36674e-13
14.1136 3.10227e-13
14.1396 3.0855e-13
14.1657 2.8207e-13
14.1919 2.80321e-13
14.2181 2.5353e-13
14.2443 2.51619e-13
14.2706 2.27135e-13
14.297 2.26204e-13
14.3234 2.13186e-13
14.3499 2.11899e-13
14.3763 1.98921e-13
14.4029 1.9726e-13
14.4295 1.84491e-13
14.4561 1.82318e-13
14.4828 1.69738e-13
14.5096 1.66894e-13
14.5364 1.54616e-13
14.5632 1.51067e-13
14.5901 1.39525e-13
14.617 1.34998e-13
14.644 1.24232e-13
14.6711 1.18753e-13
14.6982 1.10211e-13
14.7253 1.06515e-13
14.7525 1.02844e-13
14.7797 9.76866e-14
14.807 9.53894e-14
14.8344 8.8382e-14
14.8618 8.78847e-14
14.8892 8.07982e-14
14.9167 8.02426e-14
14.9443 7.30276e-14
14.9719 7.24572e-14
14.9995 6.5235e-14
15.0272 6.47233e-14
15.055 5.74475e-14
15.0828 5.6878e-14
15.1106 4.994e-14
15.1385 4.97257e-14
15.1665 4.62885e-14
15.1945 4.60633e-14
15.2225 4.25861e-14
15.2506 4.23896e-14
15.2788 3.89031e-14
15.307 3.86982e-14
15.3353 3.51593e-14
15.3636 3.48877e-14
15.392 3.12953e-14
15.4204 3.09918e-14
15.4489 2.74597e-14
15.4774 2.71416e-14
15.506 2.36193e-14
15.5346 2.32628e-14
15.5633 2.00391e-14
15.592 1.98947e-14
15.6208 1.87059e-14
15.6497 1.84759e-14
15.6786 1.7297e-14
15.7075 1.70365e-14
15.7365 1.59744e-14
15.7656 1.57057e-14
15.7947 1.4683e-14
15.8239 1.41666e-14
15.8531 1.31144e-14
15.8824 1.25064e-14
15.9117 1.17858e-14
15.9411 1.07871e-14
15.9705 9.47067e-15
16 0
