# 1:pT 2:PhotonSpectrum=dN/d^2xT d^2pT dy
0.01 4.96687
0.0100185 4.96039
0.010037 4.94741
0.0100555 4.94062
0.0100741 4.92751
0.0100927 4.92041
0.0101113 4.90735
0.01013 4.89993
0.0101487 4.88677
0.0101674 4.87899
0.0101862 4.86557
0.010205 4.85742
0.0102239 4.84387
0.0102427 4.83537
0.0102617 4.82146
0.0102806 4.81227
0.0102996 4.79785
0.0103186 4.78755
0.0103377 4.77068
0.0103567 4.76022
0.0103759 4.74339
0.010395 4.73266
0.0104142 4.71597
0.0104335 4.70476
0.0104527 4.68834
0.010472 4.677
0.0104914 4.66078
0.0105107 4.64913
0.0105301 4.63334
0.0105496 4.62119
0.0105691 4.6057
0.0105886 4.59344
0.0106081 4.57862
0.0106277 4.56638
0.0106474 4.55249
0.010667 4.53962
0.0106867 4.52628
0.0107065 4.51293
0.0107262 4.50011
0.010746 4.48578
0.0107659 4.47374
0.0107858 4.45821
0.0108057 4.44743
0.0108256 4.42974
0.0108456 4.42102
0.0108656 4.40359
0.0108857 4.39484
0.0109058 4.37739
0.0109259 4.36887
0.0109461 4.35261
0.0109663 4.3438
0.0109866 4.32775
0.0110069 4.31878
0.0110272 4.30275
0.0110476 4.29366
0.011068 4.27775
0.0110884 4.26857
0.0111089 4.25266
0.0111294 4.2433
0.0111499 4.22751
0.0111705 4.21803
0.0111912 4.20249
0.0112118 4.19285
0.0112325 4.17773
0.0112533 4.16819
0.0112741 4.15388
0.0112949 4.14405
0.0113157 4.1299
0.0113366 4.11985
0.0113576 4.10601
0.0113785 4.09565
0.0113995 4.08203
0.0114206 4.07136
0.0114417 4.0578
0.0114628 4.04679
0.011484 4.03382
0.0115052 4.0224
0.0115264 4.00978
0.0115477 3.99795
0.011569 3.98616
0.0115904 3.97416
0.0116118 3.9633
0.0116332 3.95051
0.0116547 3.94046
0.0116762 3.9258
0.0116978 3.91765
0.0117194 3.90228
0.0117411 3.89463
0.0117627 3.87935
0.0117845 3.87165
0.0118062 3.85642
0.011828 3.84858
0.0118499 3.83364
0.0118717 3.82566
0.0118937 3.81082
0.0119156 3.80295
0.0119376 3.789
0.0119597 3.78103
0.0119818 3.76736
0.0120039 3.75916
0.0120261 3.74543
0.0120483 3.73717
0.0120705 3.7235
0.0120928 3.71511
0.0121151 3.70158
0.0121375 3.69299
0.0121599 3.67961
0.0121824 3.67074
0.0122049 3.65763
0.0122274 3.64877
0.01225 3.63605
0.0122726 3.62711
0.0122953 3.61516
0.012318 3.60596
0.0123407 3.59432
0.0123635 3.5849
0.0123863 3.57343
0.0124092 3.56373
0.0124321 3.5525
0.0124551 3.5423
0.0124781 3.53165
0.0125011 3.52099
0.0125242 3.51068
0.0125473 3.49931
0.0125705 3.48976
0.0125937 3.47756
0.012617 3.46922
0.0126403 3.45579
0.0126636 3.44923
0.012687 3.43609
0.0127104 3.42936
0.0127339 3.41626
0.0127574 3.40935
0.012781 3.39635
0.0128046 3.38933
0.0128282 3.37638
0.0128519 3.3693
0.0128756 3.3564
0.0128994 3.34917
0.0129232 3.33648
0.0129471 3.32928
0.012971 3.31674
0.012995 3.30953
0.0130189 3.29759
0.013043 3.29029
0.0130671 3.27863
0.0130912 3.27124
0.0131154 3.25966
0.0131396 3.252
0.0131639 3.24064
0.0131882 3.23276
0.0132125 3.22142
0.0132369 3.21359
0.0132614 3.20236
0.0132859 3.19429
0.0133104 3.18339
0.013335 3.17507
0.0133596 3.16444
0.0133843 3.1561
0.013409 3.14622
0.0134337 3.1377
0.0134585 3.12809
0.0134834 3.11914
0.0135083 3.10993
0.0135332 3.10045
0.0135582 3.09174
0.0135833 3.08151
0.0136083 3.07343
0.0136335 3.06197
0.0136587 3.05517
0.0136839 3.04293
0.0137091 3.03693
0.0137345 3.02477
0.0137598 3.01887
0.0137852 3.00731
0.0138107 3.00137
0.0138362 2.99012
0.0138617 2.98397
0.0138873 2.97271
0.013913 2.96646
0.0139387 2.95533
0.0139644 2.949
0.0139902 2.93796
0.014016 2.93144
0.0140419 2.9205
0.0140678 2.91402
0.0140938 2.90303
0.0141198 2.89652
0.0141459 2.88581
0.014172 2.87932
0.0141982 2.86916
0.0142244 2.86251
0.0142507 2.85261
0.014277 2.84588
0.0143034 2.83617
0.0143298 2.82915
0.0143563 2.81957
0.0143828 2.8123
0.0144093 2.80299
0.0144359 2.79543
0.0144626 2.78625
0.0144893 2.77856
0.0145161 2.76969
0.0145429 2.76171
0.0145697 2.75325
0.0145966 2.74515
0.0146236 2.7373
0.0146506 2.72882
0.0146776 2.72153
0.0147047 2.71238
0.0147319 2.70569
0.0147591 2.69505
0.0147863 2.68985
0.0148136 2.67923
0.014841 2.67389
0.0148684 2.66335
0.0148959 2.65792
0.0149234 2.64754
0.0149509 2.64203
0.0149785 2.63177
0.0150062 2.62631
0.0150339 2.61645
0.0150617 2.61103
0.0150895 2.60142
0.0151173 2.59589
0.0151453 2.58633
0.0151732 2.58065
0.0152012 2.57118
0.0152293 2.56534
0.0152574 2.55589
0.0152856 2.55003
0.0153138 2.54072
0.0153421 2.53473
0.0153705 2.52561
0.0153988 2.51946
0.0154273 2.51048
0.0154558 2.5044
0.0154843 2.49583
0.0155129 2.48968
0.0155415 2.48144
0.0155702 2.47509
0.015599 2.467
0.0156278 2.46043
0.0156567 2.45249
0.0156856 2.44567
0.0157145 2.43799
0.0157435 2.43085
0.0157726 2.42351
0.0158017 2.41591
0.0158309 2.40902
0.0158602 2.40098
0.0158894 2.39468
0.0159188 2.38601
0.0159482 2.38076
0.0159776 2.37162
0.0160071 2.36701
0.0160367 2.35788
0.0160663 2.35324
0.016096 2.34412
0.0161257 2.33941
0.0161555 2.33042
0.0161853 2.32552
0.0162152 2.31658
0.0162451 2.31163
0.0162751 2.30274
0.0163052 2.29778
0.0163353 2.28903
0.0163655 2.28406
0.0163957 2.27569
0.016426 2.27078
0.0164563 2.26257
0.0164867 2.25752
0.0165171 2.24938
0.0165476 2.24424
0.0165782 2.23621
0.0166088 2.23094
0.0166395 2.22295
0.0166702 2.21758
0.016701 2.20979
0.0167318 2.2042
0.0167627 2.19658
0.0167937 2.19084
0.0168247 2.18346
0.0168558 2.17773
0.0168869 2.17062
0.0169181 2.16486
0.0169493 2.15811
0.0169806 2.15203
0.017012 2.14552
0.0170434 2.13916
0.0170748 2.13291
0.0171064 2.12616
0.017138 2.1203
0.0171696 2.11296
0.0172013 2.10763
0.0172331 2.09909
0.0172649 2.09502
0.0172968 2.08656
0.0173287 2.0825
0.0173607 2.07436
0.0173928 2.07026
0.0174249 2.06247
0.0174571 2.0583
0.0174893 2.05052
0.0175216 2.04621
0.017554 2.03851
0.0175864 2.03417
0.0176189 2.02649
0.0176514 2.0221
0.017684 2.01444
0.0177166 2.00995
0.0177494 2.00243
0.0177821 1.99787
0.017815 1.99042
0.0178479 1.98594
0.0178808 1.97878
0.0179138 1.97431
0.0179469 1.96743
0.0179801 1.96276
0.0180133 1.95592
0.0180465 1.9512
0.0180799 1.94447
0.0181132 1.93957
0.0181467 1.93296
0.0181802 1.92788
0.0182138 1.92138
0.0182474 1.91617
0.0182811 1.90985
0.0183149 1.90452
0.0183487 1.89848
0.0183826 1.89293
0.0184165 1.88731
0.0184505 1.88163
0.0184846 1.8764
0.0185187 1.87034
0.0185529 1.86541
0.0185872 1.85876
0.0186215 1.85444
0.0186559 1.84706
0.0186903 1.84339
0.0187248 1.8361
0.0187594 1.83237
0.0187941 1.82506
0.0188288 1.82135
0.0188635 1.81419
0.0188984 1.81041
0.0189333 1.80349
0.0189682 1.79976
0.0190033 1.79309
0.0190384 1.78929
0.0190735 1.78267
0.0191087 1.77879
0.019144 1.77221
0.0191794 1.76831
0.0192148 1.76171
0.0192503 1.75772
0.0192858 1.75123
0.0193214 1.74718
0.0193571 1.74076
0.0193929 1.73662
0.0194287 1.73037
0.0194645 1.72618
0.0195005 1.72015
0.0195365 1.71597
0.0195726 1.71023
0.0196087 1.70586
0.0196449 1.70027
0.0196812 1.6958
0.0197175 1.69024
0.019754 1.6856
0.0197904 1.68021
0.019827 1.67539
0.0198636 1.67014
0.0199003 1.66513
0.019937 1.66014
0.0199738 1.65481
0.0200107 1.6502
0.0200477 1.64459
0.0200847 1.64043
0.0201218 1.63405
0.0201589 1.63095
0.0201962 1.62457
0.0202335 1.62141
0.0202708 1.61506
0.0203082 1.61178
0.0203457 1.60552
0.0203833 1.6022
0.020421 1.59598
0.0204587 1.59262
0.0204964 1.58641
0.0205343 1.58298
0.0205722 1.57689
0.0206102 1.57351
0.0206483 1.56758
0.0206864 1.56418
0.0207246 1.55853
0.0207629 1.55508
0.0208012 1.54942
0.0208396 1.54595
0.0208781 1.54031
0.0209166 1.53677
0.0209553 1.5312
0.020994 1.52748
0.0210327 1.52204
0.0210716 1.5183
0.0211105 1.51291
0.0211495 1.50906
0.0211885 1.50384
0.0212277 1.4999
0.0212669 1.49492
0.0213061 1.49102
0.0213455 1.48631
0.0213849 1.48225
0.0214244 1.47764
0.0214639 1.47338
0.0215036 1.46893
0.0215433 1.46444
0.0215831 1.46021
0.0216229 1.45547
0.0216628 1.4515
0.0217028 1.44623
0.0217429 1.44279
0.0217831 1.43693
0.0218233 1.43411
0.0218636 1.42844
0.021904 1.42564
0.0219444 1.42016
0.0219849 1.41736
0.0220255 1.41194
0.0220662 1.40899
0.022107 1.40365
0.0221478 1.40068
0.0221887 1.39532
0.0222297 1.39231
0.0222707 1.38701
0.0223118 1.38392
0.022353 1.37865
0.0223943 1.3756
0.0224357 1.37035
0.0224771 1.3673
0.0225186 1.36222
0.0225602 1.35915
0.0226018 1.35434
0.0226436 1.3512
0.0226854 1.34647
0.0227273 1.3432
0.0227692 1.3385
0.0228113 1.33516
0.0228534 1.33056
0.0228956 1.3271
0.0229379 1.32261
0.0229803 1.31905
0.0230227 1.31458
0.0230652 1.31096
0.0231078 1.30667
0.0231505 1.30298
0.0231932 1.2989
0.023236 1.29515
0.023279 1.29139
0.0233219 1.28739
0.023365 1.28383
0.0234082 1.27954
0.0234514 1.27623
0.0234947 1.27124
0.0235381 1.26866
0.0235815 1.26356
0.0236251 1.26104
0.0236687 1.25596
0.0237124 1.25342
0.0237562 1.24844
0.0238001 1.24589
0.023844 1.24103
0.0238881 1.23851
0.0239322 1.23386
0.0239764 1.23127
0.0240206 1.22667
0.024065 1.22405
0.0241094 1.21949
0.0241539 1.21678
0.0241985 1.21223
0.0242432 1.2095
0.024288 1.20497
0.0243329 1.20221
0.0243778 1.19773
0.0244228 1.19492
0.0244679 1.1905
0.0245131 1.18762
0.0245583 1.18336
0.0246037 1.18054
0.0246491 1.17653
0.0246946 1.17361
0.0247402 1.16967
0.0247859 1.16663
0.0248317 1.16273
0.0248776 1.15961
0.0249235 1.15582
0.0249695 1.15257
0.0250156 1.14888
0.0250618 1.1455
0.0251081 1.14194
0.0251545 1.13843
0.0252009 1.13508
0.0252475 1.13138
0.0252941 1.12828
0.0253408 1.12443
0.0253876 1.12175
0.0254345 1.11734
0.0254814 1.11515
0.0255285 1.11078
0.0255756 1.10856
0.0256229 1.10415
0.0256702 1.10191
0.0257176 1.09757
0.0257651 1.09528
0.0258126 1.09096
0.0258603 1.08863
0.0259081 1.08437
0.0259559 1.08204
0.0260038 1.07787
0.0260518 1.07559
0.0261 1.07164
0.0261482 1.06929
0.0261964 1.06535
0.0262448 1.06296
0.0262933 1.05906
0.0263418 1.0566
0.0263905 1.05275
0.0264392 1.05024
0.026488 1.04644
0.0265369 1.04385
0.0265859 1.0401
0.026635 1.03747
0.0266842 1.03381
0.0267335 1.03115
0.0267829 1.02761
0.0268323 1.02497
0.0268819 1.02162
0.0269315 1.0189
0.0269812 1.01567
0.0270311 1.01281
0.027081 1.00965
0.027131 1.00666
0.0271811 1.00365
0.0272313 1.00049
0.0272816 0.997623
0.0273319 0.994228
0.0273824 0.991593
0.027433 0.987738
0.0274836 0.985624
0.0275344 0.9816
0.0275852 0.979712
0.0276362 0.975937
0.0276872 0.974025
0.0277383 0.970248
0.0277896 0.968301
0.0278409 0.964565
0.0278923 0.962548
0.0279438 0.958821
0.0279954 0.95677
0.0280471 0.95308
0.0280989 0.951017
0.0281508 0.947368
0.0282027 0.945246
0.0282548 0.94162
0.028307 0.939508
0.0283593 0.935944
0.0284116 0.933876
0.0284641 0.930532
0.0285167 0.928411
0.0285693 0.925088
0.0286221 0.922882
0.0286749 0.919609
0.0287279 0.91737
0.0287809 0.914157
0.0288341 0.911821
0.0288873 0.908666
0.0289407 0.906252
0.0289941 0.903167
0.0290477 0.900701
0.0291013 0.897684
0.029155 0.895174
0.0292089 0.892271
0.0292628 0.889755
0.0293168 0.887096
0.029371 0.884446
0.0294252 0.88188
0.0294796 0.87905
0.029534 0.876629
0.0295885 0.873572
0.0296432 0.871397
0.0296979 0.867843
0.0297527 0.866134
0.0298077 0.862617
0.0298627 0.860872
0.0299179 0.857389
0.0299731 0.855625
0.0300285 0.852207
0.0300839 0.850455
0.0301395 0.847243
0.0301951 0.845485
0.0302509 0.842287
0.0303068 0.840479
0.0303627 0.837319
0.0304188 0.835501
0.030475 0.832345
0.0305312 0.830467
0.0305876 0.827333
0.0306441 0.825427
0.0307007 0.822315
0.0307574 0.82039
0.0308142 0.817341
0.0308711 0.815382
0.0309281 0.812411
0.0309852 0.810458
0.0310424 0.807649
0.0310997 0.8057
0.0311572 0.802924
0.0312147 0.800903
0.0312723 0.798173
0.0313301 0.796081
0.0313879 0.793386
0.0314459 0.791221
0.031504 0.788622
0.0315621 0.786382
0.0316204 0.783852
0.0316788 0.781503
0.0317373 0.779101
0.0317959 0.776641
0.0318546 0.774415
0.0319135 0.771881
0.0319724 0.769886
0.0320314 0.767044
0.0320906 0.76537
0.0321498 0.76232
0.0322092 0.760811
0.0322687 0.757766
0.0323283 0.756241
0.032388 0.753219
0.0324478 0.751674
0.0325077 0.748689
0.0325677 0.747099
0.0326279 0.744127
0.0326881 0.742533
0.0327485 0.73962
0.0328089 0.738067
0.0328695 0.735327
0.0329302 0.733722
0.032991 0.731027
0.033052 0.729419
0.033113 0.726691
0.0331741 0.725057
0.0332354 0.722374
0.0332968 0.720694
0.0333583 0.718046
0.0334199 0.716316
0.0334816 0.713689
0.0335434 0.711934
0.0336053 0.709384
0.0336674 0.707581
0.0337296 0.705092
0.0337919 0.703294
0.0338543 0.700968
0.0339168 0.699101
0.0339794 0.696821
0.0340421 0.694905
0.034105 0.692687
0.034168 0.690683
0.0342311 0.688538
0.0342943 0.686428
0.0343576 0.684387
0.0344211 0.682157
0.0344846 0.680225
0.0345483 0.677806
0.0346121 0.676088
0.034676 0.673286
0.0347401 0.672
0.0348042 0.669355
0.0348685 0.668045
0.0349329 0.665442
0.0349974 0.664106
0.035062 0.661525
0.0351267 0.660142
0.0351916 0.657578
0.0352566 0.656175
0.0353217 0.653617
0.0353869 0.652211
0.0354523 0.649672
0.0355177 0.648247
0.0355833 0.645733
0.035649 0.644285
0.0357149 0.641821
0.0357808 0.64038
0.0358469 0.638026
0.0359131 0.636586
0.0359794 0.634287
0.0360458 0.632809
0.0361124 0.630537
0.0361791 0.629001
0.0362459 0.626745
0.0363128 0.625175
0.0363799 0.622956
0.0364471 0.62134
0.0365144 0.61916
0.0365818 0.617504
0.0366493 0.615384
0.036717 0.613692
0.0367848 0.611637
0.0368527 0.609957
0.0369208 0.608027
0.036989 0.60627
0.0370573 0.604451
0.0371257 0.602587
0.0371943 0.600852
0.0372629 0.598855
0.0373318 0.597242
0.0374007 0.595013
0.0374698 0.593632
0.037539 0.591192
0.0376083 0.590001
0.0376777 0.587586
0.0377473 0.586399
0.037817 0.584007
0.0378868 0.582839
0.0379568 0.580588
0.0380269 0.579387
0.0380971 0.57718
0.0381675 0.575958
0.0382379 0.573751
0.0383085 0.572517
0.0383793 0.57033
0.0384502 0.569057
0.0385212 0.566892
0.0385923 0.565617
0.0386636 0.563449
0.038735 0.562152
0.0388065 0.560014
0.0388781 0.558703
0.0389499 0.556613
0.0390219 0.555314
0.0390939 0.553328
0.0391661 0.552007
0.0392384 0.55009
0.0393109 0.548716
0.0393835 0.546829
0.0394562 0.5454
0.0395291 0.543556
0.0396021 0.54209
0.0396752 0.540264
0.0397485 0.538753
0.0398219 0.536978
0.0398954 0.535409
0.0399691 0.533706
0.0400429 0.532062
0.0401168 0.530461
0.0401909 0.528781
0.0402651 0.527325
0.0403395 0.525532
0.040414 0.524205
0.0404886 0.522095
0.0405633 0.521077
0.0406383 0.518976
0.0407133 0.517938
0.0407885 0.515844
0.0408638 0.514779
0.0409393 0.512711
0.0410149 0.511637
0.0410906 0.509586
0.0411665 0.508487
0.0412425 0.506473
0.0413186 0.505396
0.0413949 0.503474
0.0414714 0.502403
0.041548 0.50052
0.0416247 0.499413
0.0417016 0.497557
0.0417786 0.496422
0.0418557 0.494569
0.041933 0.493433
0.0420104 0.49159
0.042088 0.490429
0.0421657 0.488618
0.0422436 0.487414
0.0423216 0.485628
0.0423998 0.484425
0.042478 0.482682
0.0425565 0.481468
0.0426351 0.479818
0.0427138 0.478574
0.0427927 0.476983
0.0428717 0.475697
0.0429509 0.474135
0.0430302 0.472811
0.0431096 0.471299
0.0431892 0.469882
0.043269 0.468438
0.0433489 0.46696
0.0434289 0.465579
0.0435091 0.464009
0.0435895 0.462723
0.04367 0.461002
0.0437506 0.45991
0.0438314 0.458056
0.0439124 0.457154
0.0439934 0.455375
0.0440747 0.454459
0.0441561 0.452656
0.0442376 0.451731
0.0443193 0.449961
0.0444011 0.448999
0.0444831 0.447238
0.0445653 0.446274
0.0446476 0.444507
0.04473 0.443539
0.0448126 0.441794
0.0448954 0.440808
0.0449783 0.439089
0.0450613 0.438123
0.0451445 0.43647
0.0452279 0.435504
0.0453114 0.43391
0.0453951 0.432905
0.0454789 0.431326
0.0455629 0.430296
0.045647 0.428739
0.0457313 0.427676
0.0458158 0.426136
0.0459004 0.425055
0.0459851 0.423541
0.0460701 0.422426
0.0461551 0.420952
0.0462404 0.419803
0.0463257 0.41837
0.0464113 0.417223
0.046497 0.415872
0.0465829 0.414696
0.0466689 0.41341
0.0467551 0.412178
0.0468414 0.41095
0.0469279 0.409631
0.0470145 0.408477
0.0471014 0.407056
0.0471883 0.405987
0.0472755 0.404305
0.0473628 0.40351
0.0474502 0.401835
0.0475379 0.401034
0.0476256 0.399381
0.0477136 0.398568
0.0478017 0.396997
0.04789 0.396185
0.0479784 0.394664
0.048067 0.393837
0.0481558 0.392314
0.0482447 0.391464
0.0483338 0.389961
0.048423 0.389109
0.0485124 0.387601
0.048602 0.386724
0.0486918 0.385238
0.0487817 0.384355
0.0488718 0.382873
0.048962 0.381988
0.0490524 0.380524
0.049143 0.379648
0.0492338 0.378248
0.0493247 0.377348
0.0494158 0.376012
0.049507 0.375096
0.0495984 0.373772
0.04969 0.372821
0.0497818 0.371527
0.0498737 0.370534
0.0499658 0.369267
0.0500581 0.368252
0.0501505 0.367021
0.0502431 0.365969
0.0503359 0.364764
0.0504288 0.363667
0.050522 0.362526
0.0506153 0.361407
0.0507087 0.360351
0.0508024 0.359192
0.0508962 0.358219
0.0509902 0.356942
0.0510843 0.356076
0.0511786 0.35463
0.0512732 0.353918
0.0513678 0.352488
0.0514627 0.351766
0.0515577 0.35033
0.0516529 0.349609
0.0517483 0.348191
0.0518439 0.347449
0.0519396 0.346052
0.0520355 0.345315
0.0521316 0.343966
0.0522279 0.343235
0.0523243 0.341941
0.0524209 0.341187
0.0525177 0.339904
0.0526147 0.339145
0.0527119 0.337855
0.0528092 0.337086
0.0529067 0.335811
0.0530044 0.335017
0.0531023 0.333758
0.0532004 0.332956
0.0532986 0.331721
0.053397 0.330894
0.0534956 0.329678
0.0535944 0.328849
0.0536934 0.327697
0.0537925 0.326861
0.0538919 0.325762
0.0539914 0.324898
0.0540911 0.323801
0.054191 0.322909
0.054291 0.321849
0.0543913 0.320923
0.0544917 0.319891
0.0545924 0.318915
0.0546932 0.317934
0.0547942 0.316898
0.0548954 0.315976
0.0549967 0.314862
0.0550983 0.314024
0.0552 0.312773
0.055302 0.312133
0.0554041 0.310894
0.0555064 0.310278
0.0556089 0.30904
0.0557116 0.308415
0.0558144 0.307188
0.0559175 0.306546
0.0560208 0.305333
0.0561242 0.30468
0.0562279 0.303463
0.0563317 0.3028
0.0564357 0.301599
0.0565399 0.300933
0.0566443 0.299753
0.0567489 0.299081
0.0568537 0.297935
0.0569587 0.297273
0.0570639 0.296175
0.0571693 0.295504
0.0572748 0.294411
0.0573806 0.29372
0.0574866 0.292635
0.0575927 0.29192
0.0576991 0.290853
0.0578056 0.290125
0.0579124 0.289076
0.0580193 0.288328
0.0581264 0.287303
0.0582338 0.28653
0.0583413 0.285528
0.058449 0.284749
0.058557 0.283798
0.0586651 0.283011
0.0587734 0.282111
0.058882 0.281288
0.0589907 0.280416
0.0590996 0.279552
0.0592088 0.27872
0.0593181 0.277798
0.0594276 0.277013
0.0595374 0.276013
0.0596473 0.275313
0.0597575 0.274163
0.0598678 0.27361
0.0599784 0.272475
0.0600891 0.271924
0.0602001 0.270811
0.0603112 0.270268
0.0604226 0.269218
0.0605342 0.268659
0.060646 0.267615
0.060758 0.267044
0.0608702 0.266002
0.0609826 0.265419
0.0610952 0.264388
0.061208 0.2638
0.061321 0.262773
0.0614343 0.262171
0.0615477 0.261149
0.0616614 0.260544
0.0617752 0.259541
0.0618893 0.258932
0.0620036 0.257964
0.0621181 0.257359
0.0622328 0.256441
0.0623477 0.255812
0.0624628 0.254899
0.0625782 0.254257
0.0626937 0.253359
0.0628095 0.252708
0.0629255 0.251818
0.0630417 0.251136
0.0631581 0.250265
0.0632747 0.249566
0.0633916 0.248724
0.0635086 0.247995
0.0636259 0.247184
0.0637434 0.246431
0.0638611 0.245678
0.063979 0.244912
0.0640972 0.244214
0.0642155 0.243395
0.0643341 0.242741
0.0644529 0.241805
0.0645719 0.241272
0.0646912 0.240277
0.0648106 0.239791
0.0649303 0.2388
0.0650502 0.23831
0.0651703 0.237327
0.0652907 0.236833
0.0654113 0.235862
0.065532 0.23536
0.0656531 0.234415
0.0657743 0.233919
0.0658957 0.233029
0.0660174 0.232526
0.0661393 0.231641
0.0662615 0.23112
0.0663838 0.230239
0.0665064 0.229711
0.0666292 0.228831
0.0667523 0.228304
0.0668755 0.227429
0.066999 0.226891
0.0671227 0.226029
0.0672467 0.225466
0.0673709 0.224624
0.0674953 0.224069
0.0676199 0.223257
0.0677448 0.222695
0.0678699 0.221931
0.0679952 0.221348
0.0681208 0.220598
0.0682466 0.219997
0.0683726 0.219256
0.0684988 0.218638
0.0686253 0.217913
0.0687521 0.217265
0.068879 0.216576
0.0690062 0.215895
0.0691336 0.215234
0.0692613 0.21451
0.0693892 0.213896
0.0695173 0.213124
0.0696457 0.212587
0.0697743 0.211735
0.0699031 0.211318
0.0700322 0.210469
0.0701616 0.210041
0.0702911 0.209197
0.0704209 0.20876
0.070551 0.207922
0.0706812 0.207475
0.0708118 0.206638
0.0709425 0.20619
0.0710735 0.205359
0.0712048 0.204906
0.0713362 0.204088
0.071468 0.203636
0.0716 0.202836
0.0717322 0.202384
0.0718646 0.20163
0.0719973 0.20117
0.0721303 0.200419
0.0722635 0.199951
0.0723969 0.199209
0.0725306 0.198729
0.0726645 0.197994
0.0727987 0.197498
0.0729332 0.196769
0.0730678 0.196272
0.0732028 0.195554
0.0733379 0.195041
0.0734734 0.194341
0.073609 0.193818
0.073745 0.193142
0.0738812 0.192622
0.0740176 0.191994
0.0741543 0.191454
0.0742912 0.190839
0.0744284 0.19027
0.0745658 0.189685
0.0747035 0.189079
0.0748415 0.188522
0.0749797 0.187876
0.0751181 0.187359
0.0752568 0.186631
0.0753958 0.1862
0.075535 0.185416
0.0756745 0.18504
0.0758143 0.184268
0.0759543 0.183903
0.0760945 0.183175
0.076235 0.182803
0.0763758 0.182083
0.0765168 0.181696
0.0766581 0.180976
0.0767997 0.180582
0.0769415 0.179869
0.0770836 0.179472
0.0772259 0.178764
0.0773685 0.178354
0.0775114 0.177654
0.0776545 0.177247
0.0777979 0.176546
0.0779416 0.176136
0.0780855 0.175454
0.0782297 0.17505
0.0783742 0.174411
0.0785189 0.173995
0.0786639 0.173357
0.0788092 0.172931
0.0789547 0.172309
0.0791005 0.171866
0.0792466 0.171251
0.0793929 0.170794
0.0795395 0.170196
0.0796864 0.169721
0.0798335 0.169133
0.0799809 0.168651
0.0801286 0.168079
0.0802766 0.167577
0.0804248 0.167039
0.0805734 0.166539
0.0807221 0.166044
0.0808712 0.16551
0.0810205 0.165039
0.0811702 0.164461
0.08132 0.164035
0.0814702 0.163355
0.0816207 0.163026
0.0817714 0.162349
0.0819224 0.162014
0.0820737 0.161342
0.0822252 0.161003
0.0823771 0.160339
0.0825292 0.159995
0.0826816 0.159342
0.0828342 0.159003
0.0829872 0.158391
0.0831405 0.158051
0.083294 0.157439
0.0834478 0.157093
0.0836019 0.156484
0.0837563 0.156128
0.0839109 0.155525
0.0840659 0.15516
0.0842211 0.154557
0.0843766 0.154192
0.0845325 0.153599
0.0846885 0.153226
0.0848449 0.152644
0.0850016 0.152262
0.0851586 0.151692
0.0853158 0.151317
0.0854734 0.150785
0.0856312 0.150398
0.0857893 0.149872
0.0859478 0.149473
0.0861065 0.148958
0.0862655 0.148547
0.0864248 0.14804
0.0865844 0.147616
0.0867442 0.147124
0.0869044 0.146674
0.0870649 0.146208
0.0872257 0.145733
0.0873868 0.145293
0.0875481 0.144791
0.0877098 0.14439
0.0878718 0.14386
0.088034 0.143524
0.0881966 0.142943
0.0883594 0.142652
0.0885226 0.142076
0.0886861 0.141782
0.0888498 0.141202
0.0890139 0.140907
0.0891783 0.140335
0.089343 0.140029
0.0895079 0.139461
0.0896732 0.139153
0.0898388 0.138588
0.0900047 0.138281
0.0901709 0.137727
0.0903374 0.137422
0.0905043 0.136902
0.0906714 0.136595
0.0908388 0.136075
0.0910066 0.135761
0.0911746 0.135247
0.091343 0.134925
0.0915116 0.134416
0.0916806 0.134086
0.0918499 0.133583
0.0920195 0.133244
0.0921895 0.13275
0.0923597 0.132403
0.0925303 0.131921
0.0927011 0.131563
0.0928723 0.131098
0.0930438 0.130748
0.0932156 0.130306
0.0933877 0.129945
0.0935602 0.129519
0.093733 0.12914
0.0939061 0.128727
0.0940795 0.128329
0.0942532 0.127935
0.0944272 0.127513
0.0946016 0.127141
0.0947763 0.126683
0.0949513 0.126344
0.0951266 0.125805
0.0953023 0.125553
0.0954783 0.12502
0.0956546 0.124772
0.0958312 0.124269
0.0960082 0.124013
0.0961855 0.123519
0.0963631 0.123259
0.0965411 0.122769
0.0967193 0.122499
0.0968979 0.122012
0.0970769 0.121741
0.0972561 0.121255
0.0974357 0.120984
0.0976156 0.120498
0.0977959 0.12022
0.0979765 0.119745
0.0981574 0.119462
0.0983387 0.118992
0.0985203 0.118721
0.0987022 0.118275
0.0988845 0.117997
0.0990671 0.117561
0.09925 0.117271
0.0994333 0.11684
0.0996169 0.116547
0.0998008 0.116121
0.0999851 0.115818
0.10017 0.115402
0.100355 0.115084
0.10054 0.114677
0.100726 0.114352
0.100912 0.113956
0.101098 0.113624
0.101285 0.113246
0.101472 0.112909
0.101659 0.112558
0.101847 0.112207
0.102035 0.111876
0.102223 0.1115
0.102412 0.111187
0.102601 0.110773
0.102791 0.110502
0.102981 0.110037
0.103171 0.109809
0.103361 0.109352
0.103552 0.109121
0.103743 0.108661
0.103935 0.108431
0.104127 0.107982
0.104319 0.10775
0.104512 0.107326
0.104705 0.107095
0.104898 0.106676
0.105092 0.106442
0.105286 0.106025
0.10548 0.105785
0.105675 0.10537
0.10587 0.105128
0.106066 0.104715
0.106262 0.104469
0.106458 0.104062
0.106654 0.103809
0.106851 0.103407
0.107049 0.103154
0.107246 0.102762
0.107444 0.102506
0.107643 0.102134
0.107841 0.101877
0.108041 0.101515
0.10824 0.101249
0.10844 0.100894
0.10864 0.100616
0.108841 0.100267
0.109042 0.0999816
0.109243 0.0996415
0.109445 0.0993428
0.109647 0.0990158
0.10985 0.0987046
0.110052 0.0983921
0.110256 0.0980656
0.110459 0.0977764
0.110663 0.0974354
0.110868 0.0971766
0.111072 0.0967783
0.111277 0.0965855
0.111483 0.0961871
0.111689 0.0959916
0.111895 0.0955946
0.112102 0.0953928
0.112309 0.0950009
0.112516 0.094796
0.112724 0.0944069
0.112932 0.0941993
0.11314 0.093812
0.113349 0.0936005
0.113559 0.0932211
0.113768 0.093016
0.113978 0.0926527
0.114189 0.0924427
0.1144 0.0920901
0.114611 0.0918773
0.114823 0.0915237
0.115035 0.0913093
0.115247 0.090958
0.11546 0.0907386
0.115673 0.0903897
0.115887 0.0901623
0.116101 0.0898204
0.116315 0.0895906
0.11653 0.0892538
0.116745 0.0890179
0.116961 0.088694
0.117177 0.0884547
0.117393 0.0881479
0.11761 0.0879076
0.117827 0.0876132
0.118045 0.0873621
0.118263 0.0870726
0.118481 0.0868088
0.1187 0.0865303
0.118919 0.0862535
0.119139 0.0859903
0.119359 0.0856946
0.119579 0.0854471
0.1198 0.0851243
0.120021 0.0849066
0.120243 0.0845431
0.120465 0.0843703
0.120687 0.084025
0.12091 0.0838529
0.121133 0.0835125
0.121357 0.0833387
0.121581 0.0830018
0.121806 0.0828213
0.12203 0.0824872
0.122256 0.0823042
0.122482 0.0819706
0.122708 0.0817857
0.122934 0.0814549
0.123161 0.0812668
0.123389 0.0809396
0.123617 0.0807517
0.123845 0.080426
0.124074 0.0802407
0.124303 0.0799314
0.124532 0.0797425
0.124762 0.0794442
0.124993 0.0792515
0.125223 0.0789566
0.125455 0.0787569
0.125686 0.0784633
0.125918 0.0782592
0.126151 0.0779725
0.126384 0.0777622
0.126617 0.0774815
0.126851 0.0772652
0.127085 0.076987
0.12732 0.076766
0.127555 0.0765008
0.127791 0.0762784
0.128027 0.0760282
0.128263 0.075798
0.1285 0.0755638
0.128737 0.0753182
0.128975 0.0750965
0.129213 0.0748328
0.129452 0.0746254
0.129691 0.0743234
0.12993 0.0741584
0.13017 0.0738416
0.130411 0.0736873
0.130651 0.0733722
0.130893 0.0732174
0.131134 0.0729078
0.131376 0.0727537
0.131619 0.0724585
0.131862 0.0723025
0.132106 0.0720154
0.13235 0.0718569
0.132594 0.0715719
0.132839 0.0714101
0.133084 0.0711287
0.13333 0.0709621
0.133576 0.0706805
0.133823 0.0705138
0.13407 0.0702334
0.134317 0.0700649
0.134565 0.069788
0.134814 0.0696167
0.135063 0.069345
0.135312 0.0691719
0.135562 0.068913
0.135812 0.0687424
0.136063 0.068492
0.136315 0.068314
0.136566 0.0680696
0.136818 0.0678843
0.137071 0.0676429
0.137324 0.0674522
0.137578 0.0672171
0.137832 0.0670208
0.138086 0.0667904
0.138341 0.0665843
0.138597 0.0663655
0.138853 0.0661509
0.139109 0.0659437
0.139366 0.0657216
0.139623 0.0655326
0.139881 0.0652981
0.14014 0.0651315
0.140398 0.0648599
0.140658 0.0647257
0.140917 0.0644567
0.141177 0.0643211
0.141438 0.0640506
0.141699 0.0639131
0.141961 0.0636462
0.142223 0.0635062
0.142486 0.0632418
0.142749 0.0631001
0.143013 0.0628384
0.143277 0.0626976
0.143541 0.0624473
0.143806 0.0623075
0.144072 0.0620658
0.144338 0.0619223
0.144604 0.0616807
0.144871 0.0615341
0.145139 0.0612954
0.145407 0.0611456
0.145675 0.0609095
0.145944 0.0607566
0.146214 0.0605238
0.146484 0.0603667
0.146754 0.0601356
0.147025 0.0599783
0.147297 0.059752
0.147569 0.0595951
0.147841 0.0593792
0.148114 0.0592187
0.148388 0.0590118
0.148662 0.0588467
0.148937 0.058646
0.149212 0.0584738
0.149487 0.0582769
0.149763 0.0580961
0.15004 0.0579083
0.150317 0.0577155
0.150594 0.0575398
0.150872 0.0573334
0.151151 0.0571697
0.15143 0.0569377
0.15171 0.0568055
0.15199 0.0565644
0.152271 0.0564489
0.152552 0.0562165
0.152833 0.0560995
0.153116 0.0558679
0.153398 0.0557486
0.153682 0.0555186
0.153965 0.055395
0.15425 0.0551667
0.154535 0.0550414
0.15482 0.0548154
0.155106 0.0546893
0.155392 0.0544654
0.155679 0.0543363
0.155967 0.0541153
0.156255 0.0539873
0.156543 0.053773
0.156832 0.053648
0.157122 0.0534427
0.157412 0.0533141
0.157703 0.0531102
0.157994 0.0529761
0.158286 0.0527749
0.158578 0.0526401
0.158871 0.0524422
0.159164 0.0523005
0.159458 0.0521067
0.159753 0.0519613
0.160048 0.0517723
0.160343 0.0516231
0.160639 0.0514382
0.160936 0.051289
0.161233 0.0511132
0.161531 0.0509622
0.161829 0.0507979
0.162128 0.0506377
0.162427 0.0504803
0.162727 0.0503091
0.163028 0.0501611
0.163329 0.0499767
0.16363 0.0498419
0.163933 0.0496269
0.164235 0.0495223
0.164539 0.0493089
0.164842 0.0492029
0.165147 0.0489918
0.165452 0.0488861
0.165757 0.0486824
0.166063 0.0485765
0.16637 0.0483809
0.166677 0.0482737
0.166985 0.048079
0.167293 0.0479705
0.167602 0.0477766
0.167912 0.0476661
0.168222 0.0474735
0.168532 0.0473597
0.168844 0.0471693
0.169155 0.0470538
0.169468 0.046864
0.169781 0.0467484
0.170094 0.0465625
0.170408 0.0464462
0.170723 0.0462676
0.171038 0.0461499
0.171354 0.0459788
0.171671 0.0458606
0.171988 0.0456906
0.172305 0.0455685
0.172623 0.0454014
0.172942 0.0452753
0.173261 0.0451112
0.173581 0.0449802
0.173902 0.0448208
0.174223 0.0446854
0.174545 0.0445312
0.174867 0.0443892
0.17519 0.044244
0.175514 0.0440966
0.175838 0.0439617
0.176162 0.0438105
0.176488 0.0436879
0.176814 0.0435173
0.17714 0.0434134
0.177467 0.043229
0.177795 0.0431367
0.178123 0.0429526
0.178452 0.0428602
0.178782 0.0426765
0.179112 0.0425833
0.179443 0.0424021
0.179774 0.0423062
0.180106 0.0421265
0.180438 0.0420306
0.180772 0.0418572
0.181105 0.0417627
0.18144 0.0415974
0.181775 0.0414999
0.182111 0.0413359
0.182447 0.0412383
0.182784 0.0410736
0.183121 0.0409736
0.183459 0.0408105
0.183798 0.0407087
0.184138 0.0405478
0.184478 0.0404438
0.184818 0.0402842
0.18516 0.0401785
0.185502 0.0400235
0.185844 0.0399164
0.186187 0.0397666
0.186531 0.0396595
0.186876 0.0395189
0.187221 0.0394083
0.187566 0.0392684
0.187913 0.0391545
0.18826 0.0390184
0.188607 0.0388981
0.188956 0.0387674
0.189305 0.038642
0.189654 0.0385168
0.190004 0.0383833
0.190355 0.038266
0.190707 0.0381216
0.191059 0.0380168
0.191412 0.0378501
0.191765 0.0377722
0.192119 0.0376145
0.192474 0.0375343
0.192829 0.0373773
0.193186 0.0372958
0.193542 0.0371396
0.1939 0.0370568
0.194258 0.0369013
0.194616 0.0368162
0.194976 0.0366615
0.195336 0.0365767
0.195697 0.0364234
0.196058 0.0363371
0.19642 0.0361859
0.196783 0.0360993
0.197146 0.0359517
0.19751 0.0358659
0.197875 0.0357252
0.19824 0.0356386
0.198606 0.0354998
0.198973 0.0354109
0.199341 0.0352738
0.199709 0.0351816
0.200077 0.0350453
0.200447 0.0349517
0.200817 0.0348177
0.201188 0.0347216
0.201559 0.0345894
0.201932 0.0344904
0.202304 0.0343621
0.202678 0.0342621
0.203052 0.0341386
0.203427 0.0340395
0.203803 0.0339246
0.204179 0.0338186
0.204556 0.0337084
0.204934 0.0335968
0.205312 0.0334918
0.205692 0.0333729
0.206071 0.0332746
0.206452 0.033143
0.206833 0.0330578
0.207215 0.0329125
0.207598 0.0328399
0.207981 0.0326971
0.208365 0.032625
0.20875 0.0324828
0.209135 0.0324128
0.209522 0.0322796
0.209908 0.0322068
0.210296 0.0320743
0.210684 0.0320007
0.211073 0.0318676
0.211463 0.0317932
0.211854 0.0316617
0.212245 0.0315852
0.212637 0.0314548
0.21303 0.0313781
0.213423 0.0312475
0.213817 0.0311696
0.214212 0.0310416
0.214607 0.0309629
0.215004 0.0308383
0.215401 0.0307607
0.215799 0.0306434
0.216197 0.0305634
0.216596 0.0304478
0.216996 0.0303654
0.217397 0.0302515
0.217798 0.0301661
0.218201 0.0300546
0.218603 0.0299674
0.219007 0.0298568
0.219412 0.0297667
0.219817 0.02966
0.220223 0.0295665
0.220629 0.0294636
0.221037 0.0293673
0.221445 0.0292707
0.221854 0.0291725
0.222263 0.0290849
0.222674 0.0289784
0.223085 0.0288977
0.223497 0.0287721
0.22391 0.0287106
0.224323 0.028585
0.224737 0.0285226
0.225152 0.0283978
0.225568 0.0283334
0.225985 0.0282101
0.226402 0.0281454
0.22682 0.0280235
0.227239 0.0279579
0.227659 0.0278378
0.228079 0.0277736
0.2285 0.027661
0.228922 0.0275966
0.229345 0.0274838
0.229768 0.0274173
0.230193 0.0273061
0.230618 0.0272377
0.231044 0.0271266
0.23147 0.0270586
0.231898 0.0269479
0.232326 0.0268788
0.232755 0.0267695
0.233185 0.0266976
0.233615 0.026591
0.234047 0.0265191
0.234479 0.0264148
0.234912 0.0263437
0.235346 0.0262466
0.23578 0.0261722
0.236216 0.0260766
0.236652 0.026
0.237089 0.0259062
0.237527 0.0258274
0.237965 0.0257364
0.238405 0.0256529
0.238845 0.0255654
0.239286 0.0254777
0.239728 0.025395
0.240171 0.0253019
0.240614 0.0252247
0.241058 0.0251234
0.241504 0.0250575
0.24195 0.0249502
0.242396 0.0248958
0.242844 0.0247897
0.243292 0.0247344
0.243742 0.0246272
0.244192 0.024572
0.244643 0.0244663
0.245094 0.0244082
0.245547 0.0243038
0.246 0.0242458
0.246455 0.0241414
0.24691 0.024083
0.247366 0.0239793
0.247822 0.0239207
0.24828 0.0238186
0.248739 0.0237619
0.249198 0.0236653
0.249658 0.0236073
0.250119 0.0235122
0.250581 0.023452
0.251044 0.0233578
0.251507 0.0232968
0.251972 0.0232039
0.252437 0.0231404
0.252903 0.0230483
0.25337 0.0229841
0.253838 0.0228937
0.254307 0.0228278
0.254776 0.0227397
0.255247 0.0226724
0.255718 0.0225866
0.25619 0.0225198
0.256663 0.0224402
0.257137 0.0223712
0.257612 0.0222939
0.258088 0.0222207
0.258565 0.0221468
0.259042 0.0220696
0.25952 0.0219997
0.26 0.0219165
0.26048 0.0218514
0.260961 0.0217524
0.261443 0.021704
0.261925 0.0216053
0.262409 0.0215571
0.262894 0.0214595
0.263379 0.0214116
0.263865 0.0213206
0.264353 0.0212718
0.264841 0.0211818
0.26533 0.021132
0.26582 0.0210419
0.266311 0.0209913
0.266803 0.0209018
0.267295 0.0208508
0.267789 0.0207618
0.268283 0.0207095
0.268779 0.0206214
0.269275 0.0205687
0.269772 0.0204811
0.27027 0.0204285
0.27077 0.0203427
0.27127 0.0202907
0.27177 0.0202095
0.272272 0.0201558
0.272775 0.0200764
0.273279 0.0200219
0.273783 0.0199432
0.274289 0.0198872
0.274796 0.0198101
0.275303 0.0197511
0.275811 0.0196756
0.276321 0.0196159
0.276831 0.0195422
0.277342 0.0194801
0.277854 0.0194087
0.278367 0.019344
0.278881 0.0192765
0.279396 0.0192121
0.279912 0.0191497
0.280429 0.0190811
0.280947 0.0190227
0.281466 0.0189483
0.281986 0.0188957
0.282506 0.0188109
0.283028 0.018768
0.283551 0.0186837
0.284074 0.0186407
0.284599 0.0185558
0.285124 0.0185127
0.285651 0.0184293
0.286178 0.018385
0.286707 0.0183031
0.287236 0.0182595
0.287767 0.0181819
0.288298 0.018138
0.28883 0.0180618
0.289364 0.018017
0.289898 0.017941
0.290433 0.0178957
0.29097 0.0178197
0.291507 0.0177735
0.292045 0.0176984
0.292585 0.017651
0.293125 0.017577
0.293666 0.0175293
0.294208 0.0174565
0.294752 0.0174075
0.295296 0.017336
0.295841 0.0172877
0.296388 0.0172208
0.296935 0.0171715
0.297483 0.0171062
0.298033 0.0170555
0.298583 0.0169902
0.299134 0.0169378
0.299687 0.0168752
0.30024 0.0168205
0.300795 0.0167593
0.30135 0.0167021
0.301906 0.016644
0.302464 0.0165837
0.303022 0.0165287
0.303582 0.0164645
0.304143 0.0164145
0.304704 0.0163443
0.305267 0.0163047
0.305831 0.016232
0.306395 0.0161949
0.306961 0.0161225
0.307528 0.016085
0.308096 0.0160127
0.308665 0.0159746
0.309235 0.0159032
0.309806 0.0158641
0.310378 0.0157928
0.310951 0.0157534
0.311525 0.015683
0.312101 0.0156435
0.312677 0.0155746
0.313254 0.0155351
0.313833 0.0154692
0.314412 0.0154297
0.314993 0.0153651
0.315574 0.0153251
0.316157 0.0152609
0.316741 0.0152199
0.317326 0.0151563
0.317912 0.0151138
0.318499 0.0150513
0.319087 0.0150086
0.319676 0.0149471
0.320267 0.0149027
0.320858 0.0148425
0.321451 0.0147971
0.322044 0.0147386
0.322639 0.0146937
0.323235 0.0146383
0.323832 0.0145926
0.32443 0.0145391
0.325029 0.0144909
0.325629 0.0144399
0.32623 0.0143892
0.326833 0.0143399
0.327436 0.0142861
0.328041 0.0142398
0.328646 0.0141816
0.329253 0.0141403
0.329861 0.0140734
0.33047 0.0140405
0.331081 0.0139747
0.331692 0.0139422
0.332305 0.0138791
0.332918 0.0138462
0.333533 0.0137848
0.334149 0.0137513
0.334766 0.0136903
0.335384 0.0136562
0.336003 0.0135953
0.336624 0.0135606
0.337246 0.0135004
0.337868 0.0134655
0.338492 0.0134055
0.339117 0.0133698
0.339743 0.0133104
0.340371 0.0132743
0.340999 0.013216
0.341629 0.0131806
0.34226 0.0131251
0.342892 0.013089
0.343525 0.0130355
0.344159 0.0129983
0.344795 0.0129449
0.345432 0.0129076
0.34607 0.0128546
0.346709 0.0128163
0.347349 0.0127644
0.34799 0.0127247
0.348633 0.0126733
0.349277 0.0126325
0.349922 0.0125833
0.350568 0.0125414
0.351215 0.0124937
0.351864 0.0124512
0.352513 0.012407
0.353164 0.0123628
0.353817 0.0123216
0.35447 0.012274
0.355125 0.0122355
0.35578 0.0121817
0.356437 0.0121495
0.357095 0.0120923
0.357755 0.0120633
0.358416 0.012006
0.359077 0.0119769
0.35974 0.0119202
0.360405 0.0118909
0.36107 0.0118349
0.361737 0.0118056
0.362405 0.0117521
0.363074 0.0117226
0.363745 0.0116709
0.364416 0.011641
0.365089 0.0115897
0.365763 0.0115588
0.366439 0.0115078
0.367116 0.0114768
0.367793 0.0114256
0.368473 0.0113943
0.369153 0.0113438
0.369835 0.0113119
0.370518 0.0112621
0.371202 0.0112295
0.371887 0.0111807
0.372574 0.0111486
0.373262 0.0111024
0.373951 0.0110694
0.374642 0.0110249
0.375334 0.0109908
0.376027 0.0109472
0.376721 0.0109121
0.377417 0.0108689
0.378114 0.010833
0.378812 0.010791
0.379511 0.0107535
0.380212 0.010713
0.380914 0.0106737
0.381618 0.0106352
0.382322 0.0105935
0.383028 0.010558
0.383736 0.0105147
0.384444 0.0104829
0.385154 0.010434
0.385866 0.0104092
0.386578 0.0103603
0.387292 0.010335
0.388007 0.0102862
0.388724 0.0102605
0.389441 0.0102122
0.390161 0.0101858
0.390881 0.0101379
0.391603 0.0101112
0.392326 0.0100636
0.39305 0.0100371
0.393776 0.00999003
0.394503 0.00996377
0.395232 0.00991865
0.395962 0.00989213
0.396693 0.00984864
0.397425 0.00982141
0.398159 0.00977801
0.398895 0.00975049
0.399631 0.00970774
0.400369 0.00967958
0.401108 0.00963745
0.401849 0.00960851
0.402591 0.00956654
0.403335 0.00953731
0.404079 0.00949602
0.404826 0.00946624
0.405573 0.00942603
0.406322 0.00939615
0.407072 0.00935784
0.407824 0.00932774
0.408577 0.00929102
0.409332 0.00925971
0.410088 0.00922406
0.410845 0.009191
0.411604 0.00915704
0.412364 0.00912204
0.413125 0.00908969
0.413888 0.00905251
0.414652 0.00902243
0.415418 0.00898107
0.416185 0.00895535
0.416954 0.00891075
0.417723 0.00888861
0.418495 0.00884559
0.419268 0.00882387
0.420042 0.00878224
0.420818 0.00876024
0.421595 0.00871917
0.422373 0.00869628
0.423153 0.00865536
0.423934 0.00863222
0.424717 0.00859143
0.425502 0.00856811
0.426287 0.00852772
0.427075 0.00850392
0.427863 0.00846407
0.428653 0.00844026
0.429445 0.00840063
0.430238 0.00837679
0.431032 0.00833871
0.431828 0.00831496
0.432626 0.00827857
0.433425 0.00825435
0.434225 0.00821802
0.435027 0.00819328
0.43583 0.00815766
0.436635 0.00813197
0.437441 0.00809694
0.438249 0.00807041
0.439058 0.00803611
0.439869 0.00800909
0.440681 0.00797522
0.441495 0.00794766
0.44231 0.00791508
0.443127 0.00788677
0.443945 0.00785637
0.444765 0.00782766
0.445586 0.00779908
0.446409 0.00776855
0.447234 0.00774163
0.448059 0.00770856
0.448887 0.00768387
0.449716 0.00764538
0.450546 0.00762611
0.451378 0.00758783
0.452212 0.00756827
0.453047 0.00753017
0.453883 0.00751045
0.454722 0.00747294
0.455561 0.00745324
0.456402 0.00741698
0.457245 0.00739714
0.45809 0.00736252
0.458935 0.00734256
0.459783 0.00730797
0.460632 0.00728767
0.461483 0.00725336
0.462335 0.00723261
0.463189 0.00719853
0.464044 0.00717738
0.464901 0.00714337
0.465759 0.00712217
0.466619 0.00708873
0.467481 0.00706718
0.468344 0.0070345
0.469209 0.00701279
0.470076 0.00698109
0.470944 0.00695953
0.471813 0.00692945
0.472684 0.00690723
0.473557 0.00687754
0.474432 0.00685461
0.475308 0.00682526
0.476186 0.00680174
0.477065 0.00677305
0.477946 0.00674888
0.478828 0.00672118
0.479713 0.00669544
0.480598 0.00666903
0.481486 0.00664221
0.482375 0.00661738
0.483266 0.0065895
0.484158 0.00656674
0.485052 0.0065373
0.485948 0.00651766
0.486845 0.00648515
0.487744 0.00646809
0.488645 0.006436
0.489547 0.00641879
0.490451 0.00638632
0.491357 0.00636912
0.492264 0.00633709
0.493173 0.0063194
0.494084 0.00628762
0.494996 0.00626995
0.495911 0.00623834
0.496826 0.00622078
0.497744 0.00619022
0.498663 0.00617269
0.499584 0.00614359
0.500506 0.00612591
0.50143 0.00609671
0.502356 0.0060786
0.503284 0.00604982
0.504213 0.00603128
0.505144 0.00600285
0.506077 0.00598401
0.507012 0.00595589
0.507948 0.00593661
0.508886 0.00590889
0.509826 0.00588919
0.510767 0.00586225
0.51171 0.00584221
0.512655 0.00581646
0.513602 0.00579674
0.51455 0.00577205
0.515501 0.00575155
0.516453 0.00572759
0.517406 0.00570627
0.518362 0.00568292
0.519319 0.00566071
0.520278 0.00563837
0.521239 0.00561471
0.522201 0.00559377
0.523165 0.00556844
0.524131 0.00554902
0.525099 0.0055193
0.526069 0.00550485
0.52704 0.00547581
0.528014 0.00546149
0.528989 0.00543394
0.529966 0.00541916
0.530944 0.00539187
0.531925 0.00537692
0.532907 0.00534978
0.533891 0.00533462
0.534877 0.00530741
0.535865 0.00529196
0.536854 0.00526518
0.537845 0.0052497
0.538839 0.00522291
0.539834 0.00520717
0.54083 0.00518096
0.541829 0.00516516
0.54283 0.0051395
0.543832 0.00512405
0.544836 0.00509967
0.545842 0.00508392
0.54685 0.00505978
0.54786 0.00504336
0.548872 0.00501964
0.549885 0.00500303
0.550901 0.00497952
0.551918 0.00496246
0.552937 0.00493942
0.553958 0.00492169
0.554981 0.00489922
0.556006 0.00488125
0.557033 0.00485931
0.558061 0.00484115
0.559092 0.00482028
0.560124 0.00480176
0.561159 0.00478241
0.562195 0.00476297
0.563233 0.0047445
0.564273 0.00472385
0.565315 0.00470644
0.566359 0.00468381
0.567405 0.00466842
0.568453 0.00464314
0.569502 0.00463021
0.570554 0.00460525
0.571608 0.00459225
0.572663 0.00456718
0.573721 0.00455447
0.57478 0.00453014
0.575842 0.00451714
0.576905 0.00449435
0.57797 0.0044813
0.579037 0.00445843
0.580107 0.00444522
0.581178 0.00442252
0.582251 0.00440895
0.583326 0.0043863
0.584404 0.00437286
0.585483 0.00435024
0.586564 0.00433656
0.587647 0.00431431
0.588732 0.00430024
0.589819 0.00427845
0.590908 0.00426441
0.592 0.00424332
0.593093 0.00422926
0.594188 0.00420928
0.595285 0.00419497
0.596385 0.00417539
0.597486 0.00416058
0.598589 0.00414128
0.599694 0.0041261
0.600802 0.00410702
0.601911 0.00409142
0.603023 0.00407292
0.604136 0.00405679
0.605252 0.00403883
0.60637 0.00402183
0.607489 0.00400488
0.608611 0.00398723
0.609735 0.00397153
0.610861 0.0039535
0.611989 0.00393924
0.613119 0.00391827
0.614251 0.0039071
0.615386 0.00388574
0.616522 0.00387473
0.61766 0.00385341
0.618801 0.00384222
0.619944 0.0038212
0.621088 0.00380984
0.622235 0.00378899
0.623384 0.00377756
0.624535 0.00375676
0.625689 0.00374531
0.626844 0.003725
0.628002 0.00371382
0.629161 0.00369483
0.630323 0.00368323
0.631487 0.00366429
0.632653 0.00365263
0.633821 0.00363372
0.634992 0.0036219
0.636164 0.00360321
0.637339 0.00359112
0.638516 0.00357259
0.639695 0.00356017
0.640876 0.00354198
0.64206 0.00352947
0.643246 0.00351165
0.644433 0.00349893
0.645623 0.00348173
0.646816 0.00346904
0.64801 0.00345286
0.649207 0.00343988
0.650405 0.00342408
0.651606 0.00341058
0.65281 0.00339515
0.654015 0.00338106
0.655223 0.00336611
0.656433 0.00335144
0.657645 0.00333723
0.658859 0.00332151
0.660076 0.00330822
0.661295 0.00329132
0.662516 0.00327952
0.66374 0.00326043
0.664965 0.00325114
0.666193 0.00323341
0.667423 0.00322401
0.668656 0.00320607
0.669891 0.00319662
0.671128 0.00317891
0.672367 0.00316917
0.673608 0.00315158
0.674852 0.00314172
0.676099 0.00312424
0.677347 0.00311429
0.678598 0.00309696
0.679851 0.003087
0.681106 0.00306976
0.682364 0.00305972
0.683624 0.00304282
0.684887 0.00303294
0.686151 0.00301714
0.687418 0.003007
0.688688 0.00299148
0.689959 0.00298114
0.691233 0.00296573
0.69251 0.00295509
0.693789 0.00293979
0.69507 0.00292895
0.696353 0.002914
0.697639 0.00290289
0.698928 0.0028882
0.700218 0.00287686
0.701511 0.00286241
0.702807 0.00285089
0.704104 0.00283712
0.705405 0.00282561
0.706707 0.0028128
0.708012 0.00280078
0.70932 0.00278856
0.710629 0.00277583
0.711942 0.00276417
0.713256 0.00275056
0.714574 0.00273974
0.715893 0.00272431
0.717215 0.00271541
0.718539 0.00269921
0.719866 0.002691
0.721196 0.00267492
0.722527 0.0026668
0.723862 0.00265087
0.725198 0.00264285
0.726537 0.00262807
0.727879 0.00261988
0.729223 0.0026051
0.73057 0.0025968
0.731919 0.00258217
0.73327 0.00257375
0.734624 0.0025593
0.735981 0.00255065
0.73734 0.00253622
0.738702 0.00252754
0.740066 0.00251322
0.741432 0.00250447
0.742801 0.00249039
0.744173 0.00248153
0.745547 0.00246774
0.746924 0.00245899
0.748303 0.00244609
0.749685 0.0024372
0.75107 0.00242459
0.752456 0.00241535
0.753846 0.00240292
0.755238 0.0023934
0.756633 0.00238117
0.75803 0.00237143
0.75943 0.00235944
0.760832 0.00234944
0.762237 0.00233775
0.763644 0.0023273
0.765055 0.00231625
0.766467 0.00230541
0.767883 0.00229496
0.769301 0.00228389
0.770721 0.00227443
0.772145 0.00226267
0.77357 0.00225412
0.774999 0.00224051
0.77643 0.00223365
0.777864 0.00222017
0.7793 0.00221318
0.780739 0.00219975
0.782181 0.00219268
0.783625 0.00217939
0.785072 0.00217219
0.786522 0.00215899
0.787974 0.00215187
0.78943 0.00213885
0.790887 0.0021318
0.792348 0.00211963
0.793811 0.00211259
0.795277 0.00210055
0.796745 0.0020933
0.798217 0.00208135
0.799691 0.00207395
0.801167 0.00206206
0.802647 0.00205457
0.804129 0.00204288
0.805614 0.00203522
0.807101 0.00202371
0.808592 0.00201585
0.810085 0.00200447
0.811581 0.00199671
0.81308 0.00198555
0.814581 0.00197786
0.816085 0.00196745
0.817592 0.00195956
0.819102 0.00194936
0.820615 0.00194117
0.82213 0.00193134
0.823648 0.00192285
0.825169 0.00191318
0.826693 0.00190431
0.828219 0.0018951
0.829749 0.00188572
0.831281 0.00187705
0.832816 0.00186701
0.834354 0.00185904
0.835895 0.00184785
0.837438 0.00184135
0.838985 0.00183
0.840534 0.00182425
0.842086 0.00181305
0.843641 0.00180728
0.845199 0.00179612
0.84676 0.00179026
0.848323 0.00177922
0.84989 0.00177321
0.851459 0.00176216
0.853031 0.00175611
0.854607 0.00174521
0.856185 0.00173916
0.857766 0.00172838
0.85935 0.00172216
0.860937 0.00171162
0.862526 0.00170563
0.864119 0.00169553
0.865715 0.00168947
0.867313 0.00167967
0.868915 0.00167346
0.87052 0.00166377
0.872127 0.00165739
0.873738 0.00164776
0.875351 0.00164127
0.876967 0.00163186
0.878587 0.00162517
0.880209 0.0016159
0.881835 0.00160904
0.883463 0.00160004
0.885094 0.00159297
0.886729 0.00158426
0.888366 0.00157731
0.890007 0.0015692
0.89165 0.00156201
0.893297 0.00155425
0.894946 0.00154668
0.896599 0.00153929
0.898255 0.00153121
0.899913 0.00152425
0.901575 0.00151558
0.90324 0.00150927
0.904908 0.0014992
0.906579 0.00149429
0.908253 0.00148431
0.90993 0.00147936
0.911611 0.0014695
0.913294 0.00146467
0.91498 0.00145538
0.91667 0.00145043
0.918363 0.00144139
0.920059 0.00143638
0.921758 0.00142735
0.92346 0.00142233
0.925165 0.00141334
0.926873 0.00140825
0.928585 0.00139933
0.9303 0.00139412
0.932018 0.00138533
0.933739 0.00138002
0.935463 0.00137128
0.93719 0.001366
0.938921 0.00135749
0.940655 0.00135225
0.942392 0.00134425
0.944132 0.00133892
0.945875 0.00133112
0.947622 0.00132568
0.949372 0.00131796
0.951125 0.00131237
0.952881 0.00130477
0.954641 0.00129904
0.956404 0.00129163
0.95817 0.0012857
0.959939 0.00127847
0.961712 0.00127238
0.963488 0.00126538
0.965267 0.00125903
0.967049 0.00125248
0.968835 0.00124602
0.970624 0.00124
0.972417 0.00123321
0.974212 0.00122773
0.976011 0.00122019
0.977814 0.00121544
0.979619 0.00120719
0.981428 0.00120306
0.983241 0.00119486
0.985056 0.00119075
0.986875 0.00118256
0.988698 0.00117843
0.990523 0.00117038
0.992352 0.00116617
0.994185 0.00115822
0.996021 0.00115407
0.99786 0.00114652
0.999703 0.00114242
1.00155 0.00113508
1.0034 0.00113085
1.00525 0.00112361
1.00711 0.00111935
1.00897 0.0011121
1.01083 0.00110772
1.0127 0.00110058
1.01457 0.00109614
1.01644 0.00108907
1.01832 0.00108459
1.0202 0.00107763
1.02208 0.00107307
1.02397 0.00106633
1.02586 0.00106177
1.02775 0.00105542
1.02965 0.00105078
1.03155 0.0010447
1.03346 0.00103995
1.03537 0.00103393
1.03728 0.00102904
1.03919 0.0010232
1.04111 0.00101808
1.04304 0.00101245
1.04496 0.00100705
1.04689 0.00100171
1.04882 0.000995999
1.05076 0.000991043
1.0527 0.000984912
1.05465 0.000980473
1.05659 0.000973546
1.05854 0.000970281
1.0605 0.000963601
1.06246 0.000960275
1.06442 0.000953602
1.06638 0.000950213
1.06835 0.000943596
1.07033 0.000940166
1.0723 0.000933591
1.07428 0.000930068
1.07627 0.00092357
1.07825 0.000920056
1.08025 0.000913596
1.08224 0.000910102
1.08424 0.000903722
1.08624 0.000900223
1.08825 0.000894217
1.09026 0.000890689
1.09227 0.00088488
1.09429 0.000881331
1.09631 0.000875563
1.09833 0.000871942
1.10036 0.000866246
1.10239 0.000862512
1.10443 0.000856879
1.10647 0.000853106
1.10851 0.000847563
1.11056 0.000843673
1.11261 0.000838265
1.11466 0.000834284
1.11672 0.000829056
1.11878 0.000825072
1.12085 0.000820162
1.12292 0.000816162
1.12499 0.000811538
1.12707 0.000807261
1.12915 0.000802836
1.13124 0.000798326
1.13333 0.000794122
1.13542 0.000789345
1.13751 0.000785404
1.13962 0.000780141
1.14172 0.000776717
1.14383 0.000770853
1.14594 0.000768055
1.14806 0.00076229
1.15018 0.000759546
1.1523 0.000753967
1.15443 0.000751257
1.15656 0.000745964
1.1587 0.000743162
1.16083 0.00073788
1.16298 0.000735064
1.16513 0.00072979
1.16728 0.000726926
1.16943 0.000721703
1.17159 0.000718798
1.17376 0.000713616
1.17592 0.000710698
1.1781 0.000705562
1.18027 0.000702612
1.18245 0.000697583
1.18463 0.000694659
1.18682 0.000689882
1.18901 0.000686956
1.19121 0.000682422
1.19341 0.000679399
1.19561 0.000674908
1.19782 0.000671801
1.20003 0.000667398
1.20225 0.0006642
1.20447 0.000659876
1.20669 0.000656585
1.20892 0.000652364
1.21115 0.000648974
1.21339 0.000644896
1.21563 0.000641369
1.21787 0.000637486
1.22012 0.000633916
1.22238 0.000630349
1.22463 0.000626654
1.2269 0.000623399
1.22916 0.000619412
1.23143 0.000616409
1.2337 0.000611653
1.23598 0.000609435
1.23826 0.0006047
1.24055 0.000602455
1.24284 0.00059775
1.24514 0.000595455
1.24744 0.000590815
1.24974 0.000588521
1.25205 0.000583943
1.25436 0.000581683
1.25668 0.000577282
1.259 0.000575024
1.26132 0.000570862
1.26365 0.000568595
1.26598 0.000564432
1.26832 0.000562086
1.27066 0.000557983
1.27301 0.000555599
1.27536 0.000551505
1.27772 0.000549115
1.28008 0.00054506
1.28244 0.000542631
1.28481 0.000538635
1.28718 0.000536131
1.28956 0.000532272
1.29194 0.000529801
1.29432 0.000526105
1.29671 0.000523636
1.29911 0.000520165
1.30151 0.000517591
1.30391 0.000514192
1.30632 0.000511538
1.30873 0.000508233
1.31115 0.000505463
1.31357 0.000502243
1.31599 0.000499347
1.31842 0.000496255
1.32086 0.00049321
1.3233 0.000490311
1.32574 0.000487084
1.32819 0.000484436
1.33064 0.00048098
1.3331 0.000478734
1.33556 0.000474983
1.33803 0.000473207
1.3405 0.000469489
1.34297 0.000467682
1.34545 0.00046395
1.34794 0.000462145
1.35043 0.000458438
1.35292 0.000456575
1.35542 0.000452916
1.35792 0.000451045
1.36043 0.000447413
1.36294 0.000445529
1.36546 0.000441953
1.36798 0.000440075
1.37051 0.000436651
1.37304 0.000434828
1.37557 0.000431574
1.37811 0.000429714
1.38066 0.000426497
1.38321 0.000424573
1.38576 0.000421396
1.38832 0.000419441
1.39088 0.000416317
1.39345 0.000414289
1.39603 0.000411211
1.3986 0.000409144
1.40119 0.000406139
1.40377 0.000404031
1.40637 0.000401115
1.40896 0.000398996
1.41157 0.000396218
1.41417 0.000394113
1.41678 0.000391545
1.4194 0.000389348
1.42202 0.00038685
1.42465 0.000384524
1.42728 0.000382149
1.42991 0.000379655
1.43255 0.000377432
1.4352 0.00037474
1.43785 0.000372713
1.4405 0.000369579
1.44316 0.000368038
1.44583 0.000364832
1.4485 0.000363405
1.45117 0.000360303
1.45385 0.000358902
1.45654 0.000356017
1.45923 0.000354586
1.46192 0.000351713
1.46462 0.000350268
1.46733 0.000347385
1.47004 0.000345914
1.47275 0.000343056
1.47547 0.000341568
1.47819 0.000338753
1.48092 0.000337222
1.48366 0.000334432
1.4864 0.000332905
1.48914 0.000330155
1.49189 0.000328642
1.49465 0.000326009
1.49741 0.000324513
1.50017 0.000322044
1.50294 0.000320502
1.50572 0.00031807
1.5085 0.00031649
1.51129 0.000314096
1.51408 0.000312471
1.51687 0.000310125
1.51967 0.000308436
1.52248 0.000306133
1.52529 0.000304395
1.52811 0.000302177
1.53093 0.000300369
1.53376 0.000298245
1.53659 0.000296405
1.53943 0.000294416
1.54227 0.000292579
1.54512 0.000290786
1.54797 0.000288803
1.55083 0.000287125
1.55369 0.000284934
1.55656 0.000283469
1.55944 0.000280938
1.56231 0.000279801
1.5652 0.000277297
1.56809 0.000276149
1.57099 0.00027364
1.57389 0.000272501
1.57679 0.000270036
1.5797 0.000268902
1.58262 0.000266514
1.58554 0.000265408
1.58847 0.000263195
1.59141 0.000262058
1.59434 0.000259861
1.59729 0.000258714
1.60024 0.000256528
1.60319 0.000255344
1.60615 0.000253173
1.60912 0.000251969
1.61209 0.000249829
1.61507 0.000248599
1.61805 0.000246495
1.62104 0.00024525
1.62403 0.000243194
1.62703 0.000241942
1.63003 0.000239963
1.63304 0.000238735
1.63606 0.000236913
1.63908 0.000235663
1.64211 0.000233856
1.64514 0.000232547
1.64818 0.000230784
1.65122 0.000229423
1.65427 0.000227727
1.65733 0.000226291
1.66039 0.000224647
1.66345 0.000223144
1.66652 0.000221595
1.6696 0.000220003
1.67268 0.000218564
1.67577 0.000216869
1.67887 0.000215617
1.68197 0.000213804
1.68507 0.000212832
1.68819 0.000210894
1.6913 0.00021003
1.69443 0.000208095
1.69756 0.000207225
1.70069 0.000205299
1.70383 0.000204415
1.70698 0.0002025
1.71013 0.000201599
1.71329 0.000199706
1.71645 0.0001988
1.71962 0.000196933
1.7228 0.000196038
1.72598 0.000194233
1.72916 0.00019335
1.73236 0.000191694
1.73556 0.000190793
1.73876 0.000189143
1.74197 0.000188227
1.74519 0.000186595
1.74841 0.000185652
1.75164 0.00018404
1.75487 0.000183069
1.75812 0.000181478
1.76136 0.000180491
1.76461 0.00017894
1.76787 0.000177921
1.77114 0.000176412
1.77441 0.000175379
1.77768 0.000173941
1.78097 0.000172936
1.78426 0.000171622
1.78755 0.000170574
1.79085 0.000169294
1.79416 0.000168186
1.79747 0.00016697
1.80079 0.000165793
1.80412 0.000164633
1.80745 0.000163366
1.81079 0.000162296
1.81413 0.000160904
1.81748 0.000159973
1.82084 0.000158335
1.8242 0.000157667
1.82757 0.000156073
1.83094 0.000155423
1.83432 0.000153974
1.83771 0.000153313
1.8411 0.000151871
1.8445 0.000151192
1.84791 0.000149751
1.85132 0.000149068
1.85474 0.000147635
1.85816 0.000146934
1.8616 0.000145522
1.86503 0.00014482
1.86848 0.000143412
1.87193 0.000142695
1.87538 0.000141317
1.87885 0.0001406
1.88232 0.000139256
1.88579 0.000138568
1.88928 0.000137353
1.89276 0.000136642
1.89626 0.000135439
1.89976 0.000134704
1.90327 0.000133511
1.90678 0.000132765
1.9103 0.000131589
1.91383 0.000130813
1.91737 0.000129664
1.92091 0.000128864
1.92445 0.000127745
1.92801 0.000126909
1.93157 0.000125846
1.93514 0.000124985
1.93871 0.000123978
1.94229 0.000123139
1.94588 0.000122246
1.94947 0.000121346
1.95307 0.000120508
1.95667 0.000119528
1.96029 0.000118766
1.96391 0.000117635
1.96753 0.00011702
1.97117 0.000115787
1.97481 0.000115271
1.97845 0.000114044
1.98211 0.00011353
1.98577 0.000112317
1.98943 0.000111806
1.99311 0.000110618
1.99679 0.000110127
2.00048 0.000109049
2.00417 0.000108544
2.00787 0.000107482
2.01158 0.000106969
2.01529 0.00010591
2.01902 0.000105379
2.02274 0.000104332
2.02648 0.0001038
2.03022 0.000102754
2.03397 0.000102208
2.03773 0.000101182
2.04149 0.000100626
2.04526 9.9621e-05
2.04904 9.9062e-05
2.05282 9.80823e-05
2.05661 9.75452e-05
2.06041 9.667e-05
2.06421 9.61114e-05
2.06802 9.52498e-05
2.07184 9.46701e-05
2.07567 9.38309e-05
2.0795 9.32182e-05
2.08334 9.24021e-05
2.08719 9.17649e-05
2.09104 9.09776e-05
2.0949 9.03089e-05
2.09877 8.95578e-05
2.10265 8.88549e-05
2.10653 8.81491e-05
2.11042 8.73982e-05
2.11432 8.67687e-05
2.11822 8.6003e-05
2.12213 8.54882e-05
2.12605 8.45762e-05
2.12998 8.42071e-05
2.13391 8.32988e-05
2.13785 8.29213e-05
2.1418 8.20184e-05
2.14576 8.16356e-05
2.14972 8.0737e-05
2.15369 8.0346e-05
2.15766 7.94574e-05
2.16165 7.90625e-05
2.16564 7.81845e-05
2.16964 7.77969e-05
2.17365 7.69343e-05
2.17766 7.65613e-05
2.18168 7.57819e-05
2.18571 7.53998e-05
2.18975 7.46372e-05
2.19379 7.42417e-05
2.19784 7.34812e-05
2.2019 7.30794e-05
2.20597 7.23301e-05
2.21004 7.19164e-05
2.21412 7.11779e-05
2.21821 7.07525e-05
2.2223 7.00243e-05
2.22641 6.95881e-05
2.23052 6.88806e-05
2.23464 6.84343e-05
2.23876 6.77547e-05
2.2429 6.73287e-05
2.24704 6.67186e-05
2.25119 6.62757e-05
2.25535 6.56861e-05
2.25951 6.52196e-05
2.26368 6.46496e-05
2.26786 6.4154e-05
2.27205 6.36147e-05
2.27625 6.30805e-05
2.28045 6.25768e-05
2.28466 6.19954e-05
2.28888 6.15433e-05
2.29311 6.08789e-05
2.29734 6.05175e-05
2.30158 5.9781e-05
2.30583 5.95134e-05
2.31009 5.88484e-05
2.31436 5.85805e-05
2.31863 5.79258e-05
2.32291 5.7653e-05
2.3272 5.70035e-05
2.3315 5.67232e-05
2.33581 5.60763e-05
2.34012 5.57911e-05
2.34444 5.51476e-05
2.34877 5.48585e-05
2.35311 5.42227e-05
2.35745 5.39276e-05
2.36181 5.33025e-05
2.36617 5.30103e-05
2.37054 5.23988e-05
2.37491 5.21154e-05
2.3793 5.15622e-05
2.38369 5.12754e-05
2.38809 5.07395e-05
2.3925 5.04438e-05
2.39692 4.99124e-05
2.40135 4.96059e-05
2.40578 4.90847e-05
2.41023 4.87656e-05
2.41468 4.82556e-05
2.41914 4.7923e-05
2.4236 4.74276e-05
2.42808 4.70847e-05
2.43256 4.6606e-05
2.43705 4.62513e-05
2.44155 4.5801e-05
2.44606 4.54543e-05
2.45058 4.50535e-05
2.4551 4.46891e-05
2.45964 4.43194e-05
2.46418 4.39253e-05
2.46873 4.35811e-05
2.47329 4.31404e-05
2.47786 4.28405e-05
2.48243 4.23005e-05
2.48702 4.20997e-05
2.49161 4.15641e-05
2.49621 4.13631e-05
2.50082 4.08323e-05
2.50544 4.06291e-05
2.51006 4.01094e-05
2.5147 3.99157e-05
2.51934 3.94436e-05
2.52399 3.92462e-05
2.52866 3.87914e-05
2.53333 3.85907e-05
2.538 3.81361e-05
2.54269 3.79327e-05
2.54739 3.74792e-05
2.55209 3.7269e-05
2.5568 3.68234e-05
2.56152 3.66057e-05
2.56625 3.61655e-05
2.57099 3.59471e-05
2.57574 3.55124e-05
2.5805 3.52923e-05
2.58526 3.48721e-05
2.59004 3.46592e-05
2.59482 3.42779e-05
2.59961 3.40642e-05
2.60441 3.36989e-05
2.60922 3.34745e-05
2.61404 3.31182e-05
2.61886 3.28821e-05
2.6237 3.25342e-05
2.62855 3.22859e-05
2.6334 3.19487e-05
2.63826 3.16893e-05
2.64313 3.13682e-05
2.64801 3.109e-05
2.6529 3.07888e-05
2.6578 3.04971e-05
2.66271 3.02229e-05
2.66763 2.99269e-05
2.67255 2.96952e-05
2.67749 2.93687e-05
2.68243 2.9183e-05
2.68739 2.88054e-05
2.69235 2.8666e-05
2.69732 2.82912e-05
2.7023 2.81487e-05
2.70729 2.77735e-05
2.71229 2.7629e-05
2.7173 2.72591e-05
2.72232 2.71116e-05
2.72735 2.67461e-05
2.73238 2.66005e-05
2.73743 2.62413e-05
2.74248 2.6102e-05
2.74755 2.5774e-05
2.75262 2.56342e-05
2.7577 2.53227e-05
2.7628 2.51794e-05
2.7679 2.487e-05
2.77301 2.47233e-05
2.77813 2.44167e-05
2.78326 2.42637e-05
2.7884 2.39607e-05
2.79355 2.3805e-05
2.79871 2.35077e-05
2.80387 2.33451e-05
2.80905 2.30548e-05
2.81424 2.28912e-05
2.81944 2.26114e-05
2.82464 2.24521e-05
2.82986 2.21998e-05
2.83508 2.20368e-05
2.84032 2.18023e-05
2.84556 2.16307e-05
2.85082 2.14025e-05
2.85608 2.1219e-05
2.86136 2.10011e-05
2.86664 2.08051e-05
2.87193 2.06005e-05
2.87724 2.03857e-05
2.88255 2.01997e-05
2.88787 1.9962e-05
2.89321 1.98013e-05
2.89855 1.95057e-05
2.9039 1.94122e-05
2.90926 1.91422e-05
2.91464 1.90505e-05
2.92002 1.87949e-05
2.92541 1.86989e-05
2.93081 1.84458e-05
2.93623 1.83474e-05
2.94165 1.8095e-05
2.94708 1.79952e-05
2.95252 1.77433e-05
2.95797 1.76405e-05
2.96344 1.7392e-05
2.96891 1.72889e-05
2.97439 1.70426e-05
2.97988 1.69382e-05
2.98539 1.66987e-05
2.9909 1.65993e-05
2.99642 1.63799e-05
3.00195 1.62815e-05
3.0075 1.60747e-05
3.01305 1.59733e-05
3.01862 1.57684e-05
3.02419 1.56625e-05
3.02977 1.54614e-05
3.03537 1.53506e-05
3.04097 1.5153e-05
3.04659 1.50378e-05
3.05222 1.48464e-05
3.05785 1.47254e-05
3.0635 1.45401e-05
3.06916 1.44164e-05
3.07482 1.42413e-05
3.0805 1.41188e-05
3.08619 1.3962e-05
3.09189 1.38375e-05
3.0976 1.36953e-05
3.10332 1.35606e-05
3.10905 1.34291e-05
3.11479 1.32799e-05
3.12054 1.31605e-05
3.1263 1.29902e-05
3.13208 1.2892e-05
3.13786 1.26912e-05
3.14365 1.26235e-05
3.14946 1.24246e-05
3.15528 1.23573e-05
3.1611 1.21613e-05
3.16694 1.20974e-05
3.17279 1.19176e-05
3.17865 1.18548e-05
3.18452 1.16874e-05
3.1904 1.16223e-05
3.19629 1.14562e-05
3.20219 1.13892e-05
3.2081 1.12237e-05
3.21403 1.11545e-05
3.21996 1.09905e-05
3.22591 1.09207e-05
3.23187 1.07575e-05
3.23783 1.0686e-05
3.24381 1.05261e-05
3.2498 1.04532e-05
3.2558 1.02978e-05
3.26182 1.02279e-05
3.26784 1.00864e-05
3.27387 1.00173e-05
3.27992 9.88649e-06
3.28598 9.81364e-06
3.29204 9.68564e-06
3.29812 9.60929e-06
3.30421 9.48424e-06
3.31031 9.4042e-06
3.31643 9.2818e-06
3.32255 9.19694e-06
3.32869 9.08001e-06
3.33483 8.99065e-06
3.34099 8.87962e-06
3.34716 8.78432e-06
3.35334 8.68296e-06
3.35953 8.58536e-06
3.36574 8.49948e-06
3.37195 8.39757e-06
3.37818 8.32633e-06
3.38442 8.20213e-06
3.39067 8.15339e-06
3.39693 8.02227e-06
3.4032 7.97896e-06
3.40949 7.84797e-06
3.41578 7.80351e-06
3.42209 7.67442e-06
3.42841 7.62911e-06
3.43474 7.50124e-06
3.44108 7.45631e-06
3.44744 7.33041e-06
3.4538 7.28733e-06
3.46018 7.17132e-06
3.46657 7.12929e-06
3.47297 7.024e-06
3.47939 6.9803e-06
3.48581 6.87502e-06
3.49225 6.83052e-06
3.4987 6.72595e-06
3.50516 6.67974e-06
3.51163 6.57655e-06
3.51811 6.52854e-06
3.52461 6.42668e-06
3.53112 6.37736e-06
3.53764 6.2778e-06
3.54417 6.22765e-06
3.55072 6.13118e-06
3.55727 6.08207e-06
3.56384 5.99504e-06
3.57042 5.94681e-06
3.57702 5.86813e-06
3.58362 5.81691e-06
3.59024 5.74116e-06
3.59687 5.68612e-06
3.60351 5.61309e-06
3.61017 5.55434e-06
3.61683 5.48507e-06
3.62351 5.42101e-06
3.6302 5.35684e-06
3.63691 5.28636e-06
3.64362 5.22942e-06
3.65035 5.14967e-06
3.65709 5.10458e-06
3.66384 5.01399e-06
3.67061 4.98812e-06
3.67739 4.90674e-06
3.68418 4.87997e-06
3.69098 4.79854e-06
3.6978 4.77111e-06
3.70463 4.68976e-06
3.71147 4.66197e-06
3.71832 4.58098e-06
3.72519 4.55229e-06
3.73207 4.47192e-06
3.73896 4.44251e-06
3.74586 4.36339e-06
3.75278 4.33394e-06
3.75971 4.25624e-06
3.76665 4.22772e-06
3.77361 4.15585e-06
3.78058 4.12849e-06
3.78756 4.06434e-06
3.79455 4.03578e-06
3.80156 3.97224e-06
3.80858 3.94244e-06
3.81561 3.87966e-06
3.82266 3.84873e-06
3.82972 3.78681e-06
3.83679 3.75439e-06
3.84387 3.69382e-06
3.85097 3.66058e-06
3.85808 3.6015e-06
3.86521 3.56649e-06
3.87234 3.51054e-06
3.87949 3.4758e-06
3.88666 3.42579e-06
3.89384 3.39202e-06
3.90103 3.34818e-06
3.90823 3.31157e-06
3.91545 3.27033e-06
3.92268 3.22961e-06
3.92992 3.19221e-06
3.93718 3.14644e-06
3.94445 3.11358e-06
3.95173 3.05804e-06
3.95903 3.03521e-06
3.96634 2.97475e-06
3.97366 2.9572e-06
3.981 2.89755e-06
3.98835 2.88072e-06
3.99572 2.82521e-06
4.0031 2.80936e-06
4.01049 2.76031e-06
4.01789 2.74387e-06
4.02531 2.6952e-06
4.03275 2.67818e-06
4.04019 2.62967e-06
4.04765 2.61214e-06
4.05513 2.564e-06
4.06262 2.54585e-06
4.07012 2.49815e-06
4.07763 2.47956e-06
4.08516 2.43247e-06
4.09271 2.41389e-06
4.10027 2.36782e-06
4.10784 2.34965e-06
4.11542 2.30707e-06
4.12302 2.28974e-06
4.13064 2.25268e-06
4.13826 2.23466e-06
4.14591 2.19822e-06
4.15356 2.17894e-06
4.16123 2.14325e-06
4.16892 2.12284e-06
4.17661 2.08812e-06
4.18433 2.06659e-06
4.19205 2.03295e-06
4.19979 2.01003e-06
4.20755 1.97793e-06
4.21532 1.95341e-06
4.2231 1.92405e-06
4.2309 1.89882e-06
4.23871 1.87327e-06
4.24654 1.84854e-06
4.25438 1.82786e-06
4.26224 1.79921e-06
4.27011 1.78225e-06
4.278 1.74658e-06
4.2859 1.73632e-06
4.29381 1.70078e-06
4.30174 1.69021e-06
4.30968 1.65491e-06
4.31764 1.64421e-06
4.32561 1.60914e-06
4.3336 1.59838e-06
4.3416 1.56376e-06
4.34962 1.55347e-06
4.35765 1.521e-06
4.3657 1.51154e-06
4.37376 1.48372e-06
4.38184 1.47388e-06
4.38993 1.44614e-06
4.39804 1.43579e-06
4.40616 1.40839e-06
4.41429 1.39764e-06
4.42245 1.3703e-06
4.43061 1.35927e-06
4.43879 1.33234e-06
4.44699 1.32085e-06
4.4552 1.29437e-06
4.46343 1.28256e-06
4.47167 1.25695e-06
4.47993 1.24535e-06
4.4882 1.22162e-06
4.49649 1.21082e-06
4.50479 1.19076e-06
4.51311 1.17929e-06
4.52144 1.15982e-06
4.52979 1.1473e-06
4.53816 1.12857e-06
4.54654 1.11511e-06
4.55493 1.09715e-06
4.56335 1.08257e-06
4.57177 1.06587e-06
4.58021 1.04971e-06
4.58867 1.03456e-06
4.59715 1.01653e-06
4.60564 1.00381e-06
4.61414 9.82982e-07
4.62266 9.74856e-07
4.6312 9.55059e-07
4.63975 9.49583e-07
4.64832 9.29759e-07
4.6569 9.24172e-07
4.6655 9.04368e-07
4.67411 8.98556e-07
4.68275 8.78827e-07
4.69139 8.72857e-07
4.70006 8.53203e-07
4.70874 8.47034e-07
4.71743 8.27649e-07
4.72614 8.21461e-07
4.73487 8.02374e-07
4.74361 7.96265e-07
4.75237 7.78291e-07
4.76115 7.7289e-07
4.76994 7.57823e-07
4.77875 7.52131e-07
4.78757 7.37212e-07
4.79641 7.31234e-07
4.80527 7.16498e-07
4.81414 7.10241e-07
4.82303 6.95612e-07
4.83194 6.89004e-07
4.84086 6.74782e-07
4.8498 6.67844e-07
4.85876 6.53907e-07
4.86773 6.46682e-07
4.87672 6.33369e-07
4.88572 6.259e-07
4.89475 6.13784e-07
4.90378 6.07118e-07
4.91284 5.9721e-07
4.92191 5.89837e-07
4.931 5.80502e-07
4.94011 5.72409e-07
4.94923 5.63666e-07
4.95837 5.54574e-07
4.96752 5.46781e-07
4.9767 5.36192e-07
4.98589 5.29845e-07
4.99509 5.16279e-07
5.00432 5.12953e-07
5.01356 4.9954e-07
5.02282 4.963e-07
5.03209 4.83476e-07
5.04138 4.80637e-07
5.05069 4.70237e-07
5.06002 4.67243e-07
5.06936 4.56895e-07
5.07873 4.5378e-07
5.0881 4.43439e-07
5.0975 4.40269e-07
5.10691 4.29948e-07
5.11634 4.26634e-07
5.12579 4.16409e-07
5.13526 4.13e-07
5.14474 4.02901e-07
5.15424 3.99389e-07
5.16376 3.89457e-07
5.17329 3.86007e-07
5.18285 3.76606e-07
5.19242 3.73571e-07
5.202 3.66012e-07
5.21161 3.62799e-07
5.22123 3.55312e-07
5.23088 3.51882e-07
5.24054 3.44554e-07
5.25021 3.4093e-07
5.25991 3.33699e-07
5.26962 3.29809e-07
5.27935 3.22878e-07
5.2891 3.18715e-07
5.29887 3.12027e-07
5.30865 3.07582e-07
5.31846 3.0134e-07
5.32828 2.96599e-07
5.33812 2.91088e-07
5.34797 2.86839e-07
5.35785 2.82665e-07
5.36774 2.77801e-07
5.37765 2.74188e-07
5.38758 2.68338e-07
5.39753 2.65636e-07
5.4075 2.58749e-07
5.41749 2.57041e-07
5.42749 2.50183e-07
5.43751 2.48442e-07
5.44755 2.41601e-07
5.45761 2.39851e-07
5.46769 2.33095e-07
5.47779 2.31366e-07
5.4879 2.24818e-07
5.49804 2.23362e-07
5.50819 2.18218e-07
5.51836 2.1668e-07
5.52855 2.1157e-07
5.53876 2.09966e-07
5.54899 2.04874e-07
5.55923 2.03194e-07
5.5695 1.98142e-07
5.57979 1.96376e-07
5.59009 1.91375e-07
5.60041 1.89543e-07
5.61075 1.84618e-07
5.62111 1.82723e-07
5.63149 1.77913e-07
5.64189 1.75993e-07
5.65231 1.71423e-07
5.66275 1.69777e-07
5.67321 1.66244e-07
5.68368 1.64467e-07
5.69418 1.61032e-07
5.70469 1.59119e-07
5.71523 1.55785e-07
5.72578 1.53697e-07
5.73635 1.50505e-07
5.74695 1.48236e-07
5.75756 1.45203e-07
5.76819 1.42671e-07
5.77884 1.39917e-07
5.78951 1.37106e-07
5.8002 1.34673e-07
5.81092 1.31446e-07
5.82165 1.2965e-07
5.8324 1.26325e-07
5.84317 1.25589e-07
5.85396 1.22302e-07
5.86477 1.21538e-07
5.8756 1.18254e-07
5.88645 1.17448e-07
5.89732 1.14173e-07
5.90821 1.13342e-07
5.91912 1.10082e-07
5.93005 1.09222e-07
5.941 1.0598e-07
5.95197 1.051e-07
5.96296 1.01901e-07
5.97397 1.0104e-07
5.985 9.79346e-08
5.99605 9.72042e-08
6.00713 9.48082e-08
6.01822 9.40427e-08
6.02933 9.17109e-08
6.04047 9.09193e-08
6.05162 8.85856e-08
6.06279 8.77378e-08
6.07399 8.54456e-08
6.08521 8.4547e-08
6.09644 8.2296e-08
6.1077 8.13476e-08
6.11898 7.91343e-08
6.13028 7.81336e-08
6.1416 7.60077e-08
6.15294 7.49669e-08
6.1643 7.29797e-08
6.17569 7.20794e-08
6.18709 7.05601e-08
6.19851 6.9602e-08
6.20996 6.81964e-08
6.22143 6.71359e-08
6.23292 6.58016e-08
6.24443 6.46098e-08
6.25596 6.33969e-08
6.26751 6.20209e-08
6.27908 6.09794e-08
6.29068 5.93362e-08
6.30229 5.85705e-08
6.31393 5.65725e-08
6.32559 5.6178e-08
6.33727 5.42254e-08
6.34897 5.38937e-08
6.3607 5.23807e-08
6.37244 5.20468e-08
6.38421 5.05953e-08
6.396 5.02366e-08
6.40781 4.87938e-08
6.41964 4.84223e-08
6.4315 4.69816e-08
6.44338 4.65937e-08
6.45527 4.51535e-08
6.46719 4.47503e-08
6.47914 4.33282e-08
6.4911 4.29113e-08
6.50309 4.15133e-08
6.5151 4.11017e-08
6.52713 3.97482e-08
6.53918 3.93986e-08
6.55126 3.83508e-08
6.56335 3.79977e-08
6.57547 3.70118e-08
6.58761 3.66268e-08
6.59978 3.5656e-08
6.61197 3.52485e-08
6.62418 3.42948e-08
6.63641 3.38541e-08
6.64866 3.29259e-08
6.66094 3.24427e-08
6.67324 3.1557e-08
6.68556 3.10401e-08
6.69791 3.01953e-08
6.71028 2.96398e-08
6.72267 2.8885e-08
6.73508 2.83948e-08
6.74752 2.78348e-08
6.75998 2.73122e-08
6.77246 2.68324e-08
6.78497 2.62162e-08
6.7975 2.58195e-08
6.81005 2.49689e-08
6.82263 2.48007e-08
6.83522 2.39511e-08
6.84785 2.37787e-08
6.86049 2.29321e-08
6.87316 2.27536e-08
6.88585 2.19164e-08
6.89857 2.17389e-08
6.91131 2.09211e-08
6.92407 2.07749e-08
6.93686 2.01388e-08
6.94967 1.99941e-08
6.9625 1.94033e-08
6.97536 1.92496e-08
6.98824 1.86611e-08
7.00114 1.84985e-08
7.01407 1.79142e-08
7.02702 1.77453e-08
7.04 1.71638e-08
7.053 1.69853e-08
7.06602 1.64109e-08
7.07907 1.62247e-08
7.09214 1.56602e-08
7.10524 1.54713e-08
7.11836 1.49324e-08
7.1315 1.47693e-08
7.14467 1.43536e-08
7.15787 1.419e-08
7.17108 1.38167e-08
7.18433 1.36366e-08
7.19759 1.32725e-08
7.21088 1.30789e-08
7.2242 1.27269e-08
7.23754 1.25114e-08
7.2509 1.21761e-08
7.26429 1.19362e-08
7.27771 1.16239e-08
7.29115 1.13591e-08
7.30461 1.10778e-08
7.3181 1.07735e-08
7.33161 1.05499e-08
7.34515 1.02596e-08
7.35872 1.0128e-08
7.3723 9.79948e-09
7.38592 9.73781e-09
7.39956 9.40859e-09
7.41322 9.34418e-09
7.42691 9.01488e-09
7.44062 8.94753e-09
7.45436 8.61891e-09
7.46813 8.54897e-09
7.48192 8.22156e-09
7.49574 8.14856e-09
7.50958 7.82562e-09
7.52345 7.75276e-09
7.53734 7.43756e-09
7.55126 7.37608e-09
7.5652 7.12994e-09
7.57917 7.07218e-09
7.59317 6.85177e-09
7.60719 6.78998e-09
7.62124 6.57125e-09
7.63531 6.5048e-09
7.64941 6.28781e-09
7.66353 6.21745e-09
7.67769 6.00353e-09
7.69186 5.92831e-09
7.70607 5.71795e-09
7.7203 5.63688e-09
7.73455 5.43318e-09
7.74884 5.34836e-09
7.76315 5.15671e-09
7.77748 5.08356e-09
7.79184 4.93579e-09
7.80623 4.86352e-09
7.82065 4.73775e-09
7.83509 4.6575e-09
7.84956 4.53823e-09
7.86405 4.44725e-09
7.87857 4.33684e-09
7.89312 4.23308e-09
7.9077 4.134e-09
7.9223 4.01111e-09
7.93693 3.93053e-09
7.95158 3.76976e-09
7.96627 3.72907e-09
7.98098 3.55745e-09
7.99572 3.53449e-09
8.01048 3.39959e-09
8.02527 3.37818e-09
8.04009 3.2614e-09
8.05494 3.23855e-09
8.06981 3.12201e-09
8.08472 3.09792e-09
8.09965 2.98155e-09
8.1146 2.95615e-09
8.12959 2.83997e-09
8.1446 2.813e-09
8.15964 2.69803e-09
8.17471 2.67029e-09
8.1898 2.55592e-09
8.20492 2.52797e-09
8.22008 2.41713e-09
8.23526 2.39336e-09
8.25046 2.3063e-09
8.2657 2.28419e-09
8.28096 2.21011e-09
8.29625 2.18633e-09
8.31157 2.11317e-09
8.32692 2.08748e-09
8.3423 2.01545e-09
8.3577 1.98735e-09
8.37314 1.91691e-09
8.3886 1.88623e-09
8.40409 1.81786e-09
8.41961 1.78483e-09
8.43516 1.71945e-09
8.45073 1.68349e-09
8.46634 1.62345e-09
8.48197 1.59097e-09
8.49763 1.54649e-09
8.51333 1.51481e-09
8.52905 1.4802e-09
8.5448 1.44321e-09
8.56057 1.41327e-09
8.57638 1.36817e-09
8.59222 1.34583e-09
8.60809 1.28733e-09
8.62398 1.27782e-09
8.63991 1.21951e-09
8.65586 1.20963e-09
8.67185 1.15164e-09
8.68786 1.14174e-09
8.7039 1.08469e-09
8.71997 1.07656e-09
8.73608 1.03111e-09
8.75221 1.02387e-09
8.76837 9.86466e-10
8.78456 9.78644e-10
8.80078 9.41417e-10
8.81704 9.33127e-10
8.83332 8.95941e-10
8.84963 8.87086e-10
8.86597 8.50048e-10
8.88234 8.40655e-10
8.89874 8.04001e-10
8.91518 7.94046e-10
8.93164 7.57991e-10
8.94813 7.4767e-10
8.96466 7.12834e-10
8.98121 7.03983e-10
8.9978 6.76408e-10
9.01441 6.68566e-10
9.03106 6.46302e-10
9.04773 6.3766e-10
9.06444 6.15961e-10
9.08118 6.06387e-10
9.09795 5.85301e-10
9.11475 5.74537e-10
9.13158 5.54469e-10
9.14844 5.42417e-10
9.16534 5.234e-10
9.18226 5.09837e-10
9.19922 4.92429e-10
9.2162 4.76844e-10
9.23322 4.62356e-10
9.25027 4.47407e-10
9.26736 4.37904e-10
9.28447 4.22545e-10
9.30161 4.1792e-10
9.31879 4.00376e-10
9.336 3.97726e-10
9.35324 3.80157e-10
9.37051 3.77341e-10
9.38781 3.59787e-10
9.40515 3.56815e-10
9.42252 3.39251e-10
9.43992 3.36125e-10
9.45735 3.18738e-10
9.47481 3.15569e-10
9.49231 2.98493e-10
9.50984 2.95813e-10
9.5274 2.81999e-10
9.54499 2.79727e-10
9.56262 2.68996e-10
9.58027 2.66539e-10
9.59797 2.55848e-10
9.61569 2.5325e-10
9.63345 2.42593e-10
9.65123 2.39778e-10
9.66906 2.29233e-10
9.68691 2.26126e-10
9.7048 2.15767e-10
9.72272 2.12473e-10
9.74067 2.02337e-10
9.75866 1.98782e-10
9.77668 1.8912e-10
9.79474 1.8594e-10
9.81282 1.78314e-10
9.83094 1.75594e-10
9.8491 1.69867e-10
9.86728 1.66797e-10
9.88551 1.61351e-10
9.90376 1.57877e-10
9.92205 1.52743e-10
9.94037 1.48701e-10
9.95873 1.44053e-10
9.97712 1.39309e-10
9.99554 1.35318e-10
10.014 1.29576e-10
10.0325 1.26597e-10
10.051 1.1893e-10
10.0696 1.18122e-10
10.0882 1.11794e-10
10.1068 1.11129e-10
10.1255 1.06434e-10
10.1442 1.05722e-10
10.1629 1.01016e-10
10.1817 1.00254e-10
10.2005 9.55384e-11
10.2193 9.47318e-11
10.2382 9.00205e-11
10.2571 8.91678e-11
10.276 8.44698e-11
10.295 8.35621e-11
10.314 7.8903e-11
10.333 7.79781e-11
10.3521 7.34052e-11
10.3712 7.25927e-11
10.3904 6.8832e-11
10.4096 6.81885e-11
10.4288 6.54549e-11
10.4481 6.47467e-11
10.4674 6.2041e-11
10.4867 6.12696e-11
10.5061 5.85889e-11
10.5255 5.77321e-11
10.5449 5.51096e-11
10.5644 5.41562e-11
10.5839 5.1603e-11
10.6034 5.0556e-11
10.623 4.81006e-11
10.6426 4.69342e-11
10.6623 4.46482e-11
10.682 4.35568e-11
10.7017 4.17716e-11
10.7214 4.08726e-11
10.7412 3.96688e-11
10.7611 3.86119e-11
10.7809 3.75389e-11
10.8008 3.62703e-11
10.8208 3.53899e-11
10.8408 3.37654e-11
10.8608 3.32193e-11
10.8809 3.12855e-11
10.9009 3.10358e-11
10.9211 2.91061e-11
10.9412 2.88526e-11
10.9614 2.69433e-11
10.9817 2.67218e-11
11.002 2.51152e-11
11.0223 2.49506e-11
11.0426 2.38368e-11
11.063 2.36546e-11
11.0835 2.25431e-11
11.1039 2.23496e-11
11.1244 2.1237e-11
11.145 2.10311e-11
11.1655 1.99201e-11
11.1862 1.96968e-11
11.2068 1.85928e-11
11.2275 1.83521e-11
11.2483 1.72588e-11
11.269 1.7007e-11
11.2898 1.59411e-11
11.3107 1.57127e-11
11.3316 1.48193e-11
11.3525 1.46459e-11
11.3735 1.40473e-11
11.3945 1.38553e-11
11.4155 1.32665e-11
11.4366 1.30502e-11
11.4577 1.24767e-11
11.4789 1.22348e-11
11.5001 1.16789e-11
11.5213 1.14047e-11
11.5426 1.08772e-11
11.5639 1.05596e-11
11.5852 1.00721e-11
11.6066 9.71221e-12
11.6281 9.27882e-12
11.6495 8.91273e-12
11.671 8.60592e-12
11.6926 8.30496e-12
11.7142 8.14509e-12
11.7358 7.7258e-12
11.7575 7.67919e-12
11.7792 7.259e-12
11.801 7.2084e-12
11.8227 6.78798e-12
11.8446 6.7338e-12
11.8664 6.3129e-12
11.8884 6.25546e-12
11.9103 5.83572e-12
11.9323 5.77475e-12
11.9543 5.36078e-12
11.9764 5.30666e-12
11.9985 4.94823e-12
12.0207 4.91074e-12
12.0429 4.68092e-12
12.0651 4.64059e-12
12.0874 4.41086e-12
12.1097 4.36635e-12
12.1321 4.13733e-12
12.1545 4.08891e-12
12.1769 3.8618e-12
12.1994 3.80868e-12
12.2219 3.58393e-12
12.2445 3.52596e-12
12.2671 3.30443e-12
12.2898 3.24093e-12
12.3125 3.02752e-12
12.3352 2.96751e-12
12.358 2.7858e-12
12.3808 2.74369e-12
12.4037 2.63158e-12
12.4266 2.58267e-12
12.4495 2.47528e-12
12.4725 2.41919e-12
12.4955 2.31776e-12
12.5186 2.25201e-12
12.5417 2.15825e-12
12.5649 2.0808e-12
12.5881 1.9975e-12
12.6113 1.90381e-12
12.6346 1.83617e-12
12.658 1.71729e-12
12.6813 1.67677e-12
12.7048 1.54639e-12
12.7282 1.53841e-12
12.7517 1.45967e-12
12.7753 1.45095e-12
12.7989 1.37195e-12
12.8225 1.36247e-12
12.8462 1.28334e-12
12.8699 1.27301e-12
12.8937 1.19383e-12
12.9175 1.18278e-12
12.9413 1.10359e-12
12.9652 1.09148e-12
12.9892 1.01264e-12
13.0131 1.00014e-12
13.0372 9.22102e-13
13.0612 9.10316e-13
13.0854 8.41041e-13
13.1095 8.33478e-13
13.1337 7.92683e-13
13.158 7.84346e-13
13.1823 7.43845e-13
13.2066 7.34564e-13
13.231 6.94493e-13
13.2555 6.84151e-13
13.2799 6.44552e-13
13.3045 6.3289e-13
13.329 5.94256e-13
13.3536 5.81082e-13
13.3783 5.43606e-13
13.403 5.29e-13
13.4277 4.93304e-13
13.4525 4.78248e-13
13.4774 4.48155e-13
13.5023 4.38328e-13
13.5272 4.21695e-13
13.5522 4.10182e-13
13.5772 3.94995e-13
13.6023 3.81009e-13
13.6274 3.67957e-13
13.6526 3.50375e-13
13.6778 3.40636e-13
13.703 3.15456e-13
13.7283 3.13075e-13
13.7537 2.87883e-13
13.7791 2.85382e-13
13.8045 2.603e-13
13.83 2.57927e-13
13.8556 2.34888e-13
13.8811 2.33527e-13
13.9068 2.20785e-13
13.9325 2.19295e-13
13.9582 2.06519e-13
13.984 2.0485e-13
14.0098 1.92106e-13
14.0357 1.9029e-13
14.0616 1.7752e-13
14.0875 1.75538e-13
14.1136 1.62821e-13
14.1396 1.60642e-13
14.1657 1.48013e-13
14.1919 1.45723e-13
14.2181 1.33195e-13
14.2443 1.30933e-13
14.2706 1.19484e-13
14.297 1.18124e-13
14.3234 1.12065e-13
14.3499 1.10535e-13
14.3763 1.04548e-13
14.4029 1.02797e-13
14.4295 9.69623e-14
14.4561 9.49546e-14
14.4828 8.92829e-14
14.5096 8.70092e-14
14.5364 8.153e-14
14.5632 7.89073e-14
14.5901 7.37427e-14
14.617 7.06672e-14
14.644 6.59541e-14
14.6711 6.25289e-14
14.6982 5.87613e-14
14.7253 5.65821e-14
14.7525 5.49249e-14
14.7797 5.2112e-14
14.807 5.10369e-14
14.8344 4.74099e-14
14.8618 4.71066e-14
14.8892 4.3469e-14
14.9167 4.31337e-14
14.9443 3.94877e-14
14.9719 3.91235e-14
14.9995 3.54765e-14
15.0272 3.50759e-14
15.055 3.14527e-14
15.0828 3.10598e-14
15.1106 2.76024e-14
15.1385 2.74039e-14
15.1665 2.56772e-14
15.1945 2.54537e-14
15.2225 2.37286e-14
15.2506 2.3487e-14
15.2788 2.17601e-14
15.307 2.14915e-14
15.3353 1.97712e-14
15.3636 1.94698e-14
15.392 1.77598e-14
15.4204 1.74261e-14
15.4489 1.57357e-14
15.4774 1.53558e-14
15.506 1.37051e-14
15.5346 1.33119e-14
15.5633 1.17746e-14
15.592 1.16144e-14
15.6208 1.10501e-14
15.6497 1.08641e-14
15.6786 1.03174e-14
15.7075 1.00958e-14
15.7365 9.57257e-15
15.7656 9.31082e-15
15.7947 8.81459e-15
15.8239 8.48781e-15
15.8531 8.03069e-15
15.8824 7.62246e-15
15.9117 7.18956e-15
15.9411 6.59042e-15
15.9705 5.92137e-15
16 0
