# 1:pT 2:PhotonSpectrum=dN/d^2xT d^2pT dy
0.01 6.2048
0.0100185 6.19641
0.010037 6.18022
0.0100555 6.17145
0.0100741 6.15508
0.0100927 6.14593
0.0101113 6.12962
0.01013 6.12006
0.0101487 6.10364
0.0101674 6.09362
0.0101862 6.07685
0.010205 6.06639
0.0102239 6.04946
0.0102427 6.03856
0.0102617 6.02118
0.0102806 6.00944
0.0102996 5.99142
0.0103186 5.97834
0.0103377 5.95743
0.0103567 5.94417
0.0103759 5.9233
0.010395 5.90973
0.0104142 5.88904
0.0104335 5.87487
0.0104527 5.85451
0.010472 5.84022
0.0104914 5.82009
0.0105107 5.80543
0.0105301 5.78584
0.0105496 5.77059
0.0105691 5.75136
0.0105886 5.73598
0.0106081 5.71756
0.0106277 5.7022
0.0106474 5.68489
0.010667 5.66878
0.0106867 5.65211
0.0107065 5.63545
0.0107262 5.6194
0.010746 5.60157
0.0107659 5.58644
0.0107858 5.5672
0.0108057 5.55358
0.0108256 5.53175
0.0108456 5.5206
0.0108656 5.49908
0.0108857 5.4879
0.0109058 5.46636
0.0109259 5.45548
0.0109461 5.43536
0.0109663 5.42412
0.0109866 5.40424
0.0110069 5.39281
0.0110272 5.37296
0.0110476 5.36139
0.011068 5.34169
0.0110884 5.33002
0.0111089 5.31031
0.0111294 5.29842
0.0111499 5.27886
0.0111705 5.26685
0.0111912 5.24759
0.0112118 5.2354
0.0112325 5.21666
0.0112533 5.20459
0.0112741 5.18685
0.0112949 5.17444
0.0113157 5.1569
0.0113366 5.14424
0.0113576 5.12708
0.0113785 5.11404
0.0113995 5.09715
0.0114206 5.08375
0.0114417 5.06691
0.0114628 5.05313
0.011484 5.037
0.0115052 5.02273
0.0115264 5.00701
0.0115477 4.99224
0.011569 4.97753
0.0115904 4.96257
0.0116118 4.94896
0.0116332 4.93306
0.0116547 4.9204
0.0116762 4.90227
0.0116978 4.8919
0.0117194 4.87292
0.0117411 4.86314
0.0117627 4.84426
0.0117845 4.83443
0.0118062 4.81561
0.011828 4.80562
0.0118499 4.78717
0.0118717 4.77701
0.0118937 4.75868
0.0119156 4.74866
0.0119376 4.73139
0.0119597 4.72125
0.0119818 4.70432
0.0120039 4.69389
0.0120261 4.67689
0.0120483 4.6664
0.0120705 4.64946
0.0120928 4.63884
0.0121151 4.62206
0.0121375 4.61121
0.0121599 4.59461
0.0121824 4.58341
0.0122049 4.56716
0.0122274 4.55599
0.01225 4.54022
0.0122726 4.52896
0.0122953 4.51411
0.012318 4.50254
0.0123407 4.48807
0.0123635 4.47624
0.0123863 4.46197
0.0124092 4.4498
0.0124321 4.43582
0.0124551 4.42306
0.0124781 4.40977
0.0125011 4.39647
0.0125242 4.38359
0.0125473 4.36945
0.0125705 4.35747
0.0125937 4.34234
0.012617 4.33181
0.0126403 4.3152
0.0126636 4.30681
0.012687 4.29055
0.0127104 4.28195
0.0127339 4.26574
0.0127574 4.25691
0.012781 4.24084
0.0128046 4.2319
0.0128282 4.21589
0.0128519 4.20687
0.0128756 4.19092
0.0128994 4.18174
0.0129232 4.16606
0.0129471 4.15691
0.012971 4.14142
0.012995 4.13227
0.0130189 4.1175
0.013043 4.10825
0.0130671 4.09382
0.0130912 4.08446
0.0131154 4.07013
0.0131396 4.06046
0.0131639 4.04639
0.0131882 4.03643
0.0132125 4.02238
0.0132369 4.01251
0.0132614 3.99857
0.0132859 3.98841
0.0133104 3.97488
0.013335 3.96443
0.0133596 3.95121
0.0133843 3.94074
0.013409 3.92842
0.0134337 3.91773
0.0134585 3.90572
0.0134834 3.89452
0.0135083 3.88301
0.0135332 3.87117
0.0135582 3.86026
0.0135833 3.84753
0.0136083 3.83736
0.0136335 3.82317
0.0136587 3.81454
0.0136839 3.79942
0.0137091 3.79176
0.0137345 3.77674
0.0137598 3.76921
0.0137852 3.75492
0.0138107 3.74734
0.0138362 3.73343
0.0138617 3.72559
0.0138873 3.71167
0.013913 3.70372
0.0139387 3.68996
0.0139644 3.68192
0.0139902 3.66827
0.014016 3.66
0.0140419 3.64647
0.0140678 3.63826
0.0140938 3.62466
0.0141198 3.61641
0.0141459 3.60315
0.014172 3.59494
0.0141982 3.58235
0.0142244 3.57395
0.0142507 3.56168
0.014277 3.55319
0.0143034 3.54115
0.0143298 3.53231
0.0143563 3.52043
0.0143828 3.51129
0.0144093 3.49973
0.0144359 3.49024
0.0144626 3.47883
0.0144893 3.46921
0.0145161 3.45819
0.0145429 3.44821
0.0145697 3.43768
0.0145966 3.42757
0.0146236 3.41775
0.0146506 3.40718
0.0146776 3.39803
0.0147047 3.38665
0.0147319 3.37822
0.0147591 3.36507
0.0147863 3.35842
0.0148136 3.34529
0.014841 3.33848
0.0148684 3.32545
0.0148959 3.31853
0.0149234 3.3057
0.0149509 3.29868
0.0149785 3.286
0.0150062 3.27905
0.0150339 3.26684
0.0150617 3.25994
0.0150895 3.24805
0.0151173 3.24101
0.0151453 3.22918
0.0151732 3.22196
0.0152012 3.21023
0.0152293 3.20283
0.0152574 3.19113
0.0152856 3.18371
0.0153138 3.17218
0.0153421 3.16461
0.0153705 3.1533
0.0153988 3.14553
0.0154273 3.1344
0.0154558 3.12672
0.0154843 3.11608
0.0155129 3.10835
0.0155415 3.09811
0.0155702 3.09011
0.015599 3.08005
0.0156278 3.07181
0.0156567 3.06193
0.0156856 3.0534
0.0157145 3.04383
0.0157435 3.03491
0.0157726 3.02576
0.0158017 3.0163
0.0158309 3.00769
0.0158602 2.99772
0.0158894 2.98981
0.0159188 2.97909
0.0159482 2.97244
0.0159776 2.96114
0.0160071 2.95524
0.0160367 2.94396
0.0160663 2.93804
0.016096 2.92677
0.0161257 2.92077
0.0161555 2.90966
0.0161853 2.90343
0.0162152 2.89238
0.0162451 2.88609
0.0162751 2.8751
0.0163052 2.86881
0.0163353 2.858
0.0163655 2.8517
0.0163957 2.84134
0.016426 2.83511
0.0164563 2.82494
0.0164867 2.81855
0.0165171 2.80846
0.0165476 2.80195
0.0165782 2.792
0.0166088 2.78535
0.0166395 2.77543
0.0166702 2.76865
0.016701 2.75899
0.0167318 2.75195
0.0167627 2.74248
0.0167937 2.73526
0.0168247 2.7261
0.0168558 2.7189
0.0168869 2.71005
0.0169181 2.70283
0.0169493 2.69441
0.0169806 2.68681
0.017012 2.6787
0.0170434 2.67076
0.0170748 2.66296
0.0171064 2.65456
0.017138 2.64722
0.0171696 2.63812
0.0172013 2.63142
0.0172331 2.62089
0.0172649 2.61569
0.0172968 2.60527
0.0173287 2.60007
0.0173607 2.59003
0.0173928 2.5848
0.0174249 2.57515
0.0174571 2.56983
0.0174893 2.5602
0.0175216 2.55471
0.017554 2.54518
0.0175864 2.53965
0.0176189 2.53014
0.0176514 2.52456
0.017684 2.51508
0.0177166 2.50938
0.0177494 2.50005
0.0177821 2.49428
0.017815 2.48504
0.0178479 2.47935
0.0178808 2.47048
0.0179138 2.46481
0.0179469 2.45627
0.0179801 2.45036
0.0180133 2.44188
0.0180465 2.43592
0.0180799 2.42756
0.0181132 2.42138
0.0181467 2.41317
0.0181802 2.40677
0.0182138 2.3987
0.0182474 2.39217
0.0182811 2.3843
0.0183149 2.37763
0.0183487 2.37011
0.0183826 2.36317
0.0184165 2.35616
0.0184505 2.34908
0.0184846 2.34253
0.0185187 2.33499
0.0185529 2.32879
0.0185872 2.32056
0.0186215 2.3151
0.0186559 2.30599
0.0186903 2.30131
0.0187248 2.29231
0.0187594 2.28756
0.0187941 2.27853
0.0188288 2.2738
0.0188635 2.26497
0.0188984 2.26015
0.0189333 2.25159
0.0189682 2.24685
0.0190033 2.23858
0.0190384 2.23375
0.0190735 2.22555
0.0191087 2.22062
0.019144 2.21247
0.0191794 2.20752
0.0192148 2.19934
0.0192503 2.19428
0.0192858 2.18625
0.0193214 2.18113
0.0193571 2.17318
0.0193929 2.16795
0.0194287 2.1602
0.0194645 2.15491
0.0195005 2.14744
0.0195365 2.14217
0.0195726 2.13506
0.0196087 2.12956
0.0196449 2.12263
0.0196812 2.11702
0.0197175 2.11011
0.019754 2.1043
0.0197904 2.0976
0.019827 2.09157
0.0198636 2.08504
0.0199003 2.07879
0.019937 2.07258
0.0199738 2.06595
0.0200107 2.06018
0.0200477 2.05323
0.0200847 2.04799
0.0201218 2.0401
0.0201589 2.03614
0.0201962 2.02825
0.0202335 2.02422
0.0202708 2.01638
0.0203082 2.01219
0.0203457 2.00446
0.0203833 2.00023
0.020421 1.99254
0.0204587 1.98827
0.0204964 1.9806
0.0205343 1.97623
0.0205722 1.96871
0.0206102 1.96442
0.0206483 1.95708
0.0206864 1.95276
0.0207246 1.94576
0.0207629 1.94138
0.0208012 1.93436
0.0208396 1.92997
0.0208781 1.92297
0.0209166 1.9185
0.0209553 1.91158
0.020994 1.90688
0.0210327 1.90013
0.0210716 1.89541
0.0211105 1.88872
0.0211495 1.88388
0.0211885 1.87739
0.0212277 1.87243
0.0212669 1.86623
0.0213061 1.86133
0.0213455 1.85547
0.0213849 1.85038
0.0214244 1.84463
0.0214639 1.8393
0.0215036 1.83374
0.0215433 1.82815
0.0215831 1.82286
0.0216229 1.81695
0.0216628 1.81197
0.0217028 1.80545
0.0217429 1.80111
0.0217831 1.79388
0.0218233 1.79028
0.0218636 1.78328
0.021904 1.7797
0.0219444 1.77292
0.0219849 1.76935
0.0220255 1.76265
0.0220662 1.75888
0.022107 1.75228
0.0221478 1.74849
0.0221887 1.74186
0.0222297 1.73804
0.0222707 1.73147
0.0223118 1.72756
0.022353 1.72104
0.0223943 1.71716
0.0224357 1.71067
0.0224771 1.7068
0.0225186 1.70052
0.0225602 1.69662
0.0226018 1.69067
0.0226436 1.6867
0.0226854 1.68084
0.0227273 1.6767
0.0227692 1.67088
0.0228113 1.66667
0.0228534 1.66096
0.0228956 1.65661
0.0229379 1.65103
0.0229803 1.64656
0.0230227 1.64101
0.0230652 1.63646
0.0231078 1.63113
0.0231505 1.62651
0.0231932 1.62143
0.023236 1.61675
0.023279 1.61204
0.0233219 1.60706
0.023365 1.6026
0.0234082 1.59726
0.0234514 1.5931
0.0234947 1.58693
0.0235381 1.58365
0.0235815 1.57736
0.0236251 1.57414
0.0236687 1.56787
0.0237124 1.56463
0.0237562 1.55849
0.0238001 1.55523
0.023844 1.54923
0.0238881 1.54601
0.0239322 1.54026
0.0239764 1.53696
0.0240206 1.53128
0.024065 1.52794
0.0241094 1.5223
0.0241539 1.51886
0.0241985 1.51322
0.0242432 1.50976
0.024288 1.50415
0.0243329 1.50065
0.0243778 1.49511
0.0244228 1.49155
0.0244679 1.48608
0.0245131 1.48244
0.0245583 1.47716
0.0246037 1.47361
0.0246491 1.46862
0.0246946 1.46495
0.0247402 1.46005
0.0247859 1.45623
0.0248317 1.45139
0.0248776 1.44747
0.0249235 1.44276
0.0249695 1.43869
0.0250156 1.4341
0.0250618 1.42987
0.0251081 1.42543
0.0251545 1.42106
0.0252009 1.41687
0.0252475 1.41227
0.0252941 1.40838
0.0253408 1.4036
0.0253876 1.40021
0.0254345 1.39477
0.0254814 1.39197
0.0255285 1.38658
0.0255756 1.38374
0.0256229 1.3783
0.0256702 1.37544
0.0257176 1.37009
0.0257651 1.36716
0.0258126 1.36184
0.0258603 1.35888
0.0259081 1.35362
0.0259559 1.35065
0.0260038 1.34551
0.0260518 1.34261
0.0261 1.33773
0.0261482 1.33475
0.0261964 1.32988
0.0262448 1.32684
0.0262933 1.32202
0.0263418 1.31891
0.0263905 1.31415
0.0264392 1.31098
0.026488 1.30627
0.0265369 1.30301
0.0265859 1.29836
0.026635 1.29505
0.0266842 1.29051
0.0267335 1.28717
0.0267829 1.28277
0.0268323 1.27946
0.0268819 1.27529
0.0269315 1.27188
0.0269812 1.26785
0.0270311 1.26427
0.027081 1.26032
0.027131 1.25659
0.0271811 1.25283
0.0272313 1.24889
0.0272816 1.2453
0.0273319 1.24108
0.0273824 1.23777
0.027433 1.233
0.0274836 1.23031
0.0275344 1.22534
0.0275852 1.22292
0.0276362 1.21825
0.0276872 1.21581
0.0277383 1.21113
0.0277896 1.20865
0.0278409 1.20402
0.0278923 1.20145
0.0279438 1.19684
0.0279954 1.19423
0.0280471 1.18966
0.0280989 1.18704
0.0281508 1.18252
0.0282027 1.17983
0.0282548 1.17534
0.028307 1.17266
0.0283593 1.16825
0.0284116 1.16563
0.0284641 1.16149
0.0285167 1.1588
0.0285693 1.15469
0.0286221 1.1519
0.0286749 1.14784
0.0287279 1.14502
0.0287809 1.14104
0.0288341 1.1381
0.0288873 1.13419
0.0289407 1.13116
0.0289941 1.12733
0.0290477 1.12423
0.0291013 1.12048
0.029155 1.11735
0.0292089 1.11373
0.0292628 1.11059
0.0293168 1.10727
0.029371 1.10396
0.0294252 1.10075
0.0294796 1.09722
0.029534 1.09419
0.0295885 1.09039
0.0296432 1.08765
0.0296979 1.08326
0.0297527 1.08108
0.0298077 1.07673
0.0298627 1.07451
0.0299179 1.07021
0.0299731 1.06796
0.0300285 1.06374
0.0300839 1.06151
0.0301395 1.05754
0.0301951 1.0553
0.0302509 1.05134
0.0303068 1.04904
0.0303627 1.04514
0.0304188 1.04283
0.030475 1.03893
0.0305312 1.03655
0.0305876 1.03267
0.0306441 1.03026
0.0307007 1.02641
0.0307574 1.02398
0.0308142 1.02021
0.0308711 1.01773
0.0309281 1.01406
0.0309852 1.01159
0.0310424 1.00811
0.0310997 1.00565
0.0311572 1.0022
0.0312147 0.999661
0.0312723 0.99627
0.0313301 0.993643
0.0313879 0.990293
0.0314459 0.98758
0.031504 0.984345
0.0315621 0.981543
0.0316204 0.978389
0.0316788 0.975457
0.0317373 0.972458
0.0317959 0.969395
0.0318546 0.96661
0.0319135 0.963459
0.0319724 0.96095
0.0320314 0.957431
0.0320906 0.955307
0.0321498 0.951541
0.0322092 0.949612
0.0322687 0.945853
0.0323283 0.943906
0.032388 0.940176
0.0324478 0.938205
0.0325077 0.934523
0.0325677 0.932497
0.0326279 0.928831
0.0326881 0.926803
0.0327485 0.923207
0.0328089 0.921229
0.0328695 0.917837
0.0329302 0.915797
0.032991 0.912458
0.033052 0.910416
0.033113 0.907036
0.0331741 0.904965
0.0332354 0.90164
0.0332968 0.899514
0.0333583 0.896231
0.0334199 0.894046
0.0334816 0.89079
0.0335434 0.888577
0.0336053 0.885415
0.0336674 0.883146
0.0337296 0.88006
0.0337919 0.877798
0.0338543 0.874907
0.0339168 0.872563
0.0339794 0.869724
0.0340421 0.867323
0.034105 0.864558
0.034168 0.862052
0.0342311 0.859376
0.0342943 0.856744
0.0343576 0.854191
0.0344211 0.851415
0.0344846 0.848993
0.0345483 0.845993
0.0346121 0.843828
0.034676 0.840368
0.0347401 0.838723
0.0348042 0.835455
0.0348685 0.83378
0.0349329 0.830564
0.0349974 0.828857
0.035062 0.825669
0.0351267 0.823905
0.0351916 0.820736
0.0352566 0.81895
0.0353217 0.815788
0.0353869 0.813999
0.0354523 0.810862
0.0355177 0.809051
0.0355833 0.805944
0.035649 0.804105
0.0357149 0.801057
0.0357808 0.799228
0.0358469 0.796313
0.0359131 0.794487
0.0359794 0.791639
0.0360458 0.789769
0.0361124 0.786954
0.0361791 0.785013
0.0362459 0.782217
0.0363128 0.780238
0.0363799 0.777486
0.0364471 0.775453
0.0365144 0.772748
0.0365818 0.770668
0.0366493 0.768037
0.036717 0.765917
0.0367848 0.763365
0.0368527 0.761261
0.0369208 0.758855
0.036989 0.756658
0.0370573 0.754386
0.0371257 0.752062
0.0371943 0.74989
0.0372629 0.747407
0.0373318 0.745381
0.0374007 0.742621
0.0374698 0.740875
0.037539 0.737863
0.0376083 0.736342
0.0376777 0.733361
0.0377473 0.731846
0.037817 0.728893
0.0378868 0.727403
0.0379568 0.724622
0.0380269 0.72309
0.0380971 0.72036
0.0381675 0.718805
0.0382379 0.716075
0.0383085 0.714507
0.0383793 0.711802
0.0384502 0.710185
0.0385212 0.707507
0.0385923 0.70589
0.0386636 0.703206
0.038735 0.701564
0.0388065 0.698917
0.0388781 0.69726
0.0389499 0.694671
0.0390219 0.693028
0.0390939 0.690566
0.0391661 0.688897
0.0392384 0.68652
0.0393109 0.684787
0.0393835 0.682446
0.0394562 0.680648
0.0395291 0.678359
0.0396021 0.676517
0.0396752 0.674248
0.0397485 0.672356
0.0398219 0.67015
0.0398954 0.668188
0.0399691 0.666068
0.0400429 0.664018
0.0401168 0.662022
0.0401909 0.65993
0.0402651 0.658105
0.0403395 0.65588
0.040414 0.654208
0.0404886 0.651603
0.0405633 0.650302
0.0406383 0.647709
0.0407133 0.646384
0.0407885 0.643798
0.0408638 0.642441
0.0409393 0.639888
0.0410149 0.638519
0.0410906 0.635987
0.0411665 0.634588
0.0412425 0.632102
0.0413186 0.630731
0.0413949 0.628354
0.0414714 0.626993
0.041548 0.624662
0.0416247 0.623255
0.0417016 0.620959
0.0417786 0.619519
0.0418557 0.617224
0.041933 0.615785
0.0420104 0.613503
0.042088 0.612035
0.0421657 0.609792
0.0422436 0.608272
0.0423216 0.606059
0.0423998 0.604543
0.042478 0.602383
0.0425565 0.600856
0.0426351 0.598808
0.0427138 0.597243
0.0427927 0.595264
0.0428717 0.593651
0.0429509 0.591707
0.0430302 0.59005
0.0431096 0.588165
0.0431892 0.586396
0.043269 0.584593
0.0433489 0.582751
0.0434289 0.581025
0.0435091 0.579073
0.0435895 0.577459
0.04367 0.575328
0.0437506 0.573948
0.0438314 0.571658
0.0439124 0.570504
0.0439934 0.568306
0.0440747 0.567135
0.0441561 0.564907
0.0442376 0.563727
0.0443193 0.561539
0.0444011 0.560313
0.0444831 0.558137
0.0445653 0.55691
0.0446476 0.554726
0.04473 0.553496
0.0448126 0.551339
0.0448954 0.550088
0.0449783 0.547963
0.0450613 0.546737
0.0451445 0.544691
0.0452279 0.543466
0.0453114 0.541492
0.0453951 0.54022
0.0454789 0.538263
0.0455629 0.536962
0.045647 0.535032
0.0457313 0.533691
0.0458158 0.53178
0.0459004 0.530418
0.0459851 0.52854
0.0460701 0.527138
0.0461551 0.525309
0.0462404 0.523866
0.0463257 0.522085
0.0464113 0.520647
0.046497 0.518966
0.0465829 0.517494
0.0466689 0.51589
0.0467551 0.514352
0.0468414 0.512818
0.0469279 0.511176
0.0470145 0.509732
0.0471014 0.507969
0.0471883 0.506624
0.0472755 0.50455
0.0473628 0.503535
0.0474502 0.501469
0.0475379 0.500447
0.0476256 0.498409
0.0477136 0.497372
0.0478017 0.495433
0.04789 0.494397
0.0479784 0.492518
0.048067 0.491463
0.0481558 0.489581
0.0482447 0.4885
0.0483338 0.486643
0.048423 0.485561
0.0485124 0.483698
0.048602 0.482585
0.0486918 0.480749
0.0487817 0.479631
0.0488718 0.477799
0.048962 0.47668
0.0490524 0.47487
0.049143 0.473763
0.0492338 0.472029
0.0493247 0.470893
0.0494158 0.469236
0.049507 0.468082
0.0495984 0.466439
0.04969 0.465243
0.0497818 0.463636
0.0498737 0.462389
0.0499658 0.460814
0.0500581 0.459542
0.0501505 0.45801
0.0502431 0.456694
0.0503359 0.455193
0.0504288 0.453824
0.050522 0.452401
0.0506153 0.451007
0.0507087 0.449687
0.0508024 0.448245
0.0508962 0.447023
0.0509902 0.445442
0.0510843 0.444348
0.0511786 0.442564
0.0512732 0.441654
0.0513678 0.439891
0.0514627 0.43897
0.0515577 0.437198
0.0516529 0.436279
0.0517483 0.43453
0.0518439 0.433585
0.0519396 0.431861
0.0520355 0.430922
0.0521316 0.429255
0.0522279 0.428323
0.0523243 0.426721
0.0524209 0.425762
0.0525177 0.424172
0.0526147 0.423208
0.0527119 0.421609
0.0528092 0.420633
0.0529067 0.419053
0.0530044 0.418047
0.0531023 0.416488
0.0532004 0.415473
0.0532986 0.413943
0.053397 0.412899
0.0534956 0.411392
0.0535944 0.410348
0.0536934 0.408918
0.0537925 0.407867
0.0538919 0.406503
0.0539914 0.405418
0.0540911 0.404054
0.054191 0.402937
0.054291 0.401619
0.0543913 0.400462
0.0544917 0.399176
0.0545924 0.397959
0.0546932 0.396734
0.0547942 0.395446
0.0548954 0.394293
0.0549967 0.392913
0.0550983 0.391858
0.0552 0.390315
0.055302 0.389499
0.0554041 0.387967
0.0555064 0.387179
0.0556089 0.385649
0.0557116 0.384851
0.0558144 0.383336
0.0559175 0.382516
0.0560208 0.381017
0.0561242 0.380186
0.0562279 0.378681
0.0563317 0.377838
0.0564357 0.376355
0.0565399 0.375508
0.0566443 0.37405
0.0567489 0.373196
0.0568537 0.371779
0.0569587 0.37094
0.0570639 0.369579
0.0571693 0.36873
0.0572748 0.367375
0.0573806 0.366502
0.0574866 0.365158
0.0575927 0.364255
0.0576991 0.362932
0.0578056 0.362016
0.0579124 0.360715
0.0580193 0.359774
0.0581264 0.358503
0.0582338 0.357532
0.0583413 0.35629
0.058449 0.355313
0.058557 0.354131
0.0586651 0.353144
0.0587734 0.352021
0.058882 0.350992
0.0589907 0.349904
0.0590996 0.348826
0.0592088 0.347784
0.0593181 0.346637
0.0594276 0.345652
0.0595374 0.344413
0.0596473 0.343529
0.0597575 0.342109
0.0598678 0.341402
0.0599784 0.340001
0.0600891 0.339297
0.0602001 0.337922
0.0603112 0.337228
0.0604226 0.335932
0.0605342 0.335217
0.060646 0.333929
0.060758 0.333201
0.0608702 0.331913
0.0609826 0.331173
0.0610952 0.329899
0.061208 0.329151
0.061321 0.327882
0.0614343 0.327119
0.0615477 0.325856
0.0616614 0.325089
0.0617752 0.323849
0.0618893 0.32308
0.0620036 0.321882
0.0621181 0.321117
0.0622328 0.319978
0.0623477 0.319185
0.0624628 0.318052
0.0625782 0.317243
0.0626937 0.31613
0.0628095 0.31531
0.0629255 0.314206
0.0630417 0.31335
0.0631581 0.312267
0.0632747 0.311392
0.0633916 0.310346
0.0635086 0.309435
0.0636259 0.308424
0.0637434 0.307486
0.0638611 0.306547
0.063979 0.305592
0.0640972 0.304719
0.0642155 0.303701
0.0643341 0.30288
0.0644529 0.301724
0.0645719 0.301046
0.0646912 0.299819
0.0648106 0.2992
0.0649303 0.297977
0.0650502 0.297353
0.0651703 0.29614
0.0652907 0.29551
0.0654113 0.294313
0.065532 0.293674
0.0656531 0.292508
0.0657743 0.291876
0.0658957 0.290775
0.0660174 0.290134
0.0661393 0.289039
0.0662615 0.288378
0.0663838 0.287287
0.0665064 0.286617
0.0666292 0.285527
0.0667523 0.284859
0.0668755 0.283775
0.066999 0.283094
0.0671227 0.282026
0.0672467 0.281315
0.0673709 0.280272
0.0674953 0.279572
0.0676199 0.278565
0.0677448 0.277856
0.0678699 0.276908
0.0679952 0.276176
0.0681208 0.275244
0.0682466 0.27449
0.0683726 0.273569
0.0684988 0.272796
0.0686253 0.271894
0.0687521 0.271085
0.068879 0.270227
0.0690062 0.269379
0.0691336 0.268554
0.0692613 0.267655
0.0693892 0.266886
0.0695173 0.265931
0.0696457 0.265254
0.0697743 0.264201
0.0699031 0.263667
0.0700322 0.262619
0.0701616 0.262072
0.0702911 0.261029
0.0704209 0.260472
0.070551 0.259437
0.0706812 0.258866
0.0708118 0.257833
0.0709425 0.257262
0.0710735 0.256235
0.0712048 0.25566
0.0713362 0.254649
0.071468 0.254075
0.0716 0.253086
0.0717322 0.252513
0.0718646 0.25158
0.0719973 0.250997
0.0721303 0.250068
0.0722635 0.249475
0.0723969 0.248558
0.0725306 0.247952
0.0726645 0.247042
0.0727987 0.246416
0.0729332 0.245513
0.0730678 0.244886
0.0732028 0.243996
0.0733379 0.243352
0.0734734 0.242483
0.073609 0.241827
0.073745 0.240987
0.0738812 0.240335
0.0740176 0.239552
0.0741543 0.238875
0.0742912 0.238108
0.0744284 0.237396
0.0745658 0.236666
0.0747035 0.23591
0.0748415 0.235213
0.0749797 0.23441
0.0751181 0.233761
0.0752568 0.232861
0.0753958 0.232314
0.075535 0.231347
0.0756745 0.230866
0.0758143 0.229914
0.0759543 0.229447
0.0760945 0.228548
0.076235 0.228073
0.0763758 0.227183
0.0765168 0.22669
0.0766581 0.225801
0.0767997 0.225299
0.0769415 0.224419
0.0770836 0.223914
0.0772259 0.223039
0.0773685 0.222519
0.0775114 0.221654
0.0776545 0.221137
0.0777979 0.220271
0.0779416 0.219752
0.0780855 0.218909
0.0782297 0.218397
0.0783742 0.217605
0.0785189 0.217079
0.0786639 0.216289
0.0788092 0.215752
0.0789547 0.21498
0.0791005 0.214423
0.0792466 0.21366
0.0793929 0.213085
0.0795395 0.212342
0.0796864 0.211747
0.0798335 0.211016
0.0799809 0.210414
0.0801286 0.209701
0.0802766 0.209074
0.0804248 0.208403
0.0805734 0.207779
0.0807221 0.207159
0.0808712 0.206493
0.0810205 0.205903
0.0811702 0.205185
0.08132 0.204647
0.0814702 0.203807
0.0816207 0.203387
0.0817714 0.202551
0.0819224 0.202123
0.0820737 0.201293
0.0822252 0.200861
0.0823771 0.200041
0.0825292 0.199603
0.0826816 0.198796
0.0828342 0.198366
0.0829872 0.197609
0.0831405 0.197177
0.083294 0.19642
0.0834478 0.19598
0.0836019 0.195228
0.0837563 0.194776
0.0839109 0.194032
0.0840659 0.19357
0.0842211 0.192825
0.0843766 0.192363
0.0845325 0.191629
0.0846885 0.191159
0.0848449 0.190439
0.0850016 0.189957
0.0851586 0.189252
0.0853158 0.18878
0.0854734 0.18812
0.0856312 0.187633
0.0857893 0.186981
0.0859478 0.18648
0.0861065 0.185839
0.0862655 0.185324
0.0864248 0.184693
0.0865844 0.184163
0.0867442 0.18355
0.0869044 0.182988
0.0870649 0.182407
0.0872257 0.181817
0.0873868 0.181266
0.0875481 0.180644
0.0877098 0.18014
0.0878718 0.179484
0.088034 0.179059
0.0881966 0.178342
0.0883594 0.177969
0.0885226 0.177259
0.0886861 0.176884
0.0888498 0.176168
0.0890139 0.175792
0.0891783 0.175086
0.089343 0.174696
0.0895079 0.173995
0.0896732 0.173603
0.0898388 0.172905
0.0900047 0.172515
0.0901709 0.171831
0.0903374 0.171442
0.0905043 0.170799
0.0906714 0.170409
0.0908388 0.169765
0.0910066 0.169367
0.0911746 0.168729
0.091343 0.168322
0.0915116 0.167692
0.0916806 0.167275
0.0918499 0.166651
0.0920195 0.166224
0.0921895 0.165612
0.0923597 0.165174
0.0925303 0.164576
0.0927011 0.164127
0.0928723 0.163551
0.0930438 0.163112
0.0932156 0.162563
0.0933877 0.16211
0.0935602 0.16158
0.093733 0.161107
0.0939061 0.160591
0.0940795 0.160095
0.0942532 0.159604
0.0944272 0.159079
0.0946016 0.158613
0.0947763 0.158046
0.0949513 0.15762
0.0951266 0.156956
0.0953023 0.156633
0.0954783 0.155977
0.0956546 0.155659
0.0958312 0.155038
0.0960082 0.154712
0.0961855 0.154102
0.0963631 0.15377
0.0965411 0.153164
0.0967193 0.152821
0.0968979 0.152219
0.0970769 0.151875
0.0972561 0.151274
0.0974357 0.15093
0.0976156 0.15033
0.0977959 0.149977
0.0979765 0.14939
0.0981574 0.149031
0.0983387 0.14845
0.0985203 0.148106
0.0987022 0.147554
0.0988845 0.147202
0.0990671 0.146663
0.09925 0.146296
0.0994333 0.145762
0.0996169 0.145392
0.0998008 0.144864
0.0999851 0.144483
0.10017 0.143966
0.100355 0.143568
0.10054 0.143062
0.100726 0.142655
0.100912 0.142162
0.101098 0.141747
0.101285 0.141277
0.101472 0.140856
0.101659 0.140418
0.101847 0.139979
0.102035 0.139565
0.102223 0.139098
0.102412 0.138705
0.102601 0.138192
0.102791 0.137849
0.102981 0.137275
0.103171 0.136984
0.103361 0.13642
0.103552 0.136125
0.103743 0.135557
0.103935 0.135264
0.104127 0.13471
0.104319 0.134414
0.104512 0.133891
0.104705 0.133596
0.104898 0.133077
0.105092 0.13278
0.105286 0.132264
0.10548 0.131959
0.105675 0.131446
0.10587 0.131139
0.106066 0.130628
0.106262 0.130317
0.106458 0.129813
0.106654 0.129494
0.106851 0.128996
0.107049 0.128677
0.107246 0.128191
0.107444 0.127868
0.107643 0.127407
0.107841 0.127083
0.108041 0.126634
0.10824 0.126299
0.10844 0.125858
0.10864 0.125509
0.108841 0.125075
0.109042 0.124718
0.109243 0.124294
0.109445 0.123921
0.109647 0.123514
0.10985 0.123126
0.110052 0.122735
0.110256 0.122329
0.110459 0.121967
0.110663 0.121544
0.110868 0.121218
0.111072 0.120727
0.111277 0.12048
0.111483 0.119988
0.111689 0.119738
0.111895 0.119248
0.112102 0.118991
0.112309 0.118507
0.112516 0.118246
0.112724 0.117766
0.112932 0.117501
0.11314 0.117023
0.113349 0.116754
0.113559 0.116286
0.113768 0.116025
0.113978 0.115576
0.114189 0.115309
0.1144 0.114872
0.114611 0.114602
0.114823 0.114164
0.115035 0.113893
0.115247 0.113458
0.11546 0.11318
0.115673 0.112748
0.115887 0.112461
0.116101 0.112037
0.116315 0.111748
0.11653 0.11133
0.116745 0.111034
0.116961 0.110632
0.117177 0.110331
0.117393 0.10995
0.11761 0.109649
0.117827 0.109282
0.118045 0.108968
0.118263 0.108607
0.118481 0.108278
0.1187 0.10793
0.118919 0.107585
0.119139 0.107256
0.119359 0.106889
0.119579 0.106579
0.1198 0.106179
0.120021 0.105904
0.120243 0.105456
0.120465 0.105235
0.120687 0.104809
0.12091 0.104589
0.121133 0.104169
0.121357 0.103947
0.121581 0.103531
0.121806 0.103301
0.12203 0.102888
0.122256 0.102655
0.122482 0.102243
0.122708 0.102008
0.122934 0.1016
0.123161 0.101361
0.123389 0.100957
0.123617 0.100718
0.123845 0.100316
0.124074 0.100081
0.124303 0.0996982
0.124532 0.099459
0.124762 0.0990894
0.124993 0.0988458
0.125223 0.0984804
0.125455 0.0982283
0.125686 0.0978644
0.125918 0.0976074
0.126151 0.0972519
0.126384 0.0969874
0.126617 0.0966392
0.126851 0.0963677
0.127085 0.0960221
0.12732 0.0957455
0.127555 0.0954159
0.127791 0.0951376
0.128027 0.0948259
0.128263 0.0945382
0.1285 0.0942457
0.128737 0.0939397
0.128975 0.0936619
0.129213 0.0933344
0.129452 0.0930735
0.129691 0.0927005
0.12993 0.0924907
0.13017 0.0920997
0.130411 0.0919027
0.130651 0.0915141
0.130893 0.0913165
0.131134 0.0909345
0.131376 0.090738
0.131619 0.0903735
0.131862 0.0901745
0.132106 0.0898196
0.13235 0.0896178
0.132594 0.0892656
0.132839 0.08906
0.133084 0.0887121
0.13333 0.0885007
0.133576 0.0881524
0.133823 0.0879412
0.13407 0.0875943
0.134317 0.0873811
0.134565 0.0870384
0.134814 0.0868219
0.135063 0.0864856
0.135312 0.0862669
0.135562 0.0859459
0.135812 0.0857305
0.136063 0.0854197
0.136315 0.0851953
0.136566 0.0848917
0.136818 0.0846587
0.137071 0.0843586
0.137324 0.0841193
0.137578 0.0838269
0.137832 0.0835811
0.138086 0.0832942
0.138341 0.0830367
0.138597 0.0827639
0.138853 0.0824965
0.139109 0.0822376
0.139366 0.0819615
0.139623 0.0817244
0.139881 0.0814338
0.14014 0.0812236
0.140398 0.0808885
0.140658 0.0807169
0.140917 0.080385
0.141177 0.0802119
0.141438 0.0798781
0.141699 0.0797027
0.141961 0.0793734
0.142223 0.0791951
0.142486 0.078869
0.142749 0.0786888
0.143013 0.078366
0.143277 0.0781869
0.143541 0.0778777
0.143806 0.0777
0.144072 0.0774008
0.144338 0.0772188
0.144604 0.0769196
0.144871 0.0767339
0.145139 0.0764383
0.145407 0.0762489
0.145675 0.0759563
0.145944 0.0757632
0.146214 0.0754748
0.146484 0.0752764
0.146754 0.0749899
0.147025 0.0747917
0.147297 0.0745109
0.147569 0.0743134
0.147841 0.0740451
0.148114 0.0738433
0.148388 0.0735859
0.148662 0.0733786
0.148937 0.0731287
0.149212 0.0729131
0.149487 0.0726677
0.149763 0.0724418
0.15004 0.0722075
0.150317 0.0719674
0.150594 0.0717475
0.150872 0.0714914
0.151151 0.0712857
0.15143 0.0709992
0.15171 0.0708315
0.15199 0.0705341
0.152271 0.0703865
0.152552 0.0700993
0.152833 0.0699499
0.153116 0.0696638
0.153398 0.0695116
0.153682 0.0692275
0.153965 0.0690701
0.15425 0.068788
0.154535 0.0686287
0.15482 0.0683494
0.155106 0.0681892
0.155392 0.0679125
0.155679 0.0677486
0.155967 0.0674755
0.156255 0.0673132
0.156543 0.0670481
0.156832 0.0668897
0.157122 0.0666354
0.157412 0.0664726
0.157703 0.06622
0.157994 0.0660506
0.158286 0.0658012
0.158578 0.0656313
0.158871 0.0653859
0.159164 0.0652077
0.159458 0.0649673
0.159753 0.0647847
0.160048 0.0645501
0.160343 0.0643632
0.160639 0.0641334
0.160936 0.0639465
0.161233 0.0637277
0.161531 0.0635387
0.161829 0.0633336
0.162128 0.0631336
0.162427 0.0629366
0.162727 0.0627235
0.163028 0.0625379
0.163329 0.0623092
0.16363 0.0621392
0.163933 0.0618738
0.164235 0.0617401
0.164539 0.0614767
0.164842 0.0613412
0.165147 0.0610808
0.165452 0.0609459
0.165757 0.0606945
0.166063 0.0605594
0.16637 0.0603175
0.166677 0.060181
0.166985 0.0599403
0.167293 0.0598023
0.167602 0.0595626
0.167912 0.0594223
0.168222 0.0591842
0.168532 0.0590399
0.168844 0.0588044
0.169155 0.0586582
0.169468 0.0584234
0.169781 0.0582773
0.170094 0.0580472
0.170408 0.0579005
0.170723 0.0576793
0.171038 0.0575306
0.171354 0.0573183
0.171671 0.0571693
0.171988 0.0569583
0.172305 0.0568046
0.172623 0.0565971
0.172942 0.0564386
0.173261 0.0562347
0.173581 0.0560705
0.173902 0.0558722
0.174223 0.0557029
0.174545 0.0555108
0.174867 0.0553335
0.17519 0.0551524
0.175514 0.0549687
0.175838 0.0548
0.176162 0.0546119
0.176488 0.0544578
0.176814 0.0542466
0.17714 0.0541148
0.177467 0.0538871
0.177795 0.0537691
0.178123 0.0535419
0.178452 0.053424
0.178782 0.053197
0.179112 0.0530783
0.179443 0.0528545
0.179774 0.0527323
0.180106 0.0525105
0.180438 0.0523884
0.180772 0.0521742
0.181105 0.0520539
0.18144 0.0518494
0.181775 0.0517254
0.182111 0.0515223
0.182447 0.0513985
0.182784 0.0511945
0.183121 0.0510677
0.183459 0.0508656
0.183798 0.0507368
0.184138 0.0505374
0.184478 0.050406
0.184818 0.0502082
0.18516 0.050075
0.185502 0.0498828
0.185844 0.0497478
0.186187 0.0495619
0.186531 0.0494272
0.186876 0.0492523
0.187221 0.0491133
0.187566 0.0489392
0.187913 0.0487964
0.18826 0.0486268
0.188607 0.0484764
0.188956 0.0483135
0.189305 0.0481571
0.189654 0.0480007
0.190004 0.0478346
0.190355 0.0476877
0.190707 0.0475086
0.191059 0.0473767
0.191412 0.0471711
0.191765 0.0470715
0.192119 0.0468769
0.192474 0.0467745
0.192829 0.0465806
0.193186 0.0464767
0.193542 0.046284
0.1939 0.0461785
0.194258 0.0459864
0.194616 0.0458782
0.194976 0.0456873
0.195336 0.0455795
0.195697 0.0453901
0.196058 0.0452807
0.19642 0.0450939
0.196783 0.0449841
0.197146 0.0448017
0.19751 0.0446928
0.197875 0.0445185
0.19824 0.0444088
0.198606 0.0442368
0.198973 0.0441243
0.199341 0.0439543
0.199709 0.0438379
0.200077 0.0436689
0.200447 0.043551
0.200817 0.0433848
0.201188 0.0432638
0.201559 0.0430998
0.201932 0.0429754
0.202304 0.042816
0.202678 0.0426907
0.203052 0.042537
0.203427 0.0424129
0.203803 0.0422696
0.204179 0.042137
0.204556 0.0419994
0.204934 0.0418602
0.205312 0.0417288
0.205692 0.0415809
0.206071 0.0414574
0.206452 0.0412945
0.206833 0.0411867
0.207215 0.0410073
0.207598 0.0409146
0.207981 0.0407383
0.208365 0.0406463
0.20875 0.0404708
0.209135 0.0403814
0.209522 0.0402167
0.209908 0.0401238
0.210296 0.0399601
0.210684 0.0398663
0.211073 0.0397017
0.211463 0.0396072
0.211854 0.0394446
0.212245 0.0393475
0.212637 0.0391862
0.21303 0.039089
0.213423 0.0389274
0.213817 0.0388287
0.214212 0.0386704
0.214607 0.0385708
0.215004 0.0384166
0.215401 0.0383184
0.215799 0.0381729
0.216197 0.0380719
0.216596 0.0379283
0.216996 0.0378245
0.217397 0.037683
0.217798 0.0375755
0.218201 0.0374369
0.218603 0.0373274
0.219007 0.0371899
0.219412 0.0370769
0.219817 0.0369442
0.220223 0.0368272
0.220629 0.0366989
0.221037 0.0365788
0.221445 0.0364583
0.221854 0.036336
0.222263 0.0362261
0.222674 0.0360939
0.223085 0.0359922
0.223497 0.0358372
0.22391 0.0357586
0.224323 0.0356035
0.224737 0.0355239
0.225152 0.0353697
0.225568 0.0352877
0.225985 0.0351354
0.226402 0.0350531
0.22682 0.0349025
0.227239 0.0348191
0.227659 0.0346707
0.228079 0.034589
0.2285 0.0344496
0.228922 0.0343676
0.229345 0.0342281
0.229768 0.0341436
0.230193 0.0340059
0.230618 0.0339192
0.231044 0.0337816
0.23147 0.0336955
0.231898 0.0335584
0.232326 0.0334711
0.232755 0.0333357
0.233185 0.0332449
0.233615 0.0331129
0.234047 0.0330222
0.234479 0.0328929
0.234912 0.0328035
0.235346 0.0326827
0.23578 0.0325891
0.236216 0.0324703
0.236652 0.0323741
0.237089 0.0322574
0.237527 0.0321587
0.237965 0.0320453
0.238405 0.0319409
0.238845 0.0318317
0.239286 0.0317224
0.239728 0.0316191
0.240171 0.0315033
0.240614 0.0314065
0.241058 0.031281
0.241504 0.0311978
0.24195 0.0310652
0.242396 0.0309956
0.242844 0.0308647
0.243292 0.030794
0.243742 0.0306615
0.244192 0.030591
0.244643 0.0304604
0.245094 0.0303865
0.245547 0.0302574
0.246 0.0301837
0.246455 0.0300546
0.24691 0.0299804
0.247366 0.0298523
0.247822 0.0297778
0.24828 0.0296516
0.248739 0.0295796
0.249198 0.0294599
0.249658 0.0293863
0.250119 0.0292685
0.250581 0.0291922
0.251044 0.0290755
0.251507 0.0289984
0.251972 0.0288832
0.252437 0.0288031
0.252903 0.0286889
0.25337 0.0286079
0.253838 0.0284958
0.254307 0.0284129
0.254776 0.0283036
0.255247 0.0282191
0.255718 0.0281125
0.25619 0.0280287
0.256663 0.0279294
0.257137 0.027843
0.257612 0.0277465
0.258088 0.0276551
0.258565 0.0275627
0.259042 0.0274665
0.25952 0.0273789
0.26 0.0272756
0.26048 0.0271938
0.260961 0.0270715
0.261443 0.0270097
0.261925 0.026888
0.262409 0.0268263
0.262894 0.0267059
0.263379 0.0266447
0.263865 0.0265322
0.264353 0.02647
0.264841 0.0263587
0.26533 0.0262953
0.26582 0.0261839
0.266311 0.0261195
0.266803 0.0260089
0.267295 0.025944
0.267789 0.0258339
0.268283 0.0257676
0.268779 0.0256586
0.269275 0.0255918
0.269772 0.0254835
0.27027 0.0254168
0.27077 0.0253107
0.27127 0.0252449
0.27177 0.0251442
0.272272 0.0250764
0.272775 0.0249779
0.273279 0.0249091
0.273783 0.0248114
0.274289 0.0247408
0.274796 0.0246451
0.275303 0.024571
0.275811 0.0244772
0.276321 0.0244022
0.276831 0.0243106
0.277342 0.0242329
0.277854 0.0241439
0.278367 0.024063
0.278881 0.0239788
0.279396 0.0238984
0.279912 0.0238203
0.280429 0.0237349
0.280947 0.0236615
0.281466 0.0235692
0.281986 0.0235029
0.282506 0.023398
0.283028 0.0233432
0.283551 0.0232391
0.284074 0.0231843
0.284599 0.0230794
0.285124 0.0230244
0.285651 0.0229214
0.286178 0.0228651
0.286707 0.022764
0.287236 0.0227085
0.287767 0.0226125
0.288298 0.0225567
0.28883 0.0224624
0.289364 0.0224055
0.289898 0.0223115
0.290433 0.022254
0.29097 0.0221598
0.291507 0.0221014
0.292045 0.0220083
0.292585 0.0219484
0.293125 0.0218568
0.293666 0.0217965
0.294208 0.0217063
0.294752 0.0216446
0.295296 0.0215559
0.295841 0.021495
0.296388 0.021412
0.296935 0.0213499
0.297483 0.0212687
0.298033 0.021205
0.298583 0.0211239
0.299134 0.0210581
0.299687 0.0209802
0.30024 0.0209118
0.300795 0.0208355
0.30135 0.0207641
0.301906 0.0206916
0.302464 0.0206164
0.303022 0.0205476
0.303582 0.0204679
0.304143 0.0204052
0.304704 0.0203182
0.305267 0.0202678
0.305831 0.020178
0.306395 0.0201306
0.306961 0.0200411
0.307528 0.0199932
0.308096 0.0199038
0.308665 0.0198552
0.309235 0.019767
0.309806 0.0197173
0.310378 0.0196291
0.310951 0.0195791
0.311525 0.019492
0.312101 0.0194418
0.312677 0.0193567
0.313254 0.0193065
0.313833 0.0192249
0.314412 0.0191749
0.314993 0.0190947
0.315574 0.019044
0.316157 0.0189645
0.316741 0.0189126
0.317326 0.0188338
0.317912 0.0187801
0.318499 0.0187026
0.319087 0.0186487
0.319676 0.0185724
0.320267 0.0185165
0.320858 0.0184418
0.321451 0.0183847
0.322044 0.0183121
0.322639 0.0182557
0.323235 0.0181868
0.323832 0.0181295
0.32443 0.0180627
0.325029 0.0180024
0.325629 0.0179387
0.32623 0.0178755
0.326833 0.0178139
0.327436 0.0177468
0.328041 0.0176888
0.328646 0.0176167
0.329253 0.0175645
0.329861 0.017482
0.33047 0.01744
0.331081 0.0173588
0.331692 0.0173172
0.332305 0.0172393
0.332918 0.0171973
0.333533 0.0171214
0.334149 0.0170787
0.334766 0.0170033
0.335384 0.0169598
0.336003 0.0168846
0.336624 0.0168405
0.337246 0.016766
0.337868 0.0167217
0.338492 0.0166475
0.339117 0.0166023
0.339743 0.0165287
0.340371 0.016483
0.340999 0.016411
0.341629 0.0163661
0.34226 0.0162974
0.342892 0.0162517
0.343525 0.0161854
0.344159 0.0161385
0.344795 0.0160722
0.345432 0.0160252
0.34607 0.0159595
0.346709 0.0159113
0.347349 0.0158467
0.34799 0.015797
0.348633 0.0157331
0.349277 0.015682
0.349922 0.0156208
0.350568 0.0155684
0.351215 0.015509
0.351864 0.0154559
0.352513 0.0154008
0.353164 0.0153456
0.353817 0.015294
0.35447 0.0152348
0.355125 0.0151866
0.35578 0.01512
0.356437 0.0150792
0.357095 0.0150085
0.357755 0.0149714
0.358416 0.0149008
0.359077 0.0148637
0.35974 0.0147936
0.360405 0.0147563
0.36107 0.0146873
0.361737 0.01465
0.362405 0.0145838
0.363074 0.0145462
0.363745 0.0144823
0.364416 0.0144443
0.365089 0.0143808
0.365763 0.0143416
0.366439 0.0142785
0.367116 0.0142391
0.367793 0.0141757
0.368473 0.0141362
0.369153 0.0140736
0.369835 0.0140333
0.370518 0.0139716
0.371202 0.0139305
0.371887 0.01387
0.372574 0.0138295
0.373262 0.0137721
0.373951 0.0137306
0.374642 0.0136753
0.375334 0.0136324
0.376027 0.0135782
0.376721 0.0135341
0.377417 0.0134804
0.378114 0.0134354
0.378812 0.0133832
0.379511 0.0133362
0.380212 0.0132857
0.380914 0.0132367
0.381618 0.0131886
0.382322 0.0131368
0.383028 0.0130923
0.383736 0.0130385
0.384444 0.0129985
0.385154 0.0129381
0.385866 0.0129064
0.386578 0.012846
0.387292 0.0128138
0.388007 0.0127535
0.388724 0.0127207
0.389441 0.0126611
0.390161 0.0126274
0.390881 0.0125683
0.391603 0.0125344
0.392326 0.0124755
0.39305 0.0124419
0.393776 0.0123837
0.394503 0.0123504
0.395232 0.0122945
0.395962 0.0122609
0.396693 0.012207
0.397425 0.0121726
0.398159 0.0121188
0.398895 0.012084
0.399631 0.012031
0.400369 0.0119955
0.401108 0.0119433
0.401849 0.0119068
0.402591 0.0118548
0.403335 0.011818
0.404079 0.0117668
0.404826 0.0117294
0.405573 0.0116795
0.406322 0.011642
0.407072 0.0115944
0.407824 0.0115566
0.408577 0.0115109
0.409332 0.0114717
0.410088 0.0114273
0.410845 0.011386
0.411604 0.0113436
0.412364 0.0113
0.413125 0.0112596
0.413888 0.0112134
0.414652 0.0111757
0.415418 0.0111245
0.416185 0.0110921
0.416954 0.011037
0.417723 0.0110088
0.418495 0.0109557
0.419268 0.010928
0.420042 0.0108765
0.420818 0.0108485
0.421595 0.0107978
0.422373 0.0107687
0.423153 0.0107181
0.423934 0.0106887
0.424717 0.0106382
0.425502 0.0106087
0.426287 0.0105587
0.427075 0.0105286
0.427863 0.0104793
0.428653 0.0104492
0.429445 0.0104001
0.430238 0.01037
0.431032 0.0103229
0.431828 0.0102928
0.432626 0.0102477
0.433425 0.0102172
0.434225 0.0101721
0.435027 0.010141
0.43583 0.0100968
0.436635 0.0100645
0.437441 0.010021
0.438249 0.00998769
0.439058 0.00994513
0.439869 0.00991125
0.440681 0.00986918
0.441495 0.0098347
0.44231 0.0097942
0.443127 0.00975882
0.443945 0.00972096
0.444765 0.00968513
0.445586 0.00964944
0.446409 0.00961144
0.447234 0.00957774
0.448059 0.00953672
0.448887 0.00950567
0.449716 0.00945817
0.450546 0.00943362
0.451378 0.00938639
0.452212 0.0093615
0.453047 0.00931448
0.453883 0.00928942
0.454722 0.00924313
0.455561 0.0092181
0.456402 0.00917332
0.457245 0.00914813
0.45809 0.00910532
0.458935 0.00908001
0.459783 0.00903724
0.460632 0.00901152
0.461483 0.00896908
0.462335 0.00894282
0.463189 0.00890068
0.464044 0.00887396
0.464901 0.00883188
0.465759 0.00880513
0.466619 0.00876376
0.467481 0.00873659
0.468344 0.00869616
0.469209 0.00866882
0.470076 0.00862955
0.470944 0.00860241
0.471813 0.00856509
0.472684 0.00853715
0.473557 0.0085003
0.474432 0.00847151
0.475308 0.00843506
0.476186 0.00840559
0.477065 0.00836993
0.477946 0.00833971
0.478828 0.00830524
0.479713 0.00827311
0.480598 0.00824022
0.481486 0.00820682
0.482375 0.00817583
0.483266 0.0081412
0.484158 0.00811266
0.485052 0.0080762
0.485948 0.00805141
0.486845 0.00801126
0.487744 0.00798955
0.488645 0.00794993
0.489547 0.00792805
0.490451 0.00788796
0.491357 0.00786612
0.492264 0.00782658
0.493173 0.00780413
0.494084 0.00776491
0.494996 0.00774252
0.495911 0.00770351
0.496826 0.00768127
0.497744 0.00764354
0.498663 0.00762135
0.499584 0.00758537
0.500506 0.00756304
0.50143 0.00752692
0.502356 0.00750406
0.503284 0.00746846
0.504213 0.00744509
0.505144 0.00740992
0.506077 0.00738621
0.507012 0.00735141
0.507948 0.00732717
0.508886 0.00729287
0.509826 0.00726814
0.510767 0.00723477
0.51171 0.00720965
0.512655 0.00717774
0.513602 0.00715302
0.51455 0.00712237
0.515501 0.00709673
0.516453 0.00706695
0.517406 0.00704034
0.518362 0.0070113
0.519319 0.00698363
0.520278 0.00695581
0.521239 0.00692641
0.522201 0.00690027
0.523165 0.00686889
0.524131 0.00684456
0.525099 0.00680795
0.526069 0.00678959
0.52704 0.00675381
0.528014 0.00673562
0.528989 0.00670161
0.529966 0.00668285
0.530944 0.00664918
0.531925 0.00663021
0.532907 0.00659672
0.533891 0.00657752
0.534877 0.00654394
0.535865 0.0065244
0.536854 0.00649134
0.537845 0.00647179
0.538839 0.00643873
0.539834 0.00641885
0.54083 0.00638651
0.541829 0.00636658
0.54283 0.00633488
0.543832 0.0063154
0.544836 0.00628524
0.545842 0.0062654
0.54685 0.00623555
0.54786 0.0062149
0.548872 0.00618555
0.549885 0.00616468
0.550901 0.00613558
0.551918 0.00611418
0.552937 0.00608564
0.553958 0.00606345
0.554981 0.0060356
0.556006 0.00601314
0.557033 0.00598593
0.558061 0.00596328
0.559092 0.00593736
0.560124 0.00591426
0.561159 0.00589018
0.562195 0.00586599
0.563233 0.00584296
0.564273 0.00581733
0.565315 0.00579556
0.566359 0.00576758
0.567405 0.00574825
0.568453 0.0057171
0.569502 0.0057007
0.570554 0.00566996
0.571608 0.00565348
0.572663 0.0056226
0.573721 0.00560651
0.57478 0.00557654
0.575842 0.00556008
0.576905 0.00553196
0.57797 0.00551546
0.579037 0.00548724
0.580107 0.00547055
0.581178 0.00544255
0.582251 0.00542542
0.583326 0.00539747
0.584404 0.00538052
0.585483 0.00535261
0.586564 0.00533538
0.587647 0.00530792
0.588732 0.00529022
0.589819 0.00526332
0.590908 0.00524568
0.592 0.00521962
0.593093 0.00520196
0.594188 0.00517721
0.595285 0.00515925
0.596385 0.005135
0.597486 0.00511644
0.598589 0.00509253
0.599694 0.00507354
0.600802 0.00504988
0.601911 0.0050304
0.603023 0.00500746
0.604136 0.00498736
0.605252 0.00496506
0.60637 0.00494392
0.607489 0.00492285
0.608611 0.00490096
0.609735 0.0048814
0.610861 0.00485908
0.611989 0.00484123
0.613119 0.00481539
0.614251 0.00480125
0.615386 0.00477496
0.616522 0.00476101
0.61766 0.00473476
0.618801 0.00472061
0.619944 0.00469473
0.621088 0.00468037
0.622235 0.00465471
0.623384 0.00464028
0.624535 0.00461468
0.625689 0.00460023
0.626844 0.00457524
0.628002 0.00456115
0.629161 0.00453774
0.630323 0.00452312
0.631487 0.00449978
0.632653 0.0044851
0.633821 0.00446179
0.634992 0.00444694
0.636164 0.00442389
0.637339 0.00440872
0.638516 0.00438586
0.639695 0.0043703
0.640876 0.00434786
0.64206 0.00433221
0.643246 0.00431022
0.644433 0.00429431
0.645623 0.00427308
0.646816 0.00425722
0.64801 0.00423719
0.649207 0.00422099
0.650405 0.00420143
0.651606 0.00418461
0.65281 0.00416549
0.654015 0.00414797
0.655223 0.00412943
0.656433 0.00411123
0.657645 0.00409356
0.658859 0.00407412
0.660076 0.00405755
0.661295 0.00403671
0.662516 0.00402194
0.66374 0.00399848
0.664965 0.00398672
0.666193 0.00396491
0.667423 0.00395303
0.668656 0.00393094
0.669891 0.003919
0.671128 0.0038972
0.672367 0.00388492
0.673608 0.00386327
0.674852 0.00385084
0.676099 0.00382932
0.677347 0.0038168
0.678598 0.00379546
0.679851 0.00378293
0.681106 0.00376172
0.682364 0.0037491
0.683624 0.0037283
0.684887 0.00371589
0.686151 0.00369642
0.687418 0.00368371
0.688688 0.00366458
0.689959 0.00365162
0.691233 0.00363263
0.69251 0.00361932
0.693789 0.00360045
0.69507 0.00358691
0.696353 0.00356846
0.697639 0.00355461
0.698928 0.00353648
0.700218 0.00352236
0.701511 0.00350452
0.702807 0.0034902
0.704104 0.0034732
0.705405 0.00345888
0.706707 0.00344302
0.708012 0.0034281
0.70932 0.00341296
0.710629 0.0033972
0.711942 0.00338271
0.713256 0.00336591
0.714574 0.00335242
0.715893 0.00333344
0.717215 0.00332227
0.718539 0.00330237
0.719866 0.00329202
0.721196 0.00327229
0.722527 0.00326205
0.723862 0.00324249
0.725198 0.00323238
0.726537 0.0032142
0.727879 0.00320389
0.729223 0.00318571
0.73057 0.00317527
0.731919 0.00315727
0.73327 0.0031467
0.734624 0.00312893
0.735981 0.00311807
0.73734 0.00310033
0.738702 0.00308945
0.740066 0.00307184
0.741432 0.00306088
0.742801 0.00304357
0.744173 0.0030325
0.745547 0.00301553
0.746924 0.0030046
0.748303 0.00298871
0.749685 0.00297762
0.75107 0.00296207
0.752456 0.00295055
0.753846 0.00293524
0.755238 0.00292339
0.756633 0.00290831
0.75803 0.0028962
0.75943 0.00288141
0.760832 0.00286901
0.762237 0.00285457
0.763644 0.00284163
0.765055 0.00282797
0.766467 0.00281457
0.767883 0.00280164
0.769301 0.00278798
0.770721 0.00277624
0.772145 0.00276176
0.77357 0.0027511
0.774999 0.00273441
0.77643 0.00272577
0.777864 0.00270924
0.7793 0.00270045
0.780739 0.00268398
0.782181 0.00267509
0.783625 0.00265881
0.785072 0.00264977
0.786522 0.00263359
0.787974 0.00262465
0.78943 0.00260869
0.790887 0.00259986
0.792348 0.00258492
0.793811 0.0025761
0.795277 0.00256133
0.796745 0.00255225
0.798217 0.00253758
0.799691 0.00252833
0.801167 0.00251373
0.802647 0.00250438
0.804129 0.00249003
0.805614 0.00248048
0.807101 0.00246634
0.808592 0.00245655
0.810085 0.00244258
0.811581 0.00243294
0.81308 0.00241922
0.814581 0.00240966
0.816085 0.00239685
0.817592 0.00238706
0.819102 0.00237451
0.820615 0.00236435
0.82213 0.00235224
0.823648 0.00234173
0.825169 0.00232981
0.826693 0.00231885
0.828219 0.00230749
0.829749 0.00229592
0.831281 0.0022852
0.832816 0.00227285
0.834354 0.00226297
0.835895 0.00224927
0.837438 0.00224115
0.838985 0.00222726
0.840534 0.00222003
0.842086 0.00220633
0.843641 0.00219908
0.845199 0.00218541
0.84676 0.00217808
0.848323 0.00216455
0.84989 0.00215703
0.851459 0.0021435
0.853031 0.00213593
0.854607 0.00212259
0.856185 0.00211503
0.857766 0.00210184
0.85935 0.00209409
0.860937 0.00208119
0.862526 0.00207372
0.864119 0.00206134
0.865715 0.00205379
0.867313 0.00204178
0.868915 0.00203404
0.87052 0.00202216
0.872127 0.00201422
0.873738 0.00200242
0.875351 0.00199437
0.876967 0.00198283
0.878587 0.00197452
0.880209 0.00196315
0.881835 0.00195467
0.883463 0.00194362
0.885094 0.00193488
0.886729 0.00192418
0.888366 0.0019156
0.890007 0.00190562
0.89165 0.00189675
0.893297 0.0018872
0.894946 0.00187788
0.896599 0.00186877
0.898255 0.00185883
0.899913 0.00185024
0.901575 0.00183961
0.90324 0.00183179
0.904908 0.00181949
0.906579 0.00181334
0.908253 0.00180116
0.90993 0.00179498
0.911611 0.00178294
0.913294 0.0017769
0.91498 0.00176555
0.91667 0.00175938
0.918363 0.00174833
0.920059 0.00174208
0.921758 0.00173104
0.92346 0.00172478
0.925165 0.0017138
0.926873 0.00170746
0.928585 0.00169656
0.9303 0.00169008
0.932018 0.00167934
0.933739 0.00167274
0.935463 0.00166207
0.93719 0.00165551
0.938921 0.00164511
0.940655 0.00163861
0.942392 0.00162883
0.944132 0.00162222
0.945875 0.00161267
0.947622 0.00160594
0.949372 0.0015965
0.951125 0.00158958
0.952881 0.00158028
0.954641 0.00157321
0.956404 0.00156413
0.95817 0.00155682
0.959939 0.00154796
0.961712 0.00154047
0.963488 0.00153188
0.965267 0.00152409
0.967049 0.00151605
0.968835 0.00150812
0.970624 0.00150072
0.972417 0.0014924
0.974212 0.00148564
0.976011 0.00147643
0.977814 0.00147054
0.979619 0.0014605
0.981428 0.00145534
0.983241 0.00144534
0.985056 0.00144023
0.986875 0.00143025
0.988698 0.00142511
0.990523 0.00141529
0.992352 0.00141006
0.994185 0.00140038
0.996021 0.00139522
0.99786 0.00138602
0.999703 0.00138092
1.00155 0.00137198
1.0034 0.00136672
1.00525 0.00135789
1.00711 0.00135261
1.00897 0.00134377
1.01083 0.00133834
1.0127 0.00132963
1.01457 0.00132414
1.01644 0.00131552
1.01832 0.00130998
1.0202 0.00130149
1.02208 0.00129586
1.02397 0.00128765
1.02586 0.00128202
1.02775 0.00127427
1.02965 0.00126856
1.03155 0.00126113
1.03346 0.00125528
1.03537 0.00124793
1.03728 0.00124191
1.03919 0.00123478
1.04111 0.00122849
1.04304 0.00122161
1.04496 0.001215
1.04689 0.00120846
1.04882 0.00120148
1.05076 0.0011954
1.0527 0.00118792
1.05465 0.00118246
1.05659 0.00117405
1.05854 0.00116999
1.0605 0.00116187
1.06246 0.00115774
1.06442 0.00114963
1.06638 0.00114542
1.06835 0.00113738
1.07033 0.00113312
1.0723 0.00112514
1.07428 0.00112077
1.07627 0.00111288
1.07825 0.00110853
1.08025 0.00110068
1.08224 0.00109636
1.08424 0.00108861
1.08624 0.00108428
1.08825 0.00107699
1.09026 0.00107263
1.09227 0.00106556
1.09429 0.00106119
1.09631 0.00105417
1.09833 0.00104971
1.10036 0.00104278
1.10239 0.00103818
1.10443 0.00103133
1.10647 0.00102669
1.10851 0.00101994
1.11056 0.00101517
1.11261 0.00100859
1.11466 0.00100371
1.11672 0.000997343
1.11878 0.000992464
1.12085 0.000986482
1.12292 0.000981587
1.12499 0.000975946
1.12707 0.000970721
1.12915 0.000965318
1.13124 0.000959817
1.13333 0.000954678
1.13542 0.000948862
1.13751 0.000944037
1.13962 0.000937647
1.14172 0.000933438
1.14383 0.000926334
1.14594 0.000922871
1.14806 0.000915891
1.15018 0.000912497
1.1523 0.000905741
1.15443 0.000902391
1.15656 0.000895978
1.1587 0.000892519
1.16083 0.000886118
1.16298 0.000882644
1.16513 0.000876254
1.16728 0.000872725
1.16943 0.000866395
1.17159 0.000862819
1.17376 0.00085654
1.17592 0.000852951
1.1781 0.000846729
1.18027 0.000843104
1.18245 0.000837012
1.18463 0.000833421
1.18682 0.000827631
1.18901 0.000824041
1.19121 0.000818541
1.19341 0.000814836
1.19561 0.000809387
1.19782 0.000805583
1.20003 0.00080024
1.20225 0.00079633
1.20447 0.000791082
1.20669 0.000787063
1.20892 0.000781939
1.21115 0.000777804
1.21339 0.000772852
1.21563 0.000768558
1.21787 0.000763841
1.22012 0.000759501
1.22238 0.000755162
1.22463 0.000750675
1.2269 0.000746708
1.22916 0.000741876
1.23143 0.000738207
1.2337 0.000732462
1.23598 0.000729726
1.23826 0.000724008
1.24055 0.00072124
1.24284 0.000715557
1.24514 0.000712731
1.24744 0.000707129
1.24974 0.000704306
1.25205 0.000698779
1.25436 0.000696001
1.25668 0.000690688
1.259 0.000687913
1.26132 0.000682887
1.26365 0.000680104
1.26598 0.000675076
1.26832 0.000672199
1.27066 0.000667242
1.27301 0.000664322
1.27536 0.000659378
1.27772 0.000656452
1.28008 0.000651554
1.28244 0.000648585
1.28481 0.000643758
1.28718 0.000640702
1.28956 0.000636041
1.29194 0.000633026
1.29432 0.00062856
1.29671 0.000625552
1.29911 0.000621353
1.30151 0.000618221
1.30391 0.000614108
1.30632 0.000610881
1.30873 0.000606882
1.31115 0.000603519
1.31357 0.00059962
1.31599 0.000596108
1.31842 0.000592363
1.32086 0.000588678
1.3233 0.000585162
1.32574 0.000581264
1.32819 0.000578049
1.33064 0.000573883
1.3331 0.000571146
1.33556 0.000566631
1.33803 0.000564452
1.3405 0.000559978
1.34297 0.000557762
1.34545 0.000553271
1.34794 0.00055106
1.35043 0.000546599
1.35292 0.00054432
1.35542 0.000539917
1.35792 0.000537629
1.36043 0.00053326
1.36294 0.000530959
1.36546 0.000526658
1.36798 0.000524365
1.37051 0.000520246
1.37304 0.000518024
1.37557 0.000514106
1.37811 0.00051184
1.38066 0.000507967
1.38321 0.000505625
1.38576 0.0005018
1.38832 0.000499422
1.39088 0.00049566
1.39345 0.000493196
1.39603 0.000489489
1.3986 0.00048698
1.40119 0.00048336
1.40377 0.000480804
1.40637 0.000477292
1.40896 0.000474726
1.41157 0.000471379
1.41417 0.000468831
1.41678 0.000465733
1.4194 0.000463078
1.42202 0.000460064
1.42465 0.000457256
1.42728 0.000454388
1.42991 0.000451381
1.43255 0.000448694
1.4352 0.000445456
1.43785 0.000443001
1.4405 0.000439241
1.44316 0.000437363
1.44583 0.000433519
1.4485 0.000431777
1.45117 0.000428059
1.45385 0.00042635
1.45654 0.000422891
1.45923 0.000421148
1.46192 0.000417703
1.46462 0.000415943
1.46733 0.000412485
1.47004 0.000410695
1.47275 0.000407268
1.47547 0.000405459
1.47819 0.000402083
1.48092 0.000400224
1.48366 0.000396878
1.4864 0.000395025
1.48914 0.000391729
1.49189 0.000389895
1.49465 0.000386739
1.49741 0.000384927
1.50017 0.000381965
1.50294 0.0003801
1.50572 0.000377182
1.5085 0.000375273
1.51129 0.0003724
1.51408 0.000370438
1.51687 0.000367624
1.51967 0.000365588
1.52248 0.000362823
1.52529 0.000360729
1.52811 0.000358067
1.53093 0.000355892
1.53376 0.000353342
1.53659 0.000351131
1.53943 0.000348742
1.54227 0.000346536
1.54512 0.000344379
1.54797 0.000342
1.55083 0.000339979
1.55369 0.000337357
1.55656 0.000335587
1.55944 0.000332563
1.56231 0.000331182
1.5652 0.000328191
1.56809 0.000326795
1.57099 0.000323799
1.57389 0.000322417
1.57679 0.000319474
1.5797 0.0003181
1.58262 0.000315249
1.58554 0.000313909
1.58847 0.000311267
1.59141 0.00030989
1.59434 0.000307266
1.59729 0.000305879
1.60024 0.000303267
1.60319 0.000301837
1.60615 0.000299243
1.60912 0.00029779
1.61209 0.000295234
1.61507 0.000293751
1.61805 0.000291237
1.62104 0.000289737
1.62403 0.000287281
1.62703 0.000285775
1.63003 0.000283412
1.63304 0.000281935
1.63606 0.000279758
1.63908 0.000278258
1.64211 0.000276098
1.64514 0.000274528
1.64818 0.000272421
1.65122 0.00027079
1.65427 0.000268761
1.65733 0.000267042
1.66039 0.000265075
1.66345 0.000263277
1.66652 0.000261424
1.6696 0.000259522
1.67268 0.000257799
1.67577 0.000255778
1.67887 0.000254276
1.68197 0.000252118
1.68507 0.000250947
1.68819 0.000248642
1.6913 0.000247599
1.69443 0.000245297
1.69756 0.000244246
1.70069 0.000241956
1.70383 0.00024089
1.70698 0.000238611
1.71013 0.000237527
1.71329 0.000235275
1.71645 0.000234185
1.71962 0.000231964
1.7228 0.000230889
1.72598 0.000228743
1.72916 0.00022768
1.73236 0.000225711
1.73556 0.000224629
1.73876 0.000222665
1.74197 0.000221566
1.74519 0.000219624
1.74841 0.000218493
1.75164 0.000216575
1.75487 0.000215412
1.75812 0.000213518
1.76136 0.000212337
1.76461 0.000210491
1.76787 0.000209273
1.77114 0.000207477
1.77441 0.000206244
1.77768 0.000204533
1.78097 0.000203334
1.78426 0.00020177
1.78755 0.000200522
1.79085 0.000198997
1.79416 0.000197677
1.79747 0.00019623
1.80079 0.000194829
1.80412 0.000193447
1.80745 0.00019194
1.81079 0.000190663
1.81413 0.000189012
1.81748 0.000187899
1.82084 0.000185958
1.8242 0.000185155
1.82757 0.000183268
1.83094 0.000182487
1.83432 0.000180771
1.83771 0.000179978
1.8411 0.000178271
1.8445 0.000177457
1.84791 0.00017575
1.85132 0.000174932
1.85474 0.000173234
1.85816 0.000172395
1.8616 0.000170723
1.86503 0.000169883
1.86848 0.000168216
1.87193 0.000167359
1.87538 0.000165726
1.87885 0.00016487
1.88232 0.000163279
1.88579 0.000162459
1.88928 0.00016102
1.89276 0.000160172
1.89626 0.000158746
1.89976 0.000157872
1.90327 0.000156459
1.90678 0.000155571
1.9103 0.000154177
1.91383 0.000153255
1.91737 0.000151892
1.92091 0.000150942
1.92445 0.000149615
1.92801 0.000148624
1.93157 0.000147363
1.93514 0.000146343
1.93871 0.000145149
1.94229 0.000144156
1.94588 0.000143096
1.94947 0.00014203
1.95307 0.000141036
1.95667 0.000139876
1.96029 0.00013897
1.96391 0.000137634
1.96753 0.000136901
1.97117 0.000135445
1.97481 0.000134828
1.97845 0.00013338
1.98211 0.000132766
1.98577 0.000131335
1.98943 0.000130725
1.99311 0.000129323
1.99679 0.000128739
2.00048 0.000127468
2.00417 0.000126867
2.00787 0.000125614
2.01158 0.000125005
2.01529 0.000123756
2.01902 0.000123125
2.02274 0.00012189
2.02648 0.000121258
2.03022 0.000120024
2.03397 0.000119377
2.03773 0.000118166
2.04149 0.000117507
2.04526 0.000116322
2.04904 0.00011566
2.05282 0.000114505
2.05661 0.00011387
2.06041 0.000112838
2.06421 0.000112177
2.06802 0.000111161
2.07184 0.000110475
2.07567 0.000109486
2.0795 0.000108762
2.08334 0.000107799
2.08719 0.000107047
2.09104 0.000106118
2.0949 0.000105329
2.09877 0.000104443
2.10265 0.000103614
2.10653 0.000102781
2.11042 0.000101897
2.11432 0.000101154
2.11822 0.000100253
2.12213 9.96445e-05
2.12605 9.85732e-05
2.12998 9.81344e-05
2.13391 9.70673e-05
2.13785 9.66187e-05
2.1418 9.55581e-05
2.14576 9.51034e-05
2.14972 9.40476e-05
2.15369 9.35835e-05
2.15766 9.25396e-05
2.16165 9.20711e-05
2.16564 9.10397e-05
2.16964 9.05805e-05
2.17365 8.95676e-05
2.17766 8.91263e-05
2.18168 8.82109e-05
2.18571 8.77591e-05
2.18975 8.68634e-05
2.19379 8.63961e-05
2.19784 8.55026e-05
2.2019 8.50282e-05
2.20597 8.41478e-05
2.21004 8.36598e-05
2.21412 8.27922e-05
2.21821 8.22908e-05
2.2223 8.14353e-05
2.22641 8.09218e-05
2.23052 8.00906e-05
2.23464 7.95656e-05
2.23876 7.87676e-05
2.2429 7.8267e-05
2.24704 7.75506e-05
2.25119 7.70305e-05
2.25535 7.6338e-05
2.25951 7.57905e-05
2.26368 7.51209e-05
2.26786 7.45394e-05
2.27205 7.39056e-05
2.27625 7.32792e-05
2.28045 7.26871e-05
2.28466 7.20058e-05
2.28888 7.1474e-05
2.29311 7.06961e-05
2.29734 7.02702e-05
2.30158 6.94087e-05
2.30583 6.90927e-05
2.31009 6.83151e-05
2.31436 6.79989e-05
2.31863 6.72332e-05
2.32291 6.69114e-05
2.3272 6.61517e-05
2.3315 6.58212e-05
2.33581 6.50645e-05
2.34012 6.47284e-05
2.34444 6.39756e-05
2.34877 6.36351e-05
2.35311 6.28913e-05
2.35745 6.25441e-05
2.36181 6.18127e-05
2.36617 6.14692e-05
2.37054 6.07542e-05
2.37491 6.04215e-05
2.3793 5.97746e-05
2.38369 5.94381e-05
2.38809 5.88113e-05
2.3925 5.84645e-05
2.39692 5.7843e-05
2.40135 5.74837e-05
2.40578 5.6874e-05
2.41023 5.65003e-05
2.41468 5.59036e-05
2.41914 5.55143e-05
2.4236 5.49347e-05
2.42808 5.45336e-05
2.43256 5.39736e-05
2.43705 5.3559e-05
2.44155 5.30324e-05
2.44606 5.26277e-05
2.45058 5.2159e-05
2.4551 5.17339e-05
2.45964 5.13015e-05
2.46418 5.08418e-05
2.46873 5.0439e-05
2.47329 4.99253e-05
2.47786 4.9574e-05
2.48243 4.89449e-05
2.48702 4.87088e-05
2.49161 4.80848e-05
2.49621 4.78487e-05
2.50082 4.72304e-05
2.50544 4.69919e-05
2.51006 4.63867e-05
2.5147 4.61597e-05
2.51934 4.56098e-05
2.52399 4.53786e-05
2.52866 4.48488e-05
2.53333 4.46138e-05
2.538 4.40841e-05
2.54269 4.3846e-05
2.54739 4.33176e-05
2.55209 4.30717e-05
2.5568 4.25523e-05
2.56152 4.22979e-05
2.56625 4.17848e-05
2.57099 4.15298e-05
2.57574 4.1023e-05
2.5805 4.07663e-05
2.58526 4.02766e-05
2.59004 4.00285e-05
2.59482 3.95844e-05
2.59961 3.93355e-05
2.60441 3.89102e-05
2.60922 3.8649e-05
2.61404 3.8234e-05
2.61886 3.79592e-05
2.6237 3.7554e-05
2.62855 3.72652e-05
2.6334 3.68723e-05
2.63826 3.65707e-05
2.64313 3.61966e-05
2.64801 3.58733e-05
2.6529 3.55223e-05
2.6578 3.51836e-05
2.66271 3.48641e-05
2.66763 3.45207e-05
2.67255 3.42508e-05
2.67749 3.3872e-05
2.68243 3.36555e-05
2.68739 3.32175e-05
2.69235 3.30547e-05
2.69732 3.26199e-05
2.7023 3.24534e-05
2.70729 3.20182e-05
2.71229 3.18496e-05
2.7173 3.14204e-05
2.72232 3.12484e-05
2.72735 3.08245e-05
2.73238 3.06548e-05
2.73743 3.02383e-05
2.74248 3.00762e-05
2.74755 2.96958e-05
2.75262 2.95332e-05
2.7577 2.91717e-05
2.7628 2.90052e-05
2.7679 2.86462e-05
2.77301 2.84758e-05
2.77813 2.81198e-05
2.78326 2.79422e-05
2.7884 2.75904e-05
2.79355 2.74097e-05
2.79871 2.70644e-05
2.80387 2.68758e-05
2.80905 2.65387e-05
2.81424 2.63491e-05
2.81944 2.60242e-05
2.82464 2.58397e-05
2.82986 2.55468e-05
2.83508 2.53581e-05
2.84032 2.5086e-05
2.84556 2.48872e-05
2.85082 2.46224e-05
2.85608 2.44099e-05
2.86136 2.4157e-05
2.86664 2.39301e-05
2.87193 2.36925e-05
2.87724 2.3444e-05
2.88255 2.3228e-05
2.88787 2.29529e-05
2.89321 2.27663e-05
2.89855 2.24243e-05
2.9039 2.23157e-05
2.90926 2.20035e-05
2.91464 2.1897e-05
2.92002 2.16016e-05
2.92541 2.14901e-05
2.93081 2.11976e-05
2.93623 2.10833e-05
2.94165 2.07915e-05
2.94708 2.06758e-05
2.95252 2.03845e-05
2.95797 2.02653e-05
2.96344 1.9978e-05
2.96891 1.98586e-05
2.97439 1.95737e-05
2.97988 1.94528e-05
2.98539 1.9176e-05
2.9909 1.90611e-05
2.99642 1.88076e-05
3.00195 1.86939e-05
3.0075 1.84549e-05
3.01305 1.8338e-05
3.01862 1.81011e-05
3.02419 1.79789e-05
3.02977 1.77465e-05
3.03537 1.76187e-05
3.04097 1.73903e-05
3.04659 1.72575e-05
3.05222 1.70361e-05
3.05785 1.68966e-05
3.0635 1.66823e-05
3.06916 1.65399e-05
3.07482 1.63375e-05
3.0805 1.61964e-05
3.08619 1.60152e-05
3.09189 1.58718e-05
3.0976 1.57074e-05
3.10332 1.55522e-05
3.10905 1.54001e-05
3.11479 1.52282e-05
3.12054 1.50902e-05
3.1263 1.48939e-05
3.13208 1.47802e-05
3.13786 1.45488e-05
3.14365 1.44704e-05
3.14946 1.42411e-05
3.15528 1.41632e-05
3.1611 1.39373e-05
3.16694 1.38635e-05
3.17279 1.36564e-05
3.17865 1.35839e-05
3.18452 1.33912e-05
3.1904 1.33161e-05
3.19629 1.31247e-05
3.20219 1.30476e-05
3.2081 1.28568e-05
3.21403 1.27771e-05
3.21996 1.25882e-05
3.22591 1.25077e-05
3.23187 1.23197e-05
3.23783 1.22374e-05
3.24381 1.20531e-05
3.2498 1.19692e-05
3.2558 1.17901e-05
3.26182 1.17099e-05
3.26784 1.15469e-05
3.27387 1.14676e-05
3.27992 1.13169e-05
3.28598 1.12333e-05
3.29204 1.10858e-05
3.29812 1.09982e-05
3.30421 1.08541e-05
3.31031 1.07622e-05
3.31643 1.06211e-05
3.32255 1.05238e-05
3.32869 1.0389e-05
3.33483 1.02864e-05
3.34099 1.01584e-05
3.34716 1.0049e-05
3.35334 9.93221e-06
3.35953 9.82022e-06
3.36574 9.72128e-06
3.37195 9.60432e-06
3.37818 9.52226e-06
3.38442 9.37963e-06
3.39067 9.3235e-06
3.39693 9.17285e-06
3.4032 9.12299e-06
3.40949 8.97248e-06
3.41578 8.92131e-06
3.42209 8.77296e-06
3.42841 8.72085e-06
3.43474 8.57391e-06
3.44108 8.52227e-06
3.44744 8.3776e-06
3.4538 8.32815e-06
3.46018 8.19492e-06
3.46657 8.14676e-06
3.47297 8.02589e-06
3.47939 7.97583e-06
3.48581 7.85494e-06
3.49225 7.80399e-06
3.4987 7.68389e-06
3.50516 7.631e-06
3.51163 7.51245e-06
3.51811 7.45752e-06
3.52461 7.34046e-06
3.53112 7.28406e-06
3.53764 7.16963e-06
3.54417 7.11231e-06
3.55072 7.00145e-06
3.55727 6.94536e-06
3.56384 6.84538e-06
3.57042 6.79031e-06
3.57702 6.69993e-06
3.58362 6.64143e-06
3.59024 6.55441e-06
3.59687 6.49151e-06
3.60351 6.40761e-06
3.61017 6.34045e-06
3.61683 6.26085e-06
3.62351 6.18759e-06
3.6302 6.11387e-06
3.63691 6.03322e-06
3.64362 5.96781e-06
3.65035 5.87649e-06
3.65709 5.82472e-06
3.66384 5.72095e-06
3.67061 5.69132e-06
3.67739 5.5981e-06
3.68418 5.56743e-06
3.69098 5.47415e-06
3.6978 5.44274e-06
3.70463 5.34953e-06
3.71147 5.31772e-06
3.71832 5.22489e-06
3.72519 5.19207e-06
3.73207 5.09994e-06
3.73896 5.06629e-06
3.74586 4.97559e-06
3.75278 4.94191e-06
3.75971 4.85284e-06
3.76665 4.82028e-06
3.77361 4.73793e-06
3.78058 4.70676e-06
3.78756 4.63329e-06
3.79455 4.60075e-06
3.80156 4.52797e-06
3.80858 4.49402e-06
3.81561 4.42208e-06
3.82266 4.38685e-06
3.82972 4.31589e-06
3.83679 4.27896e-06
3.84387 4.20954e-06
3.85097 4.17167e-06
3.85808 4.10395e-06
3.86521 4.06409e-06
3.87234 3.99996e-06
3.87949 3.96042e-06
3.88666 3.90313e-06
3.89384 3.86469e-06
3.90103 3.81449e-06
3.90823 3.77279e-06
3.91545 3.72557e-06
3.92268 3.67915e-06
3.92992 3.63632e-06
3.93718 3.5841e-06
3.94445 3.54649e-06
3.95173 3.48306e-06
3.95903 3.45695e-06
3.96634 3.38786e-06
3.97366 3.36783e-06
3.981 3.29965e-06
3.98835 3.28046e-06
3.99572 3.21704e-06
4.0031 3.19898e-06
4.01049 3.14296e-06
4.01789 3.12423e-06
4.02531 3.06862e-06
4.03275 3.04924e-06
4.04019 2.99381e-06
4.04765 2.97386e-06
4.05513 2.91882e-06
4.06262 2.89818e-06
4.07012 2.84364e-06
4.07763 2.82249e-06
4.08516 2.76863e-06
4.09271 2.74751e-06
4.10027 2.69481e-06
4.10784 2.67416e-06
4.11542 2.62547e-06
4.12302 2.6058e-06
4.13064 2.56342e-06
4.13826 2.54296e-06
4.14591 2.50128e-06
4.15356 2.47938e-06
4.16123 2.43854e-06
4.16892 2.41536e-06
4.17661 2.37562e-06
4.18433 2.35116e-06
4.19205 2.31266e-06
4.19979 2.28661e-06
4.20755 2.24987e-06
4.21532 2.222e-06
4.2231 2.18839e-06
4.2309 2.15971e-06
4.23871 2.1305e-06
4.24654 2.10239e-06
4.25438 2.07878e-06
4.26224 2.04617e-06
4.27011 2.02683e-06
4.278 1.98617e-06
4.2859 1.97451e-06
4.29381 1.93398e-06
4.30174 1.92198e-06
4.30968 1.88172e-06
4.31764 1.86956e-06
4.32561 1.82956e-06
4.3336 1.81734e-06
4.3416 1.77784e-06
4.34962 1.76616e-06
4.35765 1.72912e-06
4.3657 1.71841e-06
4.37376 1.68667e-06
4.38184 1.67552e-06
4.38993 1.64386e-06
4.39804 1.63215e-06
4.40616 1.60087e-06
4.41429 1.58869e-06
4.42245 1.55747e-06
4.43061 1.54498e-06
4.43879 1.51422e-06
4.44699 1.50121e-06
4.4552 1.47095e-06
4.46343 1.45759e-06
4.47167 1.42832e-06
4.47993 1.4152e-06
4.4882 1.38809e-06
4.49649 1.37588e-06
4.50479 1.35298e-06
4.51311 1.34e-06
4.52144 1.31776e-06
4.52979 1.30359e-06
4.53816 1.28219e-06
4.54654 1.26694e-06
4.55493 1.24642e-06
4.56335 1.22989e-06
4.57177 1.21081e-06
4.58021 1.19246e-06
4.58867 1.17517e-06
4.59715 1.15467e-06
4.60564 1.14015e-06
4.61414 1.11645e-06
4.62266 1.10721e-06
4.6312 1.08468e-06
4.63975 1.07848e-06
4.64832 1.05591e-06
4.6569 1.04959e-06
4.6655 1.02704e-06
4.67411 1.02046e-06
4.68275 9.97999e-07
4.69139 9.9124e-07
4.70006 9.68855e-07
4.70874 9.61875e-07
4.71743 9.39789e-07
4.72614 9.32791e-07
4.73487 9.11039e-07
4.74361 9.04138e-07
4.75237 8.83659e-07
4.76115 8.77569e-07
4.76994 8.60401e-07
4.77875 8.53985e-07
4.78757 8.36981e-07
4.79641 8.30242e-07
4.80527 8.13441e-07
4.81414 8.06384e-07
4.82303 7.89699e-07
4.83194 7.82246e-07
4.84086 7.66018e-07
4.8498 7.58189e-07
4.85876 7.42284e-07
4.86773 7.34126e-07
4.87672 7.18927e-07
4.88572 7.10491e-07
4.89475 6.96665e-07
4.90378 6.89139e-07
4.91284 6.77839e-07
4.92191 6.69505e-07
4.931 6.58859e-07
4.94011 6.49701e-07
4.94923 6.39732e-07
4.95837 6.29428e-07
4.96752 6.20546e-07
4.9767 6.08526e-07
4.98589 6.01301e-07
4.99509 5.85867e-07
5.00432 5.82105e-07
5.01356 5.66843e-07
5.02282 5.6318e-07
5.03209 5.48588e-07
5.04138 5.45388e-07
5.05069 5.33557e-07
5.06002 5.30182e-07
5.06936 5.18407e-07
5.07873 5.14896e-07
5.0881 5.03126e-07
5.0975 4.99554e-07
5.10691 4.87803e-07
5.11634 4.84068e-07
5.12579 4.72423e-07
5.13526 4.68583e-07
5.14474 4.57076e-07
5.15424 4.53123e-07
5.16376 4.41802e-07
5.17329 4.3792e-07
5.18285 4.27205e-07
5.19242 4.23797e-07
5.202 4.15187e-07
5.21161 4.11577e-07
5.22123 4.03047e-07
5.23088 3.9919e-07
5.24054 3.90839e-07
5.25021 3.86762e-07
5.25991 3.78519e-07
5.26962 3.74139e-07
5.27935 3.66237e-07
5.2891 3.61543e-07
5.29887 3.53918e-07
5.30865 3.48901e-07
5.31846 3.4178e-07
5.32828 3.36423e-07
5.33812 3.30138e-07
5.34797 3.25335e-07
5.35785 3.20582e-07
5.36774 3.15073e-07
5.37765 3.10963e-07
5.38758 3.04324e-07
5.39753 3.01258e-07
5.4075 2.93429e-07
5.41749 2.91503e-07
5.42749 2.83705e-07
5.43751 2.81742e-07
5.44755 2.73962e-07
5.45761 2.71988e-07
5.46769 2.64303e-07
5.47779 2.62354e-07
5.4879 2.54905e-07
5.49804 2.5327e-07
5.50819 2.47425e-07
5.51836 2.45699e-07
5.52855 2.3989e-07
5.53876 2.38089e-07
5.54899 2.32299e-07
5.55923 2.30414e-07
5.5695 2.24666e-07
5.57979 2.22685e-07
5.59009 2.16993e-07
5.60041 2.14937e-07
5.61075 2.0933e-07
5.62111 2.07203e-07
5.63149 2.01723e-07
5.64189 1.99569e-07
5.65231 1.94364e-07
5.66275 1.92515e-07
5.67321 1.8849e-07
5.68368 1.86494e-07
5.69418 1.82579e-07
5.70469 1.80428e-07
5.71523 1.76628e-07
5.72578 1.74277e-07
5.73635 1.70638e-07
5.74695 1.68079e-07
5.75756 1.64621e-07
5.76819 1.61762e-07
5.77884 1.58624e-07
5.78951 1.55443e-07
5.8002 1.52672e-07
5.81092 1.49014e-07
5.82165 1.46973e-07
5.8324 1.43198e-07
5.84317 1.42372e-07
5.85396 1.38639e-07
5.86477 1.37782e-07
5.8756 1.34051e-07
5.88645 1.33147e-07
5.89732 1.29426e-07
5.90821 1.28493e-07
5.91912 1.24788e-07
5.93005 1.23823e-07
5.941 1.20136e-07
5.95197 1.19149e-07
5.96296 1.1551e-07
5.97397 1.14544e-07
5.985 1.1101e-07
5.99605 1.10193e-07
6.00713 1.07468e-07
6.01822 1.06612e-07
6.02933 1.03958e-07
6.04047 1.03073e-07
6.05162 1.00417e-07
6.06279 9.94683e-08
6.07399 9.68583e-08
6.08521 9.58521e-08
6.09644 9.32879e-08
6.1077 9.22251e-08
6.11898 8.97033e-08
6.13028 8.85807e-08
6.1416 8.61567e-08
6.15294 8.49881e-08
6.1643 8.27223e-08
6.17569 8.17123e-08
6.18709 7.99822e-08
6.19851 7.8906e-08
6.20996 7.73058e-08
6.22143 7.61126e-08
6.23292 7.45938e-08
6.24443 7.32502e-08
6.25596 7.187e-08
6.26751 7.03152e-08
6.27908 6.91314e-08
6.29068 6.727e-08
6.30229 6.64023e-08
6.31393 6.41341e-08
6.32559 6.36909e-08
6.33727 6.1474e-08
6.34897 6.11027e-08
6.3607 5.93839e-08
6.37244 5.90104e-08
6.38421 5.73608e-08
6.396 5.69596e-08
6.40781 5.53194e-08
6.41964 5.49039e-08
6.4315 5.32654e-08
6.44338 5.28315e-08
6.45527 5.11929e-08
6.46719 5.07421e-08
6.47914 4.91233e-08
6.4911 4.86573e-08
6.50309 4.70649e-08
6.5151 4.66048e-08
6.52713 4.50627e-08
6.53918 4.46726e-08
6.55126 4.34789e-08
6.56335 4.30847e-08
6.57547 4.19613e-08
6.58761 4.15311e-08
6.59978 4.04245e-08
6.61197 3.99687e-08
6.62418 3.88814e-08
6.63641 3.83877e-08
6.64866 3.73291e-08
6.66094 3.67871e-08
6.67324 3.57767e-08
6.68556 3.5196e-08
6.69791 3.42317e-08
6.71028 3.36064e-08
6.72267 3.27449e-08
6.73508 3.21931e-08
6.74752 3.15551e-08
6.75998 3.09658e-08
6.77246 3.04198e-08
6.78497 2.9723e-08
6.7975 2.92726e-08
6.81005 2.83067e-08
6.82263 2.81185e-08
6.83522 2.71534e-08
6.84785 2.69603e-08
6.86049 2.59985e-08
6.87316 2.57987e-08
6.88585 2.48471e-08
6.89857 2.46484e-08
6.91131 2.37185e-08
6.92407 2.35555e-08
6.93686 2.28322e-08
6.94967 2.26709e-08
6.9625 2.19989e-08
6.97536 2.18276e-08
6.98824 2.1158e-08
7.00114 2.09769e-08
7.01407 2.03116e-08
7.02702 2.01235e-08
7.04 1.9461e-08
7.053 1.92622e-08
7.06602 1.86076e-08
7.07907 1.84e-08
7.09214 1.77562e-08
7.10524 1.75455e-08
7.11836 1.69306e-08
7.1315 1.67487e-08
7.14467 1.62748e-08
7.15787 1.60922e-08
7.17108 1.56666e-08
7.18433 1.54653e-08
7.19759 1.50501e-08
7.21088 1.48334e-08
7.2242 1.44319e-08
7.23754 1.41901e-08
7.2509 1.38077e-08
7.26429 1.35379e-08
7.27771 1.31817e-08
7.29115 1.28833e-08
7.30461 1.25625e-08
7.3181 1.22185e-08
7.33161 1.19638e-08
7.34515 1.16347e-08
7.35872 1.14855e-08
7.3723 1.11121e-08
7.38592 1.10433e-08
7.39956 1.0669e-08
7.41322 1.05972e-08
7.42691 1.02227e-08
7.44062 1.01476e-08
7.45436 9.77371e-09
7.46813 9.69569e-09
7.48192 9.32305e-09
7.49574 9.24161e-09
7.50958 8.8738e-09
7.52345 8.79249e-09
7.53734 8.43336e-09
7.55126 8.36494e-09
7.5652 8.08471e-09
7.57917 8.02055e-09
7.59317 7.76969e-09
7.60719 7.70105e-09
7.62124 7.45199e-09
7.63531 7.37813e-09
7.64941 7.13094e-09
7.66353 7.05267e-09
7.67769 6.80886e-09
7.69186 6.72511e-09
7.70607 6.48528e-09
7.7203 6.39488e-09
7.73455 6.16249e-09
7.74884 6.06776e-09
7.76315 5.84903e-09
7.77748 5.76729e-09
7.79184 5.59867e-09
7.80623 5.51778e-09
7.82065 5.37429e-09
7.83509 5.28426e-09
7.84956 5.14821e-09
7.86405 5.04589e-09
7.87857 4.91997e-09
7.89312 4.80297e-09
7.9077 4.69006e-09
7.9223 4.55103e-09
7.93693 4.45939e-09
7.95158 4.27677e-09
7.96627 4.23088e-09
7.98098 4.0357e-09
7.99572 4.01012e-09
8.01048 3.85671e-09
8.02527 3.8329e-09
8.04009 3.70009e-09
8.05494 3.67469e-09
8.06981 3.5421e-09
8.08472 3.51532e-09
8.09965 3.38287e-09
8.1146 3.35464e-09
8.12959 3.22235e-09
8.1446 3.19237e-09
8.15964 3.06137e-09
8.17471 3.03054e-09
8.1898 2.90015e-09
8.20492 2.86909e-09
8.22008 2.74263e-09
8.23526 2.71626e-09
8.25046 2.61692e-09
8.2657 2.59242e-09
8.28096 2.50786e-09
8.29625 2.48149e-09
8.31157 2.39796e-09
8.32692 2.36942e-09
8.3423 2.28715e-09
8.3577 2.25588e-09
8.37314 2.1754e-09
8.3886 2.14118e-09
8.40409 2.06304e-09
8.41961 2.02612e-09
8.43516 1.95136e-09
8.45073 1.91106e-09
8.46634 1.84237e-09
8.48197 1.80591e-09
8.49763 1.75505e-09
8.51333 1.71939e-09
8.52905 1.67986e-09
8.5448 1.63809e-09
8.56057 1.60395e-09
8.57638 1.55283e-09
8.59222 1.52745e-09
8.60809 1.46088e-09
8.62398 1.4503e-09
8.63991 1.38392e-09
8.65586 1.37292e-09
8.67185 1.30686e-09
8.68786 1.29584e-09
8.7039 1.23082e-09
8.71997 1.2218e-09
8.73608 1.17004e-09
8.75221 1.16202e-09
8.76837 1.11945e-09
8.78456 1.11079e-09
8.80078 1.06841e-09
8.81704 1.05923e-09
8.83332 1.01687e-09
8.84963 1.00708e-09
8.86597 9.64856e-10
8.88234 9.54464e-10
8.89874 9.12658e-10
8.91518 9.01636e-10
8.93164 8.60481e-10
8.94813 8.49042e-10
8.96466 8.0925e-10
8.98121 7.9944e-10
8.9978 7.67933e-10
9.01441 7.59235e-10
9.03106 7.33796e-10
9.04773 7.2419e-10
9.06444 6.9939e-10
9.08118 6.88724e-10
9.09795 6.6462e-10
9.11475 6.52593e-10
9.13158 6.29646e-10
9.14844 6.16143e-10
9.16534 5.94399e-10
9.18226 5.79154e-10
9.19922 5.59246e-10
9.2162 5.41664e-10
9.23322 5.25095e-10
9.25027 5.08176e-10
9.26736 4.97335e-10
9.28447 4.79882e-10
9.30161 4.74661e-10
9.31879 4.54684e-10
9.336 4.51747e-10
9.35324 4.31736e-10
9.37051 4.28613e-10
9.38781 4.08612e-10
9.40515 4.05315e-10
9.42252 3.85295e-10
9.43992 3.81828e-10
9.45735 3.61996e-10
9.47481 3.58481e-10
9.49231 3.38989e-10
9.50984 3.36023e-10
9.5274 3.20258e-10
9.54499 3.17752e-10
9.56262 3.05513e-10
9.58027 3.02803e-10
9.59797 2.90601e-10
9.61569 2.87736e-10
9.63345 2.75569e-10
9.65123 2.72462e-10
9.66906 2.60415e-10
9.68691 2.56979e-10
9.7048 2.45138e-10
9.72272 2.41489e-10
9.74067 2.29895e-10
9.75866 2.25947e-10
9.77668 2.14886e-10
9.79474 2.1135e-10
9.81282 2.02615e-10
9.83094 1.99585e-10
9.8491 1.93029e-10
9.86728 1.89598e-10
9.88551 1.83363e-10
9.90376 1.79469e-10
9.92205 1.73591e-10
9.94037 1.69044e-10
9.95873 1.63726e-10
9.97712 1.58369e-10
9.99554 1.53808e-10
10.014 1.47296e-10
10.0325 1.43901e-10
10.051 1.35164e-10
10.0696 1.34267e-10
10.0882 1.27052e-10
10.1068 1.26317e-10
10.1255 1.20963e-10
10.1442 1.20176e-10
10.1629 1.14808e-10
10.1817 1.13965e-10
10.2005 1.08584e-10
10.2193 1.07693e-10
10.2382 1.02314e-10
10.2571 1.01371e-10
10.276 9.60044e-11
10.295 9.50017e-11
10.314 8.96755e-11
10.333 8.86537e-11
10.3521 8.34216e-11
10.3712 8.25255e-11
10.3904 7.82227e-11
10.4096 7.75152e-11
10.4288 7.4391e-11
10.4481 7.36113e-11
10.4674 7.05175e-11
10.4867 6.96667e-11
10.5061 6.66004e-11
10.5255 6.56532e-11
10.5449 6.2652e-11
10.5644 6.1595e-11
10.5839 5.8672e-11
10.6034 5.7508e-11
10.623 5.46953e-11
10.6426 5.3394e-11
10.6623 5.07734e-11
10.682 4.95524e-11
10.7017 4.75056e-11
10.7214 4.64975e-11
10.7412 4.51191e-11
10.7611 4.39292e-11
10.7809 4.27017e-11
10.8008 4.12674e-11
10.8208 4.02625e-11
10.8408 3.84172e-11
10.8608 3.77986e-11
10.8809 3.55956e-11
10.9009 3.53196e-11
10.9211 3.31202e-11
10.9412 3.28398e-11
10.9614 3.06623e-11
10.9817 3.04174e-11
11.002 2.85836e-11
11.0223 2.84025e-11
11.0426 2.71295e-11
11.063 2.69291e-11
11.0835 2.5658e-11
11.1039 2.54454e-11
11.1244 2.41724e-11
11.145 2.3946e-11
11.1655 2.26742e-11
11.1862 2.24289e-11
11.2068 2.11641e-11
11.2275 2.08994e-11
11.2483 1.96459e-11
11.269 1.93686e-11
11.2898 1.81454e-11
11.3107 1.78936e-11
11.3316 1.6868e-11
11.3525 1.66771e-11
11.3735 1.59905e-11
11.3945 1.57785e-11
11.4155 1.5103e-11
11.4366 1.48634e-11
11.4577 1.42053e-11
11.4789 1.39363e-11
11.5001 1.32983e-11
11.5213 1.29923e-11
11.5426 1.23867e-11
11.5639 1.20308e-11
11.5852 1.1471e-11
11.6066 1.1066e-11
11.6281 1.05681e-11
11.6495 1.01542e-11
11.671 9.80179e-12
11.6926 9.46004e-12
11.7142 9.27745e-12
11.7358 8.79868e-12
11.7575 8.74733e-12
11.7792 8.2674e-12
11.801 8.21163e-12
11.8227 7.73122e-12
11.8446 7.67149e-12
11.8664 7.19033e-12
11.8884 7.12702e-12
11.9103 6.64692e-12
11.9323 6.57972e-12
11.9543 6.10577e-12
11.9764 6.04616e-12
11.9985 5.6356e-12
12.0207 5.59463e-12
12.0429 5.33148e-12
12.0651 5.28741e-12
12.0874 5.02421e-12
12.1097 4.97556e-12
12.1321 4.713e-12
12.1545 4.66002e-12
12.1769 4.39947e-12
12.1994 4.34123e-12
12.2219 4.08323e-12
12.2445 4.01951e-12
12.2671 3.76506e-12
12.2898 3.69504e-12
12.3125 3.44962e-12
12.3352 3.38328e-12
12.358 3.17419e-12
12.3808 3.12754e-12
12.4037 2.99863e-12
12.4266 2.94421e-12
12.4495 2.82072e-12
12.4725 2.75805e-12
12.4955 2.64139e-12
12.5186 2.5676e-12
12.5417 2.45979e-12
12.5649 2.37247e-12
12.5881 2.27676e-12
12.6113 2.17059e-12
12.6346 2.09301e-12
12.658 1.95758e-12
12.6813 1.91132e-12
12.7048 1.76226e-12
12.7282 1.75354e-12
12.7517 1.66354e-12
12.7753 1.65401e-12
12.7989 1.56369e-12
12.8225 1.55331e-12
12.8462 1.46282e-12
12.8699 1.45151e-12
12.8937 1.36091e-12
12.9175 1.34881e-12
12.9413 1.25814e-12
12.9652 1.24489e-12
12.9892 1.15456e-12
13.0131 1.14089e-12
13.0372 1.05138e-12
13.0612 1.03849e-12
13.0854 9.58957e-13
13.1095 9.50734e-13
13.1337 9.03879e-13
13.158 8.94798e-13
13.1823 8.48253e-13
13.2066 8.38116e-13
13.231 7.9204e-13
13.2555 7.80709e-13
13.2799 7.35153e-13
13.3045 7.2232e-13
13.329 6.77851e-13
13.3536 6.63293e-13
13.3783 6.20134e-13
13.403 6.03924e-13
13.4277 5.62769e-13
13.4525 5.45981e-13
13.4774 5.1125e-13
13.5023 5.00254e-13
13.5272 4.81072e-13
13.5522 4.68124e-13
13.5772 4.50616e-13
13.6023 4.34802e-13
13.6274 4.19776e-13
13.6526 3.99781e-13
13.6778 3.88611e-13
13.703 3.59784e-13
13.7283 3.57168e-13
13.7537 3.28315e-13
13.7791 3.25568e-13
13.8045 2.96818e-13
13.83 2.94208e-13
13.8556 2.67784e-13
13.8811 2.66303e-13
13.9068 2.51702e-13
13.9325 2.5008e-13
13.9582 2.35432e-13
13.984 2.33616e-13
14.0098 2.18995e-13
14.0357 2.1702e-13
14.0616 2.02361e-13
14.0875 2.00204e-13
14.1136 1.85593e-13
14.1396 1.83222e-13
14.1657 1.687e-13
14.1919 1.66207e-13
14.2181 1.51787e-13
14.2443 1.49318e-13
14.2706 1.36127e-13
14.297 1.34647e-13
14.3234 1.27666e-13
14.3499 1.25993e-13
14.3763 1.19094e-13
14.4029 1.17171e-13
14.4295 1.10442e-13
14.4561 1.08226e-13
14.4828 1.01684e-13
14.5096 9.91623e-14
14.5364 9.28409e-14
14.5632 8.9917e-14
14.5901 8.39569e-14
14.617 8.05084e-14
14.644 7.50654e-14
14.6711 7.1203e-14
14.6982 6.68468e-14
14.7253 6.43802e-14
14.7525 6.24745e-14
14.7797 5.92719e-14
14.807 5.80438e-14
14.8344 5.38954e-14
14.8618 5.35649e-14
14.8892 4.94025e-14
14.9167 4.9037e-14
14.9443 4.4863e-14
14.9719 4.44661e-14
14.9995 4.02888e-14
15.0272 3.98527e-14
15.055 3.56984e-14
15.0828 3.52702e-14
15.1106 3.13028e-14
15.1385 3.10892e-14
15.1665 2.91099e-14
15.1945 2.88693e-14
15.2225 2.68903e-14
15.2506 2.66305e-14
15.2788 2.46481e-14
15.307 2.4359e-14
15.3353 2.23826e-14
15.3636 2.20571e-14
15.392 2.0091e-14
15.4204 1.97297e-14
15.4489 1.77849e-14
15.4774 1.73716e-14
15.506 1.54698e-14
15.5346 1.50404e-14
15.5633 1.32672e-14
15.592 1.30931e-14
15.6208 1.24432e-14
15.6497 1.22395e-14
15.6786 1.16096e-14
15.7075 1.13656e-14
15.7365 1.07634e-14
15.7656 1.0474e-14
15.7947 9.90281e-15
15.8239 9.53751e-15
15.8531 9.01104e-15
15.8824 8.5547e-15
15.9117 8.06397e-15
15.9411 7.39005e-15
15.9705 6.64336e-15
16 0
