# 1:pT 2:PhotonSpectrum=dN/d^2xT d^2pT dy
0.01 0.124733
0.0100185 0.124639
0.010037 0.124316
0.0100555 0.124214
0.0100741 0.123888
0.0100927 0.123777
0.0101113 0.123452
0.01013 0.12333
0.0101487 0.123004
0.0101674 0.122872
0.0101862 0.12254
0.010205 0.122396
0.0102239 0.12206
0.0102427 0.121902
0.0102617 0.121557
0.0102806 0.121378
0.0102996 0.121014
0.0103186 0.120787
0.0103377 0.12034
0.0103567 0.120103
0.0103759 0.119658
0.010395 0.11941
0.0104142 0.11897
0.0104335 0.118707
0.0104527 0.118276
0.010472 0.118001
0.0104914 0.117577
0.0105107 0.117293
0.0105301 0.116881
0.0105496 0.116578
0.0105691 0.116177
0.0105886 0.115867
0.0106081 0.11549
0.0106277 0.115181
0.0106474 0.114838
0.010667 0.114508
0.0106867 0.114181
0.0107065 0.113834
0.0107262 0.113525
0.010746 0.113143
0.0107659 0.11286
0.0107858 0.112436
0.0108057 0.112193
0.0108256 0.111699
0.0108456 0.111524
0.0108656 0.111036
0.0108857 0.110857
0.0109058 0.110373
0.0109259 0.1102
0.0109461 0.109751
0.0109663 0.109571
0.0109866 0.109126
0.0110069 0.108937
0.0110272 0.108496
0.0110476 0.108299
0.011068 0.107862
0.0110884 0.107659
0.0111089 0.107222
0.0111294 0.107012
0.0111499 0.106581
0.0111705 0.106363
0.0111912 0.105941
0.0112118 0.105715
0.0112325 0.105309
0.0112533 0.105089
0.0112741 0.104714
0.0112949 0.104485
0.0113157 0.104117
0.0113366 0.103876
0.0113576 0.103518
0.0113785 0.103266
0.0113995 0.102914
0.0114206 0.10265
0.0114417 0.102304
0.0114628 0.102024
0.011484 0.101696
0.0115052 0.1014
0.0115264 0.101084
0.0115477 0.100773
0.011569 0.100483
0.0115904 0.100169
0.0116118 0.0999098
0.0116332 0.0995678
0.0116547 0.099337
0.0116762 0.0989321
0.0116978 0.098761
0.0117194 0.0983322
0.0117411 0.0981779
0.0117627 0.0977512
0.0117845 0.097593
0.0118062 0.0971675
0.011828 0.0970029
0.0118499 0.0965857
0.0118717 0.0964173
0.0118937 0.0960062
0.0119156 0.0958415
0.0119376 0.0954631
0.0119597 0.0952924
0.0119818 0.0949251
0.0120039 0.0947465
0.0120261 0.0943778
0.0120483 0.0941938
0.0120705 0.0938293
0.0120928 0.0936372
0.0121151 0.0932782
0.0121375 0.0930773
0.0121599 0.0927231
0.0121824 0.0925139
0.0122049 0.0921681
0.0122274 0.0919544
0.01225 0.0916227
0.0122726 0.0914087
0.0122953 0.0911015
0.012318 0.0908788
0.0123407 0.0905826
0.0123635 0.0903497
0.0123863 0.0900598
0.0124092 0.0898142
0.0124321 0.0895327
0.0124551 0.0892697
0.0124781 0.0890059
0.0125011 0.0887253
0.0125242 0.0884731
0.0125473 0.088168
0.0125705 0.0879411
0.0125937 0.0876066
0.012617 0.0874194
0.0126403 0.0870468
0.0126636 0.0869181
0.012687 0.0865549
0.0127104 0.0864193
0.0127339 0.0860581
0.0127574 0.0859159
0.012781 0.0855562
0.0128046 0.0854108
0.0128282 0.0850524
0.0128519 0.0849022
0.0128756 0.0845463
0.0128994 0.0843895
0.0129232 0.0840408
0.0129471 0.083883
0.012971 0.08354
0.012995 0.0833822
0.0130189 0.0830633
0.013043 0.0829012
0.0130671 0.0825931
0.0130912 0.0824255
0.0131154 0.0821195
0.0131396 0.0819413
0.0131639 0.0816422
0.0131882 0.0814561
0.0132125 0.0811598
0.0132369 0.0809703
0.0132614 0.0806767
0.0132859 0.0804781
0.0133104 0.0801949
0.013335 0.0799876
0.0133596 0.0797152
0.0133843 0.0795056
0.013409 0.0792571
0.0134337 0.0790391
0.0134585 0.0787998
0.0134834 0.0785676
0.0135083 0.0783406
0.0135332 0.0780895
0.0135582 0.0778789
0.0135833 0.0776016
0.0136083 0.0774124
0.0136335 0.0770934
0.0136587 0.0769453
0.0136839 0.0765995
0.0137091 0.0764782
0.0137345 0.0761358
0.0137598 0.0760174
0.0137852 0.0756994
0.0138107 0.0755788
0.0138362 0.0752716
0.0138617 0.0751448
0.0138873 0.0748376
0.013913 0.0747055
0.0139387 0.0744024
0.0139644 0.0742655
0.0139902 0.0739652
0.014016 0.0738212
0.0140419 0.0735244
0.0140678 0.0733787
0.0140938 0.0730824
0.0141198 0.072933
0.0141459 0.0726461
0.014172 0.0724967
0.0141982 0.072229
0.0142244 0.0720743
0.0142507 0.0718148
0.014277 0.0716545
0.0143034 0.0714018
0.0143298 0.0712316
0.0143563 0.0709825
0.0143828 0.0708034
0.0144093 0.0705628
0.0144359 0.0703721
0.0144626 0.0701376
0.0144893 0.0699398
0.0145161 0.0697159
0.0145429 0.0695075
0.0145697 0.0692975
0.0145966 0.0690861
0.0146236 0.0688972
0.0146506 0.0686744
0.0146776 0.0685035
0.0147047 0.0682573
0.0147319 0.0681067
0.0147591 0.0678116
0.0147863 0.0677083
0.0148136 0.0674134
0.014841 0.0673052
0.0148684 0.0670127
0.0148959 0.0669002
0.0149234 0.066612
0.0149509 0.0664964
0.0149785 0.0662126
0.0150062 0.0660979
0.0150339 0.0658282
0.0150617 0.0657137
0.0150895 0.0654531
0.0151173 0.0653333
0.0151453 0.0650745
0.0151732 0.0649492
0.0152012 0.0646935
0.0152293 0.0645613
0.0152574 0.0643071
0.0152856 0.0641714
0.0153138 0.0639223
0.0153421 0.0637804
0.0153705 0.0635373
0.0153988 0.0633907
0.0154273 0.0631533
0.0154558 0.0630081
0.0154843 0.0627864
0.0155129 0.0626384
0.0155415 0.0624278
0.0155702 0.0622725
0.015599 0.0620677
0.0156278 0.0619031
0.0156567 0.0617033
0.0156856 0.0615282
0.0157145 0.0613371
0.0157435 0.061152
0.0157726 0.0609706
0.0158017 0.0607692
0.0158309 0.0606026
0.0158602 0.0603857
0.0158894 0.0602393
0.0159188 0.0600022
0.0159482 0.0598893
0.0159776 0.0596371
0.0160071 0.0595457
0.0160367 0.0592937
0.0160663 0.0592003
0.016096 0.0589489
0.0161257 0.0588516
0.0161555 0.0586032
0.0161853 0.0585006
0.0162152 0.0582537
0.0162451 0.0581481
0.0162751 0.0579032
0.0163052 0.0577953
0.0163353 0.0575555
0.0163655 0.0574481
0.0163957 0.0572219
0.016426 0.0571143
0.0164563 0.0568967
0.0164867 0.0567829
0.0165171 0.0565677
0.0165476 0.0564496
0.0165782 0.0562381
0.0166088 0.0561151
0.0166395 0.0559046
0.0166702 0.055777
0.016701 0.0555726
0.0167318 0.0554372
0.0167627 0.0552385
0.0167937 0.055097
0.0168247 0.0549064
0.0168558 0.0547643
0.0168869 0.0545848
0.0169181 0.0544407
0.0169493 0.0542732
0.0169806 0.0541177
0.017012 0.0539585
0.0170434 0.0537926
0.0170748 0.0536409
0.0171064 0.0534616
0.017138 0.0533225
0.0171696 0.0531225
0.0172013 0.053001
0.0172331 0.0527611
0.0172649 0.0526797
0.0172968 0.052443
0.0173287 0.0523619
0.0173607 0.0521366
0.0173928 0.0520545
0.0174249 0.0518401
0.0174571 0.0517549
0.0174893 0.0515413
0.0175216 0.0514508
0.017554 0.0512397
0.0175864 0.0511468
0.0176189 0.0509362
0.0176514 0.0508409
0.017684 0.0506315
0.0177166 0.0505319
0.0177494 0.050327
0.0177821 0.0502234
0.017815 0.0500229
0.0178479 0.0499201
0.0178808 0.0497304
0.0179138 0.0496282
0.0179469 0.0494484
0.0179801 0.0493399
0.0180133 0.0491621
0.0180465 0.04905
0.0180799 0.0488752
0.0181132 0.0487562
0.0181467 0.0485855
0.0181802 0.0484602
0.0182138 0.0482938
0.0182474 0.048162
0.0182811 0.0480014
0.0183149 0.0478641
0.0183487 0.0477131
0.0183826 0.0475694
0.0184165 0.047432
0.0184505 0.0472844
0.0184846 0.0471597
0.0185187 0.046999
0.0185529 0.0468851
0.0185872 0.0467039
0.0186215 0.0466089
0.0186559 0.0464042
0.0186903 0.0463309
0.0187248 0.0461278
0.0187594 0.0460513
0.0187941 0.0458487
0.0188288 0.0457714
0.0188635 0.0455727
0.0188984 0.0454939
0.0189333 0.0453036
0.0189682 0.0452263
0.0190033 0.0450451
0.0190384 0.0449635
0.0190735 0.0447839
0.0191087 0.0446993
0.019144 0.044521
0.0191794 0.0444336
0.0192148 0.0442565
0.0192503 0.0441647
0.0192858 0.0439907
0.0193214 0.0438968
0.0193571 0.0437248
0.0193929 0.0436267
0.0194287 0.0434608
0.0194645 0.0433611
0.0195005 0.0432033
0.0195365 0.0431031
0.0195726 0.0429561
0.0196087 0.0428496
0.0196449 0.0427066
0.0196812 0.0425953
0.0197175 0.042455
0.019754 0.0423367
0.0197904 0.0422018
0.019827 0.042077
0.0198636 0.0419468
0.0199003 0.0418148
0.019937 0.0416929
0.0199738 0.0415504
0.0200107 0.0414406
0.0200477 0.0412893
0.0200847 0.0411953
0.0201218 0.0410192
0.0201589 0.0409592
0.0201962 0.0407834
0.0202335 0.040721
0.0202708 0.0405461
0.0203082 0.0404797
0.0203457 0.0403069
0.0203833 0.0402384
0.020421 0.0400666
0.0204587 0.0399962
0.0204964 0.0398251
0.0205343 0.0397513
0.0205722 0.0395839
0.0206102 0.0395105
0.0206483 0.0393492
0.0206864 0.0392753
0.0207246 0.0391249
0.0207629 0.0390481
0.0208012 0.038898
0.0208396 0.0388191
0.0208781 0.0386697
0.0209166 0.0385876
0.0209553 0.0384403
0.020994 0.038352
0.0210327 0.0382093
0.0210716 0.0381184
0.0211105 0.0379777
0.0211495 0.0378832
0.0211885 0.0377482
0.0212277 0.0376508
0.0212669 0.0375241
0.0213061 0.0374278
0.0213455 0.03731
0.0213849 0.0372076
0.0214244 0.0370936
0.0214639 0.0369843
0.0215036 0.036875
0.0215433 0.036758
0.0215831 0.0366558
0.0216229 0.0365292
0.0216628 0.036436
0.0217028 0.0362917
0.0217429 0.0362152
0.0217831 0.0360509
0.0218233 0.0359954
0.0218636 0.0358372
0.021904 0.0357819
0.0219444 0.0356321
0.0219849 0.0355756
0.0220255 0.035427
0.0220662 0.0353658
0.022107 0.0352194
0.0221478 0.0351566
0.0221887 0.0350102
0.0222297 0.0349451
0.0222707 0.0347998
0.0223118 0.0347314
0.022353 0.0345879
0.0223943 0.0345192
0.0224357 0.0343772
0.0224771 0.0343079
0.0225186 0.0341722
0.0225602 0.0341025
0.0226018 0.0339761
0.0226436 0.0339037
0.0226854 0.0337797
0.0227273 0.0337023
0.0227692 0.0335804
0.0228113 0.0334999
0.0228534 0.0333805
0.0228956 0.0332959
0.0229379 0.0331799
0.0229803 0.0330912
0.0230227 0.0329774
0.0230652 0.0328853
0.0231078 0.032777
0.0231505 0.0326824
0.0231932 0.0325817
0.023236 0.0324856
0.023279 0.032395
0.0233219 0.0322903
0.023365 0.0322062
0.0234082 0.0320911
0.0234514 0.0320153
0.0234947 0.0318772
0.0235381 0.0318243
0.0235815 0.0316826
0.0236251 0.0316315
0.0236687 0.0314902
0.0237124 0.0314377
0.0237562 0.0312993
0.0238001 0.031246
0.023844 0.0311116
0.0238881 0.0310597
0.0239322 0.0309337
0.0239764 0.0308791
0.0240206 0.0307543
0.024065 0.0306975
0.0241094 0.0305743
0.0241539 0.0305146
0.0241985 0.0303917
0.0242432 0.0303304
0.024288 0.0302088
0.0243329 0.0301452
0.0243778 0.0300258
0.0244228 0.0299597
0.0244679 0.0298424
0.0245131 0.0297747
0.0245583 0.0296629
0.0246037 0.0295965
0.0246491 0.0294932
0.0246946 0.0294235
0.0247402 0.0293225
0.0247859 0.0292485
0.0248317 0.029149
0.0248776 0.0290713
0.0249235 0.0289756
0.0249695 0.0288927
0.0250156 0.0288003
0.0250618 0.0287129
0.0251081 0.0286242
0.0251545 0.0285317
0.0252009 0.02845
0.0252475 0.028351
0.0252941 0.0282786
0.0253408 0.028175
0.0253876 0.0281158
0.0254345 0.0279943
0.0254814 0.0279512
0.0255285 0.0278305
0.0255756 0.0277857
0.0256229 0.0276644
0.0256702 0.0276184
0.0257176 0.0274985
0.0257651 0.0274508
0.0258126 0.0273316
0.0258603 0.027282
0.0259081 0.0271651
0.0259559 0.0271147
0.0260038 0.0270009
0.0260518 0.0269522
0.0261 0.0268468
0.0261482 0.0267951
0.0261964 0.0266904
0.0262448 0.0266367
0.0262933 0.0265335
0.0263418 0.0264771
0.0263905 0.0263754
0.0264392 0.0263165
0.026488 0.0262165
0.0265369 0.0261549
0.0265859 0.0260566
0.026635 0.0259924
0.0266842 0.0258972
0.0267335 0.0258319
0.0267829 0.0257411
0.0268323 0.0256767
0.0268819 0.0255931
0.0269315 0.0255254
0.0269812 0.025445
0.0270311 0.0253721
0.027081 0.0252943
0.027131 0.0252168
0.0271811 0.0251435
0.0272313 0.0250601
0.0272816 0.0249913
0.0273319 0.0248999
0.0273824 0.0248389
0.027433 0.0247322
0.0274836 0.0246873
0.0275344 0.024575
0.0275852 0.024538
0.0276362 0.0244345
0.0276872 0.0243962
0.0277383 0.0242927
0.0277896 0.024253
0.0278409 0.0241502
0.0278923 0.0241082
0.0279438 0.0240063
0.0279954 0.0239626
0.0280471 0.0238616
0.0280989 0.0238167
0.0281508 0.0237171
0.0282027 0.02367
0.0282548 0.0235713
0.028307 0.0235237
0.0283593 0.0234278
0.0284116 0.0233814
0.0284641 0.0232938
0.0285167 0.023245
0.0285693 0.0231581
0.0286221 0.0231068
0.0286749 0.0230214
0.0287279 0.022968
0.0287809 0.0228845
0.0288341 0.0228278
0.0288873 0.022746
0.0289407 0.0226864
0.0289941 0.022607
0.0290477 0.022545
0.0291013 0.0224681
0.029155 0.022404
0.0292089 0.0223314
0.0292628 0.0222675
0.0293168 0.022203
0.029371 0.0221344
0.0294252 0.0220728
0.0294796 0.0219982
0.029534 0.0219414
0.0295885 0.0218588
0.0296432 0.0218098
0.0296979 0.0217112
0.0297527 0.0216771
0.0298077 0.0215795
0.0298627 0.021544
0.0299179 0.0214476
0.0299731 0.0214114
0.0300285 0.021317
0.0300839 0.0212815
0.0301395 0.0211943
0.0301951 0.021158
0.0302509 0.0210713
0.0303068 0.021033
0.0303627 0.0209476
0.0304188 0.0209082
0.030475 0.0208229
0.0305312 0.0207812
0.0305876 0.0206969
0.0306441 0.0206539
0.0307007 0.0205703
0.0307574 0.0205259
0.0308142 0.0204444
0.0308711 0.0203983
0.0309281 0.0203193
0.0309852 0.0202738
0.0310424 0.0202012
0.0310997 0.0201549
0.0311572 0.0200835
0.0312147 0.0200343
0.0312723 0.0199644
0.0313301 0.0199129
0.0313879 0.0198444
0.0314459 0.0197897
0.031504 0.0197243
0.0315621 0.0196665
0.0316204 0.0196033
0.0316788 0.019542
0.0317373 0.0194827
0.0317959 0.0194176
0.0318546 0.0193645
0.0319135 0.0192976
0.0319724 0.0192525
0.0320314 0.0191758
0.0320906 0.0191403
0.0321498 0.0190568
0.0322092 0.0190269
0.0322687 0.0189435
0.0323283 0.0189126
0.032388 0.0188299
0.0324478 0.018798
0.0325077 0.018716
0.0325677 0.0186828
0.0326279 0.0186014
0.0326881 0.0185674
0.0327485 0.0184881
0.0328089 0.0184551
0.0328695 0.0183812
0.0329302 0.0183464
0.032991 0.0182739
0.033052 0.0182383
0.033113 0.0181655
0.0331741 0.0181284
0.0332354 0.0180569
0.0332968 0.0180179
0.0333583 0.0179477
0.0334199 0.0179069
0.0334816 0.0178373
0.0335434 0.0177949
0.0336053 0.0177279
0.0336674 0.0176839
0.0337296 0.017619
0.0337919 0.0175756
0.0338543 0.0175166
0.0339168 0.0174707
0.0339794 0.0174137
0.0340421 0.0173656
0.034105 0.0173106
0.034168 0.0172594
0.0342311 0.0172067
0.0342943 0.0171516
0.0343576 0.0171021
0.0344211 0.0170429
0.0344846 0.0169969
0.0345483 0.0169313
0.0346121 0.0168924
0.034676 0.0168142
0.0347401 0.0167892
0.0348042 0.0167164
0.0348685 0.0166905
0.0349329 0.0166193
0.0349974 0.0165924
0.035062 0.0165215
0.0351267 0.0164929
0.0351916 0.0164227
0.0352566 0.0163931
0.0353217 0.0163231
0.0353869 0.0162929
0.0354523 0.0162236
0.0355177 0.0161923
0.0355833 0.0161239
0.035649 0.0160917
0.0357149 0.0160252
0.0357808 0.0159931
0.0358469 0.0159308
0.0359131 0.0158982
0.0359794 0.0158378
0.0360458 0.0158035
0.0361124 0.015744
0.0361791 0.0157079
0.0362459 0.015649
0.0363128 0.0156112
0.0363799 0.0155537
0.0364471 0.0155139
0.0365144 0.0154577
0.0365818 0.0154164
0.0366493 0.0153623
0.036717 0.0153194
0.0367848 0.0152677
0.0368527 0.0152252
0.0369208 0.0151779
0.036989 0.0151333
0.0370573 0.0150894
0.0371257 0.015041
0.0371943 0.0149997
0.0372629 0.0149469
0.0373318 0.0149096
0.0374007 0.0148489
0.0374698 0.0148188
0.037539 0.0147512
0.0376083 0.0147273
0.0376777 0.0146603
0.0377473 0.0146362
0.037817 0.0145702
0.0378868 0.0145465
0.0379568 0.0144851
0.0380269 0.0144605
0.0380971 0.0144007
0.0381675 0.0143751
0.0382379 0.0143154
0.0383085 0.0142889
0.0383793 0.0142298
0.0384502 0.014202
0.0385212 0.0141435
0.0385923 0.0141149
0.0386636 0.0140569
0.038735 0.0140271
0.0388065 0.0139701
0.0388781 0.0139397
0.0389499 0.0138843
0.0390219 0.0138542
0.0390939 0.0138027
0.0391661 0.0137717
0.0392384 0.0137225
0.0393109 0.0136896
0.0393835 0.0136414
0.0394562 0.0136066
0.0395291 0.0135596
0.0396021 0.0135232
0.0396752 0.0134773
0.0397485 0.0134389
0.0398219 0.0133946
0.0398954 0.0133542
0.0399691 0.0133121
0.0400429 0.013269
0.0401168 0.0132304
0.0401909 0.0131864
0.0402651 0.0131525
0.0403395 0.0131048
0.040414 0.0130752
0.0404886 0.0130171
0.0405633 0.0129972
0.0406383 0.0129394
0.0407133 0.0129188
0.0407885 0.0128613
0.0408638 0.0128396
0.0409393 0.0127827
0.0410149 0.0127605
0.0410906 0.0127041
0.0411665 0.0126809
0.0412425 0.0126259
0.0413186 0.0126032
0.0413949 0.0125512
0.0414714 0.0125285
0.041548 0.0124779
0.0416247 0.0124538
0.0417016 0.0124041
0.0417786 0.0123786
0.0418557 0.0123294
0.041933 0.0123032
0.0420104 0.0122543
0.042088 0.0122271
0.0421657 0.0121791
0.0422436 0.0121505
0.0423216 0.0121033
0.0423998 0.0120742
0.042478 0.0120286
0.0425565 0.0119993
0.0426351 0.0119572
0.0427138 0.0119271
0.0427927 0.0118872
0.0428717 0.0118553
0.0429509 0.0118164
0.0430302 0.0117829
0.0431096 0.0117457
0.0431892 0.0117093
0.043269 0.0116741
0.0433489 0.0116355
0.0434289 0.0116022
0.0435091 0.0115604
0.0435895 0.0115304
0.04367 0.0114835
0.0437506 0.0114597
0.0438314 0.0114086
0.0439124 0.0113911
0.0439934 0.0113423
0.0440747 0.0113242
0.0441561 0.011275
0.0442376 0.0112561
0.0443193 0.0112077
0.0444011 0.0111877
0.0444831 0.0111396
0.0445653 0.0111192
0.0446476 0.0110712
0.04473 0.0110501
0.0448126 0.0110026
0.0448954 0.0109809
0.0449783 0.0109346
0.0450613 0.0109132
0.0451445 0.0108694
0.0452279 0.0108481
0.0453114 0.0108061
0.0453951 0.0107833
0.0454789 0.0107419
0.0455629 0.010718
0.045647 0.0106774
0.0457313 0.0106523
0.0458158 0.0106122
0.0459004 0.0105862
0.0459851 0.010547
0.0460701 0.0105197
0.0461551 0.0104817
0.0462404 0.0104531
0.0463257 0.0104169
0.0464113 0.0103881
0.046497 0.0103545
0.0465829 0.0103248
0.0466689 0.0102936
0.0467551 0.0102619
0.0468414 0.0102324
0.0469279 0.0101978
0.0470145 0.0101706
0.0471014 0.0101325
0.0471883 0.0101082
0.0472755 0.0100616
0.0473628 0.0100458
0.0474502 0.00999942
0.0475379 0.00998332
0.0476256 0.00993764
0.0477136 0.00992128
0.0478017 0.00987835
0.04789 0.00986191
0.0479784 0.00982077
0.048067 0.00980376
0.0481558 0.00976261
0.0482447 0.00974459
0.0483338 0.00970404
0.048423 0.00968557
0.0485124 0.009645
0.048602 0.00962559
0.0486918 0.00958569
0.0487817 0.00956581
0.0488718 0.00952624
0.048962 0.00950584
0.0490524 0.00946699
0.049143 0.0094468
0.0492338 0.00941016
0.0493247 0.00938943
0.0494158 0.00935493
0.049507 0.00933317
0.0495984 0.00929918
0.04969 0.00927623
0.0497818 0.0092432
0.0498737 0.00921879
0.0499658 0.0091866
0.0500581 0.00916121
0.0501505 0.00913017
0.0502431 0.00910329
0.0503359 0.00907321
0.0504288 0.00904485
0.050522 0.00901672
0.0506153 0.00898762
0.0507087 0.0089624
0.0508024 0.00893204
0.0508962 0.0089096
0.0509902 0.00887529
0.0510843 0.00885621
0.0511786 0.00881631
0.0512732 0.0088023
0.0513678 0.00876276
0.0514627 0.00874818
0.0515577 0.00870867
0.0516529 0.00869381
0.0517483 0.00865475
0.0518439 0.00863936
0.0519396 0.00860091
0.0520355 0.00858547
0.0521316 0.008549
0.0522279 0.00853359
0.0523243 0.00849898
0.0524209 0.00848267
0.0525177 0.00844847
0.0526147 0.00843174
0.0527119 0.00839753
0.0528092 0.0083802
0.0529067 0.00834646
0.0530044 0.00832816
0.0531023 0.00829493
0.0532004 0.00827611
0.0532986 0.00824365
0.053397 0.00822398
0.0534956 0.0081923
0.0535944 0.00817238
0.0536934 0.00814276
0.0537925 0.00812268
0.0538919 0.00809491
0.0539914 0.00807378
0.0540911 0.00804628
0.054191 0.00802396
0.054291 0.00799756
0.0543913 0.00797398
0.0544917 0.00794855
0.0545924 0.00792321
0.0546932 0.00789927
0.0547942 0.00787186
0.0548954 0.00784981
0.0549967 0.00781984
0.0550983 0.0078006
0.0552 0.00776628
0.055302 0.00775337
0.0554041 0.00771965
0.0555064 0.00770749
0.0556089 0.00767379
0.0557116 0.0076612
0.0558144 0.00762787
0.0559175 0.00761464
0.0560208 0.00758159
0.0561242 0.007568
0.0562279 0.00753498
0.0563317 0.00752088
0.0564357 0.00748828
0.0565399 0.00747378
0.0566443 0.00744194
0.0567489 0.00742726
0.0568537 0.00739664
0.0569587 0.00738218
0.0570639 0.00735334
0.0571693 0.00733827
0.0572748 0.00730971
0.0573806 0.00729382
0.0574866 0.00726553
0.0575927 0.00724882
0.0576991 0.00722107
0.0578056 0.00720357
0.0579124 0.00717641
0.0580193 0.00715822
0.0581264 0.0071318
0.0582338 0.0071127
0.0583413 0.00708707
0.058449 0.00706766
0.058557 0.00704388
0.0586651 0.00702417
0.0587734 0.00700215
0.058882 0.00698128
0.0589907 0.00696007
0.0590996 0.00693772
0.0592088 0.00691785
0.0593181 0.0068935
0.0594276 0.00687517
0.0595374 0.00684816
0.0596473 0.00683243
0.0597575 0.00680062
0.0598678 0.00678957
0.0599784 0.00675821
0.0600891 0.00674711
0.0602001 0.00671668
0.0603112 0.00670583
0.0604226 0.0066774
0.0605342 0.00666605
0.060646 0.00663777
0.060758 0.00662588
0.0608702 0.0065977
0.0609826 0.00658525
0.0610952 0.00655746
0.061208 0.0065446
0.061321 0.00651697
0.0614343 0.00650353
0.0615477 0.00647615
0.0616614 0.00646239
0.0617752 0.00643569
0.0618893 0.00642171
0.0620036 0.00639624
0.0621181 0.00638235
0.0622328 0.0063586
0.0623477 0.00634397
0.0624628 0.00632049
0.0625782 0.00630511
0.0626937 0.00628216
0.0628095 0.00626636
0.0629255 0.00624368
0.0630417 0.00622681
0.0631581 0.00620483
0.0632747 0.0061872
0.0633916 0.00616615
0.0635086 0.00614739
0.0636259 0.00612741
0.0637434 0.00610797
0.0638611 0.00608984
0.063979 0.00607011
0.0640972 0.00605378
0.0642155 0.00603226
0.0643341 0.00601744
0.0644529 0.00599213
0.0645719 0.00598092
0.0646912 0.00595366
0.0648106 0.005944
0.0649303 0.00591685
0.0650502 0.00590688
0.0651703 0.00587998
0.0652907 0.00586973
0.0654113 0.00584309
0.065532 0.00583263
0.0656531 0.00580703
0.0657743 0.00579675
0.0658957 0.00577296
0.0660174 0.00576228
0.0661393 0.00573867
0.0662615 0.00572739
0.0663838 0.00570396
0.0665064 0.00569223
0.0666292 0.00566897
0.0667523 0.00565701
0.0668755 0.00563395
0.066999 0.00562148
0.0671227 0.00559886
0.0672467 0.00558561
0.0673709 0.00556365
0.0674953 0.00555045
0.0676199 0.00552954
0.0677448 0.00551619
0.0678699 0.00549689
0.0679952 0.0054828
0.0681208 0.00546396
0.0682466 0.00544917
0.0683726 0.0054307
0.0684988 0.00541514
0.0686253 0.00539723
0.0687521 0.00538062
0.068879 0.0053638
0.0690062 0.00534602
0.0691336 0.00533007
0.0692613 0.00531088
0.0693892 0.00529643
0.0695173 0.00527562
0.0696457 0.00526373
0.0697743 0.00524054
0.0699031 0.00523239
0.0700322 0.00520929
0.0701616 0.00520074
0.0702911 0.00517779
0.0704209 0.00516891
0.070551 0.00514609
0.0706812 0.00513683
0.0708118 0.00511404
0.0709425 0.00510459
0.0710735 0.005082
0.0712048 0.00507231
0.0713362 0.0050501
0.071468 0.00504026
0.0716 0.00501874
0.0717322 0.00500894
0.0718646 0.00498909
0.0719973 0.00497893
0.0721303 0.00495919
0.0722635 0.00494862
0.0723969 0.0049292
0.0725306 0.00491807
0.0726645 0.00489889
0.0727987 0.00488721
0.0729332 0.00486832
0.0730678 0.00485634
0.0732028 0.00483782
0.0733379 0.00482522
0.0734734 0.00480729
0.073609 0.00479436
0.073745 0.00477731
0.0738812 0.00476448
0.0740176 0.00474907
0.0741543 0.00473543
0.0742912 0.00472046
0.0744284 0.00470591
0.0745658 0.00469184
0.0747035 0.00467603
0.0748415 0.00466284
0.0749797 0.00464566
0.0751181 0.00463376
0.0752568 0.00461392
0.0753958 0.00460459
0.075535 0.00458295
0.0756745 0.00457546
0.0758143 0.00455427
0.0759543 0.00454709
0.0760945 0.0045276
0.076235 0.00452009
0.0763758 0.00450076
0.0765168 0.00449286
0.0766581 0.00447354
0.0767997 0.00446527
0.0769415 0.00444622
0.0770836 0.00443771
0.0772259 0.00441878
0.0773685 0.00440982
0.0775114 0.00439117
0.0776545 0.00438211
0.0777979 0.00436356
0.0779416 0.00435428
0.0780855 0.0043364
0.0782297 0.00432729
0.0783742 0.00431082
0.0785189 0.00430126
0.0786639 0.00428485
0.0788092 0.00427483
0.0789547 0.00425891
0.0791005 0.00424831
0.0792466 0.0042326
0.0793929 0.00422147
0.0795395 0.00420627
0.0796864 0.00419441
0.0798335 0.00417963
0.0799809 0.00416743
0.0801286 0.00415319
0.0802766 0.00414029
0.0804248 0.0041272
0.0805734 0.00411446
0.0807221 0.00410271
0.0808712 0.00408886
0.0810205 0.00407793
0.0811702 0.00406257
0.08132 0.00405308
0.0814702 0.00403444
0.0816207 0.00402797
0.0817714 0.00400941
0.0819224 0.00400268
0.0820737 0.0039843
0.0822252 0.00397738
0.0823771 0.00395917
0.0825292 0.00395203
0.0826816 0.00393423
0.0828342 0.00392727
0.0829872 0.00391094
0.0831405 0.00390384
0.083294 0.00388754
0.0834478 0.00388007
0.0836019 0.00386394
0.0837563 0.00385613
0.0839109 0.00384018
0.0840659 0.00383198
0.0842211 0.0038161
0.0843766 0.00380771
0.0845325 0.00379215
0.0846885 0.00378344
0.0848449 0.00376822
0.0850016 0.0037592
0.0851586 0.00374447
0.0853158 0.0037357
0.0854734 0.00372227
0.0856312 0.00371301
0.0857893 0.00369984
0.0859478 0.00369017
0.0861065 0.00367735
0.0862655 0.00366717
0.0864248 0.00365463
0.0865844 0.0036439
0.0867442 0.00363184
0.0869044 0.00362031
0.0870649 0.00360899
0.0872257 0.0035966
0.0873868 0.00358609
0.0875481 0.00357278
0.0877098 0.00356361
0.0878718 0.00354946
0.088034 0.0035423
0.0881966 0.00352655
0.0883594 0.00352083
0.0885226 0.00350519
0.0886861 0.00349929
0.0888498 0.00348359
0.0890139 0.00347755
0.0891783 0.00346201
0.089343 0.00345563
0.0895079 0.00344023
0.0896732 0.0034337
0.0898388 0.00341841
0.0900047 0.00341179
0.0901709 0.00339689
0.0903374 0.00339038
0.0905043 0.00337666
0.0906714 0.00336997
0.0908388 0.0033564
0.0910066 0.00334937
0.0911746 0.00333596
0.091343 0.00332864
0.0915116 0.00331541
0.0916806 0.00330774
0.0918499 0.0032947
0.0920195 0.00328669
0.0921895 0.00327394
0.0923597 0.00326557
0.0925303 0.0032532
0.0927011 0.00324447
0.0928723 0.00323269
0.0930438 0.00322414
0.0932156 0.0032133
0.0933877 0.00320433
0.0935602 0.00319396
0.093733 0.00318441
0.0939061 0.00317442
0.0940795 0.00316418
0.0942532 0.00315482
0.0944272 0.00314378
0.0946016 0.00313505
0.0947763 0.0031228
0.0949513 0.00311517
0.0951266 0.00310035
0.0953023 0.00309534
0.0954783 0.00308074
0.0956546 0.00307588
0.0958312 0.00306234
0.0960082 0.00305723
0.0961855 0.00304396
0.0963631 0.00303867
0.0965411 0.00302548
0.0967193 0.00301986
0.0968979 0.00300679
0.0970769 0.00300104
0.0972561 0.002988
0.0974357 0.00298213
0.0976156 0.00296916
0.0977959 0.00296301
0.0979765 0.00295035
0.0981574 0.00294398
0.0983387 0.00293162
0.0985203 0.00292557
0.0987022 0.00291402
0.0988845 0.00290769
0.0990671 0.00289652
0.09925 0.00288981
0.0994333 0.0028788
0.0996169 0.00287187
0.0998008 0.00286103
0.0999851 0.0028537
0.10017 0.00284318
0.100355 0.0028354
0.10054 0.00282515
0.100726 0.00281703
0.100912 0.00280715
0.101098 0.00279872
0.101285 0.00278948
0.101472 0.00278099
0.101659 0.00277258
0.101847 0.0027636
0.102035 0.00275582
0.102223 0.00274602
0.102412 0.00273886
0.102601 0.0027278
0.102791 0.00272192
0.102981 0.00270922
0.103171 0.00270474
0.103361 0.00269221
0.103552 0.00268756
0.103743 0.00267504
0.103935 0.00267031
0.104127 0.00265812
0.104319 0.00265339
0.104512 0.00264208
0.104705 0.0026373
0.104898 0.00262619
0.105092 0.00262126
0.105286 0.00261018
0.10548 0.00260499
0.105675 0.00259404
0.10587 0.00258868
0.106066 0.00257784
0.106262 0.00257232
0.106458 0.0025616
0.106654 0.00255581
0.106851 0.00254528
0.107049 0.00253938
0.107246 0.00252921
0.107444 0.00252326
0.107643 0.00251382
0.107841 0.00250779
0.108041 0.00249867
0.10824 0.0024923
0.10844 0.0024834
0.10864 0.0024766
0.108841 0.00246797
0.109042 0.00246084
0.109243 0.00245245
0.109445 0.00244486
0.109647 0.00243691
0.10985 0.00242886
0.110052 0.00242134
0.110256 0.00241281
0.110459 0.00240602
0.110663 0.00239706
0.110868 0.00239129
0.111072 0.00238053
0.111277 0.00237678
0.111483 0.00236603
0.111689 0.00236217
0.111895 0.00235147
0.112102 0.00234738
0.112309 0.00233681
0.112516 0.00233257
0.112724 0.00232207
0.112932 0.00231773
0.11314 0.0023073
0.113349 0.00230277
0.113559 0.00229261
0.113768 0.00228824
0.113978 0.00227867
0.114189 0.00227416
0.1144 0.00226496
0.114611 0.00226031
0.114823 0.00225113
0.115035 0.0022463
0.115247 0.00223721
0.11546 0.00223217
0.115673 0.00222316
0.115887 0.00221786
0.116101 0.00220906
0.116315 0.00220355
0.11653 0.00219495
0.116745 0.00218922
0.116961 0.00218103
0.117177 0.00217524
0.117393 0.00216763
0.11761 0.00216177
0.117827 0.00215456
0.118045 0.00214832
0.118263 0.00214128
0.118481 0.00213462
0.1187 0.00212791
0.118919 0.0021208
0.119139 0.00211457
0.119359 0.00210682
0.119579 0.0021011
0.1198 0.00209246
0.120021 0.00208766
0.120243 0.00207774
0.120465 0.00207437
0.120687 0.00206503
0.12091 0.00206165
0.121133 0.00205255
0.121357 0.00204906
0.121581 0.00204003
0.121806 0.00203636
0.12203 0.00202739
0.122256 0.00202356
0.122482 0.00201467
0.122708 0.00201072
0.122934 0.00200189
0.123161 0.00199777
0.123389 0.00198908
0.123617 0.00198493
0.123845 0.00197633
0.124074 0.00197222
0.124303 0.00196422
0.124532 0.00195999
0.124762 0.00195233
0.124993 0.00194794
0.125223 0.00194041
0.125455 0.00193577
0.125686 0.00192831
0.125918 0.00192345
0.126151 0.00191619
0.126384 0.00191109
0.126617 0.00190403
0.126851 0.0018987
0.127085 0.00189176
0.12732 0.00188622
0.127555 0.00187968
0.127791 0.00187411
0.128027 0.0018681
0.128263 0.0018623
0.1285 0.00185677
0.128737 0.00185048
0.128975 0.00184533
0.129213 0.00183845
0.129452 0.00183376
0.129691 0.00182566
0.12993 0.00182225
0.13017 0.00181368
0.130411 0.00181059
0.130651 0.00180207
0.130893 0.00179891
0.131134 0.00179059
0.131376 0.00178745
0.131619 0.00177957
0.131862 0.00177639
0.132106 0.0017688
0.13235 0.0017655
0.132594 0.00175796
0.132839 0.0017545
0.133084 0.00174707
0.13333 0.00174345
0.133576 0.00173603
0.133823 0.00173233
0.13407 0.00172498
0.134317 0.00172115
0.134565 0.00171393
0.134814 0.00170996
0.135063 0.00170292
0.135312 0.00169893
0.135562 0.00169235
0.135812 0.00168838
0.136063 0.0016821
0.136315 0.00167791
0.136566 0.0016718
0.136818 0.00166736
0.137071 0.00166135
0.137324 0.00165668
0.137578 0.00165089
0.137832 0.00164599
0.138086 0.00164035
0.138341 0.00163513
0.138597 0.00162983
0.138853 0.00162429
0.139109 0.00161939
0.139366 0.00161365
0.139623 0.00160934
0.139881 0.0016032
0.14014 0.00159958
0.140398 0.0015923
0.140658 0.00158967
0.140917 0.00158247
0.141177 0.00157975
0.141438 0.00157254
0.141699 0.00156973
0.141961 0.00156258
0.142223 0.0015597
0.142486 0.00155262
0.142749 0.00154965
0.143013 0.00154268
0.143277 0.0015397
0.143541 0.0015331
0.143806 0.00153013
0.144072 0.00152382
0.144338 0.0015207
0.144604 0.00151442
0.144871 0.00151117
0.145139 0.00150499
0.145407 0.00150159
0.145675 0.00149549
0.145944 0.00149196
0.146214 0.00148595
0.146484 0.00148227
0.146754 0.00147636
0.147025 0.00147261
0.147297 0.00146684
0.147569 0.00146309
0.147841 0.0014577
0.148114 0.00145384
0.148388 0.00144879
0.148662 0.00144474
0.148937 0.00143987
0.149212 0.00143557
0.149487 0.00143083
0.149763 0.00142624
0.15004 0.00142176
0.150317 0.00141679
0.150594 0.00141267
0.150872 0.00140725
0.151151 0.00140352
0.15143 0.00139729
0.15171 0.0013945
0.15199 0.00138802
0.152271 0.00138577
0.152552 0.00137962
0.152833 0.00137729
0.153116 0.00137117
0.153398 0.00136874
0.153682 0.00136264
0.153965 0.00136009
0.15425 0.00135406
0.154535 0.00135141
0.15482 0.00134543
0.155106 0.00134271
0.155392 0.00133681
0.155679 0.00133398
0.155967 0.00132819
0.156255 0.00132536
0.156543 0.00131982
0.156832 0.00131706
0.157122 0.00131181
0.157412 0.00130892
0.157703 0.00130373
0.157994 0.00130064
0.158286 0.00129554
0.158578 0.00129238
0.158871 0.00128738
0.159164 0.001284
0.159458 0.00127912
0.159753 0.00127559
0.160048 0.00127087
0.160343 0.0012672
0.160639 0.00126263
0.160936 0.00125892
0.161233 0.00125467
0.161531 0.00125093
0.161829 0.00124704
0.162128 0.00124299
0.162427 0.0012393
0.162727 0.0012349
0.163028 0.0012315
0.163329 0.00122667
0.16363 0.00122367
0.163933 0.00121788
0.164235 0.00121579
0.164539 0.00121005
0.164842 0.0012079
0.165147 0.00120224
0.165452 0.00120008
0.165757 0.00119465
0.166063 0.00119251
0.16637 0.00118737
0.166677 0.00118516
0.166985 0.00118005
0.167293 0.00117776
0.167602 0.00117269
0.167912 0.0011703
0.168222 0.00116527
0.168532 0.00116277
0.168844 0.00115782
0.169155 0.00115524
0.169468 0.00115031
0.169781 0.00114768
0.170094 0.00114288
0.170408 0.00114022
0.170723 0.00113567
0.171038 0.00113298
0.171354 0.00112871
0.171671 0.00112596
0.171988 0.00112173
0.172305 0.00111883
0.172623 0.00111469
0.172942 0.00111165
0.173261 0.00110762
0.173581 0.00110439
0.173902 0.0011005
0.174223 0.0010971
0.174545 0.00109337
0.174867 0.00108977
0.17519 0.00108631
0.175514 0.00108254
0.175838 0.00107941
0.176162 0.00107552
0.176488 0.00107277
0.176814 0.00106828
0.17714 0.00106608
0.177467 0.00106116
0.177795 0.00105932
0.178123 0.00105441
0.178452 0.00105254
0.178782 0.00104765
0.179112 0.00104572
0.179443 0.00104088
0.179774 0.00103888
0.180106 0.00103409
0.180438 0.00103207
0.180772 0.0010275
0.181105 0.00102551
0.18144 0.00102122
0.181775 0.00101913
0.182111 0.00101489
0.182447 0.00101276
0.182784 0.00100853
0.183121 0.00100629
0.183459 0.00100211
0.183798 0.000999791
0.184138 0.000995681
0.184478 0.000993273
0.184818 0.000989206
0.18516 0.000986717
0.185502 0.000982803
0.185844 0.000980265
0.186187 0.00097653
0.186531 0.000974015
0.186876 0.000970578
0.187221 0.000967923
0.187566 0.000964531
0.187913 0.000961748
0.18826 0.000958474
0.188607 0.000955482
0.188956 0.000952372
0.189305 0.000949198
0.189654 0.000946242
0.190004 0.000942813
0.190355 0.000940102
0.190707 0.000936311
0.191059 0.000933987
0.191412 0.000929521
0.191765 0.000928019
0.192119 0.000923867
0.192474 0.000922291
0.192829 0.000918164
0.193186 0.00091653
0.193542 0.000912417
0.1939 0.000910728
0.194258 0.000906635
0.194616 0.000904855
0.194976 0.000900793
0.195336 0.000898997
0.195697 0.000894973
0.196058 0.000893104
0.19642 0.000889151
0.196783 0.000887267
0.197146 0.000883445
0.19751 0.000881572
0.197875 0.000878008
0.19824 0.00087608
0.198606 0.000872572
0.198973 0.000870554
0.199341 0.000867093
0.199709 0.000864967
0.200077 0.00086154
0.200447 0.000859332
0.200817 0.000855982
0.201188 0.00085368
0.201559 0.000850381
0.201932 0.00084797
0.202304 0.00084481
0.202678 0.000842347
0.203052 0.000839344
0.203427 0.000836913
0.203803 0.000834184
0.204179 0.000831547
0.204556 0.000828948
0.204934 0.000826126
0.205312 0.000823683
0.205692 0.00082062
0.206071 0.000818389
0.206452 0.000814924
0.206833 0.000813074
0.207215 0.000809187
0.207598 0.000807729
0.207981 0.000803904
0.208365 0.000802442
0.20875 0.000798672
0.209135 0.000797264
0.209522 0.000793788
0.209908 0.000792297
0.210296 0.000788843
0.210684 0.000787312
0.211073 0.000783846
0.211463 0.00078226
0.211854 0.000778842
0.212245 0.000777188
0.212637 0.000773801
0.21303 0.000772101
0.213423 0.000768739
0.213817 0.00076698
0.214212 0.000763689
0.214607 0.000761901
0.215004 0.000758727
0.215401 0.000756972
0.215799 0.000754045
0.216197 0.000752208
0.216596 0.000749328
0.216996 0.000747401
0.217397 0.000744583
0.217798 0.000742547
0.218201 0.000739802
0.218603 0.000737682
0.219007 0.00073499
0.219412 0.000732759
0.219817 0.000730176
0.220223 0.000727835
0.220629 0.000725365
0.221037 0.000722928
0.221445 0.000720667
0.221854 0.000718204
0.222263 0.000716215
0.222674 0.000713485
0.223085 0.000711713
0.223497 0.0007084
0.22391 0.00070719
0.224323 0.000703879
0.224737 0.000702632
0.225152 0.000699341
0.225568 0.00069803
0.225985 0.000694774
0.226402 0.000693437
0.22682 0.000690219
0.227239 0.000688847
0.227659 0.000685692
0.228079 0.000684355
0.2285 0.000681452
0.228922 0.000680085
0.229345 0.000677187
0.229768 0.000675749
0.230193 0.000672897
0.230618 0.000671386
0.231044 0.000668556
0.23147 0.00066703
0.231898 0.000664207
0.232326 0.000662633
0.232755 0.000659856
0.233185 0.000658187
0.233615 0.000655503
0.234047 0.000653808
0.234479 0.000651207
0.234912 0.000649552
0.235346 0.000647191
0.23578 0.000645431
0.236216 0.000643117
0.236652 0.00064127
0.237089 0.000639017
0.237527 0.000637079
0.237965 0.000634917
0.238405 0.00063284
0.238845 0.000630766
0.239286 0.000628551
0.239728 0.000626619
0.240171 0.000624225
0.240614 0.000622473
0.241058 0.000619816
0.241504 0.0006184
0.24195 0.000615587
0.242396 0.000614525
0.242844 0.000611741
0.243292 0.000610637
0.243742 0.000607837
0.244192 0.000606713
0.244643 0.000603943
0.245094 0.000602736
0.245547 0.000600005
0.246 0.00059878
0.246455 0.000596055
0.24691 0.000594797
0.247366 0.000592092
0.247822 0.000590813
0.24828 0.000588175
0.248739 0.000586949
0.249198 0.000584504
0.249658 0.000583228
0.250119 0.000580828
0.250581 0.00057948
0.251044 0.000577106
0.251507 0.000575716
0.251972 0.000573383
0.252437 0.000571908
0.252903 0.000569607
0.25337 0.000568092
0.253838 0.000565843
0.254307 0.000564262
0.254776 0.000562082
0.255247 0.000560446
0.255718 0.000558358
0.25619 0.000556748
0.256663 0.000554848
0.257137 0.000553167
0.257612 0.000551337
0.258088 0.000549517
0.258565 0.000547787
0.259042 0.000545841
0.25952 0.000544224
0.26 0.000542085
0.26048 0.000540623
0.260961 0.000537999
0.261443 0.000537026
0.261925 0.000534411
0.262409 0.000533437
0.262894 0.00053086
0.263379 0.000529897
0.263865 0.000527536
0.264353 0.00052654
0.264841 0.000524211
0.26533 0.000523183
0.26582 0.000520856
0.266311 0.00051979
0.266803 0.000517481
0.267295 0.000516379
0.267789 0.000514088
0.268283 0.000512951
0.268779 0.000510682
0.269275 0.000509514
0.269772 0.000507277
0.27027 0.00050609
0.27077 0.000503915
0.27127 0.000502755
0.27177 0.000500735
0.272272 0.000499526
0.272775 0.000497564
0.273279 0.000496303
0.273783 0.000494367
0.274289 0.000493057
0.274796 0.000491167
0.275303 0.000489761
0.275811 0.000487922
0.276321 0.000486478
0.276831 0.000484693
0.277342 0.000483164
0.277854 0.000481446
0.278367 0.000479834
0.278881 0.000478233
0.279396 0.000476639
0.279912 0.000475197
0.280429 0.000473472
0.280947 0.000472154
0.281466 0.000470244
0.281986 0.000469096
0.282506 0.000466873
0.283028 0.000466013
0.283551 0.000463799
0.284074 0.000462925
0.284599 0.000460708
0.285124 0.000459818
0.285651 0.000457636
0.286178 0.00045672
0.286707 0.000454585
0.287236 0.000453683
0.287767 0.000451697
0.288298 0.000450778
0.28883 0.000448835
0.289364 0.000447875
0.289898 0.000445945
0.290433 0.000444961
0.29097 0.000443032
0.291507 0.00044201
0.292045 0.000440108
0.292585 0.000439036
0.293125 0.000437162
0.293666 0.000436063
0.294208 0.000434226
0.294752 0.000433087
0.295296 0.000431298
0.295841 0.000430174
0.296388 0.000428533
0.296935 0.000427378
0.297483 0.000425791
0.298033 0.00042458
0.298583 0.000423008
0.299134 0.000421734
0.299687 0.000420233
0.30024 0.000418885
0.300795 0.00041743
0.30135 0.000416002
0.301906 0.000414633
0.302464 0.000413108
0.303022 0.00041183
0.303582 0.000410184
0.304143 0.000409069
0.304704 0.000407254
0.305267 0.00040644
0.305831 0.000404557
0.306395 0.00040382
0.306961 0.000401944
0.307528 0.000401184
0.308096 0.000399311
0.308665 0.000398524
0.309235 0.000396674
0.309806 0.000395857
0.310378 0.000394015
0.310951 0.000393177
0.311525 0.000391355
0.312101 0.000390496
0.312677 0.000388723
0.313254 0.000387872
0.313833 0.000386194
0.314412 0.000385333
0.314993 0.000383705
0.315574 0.00038281
0.316157 0.0003812
0.316741 0.000380267
0.317326 0.000378674
0.317912 0.000377695
0.318499 0.000376131
0.319087 0.000375128
0.319676 0.000373596
0.320267 0.000372541
0.320858 0.000371045
0.321451 0.000369954
0.322044 0.000368519
0.322639 0.000367443
0.323235 0.000366109
0.323832 0.000365002
0.32443 0.000363728
0.325029 0.000362546
0.325629 0.000361342
0.32623 0.000360074
0.326833 0.000358926
0.327436 0.000357561
0.328041 0.000356499
0.328646 0.000354996
0.329253 0.000354077
0.329861 0.000352317
0.33047 0.000351648
0.331081 0.000349917
0.331692 0.000349257
0.332305 0.000347632
0.332918 0.000346959
0.333533 0.000345385
0.334149 0.000344696
0.334766 0.000343131
0.335384 0.000342415
0.336003 0.000340857
0.336624 0.000340115
0.337246 0.000338577
0.337868 0.000337819
0.338492 0.000336287
0.339117 0.000335498
0.339743 0.000333985
0.340371 0.000333177
0.340999 0.000331703
0.341629 0.000330911
0.34226 0.000329522
0.342892 0.000328704
0.343525 0.000327377
0.344159 0.000326524
0.344795 0.000325206
0.345432 0.000324336
0.34607 0.000323031
0.346709 0.000322125
0.347349 0.000320852
0.34799 0.0003199
0.348633 0.00031865
0.349277 0.000317654
0.349922 0.000316464
0.350568 0.000315426
0.351215 0.000314291
0.351864 0.000313246
0.352513 0.000312216
0.353164 0.000311123
0.353817 0.00031018
0.35447 0.000308979
0.355125 0.000308121
0.35578 0.000306736
0.356437 0.000306054
0.357095 0.000304562
0.357755 0.000303972
0.358416 0.000302483
0.359077 0.000301882
0.35974 0.000300405
0.360405 0.000299793
0.36107 0.000298337
0.361737 0.000297727
0.362405 0.000296354
0.363074 0.000295731
0.363745 0.000294418
0.364416 0.000293776
0.365089 0.000292473
0.365763 0.0002918
0.366439 0.000290506
0.367116 0.000289818
0.367793 0.000288522
0.368473 0.000287817
0.369153 0.000286541
0.369835 0.000285809
0.370518 0.000284556
0.371202 0.000283799
0.371887 0.000282576
0.372574 0.000281828
0.373262 0.000280687
0.373951 0.000279914
0.374642 0.000278829
0.375334 0.00027802
0.376027 0.000276962
0.376721 0.000276118
0.377417 0.000275077
0.378114 0.000274198
0.378812 0.000273195
0.379511 0.000272264
0.380212 0.000271304
0.380914 0.000270317
0.381618 0.000269412
0.382322 0.000268357
0.383028 0.00026754
0.383736 0.000266437
0.384444 0.000265737
0.385154 0.000264476
0.385866 0.000263978
0.386578 0.000262714
0.387292 0.000262198
0.388007 0.000260939
0.388724 0.000260402
0.389441 0.000259157
0.390161 0.000258599
0.390881 0.000257364
0.391603 0.000256791
0.392326 0.000255562
0.39305 0.000254989
0.393776 0.00025378
0.394503 0.000253209
0.395232 0.000252065
0.395962 0.000251488
0.396693 0.000250397
0.397425 0.000249794
0.398159 0.000248708
0.398895 0.00024809
0.399631 0.000247022
0.400369 0.000246379
0.401108 0.000245329
0.401849 0.00024466
0.402591 0.000243617
0.403335 0.000242928
0.404079 0.000241908
0.404826 0.000241195
0.405573 0.000240209
0.406322 0.000239493
0.407072 0.000238568
0.407824 0.000237844
0.408577 0.000236966
0.409332 0.0002362
0.410088 0.000235355
0.410845 0.000234537
0.411604 0.000233738
0.412364 0.000232859
0.413125 0.000232106
0.413888 0.000231158
0.414652 0.00023047
0.415418 0.000229398
0.416185 0.000228834
0.416954 0.000227665
0.417723 0.00022721
0.418495 0.000226094
0.419268 0.000225647
0.420042 0.00022458
0.420818 0.000224118
0.421595 0.000223065
0.422373 0.000222578
0.423153 0.000221529
0.423934 0.00022103
0.424717 0.000219984
0.425502 0.000219472
0.426287 0.000218439
0.427075 0.000217912
0.427863 0.000216893
0.428653 0.000216355
0.429445 0.00021535
0.430238 0.000214811
0.431032 0.000213857
0.431828 0.000213322
0.432626 0.000212421
0.433425 0.000211866
0.434225 0.000210969
0.435027 0.000210396
0.43583 0.000209517
0.436635 0.000208912
0.437441 0.000208052
0.438249 0.000207418
0.439058 0.000206578
0.439869 0.000205922
0.440681 0.000205097
0.441495 0.000204419
0.44231 0.000203633
0.443127 0.000202932
0.443945 0.00020221
0.444765 0.000201498
0.445586 0.000200829
0.446409 0.000200062
0.447234 0.000199441
0.448059 0.000198595
0.448887 0.00019804
0.449716 0.000197034
0.450546 0.000196634
0.451378 0.000195633
0.452212 0.000195222
0.453047 0.000194228
0.453883 0.000193808
0.454722 0.000192828
0.455561 0.000192408
0.456402 0.000191471
0.457245 0.000191046
0.45809 0.000190164
0.458935 0.000189731
0.459783 0.000188849
0.460632 0.000188401
0.461483 0.000187529
0.462335 0.000187065
0.463189 0.0001862
0.464044 0.000185718
0.464901 0.000184859
0.465759 0.000184368
0.466619 0.000183524
0.467481 0.000183021
0.468344 0.000182199
0.469209 0.00018169
0.470076 0.000180901
0.470944 0.000180395
0.471813 0.000179658
0.472684 0.00017913
0.473557 0.000178404
0.474432 0.000177853
0.475308 0.000177139
0.476186 0.000176565
0.477065 0.000175871
0.477946 0.000175273
0.478828 0.000174608
0.479713 0.000173965
0.480598 0.000173334
0.481486 0.000172656
0.482375 0.000172071
0.483266 0.000171362
0.484158 0.000170842
0.485052 0.000170088
0.485948 0.000169656
0.486845 0.000168813
0.487744 0.000168457
0.488645 0.000167622
0.489547 0.000167257
0.490451 0.000166416
0.491357 0.000166045
0.492264 0.000165213
0.493173 0.000164825
0.494084 0.000164001
0.494996 0.000163609
0.495911 0.000162791
0.496826 0.000162397
0.497744 0.000161612
0.498663 0.000161222
0.499584 0.000160485
0.500506 0.000160083
0.50143 0.000159347
0.502356 0.000158931
0.503284 0.000158206
0.504213 0.000157775
0.505144 0.00015706
0.506077 0.000156615
0.507012 0.000155911
0.507948 0.000155451
0.508886 0.000154758
0.509826 0.000154283
0.510767 0.000153614
0.51171 0.00015313
0.512655 0.000152498
0.513602 0.000152023
0.51455 0.000151429
0.515501 0.000150928
0.516453 0.000150353
0.517406 0.000149827
0.518362 0.00014927
0.519319 0.000148715
0.520278 0.000148186
0.521239 0.000147587
0.522201 0.000147096
0.523165 0.000146446
0.524131 0.000146001
0.525099 0.000145222
0.526069 0.000144916
0.52704 0.000144158
0.528014 0.000143856
0.528989 0.000143143
0.529966 0.000142827
0.530944 0.00014212
0.531925 0.000141796
0.532907 0.000141093
0.533891 0.00014076
0.534877 0.000140056
0.535865 0.00013971
0.536854 0.000139019
0.537845 0.000138667
0.538839 0.000137976
0.539834 0.000137613
0.54083 0.000136938
0.541829 0.000136572
0.54283 0.000135918
0.543832 0.000135561
0.544836 0.000134949
0.545842 0.00013458
0.54685 0.000133976
0.54786 0.000133586
0.548872 0.000132995
0.549885 0.000132594
0.550901 0.00013201
0.551918 0.000131593
0.552937 0.000131023
0.553958 0.000130585
0.554981 0.00013003
0.556006 0.000129583
0.557033 0.000129044
0.558061 0.000128589
0.559092 0.000128084
0.560124 0.000127623
0.561159 0.00012716
0.562195 0.000126671
0.563233 0.000126233
0.564273 0.000125706
0.565315 0.0001253
0.566359 0.000124713
0.567405 0.000124364
0.568453 0.000123699
0.569502 0.000123421
0.570554 0.000122764
0.571608 0.000122479
0.572663 0.000121822
0.573721 0.000121542
0.57478 0.000120907
0.575842 0.000120621
0.576905 0.000120035
0.57797 0.000119745
0.579037 0.000119158
0.580107 0.000118861
0.581178 0.000118279
0.582251 0.000117969
0.583326 0.00011739
0.584404 0.000117079
0.585483 0.000116502
0.586564 0.000116182
0.587647 0.000115615
0.588732 0.000115281
0.589819 0.000114727
0.590908 0.000114391
0.592 0.000113858
0.593093 0.000113522
0.594188 0.000113024
0.595285 0.000112678
0.596385 0.000112191
0.597486 0.000111829
0.598589 0.00011135
0.599694 0.000110974
0.600802 0.000110503
0.601911 0.000110111
0.603023 0.000109655
0.604136 0.000109246
0.605252 0.000108806
0.60637 0.000108369
0.607489 0.000107957
0.608611 0.000107501
0.609735 0.000107126
0.610861 0.000106662
0.611989 0.000106329
0.613119 0.00010578
0.614251 0.000105532
0.615386 0.000104972
0.616522 0.000104729
0.61766 0.000104169
0.618801 0.000103919
0.619944 0.000103366
0.621088 0.000103109
0.622235 0.000102561
0.623384 0.000102299
0.624535 0.000101754
0.625689 0.00010149
0.626844 0.000100961
0.628002 0.000100704
0.629161 0.000100217
0.630323 9.99477e-05
0.631487 9.94612e-05
0.632653 9.91871e-05
0.633821 9.87037e-05
0.634992 9.84218e-05
0.636164 9.79449e-05
0.637339 9.76532e-05
0.638516 9.7182e-05
0.639695 9.68792e-05
0.640876 9.64176e-05
0.64206 9.61079e-05
0.643246 9.56573e-05
0.644433 9.53409e-05
0.645623 9.49082e-05
0.646816 9.45943e-05
0.64801 9.4192e-05
0.649207 9.38673e-05
0.650405 9.34764e-05
0.651606 9.31343e-05
0.65281 9.27539e-05
0.654015 9.23941e-05
0.655223 9.20262e-05
0.656433 9.16467e-05
0.657645 9.12994e-05
0.658859 9.08881e-05
0.660076 9.05667e-05
0.661295 9.01188e-05
0.662516 8.9839e-05
0.66374 8.9329e-05
0.664965 8.91225e-05
0.666193 8.86558e-05
0.667423 8.84446e-05
0.668656 8.79734e-05
0.669891 8.77586e-05
0.671128 8.72932e-05
0.672367 8.70698e-05
0.673608 8.66077e-05
0.674852 8.63779e-05
0.676099 8.59197e-05
0.677347 8.56857e-05
0.678598 8.5232e-05
0.679851 8.49949e-05
0.681106 8.45447e-05
0.682364 8.43032e-05
0.683624 8.38631e-05
0.684887 8.36265e-05
0.686151 8.32221e-05
0.687418 8.29761e-05
0.688688 8.25795e-05
0.689959 8.23254e-05
0.691233 8.19327e-05
0.69251 8.1669e-05
0.693789 8.12801e-05
0.69507 8.10077e-05
0.696353 8.06284e-05
0.697639 8.03465e-05
0.698928 7.99749e-05
0.700218 7.96839e-05
0.701511 7.93196e-05
0.702807 7.90227e-05
0.704104 7.86786e-05
0.705405 7.83842e-05
0.706707 7.80685e-05
0.708012 7.77586e-05
0.70932 7.74588e-05
0.710629 7.71284e-05
0.711942 7.68441e-05
0.713256 7.64872e-05
0.714574 7.62268e-05
0.715893 7.5817e-05
0.717215 7.56095e-05
0.718539 7.51762e-05
0.719866 7.49879e-05
0.721196 7.4558e-05
0.722527 7.43692e-05
0.723862 7.39437e-05
0.725198 7.3757e-05
0.726537 7.3366e-05
0.727879 7.31735e-05
0.729223 7.2784e-05
0.73057 7.25864e-05
0.731919 7.22002e-05
0.73327 7.19968e-05
0.734624 7.16161e-05
0.735981 7.14055e-05
0.73734 7.10249e-05
0.738702 7.08109e-05
0.740066 7.04349e-05
0.741432 7.02162e-05
0.742801 6.98476e-05
0.744173 6.96249e-05
0.745547 6.92664e-05
0.746924 6.90483e-05
0.748303 6.87182e-05
0.749685 6.8495e-05
0.75107 6.81731e-05
0.752456 6.79388e-05
0.753846 6.76225e-05
0.755238 6.73792e-05
0.756633 6.7069e-05
0.75803 6.68176e-05
0.75943 6.65139e-05
0.760832 6.62534e-05
0.762237 6.59582e-05
0.763644 6.56835e-05
0.765055 6.54057e-05
0.766467 6.51182e-05
0.767883 6.48576e-05
0.769301 6.45656e-05
0.770721 6.43331e-05
0.772145 6.40204e-05
0.77357 6.38129e-05
0.774999 6.34476e-05
0.77643 6.32876e-05
0.777864 6.29252e-05
0.7793 6.27605e-05
0.780739 6.23997e-05
0.782181 6.22311e-05
0.783625 6.1874e-05
0.785072 6.17006e-05
0.786522 6.13461e-05
0.787974 6.11731e-05
0.78943 6.08241e-05
0.790887 6.06531e-05
0.792348 6.03303e-05
0.793811 6.01577e-05
0.795277 5.98395e-05
0.796745 5.9659e-05
0.798217 5.9343e-05
0.799691 5.91578e-05
0.801167 5.88436e-05
0.802647 5.86534e-05
0.804129 5.83451e-05
0.805614 5.81482e-05
0.807101 5.78446e-05
0.808592 5.76406e-05
0.810085 5.7342e-05
0.811581 5.71387e-05
0.81308 5.68474e-05
0.814581 5.66471e-05
0.816085 5.63787e-05
0.817592 5.61722e-05
0.819102 5.59106e-05
0.820615 5.5695e-05
0.82213 5.54432e-05
0.823648 5.5218e-05
0.825169 5.49719e-05
0.826693 5.47347e-05
0.828219 5.45004e-05
0.829749 5.42481e-05
0.831281 5.40286e-05
0.832816 5.37561e-05
0.834354 5.35556e-05
0.835895 5.32506e-05
0.837438 5.30909e-05
0.838985 5.27826e-05
0.840534 5.26445e-05
0.842086 5.23413e-05
0.843641 5.22009e-05
0.845199 5.18987e-05
0.84676 5.17549e-05
0.848323 5.14557e-05
0.84989 5.13066e-05
0.851459 5.10078e-05
0.853031 5.08561e-05
0.854607 5.05616e-05
0.856185 5.04083e-05
0.857766 5.01173e-05
0.85935 4.99587e-05
0.860937 4.96752e-05
0.862526 4.95224e-05
0.864119 4.92532e-05
0.865715 4.90981e-05
0.867313 4.88379e-05
0.868915 4.86771e-05
0.87052 4.84206e-05
0.872127 4.82537e-05
0.873738 4.7999e-05
0.875351 4.78278e-05
0.876967 4.75792e-05
0.878587 4.7401e-05
0.880209 4.71562e-05
0.881835 4.69726e-05
0.883463 4.67355e-05
0.885094 4.65444e-05
0.886729 4.63159e-05
0.888366 4.61282e-05
0.890007 4.59175e-05
0.89165 4.57225e-05
0.893297 4.55216e-05
0.894946 4.53154e-05
0.896599 4.51246e-05
0.898255 4.49037e-05
0.899913 4.47248e-05
0.901575 4.44864e-05
0.90324 4.43259e-05
0.904908 4.40473e-05
0.906579 4.39256e-05
0.908253 4.36495e-05
0.90993 4.35261e-05
0.911611 4.32539e-05
0.913294 4.31336e-05
0.91498 4.28789e-05
0.91667 4.2755e-05
0.918363 4.25086e-05
0.920059 4.23818e-05
0.921758 4.21355e-05
0.92346 4.20075e-05
0.925165 4.17626e-05
0.926873 4.16311e-05
0.928585 4.13885e-05
0.9303 4.12526e-05
0.932018 4.10129e-05
0.933739 4.08725e-05
0.935463 4.06348e-05
0.93719 4.04935e-05
0.938921 4.02623e-05
0.940655 4.01216e-05
0.942392 3.99061e-05
0.944132 3.97624e-05
0.945875 3.95529e-05
0.947622 3.9405e-05
0.949372 3.91987e-05
0.951125 3.90454e-05
0.952881 3.88426e-05
0.954641 3.86845e-05
0.956404 3.8487e-05
0.95817 3.83228e-05
0.959939 3.81302e-05
0.961712 3.7961e-05
0.963488 3.77751e-05
0.965267 3.7598e-05
0.967049 3.74255e-05
0.968835 3.72463e-05
0.970624 3.70893e-05
0.972417 3.69014e-05
0.974212 3.67592e-05
0.976011 3.65501e-05
0.977814 3.64277e-05
0.979619 3.61985e-05
0.981428 3.60932e-05
0.983241 3.58651e-05
0.985056 3.57594e-05
0.986875 3.55315e-05
0.988698 3.54241e-05
0.990523 3.51999e-05
0.992352 3.50893e-05
0.994185 3.48683e-05
0.996021 3.47591e-05
0.99786 3.45497e-05
0.999703 3.44412e-05
1.00155 3.42386e-05
1.0034 3.4126e-05
1.00525 3.39261e-05
1.00711 3.38113e-05
1.00897 3.36117e-05
1.01083 3.34927e-05
1.0127 3.32961e-05
1.01457 3.31745e-05
1.01644 3.29805e-05
1.01832 3.28564e-05
1.0202 3.26657e-05
1.02208 3.25385e-05
1.02397 3.23539e-05
1.02586 3.22268e-05
1.02775 3.20541e-05
1.02965 3.19247e-05
1.03155 3.17599e-05
1.03346 3.16264e-05
1.03537 3.14634e-05
1.03728 3.13253e-05
1.03919 3.11675e-05
1.04111 3.10223e-05
1.04304 3.08703e-05
1.04496 3.07167e-05
1.04689 3.05728e-05
1.04882 3.041e-05
1.05076 3.02768e-05
1.0527 3.0102e-05
1.05465 2.99835e-05
1.05659 2.97871e-05
1.05854 2.9702e-05
1.0605 2.95133e-05
1.06246 2.9426e-05
1.06442 2.92376e-05
1.06638 2.9148e-05
1.06835 2.89613e-05
1.07033 2.88697e-05
1.0723 2.86844e-05
1.07428 2.85892e-05
1.07627 2.84061e-05
1.07825 2.83104e-05
1.08025 2.81284e-05
1.08224 2.80323e-05
1.08424 2.78528e-05
1.08624 2.77561e-05
1.08825 2.75876e-05
1.09026 2.74897e-05
1.09227 2.73274e-05
1.09429 2.7228e-05
1.09631 2.70671e-05
1.09833 2.69648e-05
1.10036 2.68062e-05
1.10239 2.67e-05
1.10443 2.65432e-05
1.10647 2.64351e-05
1.10851 2.6281e-05
1.11056 2.61688e-05
1.11261 2.60185e-05
1.11466 2.59031e-05
1.11672 2.57583e-05
1.11878 2.56429e-05
1.12085 2.55074e-05
1.12292 2.53915e-05
1.12499 2.52643e-05
1.12707 2.51402e-05
1.12915 2.50185e-05
1.13124 2.48875e-05
1.13333 2.4772e-05
1.13542 2.46332e-05
1.13751 2.45247e-05
1.13962 2.43718e-05
1.14172 2.42776e-05
1.14383 2.41075e-05
1.14594 2.40308e-05
1.14806 2.38634e-05
1.15018 2.37879e-05
1.1523 2.36268e-05
1.15443 2.35519e-05
1.15656 2.33999e-05
1.1587 2.33218e-05
1.16083 2.31702e-05
1.16298 2.30912e-05
1.16513 2.294e-05
1.16728 2.2859e-05
1.16943 2.27094e-05
1.17159 2.26267e-05
1.17376 2.24783e-05
1.17592 2.23942e-05
1.1781 2.22473e-05
1.18027 2.21618e-05
1.18245 2.2018e-05
1.18463 2.1933e-05
1.18682 2.17969e-05
1.18901 2.17115e-05
1.19121 2.15829e-05
1.19341 2.14941e-05
1.19561 2.13669e-05
1.19782 2.12751e-05
1.20003 2.11506e-05
1.20225 2.10558e-05
1.20447 2.09334e-05
1.20669 2.08353e-05
1.20892 2.07159e-05
1.21115 2.06146e-05
1.21339 2.04993e-05
1.21563 2.03937e-05
1.21787 2.02841e-05
1.22012 2.01776e-05
1.22238 2.00774e-05
1.22463 1.99678e-05
1.2269 1.98763e-05
1.22916 1.97583e-05
1.23143 1.96738e-05
1.2337 1.95339e-05
1.23598 1.94715e-05
1.23826 1.93322e-05
1.24055 1.92686e-05
1.24284 1.91301e-05
1.24514 1.90646e-05
1.24744 1.89281e-05
1.24974 1.8862e-05
1.25205 1.87274e-05
1.25436 1.8662e-05
1.25668 1.85329e-05
1.259 1.84673e-05
1.26132 1.83457e-05
1.26365 1.82793e-05
1.26598 1.81578e-05
1.26832 1.80885e-05
1.27066 1.79689e-05
1.27301 1.78981e-05
1.27536 1.77788e-05
1.27772 1.77072e-05
1.28008 1.7589e-05
1.28244 1.75158e-05
1.28481 1.73997e-05
1.28718 1.73236e-05
1.28956 1.72117e-05
1.29194 1.71364e-05
1.29432 1.70295e-05
1.29671 1.69545e-05
1.29911 1.68543e-05
1.30151 1.67758e-05
1.30391 1.66778e-05
1.30632 1.65968e-05
1.30873 1.65015e-05
1.31115 1.64169e-05
1.31357 1.6324e-05
1.31599 1.62354e-05
1.31842 1.61461e-05
1.32086 1.6053e-05
1.3233 1.59691e-05
1.32574 1.58707e-05
1.32819 1.57938e-05
1.33064 1.56891e-05
1.3331 1.56236e-05
1.33556 1.55109e-05
1.33803 1.54587e-05
1.3405 1.5347e-05
1.34297 1.52936e-05
1.34545 1.51815e-05
1.34794 1.51278e-05
1.35043 1.50166e-05
1.35292 1.49606e-05
1.35542 1.4851e-05
1.35792 1.47943e-05
1.36043 1.46854e-05
1.36294 1.46281e-05
1.36546 1.4521e-05
1.36798 1.44634e-05
1.37051 1.43612e-05
1.37304 1.43053e-05
1.37557 1.42082e-05
1.37811 1.41509e-05
1.38066 1.40551e-05
1.38321 1.39955e-05
1.38576 1.3901e-05
1.38832 1.38401e-05
1.39088 1.37474e-05
1.39345 1.36839e-05
1.39603 1.35927e-05
1.3986 1.35277e-05
1.40119 1.34386e-05
1.40377 1.33719e-05
1.40637 1.32856e-05
1.40896 1.32185e-05
1.41157 1.31364e-05
1.41417 1.30701e-05
1.41678 1.2994e-05
1.4194 1.29249e-05
1.42202 1.28509e-05
1.42465 1.27778e-05
1.42728 1.27074e-05
1.42991 1.26292e-05
1.43255 1.25631e-05
1.4352 1.24793e-05
1.43785 1.24185e-05
1.4405 1.2322e-05
1.44316 1.2275e-05
1.44583 1.21765e-05
1.4485 1.21325e-05
1.45117 1.20372e-05
1.45385 1.1994e-05
1.45654 1.19055e-05
1.45923 1.18612e-05
1.46192 1.17732e-05
1.46462 1.17281e-05
1.46733 1.16398e-05
1.47004 1.15937e-05
1.47275 1.15064e-05
1.47547 1.14594e-05
1.47819 1.13734e-05
1.48092 1.13247e-05
1.48366 1.12396e-05
1.4864 1.11906e-05
1.48914 1.11068e-05
1.49189 1.1058e-05
1.49465 1.09779e-05
1.49741 1.09296e-05
1.50017 1.08545e-05
1.50294 1.08047e-05
1.50572 1.07308e-05
1.5085 1.06795e-05
1.51129 1.06068e-05
1.51408 1.0554e-05
1.51687 1.04828e-05
1.51967 1.04278e-05
1.52248 1.03579e-05
1.52529 1.03012e-05
1.52811 1.02338e-05
1.53093 1.01748e-05
1.53376 1.01103e-05
1.53659 1.00504e-05
1.53943 9.99004e-06
1.54227 9.93067e-06
1.54512 9.87596e-06
1.54797 9.81228e-06
1.55083 9.76073e-06
1.55369 9.69111e-06
1.55656 9.64557e-06
1.55944 9.56606e-06
1.56231 9.52988e-06
1.5652 9.45123e-06
1.56809 9.41452e-06
1.57099 9.33571e-06
1.57389 9.29905e-06
1.57679 9.22166e-06
1.5797 9.18483e-06
1.58262 9.10989e-06
1.58554 9.07393e-06
1.58847 9.00453e-06
1.59141 8.96736e-06
1.59434 8.89863e-06
1.59729 8.86093e-06
1.60024 8.79262e-06
1.60319 8.75353e-06
1.60615 8.68575e-06
1.60912 8.64577e-06
1.61209 8.57906e-06
1.61507 8.53798e-06
1.61805 8.47253e-06
1.62104 8.43069e-06
1.62403 8.36679e-06
1.62703 8.32467e-06
1.63003 8.26337e-06
1.63304 8.22215e-06
1.63606 8.16557e-06
1.63908 8.12359e-06
1.64211 8.06753e-06
1.64514 8.0236e-06
1.64818 7.96894e-06
1.65122 7.92341e-06
1.65427 7.87078e-06
1.65733 7.82283e-06
1.66039 7.77176e-06
1.66345 7.7217e-06
1.66652 7.67346e-06
1.6696 7.62071e-06
1.67268 7.57559e-06
1.67577 7.51998e-06
1.67887 7.48028e-06
1.68197 7.42171e-06
1.68507 7.39016e-06
1.68819 7.328e-06
1.6913 7.29939e-06
1.69443 7.23732e-06
1.69756 7.20835e-06
1.70069 7.14661e-06
1.70383 7.11702e-06
1.70698 7.05564e-06
1.71013 7.02523e-06
1.71329 6.96452e-06
1.71645 6.93372e-06
1.71962 6.87391e-06
1.7228 6.84331e-06
1.72598 6.78553e-06
1.72916 6.7552e-06
1.73236 6.7021e-06
1.73556 6.67103e-06
1.73876 6.6182e-06
1.74197 6.5865e-06
1.74519 6.53437e-06
1.74841 6.50167e-06
1.75164 6.45028e-06
1.75487 6.4165e-06
1.75812 6.36583e-06
1.76136 6.33146e-06
1.76461 6.28211e-06
1.76787 6.2466e-06
1.77114 6.19863e-06
1.77441 6.16265e-06
1.77768 6.11706e-06
1.78097 6.08207e-06
1.78426 6.04013e-06
1.78755 6.00387e-06
1.79085 5.96295e-06
1.79416 5.92478e-06
1.79747 5.88589e-06
1.80079 5.8456e-06
1.80412 5.80835e-06
1.80745 5.76535e-06
1.81079 5.73065e-06
1.81413 5.68408e-06
1.81748 5.65332e-06
1.82084 5.59941e-06
1.8242 5.5763e-06
1.82757 5.52384e-06
1.83094 5.50123e-06
1.83432 5.45357e-06
1.83771 5.43053e-06
1.8411 5.38318e-06
1.8445 5.35943e-06
1.84791 5.31218e-06
1.85132 5.2882e-06
1.85474 5.24124e-06
1.85816 5.21652e-06
1.8616 5.17033e-06
1.86503 5.14544e-06
1.86848 5.09948e-06
1.87193 5.07392e-06
1.87538 5.02897e-06
1.87885 5.00334e-06
1.88232 4.95965e-06
1.88579 4.93506e-06
1.88928 4.89537e-06
1.89276 4.86992e-06
1.89626 4.83069e-06
1.89976 4.80435e-06
1.90327 4.76554e-06
1.90678 4.73877e-06
1.9103 4.70055e-06
1.91383 4.67272e-06
1.91737 4.63533e-06
1.92091 4.60666e-06
1.92445 4.57018e-06
1.92801 4.54031e-06
1.93157 4.50557e-06
1.93514 4.47488e-06
1.93871 4.44195e-06
1.94229 4.41214e-06
1.94588 4.38266e-06
1.94947 4.35099e-06
1.95307 4.32315e-06
1.95667 4.28912e-06
1.96029 4.26344e-06
1.96391 4.22495e-06
1.96753 4.2036e-06
1.97117 4.1621e-06
1.97481 4.14354e-06
1.97845 4.10229e-06
1.98211 4.08369e-06
1.98577 4.04293e-06
1.98943 4.02434e-06
1.99311 3.98448e-06
1.99679 3.96659e-06
2.00048 3.9303e-06
2.00417 3.91187e-06
2.00787 3.8762e-06
2.01158 3.85746e-06
2.01529 3.82197e-06
2.01902 3.80245e-06
2.02274 3.76747e-06
2.02648 3.74784e-06
2.03022 3.7129e-06
2.03397 3.69276e-06
2.03773 3.65856e-06
2.04149 3.63795e-06
2.04526 3.60455e-06
2.04904 3.58373e-06
2.05282 3.55122e-06
2.05661 3.53115e-06
2.06041 3.50192e-06
2.06421 3.48111e-06
2.06802 3.45235e-06
2.07184 3.4308e-06
2.07567 3.40282e-06
2.0795 3.38017e-06
2.08334 3.35293e-06
2.08719 3.32949e-06
2.09104 3.30314e-06
2.0949 3.27865e-06
2.09877 3.25341e-06
2.10265 3.22786e-06
2.10653 3.20398e-06
2.11042 3.17701e-06
2.11432 3.15552e-06
2.11822 3.12858e-06
2.12213 3.1105e-06
2.12605 3.0792e-06
2.12998 3.06545e-06
2.13391 3.03432e-06
2.13785 3.02022e-06
2.1418 2.9893e-06
2.14576 2.97497e-06
2.14972 2.94425e-06
2.15369 2.92953e-06
2.15766 2.89921e-06
2.16165 2.88428e-06
2.16564 2.85434e-06
2.16964 2.83959e-06
2.17365 2.81023e-06
2.17766 2.796e-06
2.18168 2.76932e-06
2.18571 2.75471e-06
2.18975 2.72865e-06
2.19379 2.71352e-06
2.19784 2.6876e-06
2.2019 2.6722e-06
2.20597 2.64674e-06
2.21004 2.63089e-06
2.21412 2.60585e-06
2.21821 2.58953e-06
2.2223 2.56486e-06
2.22641 2.54814e-06
2.23052 2.5242e-06
2.23464 2.50709e-06
2.23876 2.48411e-06
2.2429 2.46779e-06
2.24704 2.44699e-06
2.25119 2.43013e-06
2.25535 2.40998e-06
2.25951 2.39238e-06
2.26368 2.37284e-06
2.26786 2.3543e-06
2.27205 2.33575e-06
2.27625 2.31601e-06
2.28045 2.29853e-06
2.28466 2.2774e-06
2.28888 2.26143e-06
2.29311 2.23784e-06
2.29734 2.2246e-06
2.30158 2.19891e-06
2.30583 2.18855e-06
2.31009 2.1653e-06
2.31436 2.15492e-06
2.31863 2.13202e-06
2.32291 2.12144e-06
2.3272 2.09878e-06
2.3315 2.08789e-06
2.33581 2.06535e-06
2.34012 2.05423e-06
2.34444 2.03184e-06
2.34877 2.02055e-06
2.35311 1.99847e-06
2.35745 1.98689e-06
2.36181 1.96522e-06
2.36617 1.95367e-06
2.37054 1.93252e-06
2.37491 1.92128e-06
2.3793 1.90207e-06
2.38369 1.8907e-06
2.38809 1.87211e-06
2.3925 1.8604e-06
2.39692 1.84202e-06
2.40135 1.82991e-06
2.40578 1.8119e-06
2.41023 1.79934e-06
2.41468 1.78174e-06
2.41914 1.76869e-06
2.4236 1.75159e-06
2.42808 1.73821e-06
2.43256 1.72164e-06
2.43705 1.70787e-06
2.44155 1.69229e-06
2.44606 1.67891e-06
2.45058 1.66489e-06
2.4551 1.651e-06
2.45964 1.63797e-06
2.46418 1.62317e-06
2.46873 1.61089e-06
2.47329 1.59472e-06
2.47786 1.58375e-06
2.48243 1.56459e-06
2.48702 1.55661e-06
2.49161 1.53764e-06
2.49621 1.52961e-06
2.50082 1.51083e-06
2.50544 1.5027e-06
2.51006 1.48435e-06
2.5147 1.47658e-06
2.51934 1.45988e-06
2.52399 1.45195e-06
2.52866 1.43588e-06
2.53333 1.42781e-06
2.538 1.41179e-06
2.54269 1.40361e-06
2.54739 1.38765e-06
2.55209 1.37918e-06
2.5568 1.36356e-06
2.56152 1.35478e-06
2.56625 1.33938e-06
2.57099 1.33055e-06
2.57574 1.31537e-06
2.5805 1.30643e-06
2.58526 1.2918e-06
2.59004 1.28313e-06
2.59482 1.26977e-06
2.59961 1.26111e-06
2.60441 1.24829e-06
2.60922 1.23924e-06
2.61404 1.22675e-06
2.61886 1.21729e-06
2.6237 1.20511e-06
2.62855 1.19525e-06
2.6334 1.18342e-06
2.63826 1.17322e-06
2.64313 1.16192e-06
2.64801 1.1511e-06
2.6529 1.14044e-06
2.6578 1.12924e-06
2.66271 1.11947e-06
2.66763 1.1083e-06
2.67255 1.09983e-06
2.67749 1.08782e-06
2.68243 1.08074e-06
2.68739 1.06718e-06
2.69235 1.06148e-06
2.69732 1.04806e-06
2.7023 1.04222e-06
2.70729 1.0288e-06
2.71229 1.02287e-06
2.7173 1.00968e-06
2.72232 1.00361e-06
2.72735 9.906e-07
2.73238 9.84579e-07
2.73743 9.71817e-07
2.74248 9.66045e-07
2.74755 9.54359e-07
2.75262 9.48552e-07
2.7577 9.37453e-07
2.7628 9.31506e-07
2.7679 9.2052e-07
2.77301 9.14427e-07
2.77813 9.03577e-07
2.78326 8.97235e-07
2.7884 8.86542e-07
2.79355 8.80091e-07
2.79871 8.69619e-07
2.80387 8.62905e-07
2.80905 8.52697e-07
2.81424 8.45948e-07
2.81944 8.3613e-07
2.82464 8.29568e-07
2.82986 8.20669e-07
2.83508 8.14023e-07
2.84032 8.05709e-07
2.84556 7.98775e-07
2.85082 7.9068e-07
2.85608 7.83367e-07
2.86136 7.75598e-07
2.86664 7.67907e-07
2.87193 7.60567e-07
2.87724 7.52301e-07
2.88255 7.45536e-07
2.88787 7.3661e-07
2.89321 7.30592e-07
2.89855 7.19942e-07
2.9039 7.16013e-07
2.90926 7.0626e-07
2.91464 7.02388e-07
2.92002 6.9314e-07
2.92541 6.89102e-07
2.93081 6.79972e-07
2.93623 6.75835e-07
2.94165 6.66754e-07
2.94708 6.6256e-07
2.95252 6.53514e-07
2.95797 6.49191e-07
2.96344 6.40301e-07
2.96891 6.3596e-07
2.97439 6.27164e-07
2.97988 6.22742e-07
2.98539 6.1424e-07
2.9909 6.10016e-07
2.99642 6.02218e-07
3.00195 5.98048e-07
3.0075 5.90698e-07
3.01305 5.86416e-07
3.01862 5.79152e-07
3.02419 5.747e-07
3.02977 5.67595e-07
3.03537 5.6297e-07
3.04097 5.56001e-07
3.04659 5.51221e-07
3.05222 5.44477e-07
3.05785 5.39496e-07
3.0635 5.32968e-07
3.06916 5.2791e-07
3.07482 5.21746e-07
3.0805 5.16777e-07
3.08619 5.112e-07
3.09189 5.06212e-07
3.0976 5.01092e-07
3.10332 4.95799e-07
3.10905 4.91019e-07
3.11479 4.85287e-07
3.12054 4.80868e-07
3.1263 4.74523e-07
3.13208 4.70729e-07
3.13786 4.6348e-07
3.14365 4.60602e-07
3.14946 4.53445e-07
3.15528 4.50574e-07
3.1611 4.43538e-07
3.16694 4.40807e-07
3.17279 4.34348e-07
3.17865 4.31656e-07
3.18452 4.25641e-07
3.1904 4.22857e-07
3.19629 4.16906e-07
3.20219 4.1405e-07
3.2081 4.08138e-07
3.21403 4.05191e-07
3.21996 3.99359e-07
3.22591 3.96382e-07
3.23187 3.90594e-07
3.23783 3.87544e-07
3.24381 3.81895e-07
3.2498 3.78783e-07
3.2558 3.73317e-07
3.26182 3.7033e-07
3.26784 3.65355e-07
3.27387 3.62416e-07
3.27992 3.57805e-07
3.28598 3.54731e-07
3.29204 3.5023e-07
3.29812 3.47039e-07
3.30421 3.42647e-07
3.31031 3.39336e-07
3.31643 3.35032e-07
3.32255 3.31569e-07
3.32869 3.27456e-07
3.33483 3.2386e-07
3.34099 3.19939e-07
3.34716 3.16167e-07
3.35334 3.1257e-07
3.35953 3.08785e-07
3.36574 3.05672e-07
3.37195 3.01819e-07
3.37818 2.99134e-07
3.38442 2.94626e-07
3.39067 2.92617e-07
3.39693 2.8791e-07
3.4032 2.86052e-07
3.40949 2.81361e-07
3.41578 2.79455e-07
3.42209 2.74849e-07
3.42841 2.72908e-07
3.43474 2.6836e-07
3.44108 2.66427e-07
3.44744 2.61962e-07
3.4538 2.60102e-07
3.46018 2.55994e-07
3.46657 2.54178e-07
3.47297 2.50451e-07
3.47939 2.48566e-07
3.48581 2.44853e-07
3.49225 2.42936e-07
3.4987 2.39261e-07
3.50516 2.3728e-07
3.51163 2.33669e-07
3.51811 2.31618e-07
3.52461 2.28065e-07
3.53112 2.25969e-07
3.53764 2.22509e-07
3.54417 2.20387e-07
3.55072 2.17045e-07
3.55727 2.14976e-07
3.56384 2.11963e-07
3.57042 2.09947e-07
3.57702 2.07206e-07
3.58362 2.05097e-07
3.59024 2.02457e-07
3.59687 2.00228e-07
3.60351 1.97674e-07
3.61017 1.95334e-07
3.61683 1.92903e-07
3.62351 1.90409e-07
3.6302 1.88132e-07
3.63691 1.85458e-07
3.64362 1.83398e-07
3.65035 1.80475e-07
3.65709 1.78773e-07
3.66384 1.75573e-07
3.67061 1.7445e-07
3.67739 1.71571e-07
3.68418 1.70413e-07
3.69098 1.67537e-07
3.6978 1.66355e-07
3.70463 1.63493e-07
3.71147 1.62296e-07
3.71832 1.59457e-07
3.72519 1.58225e-07
3.73207 1.55418e-07
3.73896 1.54158e-07
3.74586 1.51408e-07
3.75278 1.50145e-07
3.75971 1.47458e-07
3.76665 1.46232e-07
3.77361 1.4376e-07
3.78058 1.42587e-07
3.78756 1.40387e-07
3.79455 1.39169e-07
3.80156 1.37001e-07
3.80858 1.35739e-07
3.81561 1.33603e-07
3.82266 1.32303e-07
3.82972 1.30202e-07
3.83679 1.28853e-07
3.84387 1.26802e-07
3.85097 1.25431e-07
3.85808 1.23434e-07
3.86521 1.22009e-07
3.87234 1.2012e-07
3.87949 1.18721e-07
3.88666 1.17031e-07
3.89384 1.15687e-07
3.90103 1.1418e-07
3.90823 1.12755e-07
3.91545 1.11327e-07
3.92268 1.09785e-07
3.92992 1.08469e-07
3.93718 1.06787e-07
3.94445 1.05598e-07
3.95173 1.03644e-07
3.95903 1.02744e-07
3.96634 1.00659e-07
3.97366 9.99095e-08
3.981 9.78609e-08
3.98835 9.71402e-08
3.99572 9.52415e-08
4.0031 9.45618e-08
4.01049 9.28862e-08
4.01789 9.21834e-08
4.02531 9.05268e-08
4.03275 8.98028e-08
4.04019 8.81588e-08
4.04765 8.7416e-08
4.05513 8.57913e-08
4.06262 8.50234e-08
4.07012 8.34224e-08
4.07763 8.26377e-08
4.08516 8.10651e-08
4.09271 8.02825e-08
4.10027 7.87523e-08
4.10784 7.79873e-08
4.11542 7.65809e-08
4.12302 7.58556e-08
4.13064 7.46308e-08
4.13826 7.38834e-08
4.14591 7.26832e-08
4.15356 7.18943e-08
4.16123 7.0721e-08
4.16892 6.98978e-08
4.17661 6.87576e-08
4.18433 6.79019e-08
4.19205 6.67971e-08
4.19979 6.59038e-08
4.20755 6.4848e-08
4.21532 6.39136e-08
4.2231 6.29466e-08
4.2309 6.20062e-08
4.23871 6.11576e-08
4.24654 6.02591e-08
4.25438 5.95482e-08
4.26224 5.85478e-08
4.27011 5.79352e-08
4.278 5.67461e-08
4.2859 5.63143e-08
4.29381 5.51341e-08
4.30174 5.46915e-08
4.30968 5.35238e-08
4.31764 5.30767e-08
4.32561 5.1922e-08
4.3336 5.1473e-08
4.3416 5.03385e-08
4.34962 4.99082e-08
4.35765 4.88504e-08
4.3657 4.84541e-08
4.37376 4.75489e-08
4.38184 4.71384e-08
4.38993 4.62392e-08
4.39804 4.58104e-08
4.40616 4.49276e-08
4.41429 4.44837e-08
4.42245 4.36064e-08
4.43061 4.31536e-08
4.43879 4.22941e-08
4.44699 4.18266e-08
4.4552 4.09855e-08
4.46343 4.05089e-08
4.47167 3.96999e-08
4.47993 3.92349e-08
4.4882 3.84892e-08
4.49649 3.80611e-08
4.50479 3.74275e-08
4.51311 3.69801e-08
4.52144 3.63653e-08
4.52979 3.5887e-08
4.53816 3.52947e-08
4.54654 3.47913e-08
4.55493 3.42207e-08
4.56335 3.36888e-08
4.57177 3.3155e-08
4.58021 3.25819e-08
4.58867 3.20916e-08
4.59715 3.14745e-08
4.60564 3.10519e-08
4.61414 3.03713e-08
4.62266 3.00774e-08
4.6312 2.94468e-08
4.63975 2.922e-08
4.64832 2.85902e-08
4.6569 2.83601e-08
4.6655 2.77332e-08
4.67411 2.74955e-08
4.68275 2.68736e-08
4.69139 2.66306e-08
4.70006 2.60137e-08
4.70874 2.57638e-08
4.71743 2.51593e-08
4.72614 2.49093e-08
4.73487 2.43181e-08
4.74361 2.40713e-08
4.75237 2.35201e-08
4.76115 2.33018e-08
4.76994 2.28413e-08
4.77875 2.26127e-08
4.78757 2.21591e-08
4.79641 2.19212e-08
4.80527 2.14752e-08
4.81414 2.12287e-08
4.82303 2.07873e-08
4.83194 2.05306e-08
4.84086 2.01037e-08
4.8498 1.98377e-08
4.85876 1.94209e-08
4.86773 1.91483e-08
4.87672 1.87524e-08
4.88572 1.84764e-08
4.89475 1.81184e-08
4.90378 1.78764e-08
4.91284 1.75797e-08
4.92191 1.73192e-08
4.931 1.70379e-08
4.94011 1.67596e-08
4.94923 1.64934e-08
4.95837 1.6191e-08
4.96752 1.59487e-08
4.9767 1.56106e-08
4.98589 1.54041e-08
4.99509 1.49947e-08
5.00432 1.48633e-08
5.01356 1.44609e-08
5.02282 1.4333e-08
5.03209 1.39513e-08
5.04138 1.38384e-08
5.05069 1.35297e-08
5.06002 1.34115e-08
5.06936 1.31056e-08
5.07873 1.29834e-08
5.0881 1.2679e-08
5.0975 1.25552e-08
5.10691 1.22526e-08
5.11634 1.2124e-08
5.12579 1.1826e-08
5.13526 1.16943e-08
5.14474 1.14021e-08
5.15424 1.12672e-08
5.16376 1.09821e-08
5.17329 1.08501e-08
5.18285 1.05834e-08
5.19242 1.04681e-08
5.202 1.02538e-08
5.21161 1.01332e-08
5.22123 9.92151e-09
5.23088 9.7949e-09
5.24054 9.58828e-09
5.25021 9.45658e-09
5.25991 9.25289e-09
5.26962 9.11467e-09
5.27935 8.91999e-09
5.2891 8.77505e-09
5.29887 8.58736e-09
5.30865 8.43648e-09
5.31846 8.26168e-09
5.32828 8.10542e-09
5.33812 7.9519e-09
5.34797 7.81651e-09
5.35785 7.69645e-09
5.36774 7.54733e-09
5.37765 7.43993e-09
5.38758 7.26882e-09
5.39753 7.18181e-09
5.4075 6.98778e-09
5.41749 6.92305e-09
5.42749 6.73073e-09
5.43751 6.66522e-09
5.44755 6.4742e-09
5.45761 6.40879e-09
5.46769 6.22148e-09
5.47779 6.15712e-09
5.4879 5.97748e-09
5.49804 5.92312e-09
5.50819 5.78319e-09
5.51836 5.72618e-09
5.52855 5.58793e-09
5.53876 5.52883e-09
5.54899 5.3917e-09
5.55923 5.33039e-09
5.5695 5.19508e-09
5.57979 5.13115e-09
5.59009 4.9981e-09
5.60041 4.93241e-09
5.61075 4.80226e-09
5.62111 4.73519e-09
5.63149 4.60905e-09
5.64189 4.54197e-09
5.65231 4.42381e-09
5.66275 4.36707e-09
5.67321 4.27558e-09
5.68368 4.21561e-09
5.69418 4.12674e-09
5.70469 4.06358e-09
5.71523 3.97729e-09
5.72578 3.91014e-09
5.73635 3.82734e-09
5.74695 3.75632e-09
5.75756 3.67732e-09
5.76819 3.60085e-09
5.77884 3.52854e-09
5.78951 3.44659e-09
5.8002 3.38188e-09
5.81092 3.2924e-09
5.82165 3.24307e-09
5.8324 3.1568e-09
5.84317 3.13014e-09
5.85396 3.04513e-09
5.86477 3.01767e-09
5.8756 2.93307e-09
5.88645 2.90438e-09
5.89732 2.82041e-09
5.90821 2.79104e-09
5.91912 2.70788e-09
5.93005 2.67773e-09
5.941 2.59551e-09
5.95197 2.5649e-09
5.96296 2.48448e-09
5.97397 2.45462e-09
5.985 2.37748e-09
5.99605 2.35214e-09
6.00713 2.29308e-09
6.01822 2.26675e-09
6.02933 2.20956e-09
6.04047 2.18256e-09
6.05162 2.12549e-09
6.06279 2.09699e-09
6.07399 2.04127e-09
6.08521 2.01152e-09
6.09644 1.95711e-09
6.1077 1.92624e-09
6.11898 1.87296e-09
6.13028 1.84108e-09
6.1416 1.79034e-09
6.15294 1.75793e-09
6.1643 1.71118e-09
6.17569 1.6839e-09
6.18709 1.64784e-09
6.19851 1.61964e-09
6.20996 1.58614e-09
6.22143 1.55577e-09
6.23292 1.52371e-09
6.24443 1.49082e-09
6.25596 1.46125e-09
6.26751 1.4249e-09
6.27908 1.39867e-09
6.29068 1.35741e-09
6.30229 1.33667e-09
6.31393 1.28878e-09
6.32559 1.27551e-09
6.33727 1.22923e-09
6.34897 1.21805e-09
6.3607 1.18265e-09
6.37244 1.17149e-09
6.38421 1.13772e-09
6.396 1.12586e-09
6.40781 1.09248e-09
6.41964 1.0803e-09
6.4315 1.04712e-09
6.44338 1.0345e-09
6.45527 1.00148e-09
6.46719 9.88476e-10
6.47914 9.56153e-10
6.4911 9.42847e-10
6.50309 9.11418e-10
6.5151 8.98384e-10
6.52713 8.6841e-10
6.53918 8.57442e-10
6.55126 8.34468e-10
6.56335 8.23539e-10
6.57547 8.02028e-10
6.58761 7.90359e-10
6.59978 7.69231e-10
6.61197 7.57102e-10
6.62418 7.36417e-10
6.63641 7.23618e-10
6.64866 7.03547e-10
6.66094 6.89923e-10
6.67324 6.70844e-10
6.68556 6.56662e-10
6.69791 6.38538e-10
6.71028 6.23869e-10
6.72267 6.07882e-10
6.73508 5.95386e-10
6.74752 5.83253e-10
6.75998 5.7043e-10
6.77246 5.59752e-10
6.78497 5.4532e-10
6.7975 5.36047e-10
6.81005 5.1756e-10
6.82263 5.12281e-10
6.83522 4.93896e-10
6.84785 4.88535e-10
6.86049 4.70318e-10
6.87316 4.64829e-10
6.88585 4.46979e-10
6.89857 4.41575e-10
6.91131 4.24353e-10
6.92407 4.19893e-10
6.93686 4.06676e-10
6.94967 4.02285e-10
6.9625 3.90087e-10
6.97536 3.85474e-10
6.98824 3.73392e-10
7.00114 3.68554e-10
7.01407 3.56637e-10
7.02702 3.51654e-10
7.04 3.39865e-10
7.053 3.34673e-10
7.06602 3.23118e-10
7.07907 3.17784e-10
7.09214 3.06535e-10
7.10524 3.01218e-10
7.11836 2.90675e-10
7.1315 2.86195e-10
7.14467 2.78138e-10
7.15787 2.73756e-10
7.17108 2.66545e-10
7.18433 2.61844e-10
7.19759 2.54806e-10
7.21088 2.49889e-10
7.2242 2.43083e-10
7.23754 2.37778e-10
7.2509 2.3128e-10
7.26429 2.25591e-10
7.27771 2.19499e-10
7.29115 2.13464e-10
7.30461 2.07956e-10
7.3181 2.01373e-10
7.33161 1.96965e-10
7.34515 1.91053e-10
7.35872 1.88184e-10
7.3723 1.81841e-10
7.38592 1.80051e-10
7.39956 1.73716e-10
7.41322 1.71867e-10
7.42691 1.65554e-10
7.44062 1.63642e-10
7.45436 1.57374e-10
7.46813 1.5541e-10
7.48192 1.49205e-10
7.49574 1.47182e-10
7.50958 1.41126e-10
7.52345 1.39128e-10
7.53734 1.33306e-10
7.55126 1.31632e-10
7.5652 1.27166e-10
7.57917 1.25602e-10
7.59317 1.21635e-10
7.60719 1.19982e-10
7.62124 1.1607e-10
7.63531 1.1432e-10
7.64941 1.10459e-10
7.66353 1.08637e-10
7.67769 1.04855e-10
7.69186 1.02947e-10
7.70607 9.92494e-11
7.7203 9.72478e-11
7.73455 9.37021e-11
7.74884 9.16705e-11
7.76315 8.83951e-11
7.77748 8.66965e-11
7.79184 8.41771e-11
7.80623 8.25554e-11
7.82065 8.04002e-11
7.83509 7.86592e-11
7.84956 7.66033e-11
7.86405 7.47024e-11
7.87857 7.27803e-11
7.89312 7.07015e-11
7.9077 6.89422e-11
7.9223 6.66079e-11
7.93693 6.51117e-11
7.95158 6.22645e-11
7.96627 6.13562e-11
7.98098 5.83937e-11
7.99572 5.77942e-11
8.01048 5.55045e-11
8.02527 5.49482e-11
8.04009 5.29873e-11
8.05494 5.24008e-11
8.06981 5.04525e-11
8.08472 4.98411e-11
8.09965 4.79051e-11
8.1146 4.72677e-11
8.12959 4.53446e-11
8.1446 4.4676e-11
8.15964 4.27905e-11
8.17471 4.21095e-11
8.1898 4.02489e-11
8.20492 3.95708e-11
8.22008 3.78012e-11
8.23526 3.72319e-11
8.25046 3.58674e-11
8.2657 3.53467e-11
8.28096 3.41953e-11
8.29625 3.36462e-11
8.31157 3.25141e-11
8.32692 3.19337e-11
8.3423 3.08235e-11
8.3577 3.02066e-11
8.37314 2.9124e-11
8.3886 2.84702e-11
8.40409 2.7423e-11
8.41961 2.67425e-11
8.43516 2.5749e-11
8.45073 2.50386e-11
8.46634 2.41425e-11
8.48197 2.35318e-11
8.49763 2.28699e-11
8.51333 2.23033e-11
8.52905 2.17753e-11
8.5448 2.11436e-11
8.56057 2.06722e-11
8.57638 1.99438e-11
8.59222 1.95637e-11
8.60809 1.8673e-11
8.62398 1.84488e-11
8.63991 1.75667e-11
8.65586 1.7337e-11
8.67185 1.64664e-11
8.68786 1.62398e-11
8.7039 1.53946e-11
8.71997 1.52092e-11
8.73608 1.45472e-11
8.75221 1.43828e-11
8.76837 1.38442e-11
8.78456 1.3669e-11
8.80078 1.31362e-11
8.81704 1.29525e-11
8.83332 1.24229e-11
8.84963 1.2229e-11
8.86597 1.17049e-11
8.88234 1.1502e-11
8.89874 1.09878e-11
8.91518 1.07769e-11
8.93164 1.02766e-11
8.94813 1.0063e-11
8.96466 9.58867e-12
8.98121 9.41019e-12
8.9978 9.04181e-12
9.01441 8.88797e-12
9.03106 8.59251e-12
9.04773 8.42808e-12
9.06444 8.14065e-12
9.08118 7.96415e-12
9.09795 7.68488e-12
9.11475 7.49356e-12
9.13158 7.22811e-12
9.14844 7.02187e-12
9.16534 6.76953e-12
9.18226 6.54758e-12
9.19922 6.31631e-12
9.2162 6.07542e-12
9.23322 5.88432e-12
9.25027 5.66705e-12
9.26736 5.53785e-12
9.28447 5.33107e-12
9.30161 5.2553e-12
9.31879 5.02598e-12
9.336 4.97015e-12
9.35324 4.74134e-12
9.37051 4.68284e-12
9.38781 4.4554e-12
9.40515 4.39448e-12
9.42252 4.16803e-12
9.43992 4.10492e-12
9.45735 3.88307e-12
9.47481 3.82003e-12
9.49231 3.60547e-12
9.50984 3.55269e-12
9.5274 3.38282e-12
9.54499 3.33854e-12
9.56262 3.20887e-12
9.58027 3.16162e-12
9.59797 3.03317e-12
9.61569 2.98387e-12
9.63345 2.85644e-12
9.65123 2.80409e-12
9.66906 2.6788e-12
9.68691 2.6226e-12
9.7048 2.50037e-12
9.72272 2.44233e-12
9.74067 2.32388e-12
9.75866 2.2635e-12
9.77668 2.15277e-12
9.79474 2.10097e-12
9.81282 2.01536e-12
9.83094 1.97289e-12
9.8491 1.90867e-12
9.86728 1.86257e-12
9.88551 1.80129e-12
9.90376 1.75105e-12
9.92205 1.69291e-12
9.94037 1.63717e-12
9.95873 1.58373e-12
9.97712 1.52155e-12
9.99554 1.47447e-12
10.014 1.40352e-12
10.0325 1.36632e-12
10.051 1.27828e-12
10.0696 1.26334e-12
10.0882 1.19222e-12
10.1068 1.17999e-12
10.1255 1.12877e-12
10.1442 1.11586e-12
10.1629 1.06469e-12
10.1817 1.05107e-12
10.2005 9.99975e-13
10.2193 9.85746e-13
10.2382 9.34964e-13
10.2571 9.20122e-13
10.276 8.69824e-13
10.295 8.54271e-13
10.314 8.04889e-13
10.333 7.89273e-13
10.3521 7.41653e-13
10.3712 7.28173e-13
10.3904 6.89971e-13
10.4096 6.79522e-13
10.4288 6.52311e-13
10.4481 6.41069e-13
10.4674 6.14269e-13
10.4867 6.02329e-13
10.5061 5.75847e-13
10.5255 5.63011e-13
10.5449 5.37209e-13
10.5644 5.2342e-13
10.5839 4.98402e-13
10.6034 4.83818e-13
10.623 4.5995e-13
10.6426 4.44447e-13
10.6623 4.22617e-13
10.682 4.0887e-13
10.7017 3.92193e-13
10.7214 3.81553e-13
10.7412 3.70196e-13
10.7611 3.58264e-13
10.7809 3.4792e-13
10.8008 3.34361e-13
10.8208 3.25492e-13
10.8408 3.09174e-13
10.8608 3.02874e-13
10.8809 2.84226e-13
10.9009 2.80218e-13
10.9211 2.61737e-13
10.9412 2.57748e-13
10.9614 2.39699e-13
10.9817 2.36273e-13
11.002 2.21435e-13
11.0223 2.18916e-13
11.0426 2.08929e-13
11.063 2.06188e-13
11.0835 1.96277e-13
11.1039 1.93402e-13
11.1244 1.83521e-13
11.145 1.80499e-13
11.1655 1.70691e-13
11.1862 1.67463e-13
11.2068 1.57798e-13
11.2275 1.54385e-13
11.2483 1.44908e-13
11.269 1.41429e-13
11.2898 1.3236e-13
11.3107 1.29305e-13
11.3316 1.21905e-13
11.3525 1.19689e-13
11.3735 1.14859e-13
11.3945 1.12476e-13
11.4155 1.07736e-13
11.4366 1.05148e-13
11.4577 1.00537e-13
11.4789 9.77467e-14
11.5001 9.32741e-14
11.5213 9.02499e-14
11.5426 8.6008e-14
11.5639 8.26748e-14
11.5852 7.87558e-14
11.6066 7.5175e-14
11.6281 7.17284e-14
11.6495 6.83324e-14
11.671 6.59356e-14
11.6926 6.33704e-14
11.7142 6.20074e-14
11.7358 5.86873e-14
11.7575 5.80387e-14
11.7792 5.47237e-14
11.801 5.40329e-14
11.8227 5.07321e-14
11.8446 5.00052e-14
11.8664 4.67158e-14
11.8884 4.59586e-14
11.9103 4.27032e-14
11.9323 4.19163e-14
11.9543 3.87539e-14
11.9764 3.80675e-14
11.9985 3.53958e-14
12.0207 3.49274e-14
12.0429 3.32793e-14
12.0651 3.27822e-14
12.0874 3.11432e-14
12.1097 3.0604e-14
12.1321 2.89793e-14
12.1545 2.84055e-14
12.1769 2.68058e-14
12.1994 2.61925e-14
12.2219 2.46192e-14
12.2445 2.39699e-14
12.2671 2.24309e-14
12.2898 2.17492e-14
12.3125 2.02939e-14
12.3352 1.96776e-14
12.358 1.84765e-14
12.3808 1.80698e-14
12.4037 1.73464e-14
12.4266 1.68952e-14
12.4495 1.62004e-14
12.4725 1.57056e-14
12.4955 1.5048e-14
12.5186 1.4495e-14
12.5417 1.38813e-14
12.5649 1.32631e-14
12.5881 1.27091e-14
12.6113 1.20049e-14
12.6346 1.154e-14
12.658 1.07056e-14
12.6813 1.04032e-14
12.7048 9.5428e-15
12.7282 9.44988e-15
12.7517 8.95374e-15
12.7753 8.85429e-15
12.7989 8.35792e-15
12.8225 8.25182e-15
12.8462 7.7568e-15
12.8699 7.64319e-15
12.8937 7.15024e-15
12.9175 7.03064e-15
12.9413 6.54027e-15
12.9652 6.41171e-15
12.9892 5.9277e-15
13.0131 5.79719e-15
13.0372 5.32496e-15
13.0612 5.20473e-15
13.0854 4.79812e-15
13.1095 4.72365e-15
13.1337 4.49452e-15
13.158 4.41456e-15
13.1823 4.1882e-15
13.2066 4.10181e-15
13.231 3.87894e-15
13.2555 3.78564e-15
13.2799 3.5661e-15
13.3045 3.46508e-15
13.329 3.25201e-15
13.3536 3.14259e-15
13.3783 2.93706e-15
13.403 2.82123e-15
13.4277 2.62845e-15
13.4525 2.5162e-15
13.4774 2.35961e-15
13.5023 2.2919e-15
13.5272 2.20642e-15
13.5522 2.1309e-15
13.5772 2.05203e-15
13.6023 1.96528e-15
13.6274 1.89568e-15
13.6526 1.79325e-15
13.6778 1.73786e-15
13.703 1.60222e-15
13.7283 1.57904e-15
13.7537 1.4441e-15
13.7791 1.42032e-15
13.8045 1.28733e-15
13.83 1.26533e-15
13.8556 1.14598e-15
13.8811 1.13346e-15
13.9068 1.07122e-15
13.9325 1.05779e-15
13.9582 9.95587e-16
13.984 9.80866e-16
14.0098 9.1925e-16
14.0357 9.03494e-16
14.0616 8.42003e-16
14.0875 8.25094e-16
14.1136 7.64364e-16
14.1396 7.46129e-16
14.1657 6.86417e-16
14.1919 6.67698e-16
14.2181 6.09146e-16
14.2443 5.9134e-16
14.2706 5.39571e-16
14.297 5.29485e-16
14.3234 5.03469e-16
14.3499 4.92519e-16
14.3763 4.66862e-16
14.4029 4.54882e-16
14.4295 4.29977e-16
14.4561 4.16828e-16
14.4828 3.92634e-16
14.5096 3.78385e-16
14.5364 3.54998e-16
14.5632 3.39377e-16
14.5901 3.17395e-16
14.617 3.00097e-16
14.644 2.80166e-16
14.6711 2.62267e-16
14.6982 2.47049e-16
14.7253 2.36884e-16
14.7525 2.29955e-16
14.7797 2.17626e-16
14.807 2.12619e-16
14.8344 1.97531e-16
14.8618 1.95105e-16
14.8892 1.8003e-16
14.9167 1.77413e-16
14.9443 1.62368e-16
14.9719 1.59588e-16
14.9995 1.44632e-16
15.0272 1.41649e-16
15.055 1.26969e-16
15.0828 1.24118e-16
15.1106 1.10447e-16
15.1385 1.09015e-16
15.1665 1.02616e-16
15.1945 1.01039e-16
15.2225 9.46888e-17
15.2506 9.30113e-17
15.2788 8.66879e-17
15.307 8.48672e-17
15.3353 7.86129e-17
15.3636 7.66275e-17
15.392 7.04492e-17
15.4204 6.83267e-17
15.4489 6.22696e-17
15.4774 5.99675e-17
15.506 5.41316e-17
15.5346 5.18736e-17
15.5633 4.66598e-17
15.592 4.57742e-17
15.6208 4.39068e-17
15.6497 4.29302e-17
15.6786 4.11209e-17
15.7075 4.00211e-17
15.7365 3.82774e-17
15.7656 3.7042e-17
15.7947 3.53676e-17
15.8239 3.3905e-17
15.8531 3.23077e-17
15.8824 3.0519e-17
15.9117 2.88211e-17
15.9411 2.60946e-17
15.9705 2.25029e-17
16 0
