# 1:pT 2:PhotonSpectrum=dN/d^2xT d^2pT dy
0.01 0.00996661
0.0100185 0.00996056
0.010037 0.00993537
0.0100555 0.0099287
0.0100741 0.00990317
0.0100927 0.00989561
0.0101113 0.00987021
0.01013 0.00986169
0.0101487 0.00983598
0.0101674 0.00982664
0.0101862 0.00980036
0.010205 0.00978987
0.0102239 0.00976306
0.0102427 0.00975122
0.0102617 0.00972351
0.0102806 0.00970953
0.0102996 0.0096799
0.0103186 0.00966142
0.0103377 0.00962487
0.0103567 0.00960534
0.0103759 0.00956899
0.010395 0.00954847
0.0104142 0.0095125
0.0104335 0.00949078
0.0104527 0.00945556
0.010472 0.00943279
0.0104914 0.00939818
0.0105107 0.00937463
0.0105301 0.00934109
0.0105496 0.00931607
0.0105691 0.00928353
0.0105886 0.00925808
0.0106081 0.00922791
0.0106277 0.00920299
0.0106474 0.00917534
0.010667 0.00914874
0.0106867 0.00912234
0.0107065 0.00909415
0.0107262 0.00906926
0.010746 0.00903803
0.0107659 0.0090154
0.0107858 0.00898069
0.0108057 0.0089613
0.0108256 0.0089206
0.0108456 0.00890684
0.0108656 0.00886667
0.0108857 0.00885254
0.0109058 0.00881261
0.0109259 0.00879903
0.0109461 0.00876241
0.0109663 0.00874815
0.0109866 0.00871193
0.0110069 0.00869686
0.0110272 0.008661
0.0110476 0.00864523
0.011068 0.00860953
0.0110884 0.00859325
0.0111089 0.00855757
0.0111294 0.00854057
0.0111499 0.00850549
0.0111705 0.00848783
0.0111912 0.00845358
0.0112118 0.00843534
0.0112325 0.00840248
0.0112533 0.00838478
0.0112741 0.0083548
0.0112949 0.00833638
0.0113157 0.00830698
0.0113366 0.00828747
0.0113576 0.00825882
0.0113785 0.00823845
0.0113995 0.00821036
0.0114206 0.00818897
0.0114417 0.00816136
0.0114628 0.00813866
0.011484 0.00811258
0.0115052 0.00808857
0.0115264 0.00806349
0.0115477 0.00803832
0.011569 0.00801543
0.0115904 0.00799015
0.0116118 0.0079696
0.0116332 0.00794211
0.0116547 0.00792386
0.0116762 0.00789118
0.0116978 0.00787773
0.0117194 0.00784309
0.0117411 0.007831
0.0117627 0.0077965
0.0117845 0.00778406
0.0118062 0.00774964
0.011828 0.00773666
0.0118499 0.00770289
0.0118717 0.00768968
0.0118937 0.00765649
0.0119156 0.00764343
0.0119376 0.00761232
0.0119597 0.00759865
0.0119818 0.0075684
0.0120039 0.00755402
0.0120261 0.00752365
0.0120483 0.00750876
0.0120705 0.00747878
0.0120928 0.00746311
0.0121151 0.00743364
0.0121375 0.00741717
0.0121599 0.00738812
0.0121824 0.00737106
0.0122049 0.00734271
0.0122274 0.00732517
0.01225 0.00729815
0.0122726 0.00728097
0.0122953 0.00725632
0.012318 0.00723848
0.0123407 0.0072148
0.0123635 0.00719609
0.0123863 0.00717293
0.0124092 0.00715311
0.0124321 0.00713062
0.0124551 0.00710937
0.0124781 0.00708832
0.0125011 0.00706558
0.0125242 0.00704545
0.0125473 0.0070207
0.0125705 0.00700267
0.0125937 0.00697551
0.012617 0.00696069
0.0126403 0.00693051
0.0126636 0.00692043
0.012687 0.00689106
0.0127104 0.00688032
0.0127339 0.00685111
0.0127574 0.00683982
0.012781 0.00681064
0.0128046 0.00679913
0.0128282 0.00677002
0.0128519 0.00675805
0.0128756 0.00672917
0.0128994 0.0067166
0.0129232 0.00668832
0.0129471 0.00667571
0.012971 0.00664796
0.012995 0.00663531
0.0130189 0.00660914
0.013043 0.00659603
0.0130671 0.00657059
0.0130912 0.00655699
0.0131154 0.0065317
0.0131396 0.00651714
0.0131639 0.0064924
0.0131882 0.00647717
0.0132125 0.00645268
0.0132369 0.00643708
0.0132614 0.00641278
0.0132859 0.00639644
0.0133104 0.00637309
0.013335 0.00635606
0.0133596 0.00633372
0.0133843 0.00631687
0.013409 0.00629715
0.0134337 0.00627977
0.0134585 0.00626095
0.0134834 0.00624248
0.0135083 0.00622461
0.0135332 0.00620463
0.0135582 0.00618808
0.0135833 0.00616603
0.0136083 0.0061512
0.0136335 0.00612583
0.0136587 0.00611423
0.0136839 0.00608679
0.0137091 0.0060773
0.0137345 0.00605015
0.0137598 0.0060409
0.0137852 0.00601522
0.0138107 0.00600573
0.0138362 0.00598064
0.0138617 0.00597065
0.0138873 0.00594556
0.013913 0.00593507
0.0139387 0.00591029
0.0139644 0.00589936
0.0139902 0.00587484
0.014016 0.00586333
0.0140419 0.00583913
0.0140678 0.00582748
0.0140938 0.00580339
0.0141198 0.0057914
0.0141459 0.00576815
0.014172 0.00575625
0.0141982 0.00573473
0.0142244 0.00572244
0.0142507 0.00570158
0.014277 0.00568878
0.0143034 0.0056685
0.0143298 0.00565485
0.0143563 0.0056348
0.0143828 0.00562039
0.0144093 0.00560104
0.0144359 0.0055856
0.0144626 0.00556675
0.0144893 0.00555069
0.0145161 0.00553273
0.0145429 0.00551587
0.0145697 0.00549912
0.0145966 0.00548198
0.0146236 0.00546689
0.0146506 0.00544877
0.0146776 0.00543513
0.0147047 0.00541505
0.0147319 0.00540308
0.0147591 0.00537896
0.0147863 0.00537089
0.0148136 0.00534677
0.014841 0.00533829
0.0148684 0.00531439
0.0148959 0.00530554
0.0149234 0.00528197
0.0149509 0.00527285
0.0149785 0.00524963
0.0150062 0.00524055
0.0150339 0.00521868
0.0150617 0.00520961
0.0150895 0.0051886
0.0151173 0.00517904
0.0151453 0.00515816
0.0151732 0.00514811
0.0152012 0.00512752
0.0152293 0.00511683
0.0152574 0.00509636
0.0152856 0.00508538
0.0153138 0.00506536
0.0153421 0.00505385
0.0153705 0.00503438
0.0153988 0.00502257
0.0154273 0.00500363
0.0154558 0.00499196
0.0154843 0.00497427
0.0155129 0.0049624
0.0155415 0.00494559
0.0155702 0.00493311
0.015599 0.0049168
0.0156278 0.00490349
0.0156567 0.00488759
0.0156856 0.00487339
0.0157145 0.00485817
0.0157435 0.00484317
0.0157726 0.00482871
0.0158017 0.00481235
0.0158309 0.00479907
0.0158602 0.00478147
0.0158894 0.00476988
0.0159188 0.0047506
0.0159482 0.0047417
0.0159776 0.00472118
0.0160071 0.00471399
0.0160367 0.00469345
0.0160663 0.00468609
0.016096 0.00466558
0.0161257 0.00465785
0.0161555 0.00463756
0.0161853 0.00462942
0.0162152 0.00460925
0.0162451 0.00460081
0.0162751 0.00458082
0.0163052 0.00457214
0.0163353 0.00455258
0.0163655 0.00454397
0.0163957 0.00452561
0.016426 0.00451696
0.0164563 0.0044994
0.0164867 0.00449018
0.0165171 0.00447282
0.0165476 0.00446325
0.0165782 0.0044462
0.0166088 0.00443622
0.0166395 0.00441921
0.0166702 0.00440883
0.016701 0.00439234
0.0167318 0.00438131
0.0167627 0.00436532
0.0167937 0.00435384
0.0168247 0.00433862
0.0168558 0.00432714
0.0168869 0.00431284
0.0169181 0.00430123
0.0169493 0.00428784
0.0169806 0.00427525
0.017012 0.00426254
0.0170434 0.00424908
0.0170748 0.00423696
0.0171064 0.00422238
0.017138 0.00421132
0.0171696 0.00419501
0.0172013 0.00418541
0.0172331 0.00416585
0.0172649 0.00415951
0.0172968 0.00414024
0.0173287 0.00413396
0.0173607 0.00411574
0.0173928 0.00410935
0.0174249 0.00409213
0.0174571 0.00408548
0.0174893 0.00406831
0.0175216 0.00406121
0.017554 0.00404424
0.0175864 0.00403692
0.0176189 0.00401997
0.0176514 0.00401245
0.017684 0.0039956
0.0177166 0.00398773
0.0177494 0.00397126
0.0177821 0.003963
0.017815 0.00394693
0.0178479 0.00393866
0.0178808 0.00392348
0.0179138 0.00391523
0.0179469 0.00390085
0.0179801 0.0038921
0.0180133 0.00387789
0.0180465 0.00386878
0.0180799 0.00385479
0.0181132 0.00384511
0.0181467 0.00383145
0.0181802 0.00382127
0.0182138 0.00380798
0.0182474 0.00379725
0.0182811 0.00378446
0.0183149 0.00377332
0.0183487 0.00376141
0.0183826 0.00374985
0.0184165 0.00373903
0.0184505 0.00372722
0.0184846 0.00371741
0.0185187 0.00370453
0.0185529 0.0036956
0.0185872 0.00368106
0.0186215 0.0036736
0.0186559 0.00365719
0.0186903 0.00365148
0.0187248 0.00363518
0.0187594 0.00362921
0.0187941 0.00361298
0.0188288 0.00360696
0.0188635 0.00359108
0.0188984 0.003585
0.0189333 0.00356983
0.0189682 0.00356393
0.0190033 0.00354948
0.0190384 0.00354318
0.0190735 0.00352885
0.0191087 0.00352231
0.019144 0.00350808
0.0191794 0.00350127
0.0192148 0.00348717
0.0192503 0.00347997
0.0192858 0.00346608
0.0193214 0.00345871
0.0193571 0.00344496
0.0193929 0.00343723
0.0194287 0.00342398
0.0194645 0.00341609
0.0195005 0.0034035
0.0195365 0.00339551
0.0195726 0.0033838
0.0196087 0.00337528
0.0196449 0.00336388
0.0196812 0.00335494
0.0197175 0.00334379
0.019754 0.00333425
0.0197904 0.00332351
0.019827 0.00331345
0.0198636 0.00330308
0.0199003 0.00329242
0.019937 0.00328273
0.0199738 0.0032712
0.0200107 0.00326249
0.0200477 0.00325026
0.0200847 0.00324285
0.0201218 0.00322859
0.0201589 0.00322391
0.0201962 0.00320967
0.0202335 0.00320479
0.0202708 0.00319062
0.0203082 0.00318539
0.0203457 0.00317137
0.0203833 0.00316596
0.020421 0.00315204
0.0204587 0.00314648
0.0204964 0.00313262
0.0205343 0.00312678
0.0205722 0.00311327
0.0206102 0.00310747
0.0206483 0.00309443
0.0206864 0.0030886
0.0207246 0.00307641
0.0207629 0.0030703
0.0208012 0.00305816
0.0208396 0.00305185
0.0208781 0.00303976
0.0209166 0.00303318
0.0209553 0.00302125
0.020994 0.00301417
0.0210327 0.00300264
0.0210716 0.0029953
0.0211105 0.00298393
0.0211495 0.00297632
0.0211885 0.00296545
0.0212277 0.00295764
0.0212669 0.00294749
0.0213061 0.00293977
0.0213455 0.00293038
0.0213849 0.00292213
0.0214244 0.00291305
0.0214639 0.00290423
0.0215036 0.00289547
0.0215433 0.002886
0.0215831 0.00287783
0.0216229 0.00286753
0.0216628 0.0028601
0.0217028 0.00284834
0.0217429 0.00284226
0.0217831 0.00282886
0.0218233 0.00282453
0.0218636 0.00281169
0.021904 0.0028074
0.0219444 0.00279539
0.0219849 0.00279099
0.0220255 0.00277905
0.0220662 0.00277427
0.022107 0.00276252
0.0221478 0.00275761
0.0221887 0.00274588
0.0222297 0.00274076
0.0222707 0.00272912
0.0223118 0.00272373
0.022353 0.00271225
0.0223943 0.00270683
0.0224357 0.00269549
0.0224771 0.00269001
0.0225186 0.0026792
0.0225602 0.00267367
0.0226018 0.00266366
0.0226436 0.00265792
0.0226854 0.00264809
0.0227273 0.00264194
0.0227692 0.00263228
0.0228113 0.00262585
0.0228534 0.00261638
0.0228956 0.00260961
0.0229379 0.00260042
0.0229803 0.00259332
0.0230227 0.00258435
0.0230652 0.00257698
0.0231078 0.00256849
0.0231505 0.00256095
0.0231932 0.00255309
0.023236 0.00254543
0.023279 0.0025383
0.0233219 0.00252993
0.023365 0.00252331
0.0234082 0.00251409
0.0234514 0.00250814
0.0234947 0.00249704
0.0235381 0.00249295
0.0235815 0.00248155
0.0236251 0.0024776
0.0236687 0.00246621
0.0237124 0.00246212
0.0237562 0.00245097
0.0238001 0.00244678
0.023844 0.00243595
0.0238881 0.00243191
0.0239322 0.00242185
0.0239764 0.00241757
0.0240206 0.00240758
0.024065 0.0024031
0.0241094 0.00239326
0.0241539 0.00238852
0.0241985 0.0023787
0.0242432 0.00237382
0.024288 0.00236412
0.0243329 0.00235905
0.0243778 0.00234953
0.0244228 0.00234426
0.0244679 0.00233493
0.0245131 0.00232955
0.0245583 0.00232068
0.0246037 0.00231539
0.0246491 0.00230724
0.0246946 0.0023017
0.0247402 0.00229373
0.0247859 0.00228783
0.0248317 0.00227996
0.0248776 0.00227375
0.0249235 0.00226619
0.0249695 0.00225953
0.0250156 0.00225224
0.0250618 0.00224522
0.0251081 0.00223821
0.0251545 0.0022308
0.0252009 0.00222439
0.0252475 0.00221648
0.0252941 0.00221083
0.0253408 0.00220249
0.0253876 0.00219784
0.0254345 0.00218805
0.0254814 0.0021847
0.0255285 0.00217498
0.0255756 0.00217146
0.0256229 0.00216169
0.0256702 0.00215809
0.0257176 0.00214842
0.0257651 0.00214469
0.0258126 0.00213507
0.0258603 0.00213116
0.0259081 0.00212175
0.0259559 0.00211776
0.0260038 0.00210863
0.0260518 0.0021048
0.0261 0.0020964
0.0261482 0.00209232
0.0261964 0.00208398
0.0262448 0.00207972
0.0262933 0.0020715
0.0263418 0.002067
0.0263905 0.00205889
0.0264392 0.00205417
0.026488 0.00204621
0.0265369 0.00204127
0.0265859 0.00203344
0.026635 0.00202828
0.0266842 0.00202072
0.0267335 0.0020155
0.0267829 0.00200831
0.0268323 0.0020032
0.0268819 0.00199657
0.0269315 0.00199115
0.0269812 0.00198477
0.0270311 0.00197893
0.027081 0.00197275
0.027131 0.00196653
0.0271811 0.00196071
0.0272313 0.00195401
0.0272816 0.00194856
0.0273319 0.00194122
0.0273824 0.00193642
0.027433 0.00192783
0.0274836 0.00192432
0.0275344 0.00191529
0.0275852 0.00191245
0.0276362 0.0019042
0.0276872 0.00190125
0.0277383 0.00189299
0.0277896 0.00188991
0.0278409 0.0018817
0.0278923 0.00187844
0.0279438 0.0018703
0.0279954 0.00186689
0.0280471 0.00185881
0.0280989 0.0018553
0.0281508 0.00184733
0.0282027 0.00184365
0.0282548 0.00183577
0.028307 0.00183205
0.0283593 0.00182442
0.0284116 0.00182075
0.0284641 0.00181381
0.0285167 0.00180994
0.0285693 0.00180305
0.0286221 0.00179899
0.0286749 0.00179221
0.0287279 0.00178794
0.0287809 0.00178133
0.0288341 0.0017768
0.0288873 0.00177031
0.0289407 0.00176554
0.0289941 0.00175925
0.0290477 0.0017543
0.0291013 0.00174823
0.029155 0.00174312
0.0292089 0.00173745
0.0292628 0.00173241
0.0293168 0.00172738
0.029371 0.00172194
0.0294252 0.00171713
0.0294796 0.00171121
0.029534 0.00170678
0.0295885 0.0017002
0.0296432 0.00169639
0.0296979 0.00168852
0.0297527 0.00168588
0.0298077 0.00167809
0.0298627 0.00167532
0.0299179 0.00166762
0.0299731 0.00166479
0.0300285 0.00165721
0.0300839 0.00165442
0.0301395 0.00164741
0.0301951 0.00164454
0.0302509 0.00163759
0.0303068 0.00163455
0.0303627 0.0016277
0.0304188 0.00162457
0.030475 0.00161773
0.0305312 0.00161441
0.0305876 0.00160768
0.0306441 0.00160425
0.0307007 0.00159759
0.0307574 0.00159406
0.0308142 0.00158758
0.0308711 0.00158393
0.0309281 0.00157769
0.0309852 0.00157413
0.0310424 0.00156846
0.0310997 0.00156483
0.0311572 0.00155924
0.0312147 0.00155537
0.0312723 0.0015499
0.0313301 0.00154584
0.0313879 0.00154049
0.0314459 0.00153615
0.031504 0.00153105
0.0315621 0.00152644
0.0316204 0.00152149
0.0316788 0.00151662
0.0317373 0.00151197
0.0317959 0.0015068
0.0318546 0.00150266
0.0319135 0.00149736
0.0319724 0.00149386
0.0320314 0.00148776
0.0320906 0.00148502
0.0321498 0.00147839
0.0322092 0.00147607
0.0322687 0.00146944
0.0323283 0.00146704
0.032388 0.00146046
0.0324478 0.00145797
0.0325077 0.00145145
0.0325677 0.00144887
0.0326279 0.00144242
0.0326881 0.0014398
0.0327485 0.00143353
0.0328089 0.00143099
0.0328695 0.00142512
0.0329302 0.00142242
0.032991 0.00141667
0.033052 0.00141391
0.033113 0.00140813
0.0331741 0.00140522
0.0332354 0.00139955
0.0332968 0.00139648
0.0333583 0.00139091
0.0334199 0.0013877
0.0334816 0.00138217
0.0335434 0.00137883
0.0336053 0.00137351
0.0336674 0.00137002
0.0337296 0.00136487
0.0337919 0.00136144
0.0338543 0.00135681
0.0339168 0.00135315
0.0339794 0.00134869
0.0340421 0.00134485
0.034105 0.00134055
0.034168 0.00133645
0.0342311 0.00133233
0.0342943 0.00132792
0.0343576 0.00132404
0.0344211 0.00131931
0.0344846 0.00131571
0.0345483 0.00131047
0.0346121 0.00130745
0.034676 0.00130122
0.0347401 0.00129929
0.0348042 0.00129349
0.0348685 0.00129148
0.0349329 0.0012858
0.0349974 0.0012837
0.035062 0.00127804
0.0351267 0.00127581
0.0351916 0.00127021
0.0352566 0.00126788
0.0353217 0.00126229
0.0353869 0.00125991
0.0354523 0.00125438
0.0355177 0.0012519
0.0355833 0.00124645
0.035649 0.00124392
0.0357149 0.00123864
0.0357808 0.00123615
0.0358469 0.00123126
0.0359131 0.00122873
0.0359794 0.00122402
0.0360458 0.00122135
0.0361124 0.00121669
0.0361791 0.00121388
0.0362459 0.00120927
0.0363128 0.00120631
0.0363799 0.0012018
0.0364471 0.00119868
0.0365144 0.00119428
0.0365818 0.00119105
0.0366493 0.00118683
0.036717 0.00118346
0.0367848 0.00117943
0.0368527 0.00117609
0.0369208 0.00117241
0.036989 0.00116889
0.0370573 0.00116546
0.0371257 0.00116163
0.0371943 0.00115842
0.0372629 0.00115423
0.0373318 0.00115133
0.0374007 0.00114652
0.0374698 0.00114417
0.037539 0.00113882
0.0376083 0.00113697
0.0376777 0.00113167
0.0377473 0.00112981
0.037817 0.00112459
0.0378868 0.00112276
0.0379568 0.00111788
0.0380269 0.00111598
0.0380971 0.00111122
0.0381675 0.00110923
0.0382379 0.00110448
0.0383085 0.0011024
0.0383793 0.0010977
0.0384502 0.00109551
0.0385212 0.00109086
0.0385923 0.0010886
0.0386636 0.00108399
0.038735 0.00108162
0.0388065 0.0010771
0.0388781 0.00107468
0.0389499 0.0010703
0.0390219 0.00106794
0.0390939 0.00106391
0.0391661 0.00106148
0.0392384 0.00105765
0.0393109 0.00105507
0.0393835 0.00105131
0.0394562 0.00104858
0.0395291 0.00104492
0.0396021 0.00104205
0.0396752 0.00103848
0.0397485 0.00103545
0.0398219 0.001032
0.0398954 0.00102881
0.0399691 0.00102555
0.0400429 0.00102216
0.0401168 0.00101917
0.0401909 0.00101569
0.0402651 0.00101305
0.0403395 0.00100925
0.040414 0.00100694
0.0404886 0.00100229
0.0405633 0.00100076
0.0406383 0.000996138
0.0407133 0.000994539
0.0407885 0.000989939
0.0408638 0.000988255
0.0409393 0.000983696
0.0410149 0.000981963
0.0410906 0.000977447
0.0411665 0.000975631
0.0412425 0.000971222
0.0413186 0.000969457
0.0413949 0.000965358
0.0414714 0.000963588
0.041548 0.00095964
0.0416247 0.000957762
0.0417016 0.000953888
0.0417786 0.000951887
0.0418557 0.000948057
0.041933 0.000946003
0.0420104 0.000942191
0.042088 0.000940052
0.0421657 0.000936322
0.0422436 0.000934079
0.0423216 0.00093043
0.0423998 0.000928149
0.042478 0.00092462
0.0425565 0.000922314
0.0426351 0.000919037
0.0427138 0.000916664
0.0427927 0.000913548
0.0428717 0.000911019
0.0429509 0.000907982
0.0430302 0.000905318
0.0431096 0.000902418
0.0431892 0.000899522
0.043269 0.000896765
0.0433489 0.000893693
0.0434289 0.000891092
0.0435091 0.000887765
0.0435895 0.000885433
0.04367 0.000881717
0.0437506 0.000879881
0.0438314 0.000875834
0.0439124 0.000874505
0.0439934 0.00087062
0.0440747 0.000869229
0.0441561 0.000865312
0.0442376 0.000863855
0.0443193 0.000859994
0.0444011 0.000858447
0.0444831 0.000854611
0.0445653 0.000853027
0.0446476 0.000849202
0.04473 0.000847561
0.0448126 0.000843773
0.0448954 0.000842078
0.0449783 0.000838386
0.0450613 0.000836719
0.0451445 0.000833287
0.0452279 0.000831623
0.0453114 0.000828363
0.0453951 0.000826583
0.0454789 0.000823357
0.0455629 0.000821487
0.045647 0.000818335
0.0457313 0.000816363
0.0458158 0.000813245
0.0459004 0.000811203
0.0459851 0.00080815
0.0460701 0.000806005
0.0461551 0.000803046
0.0462404 0.00080079
0.0463257 0.000797996
0.0464113 0.000795741
0.046497 0.000793155
0.0465829 0.00079083
0.0466689 0.000788418
0.0467551 0.000785936
0.0468414 0.00078366
0.0469279 0.000780947
0.0470145 0.000778848
0.0471014 0.000775861
0.0471883 0.000773989
0.0472755 0.000770329
0.0473628 0.000769124
0.0474502 0.000765493
0.0475379 0.000764269
0.0476256 0.000760697
0.0477136 0.00075945
0.0478017 0.000756093
0.04789 0.000754831
0.0479784 0.000751611
0.048067 0.000750304
0.0481558 0.000747081
0.0482447 0.000745688
0.0483338 0.000742512
0.048423 0.000741078
0.0485124 0.0007379
0.048602 0.000736391
0.0486918 0.000733266
0.0487817 0.000731716
0.0488718 0.000728621
0.048962 0.000727024
0.0490524 0.000723991
0.049143 0.000722419
0.0492338 0.000719565
0.0493247 0.000717958
0.0494158 0.000715275
0.049507 0.000713573
0.0495984 0.000710927
0.04969 0.000709133
0.0497818 0.00070656
0.0498737 0.000704646
0.0499658 0.000702138
0.0500581 0.000700144
0.0501505 0.000697731
0.0502431 0.000695616
0.0503359 0.000693282
0.0504288 0.000691059
0.050522 0.000688881
0.0506153 0.000686605
0.0507087 0.000684663
0.0508024 0.000682288
0.0508962 0.000680568
0.0509902 0.000677882
0.0510843 0.000676417
0.0511786 0.000673289
0.0512732 0.000672224
0.0513678 0.000669121
0.0514627 0.000668004
0.0515577 0.000664907
0.0516529 0.000663763
0.0517483 0.000660697
0.0518439 0.000659515
0.0519396 0.000656495
0.0520355 0.000655304
0.0521316 0.000652446
0.0522279 0.000651253
0.0523243 0.000648537
0.0524209 0.000647268
0.0525177 0.000644585
0.0526147 0.00064328
0.0527119 0.000640599
0.0528092 0.000639244
0.0529067 0.000636599
0.0530044 0.000635166
0.0531023 0.00063256
0.0532004 0.000631086
0.0532986 0.000628543
0.053397 0.000627007
0.0534956 0.000624534
0.0535944 0.000622982
0.0536934 0.000620691
0.0537925 0.000619129
0.0538919 0.000616999
0.0539914 0.000615352
0.0540911 0.000613244
0.054191 0.000611498
0.054291 0.000609474
0.0543913 0.000607629
0.0544917 0.000605679
0.0545924 0.000603697
0.0546932 0.000601863
0.0547942 0.000599721
0.0548954 0.000598033
0.0549967 0.000595696
0.0550983 0.000594226
0.0552 0.000591552
0.055302 0.000590564
0.0554041 0.000587931
0.0555064 0.000586998
0.0556089 0.000584361
0.0557116 0.000583389
0.0558144 0.000580782
0.0559175 0.000579753
0.0560208 0.000577163
0.0561242 0.000576107
0.0562279 0.000573517
0.0563317 0.000572414
0.0564357 0.000569855
0.0565399 0.00056872
0.0566443 0.000566229
0.0567489 0.000565088
0.0568537 0.000562703
0.0569587 0.000561585
0.0570639 0.000559349
0.0571693 0.000558177
0.0572748 0.000555963
0.0573806 0.000554725
0.0574866 0.000552531
0.0575927 0.000551231
0.0576991 0.00054908
0.0578056 0.000547712
0.0579124 0.000545609
0.0580193 0.00054419
0.0581264 0.000542147
0.0582338 0.000540658
0.0583413 0.000538678
0.058449 0.000537168
0.058557 0.000535339
0.0586651 0.000533803
0.0587734 0.000532111
0.058882 0.000530485
0.0589907 0.000528851
0.0590996 0.000527106
0.0592088 0.000525576
0.0593181 0.000523671
0.0594276 0.000522261
0.0595374 0.000520149
0.0596473 0.000518937
0.0597575 0.000516453
0.0598678 0.000515606
0.0599784 0.00051316
0.0600891 0.000512306
0.0602001 0.000509934
0.0603112 0.000509104
0.0604226 0.000506884
0.0605342 0.000506016
0.060646 0.000503805
0.060758 0.000502889
0.0608702 0.000500688
0.0609826 0.000499724
0.0610952 0.000497555
0.061208 0.000496556
0.061321 0.000494399
0.0614343 0.000493355
0.0615477 0.00049122
0.0616614 0.000490152
0.0617752 0.000488077
0.0618893 0.000486995
0.0620036 0.000485025
0.0621181 0.000483956
0.0622328 0.000482131
0.0623477 0.000481003
0.0624628 0.000479199
0.0625782 0.000478005
0.0626937 0.000476239
0.0628095 0.000475012
0.0629255 0.000473264
0.0630417 0.000471951
0.0631581 0.000470258
0.0632747 0.000468879
0.0633916 0.000467259
0.0635086 0.000465793
0.0636259 0.000464257
0.0637434 0.000462745
0.0638611 0.000461358
0.063979 0.000459827
0.0640972 0.000458576
0.0642155 0.000456906
0.0643341 0.000455773
0.0644529 0.000453807
0.0645719 0.000452951
0.0646912 0.000450836
0.0648106 0.000450101
0.0649303 0.000447995
0.0650502 0.000447236
0.0651703 0.000445154
0.0652907 0.000444374
0.0654113 0.00044231
0.065532 0.000441517
0.0656531 0.000439534
0.0657743 0.000438751
0.0658957 0.000436896
0.0660174 0.000436076
0.0661393 0.000434236
0.0662615 0.000433369
0.0663838 0.000431542
0.0665064 0.000430636
0.0666292 0.000428822
0.0667523 0.000427895
0.0668755 0.000426097
0.066999 0.000425127
0.0671227 0.000423363
0.0672467 0.000422334
0.0673709 0.000420622
0.0674953 0.000419597
0.0676199 0.000417978
0.0677448 0.000416946
0.0678699 0.000415473
0.0679952 0.000414381
0.0681208 0.000412942
0.0682466 0.000411794
0.0683726 0.000410384
0.0684988 0.000409172
0.0686253 0.000407802
0.0687521 0.000406509
0.068879 0.000405223
0.0690062 0.000403837
0.0691336 0.000402615
0.0692613 0.000401122
0.0693892 0.000400018
0.0695173 0.000398407
0.0696457 0.000397505
0.0697743 0.000395728
0.0699031 0.000395108
0.0700322 0.000393338
0.0701616 0.000392684
0.0702911 0.000390928
0.0704209 0.000390249
0.070551 0.0003885
0.0706812 0.000387792
0.0708118 0.000386043
0.0709425 0.000385319
0.0710735 0.000383589
0.0712048 0.000382846
0.0713362 0.000381148
0.071468 0.000380393
0.0716 0.000378748
0.0717322 0.000377998
0.0718646 0.000376471
0.0719973 0.000375689
0.0721303 0.00037417
0.0722635 0.000373354
0.0723969 0.000371859
0.0725306 0.000370996
0.0726645 0.000369518
0.0727987 0.000368614
0.0729332 0.00036716
0.0730678 0.00036623
0.0732028 0.000364806
0.0733379 0.000363829
0.0734734 0.000362456
0.073609 0.000361458
0.073745 0.000360158
0.0738812 0.000359168
0.0740176 0.000357991
0.0741543 0.000356936
0.0742912 0.00035579
0.0744284 0.000354665
0.0745658 0.000353587
0.0747035 0.000352361
0.0748415 0.00035135
0.0749797 0.000350017
0.0751181 0.000349107
0.0752568 0.000347566
0.0753958 0.000346852
0.075535 0.000345173
0.0756745 0.000344602
0.0758143 0.000342959
0.0759543 0.000342413
0.0760945 0.000340906
0.076235 0.00034033
0.0763758 0.000338835
0.0765168 0.00033823
0.0766581 0.000336734
0.0767997 0.000336096
0.0769415 0.000334621
0.0770836 0.000333962
0.0772259 0.000332494
0.0773685 0.000331799
0.0775114 0.000330353
0.0776545 0.000329649
0.0777979 0.000328212
0.0779416 0.00032749
0.0780855 0.000326109
0.0782297 0.000325406
0.0783742 0.00032414
0.0785189 0.000323399
0.0786639 0.000322136
0.0788092 0.000321359
0.0789547 0.000320135
0.0791005 0.000319312
0.0792466 0.000318103
0.0793929 0.00031724
0.0795395 0.000316072
0.0796864 0.000315151
0.0798335 0.000314017
0.0799809 0.00031307
0.0801286 0.00031198
0.0802766 0.000310984
0.0804248 0.000309989
0.0805734 0.000309012
0.0807221 0.000308124
0.0808712 0.000307062
0.0810205 0.000306233
0.0811702 0.000305054
0.08132 0.000304337
0.0814702 0.000302907
0.0816207 0.000302416
0.0817714 0.000300993
0.0819224 0.000300482
0.0820737 0.000299075
0.0822252 0.000298549
0.0823771 0.000297155
0.0825292 0.000296613
0.0826816 0.000295253
0.0828342 0.000294726
0.0829872 0.000293475
0.0831405 0.000292937
0.083294 0.000291688
0.0834478 0.000291118
0.0836019 0.000289881
0.0837563 0.000289283
0.0839109 0.000288061
0.0840659 0.000287431
0.0842211 0.000286214
0.0843766 0.000285567
0.0845325 0.000284376
0.0846885 0.000283703
0.0848449 0.00028254
0.0850016 0.000281847
0.0851586 0.000280724
0.0853158 0.000280056
0.0854734 0.000279042
0.0856312 0.000278336
0.0857893 0.000277339
0.0859478 0.000276602
0.0861065 0.000275634
0.0862655 0.000274854
0.0864248 0.000273906
0.0865844 0.000273084
0.0867442 0.000272173
0.0869044 0.000271291
0.0870649 0.000270436
0.0872257 0.000269489
0.0873868 0.000268697
0.0875481 0.000267682
0.0877098 0.000266993
0.0878718 0.000265914
0.088034 0.000265375
0.0881966 0.000264175
0.0883594 0.000263743
0.0885226 0.000262551
0.0886861 0.000262104
0.0888498 0.000260907
0.0890139 0.000260448
0.0891783 0.000259262
0.089343 0.000258777
0.0895079 0.000257602
0.0896732 0.000257104
0.0898388 0.000255939
0.0900047 0.000255432
0.0901709 0.000254298
0.0903374 0.000253801
0.0905043 0.000252756
0.0906714 0.000252243
0.0908388 0.00025121
0.0910066 0.000250669
0.0911746 0.000249646
0.091343 0.000249082
0.0915116 0.000248073
0.0916806 0.000247481
0.0918499 0.000246484
0.0920195 0.000245865
0.0921895 0.000244891
0.0923597 0.000244244
0.0925303 0.000243301
0.0927011 0.000242626
0.0928723 0.000241731
0.0930438 0.000241074
0.0932156 0.000240253
0.0933877 0.000239562
0.0935602 0.000238776
0.093733 0.000238041
0.0939061 0.000237283
0.0940795 0.000236494
0.0942532 0.000235783
0.0944272 0.000234934
0.0946016 0.000234271
0.0947763 0.000233329
0.0949513 0.000232749
0.0951266 0.000231613
0.0953023 0.000231231
0.0954783 0.000230115
0.0956546 0.000229748
0.0958312 0.000228714
0.0960082 0.000228326
0.0961855 0.000227311
0.0963631 0.000226909
0.0965411 0.000225901
0.0967193 0.000225471
0.0968979 0.000224471
0.0970769 0.000224031
0.0972561 0.000223034
0.0974357 0.000222584
0.0976156 0.000221592
0.0977959 0.000221122
0.0979765 0.000220156
0.0981574 0.000219667
0.0983387 0.00021873
0.0985203 0.00021827
0.0987022 0.000217395
0.0988845 0.000216914
0.0990671 0.000216069
0.09925 0.000215559
0.0994333 0.000214725
0.0996169 0.000214196
0.0998008 0.000213375
0.0999851 0.000212814
0.10017 0.000212018
0.100355 0.000211422
0.10054 0.000210645
0.100726 0.000210023
0.100912 0.000209274
0.101098 0.00020863
0.101285 0.000207933
0.101472 0.000207286
0.101659 0.000206654
0.101847 0.000205971
0.102035 0.000205387
0.102223 0.00020464
0.102412 0.000204102
0.102601 0.000203261
0.102791 0.000202817
0.102981 0.000201853
0.103171 0.000201513
0.103361 0.00020056
0.103552 0.000200208
0.103743 0.000199258
0.103935 0.000198899
0.104127 0.000197975
0.104319 0.000197618
0.104512 0.000196757
0.104705 0.000196397
0.104898 0.000195551
0.105092 0.000195176
0.105286 0.000194331
0.10548 0.000193936
0.105675 0.000193102
0.10587 0.000192692
0.106066 0.000191868
0.106262 0.000191447
0.106458 0.000190631
0.106654 0.000190189
0.106851 0.000189389
0.107049 0.000188939
0.107246 0.000188168
0.107444 0.000187716
0.107643 0.000187006
0.107841 0.000186547
0.108041 0.000185862
0.10824 0.000185378
0.10844 0.000184709
0.10864 0.00018419
0.108841 0.000183543
0.109042 0.000182999
0.109243 0.000182369
0.109445 0.000181791
0.109647 0.000181194
0.10985 0.000180581
0.110052 0.000180015
0.110256 0.000179366
0.110459 0.000178856
0.110663 0.000178176
0.110868 0.000177742
0.111072 0.000176927
0.111277 0.000176644
0.111483 0.000175829
0.111689 0.000175537
0.111895 0.000174725
0.112102 0.000174414
0.112309 0.000173612
0.112516 0.000173288
0.112724 0.000172491
0.112932 0.000172159
0.11314 0.000171369
0.113349 0.000171022
0.113559 0.000170254
0.113768 0.000169921
0.113978 0.0001692
0.114189 0.000168857
0.1144 0.000168164
0.114611 0.000167809
0.114823 0.000167118
0.115035 0.000166749
0.115247 0.000166065
0.11546 0.00016568
0.115673 0.000165001
0.115887 0.000164597
0.116101 0.000163935
0.116315 0.000163514
0.11653 0.000162867
0.116745 0.000162431
0.116961 0.000161818
0.117177 0.000161378
0.117393 0.000160808
0.11761 0.000160363
0.117827 0.000159824
0.118045 0.000159349
0.118263 0.000158821
0.118481 0.000158315
0.1187 0.000157809
0.118919 0.000157269
0.119139 0.0001568
0.119359 0.000156211
0.119579 0.000155781
0.1198 0.000155126
0.120021 0.000154765
0.120243 0.000154015
0.120465 0.000153763
0.120687 0.000153061
0.12091 0.000152807
0.121133 0.000152127
0.121357 0.000151863
0.121581 0.000151187
0.121806 0.000150911
0.12203 0.000150238
0.122256 0.000149949
0.122482 0.000149283
0.122708 0.000148982
0.122934 0.000148321
0.123161 0.000148008
0.123389 0.000147357
0.123617 0.000147041
0.123845 0.000146399
0.124074 0.000146088
0.124303 0.000145489
0.124532 0.000145168
0.124762 0.000144594
0.124993 0.000144261
0.125223 0.000143696
0.125455 0.000143344
0.125686 0.000142785
0.125918 0.000142415
0.126151 0.00014187
0.126384 0.000141482
0.126617 0.000140953
0.126851 0.000140547
0.127085 0.000140028
0.12732 0.000139606
0.127555 0.000139117
0.127791 0.000138695
0.128027 0.000138246
0.128263 0.000137807
0.1285 0.000137391
0.128737 0.000136914
0.128975 0.000136526
0.129213 0.000136005
0.129452 0.000135651
0.129691 0.000135038
0.12993 0.00013478
0.13017 0.000134131
0.130411 0.000133898
0.130651 0.000133253
0.130893 0.000133014
0.131134 0.000132385
0.131376 0.000132148
0.131619 0.000131554
0.131862 0.000131314
0.132106 0.000130745
0.13235 0.000130494
0.132594 0.000129928
0.132839 0.000129665
0.133084 0.000129108
0.13333 0.000128833
0.133576 0.000128276
0.133823 0.000127995
0.13407 0.000127444
0.134317 0.000127152
0.134565 0.000126612
0.134814 0.000126311
0.135063 0.000125784
0.135312 0.000125483
0.135562 0.000124992
0.135812 0.000124692
0.136063 0.000124223
0.136315 0.000123906
0.136566 0.000123451
0.136818 0.000123114
0.137071 0.000122665
0.137324 0.000122311
0.137578 0.000121879
0.137832 0.000121508
0.138086 0.000121086
0.138341 0.00012069
0.138597 0.000120294
0.138853 0.000119875
0.139109 0.000119509
0.139366 0.000119076
0.139623 0.000118755
0.139881 0.000118294
0.14014 0.000118023
0.140398 0.000117477
0.140658 0.000117278
0.140917 0.000116737
0.141177 0.000116531
0.141438 0.00011599
0.141699 0.000115776
0.141961 0.000115239
0.142223 0.00011502
0.142486 0.000114488
0.142749 0.000114263
0.143013 0.000113739
0.143277 0.000113515
0.143541 0.000113023
0.143806 0.000112799
0.144072 0.000112332
0.144338 0.000112097
0.144604 0.000111632
0.144871 0.000111386
0.145139 0.000110928
0.145407 0.000110671
0.145675 0.000110218
0.145944 0.000109951
0.146214 0.000109505
0.146484 0.000109228
0.146754 0.00010879
0.147025 0.000108507
0.147297 0.000108081
0.147569 0.000107798
0.147841 0.000107399
0.148114 0.000107108
0.148388 0.000106732
0.148662 0.000106425
0.148937 0.000106062
0.149212 0.000105736
0.149487 0.000105382
0.149763 0.000105036
0.15004 0.000104701
0.150317 0.000104325
0.150594 0.000104017
0.150872 0.000103608
0.151151 0.000103329
0.15143 0.00010286
0.15171 0.000102651
0.15199 0.000102166
0.152271 0.000101997
0.152552 0.00010154
0.152833 0.000101364
0.153116 0.000100909
0.153398 0.000100727
0.153682 0.000100272
0.153965 0.00010008
0.15425 9.96311e-05
0.154535 9.94316e-05
0.15482 9.89868e-05
0.155106 9.87818e-05
0.155392 9.83426e-05
0.155679 9.81307e-05
0.155967 9.76998e-05
0.156255 9.74879e-05
0.156543 9.70775e-05
0.156832 9.68699e-05
0.157122 9.64813e-05
0.157412 9.62629e-05
0.157703 9.58788e-05
0.157994 9.56455e-05
0.158286 9.52674e-05
0.158578 9.50289e-05
0.158871 9.46584e-05
0.159164 9.44027e-05
0.159458 9.40409e-05
0.159753 9.37742e-05
0.160048 9.34246e-05
0.160343 9.31478e-05
0.160639 9.28102e-05
0.160936 9.25311e-05
0.161233 9.22167e-05
0.161531 9.1936e-05
0.161829 9.16478e-05
0.162128 9.13434e-05
0.162427 9.10696e-05
0.162727 9.07397e-05
0.163028 9.04864e-05
0.163329 9.01244e-05
0.16363 8.99008e-05
0.163933 8.94695e-05
0.164235 8.93114e-05
0.164539 8.88834e-05
0.164842 8.87204e-05
0.165147 8.82994e-05
0.165452 8.81368e-05
0.165757 8.7733e-05
0.166063 8.75715e-05
0.16637 8.7189e-05
0.166677 8.70224e-05
0.166985 8.66421e-05
0.167293 8.64695e-05
0.167602 8.60918e-05
0.167912 8.59115e-05
0.168222 8.55365e-05
0.168532 8.53467e-05
0.168844 8.49784e-05
0.169155 8.47824e-05
0.169468 8.44156e-05
0.169781 8.42165e-05
0.170094 8.38603e-05
0.170408 8.36593e-05
0.170723 8.33226e-05
0.171038 8.31213e-05
0.171354 8.28048e-05
0.171671 8.25985e-05
0.171988 8.22854e-05
0.172305 8.20675e-05
0.172623 8.1761e-05
0.172942 8.15327e-05
0.173261 8.12345e-05
0.173581 8.09911e-05
0.173902 8.07032e-05
0.174223 8.0448e-05
0.174545 8.01718e-05
0.174867 7.99022e-05
0.17519 7.96457e-05
0.175514 7.9364e-05
0.175838 7.91328e-05
0.176162 7.88442e-05
0.176488 7.86416e-05
0.176814 7.83087e-05
0.17714 7.81449e-05
0.177467 7.77812e-05
0.177795 7.76435e-05
0.178123 7.72803e-05
0.178452 7.71401e-05
0.178782 7.67784e-05
0.179112 7.66333e-05
0.179443 7.62758e-05
0.179774 7.61256e-05
0.180106 7.57723e-05
0.180438 7.56202e-05
0.180772 7.52834e-05
0.181105 7.51339e-05
0.18144 7.48172e-05
0.181775 7.46602e-05
0.182111 7.43464e-05
0.182447 7.41858e-05
0.182784 7.38726e-05
0.183121 7.37031e-05
0.183459 7.33932e-05
0.183798 7.3218e-05
0.184138 7.29133e-05
0.184478 7.27313e-05
0.184818 7.24294e-05
0.18516 7.22416e-05
0.185502 7.19521e-05
0.185844 7.17612e-05
0.186187 7.14854e-05
0.186531 7.12971e-05
0.186876 7.10439e-05
0.187221 7.08447e-05
0.187566 7.05945e-05
0.187913 7.03858e-05
0.18826 7.01441e-05
0.188607 6.992e-05
0.188956 6.96903e-05
0.189305 6.94527e-05
0.189654 6.92337e-05
0.190004 6.89778e-05
0.190355 6.87763e-05
0.190707 6.84939e-05
0.191059 6.83206e-05
0.191412 6.79897e-05
0.191765 6.78759e-05
0.192119 6.75672e-05
0.192474 6.74476e-05
0.192829 6.71411e-05
0.193186 6.70169e-05
0.193542 6.67111e-05
0.1939 6.65827e-05
0.194258 6.62783e-05
0.194616 6.61428e-05
0.194976 6.58405e-05
0.195336 6.57039e-05
0.195697 6.54048e-05
0.196058 6.52629e-05
0.19642 6.49698e-05
0.196783 6.48278e-05
0.197146 6.45458e-05
0.19751 6.44055e-05
0.197875 6.41448e-05
0.19824 6.40005e-05
0.198606 6.3744e-05
0.198973 6.35929e-05
0.199341 6.33397e-05
0.199709 6.31809e-05
0.200077 6.29302e-05
0.200447 6.27653e-05
0.200817 6.25204e-05
0.201188 6.23488e-05
0.201559 6.21076e-05
0.201932 6.19284e-05
0.202304 6.16977e-05
0.202678 6.15146e-05
0.203052 6.12953e-05
0.203427 6.11144e-05
0.203803 6.09146e-05
0.204179 6.07185e-05
0.204556 6.05275e-05
0.204934 6.03178e-05
0.205312 6.01379e-05
0.205692 5.99107e-05
0.206071 5.97458e-05
0.206452 5.94895e-05
0.206833 5.93516e-05
0.207215 5.90652e-05
0.207598 5.89554e-05
0.207981 5.86739e-05
0.208365 5.85642e-05
0.20875 5.82876e-05
0.209135 5.81826e-05
0.209522 5.79273e-05
0.209908 5.7816e-05
0.210296 5.75622e-05
0.210684 5.7448e-05
0.211073 5.71932e-05
0.211463 5.70744e-05
0.211854 5.68231e-05
0.212245 5.66994e-05
0.212637 5.64503e-05
0.21303 5.63228e-05
0.213423 5.60758e-05
0.213817 5.59438e-05
0.214212 5.5702e-05
0.214607 5.55682e-05
0.215004 5.53354e-05
0.215401 5.52045e-05
0.215799 5.49907e-05
0.216197 5.48536e-05
0.216596 5.46431e-05
0.216996 5.44992e-05
0.217397 5.42929e-05
0.217798 5.41409e-05
0.218201 5.39398e-05
0.218603 5.37811e-05
0.219007 5.3584e-05
0.219412 5.34173e-05
0.219817 5.32279e-05
0.220223 5.30536e-05
0.220629 5.28725e-05
0.221037 5.26914e-05
0.221445 5.25255e-05
0.221854 5.23424e-05
0.222263 5.21958e-05
0.222674 5.19935e-05
0.223085 5.18623e-05
0.223497 5.16185e-05
0.22391 5.1527e-05
0.224323 5.12834e-05
0.224737 5.11892e-05
0.225152 5.09473e-05
0.225568 5.08482e-05
0.225985 5.0609e-05
0.226402 5.0508e-05
0.22682 5.02719e-05
0.227239 5.01686e-05
0.227659 4.99375e-05
0.228079 4.98374e-05
0.2285 4.9625e-05
0.228922 4.95224e-05
0.229345 4.93102e-05
0.229768 4.92023e-05
0.230193 4.89934e-05
0.230618 4.88797e-05
0.231044 4.86726e-05
0.23147 4.85576e-05
0.231898 4.83505e-05
0.232326 4.82318e-05
0.232755 4.8028e-05
0.233185 4.79024e-05
0.233615 4.77057e-05
0.234047 4.75783e-05
0.234479 4.73882e-05
0.234912 4.72645e-05
0.235346 4.70921e-05
0.23578 4.69607e-05
0.236216 4.67914e-05
0.236652 4.66536e-05
0.237089 4.64883e-05
0.237527 4.63439e-05
0.237965 4.61854e-05
0.238405 4.60309e-05
0.238845 4.58784e-05
0.239286 4.57142e-05
0.239728 4.55721e-05
0.240171 4.53952e-05
0.240614 4.52663e-05
0.241058 4.50713e-05
0.241504 4.4967e-05
0.24195 4.47618e-05
0.242396 4.46827e-05
0.242844 4.44795e-05
0.243292 4.43971e-05
0.243742 4.41928e-05
0.244192 4.41088e-05
0.244643 4.39066e-05
0.245094 4.38164e-05
0.245547 4.36171e-05
0.246 4.35256e-05
0.246455 4.33268e-05
0.24691 4.32329e-05
0.247366 4.30355e-05
0.247822 4.29401e-05
0.24828 4.27478e-05
0.248739 4.2656e-05
0.249198 4.24779e-05
0.249658 4.23824e-05
0.250119 4.22074e-05
0.250581 4.21063e-05
0.251044 4.19329e-05
0.251507 4.18287e-05
0.251972 4.16582e-05
0.252437 4.15477e-05
0.252903 4.13794e-05
0.25337 4.1266e-05
0.253838 4.11014e-05
0.254307 4.09832e-05
0.254776 4.08239e-05
0.255247 4.0702e-05
0.255718 4.05499e-05
0.25619 4.043e-05
0.256663 4.02914e-05
0.257137 4.01666e-05
0.257612 4.00328e-05
0.258088 3.9898e-05
0.258565 3.97711e-05
0.259042 3.96273e-05
0.25952 3.95084e-05
0.26 3.93507e-05
0.26048 3.92425e-05
0.260961 3.90507e-05
0.261443 3.89771e-05
0.261925 3.87859e-05
0.262409 3.87125e-05
0.262894 3.85245e-05
0.263379 3.84521e-05
0.263865 3.828e-05
0.264353 3.82049e-05
0.264841 3.8035e-05
0.26533 3.79575e-05
0.26582 3.77878e-05
0.266311 3.77073e-05
0.266803 3.75387e-05
0.267295 3.74557e-05
0.267789 3.72884e-05
0.268283 3.7203e-05
0.268779 3.70373e-05
0.269275 3.69495e-05
0.269772 3.67867e-05
0.27027 3.66976e-05
0.27077 3.65395e-05
0.27127 3.6453e-05
0.27177 3.63064e-05
0.272272 3.62164e-05
0.272775 3.6074e-05
0.273279 3.59801e-05
0.273783 3.58395e-05
0.274289 3.57421e-05
0.274796 3.56048e-05
0.275303 3.55002e-05
0.275811 3.53664e-05
0.276321 3.52593e-05
0.276831 3.51294e-05
0.277342 3.50161e-05
0.277854 3.48911e-05
0.278367 3.47724e-05
0.278881 3.46561e-05
0.279396 3.45396e-05
0.279912 3.44349e-05
0.280429 3.43092e-05
0.280947 3.42131e-05
0.281466 3.40743e-05
0.281986 3.39899e-05
0.282506 3.38291e-05
0.283028 3.37648e-05
0.283551 3.36045e-05
0.284074 3.3539e-05
0.284599 3.33785e-05
0.285124 3.33116e-05
0.285651 3.31535e-05
0.286178 3.30847e-05
0.286707 3.29299e-05
0.287236 3.28618e-05
0.287767 3.27175e-05
0.288298 3.2648e-05
0.28883 3.25066e-05
0.289364 3.24339e-05
0.289898 3.22935e-05
0.290433 3.2219e-05
0.29097 3.20787e-05
0.291507 3.20015e-05
0.292045 3.18632e-05
0.292585 3.17825e-05
0.293125 3.16463e-05
0.293666 3.15639e-05
0.294208 3.14306e-05
0.294752 3.13455e-05
0.295296 3.1216e-05
0.295841 3.11324e-05
0.296388 3.10133e-05
0.296935 3.09276e-05
0.297483 3.08122e-05
0.298033 3.07225e-05
0.298583 3.0608e-05
0.299134 3.05137e-05
0.299687 3.04043e-05
0.30024 3.03046e-05
0.300795 3.01983e-05
0.30135 3.00928e-05
0.301906 2.99924e-05
0.302464 2.98802e-05
0.303022 2.97864e-05
0.303582 2.96659e-05
0.304143 2.95838e-05
0.304704 2.94518e-05
0.305267 2.93908e-05
0.305831 2.9254e-05
0.306395 2.91983e-05
0.306961 2.9062e-05
0.307528 2.90044e-05
0.308096 2.88683e-05
0.308665 2.88088e-05
0.309235 2.86743e-05
0.309806 2.86126e-05
0.310378 2.84789e-05
0.310951 2.84157e-05
0.311525 2.82836e-05
0.312101 2.82191e-05
0.312677 2.8091e-05
0.313254 2.80278e-05
0.313833 2.79069e-05
0.314412 2.78432e-05
0.314993 2.77262e-05
0.315574 2.76599e-05
0.316157 2.75441e-05
0.316741 2.74749e-05
0.317326 2.73602e-05
0.317912 2.72878e-05
0.318499 2.71751e-05
0.319087 2.71008e-05
0.319676 2.69905e-05
0.320267 2.69126e-05
0.320858 2.68048e-05
0.321451 2.67245e-05
0.322044 2.66212e-05
0.322639 2.65421e-05
0.323235 2.6446e-05
0.323832 2.63647e-05
0.32443 2.62726e-05
0.325029 2.61861e-05
0.325629 2.60991e-05
0.32623 2.60065e-05
0.326833 2.59232e-05
0.327436 2.58238e-05
0.328041 2.57465e-05
0.328646 2.56375e-05
0.329253 2.55701e-05
0.329861 2.54433e-05
0.33047 2.53931e-05
0.331081 2.52684e-05
0.331692 2.52189e-05
0.332305 2.51018e-05
0.332918 2.50513e-05
0.333533 2.49376e-05
0.334149 2.48859e-05
0.334766 2.47728e-05
0.335384 2.47191e-05
0.336003 2.46064e-05
0.336624 2.45506e-05
0.337246 2.44395e-05
0.337868 2.43826e-05
0.338492 2.42718e-05
0.339117 2.42127e-05
0.339743 2.41034e-05
0.340371 2.40431e-05
0.340999 2.3937e-05
0.341629 2.38781e-05
0.34226 2.37782e-05
0.342892 2.37174e-05
0.343525 2.36221e-05
0.344159 2.35589e-05
0.344795 2.34641e-05
0.345432 2.33995e-05
0.34607 2.33055e-05
0.346709 2.32383e-05
0.347349 2.31464e-05
0.34799 2.30759e-05
0.348633 2.29856e-05
0.349277 2.29119e-05
0.349922 2.28259e-05
0.350568 2.27493e-05
0.351215 2.26672e-05
0.351864 2.25904e-05
0.352513 2.25156e-05
0.353164 2.24355e-05
0.353817 2.23667e-05
0.35447 2.22791e-05
0.355125 2.2216e-05
0.35578 2.21158e-05
0.356437 2.20647e-05
0.357095 2.19572e-05
0.357755 2.19125e-05
0.358416 2.18052e-05
0.359077 2.17598e-05
0.35974 2.16536e-05
0.360405 2.16074e-05
0.36107 2.15027e-05
0.361737 2.1457e-05
0.362405 2.13583e-05
0.363074 2.13117e-05
0.363745 2.12173e-05
0.364416 2.11693e-05
0.365089 2.10756e-05
0.365763 2.10256e-05
0.366439 2.09326e-05
0.367116 2.08814e-05
0.367793 2.07884e-05
0.368473 2.0736e-05
0.369153 2.06446e-05
0.369835 2.05903e-05
0.370518 2.05006e-05
0.371202 2.04447e-05
0.371887 2.03573e-05
0.372574 2.03024e-05
0.373262 2.02208e-05
0.373951 2.01641e-05
0.374642 2.00863e-05
0.375334 2.0027e-05
0.376027 1.99511e-05
0.376721 1.98892e-05
0.377417 1.98143e-05
0.378114 1.97498e-05
0.378812 1.96773e-05
0.379511 1.96092e-05
0.380212 1.95396e-05
0.380914 1.94674e-05
0.381618 1.94016e-05
0.382322 1.93247e-05
0.383028 1.92651e-05
0.383736 1.91851e-05
0.384444 1.91337e-05
0.385154 1.9043e-05
0.385866 1.90053e-05
0.386578 1.89143e-05
0.387292 1.88753e-05
0.388007 1.87848e-05
0.388724 1.87443e-05
0.389441 1.86547e-05
0.390161 1.86126e-05
0.390881 1.85238e-05
0.391603 1.84807e-05
0.392326 1.83924e-05
0.39305 1.83493e-05
0.393776 1.82625e-05
0.394503 1.82198e-05
0.395232 1.81378e-05
0.395962 1.80948e-05
0.396693 1.80166e-05
0.397425 1.79716e-05
0.398159 1.78937e-05
0.398895 1.78475e-05
0.399631 1.77709e-05
0.400369 1.77229e-05
0.401108 1.76475e-05
0.401849 1.75977e-05
0.402591 1.75228e-05
0.403335 1.74716e-05
0.404079 1.73984e-05
0.404826 1.73457e-05
0.405573 1.72749e-05
0.406322 1.72222e-05
0.407072 1.71559e-05
0.407824 1.71027e-05
0.408577 1.70396e-05
0.409332 1.69836e-05
0.410088 1.69228e-05
0.410845 1.68632e-05
0.411604 1.68055e-05
0.412364 1.67417e-05
0.413125 1.66871e-05
0.413888 1.66187e-05
0.414652 1.65686e-05
0.415418 1.64916e-05
0.416185 1.64499e-05
0.416954 1.63665e-05
0.417723 1.63322e-05
0.418495 1.62526e-05
0.419268 1.62191e-05
0.420042 1.6143e-05
0.420818 1.61084e-05
0.421595 1.60332e-05
0.422373 1.59968e-05
0.423153 1.5922e-05
0.423934 1.58846e-05
0.424717 1.581e-05
0.425502 1.57717e-05
0.426287 1.5698e-05
0.427075 1.56587e-05
0.427863 1.5586e-05
0.428653 1.5546e-05
0.429445 1.54743e-05
0.430238 1.54342e-05
0.431032 1.5366e-05
0.431828 1.53261e-05
0.432626 1.52616e-05
0.433425 1.52203e-05
0.434225 1.51559e-05
0.435027 1.51132e-05
0.43583 1.50502e-05
0.436635 1.50053e-05
0.437441 1.49435e-05
0.438249 1.48966e-05
0.439058 1.48363e-05
0.439869 1.47879e-05
0.440681 1.47287e-05
0.441495 1.46789e-05
0.44231 1.46225e-05
0.443127 1.45714e-05
0.443945 1.45197e-05
0.444765 1.4468e-05
0.445586 1.44199e-05
0.446409 1.43646e-05
0.447234 1.43197e-05
0.448059 1.42589e-05
0.448887 1.42184e-05
0.449716 1.41469e-05
0.450546 1.41167e-05
0.451378 1.40456e-05
0.452212 1.40147e-05
0.453047 1.39441e-05
0.453883 1.39126e-05
0.454722 1.38431e-05
0.455561 1.38116e-05
0.456402 1.37451e-05
0.457245 1.37134e-05
0.45809 1.36507e-05
0.458935 1.36183e-05
0.459783 1.35557e-05
0.460632 1.35222e-05
0.461483 1.34602e-05
0.462335 1.34256e-05
0.463189 1.3364e-05
0.464044 1.33281e-05
0.464901 1.32669e-05
0.465759 1.32303e-05
0.466619 1.31702e-05
0.467481 1.31329e-05
0.468344 1.30744e-05
0.469209 1.30368e-05
0.470076 1.29808e-05
0.470944 1.29435e-05
0.471813 1.28909e-05
0.472684 1.28521e-05
0.473557 1.28002e-05
0.474432 1.27598e-05
0.475308 1.27088e-05
0.476186 1.26667e-05
0.477065 1.2617e-05
0.477946 1.25733e-05
0.478828 1.25256e-05
0.479713 1.24788e-05
0.480598 1.24334e-05
0.481486 1.23842e-05
0.482375 1.2342e-05
0.483266 1.22909e-05
0.484158 1.2253e-05
0.485052 1.21991e-05
0.485948 1.21672e-05
0.486845 1.21072e-05
0.487744 1.20803e-05
0.488645 1.20209e-05
0.489547 1.19933e-05
0.490451 1.19335e-05
0.491357 1.19055e-05
0.492264 1.18463e-05
0.493173 1.18172e-05
0.494084 1.17586e-05
0.494996 1.17293e-05
0.495911 1.16713e-05
0.496826 1.16419e-05
0.497744 1.15864e-05
0.498663 1.15574e-05
0.499584 1.15052e-05
0.500506 1.14754e-05
0.50143 1.14233e-05
0.502356 1.13924e-05
0.503284 1.13411e-05
0.504213 1.13091e-05
0.505144 1.12585e-05
0.506077 1.12256e-05
0.507012 1.11757e-05
0.507948 1.11417e-05
0.508886 1.10925e-05
0.509826 1.10576e-05
0.510767 1.10101e-05
0.51171 1.09744e-05
0.512655 1.09295e-05
0.513602 1.08944e-05
0.51455 1.08519e-05
0.515501 1.0815e-05
0.516453 1.07738e-05
0.517406 1.07352e-05
0.518362 1.06951e-05
0.519319 1.06546e-05
0.520278 1.06163e-05
0.521239 1.05729e-05
0.522201 1.05372e-05
0.523165 1.04903e-05
0.524131 1.04576e-05
0.525099 1.04022e-05
0.526069 1.03791e-05
0.52704 1.03253e-05
0.528014 1.03026e-05
0.528989 1.02523e-05
0.529966 1.02286e-05
0.530944 1.01787e-05
0.531925 1.01544e-05
0.532907 1.01049e-05
0.533891 1.008e-05
0.534877 1.00304e-05
0.535865 1.00046e-05
0.536854 9.95593e-06
0.537845 9.92974e-06
0.538839 9.88108e-06
0.539834 9.85423e-06
0.54083 9.80671e-06
0.541829 9.77964e-06
0.54283 9.73359e-06
0.543832 9.70722e-06
0.544836 9.66399e-06
0.545842 9.6368e-06
0.54685 9.5941e-06
0.54786 9.56537e-06
0.548872 9.52355e-06
0.549885 9.49408e-06
0.550901 9.45261e-06
0.551918 9.42204e-06
0.552937 9.38151e-06
0.553958 9.34943e-06
0.554981 9.30991e-06
0.556006 9.27725e-06
0.557033 9.23884e-06
0.558061 9.20575e-06
0.559092 9.16972e-06
0.560124 9.13617e-06
0.561159 9.10292e-06
0.562195 9.06748e-06
0.563233 9.03583e-06
0.564273 8.99789e-06
0.565315 8.96828e-06
0.566359 8.92634e-06
0.567405 8.9005e-06
0.568453 8.85343e-06
0.569502 8.83228e-06
0.570554 8.78577e-06
0.571608 8.76427e-06
0.572663 8.71776e-06
0.573721 8.69659e-06
0.57478 8.65171e-06
0.575842 8.63016e-06
0.576905 8.58882e-06
0.57797 8.56701e-06
0.579037 8.52559e-06
0.580107 8.50329e-06
0.581178 8.46222e-06
0.582251 8.439e-06
0.583326 8.39813e-06
0.584404 8.37485e-06
0.585483 8.3341e-06
0.586564 8.3102e-06
0.587647 8.27016e-06
0.588732 8.24531e-06
0.589819 8.20613e-06
0.590908 8.18122e-06
0.592 8.14356e-06
0.593093 8.11871e-06
0.594188 8.08339e-06
0.595285 8.0579e-06
0.596385 8.02333e-06
0.597486 7.99667e-06
0.598589 7.96263e-06
0.599694 7.93505e-06
0.600802 7.90155e-06
0.601911 7.873e-06
0.603023 7.8405e-06
0.604136 7.81086e-06
0.605252 7.77946e-06
0.60637 7.74805e-06
0.607489 7.71857e-06
0.608611 7.68604e-06
0.609735 7.6591e-06
0.610861 7.62606e-06
0.611989 7.60188e-06
0.613119 7.56324e-06
0.614251 7.54473e-06
0.615386 7.50529e-06
0.616522 7.48701e-06
0.61766 7.44765e-06
0.618801 7.42883e-06
0.619944 7.38995e-06
0.621088 7.37058e-06
0.622235 7.33201e-06
0.623384 7.31235e-06
0.624535 7.27399e-06
0.625689 7.25417e-06
0.626844 7.21689e-06
0.628002 7.19763e-06
0.629161 7.16334e-06
0.630323 7.14322e-06
0.631487 7.10896e-06
0.632653 7.0885e-06
0.633821 7.05442e-06
0.634992 7.03342e-06
0.636164 6.99977e-06
0.637339 6.97808e-06
0.638516 6.94479e-06
0.639695 6.92235e-06
0.640876 6.88974e-06
0.64206 6.86688e-06
0.643246 6.83502e-06
0.644433 6.81176e-06
0.645623 6.78125e-06
0.646816 6.75823e-06
0.64801 6.72974e-06
0.649207 6.70605e-06
0.650405 6.67831e-06
0.651606 6.65346e-06
0.65281 6.62641e-06
0.654015 6.60041e-06
0.655223 6.57419e-06
0.656433 6.54696e-06
0.657645 6.5221e-06
0.658859 6.49282e-06
0.660076 6.46967e-06
0.661295 6.43808e-06
0.662516 6.41768e-06
0.66374 6.38208e-06
0.664965 6.36644e-06
0.666193 6.33361e-06
0.667423 6.31763e-06
0.668656 6.28445e-06
0.669891 6.26821e-06
0.671128 6.23543e-06
0.672367 6.21857e-06
0.673608 6.186e-06
0.674852 6.16869e-06
0.676099 6.13637e-06
0.677347 6.11873e-06
0.678598 6.08669e-06
0.679851 6.06884e-06
0.681106 6.03701e-06
0.682364 6.01885e-06
0.683624 5.9878e-06
0.684887 5.97012e-06
0.686151 5.94163e-06
0.687418 5.9233e-06
0.688688 5.89535e-06
0.689959 5.87648e-06
0.691233 5.84878e-06
0.69251 5.82925e-06
0.693789 5.80179e-06
0.69507 5.78172e-06
0.696353 5.75494e-06
0.697639 5.73429e-06
0.698928 5.70805e-06
0.700218 5.68686e-06
0.701511 5.66117e-06
0.702807 5.63968e-06
0.704104 5.61539e-06
0.705405 5.59404e-06
0.706707 5.57158e-06
0.708012 5.54923e-06
0.70932 5.52781e-06
0.710629 5.50411e-06
0.711942 5.48367e-06
0.713256 5.45827e-06
0.714574 5.43933e-06
0.715893 5.41048e-06
0.717215 5.39498e-06
0.718539 5.36464e-06
0.719866 5.35037e-06
0.721196 5.32028e-06
0.722527 5.30602e-06
0.723862 5.27627e-06
0.725198 5.26224e-06
0.726537 5.23493e-06
0.727879 5.22049e-06
0.729223 5.19327e-06
0.73057 5.17848e-06
0.731919 5.15147e-06
0.73327 5.13628e-06
0.734624 5.10968e-06
0.735981 5.09398e-06
0.73734 5.06736e-06
0.738702 5.05145e-06
0.740066 5.02511e-06
0.741432 5.00885e-06
0.742801 4.98301e-06
0.744173 4.96648e-06
0.745547 4.9413e-06
0.746924 4.9251e-06
0.748303 4.90176e-06
0.749685 4.8852e-06
0.75107 4.86242e-06
0.752456 4.84509e-06
0.753846 4.82264e-06
0.755238 4.80471e-06
0.756633 4.78264e-06
0.75803 4.76418e-06
0.75943 4.74254e-06
0.760832 4.72351e-06
0.762237 4.70243e-06
0.763644 4.6825e-06
0.765055 4.66261e-06
0.766467 4.64191e-06
0.767883 4.62321e-06
0.769301 4.60229e-06
0.770721 4.58541e-06
0.772145 4.5632e-06
0.77357 4.54792e-06
0.774999 4.52229e-06
0.77643 4.51007e-06
0.777864 4.48465e-06
0.7793 4.47209e-06
0.780739 4.4468e-06
0.782181 4.43399e-06
0.783625 4.40895e-06
0.785072 4.3958e-06
0.786522 4.37095e-06
0.787974 4.35788e-06
0.78943 4.33345e-06
0.790887 4.32057e-06
0.792348 4.29795e-06
0.793811 4.28498e-06
0.795277 4.26268e-06
0.796745 4.24918e-06
0.798217 4.22705e-06
0.799691 4.21323e-06
0.801167 4.19123e-06
0.802647 4.17711e-06
0.804129 4.15553e-06
0.805614 4.14097e-06
0.807101 4.11973e-06
0.808592 4.10472e-06
0.810085 4.08383e-06
0.811581 4.06894e-06
0.81308 4.04852e-06
0.814581 4.03385e-06
0.816085 4.01493e-06
0.817592 3.99984e-06
0.819102 3.98134e-06
0.820615 3.96562e-06
0.82213 3.94776e-06
0.823648 3.9314e-06
0.825169 3.91385e-06
0.826693 3.89673e-06
0.828219 3.87997e-06
0.829749 3.86186e-06
0.831281 3.84607e-06
0.832816 3.8267e-06
0.834354 3.81214e-06
0.835895 3.79073e-06
0.837438 3.77889e-06
0.838985 3.75739e-06
0.840534 3.74691e-06
0.842086 3.72575e-06
0.843641 3.71512e-06
0.845199 3.69405e-06
0.84676 3.68319e-06
0.848323 3.66231e-06
0.84989 3.65108e-06
0.851459 3.63021e-06
0.853031 3.61879e-06
0.854607 3.59821e-06
0.856185 3.58671e-06
0.857766 3.56638e-06
0.85935 3.5545e-06
0.860937 3.53468e-06
0.862526 3.5232e-06
0.864119 3.5043e-06
0.865715 3.49263e-06
0.867313 3.47435e-06
0.868915 3.4623e-06
0.87052 3.44427e-06
0.872127 3.43181e-06
0.873738 3.4139e-06
0.875351 3.40119e-06
0.876967 3.38371e-06
0.878587 3.37053e-06
0.880209 3.35331e-06
0.881835 3.3398e-06
0.883463 3.32312e-06
0.885094 3.30915e-06
0.886729 3.29308e-06
0.888366 3.27948e-06
0.890007 3.26459e-06
0.89165 3.25055e-06
0.893297 3.2363e-06
0.894946 3.22153e-06
0.896599 3.20792e-06
0.898255 3.19221e-06
0.899913 3.17933e-06
0.901575 3.16254e-06
0.90324 3.15081e-06
0.904908 3.13144e-06
0.906579 3.12216e-06
0.908253 3.10295e-06
0.90993 3.09355e-06
0.911611 3.07461e-06
0.913294 3.06541e-06
0.91498 3.04755e-06
0.91667 3.03808e-06
0.918363 3.02074e-06
0.920059 3.01107e-06
0.921758 2.99372e-06
0.92346 2.98398e-06
0.925165 2.96674e-06
0.926873 2.95678e-06
0.928585 2.9397e-06
0.9303 2.92946e-06
0.932018 2.91264e-06
0.933739 2.90214e-06
0.935463 2.88548e-06
0.93719 2.87499e-06
0.938921 2.85883e-06
0.940655 2.84845e-06
0.942392 2.8334e-06
0.944132 2.82284e-06
0.945875 2.8082e-06
0.947622 2.79738e-06
0.949372 2.78293e-06
0.951125 2.77176e-06
0.952881 2.75753e-06
0.954641 2.74606e-06
0.956404 2.73219e-06
0.95817 2.7203e-06
0.959939 2.70672e-06
0.961712 2.69451e-06
0.963488 2.68134e-06
0.965267 2.66862e-06
0.967049 2.65632e-06
0.968835 2.64346e-06
0.970624 2.63214e-06
0.972417 2.61872e-06
0.974212 2.60833e-06
0.976011 2.59353e-06
0.977814 2.58439e-06
0.979619 2.56832e-06
0.981428 2.56023e-06
0.983241 2.54422e-06
0.985056 2.53611e-06
0.986875 2.52011e-06
0.988698 2.51189e-06
0.990523 2.49619e-06
0.992352 2.48777e-06
0.994185 2.47232e-06
0.996021 2.46403e-06
0.99786 2.44936e-06
0.999703 2.44113e-06
1.00155 2.4269e-06
1.0034 2.41838e-06
1.00525 2.40434e-06
1.00711 2.39568e-06
1.00897 2.38166e-06
1.01083 2.37272e-06
1.0127 2.35892e-06
1.01457 2.34984e-06
1.01644 2.33622e-06
1.01832 2.32698e-06
1.0202 2.3136e-06
1.02208 2.30417e-06
1.02397 2.29122e-06
1.02586 2.28184e-06
1.02775 2.26969e-06
1.02965 2.26018e-06
1.03155 2.24857e-06
1.03346 2.2388e-06
1.03537 2.22729e-06
1.03728 2.21724e-06
1.03919 2.20606e-06
1.04111 2.19554e-06
1.04304 2.18474e-06
1.04496 2.17368e-06
1.04689 2.16337e-06
1.04882 2.15173e-06
1.05076 2.14211e-06
1.0527 2.12972e-06
1.05465 2.12104e-06
1.05659 2.10734e-06
1.05854 2.10077e-06
1.0605 2.08758e-06
1.06246 2.08087e-06
1.06442 2.0677e-06
1.06638 2.06083e-06
1.06835 2.04777e-06
1.07033 2.04078e-06
1.0723 2.02782e-06
1.07428 2.02059e-06
1.07627 2.00781e-06
1.07825 2.00057e-06
1.08025 1.98788e-06
1.08224 1.98066e-06
1.08424 1.96817e-06
1.08624 1.96092e-06
1.08825 1.94916e-06
1.09026 1.94182e-06
1.09227 1.93045e-06
1.09429 1.92302e-06
1.09631 1.91173e-06
1.09833 1.90412e-06
1.10036 1.89299e-06
1.10239 1.8851e-06
1.10443 1.87409e-06
1.10647 1.8661e-06
1.10851 1.85527e-06
1.11056 1.84701e-06
1.11261 1.83643e-06
1.11466 1.82798e-06
1.11672 1.81778e-06
1.11878 1.80937e-06
1.12085 1.79982e-06
1.12292 1.79142e-06
1.12499 1.78243e-06
1.12707 1.77349e-06
1.12915 1.76485e-06
1.13124 1.75549e-06
1.13333 1.74724e-06
1.13542 1.7374e-06
1.13751 1.72958e-06
1.13962 1.71888e-06
1.14172 1.71195e-06
1.14383 1.70018e-06
1.14594 1.69436e-06
1.14806 1.6828e-06
1.15018 1.67708e-06
1.1523 1.66589e-06
1.15443 1.66021e-06
1.15656 1.6496e-06
1.1587 1.64369e-06
1.16083 1.6331e-06
1.16298 1.62714e-06
1.16513 1.61656e-06
1.16728 1.61046e-06
1.16943 1.59999e-06
1.17159 1.59377e-06
1.17376 1.58339e-06
1.17592 1.57709e-06
1.1781 1.56681e-06
1.18027 1.56042e-06
1.18245 1.55037e-06
1.18463 1.54404e-06
1.18682 1.53451e-06
1.18901 1.52816e-06
1.19121 1.51913e-06
1.19341 1.51256e-06
1.19561 1.5036e-06
1.19782 1.49684e-06
1.20003 1.48806e-06
1.20225 1.48109e-06
1.20447 1.47246e-06
1.20669 1.4653e-06
1.20892 1.45686e-06
1.21115 1.4495e-06
1.21339 1.44133e-06
1.21563 1.4337e-06
1.21787 1.42591e-06
1.22012 1.41823e-06
1.22238 1.41105e-06
1.22463 1.40316e-06
1.2269 1.39654e-06
1.22916 1.38813e-06
1.23143 1.38193e-06
1.2337 1.37215e-06
1.23598 1.36734e-06
1.23826 1.3576e-06
1.24055 1.35272e-06
1.24284 1.34305e-06
1.24514 1.33803e-06
1.24744 1.32851e-06
1.24974 1.32348e-06
1.25205 1.31412e-06
1.25436 1.30916e-06
1.25668 1.30018e-06
1.259 1.29522e-06
1.26132 1.28675e-06
1.26365 1.28176e-06
1.26598 1.27329e-06
1.26832 1.26811e-06
1.27066 1.25977e-06
1.27301 1.2545e-06
1.27536 1.24619e-06
1.27772 1.24088e-06
1.28008 1.23265e-06
1.28244 1.22724e-06
1.28481 1.21915e-06
1.28718 1.21355e-06
1.28956 1.20575e-06
1.29194 1.20021e-06
1.29432 1.19275e-06
1.29671 1.18723e-06
1.29911 1.18021e-06
1.30151 1.17446e-06
1.30391 1.16756e-06
1.30632 1.16165e-06
1.30873 1.15493e-06
1.31115 1.14877e-06
1.31357 1.1422e-06
1.31599 1.13579e-06
1.31842 1.12944e-06
1.32086 1.12276e-06
1.3233 1.11675e-06
1.32574 1.10976e-06
1.32819 1.10421e-06
1.33064 1.09684e-06
1.3331 1.09202e-06
1.33556 1.08414e-06
1.33803 1.08014e-06
1.3405 1.07234e-06
1.34297 1.06827e-06
1.34545 1.06044e-06
1.34794 1.05635e-06
1.35043 1.04858e-06
1.35292 1.04434e-06
1.35542 1.03669e-06
1.35792 1.03241e-06
1.36043 1.02482e-06
1.36294 1.02051e-06
1.36546 1.01305e-06
1.36798 1.00875e-06
1.37051 1.00164e-06
1.37304 9.97462e-07
1.37557 9.90706e-07
1.37811 9.86439e-07
1.38066 9.79774e-07
1.38321 9.7535e-07
1.38576 9.68781e-07
1.38832 9.64283e-07
1.39088 9.57834e-07
1.39345 9.53163e-07
1.39603 9.46813e-07
1.3986 9.42052e-07
1.40119 9.35855e-07
1.40377 9.30999e-07
1.40637 9.24985e-07
1.40896 9.2011e-07
1.41157 9.14353e-07
1.41417 9.09531e-07
1.41678 9.04154e-07
1.4194 8.99148e-07
1.42202 8.93899e-07
1.42465 8.88635e-07
1.42728 8.83613e-07
1.42991 8.78032e-07
1.43255 8.73277e-07
1.4352 8.6735e-07
1.43785 8.62927e-07
1.4405 8.56211e-07
1.44316 8.52676e-07
1.44583 8.4585e-07
1.4485 8.4252e-07
1.45117 8.35924e-07
1.45385 8.32659e-07
1.45654 8.26518e-07
1.45923 8.23173e-07
1.46192 8.17067e-07
1.46462 8.13672e-07
1.46733 8.07545e-07
1.47004 8.04079e-07
1.47275 7.98012e-07
1.47547 7.94488e-07
1.47819 7.88517e-07
1.48092 7.84879e-07
1.48366 7.78962e-07
1.4864 7.75316e-07
1.48914 7.69495e-07
1.49189 7.65872e-07
1.49465 7.60315e-07
1.49741 7.56741e-07
1.50017 7.51509e-07
1.50294 7.47828e-07
1.50572 7.42682e-07
1.5085 7.38912e-07
1.51129 7.33848e-07
1.51408 7.29979e-07
1.51687 7.25019e-07
1.51967 7.21011e-07
1.52248 7.1613e-07
1.52529 7.12023e-07
1.52811 7.07315e-07
1.53093 7.03071e-07
1.53376 6.98552e-07
1.53659 6.94262e-07
1.53943 6.90008e-07
1.54227 6.85758e-07
1.54512 6.81849e-07
1.54797 6.77324e-07
1.55083 6.73614e-07
1.55369 6.68721e-07
1.55656 6.65389e-07
1.55944 6.5987e-07
1.56231 6.57131e-07
1.5652 6.51674e-07
1.56809 6.48898e-07
1.57099 6.4343e-07
1.57389 6.40667e-07
1.57679 6.35307e-07
1.5797 6.32545e-07
1.58262 6.27361e-07
1.58554 6.24664e-07
1.58847 6.19867e-07
1.59141 6.17087e-07
1.59434 6.12334e-07
1.59729 6.0952e-07
1.60024 6.04795e-07
1.60319 6.01885e-07
1.60615 5.97193e-07
1.60912 5.94226e-07
1.61209 5.89608e-07
1.61507 5.8657e-07
1.61805 5.82039e-07
1.62104 5.78957e-07
1.62403 5.74538e-07
1.62703 5.71445e-07
1.63003 5.67199e-07
1.63304 5.64177e-07
1.63606 5.60224e-07
1.63908 5.57157e-07
1.64211 5.53233e-07
1.64514 5.50041e-07
1.64818 5.46206e-07
1.65122 5.42911e-07
1.65427 5.39217e-07
1.65733 5.35773e-07
1.66039 5.32178e-07
1.66345 5.2861e-07
1.66652 5.25206e-07
1.6696 5.21479e-07
1.67268 5.18283e-07
1.67577 5.14398e-07
1.67887 5.11554e-07
1.68197 5.07495e-07
1.68507 5.05167e-07
1.68819 5.00884e-07
1.6913 4.98737e-07
1.69443 4.94463e-07
1.69756 4.92294e-07
1.70069 4.88045e-07
1.70383 4.85835e-07
1.70698 4.81611e-07
1.71013 4.79347e-07
1.71329 4.75175e-07
1.71645 4.72889e-07
1.71962 4.68781e-07
1.7228 4.66515e-07
1.72598 4.62549e-07
1.72916 4.60308e-07
1.73236 4.56648e-07
1.73556 4.54358e-07
1.73876 4.50712e-07
1.74197 4.4838e-07
1.74519 4.44778e-07
1.74841 4.42378e-07
1.75164 4.38822e-07
1.75487 4.36349e-07
1.75812 4.32839e-07
1.76136 4.30329e-07
1.76461 4.2691e-07
1.76787 4.24328e-07
1.77114 4.21002e-07
1.77441 4.18402e-07
1.77768 4.15246e-07
1.78097 4.12726e-07
1.78426 4.09813e-07
1.78755 4.07215e-07
1.79085 4.04364e-07
1.79416 4.01648e-07
1.79747 3.98929e-07
1.80079 3.96081e-07
1.80412 3.93464e-07
1.80745 3.90453e-07
1.81079 3.87998e-07
1.81413 3.84778e-07
1.81748 3.82571e-07
1.82084 3.78902e-07
1.8242 3.77176e-07
1.82757 3.73613e-07
1.83094 3.71926e-07
1.83432 3.68647e-07
1.83771 3.66933e-07
1.8411 3.63675e-07
1.8445 3.61913e-07
1.84791 3.5866e-07
1.85132 3.56884e-07
1.85474 3.53652e-07
1.85816 3.51827e-07
1.8616 3.4865e-07
1.86503 3.46816e-07
1.86848 3.43654e-07
1.87193 3.41774e-07
1.87538 3.38682e-07
1.87885 3.36801e-07
1.88232 3.33798e-07
1.88579 3.31995e-07
1.88928 3.29277e-07
1.89276 3.27414e-07
1.89626 3.24724e-07
1.89976 3.22807e-07
1.90327 3.20141e-07
1.90678 3.18199e-07
1.9103 3.15571e-07
1.91383 3.13561e-07
1.91737 3.10987e-07
1.92091 3.08927e-07
1.92445 3.06416e-07
1.92801 3.04286e-07
1.93157 3.01899e-07
1.93514 2.99731e-07
1.93871 2.97468e-07
1.94229 2.95367e-07
1.94588 2.93314e-07
1.94947 2.91096e-07
1.95307 2.89147e-07
1.95667 2.86785e-07
1.96029 2.8497e-07
1.96391 2.8233e-07
1.96753 2.80786e-07
1.97117 2.77966e-07
1.97481 2.76593e-07
1.97845 2.73792e-07
1.98211 2.72422e-07
1.98577 2.69659e-07
1.98943 2.68294e-07
1.99311 2.656e-07
1.99679 2.64291e-07
2.00048 2.61831e-07
2.00417 2.60486e-07
2.00787 2.58069e-07
2.01158 2.56703e-07
2.01529 2.54297e-07
2.01902 2.52879e-07
2.02274 2.50507e-07
2.02648 2.49083e-07
2.03022 2.46713e-07
2.03397 2.45254e-07
2.03773 2.42935e-07
2.04149 2.41448e-07
2.04526 2.39185e-07
2.04904 2.37689e-07
2.05282 2.35487e-07
2.05661 2.34049e-07
2.06041 2.32062e-07
2.06421 2.30575e-07
2.06802 2.28615e-07
2.07184 2.27082e-07
2.07567 2.25173e-07
2.0795 2.23569e-07
2.08334 2.21706e-07
2.08719 2.20056e-07
2.09104 2.18251e-07
2.0949 2.16538e-07
2.09877 2.14806e-07
2.10265 2.13032e-07
2.10653 2.1139e-07
2.11042 2.09537e-07
2.11432 2.08052e-07
2.11822 2.06205e-07
2.12213 2.04928e-07
2.12605 2.0281e-07
2.12998 2.01801e-07
2.13391 1.99696e-07
2.13785 1.98663e-07
2.1418 1.96574e-07
2.14576 1.95527e-07
2.14972 1.93451e-07
2.15369 1.92379e-07
2.15766 1.90332e-07
2.16165 1.89247e-07
2.16564 1.87226e-07
2.16964 1.86158e-07
2.17365 1.84183e-07
2.17766 1.83156e-07
2.18168 1.81368e-07
2.18571 1.80317e-07
2.18975 1.78571e-07
2.19379 1.77485e-07
2.19784 1.75746e-07
2.2019 1.74645e-07
2.20597 1.72937e-07
2.21004 1.71806e-07
2.21412 1.70126e-07
2.21821 1.68966e-07
2.2223 1.6731e-07
2.22641 1.66128e-07
2.23052 1.64524e-07
2.23464 1.63323e-07
2.23876 1.61784e-07
2.2429 1.6064e-07
2.24704 1.59236e-07
2.25119 1.58058e-07
2.25535 1.56693e-07
2.25951 1.55468e-07
2.26368 1.54141e-07
2.26786 1.52858e-07
2.27205 1.51593e-07
2.27625 1.50236e-07
2.28045 1.49037e-07
2.28466 1.47596e-07
2.28888 1.46491e-07
2.29311 1.44902e-07
2.29734 1.43965e-07
2.30158 1.42253e-07
2.30583 1.41499e-07
2.31009 1.39945e-07
2.31436 1.39192e-07
2.31863 1.37661e-07
2.32291 1.36894e-07
2.3272 1.3538e-07
2.3315 1.34593e-07
2.33581 1.33089e-07
2.34012 1.32288e-07
2.34444 1.30795e-07
2.34877 1.29984e-07
2.35311 1.28513e-07
2.35745 1.27686e-07
2.36181 1.26245e-07
2.36617 1.25425e-07
2.37054 1.24025e-07
2.37491 1.23233e-07
2.3793 1.21963e-07
2.38369 1.21165e-07
2.38809 1.19936e-07
2.3925 1.19117e-07
2.39692 1.179e-07
2.40135 1.17055e-07
2.40578 1.15863e-07
2.41023 1.1499e-07
2.41468 1.13824e-07
2.41914 1.12921e-07
2.4236 1.11788e-07
2.42808 1.10867e-07
2.43256 1.0977e-07
2.43705 1.08828e-07
2.44155 1.07793e-07
2.44606 1.06876e-07
2.45058 1.05938e-07
2.4551 1.0499e-07
2.45964 1.04112e-07
2.46418 1.03109e-07
2.46873 1.02277e-07
2.47329 1.01191e-07
2.47786 1.00438e-07
2.48243 9.91732e-08
2.48702 9.86009e-08
2.49161 9.73498e-08
2.49621 9.67761e-08
2.50082 9.55398e-08
2.50544 9.4961e-08
2.51006 9.37588e-08
2.5147 9.32104e-08
2.51934 9.2119e-08
2.52399 9.15621e-08
2.52866 9.05125e-08
2.53333 8.9947e-08
2.538 8.88995e-08
2.54269 8.83272e-08
2.54739 8.72842e-08
2.55209 8.66926e-08
2.5568 8.56724e-08
2.56152 8.50613e-08
2.56625 8.40563e-08
2.57099 8.34438e-08
2.57574 8.24538e-08
2.5805 8.18375e-08
2.58526 8.08848e-08
2.59004 8.02883e-08
2.59482 7.94177e-08
2.59961 7.88222e-08
2.60441 7.79858e-08
2.60922 7.73666e-08
2.61404 7.6551e-08
2.61886 7.59062e-08
2.6237 7.51092e-08
2.62855 7.44401e-08
2.6334 7.36645e-08
2.63826 7.29761e-08
2.64313 7.22346e-08
2.64801 7.151e-08
2.6529 7.08092e-08
2.6578 7.00657e-08
2.66271 6.94237e-08
2.66763 6.86892e-08
2.67255 6.81269e-08
2.67749 6.73467e-08
2.68243 6.68674e-08
2.68739 6.59951e-08
2.69235 6.55969e-08
2.69732 6.47342e-08
2.7023 6.4328e-08
2.70729 6.34654e-08
2.71229 6.30541e-08
2.7173 6.22073e-08
2.72232 6.17876e-08
2.72735 6.09536e-08
2.73238 6.0538e-08
2.73743 5.97223e-08
2.74248 5.9325e-08
2.74755 5.85766e-08
2.75262 5.81781e-08
2.7577 5.74663e-08
2.7628 5.70588e-08
2.7679 5.63544e-08
2.77301 5.59381e-08
2.77813 5.52424e-08
2.78326 5.48102e-08
2.7884 5.41245e-08
2.79355 5.36862e-08
2.79871 5.30149e-08
2.80387 5.25605e-08
2.80905 5.19066e-08
2.81424 5.14526e-08
2.81944 5.0826e-08
2.82464 5.03883e-08
2.82986 4.98196e-08
2.83508 4.93787e-08
2.84032 4.88461e-08
2.84556 4.83878e-08
2.85082 4.78684e-08
2.85608 4.73878e-08
2.86136 4.68877e-08
2.86664 4.63851e-08
2.87193 4.59109e-08
2.87724 4.53749e-08
2.88255 4.49356e-08
2.88787 4.43624e-08
2.89321 4.39685e-08
2.89855 4.32966e-08
2.9039 4.30291e-08
2.90926 4.24145e-08
2.91464 4.21519e-08
2.92002 4.1569e-08
2.92541 4.12957e-08
2.93081 4.07205e-08
2.93623 4.04406e-08
2.94165 3.98684e-08
2.94708 3.9585e-08
2.95252 3.9015e-08
2.95797 3.87234e-08
2.96344 3.81637e-08
2.96891 3.78716e-08
2.97439 3.73187e-08
2.97988 3.7023e-08
2.98539 3.64904e-08
2.9909 3.62093e-08
2.99642 3.57231e-08
3.00195 3.54463e-08
3.0075 3.49889e-08
3.01305 3.47056e-08
3.01862 3.42538e-08
3.02419 3.39604e-08
3.02977 3.3519e-08
3.03537 3.32155e-08
3.04097 3.27827e-08
3.04659 3.24707e-08
3.05222 3.20521e-08
3.05785 3.17284e-08
3.0635 3.13235e-08
3.06916 3.0997e-08
3.07482 3.06156e-08
3.0805 3.02973e-08
3.08619 2.99507e-08
3.09189 2.96334e-08
3.0976 2.93128e-08
3.10332 2.89779e-08
3.10905 2.86772e-08
3.11479 2.83167e-08
3.12054 2.80365e-08
3.1263 2.76412e-08
3.13208 2.73966e-08
3.13786 2.69495e-08
3.14365 2.67577e-08
3.14946 2.63164e-08
3.15528 2.61254e-08
3.1611 2.56926e-08
3.16694 2.55116e-08
3.17279 2.51161e-08
3.17865 2.49386e-08
3.18452 2.45711e-08
3.1904 2.43879e-08
3.19629 2.40245e-08
3.20219 2.38368e-08
3.2081 2.34758e-08
3.21403 2.32823e-08
3.21996 2.29264e-08
3.22591 2.27315e-08
3.23187 2.23786e-08
3.23783 2.218e-08
3.24381 2.18365e-08
3.2498 2.16353e-08
3.2558 2.13047e-08
3.26182 2.11134e-08
3.26784 2.08128e-08
3.27387 2.06257e-08
3.27992 2.03463e-08
3.28598 2.01514e-08
3.29204 1.98786e-08
3.29812 1.9677e-08
3.30421 1.94106e-08
3.31031 1.92023e-08
3.31643 1.8941e-08
3.32255 1.87241e-08
3.32869 1.84742e-08
3.33483 1.82502e-08
3.34099 1.80118e-08
3.34716 1.77785e-08
3.35334 1.756e-08
3.35953 1.7329e-08
3.36574 1.71399e-08
3.37195 1.69081e-08
3.37818 1.67436e-08
3.38442 1.64761e-08
3.39067 1.63489e-08
3.39693 1.60706e-08
3.4032 1.59515e-08
3.40949 1.56744e-08
3.41578 1.55527e-08
3.42209 1.5281e-08
3.42841 1.51574e-08
3.43474 1.48895e-08
3.44108 1.47671e-08
3.44744 1.45051e-08
3.4538 1.4388e-08
3.46018 1.41473e-08
3.46657 1.40336e-08
3.47297 1.3815e-08
3.47939 1.36971e-08
3.48581 1.34793e-08
3.49225 1.33597e-08
3.4987 1.31441e-08
3.50516 1.30208e-08
3.51163 1.28091e-08
3.51811 1.26818e-08
3.52461 1.24736e-08
3.53112 1.23439e-08
3.53764 1.21414e-08
3.54417 1.20109e-08
3.55072 1.18162e-08
3.55727 1.16901e-08
3.56384 1.15152e-08
3.57042 1.13931e-08
3.57702 1.12336e-08
3.58362 1.11065e-08
3.59024 1.09527e-08
3.59687 1.08188e-08
3.60351 1.06697e-08
3.61017 1.05298e-08
3.61683 1.03876e-08
3.62351 1.02395e-08
3.6302 1.01058e-08
3.63691 9.94828e-09
3.64362 9.82686e-09
3.65035 9.65656e-09
3.65709 9.55526e-09
3.66384 9.37176e-09
3.67061 9.30276e-09
3.67739 9.13865e-09
3.68418 9.06768e-09
3.69098 8.90393e-09
3.6978 8.83166e-09
3.70463 8.66873e-09
3.71147 8.59578e-09
3.71832 8.43425e-09
3.72519 8.35935e-09
3.73207 8.19981e-09
3.73896 8.12331e-09
3.74586 7.96729e-09
3.75278 7.8909e-09
3.75971 7.73891e-09
3.76665 7.66545e-09
3.77361 7.52658e-09
3.78058 7.45698e-09
3.78756 7.33399e-09
3.79455 7.26194e-09
3.80156 7.14063e-09
3.80858 7.06617e-09
3.81561 6.94669e-09
3.82266 6.87016e-09
3.82972 6.7526e-09
3.83679 6.67347e-09
3.84387 6.55871e-09
3.85097 6.47856e-09
3.85808 6.36694e-09
3.86521 6.28431e-09
3.87234 6.17911e-09
3.87949 6.09863e-09
3.88666 6.005e-09
3.89384 5.92835e-09
3.90103 5.84504e-09
3.90823 5.76419e-09
3.91545 5.68499e-09
3.92268 5.59819e-09
3.92992 5.52482e-09
3.93718 5.43095e-09
3.94445 5.36405e-09
3.95173 5.2565e-09
3.95903 5.20445e-09
3.96634 5.09052e-09
3.97366 5.04632e-09
3.981 4.93466e-09
3.98835 4.89241e-09
3.99572 4.78936e-09
4.0031 4.74981e-09
4.01049 4.65906e-09
4.01789 4.61825e-09
4.02531 4.52859e-09
4.03275 4.48661e-09
4.04019 4.39765e-09
4.04765 4.35463e-09
4.05513 4.26678e-09
4.06262 4.22245e-09
4.07012 4.13595e-09
4.07763 4.09079e-09
4.08516 4.00601e-09
4.09271 3.9612e-09
4.10027 3.8791e-09
4.10784 3.8358e-09
4.11542 3.76097e-09
4.12302 3.72051e-09
4.13064 3.65575e-09
4.13826 3.61419e-09
4.14591 3.55074e-09
4.15356 3.50702e-09
4.16123 3.44496e-09
4.16892 3.39952e-09
4.17661 3.33921e-09
4.18433 3.29218e-09
4.19205 3.23372e-09
4.19979 3.18487e-09
4.20755 3.12897e-09
4.21532 3.07824e-09
4.2231 3.02712e-09
4.2309 2.97659e-09
4.23871 2.9319e-09
4.24654 2.88438e-09
4.25438 2.84681e-09
4.26224 2.79444e-09
4.27011 2.76159e-09
4.278 2.70015e-09
4.2859 2.67602e-09
4.29381 2.61508e-09
4.30174 2.5904e-09
4.30968 2.53018e-09
4.31764 2.50531e-09
4.32561 2.44584e-09
4.3336 2.42097e-09
4.3416 2.36273e-09
4.34962 2.33911e-09
4.35765 2.28516e-09
4.3657 2.26364e-09
4.37376 2.21769e-09
4.38184 2.19544e-09
4.38993 2.1498e-09
4.39804 2.1266e-09
4.40616 2.08183e-09
4.41429 2.05787e-09
4.42245 2.01339e-09
4.43061 1.98902e-09
4.43879 1.94551e-09
4.44699 1.92045e-09
4.4552 1.87795e-09
4.46343 1.8526e-09
4.47167 1.81191e-09
4.47993 1.78745e-09
4.4882 1.75034e-09
4.49649 1.72825e-09
4.50479 1.69709e-09
4.51311 1.6741e-09
4.52144 1.64387e-09
4.52979 1.61941e-09
4.53816 1.59025e-09
4.54654 1.56465e-09
4.55493 1.53652e-09
4.56335 1.50963e-09
4.57177 1.48327e-09
4.58021 1.4545e-09
4.58867 1.43019e-09
4.59715 1.39952e-09
4.60564 1.37848e-09
4.61414 1.34521e-09
4.62266 1.33044e-09
4.6312 1.30022e-09
4.63975 1.28851e-09
4.64832 1.25835e-09
4.6569 1.24649e-09
4.6655 1.21647e-09
4.67411 1.20424e-09
4.68275 1.17448e-09
4.69139 1.162e-09
4.70006 1.13251e-09
4.70874 1.11971e-09
4.71743 1.09086e-09
4.72614 1.07813e-09
4.73487 1.05001e-09
4.74361 1.03757e-09
4.75237 1.01155e-09
4.76115 1.00068e-09
4.76994 9.79115e-10
4.77875 9.67775e-10
4.78757 9.46539e-10
4.79641 9.3477e-10
4.80527 9.13901e-10
4.81414 9.01743e-10
4.82303 8.81086e-10
4.83194 8.68472e-10
4.84086 8.48518e-10
4.8498 8.35503e-10
4.85876 8.16039e-10
4.86773 8.02788e-10
4.87672 7.84377e-10
4.88572 7.71116e-10
4.89475 7.54646e-10
4.90378 7.43234e-10
4.91284 7.29716e-10
4.92191 7.17496e-10
4.931 7.04655e-10
4.94011 6.91676e-10
4.94923 6.7948e-10
4.95837 6.65486e-10
4.96752 6.5433e-10
4.9767 6.38825e-10
4.98589 6.29221e-10
4.99509 6.10703e-10
5.00432 6.04331e-10
5.01356 5.86173e-10
5.02282 5.80018e-10
5.03209 5.62901e-10
5.04138 5.5754e-10
5.05069 5.43984e-10
5.06002 5.38387e-10
5.06936 5.24966e-10
5.07873 5.19196e-10
5.0881 5.05849e-10
5.0975 5.00013e-10
5.10691 4.86756e-10
5.11634 4.80711e-10
5.12579 4.67672e-10
5.13526 4.61504e-10
5.14474 4.48744e-10
5.15424 4.42459e-10
5.16376 4.30055e-10
5.17329 4.23967e-10
5.18285 4.12479e-10
5.19242 4.07292e-10
5.202 3.98234e-10
5.21161 3.9283e-10
5.22123 3.8388e-10
5.23088 3.78229e-10
5.24054 3.69496e-10
5.25021 3.63639e-10
5.25991 3.55027e-10
5.26962 3.48915e-10
5.27935 3.40685e-10
5.2891 3.34308e-10
5.29887 3.26375e-10
5.30865 3.19785e-10
5.31846 3.12418e-10
5.32828 3.05681e-10
5.33812 2.99281e-10
5.34797 2.9356e-10
5.35785 2.88545e-10
5.36774 2.82292e-10
5.37765 2.77767e-10
5.38758 2.7066e-10
5.39753 2.66925e-10
5.4075 2.58937e-10
5.41749 2.56068e-10
5.42749 2.48162e-10
5.43751 2.45269e-10
5.44755 2.3743e-10
5.45761 2.34556e-10
5.46769 2.26895e-10
5.47779 2.24092e-10
5.4879 2.16794e-10
5.49804 2.14477e-10
5.50819 2.08926e-10
5.51836 2.06503e-10
5.52855 2.01022e-10
5.53876 1.98517e-10
5.54899 1.93084e-10
5.55923 1.90491e-10
5.5695 1.85134e-10
5.57979 1.82439e-10
5.59009 1.77176e-10
5.60041 1.74418e-10
5.61075 1.69276e-10
5.62111 1.66474e-10
5.63149 1.61508e-10
5.64189 1.58736e-10
5.65231 1.54132e-10
5.66275 1.51846e-10
5.67321 1.48367e-10
5.68368 1.45963e-10
5.69418 1.42583e-10
5.70469 1.40063e-10
5.71523 1.36781e-10
5.72578 1.34117e-10
5.73635 1.30962e-10
5.74695 1.28161e-10
5.75756 1.25146e-10
5.76819 1.22155e-10
5.77884 1.1939e-10
5.78951 1.16215e-10
5.8002 1.13737e-10
5.81092 1.10328e-10
5.82165 1.08456e-10
5.8324 1.05289e-10
5.84317 1.04228e-10
5.85396 1.01113e-10
5.86477 1.00023e-10
5.8756 9.69249e-11
5.88645 9.57902e-11
5.89732 9.27186e-11
5.90821 9.15609e-11
5.91912 8.85242e-11
5.93005 8.73406e-11
5.941 8.43429e-11
5.95197 8.31475e-11
5.96296 8.02245e-11
5.97397 7.90694e-11
5.985 7.62895e-11
5.99605 7.53355e-11
6.00713 7.32578e-11
6.01822 7.22712e-11
6.02933 7.02647e-11
6.04047 6.92556e-11
6.05162 6.72527e-11
6.06279 6.61918e-11
6.07399 6.42374e-11
6.08521 6.31335e-11
6.09644 6.12267e-11
6.1077 6.00858e-11
6.11898 5.8221e-11
6.13028 5.70507e-11
6.1416 5.52813e-11
6.15294 5.41052e-11
6.1643 5.24923e-11
6.17569 5.15307e-11
6.18709 5.03098e-11
6.19851 4.93242e-11
6.20996 4.81912e-11
6.22143 4.71353e-11
6.23292 4.60488e-11
6.24443 4.49135e-11
6.25596 4.39077e-11
6.26751 4.26641e-11
6.27908 4.17658e-11
6.29068 4.03701e-11
6.30229 3.96493e-11
6.31393 3.80472e-11
6.32559 3.75706e-11
6.33727 3.60324e-11
6.34897 3.56405e-11
6.3607 3.45036e-11
6.37244 3.41147e-11
6.38421 3.30373e-11
6.396 3.26256e-11
6.40781 3.15619e-11
6.41964 3.11402e-11
6.4315 3.00837e-11
6.44338 2.96482e-11
6.45527 2.85976e-11
6.46719 2.81507e-11
6.47914 2.71247e-11
6.4911 2.66695e-11
6.50309 2.56755e-11
6.5151 2.52337e-11
6.52713 2.42944e-11
6.53918 2.39323e-11
6.55126 2.32222e-11
6.56335 2.28643e-11
6.57547 2.22014e-11
6.58761 2.18208e-11
6.59978 2.11694e-11
6.61197 2.07754e-11
6.62418 2.01377e-11
6.63641 1.97238e-11
6.64866 1.9105e-11
6.66094 1.8667e-11
6.67324 1.80794e-11
6.68556 1.76267e-11
6.69791 1.70704e-11
6.71028 1.66089e-11
6.72267 1.61247e-11
6.73508 1.5746e-11
6.74752 1.53874e-11
6.75998 1.50051e-11
6.77246 1.46896e-11
6.78497 1.42634e-11
6.7975 1.39861e-11
6.81005 1.34493e-11
6.82263 1.32817e-11
6.83522 1.27485e-11
6.84785 1.25791e-11
6.86049 1.20519e-11
6.87316 1.18795e-11
6.88585 1.13645e-11
6.89857 1.11965e-11
6.91131 1.07035e-11
6.92407 1.05692e-11
6.93686 1.02031e-11
6.94967 1.00725e-11
6.9625 9.73853e-12
6.97536 9.60179e-12
6.98824 9.27108e-12
7.00114 9.12822e-12
7.01407 8.80227e-12
7.02702 8.65558e-12
7.04 8.33346e-12
7.053 8.18123e-12
7.06602 7.86603e-12
7.07907 7.7106e-12
7.09214 7.40465e-12
7.10524 7.25134e-12
7.11836 6.96752e-12
7.1315 6.84129e-12
7.14467 6.62829e-12
7.15787 6.50632e-12
7.17108 6.31684e-12
7.18433 6.18659e-12
7.19759 6.00155e-12
7.21088 5.86607e-12
7.2242 5.68705e-12
7.23754 5.54179e-12
7.2509 5.37074e-12
7.26429 5.21625e-12
7.27771 5.05579e-12
7.29115 4.89356e-12
7.30461 4.74891e-12
7.3181 4.57468e-12
7.33161 4.46013e-12
7.34515 4.30961e-12
7.35872 4.23514e-12
7.3723 4.07751e-12
7.38592 4.02884e-12
7.39956 3.87143e-12
7.41322 3.82127e-12
7.42691 3.66452e-12
7.44062 3.61281e-12
7.45436 3.45731e-12
7.46813 3.4044e-12
7.48192 3.25065e-12
7.49574 3.19645e-12
7.50958 3.04688e-12
7.52345 2.99388e-12
7.53734 2.8514e-12
7.55126 2.80847e-12
7.5652 2.70273e-12
7.57917 2.66334e-12
7.59317 2.57099e-12
7.60719 2.52952e-12
7.62124 2.43851e-12
7.63531 2.39474e-12
7.64941 2.30498e-12
7.66353 2.25962e-12
7.67769 2.1718e-12
7.69186 2.1245e-12
7.70607 2.03878e-12
7.7203 1.98953e-12
7.73455 1.90765e-12
7.74884 1.85824e-12
7.76315 1.78339e-12
7.77748 1.74335e-12
7.79184 1.68721e-12
7.80623 1.6498e-12
7.82065 1.60233e-12
7.83509 1.56243e-12
7.84956 1.51706e-12
7.86405 1.4738e-12
7.87857 1.43126e-12
7.89312 1.38435e-12
7.9077 1.34522e-12
7.9223 1.29313e-12
7.93693 1.25951e-12
7.95158 1.197e-12
7.96627 1.17588e-12
7.98098 1.1115e-12
7.99572 1.09765e-12
8.01048 1.04913e-12
8.02527 1.03657e-12
8.04009 9.95715e-13
8.05494 9.82519e-13
8.06981 9.41948e-13
8.08472 9.28229e-13
8.09965 8.87944e-13
8.1146 8.73677e-13
8.12959 8.33689e-13
8.1446 8.18784e-13
8.15964 7.79657e-13
8.17471 7.64554e-13
8.1898 7.26033e-13
8.20492 7.11126e-13
8.22008 6.74791e-13
8.23526 6.62631e-13
8.25046 6.35449e-13
8.2657 6.24583e-13
8.28096 6.02148e-13
8.29625 5.90728e-13
8.31157 5.68678e-13
8.32692 5.56652e-13
8.3423 5.35034e-13
8.3577 5.22316e-13
8.37314 5.01237e-13
8.3886 4.87833e-13
8.40409 4.67454e-13
8.41961 4.53601e-13
8.43516 4.34335e-13
8.45073 4.20056e-13
8.46634 4.02893e-13
8.48197 3.91045e-13
8.49763 3.78684e-13
8.51333 3.6803e-13
8.52905 3.58282e-13
8.5448 3.46491e-13
8.56057 3.37726e-13
8.57638 3.24257e-13
8.59222 3.17081e-13
8.60809 3.00784e-13
8.62398 2.96331e-13
8.63991 2.80214e-13
8.65586 2.75673e-13
8.67185 2.59806e-13
8.68786 2.55369e-13
8.7039 2.40062e-13
8.71997 2.36542e-13
8.73608 2.24927e-13
8.75221 2.21894e-13
8.76837 2.12741e-13
8.78456 2.0952e-13
8.80078 2.00472e-13
8.81704 1.97103e-13
8.83332 1.88114e-13
8.84963 1.84569e-13
8.86597 1.7568e-13
8.88234 1.71987e-13
8.89874 1.63282e-13
8.91518 1.59463e-13
8.93164 1.51022e-13
8.94813 1.47194e-13
8.96466 1.39265e-13
8.98121 1.36168e-13
8.9978 1.30181e-13
9.01441 1.276e-13
9.03106 1.22922e-13
9.04773 1.20174e-13
9.06444 1.15621e-13
9.08118 1.12685e-13
9.09795 1.08259e-13
9.11475 1.05093e-13
9.13158 1.00885e-13
9.14844 9.74909e-14
9.16534 9.34876e-14
9.18226 8.98647e-14
9.19922 8.62007e-14
9.2162 8.23206e-14
9.23322 7.93255e-14
9.25027 7.5941e-14
9.26736 7.39585e-14
9.28447 7.0875e-14
9.30161 6.96956e-14
9.31879 6.62938e-14
9.336 6.53937e-14
9.35324 6.20014e-14
9.37051 6.10606e-14
9.38781 5.76914e-14
9.40515 5.67148e-14
9.42252 5.33629e-14
9.43992 5.23562e-14
9.45735 4.90816e-14
9.47481 4.80848e-14
9.49231 4.49406e-14
9.50984 4.41339e-14
9.5274 4.17244e-14
9.54499 4.1077e-14
9.56262 3.93179e-14
9.58027 3.86285e-14
9.59797 3.68869e-14
9.61569 3.61688e-14
9.63345 3.44423e-14
9.65123 3.3682e-14
9.66906 3.19862e-14
9.68691 3.11733e-14
9.7048 2.95207e-14
9.72272 2.86855e-14
9.74067 2.70882e-14
9.75866 2.62279e-14
9.77668 2.47484e-14
9.79474 2.40363e-14
9.81282 2.2928e-14
9.83094 2.23743e-14
9.8491 2.15736e-14
9.86728 2.09758e-14
9.88551 2.02109e-14
9.90376 1.95627e-14
9.92205 1.88356e-14
9.94037 1.81213e-14
9.95873 1.74507e-14
9.97712 1.66601e-14
9.99554 1.60665e-14
10.014 1.51735e-14
10.0325 1.47005e-14
10.051 1.36092e-14
10.0696 1.3413e-14
10.0882 1.25519e-14
10.1068 1.23984e-14
10.1255 1.18033e-14
10.1442 1.16416e-14
10.1629 1.10472e-14
10.1817 1.0877e-14
10.2005 1.02836e-14
10.2193 1.0106e-14
10.2382 9.51668e-15
10.2571 9.33192e-15
10.276 8.7488e-15
10.295 8.55598e-15
10.314 7.98482e-15
10.333 7.79279e-15
10.3521 7.24561e-15
10.3712 7.08482e-15
10.3904 6.65782e-15
10.4096 6.53982e-15
10.4288 6.25025e-15
10.4481 6.12363e-15
10.4674 5.83851e-15
10.4867 5.70448e-15
10.5061 5.42267e-15
10.5255 5.27916e-15
10.5449 5.00465e-15
10.5644 4.85111e-15
10.5839 4.585e-15
10.6034 4.42351e-15
10.623 4.17015e-15
10.6426 4.00025e-15
10.6623 3.77066e-15
10.682 3.62465e-15
10.7017 3.45483e-15
10.7214 3.34853e-15
10.7412 3.23819e-15
10.7611 3.11969e-15
10.7809 3.01876e-15
10.8008 2.88509e-15
10.8208 2.79783e-15
10.8408 2.63842e-15
10.8608 2.57507e-15
10.8809 2.39405e-15
10.9009 2.35209e-15
10.9211 2.17296e-15
10.9412 2.13144e-15
10.9614 1.95726e-15
10.9817 1.92256e-15
11.002 1.78279e-15
11.0223 1.75882e-15
11.0426 1.67013e-15
11.063 1.64413e-15
11.0835 1.55615e-15
11.1039 1.52893e-15
11.1244 1.44123e-15
11.145 1.41267e-15
11.1655 1.32566e-15
11.1862 1.29521e-15
11.2068 1.20956e-15
11.2275 1.17747e-15
11.2483 1.09364e-15
11.269 1.06119e-15
11.2898 9.81508e-16
11.3107 9.53817e-16
11.3316 8.90468e-16
11.3525 8.71725e-16
11.3735 8.32765e-16
11.3945 8.12659e-16
11.4155 7.74426e-16
11.4366 7.52667e-16
11.4577 7.15461e-16
11.4789 6.92079e-16
11.5001 6.55979e-16
11.5213 6.3074e-16
11.5426 5.96498e-16
11.5639 5.68832e-16
11.5852 5.37214e-16
11.6066 5.07734e-16
11.6281 4.80123e-16
11.6495 4.52971e-16
11.671 4.34395e-16
11.6926 4.15629e-16
11.7142 4.05566e-16
11.7358 3.81529e-16
11.7575 3.76437e-16
11.7792 3.52445e-16
11.801 3.47035e-16
11.8227 3.23158e-16
11.8446 3.1748e-16
11.8664 2.93697e-16
11.8884 2.87802e-16
11.9103 2.64298e-16
11.9323 2.58217e-16
11.9543 2.35495e-16
11.9764 2.30319e-16
11.9985 2.11522e-16
12.0207 2.08236e-16
12.0429 1.97394e-16
12.0651 1.93911e-16
12.0874 1.83135e-16
12.1097 1.79363e-16
12.1321 1.68686e-16
12.1545 1.6468e-16
12.1769 1.54174e-16
12.1994 1.49903e-16
12.2219 1.39578e-16
12.2445 1.3507e-16
12.2671 1.24982e-16
12.2898 1.2028e-16
12.3125 1.10793e-16
12.3352 1.06643e-16
12.358 9.90107e-17
12.3808 9.65077e-17
12.4037 9.22625e-17
12.4266 8.94988e-17
12.4495 8.54181e-17
12.4725 8.24022e-17
12.4955 7.85361e-17
12.5186 7.51833e-17
12.5417 7.15672e-17
12.5649 6.78429e-17
12.5881 6.45677e-17
12.6113 6.03589e-17
12.6346 5.75972e-17
12.658 5.26675e-17
12.6813 5.08658e-17
12.7048 4.59054e-17
12.7282 4.53763e-17
12.7517 4.27641e-17
12.7753 4.2199e-17
12.7989 3.95865e-17
12.8225 3.89845e-17
12.8462 3.63802e-17
12.8699 3.57367e-17
12.8937 3.31445e-17
12.9175 3.24681e-17
12.9413 2.98907e-17
12.9652 2.91654e-17
12.9892 2.66243e-17
13.0131 2.58912e-17
13.0372 2.34223e-17
13.0612 2.27602e-17
13.0854 2.06774e-17
13.1095 2.03029e-17
13.1337 1.92286e-17
13.158 1.88275e-17
13.1823 1.77668e-17
13.2066 1.73345e-17
13.231 1.62909e-17
13.2555 1.58252e-17
13.2799 1.47974e-17
13.3045 1.42951e-17
13.329 1.32984e-17
13.3536 1.27567e-17
13.3783 1.1796e-17
13.403 1.12264e-17
13.4277 1.03298e-17
13.4525 9.78898e-18
13.4774 9.07742e-18
13.5023 8.78229e-18
13.5272 8.42115e-18
13.5522 8.09364e-18
13.5772 7.75978e-18
13.6023 7.38569e-18
13.6274 7.08986e-18
13.6526 6.6512e-18
13.6778 6.41354e-18
13.703 5.8381e-18
13.7283 5.73289e-18
13.7537 5.16085e-18
13.7791 5.05329e-18
13.8045 4.49072e-18
13.83 4.39284e-18
13.8556 3.89552e-18
13.8811 3.84547e-18
13.9068 3.61548e-18
13.9325 3.5619e-18
13.9582 3.33213e-18
13.984 3.27355e-18
14.0098 3.04612e-18
14.0357 2.98353e-18
14.0616 2.75662e-18
14.0875 2.68958e-18
14.1136 2.46568e-18
14.1396 2.39354e-18
14.1657 2.1737e-18
14.1919 2.09992e-18
14.2181 1.88501e-18
14.2443 1.81602e-18
14.2706 1.62937e-18
14.297 1.59455e-18
14.3234 1.50968e-18
14.3499 1.47199e-18
14.3763 1.38829e-18
14.4029 1.34721e-18
14.4295 1.26598e-18
14.4561 1.22105e-18
14.4828 1.1421e-18
14.5096 1.09361e-18
14.5364 1.01725e-18
14.5632 9.64345e-19
14.5901 8.92583e-19
14.617 8.34402e-19
14.644 7.69522e-19
14.6711 7.10348e-19
14.6982 6.62064e-19
14.7253 6.32104e-19
14.7525 6.11894e-19
14.7797 5.75823e-19
14.807 5.60997e-19
14.8344 5.17146e-19
14.8618 5.09575e-19
14.8892 4.65776e-19
14.9167 4.57622e-19
14.9443 4.13924e-19
14.9719 4.05273e-19
14.9995 3.61859e-19
15.0272 3.52605e-19
15.055 3.10085e-19
15.0828 3.0134e-19
15.1106 2.62164e-19
15.1385 2.58283e-19
15.1665 2.42116e-19
15.1945 2.37851e-19
15.2225 2.21815e-19
15.2506 2.17286e-19
15.2788 2.01326e-19
15.307 1.9642e-19
15.3353 1.80644e-19
15.3636 1.75306e-19
15.392 1.59729e-19
15.4204 1.54036e-19
15.4489 1.38776e-19
15.4774 1.32626e-19
15.506 1.17954e-19
15.5346 1.1198e-19
15.5633 9.90354e-20
15.592 9.69417e-20
15.6208 9.27353e-20
15.6497 9.04393e-20
15.6786 8.63662e-20
15.7075 8.37981e-20
15.7365 7.98747e-20
15.7656 7.70111e-20
15.7947 7.32506e-20
15.8239 6.98956e-20
15.8531 6.63218e-20
15.8824 6.22682e-20
15.9117 5.84961e-20
15.9411 5.23941e-20
15.9705 4.46059e-20
16 0
