# 1:pT 2:PhotonSpectrum=dN/d^2xT d^2pT dy
0.01 890.903
0.0100185 888.863
0.010037 886.425
0.0100555 884.335
0.0100741 881.895
0.0100927 879.763
0.0101113 877.342
0.01013 875.179
0.0101487 872.76
0.0101674 870.531
0.0101862 868.08
0.010205 865.817
0.0102239 863.374
0.0102427 861.092
0.0102617 858.596
0.0102806 856.261
0.0102996 853.717
0.0103186 851.319
0.0103377 848.629
0.0103567 846.261
0.0103759 843.566
0.010395 841.196
0.0104142 838.533
0.0104335 836.079
0.0104527 833.453
0.010472 831.058
0.0104914 828.449
0.0105107 826.01
0.0105301 823.465
0.0105496 820.991
0.0105691 818.462
0.0105886 816.018
0.0106081 813.539
0.0106277 811.13
0.0106474 808.696
0.010667 806.246
0.0106867 803.866
0.0107065 801.423
0.0107262 799.062
0.010746 796.598
0.0107659 794.259
0.0107858 791.751
0.0108057 789.494
0.0108256 786.879
0.0108456 784.735
0.0108656 782.159
0.0108857 780.028
0.0109058 777.442
0.0109259 775.333
0.0109461 772.861
0.0109663 770.705
0.0109866 768.27
0.0110069 766.118
0.0110272 763.663
0.0110476 761.523
0.011068 759.102
0.0110884 756.961
0.0111089 754.544
0.0111294 752.395
0.0111499 749.97
0.0111705 747.849
0.0111912 745.449
0.0112118 743.326
0.0112325 740.969
0.0112533 738.853
0.0112741 736.549
0.0112949 734.399
0.0113157 732.104
0.0113366 729.984
0.0113576 727.73
0.0113785 725.581
0.0113995 723.358
0.0114206 721.196
0.0114417 718.938
0.0114628 716.8
0.011484 714.593
0.0115052 712.446
0.0115264 710.264
0.0115477 708.106
0.011569 706.002
0.0115904 703.84
0.0116118 701.791
0.0116332 699.602
0.0116547 697.571
0.0116762 695.299
0.0116978 693.404
0.0117194 691.093
0.0117411 689.212
0.0117627 686.927
0.0117845 685.043
0.0118062 682.776
0.011828 680.892
0.0118499 678.683
0.0118717 676.766
0.0118937 674.567
0.0119156 672.671
0.0119376 670.549
0.0119597 668.659
0.0119818 666.558
0.0120039 664.661
0.0120261 662.544
0.0120483 660.666
0.0120705 658.549
0.0120928 656.689
0.0121151 654.58
0.0121375 652.726
0.0121599 650.64
0.0121824 648.724
0.0122049 646.683
0.0122274 644.822
0.01225 642.812
0.0122726 640.929
0.0122953 638.975
0.012318 637.075
0.0123407 635.147
0.0123635 633.254
0.0123863 631.324
0.0124092 629.443
0.0124321 627.523
0.0124551 625.615
0.0124781 623.752
0.0125011 621.837
0.0125242 619.983
0.0125473 618.047
0.0125705 616.229
0.0125937 614.273
0.012617 612.533
0.0126403 610.512
0.0126636 608.869
0.012687 606.87
0.0127104 605.219
0.0127339 603.237
0.0127574 601.556
0.012781 599.609
0.0128046 597.916
0.0128282 595.983
0.0128519 594.299
0.0128756 592.366
0.0128994 590.682
0.0129232 588.781
0.0129471 587.107
0.012971 585.232
0.012995 583.561
0.0130189 581.703
0.013043 580.048
0.0130671 578.212
0.0130912 576.563
0.0131154 574.742
0.0131396 573.078
0.0131639 571.286
0.0131882 569.593
0.0132125 567.788
0.0132369 566.148
0.0132614 564.363
0.0132859 562.705
0.0133104 560.957
0.013335 559.278
0.0133596 557.533
0.0133843 555.887
0.013409 554.186
0.0134337 552.552
0.0134585 550.872
0.0134834 549.208
0.0135083 547.566
0.0135332 545.881
0.0135582 544.275
0.0135833 542.561
0.0136083 540.974
0.0136335 539.211
0.0136587 537.71
0.0136839 535.907
0.0137091 534.449
0.0137345 532.663
0.0137598 531.209
0.0137852 529.473
0.0138107 528.022
0.0138362 526.328
0.0138617 524.839
0.0138873 523.148
0.013913 521.667
0.0139387 519.997
0.0139644 518.518
0.0139902 516.859
0.014016 515.37
0.0140419 513.717
0.0140678 512.252
0.0140938 510.578
0.0141198 509.134
0.0141459 507.491
0.014172 506.057
0.0141982 504.446
0.0142244 502.978
0.0142507 501.397
0.014277 499.954
0.0143034 498.389
0.0143298 496.916
0.0143563 495.374
0.0143828 493.884
0.0144093 492.371
0.0144359 490.877
0.0144626 489.353
0.0144893 487.881
0.0145161 486.384
0.0145429 484.899
0.0145697 483.431
0.0145966 481.964
0.0146236 480.528
0.0146506 479.045
0.0146776 477.645
0.0147047 476.136
0.0147319 474.759
0.0147591 473.176
0.0147863 471.893
0.0148136 470.316
0.014841 469.019
0.0148684 467.459
0.0148959 466.155
0.0149234 464.629
0.0149509 463.314
0.0149785 461.804
0.0150062 460.504
0.0150339 459.02
0.0150617 457.731
0.0150895 456.27
0.0151173 454.98
0.0151453 453.529
0.0151732 452.228
0.0152012 450.782
0.0152293 449.479
0.0152574 448.032
0.0152856 446.748
0.0153138 445.314
0.0153421 444.029
0.0153705 442.617
0.0153988 441.304
0.0154273 439.906
0.0154558 438.62
0.0154843 437.244
0.0155129 435.964
0.0155415 434.612
0.0155702 433.314
0.015599 431.965
0.0156278 430.677
0.0156567 429.333
0.0156856 428.048
0.0157145 426.726
0.0157435 425.413
0.0157726 424.13
0.0158017 422.802
0.0158309 421.546
0.0158602 420.209
0.0158894 418.979
0.0159188 417.62
0.0159482 416.458
0.0159776 415.076
0.0160071 413.939
0.0160367 412.571
0.0160663 411.43
0.016096 410.071
0.0161257 408.936
0.0161555 407.606
0.0161853 406.437
0.0162152 405.119
0.0162451 403.959
0.0162751 402.643
0.0163052 401.495
0.0163353 400.2
0.0163655 399.052
0.0163957 397.784
0.016426 396.654
0.0164563 395.378
0.0164867 394.257
0.0165171 392.986
0.0165476 391.861
0.0165782 390.607
0.0166088 389.471
0.0166395 388.225
0.0166702 387.093
0.016701 385.872
0.0167318 384.724
0.0167627 383.521
0.0167937 382.366
0.0168247 381.192
0.0168558 380.051
0.0168869 378.871
0.0169181 377.747
0.0169493 376.593
0.0169806 375.453
0.017012 374.316
0.0170434 373.171
0.0170748 372.052
0.0171064 370.894
0.017138 369.795
0.0171696 368.612
0.0172013 367.536
0.0172331 366.294
0.0172649 365.298
0.0172968 364.065
0.0173287 363.066
0.0173607 361.862
0.0173928 360.86
0.0174249 359.69
0.0174571 358.682
0.0174893 357.517
0.0175216 356.499
0.017554 355.344
0.0175864 354.328
0.0176189 353.184
0.0176514 352.169
0.017684 351.029
0.0177166 350.012
0.0177494 348.878
0.0177821 347.871
0.017815 346.734
0.0178479 345.747
0.0178808 344.636
0.0179138 343.656
0.0179469 342.566
0.0179801 341.557
0.0180133 340.472
0.0180465 339.478
0.0180799 338.408
0.0181132 337.404
0.0181467 336.349
0.0181802 335.325
0.0182138 334.272
0.0182474 333.267
0.0182811 332.225
0.0183149 331.224
0.0183487 330.204
0.0183826 329.183
0.0184165 328.195
0.0184505 327.177
0.0184846 326.214
0.0185187 325.187
0.0185529 324.224
0.0185872 323.179
0.0186215 322.258
0.0186559 321.173
0.0186903 320.278
0.0187248 319.218
0.0187594 318.319
0.0187941 317.254
0.0188288 316.364
0.0188635 315.33
0.0188984 314.424
0.0189333 313.409
0.0189682 312.516
0.0190033 311.506
0.0190384 310.621
0.0190735 309.624
0.0191087 308.733
0.019144 307.74
0.0191794 306.861
0.0192148 305.854
0.0192503 304.98
0.0192858 303.991
0.0193214 303.114
0.0193571 302.133
0.0193929 301.251
0.0194287 300.287
0.0194645 299.401
0.0195005 298.454
0.0195365 297.578
0.0195726 296.653
0.0196087 295.761
0.0196449 294.857
0.0196812 293.968
0.0197175 293.046
0.019754 292.16
0.0197904 291.256
0.019827 290.363
0.0198636 289.468
0.0199003 288.576
0.019937 287.7
0.0199738 286.795
0.0200107 285.947
0.0200477 285.034
0.0200847 284.199
0.0201218 283.255
0.0201589 282.488
0.0201962 281.54
0.0202335 280.769
0.0202708 279.833
0.0203082 279.045
0.0203457 278.129
0.0203833 277.343
0.020421 276.432
0.0204587 275.644
0.0204964 274.738
0.0205343 273.945
0.0205722 273.055
0.0206102 272.276
0.0206483 271.393
0.0206864 270.613
0.0207246 269.748
0.0207629 268.972
0.0208012 268.101
0.0208396 267.337
0.0208781 266.467
0.0209166 265.704
0.0209553 264.847
0.020994 264.056
0.0210327 263.21
0.0210716 262.439
0.0211105 261.598
0.0211495 260.819
0.0211885 259.997
0.0212277 259.207
0.0212669 258.403
0.0213061 257.63
0.0213455 256.84
0.0213849 256.064
0.0214244 255.276
0.0214639 254.49
0.0215036 253.717
0.0215433 252.925
0.0215831 252.167
0.0216229 251.37
0.0216628 250.62
0.0217028 249.798
0.0217429 249.083
0.0217831 248.24
0.0218233 247.549
0.0218636 246.728
0.021904 246.044
0.0219444 245.226
0.0219849 244.546
0.0220255 243.746
0.0220662 243.043
0.022107 242.258
0.0221478 241.56
0.0221887 240.766
0.0222297 240.075
0.0222707 239.292
0.0223118 238.596
0.022353 237.815
0.0223943 237.131
0.0224357 236.347
0.0224771 235.672
0.0225186 234.903
0.0225602 234.227
0.0226018 233.477
0.0226436 232.8
0.0226854 232.061
0.0227273 231.371
0.0227692 230.631
0.0228113 229.948
0.0228534 229.224
0.0228956 228.532
0.0229379 227.822
0.0229803 227.125
0.0230227 226.404
0.0230652 225.718
0.0231078 225.014
0.0231505 224.332
0.0231932 223.639
0.023236 222.955
0.023279 222.284
0.0233219 221.59
0.023365 220.931
0.0234082 220.225
0.0234514 219.573
0.0234947 218.836
0.0235381 218.232
0.0235815 217.488
0.0236251 216.883
0.0236687 216.147
0.0237124 215.54
0.0237562 214.818
0.0238001 214.214
0.023844 213.508
0.0238881 212.902
0.0239322 212.205
0.0239764 211.595
0.0240206 210.913
0.024065 210.307
0.0241094 209.627
0.0241539 209.017
0.0241985 208.335
0.0242432 207.731
0.024288 207.052
0.0243329 206.455
0.0243778 205.778
0.0244228 205.184
0.0244679 204.515
0.0245131 203.906
0.0245583 203.253
0.0246037 202.667
0.0246491 202.028
0.0246946 201.429
0.0247402 200.801
0.0247859 200.193
0.0248317 199.567
0.0248776 198.962
0.0249235 198.343
0.0249695 197.737
0.0250156 197.122
0.0250618 196.508
0.0251081 195.908
0.0251545 195.297
0.0252009 194.704
0.0252475 194.09
0.0252941 193.508
0.0253408 192.891
0.0253876 192.336
0.0254345 191.691
0.0254814 191.158
0.0255285 190.52
0.0255756 189.99
0.0256229 189.347
0.0256702 188.813
0.0257176 188.187
0.0257651 187.645
0.0258126 187.024
0.0258603 186.486
0.0259081 185.867
0.0259559 185.332
0.0260038 184.724
0.0260518 184.197
0.0261 183.602
0.0261482 183.07
0.0261964 182.474
0.0262448 181.946
0.0262933 181.352
0.0263418 180.824
0.0263905 180.237
0.0264392 179.707
0.026488 179.125
0.0265369 178.586
0.0265859 178.009
0.026635 177.479
0.0266842 176.912
0.0267335 176.381
0.0267829 175.825
0.0268323 175.296
0.0268819 174.742
0.0269315 174.22
0.0269812 173.676
0.0270311 173.148
0.027081 172.608
0.027131 172.075
0.0271811 171.549
0.0272313 171.008
0.0272816 170.492
0.0273319 169.942
0.0273824 169.433
0.027433 168.865
0.0274836 168.392
0.0275344 167.817
0.0275852 167.353
0.0276362 166.794
0.0276872 166.33
0.0277383 165.774
0.0277896 165.309
0.0278409 164.764
0.0278923 164.289
0.0279438 163.744
0.0279954 163.268
0.0280471 162.732
0.0280989 162.26
0.0281508 161.728
0.0282027 161.254
0.0282548 160.722
0.028307 160.254
0.0283593 159.726
0.0284116 159.27
0.0284641 158.751
0.0285167 158.296
0.0285693 157.782
0.0286221 157.312
0.0286749 156.806
0.0287279 156.345
0.0287809 155.845
0.0288341 155.374
0.0288873 154.882
0.0289407 154.406
0.0289941 153.921
0.0290477 153.448
0.0291013 152.963
0.029155 152.498
0.0292089 152.02
0.0292628 151.557
0.0293168 151.095
0.029371 150.627
0.0294252 150.171
0.0294796 149.696
0.029534 149.245
0.0295885 148.765
0.0296432 148.328
0.0296979 147.821
0.0297527 147.41
0.0298077 146.908
0.0298627 146.496
0.0299179 146
0.0299731 145.584
0.0300285 145.1
0.0300839 144.684
0.0301395 144.211
0.0301951 143.798
0.0302509 143.326
0.0303068 142.912
0.0303627 142.446
0.0304188 142.033
0.030475 141.57
0.0305312 141.154
0.0305876 140.689
0.0306441 140.276
0.0307007 139.814
0.0307574 139.404
0.0308142 138.95
0.0308711 138.54
0.0309281 138.093
0.0309852 137.681
0.0310424 137.24
0.0310997 136.837
0.0311572 136.401
0.0312147 135.995
0.0312723 135.563
0.0313301 135.15
0.0313879 134.717
0.0314459 134.308
0.031504 133.88
0.0315621 133.472
0.0316204 133.051
0.0316788 132.634
0.0317373 132.224
0.0317959 131.806
0.0318546 131.408
0.0319135 130.989
0.0319724 130.599
0.0320314 130.168
0.0320906 129.799
0.0321498 129.357
0.0322092 128.995
0.0322687 128.556
0.0323283 128.193
0.032388 127.759
0.0324478 127.396
0.0325077 126.971
0.0325677 126.6
0.0326279 126.177
0.0326881 125.811
0.0327485 125.395
0.0328089 125.033
0.0328695 124.627
0.0329302 124.264
0.032991 123.861
0.033052 123.501
0.033113 123.091
0.0331741 122.736
0.0332354 122.331
0.0332968 121.975
0.0333583 121.574
0.0334199 121.211
0.0334816 120.815
0.0335434 120.457
0.0336053 120.068
0.0336674 119.706
0.0337296 119.324
0.0337919 118.963
0.0338543 118.594
0.0339168 118.232
0.0339794 117.86
0.0340421 117.501
0.034105 117.133
0.034168 116.771
0.0342311 116.408
0.0342943 116.044
0.0343576 115.687
0.0344211 115.319
0.0344846 114.968
0.0345483 114.593
0.0346121 114.252
0.034676 113.86
0.0347401 113.545
0.0348042 113.161
0.0348685 112.845
0.0349329 112.465
0.0349974 112.146
0.035062 111.774
0.0351267 111.45
0.0351916 111.079
0.0352566 110.757
0.0353217 110.388
0.0353869 110.067
0.0354523 109.702
0.0355177 109.383
0.0355833 109.02
0.035649 108.7
0.0357149 108.341
0.0357808 108.024
0.0358469 107.67
0.0359131 107.359
0.0359794 107.009
0.0360458 106.698
0.0361124 106.352
0.0361791 106.032
0.0362459 105.688
0.0363128 105.371
0.0363799 105.03
0.0364471 104.713
0.0365144 104.375
0.0365818 104.056
0.0366493 103.722
0.036717 103.406
0.0367848 103.076
0.0368527 102.766
0.0369208 102.443
0.036989 102.126
0.0370573 101.814
0.0371257 101.494
0.0371943 101.185
0.0372629 100.861
0.0373318 100.557
0.0374007 100.223
0.0374698 99.9331
0.037539 99.5888
0.0376083 99.3065
0.0376777 98.9681
0.0377473 98.6862
0.037817 98.3502
0.0378868 98.0724
0.0379568 97.7483
0.0380269 97.4638
0.0380971 97.1433
0.0381675 96.86
0.0382379 96.5387
0.0383085 96.2581
0.0383793 95.9403
0.0384502 95.6569
0.0385212 95.3418
0.0385923 95.0616
0.0386636 94.7429
0.038735 94.4663
0.0388065 94.1502
0.0388781 93.8741
0.0389499 93.5636
0.0390219 93.2881
0.0390939 92.9842
0.0391661 92.7095
0.0392384 92.4124
0.0393109 92.1344
0.0393835 91.8404
0.0394562 91.559
0.0395291 91.2701
0.0396021 90.9892
0.0396752 90.6966
0.0397485 90.4185
0.0398219 90.1304
0.0398954 89.85
0.0399691 89.5678
0.0400429 89.2863
0.0401168 89.0112
0.0401909 88.731
0.0402651 88.4626
0.0403395 88.1782
0.040414 87.915
0.0404886 87.6151
0.0405633 87.3704
0.0406383 87.0717
0.0407133 86.8257
0.0407885 86.5287
0.0408638 86.2805
0.0409393 85.9892
0.0410149 85.741
0.0410906 85.4522
0.0411665 85.2017
0.0412425 84.9169
0.0413186 84.67
0.0413949 84.3917
0.0414714 84.1475
0.041548 83.8709
0.0416247 83.6241
0.0417016 83.3499
0.0417786 83.1043
0.0418557 82.828
0.041933 82.5864
0.0420104 82.3121
0.042088 82.0703
0.0421657 81.7998
0.0422436 81.552
0.0423216 81.2836
0.0423998 81.0412
0.042478 80.7774
0.0425565 80.5352
0.0426351 80.2779
0.0427138 80.032
0.0427927 79.777
0.0428717 79.5338
0.0429509 79.2808
0.0430302 79.0383
0.0431096 78.7878
0.0431892 78.5385
0.043269 78.2946
0.0433489 78.0443
0.0434289 77.8048
0.0435091 77.5537
0.0435895 77.3152
0.04367 77.0593
0.0437506 76.8342
0.0438314 76.5723
0.0439124 76.3544
0.0439934 76.1012
0.0440747 75.8833
0.0441561 75.6262
0.0442376 75.4094
0.0443193 75.1591
0.0444011 74.9366
0.0444831 74.6881
0.0445653 74.468
0.0446476 74.2168
0.04473 74.0003
0.0448126 73.7533
0.0448954 73.5355
0.0449783 73.29
0.0450613 73.0769
0.0451445 72.8327
0.0452279 72.6221
0.0453114 72.3834
0.0453951 72.1704
0.0454789 71.9332
0.0455629 71.7192
0.045647 71.4841
0.0457313 71.2681
0.0458158 71.0348
0.0459004 70.8202
0.0459851 70.59
0.0460701 70.3739
0.0461551 70.1489
0.0462404 69.9319
0.0463257 69.7054
0.0464113 69.4926
0.046497 69.2726
0.0465829 69.0596
0.0466689 68.8424
0.0467551 68.628
0.0468414 68.4151
0.0469279 68.1969
0.0470145 67.989
0.0471014 67.7669
0.0471883 67.5607
0.0472755 67.3275
0.0473628 67.1382
0.0474502 66.9048
0.0475379 66.715
0.0476256 66.4856
0.0477136 66.2939
0.0478017 66.0715
0.04789 65.8814
0.0479784 65.6627
0.048067 65.4701
0.0481558 65.2515
0.0482447 65.0585
0.0483338 64.8433
0.048423 64.6525
0.0485124 64.4357
0.048602 64.2436
0.0486918 64.0293
0.0487817 63.8389
0.0488718 63.624
0.048962 63.4374
0.0490524 63.2235
0.049143 63.0395
0.0492338 62.8309
0.0493247 62.6421
0.0494158 62.4377
0.049507 62.2529
0.0495984 62.0494
0.04969 61.8617
0.0497818 61.6616
0.0498737 61.4708
0.0499658 61.2729
0.0500581 61.0839
0.0501505 60.8886
0.0502431 60.6995
0.0503359 60.5047
0.0504288 60.3133
0.050522 60.1243
0.0506153 59.9345
0.0507087 59.7497
0.0508024 59.56
0.0508962 59.3777
0.0509902 59.183
0.0510843 59.0073
0.0511786 58.8053
0.0512732 58.6356
0.0513678 58.4369
0.0514627 58.2684
0.0515577 58.0675
0.0516529 57.9004
0.0517483 57.7038
0.0518439 57.5328
0.0519396 57.34
0.0520355 57.1713
0.0521316 56.9795
0.0522279 56.8134
0.0523243 56.6261
0.0524209 56.4588
0.0525177 56.2723
0.0526147 56.1062
0.0527119 55.9174
0.0528092 55.7531
0.0529067 55.5664
0.0530044 55.4007
0.0531023 55.216
0.0532004 55.051
0.0532986 54.869
0.053397 54.7016
0.0534956 54.5204
0.0535944 54.3558
0.0536934 54.1804
0.0537925 54.0155
0.0538919 53.8437
0.0539914 53.6771
0.0540911 53.5024
0.054191 53.3376
0.054291 53.1663
0.0543913 53.0011
0.0544917 52.8311
0.0545924 52.6639
0.0546932 52.4981
0.0547942 52.3293
0.0548954 52.1672
0.0549967 51.995
0.0550983 51.8359
0.0552 51.6592
0.055302 51.5123
0.0554041 51.3358
0.0555064 51.1895
0.0556089 51.0143
0.0557116 50.8683
0.0558144 50.6946
0.0559175 50.5472
0.0560208 50.377
0.0561242 50.2277
0.0562279 50.0569
0.0563317 49.9079
0.0564357 49.7403
0.0565399 49.5927
0.0566443 49.4268
0.0567489 49.2793
0.0568537 49.1149
0.0569587 48.9698
0.0570639 48.8073
0.0571693 48.664
0.0572748 48.5013
0.0573806 48.3579
0.0574866 48.1964
0.0575927 48.0495
0.0576991 47.8901
0.0578056 47.7463
0.0579124 47.5884
0.0580193 47.4426
0.0581264 47.2876
0.0582338 47.1403
0.0583413 46.9873
0.058449 46.8417
0.058557 46.6912
0.0586651 46.5472
0.0587734 46.399
0.058882 46.253
0.0589907 46.1078
0.0590996 45.9615
0.0592088 45.8174
0.0593181 45.6699
0.0594276 45.5271
0.0595374 45.3776
0.0596473 45.2401
0.0597575 45.083
0.0598678 44.9529
0.0599784 44.7974
0.0600891 44.669
0.0602001 44.514
0.0603112 44.386
0.0604226 44.2371
0.0605342 44.1069
0.060646 43.9596
0.060758 43.8292
0.0608702 43.6813
0.0609826 43.5515
0.0610952 43.4051
0.061208 43.2759
0.061321 43.1303
0.0614343 43.0006
0.0615477 42.8546
0.0616614 42.7265
0.0617752 42.5823
0.0618893 42.4552
0.0620036 42.3136
0.0621181 42.1874
0.0622328 42.0491
0.0623477 41.9206
0.0624628 41.782
0.0625782 41.6553
0.0626937 41.5186
0.0628095 41.3921
0.0629255 41.2561
0.0630417 41.1276
0.0631581 40.9916
0.0632747 40.8646
0.0633916 40.7309
0.0635086 40.6035
0.0636259 40.472
0.0637434 40.3436
0.0638611 40.2166
0.063979 40.0883
0.0640972 39.9642
0.0642155 39.8341
0.0643341 39.7103
0.0644529 39.5756
0.0645719 39.46
0.0646912 39.3222
0.0648106 39.2087
0.0649303 39.0718
0.0650502 38.9586
0.0651703 38.8228
0.0652907 38.7098
0.0654113 38.577
0.065532 38.4621
0.0656531 38.331
0.0657743 38.2174
0.0658957 38.0904
0.0660174 37.9775
0.0661393 37.851
0.0662615 37.7369
0.0663838 37.6101
0.0665064 37.4968
0.0666292 37.3696
0.0667523 37.2586
0.0668755 37.1315
0.066999 37.0211
0.0671227 36.8955
0.0672467 36.7816
0.0673709 36.6584
0.0674953 36.5479
0.0676199 36.4268
0.0677448 36.3153
0.0678699 36.1974
0.0679952 36.085
0.0681208 35.968
0.0682466 35.8554
0.0683726 35.738
0.0684988 35.6265
0.0686253 35.5101
0.0687521 35.3973
0.068879 35.2839
0.0690062 35.1704
0.0691336 35.0586
0.0692613 34.9439
0.0693892 34.8339
0.0695173 34.7188
0.0696457 34.613
0.0697743 34.4936
0.0699031 34.3946
0.0700322 34.2756
0.0701616 34.176
0.0702911 34.0578
0.0704209 33.9574
0.070551 33.841
0.0706812 33.7395
0.0708118 33.6238
0.0709425 33.5231
0.0710735 33.4079
0.0712048 33.3078
0.0713362 33.1944
0.071468 33.095
0.0716 32.9832
0.0717322 32.8842
0.0718646 32.7737
0.0719973 32.675
0.0721303 32.5652
0.0722635 32.467
0.0723969 32.3582
0.0725306 32.2601
0.0726645 32.1521
0.0727987 32.0524
0.0729332 31.9442
0.0730678 31.8465
0.0732028 31.7395
0.0733379 31.6418
0.0734734 31.5361
0.073609 31.4376
0.073745 31.3328
0.0738812 31.2365
0.0740176 31.134
0.0741543 31.0372
0.0742912 30.9362
0.0744284 30.8373
0.0745658 30.7389
0.0747035 30.6387
0.0748415 30.5417
0.0749797 30.4405
0.0751181 30.3447
0.0752568 30.2405
0.0753958 30.1501
0.075535 30.0434
0.0756745 29.9552
0.0758143 29.85
0.0759543 29.7635
0.0760945 29.6605
0.076235 29.5744
0.0763758 29.4733
0.0765168 29.3843
0.0766581 29.2838
0.0767997 29.1954
0.0769415 29.0957
0.0770836 29.0079
0.0772259 28.9091
0.0773685 28.8207
0.0775114 28.7223
0.0776545 28.6351
0.0777979 28.5359
0.0779416 28.45
0.0780855 28.3527
0.0782297 28.2677
0.0783742 28.1725
0.0785189 28.0866
0.0786639 27.9917
0.0788092 27.9063
0.0789547 27.8127
0.0791005 27.7264
0.0792466 27.6336
0.0793929 27.5465
0.0795395 27.4554
0.0796864 27.3684
0.0798335 27.2769
0.0799809 27.1908
0.0801286 27.1004
0.0802766 27.0137
0.0804248 26.9258
0.0805734 26.8404
0.0807221 26.7547
0.0808712 26.6677
0.0810205 26.583
0.0811702 26.4946
0.08132 26.4119
0.0814702 26.3187
0.0816207 26.2417
0.0817714 26.1487
0.0819224 26.0716
0.0820737 25.9794
0.0822252 25.902
0.0823771 25.8114
0.0825292 25.7339
0.0826816 25.6443
0.0828342 25.5672
0.0829872 25.4803
0.0831405 25.4038
0.083294 25.3172
0.0834478 25.2408
0.0836019 25.1546
0.0837563 25.0775
0.0839109 24.9916
0.0840659 24.9146
0.0842211 24.8284
0.0843766 24.7529
0.0845325 24.6676
0.0846885 24.5923
0.0848449 24.5082
0.0850016 24.4315
0.0851586 24.3482
0.0853158 24.2734
0.0854734 24.1922
0.0856312 24.1171
0.0857893 24.0364
0.0859478 23.9605
0.0861065 23.8799
0.0862655 23.8047
0.0864248 23.7244
0.0865844 23.6496
0.0867442 23.5706
0.0869044 23.4936
0.0870649 23.4171
0.0872257 23.3397
0.0873868 23.2645
0.0875481 23.1872
0.0877098 23.1132
0.0878718 23.035
0.088034 22.965
0.0881966 22.8841
0.0883594 22.8159
0.0885226 22.7361
0.0886861 22.6682
0.0888498 22.5878
0.0890139 22.5204
0.0891783 22.4418
0.089343 22.3726
0.0895079 22.2946
0.0896732 22.2261
0.0898388 22.148
0.0900047 22.0807
0.0901709 22.0041
0.0903374 21.9367
0.0905043 21.862
0.0906714 21.7952
0.0908388 21.7196
0.0910066 21.6535
0.0911746 21.5785
0.091343 21.5119
0.0915116 21.4377
0.0916806 21.3708
0.0918499 21.2972
0.0920195 21.2302
0.0921895 21.1574
0.0923597 21.0904
0.0925303 21.0187
0.0927011 20.9513
0.0928723 20.8811
0.0930438 20.8152
0.0932156 20.7447
0.0933877 20.679
0.0935602 20.61
0.093733 20.5433
0.0939061 20.4753
0.0940795 20.4084
0.0942532 20.3415
0.0944272 20.2738
0.0946016 20.2083
0.0947763 20.1393
0.0949513 20.0748
0.0951266 20.0023
0.0953023 19.9433
0.0954783 19.871
0.0956546 19.8124
0.0958312 19.742
0.0960082 19.6828
0.0961855 19.6136
0.0963631 19.5542
0.0965411 19.4858
0.0967193 19.4255
0.0968979 19.3575
0.0970769 19.2975
0.0972561 19.23
0.0974357 19.1708
0.0976156 19.1033
0.0977959 19.0436
0.0979765 18.977
0.0981574 18.9176
0.0983387 18.8508
0.0985203 18.7934
0.0987022 18.7281
0.0988845 18.6705
0.0990671 18.606
0.09925 18.5471
0.0994333 18.4829
0.0996169 18.4249
0.0998008 18.3612
0.0999851 18.3031
0.10017 18.2401
0.100355 18.1806
0.10054 18.1184
0.100726 18.0598
0.100912 17.9983
0.101098 17.9399
0.101285 17.8794
0.101472 17.8206
0.101659 17.762
0.101847 17.7029
0.102035 17.6455
0.102223 17.5861
0.102412 17.5285
0.102601 17.4677
0.102791 17.4131
0.102981 17.3496
0.103171 17.2966
0.103361 17.2347
0.103552 17.1817
0.103743 17.1192
0.103935 17.067
0.104127 17.0062
0.104319 16.953
0.104512 16.8939
0.104705 16.8415
0.104898 16.7819
0.105092 16.7301
0.105286 16.6713
0.10548 16.6191
0.105675 16.5601
0.10587 16.5084
0.106066 16.4492
0.106262 16.3978
0.106458 16.3396
0.106654 16.2878
0.106851 16.2302
0.107049 16.1788
0.107246 16.1219
0.107444 16.0704
0.107643 16.0146
0.107841 15.9637
0.108041 15.9086
0.10824 15.8573
0.10844 15.8032
0.10864 15.7514
0.108841 15.6967
0.109042 15.6453
0.109243 15.5915
0.109445 15.5397
0.109647 15.4867
0.10985 15.4349
0.110052 15.3829
0.110256 15.3306
0.110459 15.2803
0.110663 15.2277
0.110868 15.1782
0.111072 15.123
0.111277 15.0775
0.111483 15.0222
0.111689 14.9765
0.111895 14.9217
0.112102 14.8756
0.112309 14.8215
0.112516 14.7755
0.112724 14.7221
0.112932 14.6756
0.11314 14.6224
0.113349 14.5759
0.113559 14.5237
0.113768 14.4784
0.113978 14.427
0.114189 14.3811
0.1144 14.3303
0.114611 14.2847
0.114823 14.2335
0.115035 14.1887
0.115247 14.1377
0.11546 14.0928
0.115673 14.0423
0.115887 13.9964
0.116101 13.9464
0.116315 13.9017
0.11653 13.852
0.116745 13.8067
0.116961 13.7582
0.117177 13.7128
0.117393 13.6651
0.11761 13.6203
0.117827 13.5734
0.118045 13.5284
0.118263 13.4815
0.118481 13.4358
0.1187 13.39
0.118919 13.344
0.119139 13.299
0.119359 13.2526
0.119579 13.2082
0.1198 13.1609
0.120021 13.1183
0.120243 13.0693
0.120465 13.0288
0.120687 12.9812
0.12091 12.9411
0.121133 12.8931
0.121357 12.8532
0.121581 12.8062
0.121806 12.7651
0.12203 12.719
0.122256 12.6783
0.122482 12.6316
0.122708 12.5912
0.122934 12.5453
0.123161 12.5049
0.123389 12.4593
0.123617 12.4191
0.123845 12.3732
0.124074 12.3339
0.124303 12.2891
0.124532 12.2495
0.124762 12.2057
0.124993 12.166
0.125223 12.1225
0.125455 12.0823
0.125686 12.0387
0.125918 11.999
0.126151 11.9562
0.126384 11.9162
0.126617 11.874
0.126851 11.8338
0.127085 11.7911
0.12732 11.7516
0.127555 11.7099
0.127791 11.6705
0.128027 11.6297
0.128263 11.59
0.1285 11.5504
0.128737 11.5101
0.128975 11.4712
0.129213 11.4301
0.129452 11.3916
0.129691 11.3491
0.12993 11.3132
0.13017 11.2699
0.130411 11.2344
0.130651 11.1915
0.130893 11.1563
0.131134 11.1138
0.131376 11.0787
0.131619 11.0377
0.131862 11.0021
0.132106 10.9614
0.13235 10.9259
0.132594 10.8857
0.132839 10.8503
0.133084 10.8106
0.13333 10.7749
0.133576 10.735
0.133823 10.6996
0.13407 10.6598
0.134317 10.6248
0.134565 10.5852
0.134814 10.5504
0.135063 10.5114
0.135312 10.4761
0.135562 10.4379
0.135812 10.4038
0.136063 10.366
0.136315 10.331
0.136566 10.2939
0.136818 10.2586
0.137071 10.2216
0.137324 10.1864
0.137578 10.1497
0.137832 10.1147
0.138086 10.0783
0.138341 10.0427
0.138597 10.0072
0.138853 9.97185
0.139109 9.93685
0.139366 9.90133
0.139623 9.86709
0.139881 9.8315
0.14014 9.7986
0.140398 9.76091
0.140658 9.72963
0.140917 9.69225
0.141177 9.66131
0.141438 9.62356
0.141699 9.59242
0.141961 9.55565
0.142223 9.52406
0.142486 9.48785
0.142749 9.45632
0.143013 9.42023
0.143277 9.38912
0.143541 9.35384
0.143806 9.32299
0.144072 9.28828
0.144338 9.25718
0.144604 9.22222
0.144871 9.19128
0.145139 9.15674
0.145407 9.12575
0.145675 9.09152
0.145944 9.06057
0.146214 9.02682
0.146484 8.99551
0.146754 8.96161
0.147025 8.93093
0.147297 8.89763
0.147569 8.86732
0.147841 8.83455
0.148114 8.80402
0.148388 8.77141
0.148662 8.74114
0.148937 8.70904
0.149212 8.6786
0.149487 8.64677
0.149763 8.61588
0.15004 8.58482
0.150317 8.55343
0.150594 8.52319
0.150872 8.49138
0.151151 8.4614
0.15143 8.42862
0.15171 8.40078
0.15199 8.36757
0.152271 8.34052
0.152552 8.30777
0.152833 8.2808
0.153116 8.2482
0.153398 8.22112
0.153682 8.18913
0.153965 8.16141
0.15425 8.12963
0.154535 8.10201
0.15482 8.07064
0.155106 8.04333
0.155392 8.01225
0.155679 7.98462
0.155967 7.95377
0.156255 7.92646
0.156543 7.89575
0.156832 7.86915
0.157122 7.83904
0.157412 7.81225
0.157703 7.7823
0.157994 7.75506
0.158286 7.72541
0.158578 7.69861
0.158871 7.66924
0.159164 7.64186
0.159458 7.61292
0.159753 7.58554
0.160048 7.55694
0.160343 7.52963
0.160639 7.50109
0.160936 7.47436
0.161233 7.44638
0.161531 7.41949
0.161829 7.39229
0.162128 7.36516
0.162427 7.33832
0.162727 7.31072
0.163028 7.28442
0.163329 7.25651
0.16363 7.23078
0.163933 7.20135
0.164235 7.17736
0.164539 7.14812
0.164842 7.12411
0.165147 7.09512
0.165452 7.07113
0.165757 7.04296
0.166063 7.01878
0.16637 6.99112
0.166677 6.96704
0.166985 6.93951
0.167293 6.91554
0.167602 6.88812
0.167912 6.86418
0.168222 6.83707
0.168532 6.81288
0.168844 6.7858
0.169155 6.7617
0.169468 6.7348
0.169781 6.71099
0.170094 6.6845
0.170408 6.66084
0.170723 6.63495
0.171038 6.61105
0.171354 6.58537
0.171671 6.56187
0.171988 6.53631
0.172305 6.51275
0.172623 6.48739
0.172942 6.46363
0.173261 6.43834
0.173581 6.41472
0.173902 6.38971
0.174223 6.36611
0.174545 6.34157
0.174867 6.31752
0.17519 6.29378
0.175514 6.26964
0.175838 6.24644
0.176162 6.22231
0.176488 6.19957
0.176814 6.17463
0.17714 6.1531
0.177467 6.12749
0.177795 6.10636
0.178123 6.08088
0.178452 6.05991
0.178782 6.03448
0.179112 6.01367
0.179443 5.98881
0.179774 5.96744
0.180106 5.94281
0.180438 5.9217
0.180772 5.89749
0.181105 5.87668
0.18144 5.85305
0.181775 5.83193
0.182111 5.80846
0.182447 5.78756
0.182784 5.76382
0.183121 5.74301
0.183459 5.71953
0.183798 5.69864
0.184138 5.67548
0.184478 5.65456
0.184818 5.63152
0.18516 5.61073
0.185502 5.58808
0.185844 5.56725
0.186187 5.54502
0.186531 5.52428
0.186876 5.50258
0.187221 5.4819
0.187566 5.46001
0.187913 5.43939
0.18826 5.41779
0.188607 5.39682
0.188956 5.37565
0.189305 5.35468
0.189654 5.3339
0.190004 5.31261
0.190355 5.29224
0.190707 5.27069
0.191059 5.25092
0.191412 5.22831
0.191765 5.21016
0.192119 5.18804
0.192474 5.16969
0.192829 5.14761
0.193186 5.12923
0.193542 5.10749
0.1939 5.08898
0.194258 5.06741
0.194616 5.04879
0.194976 5.02734
0.195336 5.00894
0.195697 4.9877
0.196058 4.96935
0.19642 4.94839
0.196783 4.92997
0.197146 4.90921
0.19751 4.89103
0.197875 4.87054
0.19824 4.85252
0.198606 4.83234
0.198973 4.81424
0.199341 4.79431
0.199709 4.77591
0.200077 4.75602
0.200447 4.73782
0.200817 4.71817
0.201188 4.69986
0.201559 4.68039
0.201932 4.66197
0.202304 4.64264
0.202678 4.62457
0.203052 4.60552
0.203427 4.58775
0.203803 4.56917
0.204179 4.55081
0.204556 4.53267
0.204934 4.51418
0.205312 4.49635
0.205692 4.47774
0.206071 4.46005
0.206452 4.44095
0.206833 4.42414
0.207215 4.40439
0.207598 4.38808
0.207981 4.36876
0.208365 4.35261
0.20875 4.33319
0.209135 4.31735
0.209522 4.2987
0.209908 4.28246
0.210296 4.26396
0.210684 4.2478
0.211073 4.22915
0.211463 4.21325
0.211854 4.19489
0.212245 4.17872
0.212637 4.16056
0.21303 4.14462
0.213423 4.12625
0.213817 4.11038
0.214212 4.09242
0.214607 4.07649
0.215004 4.05888
0.215401 4.04311
0.215799 4.0259
0.216197 4.00999
0.216596 3.99295
0.216996 3.977
0.217397 3.96014
0.217798 3.94405
0.218201 3.92737
0.218603 3.91148
0.219007 3.8946
0.219412 3.87875
0.219817 3.86228
0.220223 3.84625
0.220629 3.83005
0.221037 3.8141
0.221445 3.79832
0.221854 3.78236
0.222263 3.76709
0.222674 3.75085
0.223085 3.73576
0.223497 3.71863
0.22391 3.70473
0.224323 3.68759
0.224737 3.67365
0.225152 3.65663
0.225568 3.64252
0.225985 3.62581
0.226402 3.61174
0.22682 3.59527
0.227239 3.58114
0.227659 3.56484
0.228079 3.55093
0.2285 3.53506
0.228922 3.52132
0.229345 3.50548
0.229768 3.49151
0.230193 3.47586
0.230618 3.46186
0.231044 3.44612
0.23147 3.43235
0.231898 3.4168
0.232326 3.40307
0.232755 3.3877
0.233185 3.3737
0.233615 3.35857
0.234047 3.34482
0.234479 3.3299
0.234912 3.31628
0.235346 3.30174
0.23578 3.28786
0.236216 3.27344
0.236652 3.25968
0.237089 3.24536
0.237527 3.23168
0.237965 3.2175
0.238405 3.20345
0.238845 3.18965
0.239286 3.17551
0.239728 3.16202
0.240171 3.14784
0.240614 3.13444
0.241058 3.12006
0.241504 3.10744
0.24195 3.09277
0.242396 3.08059
0.242844 3.06617
0.243292 3.05398
0.243742 3.03936
0.244192 3.02735
0.244643 3.01307
0.245094 3.00067
0.245547 2.98658
0.246 2.97436
0.246455 2.96021
0.24691 2.94812
0.247366 2.93416
0.247822 2.92209
0.24828 2.90824
0.248739 2.89646
0.249198 2.8828
0.249658 2.87098
0.250119 2.85756
0.250581 2.84557
0.251044 2.83234
0.251507 2.82041
0.251972 2.80734
0.252437 2.79523
0.252903 2.7822
0.25337 2.77016
0.253838 2.75735
0.254307 2.74529
0.254776 2.73269
0.255247 2.7207
0.255718 2.7081
0.25619 2.69634
0.256663 2.68412
0.257137 2.67227
0.257612 2.66021
0.258088 2.6482
0.258565 2.63637
0.259042 2.62424
0.25952 2.6127
0.26 2.60039
0.26048 2.58897
0.260961 2.57598
0.261443 2.56553
0.261925 2.55262
0.262409 2.5422
0.262894 2.5294
0.263379 2.51907
0.263865 2.50671
0.264353 2.49632
0.264841 2.48413
0.26533 2.47364
0.26582 2.46144
0.266311 2.45099
0.266803 2.43895
0.267295 2.4286
0.267789 2.41663
0.268283 2.40612
0.268779 2.39431
0.269275 2.3839
0.269772 2.37207
0.27027 2.36183
0.27077 2.35021
0.27127 2.34007
0.27177 2.32873
0.272272 2.31844
0.272775 2.30727
0.273279 2.29711
0.273783 2.28599
0.274289 2.27571
0.274796 2.26479
0.275303 2.25436
0.275811 2.24353
0.276321 2.23321
0.276831 2.22252
0.277342 2.21221
0.277854 2.20166
0.278367 2.19119
0.278881 2.18097
0.279396 2.17069
0.279912 2.1607
0.280429 2.15031
0.280947 2.14046
0.281466 2.12993
0.281986 2.12041
0.282506 2.10937
0.283028 2.1003
0.283551 2.08942
0.284074 2.08047
0.284599 2.06943
0.285124 2.06054
0.285651 2.04982
0.286178 2.04076
0.286707 2.03025
0.287236 2.02135
0.287767 2.01099
0.288298 2.00217
0.28883 1.992
0.289364 1.98315
0.289898 1.97301
0.290433 1.96417
0.29097 1.95402
0.291507 1.9452
0.292045 1.93516
0.292585 1.92627
0.293125 1.91647
0.293666 1.90765
0.294208 1.89796
0.294752 1.88905
0.295296 1.87944
0.295841 1.87071
0.296388 1.86145
0.296935 1.85268
0.297483 1.84349
0.298033 1.83474
0.298583 1.82545
0.299134 1.81672
0.299687 1.80768
0.30024 1.79888
0.300795 1.78991
0.30135 1.78103
0.301906 1.77235
0.302464 1.76335
0.303022 1.75485
0.303582 1.7458
0.304143 1.73749
0.304704 1.72824
0.305267 1.72055
0.305831 1.71123
0.306395 1.70361
0.306961 1.69434
0.307528 1.68678
0.308096 1.67754
0.308665 1.66997
0.309235 1.66093
0.309806 1.65326
0.310378 1.64421
0.310951 1.63661
0.311525 1.62772
0.312101 1.6202
0.312677 1.6115
0.313254 1.60394
0.313833 1.59541
0.314412 1.58794
0.314993 1.57946
0.315574 1.57204
0.316157 1.56362
0.316741 1.55619
0.317326 1.54787
0.317912 1.54032
0.318499 1.53215
0.319087 1.52469
0.319676 1.51662
0.320267 1.50907
0.320858 1.50112
0.321451 1.49357
0.322044 1.48575
0.322639 1.47834
0.323235 1.47066
0.323832 1.46332
0.32443 1.45574
0.325029 1.44825
0.325629 1.44089
0.32623 1.43336
0.326833 1.42608
0.327436 1.41844
0.328041 1.4113
0.328646 1.40361
0.329253 1.39673
0.329861 1.38865
0.33047 1.38218
0.331081 1.37425
0.331692 1.36789
0.332305 1.36007
0.332918 1.3537
0.333533 1.34608
0.334149 1.33964
0.334766 1.33212
0.335384 1.32569
0.336003 1.31819
0.336624 1.31178
0.337246 1.30437
0.337868 1.29801
0.338492 1.29066
0.339117 1.28428
0.339743 1.27697
0.340371 1.27061
0.340999 1.26343
0.341629 1.25717
0.34226 1.25021
0.342892 1.24394
0.343525 1.23714
0.344159 1.2308
0.344795 1.22396
0.345432 1.21775
0.34607 1.21098
0.346709 1.20474
0.347349 1.19805
0.34799 1.19176
0.348633 1.18509
0.349277 1.17885
0.349922 1.17237
0.350568 1.16615
0.351215 1.15974
0.351864 1.15352
0.352513 1.14738
0.353164 1.1411
0.353817 1.13512
0.35447 1.12876
0.355125 1.12287
0.35578 1.11627
0.356437 1.11074
0.357095 1.10403
0.357755 1.09863
0.358416 1.09195
0.359077 1.08661
0.35974 1.07999
0.360405 1.07468
0.36107 1.06822
0.361737 1.06289
0.362405 1.05655
0.363074 1.05127
0.363745 1.0451
0.364416 1.03985
0.365089 1.03374
0.365763 1.02839
0.366439 1.02234
0.367116 1.01705
0.367793 1.01096
0.368473 1.00573
0.369153 0.999743
0.369835 0.994498
0.370518 0.988594
0.371202 0.983341
0.371887 0.977559
0.372574 0.972405
0.373262 0.966777
0.373951 0.961581
0.374642 0.956076
0.375334 0.950844
0.376027 0.945411
0.376721 0.940178
0.377417 0.93475
0.378114 0.929568
0.378812 0.924233
0.379511 0.918972
0.380212 0.913749
0.380914 0.908472
0.381618 0.90338
0.382322 0.898043
0.383028 0.893127
0.383736 0.887821
0.384444 0.883053
0.385154 0.877531
0.385866 0.873105
0.386578 0.867626
0.387292 0.863187
0.388007 0.857718
0.388724 0.853292
0.389441 0.847924
0.390161 0.843434
0.390881 0.838141
0.391603 0.833688
0.392326 0.828424
0.39305 0.824055
0.393776 0.818855
0.394503 0.814542
0.395232 0.80949
0.395962 0.80516
0.396693 0.800213
0.397425 0.795865
0.398159 0.790937
0.398895 0.786615
0.399631 0.781777
0.400369 0.777452
0.401108 0.772692
0.401849 0.768325
0.402591 0.763577
0.403335 0.759271
0.404079 0.754581
0.404826 0.750291
0.405573 0.745686
0.406322 0.741432
0.407072 0.736935
0.407824 0.732735
0.408577 0.728337
0.409332 0.724124
0.410088 0.719781
0.410845 0.715478
0.411604 0.711277
0.412364 0.70692
0.413125 0.702803
0.413888 0.698415
0.414652 0.694393
0.415418 0.689874
0.416185 0.686083
0.416954 0.681476
0.417723 0.677829
0.418495 0.673339
0.419268 0.669775
0.420042 0.665346
0.420818 0.661809
0.421595 0.65748
0.422373 0.653857
0.423153 0.649554
0.423934 0.645952
0.424717 0.641683
0.425502 0.638125
0.426287 0.633907
0.427075 0.630312
0.427863 0.626185
0.428653 0.62265
0.429445 0.61852
0.430238 0.615018
0.431032 0.611003
0.431828 0.607536
0.432626 0.603638
0.433425 0.600174
0.434225 0.596296
0.435027 0.592825
0.43583 0.58902
0.436635 0.585514
0.437441 0.581761
0.438249 0.578233
0.439058 0.574543
0.439869 0.571048
0.440681 0.56737
0.441495 0.563909
0.44231 0.560328
0.443127 0.556855
0.443945 0.553405
0.444765 0.549956
0.445586 0.546613
0.446409 0.543107
0.447234 0.539836
0.448059 0.536284
0.448887 0.53309
0.449716 0.529337
0.450546 0.526404
0.451378 0.522696
0.452212 0.519753
0.453047 0.51607
0.453883 0.513154
0.454722 0.509552
0.455561 0.506656
0.456402 0.50315
0.457245 0.500265
0.45809 0.496861
0.458935 0.494006
0.459783 0.490621
0.460632 0.48777
0.461483 0.484422
0.462335 0.481548
0.463189 0.47824
0.464044 0.475375
0.464901 0.472064
0.465759 0.469244
0.466619 0.466007
0.467481 0.463188
0.468344 0.460032
0.469209 0.457222
0.470076 0.454123
0.470944 0.451367
0.471813 0.448362
0.472684 0.445581
0.473557 0.442615
0.474432 0.439818
0.475308 0.436869
0.476186 0.434092
0.477065 0.431187
0.477946 0.428424
0.478828 0.425582
0.479713 0.422739
0.480598 0.419993
0.481486 0.417148
0.482375 0.414488
0.483266 0.411654
0.484158 0.409067
0.485052 0.406236
0.485948 0.403785
0.486845 0.400849
0.487744 0.398484
0.488645 0.39561
0.489547 0.393268
0.490451 0.390356
0.491357 0.388048
0.492264 0.385205
0.493173 0.382872
0.494084 0.38006
0.494996 0.377756
0.495911 0.374971
0.496826 0.372719
0.497744 0.370013
0.498663 0.367768
0.499584 0.365155
0.500506 0.362938
0.50143 0.36031
0.502356 0.358081
0.503284 0.355507
0.504213 0.353268
0.505144 0.350735
0.506077 0.348507
0.507012 0.346005
0.507948 0.343772
0.508886 0.341309
0.509826 0.33908
0.510767 0.336681
0.51171 0.334455
0.512655 0.332133
0.513602 0.329974
0.51455 0.327681
0.515501 0.325507
0.516453 0.32327
0.517406 0.321074
0.518362 0.318868
0.519319 0.316659
0.520278 0.314516
0.521239 0.312269
0.522201 0.310195
0.523165 0.307926
0.524131 0.305894
0.525099 0.303498
0.526069 0.301685
0.52704 0.299344
0.528014 0.29755
0.528989 0.295288
0.529966 0.293477
0.530944 0.291252
0.531925 0.289447
0.532907 0.287246
0.533891 0.285448
0.534877 0.283248
0.535865 0.281452
0.536854 0.279298
0.537845 0.27753
0.538839 0.275384
0.539834 0.273609
0.54083 0.271527
0.541829 0.269769
0.54283 0.267718
0.543832 0.266008
0.544836 0.26403
0.545842 0.262321
0.54685 0.260366
0.54786 0.258631
0.548872 0.256706
0.549885 0.25499
0.550901 0.253085
0.551918 0.251362
0.552937 0.24949
0.553958 0.247748
0.554981 0.245923
0.556006 0.244199
0.557033 0.242409
0.558061 0.240713
0.559092 0.238978
0.560124 0.23728
0.561159 0.23562
0.562195 0.233905
0.563233 0.232284
0.564273 0.230553
0.565315 0.22896
0.566359 0.22719
0.567405 0.225677
0.568453 0.223834
0.569502 0.222402
0.570554 0.220602
0.571608 0.219184
0.572663 0.217378
0.573721 0.216008
0.57478 0.214262
0.575842 0.21288
0.576905 0.211215
0.57797 0.209846
0.579037 0.208184
0.580107 0.206821
0.581178 0.205181
0.582251 0.20381
0.583326 0.202179
0.584404 0.200839
0.585483 0.199217
0.586564 0.197877
0.587647 0.196289
0.588732 0.194941
0.589819 0.193396
0.590908 0.192068
0.592 0.190571
0.593093 0.18926
0.594188 0.187807
0.595285 0.186498
0.596385 0.185077
0.597486 0.183757
0.598589 0.182354
0.599694 0.181037
0.600802 0.179642
0.601911 0.178329
0.603023 0.176973
0.604136 0.175655
0.605252 0.174324
0.60637 0.172991
0.607489 0.171712
0.608611 0.17038
0.609735 0.169158
0.610861 0.167848
0.611989 0.166664
0.613119 0.165277
0.614251 0.164203
0.615386 0.162816
0.616522 0.161747
0.61766 0.160368
0.618801 0.159303
0.619944 0.157954
0.621088 0.156892
0.622235 0.155563
0.623384 0.15451
0.624535 0.153189
0.625689 0.15215
0.626844 0.15087
0.628002 0.149864
0.629161 0.148645
0.630323 0.147617
0.631487 0.146414
0.632653 0.145397
0.633821 0.144194
0.634992 0.143186
0.636164 0.142003
0.637339 0.140992
0.638516 0.139823
0.639695 0.138808
0.640876 0.137664
0.64206 0.136666
0.643246 0.135548
0.644433 0.134551
0.645623 0.133473
0.646816 0.132491
0.64801 0.131454
0.649207 0.130475
0.650405 0.129456
0.651606 0.128471
0.65281 0.127467
0.654015 0.12647
0.655223 0.125489
0.656433 0.12449
0.657645 0.123538
0.658859 0.122522
0.660076 0.121598
0.661295 0.120572
0.662516 0.119699
0.66374 0.118624
0.664965 0.117832
0.666193 0.116824
0.667423 0.116036
0.668656 0.115017
0.669891 0.114237
0.671128 0.113239
0.672367 0.11245
0.673608 0.111465
0.674852 0.110681
0.676099 0.109707
0.677347 0.108929
0.678598 0.10797
0.679851 0.107204
0.681106 0.106256
0.682364 0.105497
0.683624 0.104575
0.684887 0.103833
0.686151 0.102956
0.687418 0.102211
0.688688 0.101354
0.689959 0.10061
0.691233 0.0997602
0.69251 0.0990105
0.693789 0.0981688
0.69507 0.0974243
0.696353 0.0966025
0.697639 0.0958576
0.698928 0.0950507
0.700218 0.0943107
0.701511 0.093516
0.702807 0.0927834
0.704104 0.0920266
0.705405 0.0913086
0.706707 0.0905795
0.708012 0.0898548
0.70932 0.0891501
0.710629 0.0884112
0.711942 0.087723
0.713256 0.0869749
0.714574 0.086307
0.715893 0.0855207
0.717215 0.084912
0.718539 0.0841178
0.719866 0.0835257
0.721196 0.0827444
0.722527 0.0821677
0.723862 0.0813985
0.725198 0.0808346
0.726537 0.0801155
0.727879 0.0795499
0.729223 0.0788305
0.73057 0.0782669
0.731919 0.0775609
0.73327 0.0770006
0.734624 0.0763063
0.735981 0.0757385
0.73734 0.0750525
0.738702 0.0744928
0.740066 0.0738143
0.741432 0.0732622
0.742801 0.0725995
0.744173 0.072052
0.745547 0.071406
0.746924 0.0708712
0.748303 0.0702588
0.749685 0.0697261
0.75107 0.0691272
0.752456 0.0685874
0.753846 0.0679987
0.755238 0.0674562
0.756633 0.0668753
0.75803 0.0663338
0.75943 0.0657647
0.760832 0.0652255
0.762237 0.0646673
0.763644 0.0641233
0.765055 0.0635895
0.766467 0.0630455
0.767883 0.0625347
0.769301 0.0619977
0.770721 0.0615126
0.772145 0.0609721
0.77357 0.0605083
0.774999 0.0599297
0.77643 0.0595051
0.777864 0.0589375
0.7793 0.0585116
0.780739 0.0579491
0.782181 0.0575265
0.783625 0.0569753
0.785072 0.0565526
0.786522 0.0560094
0.787974 0.0555969
0.78943 0.0550663
0.790887 0.0546631
0.792348 0.0541629
0.793811 0.0537662
0.795277 0.0532725
0.796745 0.0528717
0.798217 0.0523852
0.799691 0.0519823
0.801167 0.0515005
0.802647 0.0511009
0.804129 0.0506303
0.805614 0.0502302
0.807101 0.0497694
0.808592 0.049369
0.810085 0.0489142
0.811581 0.0485272
0.81308 0.0480828
0.814581 0.0477056
0.816085 0.0472859
0.817592 0.0469079
0.819102 0.0464945
0.820615 0.0461127
0.82213 0.0457132
0.823648 0.0453292
0.825169 0.0449326
0.826693 0.0445449
0.828219 0.0441633
0.829749 0.0437686
0.831281 0.0434024
0.832816 0.0430025
0.834354 0.0426527
0.835895 0.0422364
0.837438 0.0419241
0.838985 0.041517
0.840534 0.0412186
0.842086 0.0408179
0.843641 0.0405227
0.845199 0.0401254
0.84676 0.0398315
0.848323 0.0394412
0.84989 0.0391451
0.851459 0.0387566
0.853031 0.0384635
0.854607 0.0380839
0.856185 0.0377955
0.857766 0.037423
0.85935 0.0371327
0.860937 0.0367726
0.862526 0.0364959
0.864119 0.0361485
0.865715 0.0358733
0.867313 0.0355369
0.868915 0.0352598
0.87052 0.0349283
0.872127 0.03465
0.873738 0.0343215
0.875351 0.0340451
0.876967 0.0337252
0.878587 0.0334463
0.880209 0.0331329
0.881835 0.0328546
0.883463 0.0325514
0.885094 0.0322727
0.886729 0.0319791
0.888366 0.0317115
0.890007 0.0314335
0.89165 0.0311643
0.893297 0.0308948
0.894946 0.0306214
0.896599 0.0303609
0.898255 0.0300802
0.899913 0.0298287
0.901575 0.0295434
0.90324 0.0293036
0.904908 0.0289978
0.906579 0.0287841
0.908253 0.0284845
0.90993 0.0282728
0.911611 0.0279794
0.913294 0.0277755
0.91498 0.0274993
0.91667 0.0272946
0.918363 0.0270261
0.920059 0.0268217
0.921758 0.0265552
0.92346 0.0263532
0.925165 0.0260894
0.926873 0.0258883
0.928585 0.0256278
0.9303 0.0254259
0.932018 0.0251722
0.933739 0.0249702
0.935463 0.0247196
0.93719 0.0245225
0.938921 0.0242805
0.940655 0.0240883
0.942392 0.0238604
0.944132 0.0236682
0.945875 0.0234457
0.947622 0.0232542
0.949372 0.0230338
0.951125 0.0228414
0.952881 0.0226248
0.954641 0.0224324
0.956404 0.0222212
0.95817 0.022027
0.959939 0.0218215
0.961712 0.0216279
0.963488 0.0214278
0.965267 0.0212333
0.967049 0.0210449
0.968835 0.0208533
0.970624 0.0206754
0.972417 0.0204829
0.974212 0.0203141
0.976011 0.0201118
0.977814 0.0199552
0.979619 0.0197451
0.981428 0.0195967
0.983241 0.0193891
0.985056 0.019244
0.986875 0.0190382
0.988698 0.0188948
0.990523 0.0186945
0.992352 0.0185515
0.994185 0.0183559
0.996021 0.0182166
0.99786 0.0180316
0.999703 0.0178957
1.00155 0.0177161
1.0034 0.0175781
1.00525 0.0174021
1.00711 0.0172661
1.00897 0.0170904
1.01083 0.0169526
1.0127 0.0167809
1.01457 0.016644
1.01644 0.0164749
1.01832 0.0163396
1.0202 0.0161741
1.02208 0.0160396
1.02397 0.015881
1.02586 0.0157492
1.02775 0.015599
1.02965 0.015468
1.03155 0.0153235
1.03346 0.0151921
1.03537 0.015049
1.03728 0.014917
1.03919 0.0147775
1.04111 0.0146435
1.04304 0.0145082
1.04496 0.014372
1.04689 0.014242
1.04882 0.0141036
1.05076 0.0139805
1.0527 0.0138393
1.05465 0.0137248
1.05659 0.0135773
1.05854 0.0134796
1.0605 0.0133382
1.06246 0.01324
1.06442 0.0130995
1.06638 0.0130009
1.06835 0.0128626
1.07033 0.0127645
1.0723 0.0126278
1.07428 0.0125291
1.07627 0.0123952
1.07825 0.0122981
1.08025 0.012166
1.08224 0.0120712
1.08424 0.011942
1.08624 0.0118488
1.08825 0.0117281
1.09026 0.0116356
1.09227 0.0115188
1.09429 0.0114273
1.09631 0.0113117
1.09833 0.0112199
1.10036 0.0111062
1.10239 0.0110135
1.10443 0.0109014
1.10647 0.0108096
1.10851 0.0106998
1.11056 0.0106075
1.11261 0.010501
1.11466 0.010409
1.11672 0.0103066
1.11878 0.0102168
1.12085 0.0101201
1.12292 0.0100321
1.12499 0.00993995
1.12707 0.00984873
1.12915 0.00975961
1.13124 0.0096666
1.13333 0.00958051
1.13542 0.00948556
1.13751 0.00940293
1.13962 0.00930412
1.14172 0.00922777
1.14383 0.00912345
1.14594 0.00905494
1.14806 0.00895374
1.15018 0.00888755
1.1523 0.00879017
1.15443 0.00872585
1.15656 0.0086338
1.1587 0.0085685
1.16083 0.00847707
1.16298 0.00841225
1.16513 0.00832151
1.16728 0.00825662
1.16943 0.00816733
1.17159 0.00810254
1.17376 0.00801459
1.17592 0.00795079
1.1781 0.00786439
1.18027 0.00780094
1.18245 0.00771732
1.18463 0.00765565
1.18682 0.0075766
1.18901 0.0075161
1.19121 0.00744092
1.19341 0.00737956
1.19561 0.00730534
1.19782 0.00724351
1.20003 0.00717073
1.20225 0.00710834
1.20447 0.00703716
1.20669 0.00697455
1.20892 0.00690504
1.21115 0.00684204
1.21339 0.00677506
1.21563 0.00671171
1.21787 0.0066478
1.22012 0.00658571
1.22238 0.00652628
1.22463 0.0064642
1.2269 0.00640846
1.22916 0.00634422
1.23143 0.00629087
1.2337 0.00621968
1.23598 0.00617438
1.23826 0.00610402
1.24055 0.00605882
1.24284 0.00598944
1.24514 0.00594399
1.24744 0.00587628
1.24974 0.00583163
1.25205 0.00576546
1.25436 0.00572228
1.25668 0.00565919
1.259 0.00561673
1.26132 0.0055573
1.26365 0.00551518
1.26598 0.00545591
1.26832 0.00541306
1.27066 0.005355
1.27301 0.00531203
1.27536 0.00525444
1.27772 0.00521204
1.28008 0.0051553
1.28244 0.00511299
1.28481 0.00505744
1.28718 0.00501493
1.28956 0.00496177
1.29194 0.00492065
1.29432 0.00486998
1.29671 0.00482977
1.29911 0.00478201
1.30151 0.00474097
1.30391 0.00469418
1.30632 0.00465264
1.30873 0.00460718
1.31115 0.00456486
1.31357 0.00452035
1.31599 0.00447738
1.31842 0.00443437
1.32086 0.0043907
1.3233 0.00434997
1.32574 0.0043054
1.32819 0.00426758
1.33064 0.00422227
1.3331 0.00418846
1.33556 0.00414177
1.33803 0.00411209
1.3405 0.0040661
1.34297 0.00403625
1.34545 0.0039903
1.34794 0.00396085
1.35043 0.00391538
1.35292 0.00388558
1.35542 0.00384105
1.35792 0.00381151
1.36043 0.00376769
1.36294 0.00373842
1.36546 0.00369571
1.36798 0.00366713
1.37051 0.00362661
1.37304 0.00359928
1.37557 0.00356088
1.37811 0.00353333
1.38066 0.00349552
1.38321 0.00346749
1.38576 0.00343027
1.38832 0.00340222
1.39088 0.00336577
1.39345 0.00333729
1.39603 0.00330148
1.3986 0.00327298
1.40119 0.00323823
1.40377 0.00320987
1.40637 0.00317638
1.40896 0.00314855
1.41157 0.00311681
1.41417 0.00308979
1.41678 0.00306025
1.4194 0.00303268
1.42202 0.00300374
1.42465 0.00297531
1.42728 0.00294752
1.42991 0.002918
1.43255 0.00289153
1.4352 0.00286087
1.43785 0.002836
1.4405 0.00280241
1.44316 0.00278154
1.44583 0.00274786
1.4485 0.00272825
1.45117 0.00269602
1.45385 0.00267703
1.45654 0.00264732
1.45923 0.00262815
1.46192 0.00259864
1.46462 0.00257953
1.46733 0.00255001
1.47004 0.00253078
1.47275 0.00250167
1.47547 0.0024825
1.47819 0.00245398
1.48092 0.0024346
1.48366 0.00240656
1.4864 0.00238754
1.48914 0.00236018
1.49189 0.00234168
1.49465 0.00231576
1.49741 0.00229781
1.50017 0.00227352
1.50294 0.0022553
1.50572 0.00223144
1.5085 0.00221307
1.51129 0.00218961
1.51408 0.00217101
1.51687 0.00214809
1.51967 0.00212915
1.52248 0.00210666
1.52529 0.00208761
1.52811 0.002066
1.53093 0.00204668
1.53376 0.00202605
1.53659 0.00200693
1.53943 0.00198764
1.54227 0.00196913
1.54512 0.00195141
1.54797 0.00193198
1.55083 0.00191507
1.55369 0.00189445
1.55656 0.00187897
1.55944 0.00185621
1.56231 0.00184297
1.5652 0.00182061
1.56809 0.0018074
1.57099 0.00178513
1.57389 0.00177223
1.57679 0.00175053
1.5797 0.00173793
1.58262 0.00171715
1.58554 0.00170504
1.58847 0.00168596
1.59141 0.00167365
1.59434 0.00165476
1.59729 0.00164247
1.60024 0.00162372
1.60319 0.00161121
1.60615 0.00159267
1.60912 0.00158012
1.61209 0.00156193
1.61507 0.00154932
1.61805 0.00153155
1.62104 0.00151901
1.62403 0.0015018
1.62703 0.00148945
1.63003 0.00147306
1.63304 0.0014612
1.63606 0.0014461
1.63908 0.0014342
1.64211 0.00141921
1.64514 0.001407
1.64818 0.00139235
1.65122 0.00137983
1.65427 0.00136576
1.65733 0.00135285
1.66039 0.00133914
1.66345 0.00132597
1.66652 0.00131299
1.6696 0.00129947
1.67268 0.00128732
1.67577 0.00127346
1.67887 0.0012627
1.68197 0.00124856
1.68507 0.00123956
1.68819 0.00122476
1.6913 0.00121638
1.69443 0.00120165
1.69756 0.00119328
1.70069 0.00117868
1.70383 0.00117027
1.70698 0.0011558
1.71013 0.00114737
1.71329 0.00113317
1.71645 0.0011248
1.71962 0.00111091
1.7228 0.00110277
1.72598 0.00108951
1.72916 0.00108165
1.73236 0.00106957
1.73556 0.00106164
1.73876 0.00104962
1.74197 0.00104163
1.74519 0.00102978
1.74841 0.00102166
1.75164 0.00100997
1.75487 0.00100174
1.75812 0.000990226
1.76136 0.00098197
1.76461 0.000970836
1.76787 0.000962484
1.77114 0.000951706
1.77441 0.000943425
1.77768 0.00093326
1.78097 0.00092539
1.78426 0.000916089
1.78755 0.000908014
1.79085 0.000898907
1.79416 0.000890538
1.79747 0.000881841
1.80079 0.000873131
1.80412 0.000864746
1.80745 0.000855591
1.81079 0.000847752
1.81413 0.000838042
1.81748 0.000831002
1.82084 0.000820067
1.8242 0.000814533
1.82757 0.00080402
1.83094 0.000798734
1.83432 0.000789292
1.83771 0.000783965
1.8411 0.000774582
1.8445 0.000769165
1.84791 0.000759801
1.85132 0.000754396
1.85474 0.000745114
1.85816 0.000739631
1.8616 0.000730523
1.86503 0.000725088
1.86848 0.000716051
1.87193 0.000710588
1.87538 0.000701806
1.87885 0.00069643
1.88232 0.00068798
1.88579 0.000682935
1.88928 0.000675346
1.89276 0.000670178
1.89626 0.000662667
1.89976 0.000657403
1.90327 0.000649961
1.90678 0.000644666
1.9103 0.000637331
1.91383 0.000631907
1.91737 0.000624744
1.92091 0.000619244
1.92445 0.000612296
1.92801 0.000606657
1.93157 0.000600078
1.93514 0.000594402
1.93871 0.000588224
1.94229 0.000582851
1.94588 0.000577323
1.94947 0.000571661
1.95307 0.000566415
1.95667 0.000560385
1.96029 0.000555521
1.96391 0.000548783
1.96753 0.000544637
1.97117 0.000537455
1.97481 0.000533792
1.97845 0.000526678
1.98211 0.000523073
1.98577 0.000516096
1.98943 0.000512558
1.99311 0.000505788
1.99679 0.000502475
2.00048 0.000496403
2.00417 0.000493018
2.00787 0.000487048
2.01158 0.000483633
2.01529 0.000477692
2.01902 0.000474194
2.02274 0.000468331
2.02648 0.000464854
2.03022 0.000459009
2.03397 0.000455485
2.03773 0.00044978
2.04149 0.000446241
2.04526 0.000440693
2.04904 0.000437195
2.05282 0.000431841
2.05661 0.000428556
2.06041 0.000423803
2.06421 0.000420422
2.06802 0.00041574
2.07184 0.000412271
2.07567 0.000407711
2.0795 0.000404092
2.08334 0.000399646
2.08719 0.000395935
2.09104 0.000391637
2.0949 0.000387807
2.09877 0.000383708
2.10265 0.000379762
2.10653 0.000375899
2.11042 0.000371793
2.11432 0.000368352
2.11822 0.000364306
2.12213 0.00036141
2.12605 0.000356746
2.12998 0.000354481
2.13391 0.000349845
2.13785 0.000347548
2.1418 0.000342953
2.14576 0.000340638
2.14972 0.000336072
2.15369 0.000333731
2.15766 0.000329235
2.16165 0.000326899
2.16564 0.000322479
2.16964 0.000320218
2.17365 0.000315918
2.17766 0.000313788
2.18168 0.000309945
2.18571 0.000307782
2.18975 0.000304032
2.19379 0.000301811
2.19784 0.000298073
2.2019 0.000295832
2.20597 0.000292155
2.21004 0.000289869
2.21412 0.00028625
2.21821 0.000283928
2.2223 0.000280372
2.22641 0.000278024
2.23052 0.000274585
2.23464 0.000272224
2.23876 0.000268954
2.2429 0.000266753
2.24704 0.00026383
2.25119 0.000261566
2.25535 0.000258734
2.25951 0.000256374
2.26368 0.00025363
2.26786 0.000251159
2.27205 0.000248545
2.27625 0.00024592
2.28045 0.000243462
2.28466 0.000240658
2.28888 0.000238428
2.29311 0.000235306
2.29734 0.000233464
2.30158 0.000230087
2.30583 0.000228671
2.31009 0.000225663
2.31436 0.000224255
2.31863 0.000221305
2.32291 0.000219878
2.3272 0.000216952
2.3315 0.000215499
2.33581 0.000212589
2.34012 0.000211118
2.34444 0.000208227
2.34877 0.000206746
2.35311 0.000203899
2.35745 0.000202407
2.36181 0.000199619
2.36617 0.00019816
2.37054 0.00019546
2.37491 0.000194076
2.3793 0.000191655
2.38369 0.000190267
2.38809 0.000187924
2.3925 0.000186502
2.39692 0.00018418
2.40135 0.000182718
2.40578 0.00018044
2.41023 0.000178932
2.41468 0.000176703
2.41914 0.000175147
2.4236 0.000172987
2.42808 0.000171402
2.43256 0.000169322
2.43705 0.00016771
2.44155 0.00016577
2.44606 0.000164229
2.45058 0.000162508
2.4551 0.000160912
2.45964 0.000159313
2.46418 0.000157607
2.46873 0.000156104
2.47329 0.000154224
2.47786 0.00015289
2.48243 0.000150642
2.48702 0.000149681
2.49161 0.000147458
2.49621 0.000146506
2.50082 0.000144313
2.50544 0.00014336
2.51006 0.000141229
2.5147 0.00014034
2.51934 0.000138428
2.52399 0.000137532
2.52866 0.000135696
2.53333 0.00013479
2.538 0.000132954
2.54269 0.000132041
2.54739 0.000130211
2.55209 0.000129273
2.5568 0.000127476
2.56152 0.000126513
2.56625 0.000124744
2.57099 0.000123786
2.57574 0.000122043
2.5805 0.000121091
2.58526 0.000119421
2.59004 0.000118519
2.59482 0.000117017
2.59961 0.00011612
2.60441 0.000114685
2.60922 0.000113749
2.61404 0.000112348
2.61886 0.000111371
2.6237 0.000110001
2.62855 0.000108981
2.6334 0.00010765
2.63826 0.000106594
2.64313 0.000105327
2.64801 0.000104209
2.6529 0.00010302
2.6578 0.000101866
2.66271 0.000100792
2.66763 9.96466e-05
2.67255 9.87349e-05
2.67749 9.74942e-05
2.68243 9.67454e-05
2.68739 9.53264e-05
2.69235 9.47391e-05
2.69732 9.33311e-05
2.7023 9.27325e-05
2.70729 9.13241e-05
2.71229 9.07202e-05
2.7173 8.93338e-05
2.72232 8.87231e-05
2.72735 8.73584e-05
2.73238 8.67604e-05
2.73743 8.54281e-05
2.74248 8.48669e-05
2.74755 8.36611e-05
2.75262 8.31048e-05
2.7577 8.19636e-05
2.7628 8.13956e-05
2.7679 8.02626e-05
2.77301 7.96845e-05
2.77813 7.85604e-05
2.78326 7.79601e-05
2.7884 7.68485e-05
2.79355 7.62411e-05
2.79871 7.51524e-05
2.80387 7.45248e-05
2.80905 7.34638e-05
2.81424 7.284e-05
2.81944 7.18255e-05
2.82464 7.12293e-05
2.82986 7.03221e-05
2.83508 6.97191e-05
2.84032 6.88778e-05
2.84556 6.82456e-05
2.85082 6.74252e-05
2.85608 6.67543e-05
2.86136 6.59683e-05
2.86664 6.52558e-05
2.87193 6.45149e-05
2.87724 6.37417e-05
2.88255 6.30648e-05
2.88787 6.22184e-05
2.89321 6.16297e-05
2.89855 6.05968e-05
2.9039 6.02414e-05
2.90926 5.93088e-05
2.91464 5.89641e-05
2.92002 5.80869e-05
2.92541 5.77271e-05
2.93081 5.68586e-05
2.93623 5.6491e-05
2.94165 5.56245e-05
2.94708 5.52533e-05
2.95252 5.43877e-05
2.95797 5.40068e-05
2.96344 5.31543e-05
2.96891 5.27747e-05
2.97439 5.19304e-05
2.97988 5.15511e-05
2.98539 5.07353e-05
2.9909 5.03803e-05
2.99642 4.96398e-05
3.00195 4.92923e-05
3.0075 4.85958e-05
3.01305 4.82399e-05
3.01862 4.75497e-05
3.02419 4.71792e-05
3.02977 4.65019e-05
3.03537 4.61147e-05
3.04097 4.54485e-05
3.04659 4.50484e-05
3.05222 4.4403e-05
3.05785 4.39859e-05
3.0635 4.33619e-05
3.06916 4.29401e-05
3.07482 4.23544e-05
3.0805 4.19436e-05
3.08619 4.14227e-05
3.09189 4.10105e-05
3.0976 4.05376e-05
3.10332 4.00934e-05
3.10905 3.96548e-05
3.11479 3.91646e-05
3.12054 3.87642e-05
3.1263 3.82077e-05
3.13208 3.78733e-05
3.13786 3.72218e-05
3.14365 3.69843e-05
3.14946 3.63396e-05
3.15528 3.61056e-05
3.1611 3.54735e-05
3.16694 3.52548e-05
3.17279 3.46802e-05
3.17865 3.44686e-05
3.18452 3.3937e-05
3.1904 3.3718e-05
3.19629 3.31903e-05
3.20219 3.29662e-05
3.2081 3.24395e-05
3.21403 3.22085e-05
3.21996 3.16861e-05
3.22591 3.14537e-05
3.23187 3.09336e-05
3.23783 3.0698e-05
3.24381 3.0189e-05
3.2498 2.99507e-05
3.2558 2.94581e-05
3.26182 2.92333e-05
3.26784 2.8789e-05
3.27387 2.857e-05
3.27992 2.81606e-05
3.28598 2.793e-05
3.29204 2.75289e-05
3.29812 2.7288e-05
3.30421 2.68959e-05
3.31031 2.66435e-05
3.31643 2.62589e-05
3.32255 2.59922e-05
3.32869 2.56244e-05
3.33483 2.5345e-05
3.34099 2.49963e-05
3.34716 2.47006e-05
3.35334 2.43835e-05
3.35953 2.40848e-05
3.36574 2.3818e-05
3.37195 2.35091e-05
3.37818 2.3287e-05
3.38442 2.29118e-05
3.39067 2.27569e-05
3.39693 2.23604e-05
3.4032 2.22219e-05
3.40949 2.18253e-05
3.41578 2.16833e-05
3.42209 2.12923e-05
3.42841 2.11483e-05
3.43474 2.07616e-05
3.44108 2.06199e-05
3.44744 2.02403e-05
3.4538 2.01065e-05
3.46018 1.97595e-05
3.46657 1.96313e-05
3.47297 1.93185e-05
3.47939 1.91856e-05
3.48581 1.88724e-05
3.49225 1.87377e-05
3.4987 1.84261e-05
3.50516 1.82863e-05
3.51163 1.79783e-05
3.51811 1.78334e-05
3.52461 1.75288e-05
3.53112 1.73812e-05
3.53764 1.70839e-05
3.54417 1.69344e-05
3.55072 1.66475e-05
3.55727 1.65033e-05
3.56384 1.62465e-05
3.57042 1.61067e-05
3.57702 1.58751e-05
3.58362 1.57268e-05
3.59024 1.55036e-05
3.59687 1.53443e-05
3.60351 1.51287e-05
3.61017 1.49585e-05
3.61683 1.47535e-05
3.62351 1.45678e-05
3.6302 1.43775e-05
3.63691 1.41737e-05
3.64362 1.40048e-05
3.65035 1.37747e-05
3.65709 1.36414e-05
3.66384 1.33819e-05
3.67061 1.33055e-05
3.67739 1.30741e-05
3.68418 1.29953e-05
3.69098 1.27637e-05
3.6978 1.2683e-05
3.70463 1.24511e-05
3.71147 1.23698e-05
3.71832 1.21385e-05
3.72519 1.20546e-05
3.73207 1.18248e-05
3.73896 1.17392e-05
3.74586 1.15131e-05
3.75278 1.14281e-05
3.75971 1.12064e-05
3.76665 1.11252e-05
3.77361 1.09216e-05
3.78058 1.08455e-05
3.78756 1.06651e-05
3.79455 1.05858e-05
3.80156 1.04069e-05
3.80858 1.03241e-05
3.81561 1.0147e-05
3.82266 1.00613e-05
3.82972 9.88623e-06
3.83679 9.79618e-06
3.84387 9.6246e-06
3.85097 9.53263e-06
3.85808 9.36551e-06
3.86521 9.26907e-06
3.87234 9.11107e-06
3.87949 9.0163e-06
3.88666 8.87628e-06
3.89384 8.78499e-06
3.90103 8.66266e-06
3.90823 8.56355e-06
3.91545 8.44827e-06
3.92268 8.33782e-06
3.92992 8.23317e-06
3.93718 8.10838e-06
3.94445 8.01619e-06
3.95173 7.86413e-06
3.95903 7.79979e-06
3.96634 7.63405e-06
3.97366 7.58473e-06
3.981 7.4215e-06
3.98835 7.3746e-06
3.99572 7.22357e-06
4.0031 7.18045e-06
4.01049 7.04801e-06
4.01789 7.00341e-06
4.02531 6.8718e-06
4.03275 6.82578e-06
4.04019 6.69444e-06
4.04765 6.64709e-06
4.05513 6.51628e-06
4.06262 6.46741e-06
4.07012 6.33754e-06
4.07763 6.28767e-06
4.08516 6.15926e-06
4.09271 6.10986e-06
4.10027 5.98435e-06
4.10784 5.93656e-06
4.11542 5.8213e-06
4.12302 5.7766e-06
4.13064 5.67692e-06
4.13826 5.63039e-06
4.14591 5.53222e-06
4.15356 5.48247e-06
4.16123 5.3861e-06
4.16892 5.33335e-06
4.17661 5.23938e-06
4.18433 5.18343e-06
4.19205 5.09221e-06
4.19979 5.03271e-06
4.20755 4.94575e-06
4.21532 4.88213e-06
4.2231 4.80268e-06
4.2309 4.73743e-06
4.23871 4.66905e-06
4.24654 4.60561e-06
4.25438 4.55062e-06
4.26224 4.47654e-06
4.27011 4.43161e-06
4.278 4.33871e-06
4.2859 4.31171e-06
4.29381 4.21893e-06
4.30174 4.1911e-06
4.30968 4.09874e-06
4.31764 4.07061e-06
4.32561 3.97883e-06
4.3336 3.95076e-06
4.3416 3.86002e-06
4.34962 3.83344e-06
4.35765 3.74875e-06
4.3657 3.72497e-06
4.37376 3.65287e-06
4.38184 3.62816e-06
4.38993 3.55614e-06
4.39804 3.53027e-06
4.40616 3.45895e-06
4.41429 3.43211e-06
4.42245 3.36067e-06
4.43061 3.33312e-06
4.43879 3.26252e-06
4.44699 3.23389e-06
4.4552 3.16441e-06
4.46343 3.13522e-06
4.47167 3.06797e-06
4.47993 3.03938e-06
4.4882 2.97753e-06
4.49649 2.95138e-06
4.50479 2.8994e-06
4.51311 2.87154e-06
4.52144 2.82103e-06
4.52979 2.7905e-06
4.53816 2.74184e-06
4.54654 2.70879e-06
4.55493 2.66203e-06
4.56335 2.62595e-06
4.57177 2.5824e-06
4.58021 2.54223e-06
4.58867 2.50286e-06
4.59715 2.45774e-06
4.60564 2.42476e-06
4.61414 2.37238e-06
4.62266 2.35182e-06
4.6312 2.30224e-06
4.63975 2.28868e-06
4.64832 2.23899e-06
4.6569 2.22517e-06
4.6655 2.17545e-06
4.67411 2.16113e-06
4.68275 2.11146e-06
4.69139 2.0967e-06
4.70006 2.047e-06
4.70874 2.03184e-06
4.71743 1.98278e-06
4.72614 1.96772e-06
4.73487 1.91929e-06
4.74361 1.90454e-06
4.75237 1.85912e-06
4.76115 1.84644e-06
4.76994 1.80861e-06
4.77875 1.79531e-06
4.78757 1.75777e-06
4.79641 1.74382e-06
4.80527 1.70665e-06
4.81414 1.69204e-06
4.82303 1.655e-06
4.83194 1.63947e-06
4.84086 1.60329e-06
4.8498 1.587e-06
4.85876 1.55156e-06
4.86773 1.5346e-06
4.87672 1.50066e-06
4.88572 1.48311e-06
4.89475 1.45243e-06
4.90378 1.43698e-06
4.91284 1.41208e-06
4.92191 1.39483e-06
4.931 1.37136e-06
4.94011 1.35228e-06
4.94923 1.33033e-06
4.95837 1.30866e-06
4.96752 1.28908e-06
4.9767 1.26345e-06
4.98589 1.24759e-06
4.99509 1.2143e-06
5.00432 1.20628e-06
5.01356 1.17334e-06
5.02282 1.16552e-06
5.03209 1.13407e-06
5.04138 1.12746e-06
5.05069 1.10217e-06
5.06002 1.0952e-06
5.06936 1.06996e-06
5.07873 1.06275e-06
5.0881 1.03746e-06
5.0975 1.03018e-06
5.10691 1.00485e-06
5.11634 9.97207e-07
5.12579 9.71987e-07
5.13526 9.64158e-07
5.14474 9.39212e-07
5.15424 9.31242e-07
5.16376 9.06599e-07
5.17329 8.98789e-07
5.18285 8.75556e-07
5.19242 8.6889e-07
5.202 8.50346e-07
5.21161 8.43279e-07
5.22123 8.24863e-07
5.23088 8.17296e-07
5.24054 7.99255e-07
5.25021 7.91204e-07
5.25991 7.73347e-07
5.26962 7.64605e-07
5.27935 7.4742e-07
5.2891 7.38018e-07
5.29887 7.21465e-07
5.30865 7.11364e-07
5.31846 6.95842e-07
5.32828 6.84998e-07
5.33812 6.71413e-07
5.34797 6.61744e-07
5.35785 6.51561e-07
5.36774 6.40323e-07
5.37765 6.31568e-07
5.38758 6.17848e-07
5.39753 6.11414e-07
5.4075 5.95033e-07
5.41749 5.91095e-07
5.42749 5.74711e-07
5.43751 5.7069e-07
5.44755 5.54342e-07
5.45761 5.50357e-07
5.46769 5.34161e-07
5.47779 5.30211e-07
5.4879 5.14538e-07
5.49804 5.11349e-07
5.50819 4.9913e-07
5.51836 4.95788e-07
5.52855 4.83609e-07
5.53876 4.80141e-07
5.54899 4.67975e-07
5.55923 4.64366e-07
5.5695 4.52234e-07
5.57979 4.48419e-07
5.59009 4.36329e-07
5.60041 4.32391e-07
5.61075 4.2047e-07
5.62111 4.1641e-07
5.63149 4.04715e-07
5.64189 4.00586e-07
5.65231 3.89499e-07
5.66275 3.8604e-07
5.67321 3.77528e-07
5.68368 3.73759e-07
5.69418 3.65471e-07
5.70469 3.61387e-07
5.71523 3.53336e-07
5.72578 3.48828e-07
5.73635 3.41094e-07
5.74695 3.36117e-07
5.75756 3.28755e-07
5.76819 3.23131e-07
5.77884 3.16475e-07
5.78951 3.10149e-07
5.8002 3.04251e-07
5.81092 2.9688e-07
5.82165 2.92618e-07
5.8324 2.84923e-07
5.84317 2.83315e-07
5.85396 2.75699e-07
5.86477 2.74036e-07
5.8756 2.6642e-07
5.88645 2.64677e-07
5.89732 2.57057e-07
5.90821 2.55249e-07
5.91912 2.47618e-07
5.93005 2.45753e-07
5.941 2.38151e-07
5.95197 2.36274e-07
5.96296 2.2873e-07
5.97397 2.26894e-07
5.985 2.19571e-07
5.99605 2.18077e-07
6.00713 2.1245e-07
6.01822 2.10889e-07
6.02933 2.05397e-07
6.04047 2.03788e-07
6.05162 1.98277e-07
6.06279 1.96558e-07
6.07399 1.91117e-07
6.08521 1.89276e-07
6.09644 1.83899e-07
6.1077 1.81942e-07
6.11898 1.76658e-07
6.13028 1.74591e-07
6.1416 1.69477e-07
6.15294 1.67312e-07
6.1643 1.62549e-07
6.17569 1.60696e-07
6.18709 1.57087e-07
6.19851 1.55091e-07
6.20996 1.51753e-07
6.22143 1.49518e-07
6.23292 1.46357e-07
6.24443 1.43799e-07
6.25596 1.40925e-07
6.26751 1.37895e-07
6.27908 1.3544e-07
6.29068 1.31747e-07
6.30229 1.29985e-07
6.31393 1.2541e-07
6.32559 1.24545e-07
6.33727 1.20068e-07
6.34897 1.19375e-07
6.3607 1.15932e-07
6.37244 1.15242e-07
6.38421 1.11933e-07
6.396 1.11198e-07
6.40781 1.07903e-07
6.41964 1.07146e-07
6.4315 1.03841e-07
6.44338 1.0305e-07
6.45527 9.97252e-08
6.46719 9.89079e-08
6.47914 9.56131e-08
6.4911 9.47827e-08
6.50309 9.1522e-08
6.5151 9.07017e-08
6.52713 8.75429e-08
6.53918 8.68684e-08
6.55126 8.44261e-08
6.56335 8.37465e-08
6.57547 8.14436e-08
6.58761 8.0701e-08
6.59978 7.84269e-08
6.61197 7.7636e-08
6.62418 7.53934e-08
6.63641 7.45199e-08
6.64866 7.23251e-08
6.66094 7.13551e-08
6.67324 6.92603e-08
6.68556 6.82117e-08
6.69791 6.62012e-08
6.71028 6.50571e-08
6.72267 6.32668e-08
6.73508 6.22542e-08
6.74752 6.09405e-08
6.75998 5.98426e-08
6.77246 5.8726e-08
6.78497 5.73999e-08
6.7975 5.64907e-08
6.81005 5.45869e-08
6.82263 5.42362e-08
6.83522 5.23247e-08
6.84785 5.19631e-08
6.86049 5.00548e-08
6.87316 4.96874e-08
6.88585 4.77914e-08
6.89857 4.74246e-08
6.91131 4.55693e-08
6.92407 4.52796e-08
6.93686 4.38418e-08
6.94967 4.35597e-08
6.9625 4.22236e-08
6.97536 4.19278e-08
6.98824 4.05901e-08
7.00114 4.02826e-08
7.01407 3.89481e-08
7.02702 3.86275e-08
7.04 3.72885e-08
7.053 3.69507e-08
7.06602 3.56239e-08
7.07907 3.5274e-08
7.09214 3.39618e-08
7.10524 3.36055e-08
7.11836 3.23506e-08
7.1315 3.20473e-08
7.14467 3.10836e-08
7.15787 3.07787e-08
7.17108 2.99124e-08
7.18433 2.95728e-08
7.19759 2.87269e-08
7.21088 2.83563e-08
7.2242 2.75351e-08
7.23754 2.71125e-08
7.2509 2.63273e-08
7.26429 2.5846e-08
7.27771 2.51169e-08
7.29115 2.45749e-08
7.30461 2.39155e-08
7.3181 2.32753e-08
7.33161 2.27563e-08
7.34515 2.21318e-08
7.35872 2.18375e-08
7.3723 2.11139e-08
7.38592 2.09903e-08
7.39956 2.02635e-08
7.41322 2.01372e-08
7.42691 1.94079e-08
7.44062 1.92752e-08
7.45436 1.85421e-08
7.46813 1.84049e-08
7.48192 1.76728e-08
7.49574 1.75324e-08
7.50958 1.68056e-08
7.52345 1.66658e-08
7.53734 1.59543e-08
7.55126 1.5841e-08
7.5652 1.52858e-08
7.57917 1.51824e-08
7.59317 1.46845e-08
7.60719 1.45754e-08
7.62124 1.40793e-08
7.63531 1.39622e-08
7.64941 1.34671e-08
7.66353 1.33415e-08
7.67769 1.28497e-08
7.69186 1.27144e-08
7.70607 1.22295e-08
7.7203 1.20827e-08
7.73455 1.16094e-08
7.74884 1.14537e-08
7.76315 1.10076e-08
7.77748 1.08733e-08
7.79184 1.05312e-08
7.80623 1.03969e-08
7.82065 1.01065e-08
7.83509 9.95414e-09
7.84956 9.67921e-09
7.86405 9.50199e-09
7.87857 9.24702e-09
7.89312 9.03831e-09
7.9077 8.80999e-09
7.9223 8.55425e-09
7.93693 8.37181e-09
7.95158 8.0241e-09
7.96627 7.93623e-09
7.98098 7.56083e-09
7.99572 7.51565e-09
8.01048 7.22108e-09
8.02527 7.18022e-09
8.04009 6.92467e-09
8.05494 6.88196e-09
8.06981 6.62635e-09
8.08472 6.58205e-09
8.09965 6.32549e-09
8.1146 6.27903e-09
8.12959 6.02086e-09
8.1446 5.97189e-09
8.15964 5.71486e-09
8.17471 5.66568e-09
8.1898 5.40848e-09
8.20492 5.35945e-09
8.22008 5.10863e-09
8.23526 5.06823e-09
8.25046 4.87139e-09
8.2657 4.83453e-09
8.28096 4.66667e-09
8.29625 4.62724e-09
8.31157 4.46101e-09
8.32692 4.4177e-09
8.3423 4.25346e-09
8.3577 4.2048e-09
8.37314 4.04291e-09
8.3886 3.98877e-09
8.40409 3.83123e-09
8.41961 3.772e-09
8.43516 3.62044e-09
8.45073 3.55435e-09
8.46634 3.41477e-09
8.48197 3.35393e-09
8.49763 3.25103e-09
8.51333 3.19008e-09
8.52905 3.11067e-09
8.5448 3.03721e-09
8.56057 2.96927e-09
8.57638 2.87607e-09
8.59222 2.82663e-09
8.60809 2.70073e-09
8.62398 2.68204e-09
8.63991 2.55602e-09
8.65586 2.53725e-09
8.67185 2.41138e-09
8.68786 2.39258e-09
8.7039 2.26807e-09
8.71997 2.25323e-09
8.73608 2.15413e-09
8.75221 2.14155e-09
8.76837 2.05996e-09
8.78456 2.04666e-09
8.80078 1.96499e-09
8.81704 1.95122e-09
8.83332 1.8692e-09
8.84963 1.85455e-09
8.86597 1.77192e-09
8.88234 1.75657e-09
8.89874 1.67436e-09
8.91518 1.65828e-09
8.93164 1.57683e-09
8.94813 1.56002e-09
8.96466 1.48084e-09
8.98121 1.46665e-09
8.9978 1.40397e-09
9.01441 1.39146e-09
9.03106 1.3408e-09
9.04773 1.32677e-09
9.06444 1.27729e-09
9.08118 1.26135e-09
9.09795 1.21307e-09
9.11475 1.19441e-09
9.13158 1.14822e-09
9.14844 1.12652e-09
9.16534 1.08278e-09
9.18226 1.05762e-09
9.19922 1.01742e-09
9.2162 9.8735e-10
9.23322 9.5385e-10
9.25027 9.24019e-10
9.26736 9.02536e-10
9.28447 8.70658e-10
9.30161 8.60938e-10
9.31879 8.23778e-10
9.336 8.18972e-10
9.35324 7.81675e-10
9.37051 7.76598e-10
9.38781 7.39041e-10
9.40515 7.33704e-10
9.42252 6.9592e-10
9.43992 6.9053e-10
9.45735 6.52872e-10
9.47481 6.4749e-10
9.49231 6.10303e-10
9.50984 6.05888e-10
9.5274 5.75743e-10
9.54499 5.72269e-10
9.56262 5.48783e-10
9.58027 5.451e-10
9.59797 5.21521e-10
9.61569 5.17721e-10
9.63345 4.94115e-10
9.65123 4.89938e-10
9.66906 4.6632e-10
9.68691 4.6162e-10
9.7048 4.38286e-10
9.72272 4.33278e-10
9.74067 4.10295e-10
9.75866 4.04769e-10
9.77668 3.82699e-10
9.79474 3.77679e-10
9.81282 3.60287e-10
9.83094 3.55939e-10
9.8491 3.42914e-10
9.86728 3.37831e-10
9.88551 3.25449e-10
9.90376 3.19477e-10
9.92205 3.07792e-10
9.94037 3.0046e-10
9.95873 2.89872e-10
9.97712 2.80835e-10
9.99554 2.7184e-10
10.014 2.60386e-10
10.0325 2.53818e-10
10.051 2.37714e-10
10.0696 2.36229e-10
10.0882 2.22943e-10
10.1068 2.21845e-10
10.1255 2.11994e-10
10.1442 2.1084e-10
10.1629 2.00941e-10
10.1817 1.9974e-10
10.2005 1.89757e-10
10.2193 1.88524e-10
10.2382 1.78463e-10
10.2571 1.7716e-10
10.276 1.67048e-10
10.295 1.65721e-10
10.314 1.55627e-10
10.333 1.54309e-10
10.3521 1.44321e-10
10.3712 1.43204e-10
10.3904 1.34971e-10
10.4096 1.34165e-10
10.4288 1.28169e-10
10.4481 1.27268e-10
10.4674 1.21303e-10
10.4867 1.20312e-10
10.5061 1.1437e-10
10.5255 1.13213e-10
10.5449 1.07347e-10
10.5644 1.05984e-10
10.5839 1.00249e-10
10.6034 9.87054e-11
10.623 9.31671e-11
10.6426 9.13605e-11
10.6623 8.61603e-11
10.682 8.44065e-11
10.7017 8.03742e-11
10.7214 7.8903e-11
10.7412 7.62275e-11
10.7611 7.43975e-11
10.7809 7.20389e-11
10.8008 6.97023e-11
10.8208 6.78098e-11
10.8408 6.46151e-11
10.8608 6.35116e-11
10.8809 5.95628e-11
10.9009 5.91805e-11
10.9211 5.52268e-11
10.9412 5.48503e-11
10.9614 5.09123e-11
10.9817 5.05968e-11
11.002 4.72816e-11
11.0223 4.70952e-11
11.0426 4.48073e-11
11.063 4.45999e-11
11.0835 4.22972e-11
11.1039 4.20871e-11
11.1244 3.97676e-11
11.145 3.95472e-11
11.1655 3.7204e-11
11.1862 3.696e-11
11.2068 3.46097e-11
11.2275 3.43474e-11
11.2483 3.20033e-11
11.269 3.1735e-11
11.2898 2.94198e-11
11.3107 2.91785e-11
11.3316 2.72436e-11
11.3525 2.70807e-11
11.3735 2.57945e-11
11.3945 2.5598e-11
11.4155 2.43273e-11
11.4366 2.40849e-11
11.4577 2.28444e-11
11.4789 2.25451e-11
11.5001 2.13318e-11
11.5213 2.09563e-11
11.5426 1.9804e-11
11.5639 1.93354e-11
11.5852 1.8271e-11
11.6066 1.76998e-11
11.6281 1.6748e-11
11.6495 1.61277e-11
11.671 1.54743e-11
11.6926 1.4947e-11
11.7142 1.46441e-11
11.7358 1.38345e-11
11.7575 1.38024e-11
11.7792 1.29872e-11
11.801 1.29499e-11
11.8227 1.21268e-11
11.8446 1.20802e-11
11.8664 1.12489e-11
11.8884 1.12e-11
11.9103 1.03639e-11
11.9323 1.03141e-11
11.9543 9.47945e-12
11.9764 9.43888e-12
11.9985 8.71738e-12
12.0207 8.71019e-12
12.0429 8.25552e-12
12.0651 8.24393e-12
12.0874 7.78533e-12
12.1097 7.77026e-12
12.1321 7.30748e-12
12.1545 7.28503e-12
12.1769 6.81962e-12
12.1994 6.78712e-12
12.2219 6.32065e-12
12.2445 6.28093e-12
12.2671 5.81644e-12
12.2898 5.76732e-12
12.3125 5.3136e-12
12.3352 5.26409e-12
12.358 4.88111e-12
12.3808 4.85401e-12
12.4037 4.62733e-12
12.4266 4.58321e-12
12.4495 4.36534e-12
12.4725 4.30576e-12
12.4955 4.09838e-12
12.5186 4.01609e-12
12.5417 3.82424e-12
12.5649 3.71141e-12
12.5881 3.54258e-12
12.6113 3.39067e-12
12.6346 3.25948e-12
12.658 3.04554e-12
12.6813 2.97404e-12
12.7048 2.72531e-12
12.7282 2.7297e-12
12.7517 2.5853e-12
12.7753 2.58724e-12
12.7989 2.44071e-12
12.8225 2.44132e-12
12.8462 2.29229e-12
12.8699 2.29211e-12
12.8937 2.14024e-12
12.9175 2.13722e-12
12.9413 1.9824e-12
12.9652 1.97748e-12
12.9892 1.82153e-12
13.0131 1.8173e-12
13.0372 1.6598e-12
13.0612 1.65521e-12
13.0854 1.51565e-12
13.1095 1.51663e-12
13.1337 1.43645e-12
13.158 1.43588e-12
13.1823 1.35484e-12
13.2066 1.35235e-12
13.231 1.27103e-12
13.2555 1.26625e-12
13.2799 1.18434e-12
13.3045 1.1763e-12
13.329 1.09469e-12
13.3536 1.08344e-12
13.3783 1.00401e-12
13.403 9.89437e-13
13.4277 9.12264e-13
13.4525 8.94982e-13
13.4774 8.30135e-13
13.5023 8.1946e-13
13.5272 7.8526e-13
13.5522 7.70322e-13
13.5772 7.38842e-13
13.6023 7.17899e-13
13.6274 6.91148e-13
13.6526 6.61224e-13
13.6778 6.41991e-13
13.703 5.93443e-13
13.7283 5.91224e-13
13.7537 5.42432e-13
13.7791 5.40251e-13
13.8045 4.90996e-13
13.83 4.88439e-13
13.8556 4.4299e-13
13.8811 4.42481e-13
13.9068 4.17744e-13
13.9325 4.16936e-13
13.9582 3.91796e-13
13.984 3.90798e-13
14.0098 3.65362e-13
14.0357 3.64165e-13
14.0616 3.38194e-13
14.0875 3.36672e-13
14.1136 3.10225e-13
14.1396 3.08548e-13
14.1657 2.82068e-13
14.1919 2.8032e-13
14.2181 2.53528e-13
14.2443 2.51617e-13
14.2706 2.27134e-13
14.297 2.26203e-13
14.3234 2.13185e-13
14.3499 2.11898e-13
14.3763 1.9892e-13
14.4029 1.9726e-13
14.4295 1.84491e-13
14.4561 1.82318e-13
14.4828 1.69738e-13
14.5096 1.66894e-13
14.5364 1.54617e-13
14.5632 1.51067e-13
14.5901 1.39525e-13
14.617 1.34998e-13
14.644 1.24232e-13
14.6711 1.18753e-13
14.6982 1.10211e-13
14.7253 1.06515e-13
14.7525 1.02844e-13
14.7797 9.76866e-14
14.807 9.53893e-14
14.8344 8.83819e-14
14.8618 8.78847e-14
14.8892 8.07983e-14
14.9167 8.02428e-14
14.9443 7.30279e-14
14.9719 7.24574e-14
14.9995 6.52352e-14
15.0272 6.47235e-14
15.055 5.74477e-14
15.0828 5.6878e-14
15.1106 4.994e-14
15.1385 4.97256e-14
15.1665 4.62883e-14
15.1945 4.60632e-14
15.2225 4.2586e-14
15.2506 4.23896e-14
15.2788 3.89032e-14
15.307 3.86984e-14
15.3353 3.51595e-14
15.3636 3.48878e-14
15.392 3.12954e-14
15.4204 3.09918e-14
15.4489 2.74596e-14
15.4774 2.71414e-14
15.506 2.36192e-14
15.5346 2.32628e-14
15.5633 2.00393e-14
15.592 1.9895e-14
15.6208 1.87061e-14
15.6497 1.8476e-14
15.6786 1.72969e-14
15.7075 1.70363e-14
15.7365 1.59742e-14
15.7656 1.57058e-14
15.7947 1.46832e-14
15.8239 1.41667e-14
15.8531 1.31143e-14
15.8824 1.25063e-14
15.9117 1.17859e-14
15.9411 1.07872e-14
15.9705 9.47058e-15
16 0
