# 1:pT 2:PhotonSpectrum=dN/d^2xT d^2pT dy
0.01 0.174201
0.0100185 0.174064
0.010037 0.17361
0.0100555 0.173462
0.0100741 0.173004
0.0100927 0.172844
0.0101113 0.172388
0.01013 0.172213
0.0101487 0.171755
0.0101674 0.171567
0.0101862 0.1711
0.010205 0.170897
0.0102239 0.170425
0.0102427 0.170203
0.0102617 0.169719
0.0102806 0.169467
0.0102996 0.168957
0.0103186 0.16864
0.0103377 0.168016
0.0103567 0.167684
0.0103759 0.167063
0.010395 0.166716
0.0104142 0.166102
0.0104335 0.165734
0.0104527 0.165132
0.010472 0.16475
0.0104914 0.164157
0.0105107 0.16376
0.0105301 0.163185
0.0105496 0.162763
0.0105691 0.162202
0.0105886 0.16177
0.0106081 0.161242
0.0106277 0.160812
0.0106474 0.160331
0.010667 0.159872
0.0106867 0.159414
0.0107065 0.15893
0.0107262 0.158497
0.010746 0.157965
0.0107659 0.157569
0.0107858 0.15698
0.0108057 0.156639
0.0108256 0.15595
0.0108456 0.155704
0.0108656 0.155025
0.0108857 0.154774
0.0109058 0.154099
0.0109259 0.153857
0.0109461 0.153232
0.0109663 0.152979
0.0109866 0.152361
0.0110069 0.152095
0.0110272 0.151482
0.0110476 0.151207
0.011068 0.150597
0.0110884 0.150314
0.0111089 0.149706
0.0111294 0.149412
0.0111499 0.148812
0.0111705 0.148507
0.0111912 0.14792
0.0112118 0.147604
0.0112325 0.147038
0.0112533 0.14673
0.0112741 0.146208
0.0112949 0.145888
0.0113157 0.145376
0.0113366 0.14504
0.0113576 0.144541
0.0113785 0.144189
0.0113995 0.1437
0.0114206 0.143332
0.0114417 0.14285
0.0114628 0.142461
0.011484 0.142004
0.0115052 0.141593
0.0115264 0.141153
0.0115477 0.140721
0.011569 0.140317
0.0115904 0.139879
0.0116118 0.139517
0.0116332 0.139041
0.0116547 0.138718
0.0116762 0.138154
0.0116978 0.137915
0.0117194 0.137318
0.0117411 0.137102
0.0117627 0.136508
0.0117845 0.136287
0.0118062 0.135694
0.011828 0.135464
0.0118499 0.134883
0.0118717 0.134648
0.0118937 0.134075
0.0119156 0.133844
0.0119376 0.133317
0.0119597 0.133078
0.0119818 0.132566
0.0120039 0.132316
0.0120261 0.131803
0.0120483 0.131545
0.0120705 0.131037
0.0120928 0.130769
0.0121151 0.130268
0.0121375 0.129988
0.0121599 0.129494
0.0121824 0.129203
0.0122049 0.128721
0.0122274 0.128423
0.01225 0.12796
0.0122726 0.127662
0.0122953 0.127232
0.012318 0.126922
0.0123407 0.126508
0.0123635 0.126183
0.0123863 0.125778
0.0124092 0.125436
0.0124321 0.125043
0.0124551 0.124677
0.0124781 0.124308
0.0125011 0.123917
0.0125242 0.123565
0.0125473 0.12314
0.0125705 0.122822
0.0125937 0.122356
0.012617 0.122094
0.0126403 0.121575
0.0126636 0.121395
0.012687 0.120889
0.0127104 0.120699
0.0127339 0.120196
0.0127574 0.119997
0.012781 0.119496
0.0128046 0.119292
0.0128282 0.118793
0.0128519 0.118583
0.0128756 0.118087
0.0128994 0.117868
0.0129232 0.117382
0.0129471 0.117161
0.012971 0.116682
0.012995 0.11646
0.0130189 0.116014
0.013043 0.115786
0.0130671 0.115355
0.0130912 0.11512
0.0131154 0.114692
0.0131396 0.114442
0.0131639 0.114024
0.0131882 0.113763
0.0132125 0.113349
0.0132369 0.113084
0.0132614 0.112673
0.0132859 0.112395
0.0133104 0.112
0.013335 0.11171
0.0133596 0.11133
0.0133843 0.111038
0.013409 0.110692
0.0134337 0.110389
0.0134585 0.110056
0.0134834 0.109733
0.0135083 0.109417
0.0135332 0.109069
0.0135582 0.108775
0.0135833 0.108391
0.0136083 0.108127
0.0136335 0.107684
0.0136587 0.107478
0.0136839 0.106998
0.0137091 0.106829
0.0137345 0.106354
0.0137598 0.106188
0.0137852 0.105745
0.0138107 0.105575
0.0138362 0.105147
0.0138617 0.104969
0.0138873 0.10454
0.013913 0.104355
0.0139387 0.103932
0.0139644 0.103741
0.0139902 0.103322
0.014016 0.10312
0.0140419 0.102706
0.0140678 0.102502
0.0140938 0.102088
0.0141198 0.101879
0.0141459 0.101478
0.014172 0.101269
0.0141982 0.100894
0.0142244 0.100677
0.0142507 0.100314
0.014277 0.10009
0.0143034 0.0997361
0.0143298 0.099498
0.0143563 0.0991495
0.0143828 0.0988991
0.0144093 0.0985625
0.0144359 0.0982962
0.0144626 0.0979681
0.0144893 0.0976919
0.0145161 0.0973786
0.0145429 0.097088
0.0145697 0.0967943
0.0145966 0.0965002
0.0146236 0.0962361
0.0146506 0.0959263
0.0146776 0.0956877
0.0147047 0.0953452
0.0147319 0.0951348
0.0147591 0.0947243
0.0147863 0.0945799
0.0148136 0.0941696
0.014841 0.0940184
0.0148684 0.0936113
0.0148959 0.0934542
0.0149234 0.093053
0.0149509 0.0928913
0.0149785 0.0924958
0.0150062 0.0923351
0.0150339 0.0919594
0.0150617 0.091799
0.0150895 0.0914362
0.0151173 0.0912684
0.0151453 0.0909083
0.0151732 0.0907329
0.0152012 0.0903771
0.0152293 0.0901922
0.0152574 0.0898385
0.0152856 0.0896492
0.0153138 0.0893025
0.0153421 0.0891047
0.0153705 0.0887662
0.0153988 0.0885618
0.0154273 0.0882313
0.0154558 0.0880287
0.0154843 0.0877198
0.0155129 0.0875134
0.0155415 0.0872201
0.0155702 0.0870034
0.015599 0.0867181
0.0156278 0.0864889
0.0156567 0.0862105
0.0156856 0.085967
0.0157145 0.0857005
0.0157435 0.085443
0.0157726 0.0851903
0.0158017 0.0849103
0.0158309 0.0846778
0.0158602 0.0843766
0.0158894 0.0841721
0.0159188 0.0838419
0.0159482 0.0836838
0.0159776 0.0833315
0.0160071 0.0832033
0.0160367 0.0828514
0.0160663 0.0827206
0.016096 0.0823695
0.0161257 0.0822336
0.0161555 0.0818867
0.0161853 0.0817434
0.0162152 0.0813988
0.0162451 0.0812512
0.0162751 0.0809093
0.0163052 0.0807585
0.0163353 0.0804234
0.0163655 0.0802729
0.0163957 0.0799566
0.016426 0.0798057
0.0164563 0.0795016
0.0164867 0.0793422
0.0165171 0.0790413
0.0165476 0.0788761
0.0165782 0.0785803
0.0166088 0.0784083
0.0166395 0.078114
0.0166702 0.0779356
0.016701 0.0776496
0.0167318 0.0774604
0.0167627 0.0771823
0.0167937 0.0769846
0.0168247 0.0767179
0.0168558 0.0765196
0.0168869 0.0762683
0.0169181 0.0760675
0.0169493 0.0758332
0.0169806 0.0756167
0.017012 0.0753938
0.0170434 0.0751631
0.0170748 0.0749508
0.0171064 0.0747013
0.017138 0.0745068
0.0171696 0.0742286
0.0172013 0.0740587
0.0172331 0.073725
0.0172649 0.0736109
0.0172968 0.0732816
0.0173287 0.0731681
0.0173607 0.0728546
0.0173928 0.0727398
0.0174249 0.0724418
0.0174571 0.0723225
0.0174893 0.0720257
0.0175216 0.0718993
0.017554 0.0716058
0.0175864 0.071476
0.0176189 0.0711832
0.0176514 0.0710501
0.017684 0.070759
0.0177166 0.0706199
0.0177494 0.0703348
0.0177821 0.0701903
0.017815 0.0699111
0.0178479 0.0697674
0.0178808 0.0695026
0.0179138 0.0693595
0.0179469 0.0691081
0.0179801 0.0689564
0.0180133 0.0687079
0.0180465 0.0685511
0.0180799 0.0683069
0.0181132 0.0681408
0.0181467 0.0679022
0.0181802 0.0677274
0.0182138 0.0674949
0.0182474 0.0673113
0.0182811 0.0670867
0.0183149 0.0668955
0.0183487 0.0666844
0.0183826 0.0664844
0.0184165 0.0662923
0.0184505 0.0660868
0.0184846 0.0659126
0.0185187 0.0656888
0.0185529 0.0655295
0.0185872 0.0652773
0.0186215 0.0651446
0.0186559 0.0648596
0.0186903 0.0647571
0.0187248 0.0644743
0.0187594 0.0643674
0.0187941 0.0640853
0.0188288 0.0639774
0.0188635 0.0637006
0.0188984 0.0635903
0.0189333 0.063325
0.0189682 0.0632164
0.0190033 0.0629637
0.0190384 0.0628495
0.0190735 0.0625991
0.0191087 0.0624807
0.019144 0.0622321
0.0191794 0.0621099
0.0192148 0.0618628
0.0192503 0.0617346
0.0192858 0.0614918
0.0193214 0.0613606
0.0193571 0.0611205
0.0193929 0.0609836
0.0194287 0.0607518
0.0194645 0.0606126
0.0195005 0.0603922
0.0195365 0.0602525
0.0195726 0.0600471
0.0196087 0.0598986
0.0196449 0.0596988
0.0196812 0.0595438
0.0197175 0.0593476
0.019754 0.0591831
0.0197904 0.0589943
0.019827 0.0588208
0.0198636 0.0586386
0.0199003 0.0584551
0.019937 0.0582846
0.0199738 0.0580863
0.0200107 0.0579325
0.0200477 0.0577218
0.0200847 0.0575897
0.0201218 0.057344
0.0201589 0.0572594
0.0201962 0.0570139
0.0202335 0.0569261
0.0202708 0.056682
0.0203082 0.0565888
0.0203457 0.0563476
0.0203833 0.0562516
0.020421 0.0560119
0.0204587 0.0559132
0.0204964 0.0556746
0.0205343 0.0555712
0.0205722 0.0553378
0.0206102 0.0552351
0.0206483 0.05501
0.0206864 0.0549069
0.0207246 0.0546966
0.0207629 0.0545896
0.0208012 0.0543798
0.0208396 0.0542698
0.0208781 0.054061
0.0209166 0.0539467
0.0209553 0.0537409
0.020994 0.0536181
0.0210327 0.0534185
0.0210716 0.053292
0.0211105 0.0530951
0.0211495 0.0529635
0.0211885 0.0527745
0.0212277 0.0526388
0.0212669 0.0524612
0.0213061 0.0523268
0.0213455 0.0521623
0.0213849 0.0520194
0.0214244 0.0518601
0.0214639 0.0517078
0.0215036 0.051555
0.0215433 0.051392
0.0215831 0.0512491
0.0216229 0.0510728
0.0216628 0.0509423
0.0217028 0.0507414
0.0217429 0.0506341
0.0217831 0.0504054
0.0218233 0.0503273
0.0218636 0.0501068
0.021904 0.0500291
0.0219444 0.0498196
0.0219849 0.0497402
0.0220255 0.0495324
0.0220662 0.0494465
0.022107 0.0492419
0.0221478 0.0491538
0.0221887 0.0489493
0.0222297 0.0488582
0.0222707 0.0486553
0.0223118 0.0485597
0.022353 0.0483592
0.0223943 0.0482633
0.0224357 0.0480649
0.0224771 0.047968
0.0225186 0.0477784
0.0225602 0.0476809
0.0226018 0.0475045
0.0226436 0.0474033
0.0226854 0.0472302
0.0227273 0.0471222
0.0227692 0.0469518
0.0228113 0.0468396
0.0228534 0.0466728
0.0228956 0.0465548
0.0229379 0.0463927
0.0229803 0.0462691
0.0230227 0.0461099
0.0230652 0.0459814
0.0231078 0.0458299
0.0231505 0.0456978
0.0231932 0.0455568
0.023236 0.045423
0.023279 0.0452961
0.0233219 0.0451503
0.023365 0.0450325
0.0234082 0.0448724
0.0234514 0.0447663
0.0234947 0.0445741
0.0235381 0.0445
0.0235815 0.0443028
0.0236251 0.0442312
0.0236687 0.0440346
0.0237124 0.0439611
0.0237562 0.0437684
0.0238001 0.0436938
0.023844 0.0435067
0.0238881 0.0434337
0.0239322 0.0432581
0.0239764 0.0431814
0.0240206 0.0430074
0.024065 0.0429278
0.0241094 0.042756
0.0241539 0.0426724
0.0241985 0.0425009
0.0242432 0.042415
0.024288 0.0422455
0.0243329 0.0421565
0.0243778 0.0419898
0.0244228 0.0418975
0.0244679 0.0417338
0.0245131 0.0416391
0.0245583 0.0414831
0.0246037 0.0413904
0.0246491 0.0412462
0.0246946 0.041149
0.0247402 0.041008
0.0247859 0.0409049
0.0248317 0.0407659
0.0248776 0.0406577
0.0249235 0.0405241
0.0249695 0.0404087
0.0250156 0.0402797
0.0250618 0.040158
0.0251081 0.0400343
0.0251545 0.0399055
0.0252009 0.0397914
0.0252475 0.0396536
0.0252941 0.0395521
0.0253408 0.0394076
0.0253876 0.0393246
0.0254345 0.0391551
0.0254814 0.0390946
0.0255285 0.0389263
0.0255756 0.0388634
0.0256229 0.0386942
0.0256702 0.0386299
0.0257176 0.0384627
0.0257651 0.0383959
0.0258126 0.0382296
0.0258603 0.0381601
0.0259081 0.037997
0.0259559 0.0379266
0.0260038 0.0377678
0.0260518 0.0376995
0.0261 0.0375522
0.0261482 0.03748
0.0261964 0.0373336
0.0262448 0.0372586
0.0262933 0.0371143
0.0263418 0.0370356
0.0263905 0.0368933
0.0264392 0.0368112
0.026488 0.0366714
0.0265369 0.0365855
0.0265859 0.036448
0.026635 0.0363586
0.0266842 0.0362254
0.0267335 0.0361342
0.0267829 0.0360068
0.0268323 0.0359168
0.0268819 0.0357997
0.0269315 0.0357051
0.0269812 0.0355924
0.0270311 0.0354907
0.027081 0.0353817
0.027131 0.0352735
0.0271811 0.0351708
0.0272313 0.0350543
0.0272816 0.034958
0.0273319 0.0348305
0.0273824 0.034745
0.027433 0.0345961
0.0274836 0.0345332
0.0275344 0.0343766
0.0275852 0.0343247
0.0276362 0.0341804
0.0276872 0.0341267
0.0277383 0.0339824
0.0277896 0.0339268
0.0278409 0.0337837
0.0278923 0.0337248
0.0279438 0.0335829
0.0279954 0.0335217
0.0280471 0.0333809
0.0280989 0.0333182
0.0281508 0.0331793
0.0282027 0.0331134
0.0282548 0.0329758
0.028307 0.0329092
0.0283593 0.0327753
0.0284116 0.0327103
0.0284641 0.0325876
0.0285167 0.0325195
0.0285693 0.0323979
0.0286221 0.0323262
0.0286749 0.0322066
0.0287279 0.032132
0.0287809 0.0320153
0.0288341 0.0319361
0.0288873 0.0318217
0.0289407 0.0317386
0.0289941 0.0316275
0.0290477 0.0315411
0.0291013 0.0314334
0.029155 0.0313441
0.0292089 0.0312424
0.0292628 0.0311533
0.0293168 0.0310629
0.029371 0.0309672
0.0294252 0.030881
0.0294796 0.030777
0.029534 0.0306974
0.0295885 0.0305822
0.0296432 0.0305136
0.0296979 0.030376
0.0297527 0.0303282
0.0298077 0.0301921
0.0298627 0.0301422
0.0299179 0.0300077
0.0299731 0.0299569
0.0300285 0.029825
0.0300839 0.0297752
0.0301395 0.0296535
0.0301951 0.0296026
0.0302509 0.0294818
0.0303068 0.0294281
0.0303627 0.0293089
0.0304188 0.0292539
0.030475 0.029135
0.0305312 0.0290768
0.0305876 0.0289593
0.0306441 0.0288992
0.0307007 0.0287828
0.0307574 0.0287209
0.0308142 0.0286072
0.0308711 0.028543
0.0309281 0.0284328
0.0309852 0.0283692
0.0310424 0.0282678
0.0310997 0.0282032
0.0311572 0.0281033
0.0312147 0.0280348
0.0312723 0.0279372
0.0313301 0.0278652
0.0313879 0.0277696
0.0314459 0.0276934
0.031504 0.027602
0.0315621 0.0275215
0.0316204 0.0274331
0.0316788 0.0273477
0.0317373 0.0272648
0.0317959 0.0271741
0.0318546 0.0270996
0.0319135 0.0270064
0.0319724 0.0269431
0.0320314 0.026836
0.0320906 0.0267863
0.0321498 0.0266697
0.0322092 0.0266277
0.0322687 0.0265113
0.0323283 0.026468
0.032388 0.0263526
0.0324478 0.0263077
0.0325077 0.0261934
0.0325677 0.0261467
0.0326279 0.0260331
0.0326881 0.0259854
0.0327485 0.0258746
0.0328089 0.0258282
0.0328695 0.0257249
0.0329302 0.0256761
0.032991 0.0255749
0.033052 0.025525
0.033113 0.0254232
0.0331741 0.0253713
0.0332354 0.0252714
0.0332968 0.0252169
0.0333583 0.0251188
0.0334199 0.0250618
0.0334816 0.0249645
0.0335434 0.0249054
0.0336053 0.0248118
0.0336674 0.0247503
0.0337296 0.0246596
0.0337919 0.0245991
0.0338543 0.0245165
0.0339168 0.0244525
0.0339794 0.0243727
0.0340421 0.0243056
0.034105 0.0242287
0.034168 0.0241573
0.0342311 0.0240835
0.0342943 0.0240067
0.0343576 0.0239374
0.0344211 0.0238549
0.0344846 0.0237905
0.0345483 0.023699
0.0346121 0.0236445
0.034676 0.0235353
0.0347401 0.0235001
0.0348042 0.0233987
0.0348685 0.0233622
0.0349329 0.0232629
0.0349974 0.023225
0.035062 0.0231262
0.0351267 0.0230861
0.0351916 0.0229882
0.0352566 0.0229466
0.0353217 0.022849
0.0353869 0.0228067
0.0354523 0.02271
0.0355177 0.0226662
0.0355833 0.0225708
0.035649 0.0225258
0.0357149 0.022433
0.0357808 0.0223882
0.0358469 0.0223011
0.0359131 0.0222556
0.0359794 0.0221713
0.0360458 0.0221236
0.0361124 0.0220404
0.0361791 0.0219901
0.0362459 0.0219079
0.0363128 0.0218553
0.0363799 0.0217748
0.0364471 0.0217196
0.0365144 0.021641
0.0365818 0.0215836
0.0366493 0.021508
0.036717 0.0214482
0.0367848 0.0213757
0.0368527 0.0213165
0.0369208 0.0212502
0.036989 0.0211878
0.0370573 0.0211262
0.0371257 0.0210586
0.0371943 0.0210008
0.0372629 0.0209269
0.0373318 0.0208745
0.0374007 0.0207899
0.0374698 0.0207475
0.037539 0.0206532
0.0376083 0.0206195
0.0376777 0.020526
0.0377473 0.0204921
0.037817 0.0203999
0.0378868 0.0203666
0.0379568 0.0202809
0.0380269 0.0202464
0.0380971 0.0201628
0.0381675 0.020127
0.0382379 0.0200436
0.0383085 0.0200066
0.0383793 0.0199241
0.0384502 0.0198852
0.0385212 0.0198036
0.0385923 0.0197636
0.0386636 0.0196826
0.038735 0.0196409
0.0388065 0.0195613
0.0388781 0.0195187
0.0389499 0.0194413
0.0390219 0.0193992
0.0390939 0.0193271
0.0391661 0.0192837
0.0392384 0.0192147
0.0393109 0.0191687
0.0393835 0.0191012
0.0394562 0.0190525
0.0395291 0.0189868
0.0396021 0.0189358
0.0396752 0.0188715
0.0397485 0.0188179
0.0398219 0.0187558
0.0398954 0.0186994
0.0399691 0.0186404
0.0400429 0.0185803
0.0401168 0.0185261
0.0401909 0.0184647
0.0402651 0.0184172
0.0403395 0.0183507
0.040414 0.0183091
0.0404886 0.0182281
0.0405633 0.0182002
0.0406383 0.0181196
0.0407133 0.0180906
0.0407885 0.0180104
0.0408638 0.01798
0.0409393 0.0179007
0.0410149 0.0178695
0.0410906 0.017791
0.0411665 0.0177585
0.0412425 0.0176816
0.0413186 0.0176499
0.0413949 0.0175772
0.0414714 0.0175453
0.041548 0.0174745
0.0416247 0.0174408
0.0417016 0.0173713
0.0417786 0.0173357
0.0418557 0.0172668
0.041933 0.0172303
0.0420104 0.0171618
0.042088 0.0171238
0.0421657 0.0170567
0.0422436 0.0170167
0.0423216 0.0169508
0.0423998 0.0169101
0.042478 0.0168463
0.0425565 0.0168053
0.0426351 0.0167463
0.0427138 0.0167042
0.0427927 0.0166482
0.0428717 0.0166036
0.0429509 0.0165491
0.0430302 0.0165022
0.0431096 0.0164501
0.0431892 0.0163992
0.043269 0.0163497
0.0433489 0.0162958
0.0434289 0.0162492
0.0435091 0.0161907
0.0435895 0.0161486
0.04367 0.0160831
0.0437506 0.0160497
0.0438314 0.0159784
0.0439124 0.0159539
0.0439934 0.0158857
0.0440747 0.0158602
0.0441561 0.0157915
0.0442376 0.0157651
0.0443193 0.0156975
0.0444011 0.0156695
0.0444831 0.0156024
0.0445653 0.0155739
0.0446476 0.0155068
0.04473 0.0154775
0.0448126 0.0154111
0.0448954 0.0153808
0.0449783 0.0153159
0.0450613 0.015286
0.0451445 0.0152248
0.0452279 0.0151948
0.0453114 0.0151362
0.0453951 0.0151043
0.0454789 0.0150463
0.0455629 0.0150128
0.045647 0.0149561
0.0457313 0.0149209
0.0458158 0.0148648
0.0459004 0.0148285
0.0459851 0.0147736
0.0460701 0.0147355
0.0461551 0.0146823
0.0462404 0.0146423
0.0463257 0.0145916
0.0464113 0.0145514
0.046497 0.0145044
0.0465829 0.0144629
0.0466689 0.0144191
0.0467551 0.0143749
0.0468414 0.0143336
0.0469279 0.0142852
0.0470145 0.0142472
0.0471014 0.0141941
0.0471883 0.01416
0.0472755 0.0140949
0.0473628 0.0140728
0.0474502 0.014008
0.0475379 0.0139855
0.0476256 0.0139217
0.0477136 0.0138987
0.0478017 0.0138387
0.04789 0.0138156
0.0479784 0.0137581
0.048067 0.0137342
0.0481558 0.0136768
0.0482447 0.0136515
0.0483338 0.0135949
0.048423 0.013569
0.0485124 0.0135123
0.048602 0.0134852
0.0486918 0.0134294
0.0487817 0.0134016
0.0488718 0.0133463
0.048962 0.0133178
0.0490524 0.0132635
0.049143 0.0132353
0.0492338 0.0131841
0.0493247 0.0131551
0.0494158 0.0131068
0.049507 0.0130765
0.0495984 0.0130289
0.04969 0.0129969
0.0497818 0.0129507
0.0498737 0.0129167
0.0499658 0.0128716
0.0500581 0.0128362
0.0501505 0.0127928
0.0502431 0.0127553
0.0503359 0.0127132
0.0504288 0.0126737
0.050522 0.0126343
0.0506153 0.0125936
0.0507087 0.0125582
0.0508024 0.0125157
0.0508962 0.0124842
0.0509902 0.0124363
0.0510843 0.0124095
0.0511786 0.0123537
0.0512732 0.012334
0.0513678 0.0122787
0.0514627 0.0122582
0.0515577 0.012203
0.0516529 0.0121822
0.0517483 0.0121276
0.0518439 0.0121059
0.0519396 0.0120522
0.0520355 0.0120305
0.0521316 0.0119795
0.0522279 0.0119579
0.0523243 0.0119096
0.0524209 0.0118867
0.0525177 0.011839
0.0526147 0.0118155
0.0527119 0.0117677
0.0528092 0.0117435
0.0529067 0.0116964
0.0530044 0.0116708
0.0531023 0.0116244
0.0532004 0.0115981
0.0532986 0.0115527
0.053397 0.0115252
0.0534956 0.011481
0.0535944 0.0114531
0.0536934 0.0114117
0.0537925 0.0113837
0.0538919 0.0113448
0.0539914 0.0113154
0.0540911 0.0112769
0.054191 0.0112458
0.054291 0.0112088
0.0543913 0.011176
0.0544917 0.0111404
0.0545924 0.0111051
0.0546932 0.0110716
0.0547942 0.0110334
0.0548954 0.0110025
0.0549967 0.0109608
0.0550983 0.0109338
0.0552 0.0108859
0.055302 0.0108678
0.0554041 0.0108206
0.0555064 0.0108035
0.0556089 0.0107564
0.0557116 0.0107387
0.0558144 0.0106921
0.0559175 0.0106736
0.0560208 0.0106273
0.0561242 0.0106083
0.0562279 0.0105621
0.0563317 0.0105423
0.0564357 0.0104967
0.0565399 0.0104764
0.0566443 0.0104318
0.0567489 0.0104112
0.0568537 0.0103683
0.0569587 0.0103481
0.0570639 0.0103076
0.0571693 0.0102865
0.0572748 0.0102465
0.0573806 0.0102243
0.0574866 0.0101847
0.0575927 0.0101613
0.0576991 0.0101224
0.0578056 0.010098
0.0579124 0.01006
0.0580193 0.0100346
0.0581264 0.0099976
0.0582338 0.00997096
0.0583413 0.00993508
0.058449 0.009908
0.058557 0.00987468
0.0586651 0.00984719
0.0587734 0.00981631
0.058882 0.0097872
0.0589907 0.00975746
0.0590996 0.00972628
0.0592088 0.00969841
0.0593181 0.00966444
0.0594276 0.00963873
0.0595374 0.00960102
0.0596473 0.00957898
0.0597575 0.00953452
0.0598678 0.00951903
0.0599784 0.00947518
0.0600891 0.00945961
0.0602001 0.00941704
0.0603112 0.00940179
0.0604226 0.00936204
0.0605342 0.0093461
0.060646 0.00930656
0.060758 0.0092899
0.0608702 0.0092505
0.0609826 0.00923306
0.0610952 0.00919421
0.061208 0.00917623
0.061321 0.00913759
0.0614343 0.00911881
0.0615477 0.00908053
0.0616614 0.0090613
0.0617752 0.00902394
0.0618893 0.00900438
0.0620036 0.00896872
0.0621181 0.00894927
0.0622328 0.008916
0.0623477 0.00889554
0.0624628 0.00886263
0.0625782 0.00884114
0.0626937 0.00880896
0.0628095 0.00878688
0.0629255 0.00875509
0.0630417 0.00873151
0.0631581 0.00870069
0.0632747 0.00867605
0.0633916 0.00864652
0.0635086 0.00862031
0.0636259 0.00859226
0.0637434 0.00856509
0.0638611 0.00853961
0.063979 0.008512
0.0640972 0.00848907
0.0642155 0.00845896
0.0643341 0.00843813
0.0644529 0.00840273
0.0645719 0.00838698
0.0646912 0.00834887
0.0648106 0.00833528
0.0649303 0.00829732
0.0650502 0.00828332
0.0651703 0.00824572
0.0652907 0.00823135
0.0654113 0.00819411
0.065532 0.00817942
0.0656531 0.0081436
0.0657743 0.00812915
0.0658957 0.0080958
0.0660174 0.0080808
0.0661393 0.0080477
0.0662615 0.00803187
0.0663838 0.00799904
0.0665064 0.00798259
0.0666292 0.00794998
0.0667523 0.00793324
0.0668755 0.0079009
0.066999 0.00788345
0.0671227 0.00785172
0.0672467 0.00783316
0.0673709 0.00780235
0.0674953 0.00778388
0.0676199 0.00775455
0.0677448 0.00773589
0.0678699 0.00770889
0.0679952 0.00768922
0.0681208 0.00766288
0.0682466 0.00764222
0.0683726 0.0076164
0.0684988 0.00759469
0.0686253 0.00756964
0.0687521 0.00754647
0.068879 0.00752294
0.0690062 0.00749814
0.0691336 0.00747584
0.0692613 0.00744908
0.0693892 0.00742885
0.0695173 0.00739981
0.0696457 0.00738313
0.0697743 0.00735069
0.0699031 0.00733924
0.0700322 0.00730693
0.0701616 0.00729492
0.0702911 0.00726283
0.0704209 0.00725037
0.070551 0.00721846
0.0706812 0.00720549
0.0708118 0.00717362
0.0709425 0.00716039
0.0710735 0.00712881
0.0712048 0.00711524
0.0713362 0.00708418
0.071468 0.0070704
0.0716 0.00704028
0.0717322 0.00702654
0.0718646 0.00699872
0.0719973 0.00698449
0.0721303 0.00695682
0.0722635 0.00694202
0.0723969 0.0069148
0.0725306 0.00689925
0.0726645 0.00687236
0.0727987 0.00685602
0.0729332 0.00682954
0.0730678 0.00681279
0.0732028 0.00678682
0.0733379 0.00676921
0.0734734 0.00674406
0.073609 0.00672598
0.073745 0.00670205
0.0738812 0.00668411
0.0740176 0.00666246
0.0741543 0.0066434
0.0742912 0.00662238
0.0744284 0.00660203
0.0745658 0.00658228
0.0747035 0.00656018
0.0748415 0.00654166
0.0749797 0.00651764
0.0751181 0.00650092
0.0752568 0.00647319
0.0753958 0.00646009
0.075535 0.0064298
0.0756745 0.00641926
0.0758143 0.00638959
0.0759543 0.00637946
0.0760945 0.00635215
0.076235 0.00634157
0.0763758 0.00631448
0.0765168 0.00630336
0.0766581 0.00627629
0.0767997 0.00626466
0.0769415 0.00623797
0.0770836 0.00622601
0.0772259 0.00619948
0.0773685 0.00618691
0.0775114 0.00616078
0.0776545 0.00614806
0.0777979 0.00612205
0.0779416 0.00610904
0.0780855 0.00608398
0.0782297 0.00607124
0.0783742 0.00604819
0.0785189 0.00603483
0.0786639 0.00601187
0.0788092 0.00599789
0.0789547 0.0059756
0.0791005 0.00596081
0.0792466 0.00593882
0.0793929 0.00592331
0.0795395 0.00590203
0.0796864 0.00588552
0.0798335 0.00586484
0.0799809 0.00584785
0.0801286 0.00582791
0.0802766 0.00580994
0.0804248 0.00579158
0.0805734 0.00577378
0.0807221 0.0057573
0.0808712 0.00573794
0.0810205 0.00572262
0.0811702 0.00570116
0.08132 0.00568786
0.0814702 0.0056618
0.0816207 0.00565273
0.0817714 0.0056268
0.0819224 0.00561737
0.0820737 0.00559169
0.0822252 0.00558198
0.0823771 0.00555654
0.0825292 0.00554652
0.0826816 0.00552162
0.0828342 0.00551184
0.0829872 0.00548893
0.0831405 0.00547897
0.083294 0.00545611
0.0834478 0.00544564
0.0836019 0.00542301
0.0837563 0.00541207
0.0839109 0.0053897
0.0840659 0.00537821
0.0842211 0.00535595
0.0843766 0.0053442
0.0845325 0.00532237
0.0846885 0.00531018
0.0848449 0.00528883
0.0850016 0.00527619
0.0851586 0.00525548
0.0853158 0.00524319
0.0854734 0.00522436
0.0856312 0.00521139
0.0857893 0.00519292
0.0859478 0.00517936
0.0861065 0.00516138
0.0862655 0.00514713
0.0864248 0.00512953
0.0865844 0.00511452
0.0867442 0.00509759
0.0869044 0.00508146
0.0870649 0.00506558
0.0872257 0.00504824
0.0873868 0.0050335
0.0875481 0.00501488
0.0877098 0.005002
0.0878718 0.00498219
0.088034 0.00497213
0.0881966 0.00495007
0.0883594 0.00494202
0.0885226 0.00492013
0.0886861 0.00491184
0.0888498 0.00488986
0.0890139 0.00488139
0.0891783 0.00485963
0.089343 0.0048507
0.0895079 0.00482913
0.0896732 0.00481998
0.0898388 0.00479858
0.0900047 0.00478931
0.0901709 0.00476844
0.0903374 0.0047593
0.0905043 0.00474009
0.0906714 0.00473071
0.0908388 0.0047117
0.0910066 0.00470186
0.0911746 0.00468307
0.091343 0.00467282
0.0915116 0.00465429
0.0916806 0.00464357
0.0918499 0.0046253
0.0920195 0.00461411
0.0921895 0.00459624
0.0923597 0.00458453
0.0925303 0.0045672
0.0927011 0.00455498
0.0928723 0.00453846
0.0930438 0.00452649
0.0932156 0.00451125
0.0933877 0.00449869
0.0935602 0.00448411
0.093733 0.00447075
0.0939061 0.0044567
0.0940795 0.00444237
0.0942532 0.00442921
0.0944272 0.00441376
0.0946016 0.00440151
0.0947763 0.00438436
0.0949513 0.00437363
0.0951266 0.00435287
0.0953023 0.00434584
0.0954783 0.00432536
0.0956546 0.00431852
0.0958312 0.00429955
0.0960082 0.00429237
0.0961855 0.00427378
0.0963631 0.00426636
0.0965411 0.00424789
0.0967193 0.00423999
0.0968979 0.00422169
0.0970769 0.00421362
0.0972561 0.00419537
0.0974357 0.00418714
0.0976156 0.00416897
0.0977959 0.00416036
0.0979765 0.00414264
0.0981574 0.00413371
0.0983387 0.0041164
0.0985203 0.00410791
0.0987022 0.0040917
0.0988845 0.00408284
0.0990671 0.00406717
0.09925 0.00405777
0.0994333 0.00404231
0.0996169 0.00403261
0.0998008 0.0040174
0.0999851 0.00400715
0.10017 0.00399238
0.100355 0.00398149
0.10054 0.0039671
0.100726 0.00395573
0.100912 0.00394185
0.101098 0.00393006
0.101285 0.00391706
0.101472 0.00390518
0.101659 0.00389336
0.101847 0.00388079
0.102035 0.00386986
0.102223 0.00385614
0.102412 0.00384609
0.102601 0.0038306
0.102791 0.00382234
0.102981 0.00380457
0.103171 0.00379827
0.103361 0.00378072
0.103552 0.0037742
0.103743 0.00375667
0.103935 0.00375002
0.104127 0.00373295
0.104319 0.0037263
0.104512 0.00371045
0.104705 0.00370374
0.104898 0.00368817
0.105092 0.00368125
0.105286 0.00366572
0.10548 0.00365845
0.105675 0.0036431
0.10587 0.00363559
0.106066 0.0036204
0.106262 0.00361267
0.106458 0.00359765
0.106654 0.00358954
0.106851 0.00357479
0.107049 0.00356654
0.107246 0.00355227
0.107444 0.00354394
0.107643 0.00353071
0.107841 0.00352226
0.108041 0.00350948
0.10824 0.00350056
0.10844 0.0034881
0.10864 0.00347858
0.108841 0.00346648
0.109042 0.00345652
0.109243 0.00344476
0.109445 0.00343416
0.109647 0.00342301
0.10985 0.00341177
0.110052 0.00340122
0.110256 0.00338929
0.110459 0.00337975
0.110663 0.0033672
0.110868 0.00335909
0.111072 0.003344
0.111277 0.00333873
0.111483 0.00332366
0.111689 0.00331823
0.111895 0.00330321
0.112102 0.00329748
0.112309 0.00328265
0.112516 0.00327671
0.112724 0.00326198
0.112932 0.00325588
0.11314 0.00324125
0.113349 0.0032349
0.113559 0.00322063
0.113768 0.00321448
0.113978 0.00320106
0.114189 0.00319472
0.1144 0.0031818
0.114611 0.00317527
0.114823 0.00316238
0.115035 0.00315561
0.115247 0.00314285
0.11546 0.00313579
0.115673 0.00312314
0.115887 0.00311571
0.116101 0.00310337
0.116315 0.00309566
0.11653 0.00308357
0.116745 0.00307556
0.116961 0.00306406
0.117177 0.00305594
0.117393 0.00304525
0.11761 0.00303704
0.117827 0.00302691
0.118045 0.00301816
0.118263 0.00300828
0.118481 0.00299896
0.1187 0.00298952
0.118919 0.00297956
0.119139 0.00297081
0.119359 0.00295996
0.119579 0.00295192
0.1198 0.0029398
0.120021 0.00293306
0.120243 0.00291914
0.120465 0.0029144
0.120687 0.00290131
0.12091 0.00289655
0.121133 0.0028838
0.121357 0.00287889
0.121581 0.00286624
0.121806 0.00286108
0.12203 0.00284851
0.122256 0.00284313
0.122482 0.00283067
0.122708 0.00282513
0.122934 0.00281277
0.123161 0.002807
0.123389 0.00279482
0.123617 0.002789
0.123845 0.00277695
0.124074 0.00277119
0.124303 0.00275996
0.124532 0.00275404
0.124762 0.00274329
0.124993 0.00273714
0.125223 0.00272657
0.125455 0.00272008
0.125686 0.00270962
0.125918 0.00270282
0.126151 0.00269263
0.126384 0.0026855
0.126617 0.00267559
0.126851 0.00266813
0.127085 0.00265839
0.12732 0.00265064
0.127555 0.00264145
0.127791 0.00263367
0.128027 0.00262521
0.128263 0.00261709
0.1285 0.0026093
0.128737 0.00260048
0.128975 0.00259324
0.129213 0.0025836
0.129452 0.002577
0.129691 0.00256564
0.12993 0.00256085
0.13017 0.00254883
0.130411 0.0025445
0.130651 0.00253255
0.130893 0.00252812
0.131134 0.00251643
0.131376 0.00251203
0.131619 0.00250097
0.131862 0.00249651
0.132106 0.00248586
0.13235 0.00248123
0.132594 0.00247065
0.132839 0.00246579
0.133084 0.00245538
0.13333 0.0024503
0.133576 0.0024399
0.133823 0.00243472
0.13407 0.00242441
0.134317 0.00241904
0.134565 0.00240892
0.134814 0.00240336
0.135063 0.00239347
0.135312 0.00238789
0.135562 0.00237863
0.135812 0.00237307
0.136063 0.00236423
0.136315 0.00235835
0.136566 0.00234977
0.136818 0.00234354
0.137071 0.0023351
0.137324 0.00232856
0.137578 0.00232042
0.137832 0.00231357
0.138086 0.00230563
0.138341 0.00229833
0.138597 0.00229088
0.138853 0.00228312
0.139109 0.00227623
0.139366 0.00226818
0.139623 0.00226211
0.139881 0.00225351
0.14014 0.0022484
0.140398 0.00223819
0.140658 0.00223449
0.140917 0.00222437
0.141177 0.00222055
0.141438 0.00221042
0.141699 0.00220647
0.141961 0.00219644
0.142223 0.00219239
0.142486 0.00218244
0.142749 0.00217828
0.143013 0.00216847
0.143277 0.00216429
0.143541 0.00215502
0.143806 0.00215085
0.144072 0.00214199
0.144338 0.00213762
0.144604 0.0021288
0.144871 0.00212424
0.145139 0.00211556
0.145407 0.0021108
0.145675 0.00210224
0.145944 0.00209729
0.146214 0.00208886
0.146484 0.0020837
0.146754 0.0020754
0.147025 0.00207015
0.147297 0.00206205
0.147569 0.00205679
0.147841 0.00204922
0.148114 0.00204381
0.148388 0.00203671
0.148662 0.00203104
0.148937 0.0020242
0.149212 0.00201818
0.149487 0.00201151
0.149763 0.00200509
0.15004 0.0019988
0.150317 0.00199183
0.150594 0.00198605
0.150872 0.00197845
0.151151 0.00197321
0.15143 0.00196448
0.15171 0.00196056
0.15199 0.00195147
0.152271 0.00194831
0.152552 0.00193968
0.152833 0.0019364
0.153116 0.00192781
0.153398 0.0019244
0.153682 0.00191584
0.153965 0.00191225
0.15425 0.00190378
0.154535 0.00190007
0.15482 0.00189168
0.155106 0.00188787
0.155392 0.00187958
0.155679 0.00187562
0.155967 0.00186748
0.156255 0.00186352
0.156543 0.00185573
0.156832 0.00185186
0.157122 0.00184448
0.157412 0.00184042
0.157703 0.00183313
0.157994 0.00182879
0.158286 0.00182163
0.158578 0.0018172
0.158871 0.00181018
0.159164 0.00180544
0.159458 0.00179859
0.159753 0.00179364
0.160048 0.00178701
0.160343 0.00178186
0.160639 0.00177544
0.160936 0.00177024
0.161233 0.00176425
0.161531 0.00175902
0.161829 0.00175353
0.162128 0.00174785
0.162427 0.00174266
0.162727 0.0017365
0.163028 0.0017317
0.163329 0.00172492
0.16363 0.00172071
0.163933 0.00171258
0.164235 0.00170965
0.164539 0.00170158
0.164842 0.00169856
0.165147 0.00169061
0.165452 0.00168758
0.165757 0.00167995
0.166063 0.00167693
0.16637 0.00166971
0.166677 0.0016666
0.166985 0.00165942
0.167293 0.00165621
0.167602 0.00164908
0.167912 0.00164573
0.168222 0.00163866
0.168532 0.00163515
0.168844 0.00162819
0.169155 0.00162457
0.169468 0.00161764
0.169781 0.00161395
0.170094 0.00160721
0.170408 0.00160347
0.170723 0.00159708
0.171038 0.00159331
0.171354 0.00158729
0.171671 0.00158344
0.171988 0.00157749
0.172305 0.00157342
0.172623 0.0015676
0.172942 0.00156334
0.173261 0.00155767
0.173581 0.00155314
0.173902 0.00154767
0.174223 0.00154292
0.174545 0.00153767
0.174867 0.00153262
0.17519 0.00152775
0.175514 0.00152246
0.175838 0.00151805
0.176162 0.0015126
0.176488 0.00150874
0.176814 0.00150244
0.17714 0.00149934
0.177467 0.00149244
0.177795 0.00148986
0.178123 0.00148297
0.178452 0.00148035
0.178782 0.00147348
0.179112 0.00147078
0.179443 0.00146399
0.179774 0.00146119
0.180106 0.00145447
0.180438 0.00145163
0.180772 0.00144521
0.181105 0.00144242
0.18144 0.0014364
0.181775 0.00143346
0.182111 0.0014275
0.182447 0.00142451
0.182784 0.00141856
0.183121 0.00141542
0.183459 0.00140954
0.183798 0.0014063
0.184138 0.00140052
0.184478 0.00139714
0.184818 0.00139142
0.18516 0.00138793
0.185502 0.00138243
0.185844 0.00137887
0.186187 0.00137361
0.186531 0.00137008
0.186876 0.00136524
0.187221 0.00136151
0.187566 0.00135674
0.187913 0.00135283
0.18826 0.00134822
0.188607 0.00134402
0.188956 0.00133964
0.189305 0.00133518
0.189654 0.00133102
0.190004 0.00132621
0.190355 0.00132239
0.190707 0.00131707
0.191059 0.0013138
0.191412 0.00130752
0.191765 0.00130541
0.192119 0.00129957
0.192474 0.00129735
0.192829 0.00129155
0.193186 0.00128926
0.193542 0.00128348
0.1939 0.00128111
0.194258 0.00127535
0.194616 0.00127286
0.194976 0.00126715
0.195336 0.00126463
0.195697 0.00125897
0.196058 0.00125635
0.19642 0.0012508
0.196783 0.00124815
0.197146 0.00124277
0.19751 0.00124014
0.197875 0.00123512
0.19824 0.00123241
0.198606 0.00122747
0.198973 0.00122464
0.199341 0.00121976
0.199709 0.00121678
0.200077 0.00121195
0.200447 0.00120886
0.200817 0.00120414
0.201188 0.00120091
0.201559 0.00119626
0.201932 0.00119288
0.202304 0.00118843
0.202678 0.00118498
0.203052 0.00118075
0.203427 0.00117734
0.203803 0.0011735
0.204179 0.0011698
0.204556 0.00116614
0.204934 0.00116219
0.205312 0.00115875
0.205692 0.00115445
0.206071 0.00115132
0.206452 0.00114646
0.206833 0.00114386
0.207215 0.0011384
0.207598 0.00113635
0.207981 0.00113099
0.208365 0.00112893
0.20875 0.00112364
0.209135 0.00112166
0.209522 0.00111678
0.209908 0.00111468
0.210296 0.00110983
0.210684 0.00110768
0.211073 0.00110281
0.211463 0.00110059
0.211854 0.00109579
0.212245 0.00109347
0.212637 0.00108871
0.21303 0.00108633
0.213423 0.0010816
0.213817 0.00107914
0.214212 0.00107451
0.214607 0.00107201
0.215004 0.00106754
0.215401 0.00106508
0.215799 0.00106095
0.216197 0.00105837
0.216596 0.00105432
0.216996 0.00105161
0.217397 0.00104764
0.217798 0.00104479
0.218201 0.00104092
0.218603 0.00103794
0.219007 0.00103415
0.219412 0.00103102
0.219817 0.00102738
0.220223 0.0010241
0.220629 0.00102061
0.221037 0.00101719
0.221445 0.001014
0.221854 0.00101054
0.222263 0.00100774
0.222674 0.0010039
0.223085 0.0010014
0.223497 0.000996743
0.22391 0.000995042
0.224323 0.000990384
0.224737 0.000988632
0.225152 0.000984004
0.225568 0.000982164
0.225985 0.000977585
0.226402 0.000975708
0.22682 0.000971182
0.227239 0.000969258
0.227659 0.000964818
0.228079 0.00096294
0.2285 0.000958853
0.228922 0.000956935
0.229345 0.000952855
0.229768 0.000950837
0.230193 0.000946822
0.230618 0.000944703
0.231044 0.000940719
0.23147 0.00093858
0.231898 0.000934605
0.232326 0.000932398
0.232755 0.000928488
0.233185 0.000926146
0.233615 0.000922365
0.234047 0.000919987
0.234479 0.00091632
0.234912 0.000913998
0.235346 0.00091067
0.23578 0.000908199
0.236216 0.000904938
0.236652 0.000902347
0.237089 0.000899171
0.237527 0.000896453
0.237965 0.000893405
0.238405 0.000890491
0.238845 0.000887569
0.239286 0.00088446
0.239728 0.000881739
0.240171 0.000878376
0.240614 0.000875908
0.241058 0.000872175
0.241504 0.000870181
0.24195 0.000866228
0.242396 0.000864734
0.242844 0.000860822
0.243292 0.000859271
0.243742 0.000855337
0.244192 0.000853758
0.244643 0.000849867
0.245094 0.000848174
0.245547 0.000844336
0.246 0.000842619
0.246455 0.00083879
0.24691 0.000837028
0.247366 0.000833227
0.247822 0.000831434
0.24828 0.000827724
0.248739 0.000826002
0.249198 0.000822557
0.249658 0.000820767
0.250119 0.000817385
0.250581 0.000815494
0.251044 0.000812149
0.251507 0.000810201
0.251972 0.000806913
0.252437 0.000804846
0.252903 0.000801603
0.25337 0.000799481
0.253838 0.000796311
0.254307 0.000794095
0.254776 0.000791022
0.255247 0.000788729
0.255718 0.000785782
0.25619 0.000783519
0.256663 0.000780839
0.257137 0.000778478
0.257612 0.000775897
0.258088 0.00077334
0.258565 0.000770902
0.259042 0.000768167
0.25952 0.000765889
0.26 0.000762882
0.26048 0.000760823
0.260961 0.00075713
0.261443 0.000755763
0.261925 0.000752084
0.262409 0.000750714
0.262894 0.000747088
0.263379 0.000745736
0.263865 0.000742416
0.264353 0.000741019
0.264841 0.000737745
0.26533 0.000736302
0.26582 0.00073303
0.266311 0.000731535
0.266803 0.000728288
0.267295 0.000726745
0.267789 0.000723522
0.268283 0.000721929
0.268779 0.000718738
0.269275 0.000717102
0.269772 0.000713954
0.27027 0.00071229
0.27077 0.000709226
0.27127 0.000707596
0.27177 0.000704746
0.272272 0.000703047
0.272775 0.000700277
0.273279 0.000698507
0.273783 0.000695776
0.274289 0.000693936
0.274796 0.000691269
0.275303 0.000689294
0.275811 0.0006867
0.276321 0.000684672
0.276831 0.000682153
0.277342 0.000680005
0.277854 0.000677582
0.278367 0.000675318
0.278881 0.00067306
0.279396 0.00067082
0.279912 0.000668789
0.280429 0.000666364
0.280947 0.000664507
0.281466 0.000661822
0.281986 0.000660208
0.282506 0.000657079
0.283028 0.000655872
0.283551 0.000652757
0.284074 0.000651531
0.284599 0.000648411
0.285124 0.000647161
0.285651 0.00064409
0.286178 0.000642802
0.286707 0.000639793
0.287236 0.000638523
0.287767 0.000635724
0.288298 0.000634431
0.28883 0.000631693
0.289364 0.000630343
0.289898 0.000627623
0.290433 0.00062624
0.29097 0.000623522
0.291507 0.000622086
0.292045 0.000619407
0.292585 0.000617905
0.293125 0.000615266
0.293666 0.000613726
0.294208 0.000611139
0.294752 0.000609543
0.295296 0.000607025
0.295841 0.000605449
0.296388 0.000603137
0.296935 0.000601517
0.297483 0.00059928
0.298033 0.000597582
0.298583 0.000595367
0.299134 0.000593579
0.299687 0.000591465
0.30024 0.000589573
0.300795 0.000587523
0.30135 0.000585517
0.301906 0.000583587
0.302464 0.000581444
0.303022 0.000579644
0.303582 0.000577327
0.304143 0.000575755
0.304704 0.000573196
0.305267 0.00057205
0.305831 0.000569392
0.306395 0.000568355
0.306961 0.000565708
0.307528 0.000564639
0.308096 0.000561996
0.308665 0.000560891
0.309235 0.000558281
0.309806 0.000557133
0.310378 0.000554534
0.310951 0.000553356
0.311525 0.000550787
0.312101 0.000549581
0.312677 0.000547079
0.313254 0.000545884
0.313833 0.000543521
0.314412 0.000542314
0.314993 0.000540022
0.315574 0.000538768
0.316157 0.000536502
0.316741 0.000535195
0.317326 0.000532953
0.317912 0.000531583
0.318499 0.000529382
0.319087 0.000527978
0.319676 0.000525823
0.320267 0.000524346
0.320858 0.000522241
0.321451 0.000520713
0.322044 0.000518692
0.322639 0.000517184
0.323235 0.000515304
0.323832 0.000513752
0.32443 0.000511957
0.325029 0.000510298
0.325629 0.000508603
0.32623 0.000506824
0.326833 0.000505208
0.327436 0.000503291
0.328041 0.000501798
0.328646 0.000499684
0.329253 0.000498393
0.329861 0.000495916
0.33047 0.000494978
0.331081 0.000492541
0.331692 0.000491614
0.332305 0.000489323
0.332918 0.000488378
0.333533 0.000486158
0.334149 0.00048519
0.334766 0.000482984
0.335384 0.000481979
0.336003 0.000479781
0.336624 0.000478739
0.337246 0.00047657
0.337868 0.000475507
0.338492 0.000473348
0.339117 0.00047224
0.339743 0.000470107
0.340371 0.000468972
0.340999 0.000466894
0.341629 0.000465782
0.34226 0.000463824
0.342892 0.000462675
0.343525 0.000460803
0.344159 0.000459607
0.344795 0.000457748
0.345432 0.000456527
0.34607 0.000454686
0.346709 0.000453415
0.347349 0.000451619
0.34799 0.000450284
0.348633 0.000448521
0.349277 0.000447122
0.349922 0.000445444
0.350568 0.000443986
0.351215 0.000442384
0.351864 0.000440914
0.352513 0.00043946
0.353164 0.000437923
0.353817 0.000436593
0.35447 0.000434902
0.355125 0.000433692
0.35578 0.000431741
0.356437 0.000430781
0.357095 0.000428679
0.357755 0.000427851
0.358416 0.000425753
0.359077 0.000424909
0.35974 0.000422828
0.360405 0.000421969
0.36107 0.000419917
0.361737 0.000419059
0.362405 0.000417123
0.363074 0.000416248
0.363745 0.000414395
0.364416 0.000413495
0.365089 0.000411655
0.365763 0.000410711
0.366439 0.000408886
0.367116 0.000407921
0.367793 0.000406092
0.368473 0.000405103
0.369153 0.000403304
0.369835 0.000402278
0.370518 0.00040051
0.371202 0.000399449
0.371887 0.000397723
0.372574 0.000396674
0.373262 0.000395064
0.373951 0.00039398
0.374642 0.000392448
0.375334 0.000391313
0.376027 0.00038982
0.376721 0.000388635
0.377417 0.000387168
0.378114 0.000385933
0.378812 0.000384519
0.379511 0.000383212
0.380212 0.000381858
0.380914 0.00038047
0.381618 0.000379195
0.382322 0.00037771
0.383028 0.00037656
0.383736 0.000375007
0.384444 0.000374022
0.385154 0.000372245
0.385866 0.000371547
0.386578 0.000369766
0.387292 0.000369042
0.388007 0.000367269
0.388724 0.000366517
0.389441 0.000364762
0.390161 0.00036398
0.390881 0.00036224
0.391603 0.000361438
0.392326 0.000359706
0.39305 0.000358903
0.393776 0.000357198
0.394503 0.000356396
0.395232 0.000354782
0.395962 0.000353972
0.396693 0.000352431
0.397425 0.000351585
0.398159 0.000350052
0.398895 0.000349184
0.399631 0.000347677
0.400369 0.000346773
0.401108 0.000345291
0.401849 0.000344351
0.402591 0.00034288
0.403335 0.000341912
0.404079 0.000340473
0.404826 0.000339471
0.405573 0.000338078
0.406322 0.000337073
0.407072 0.000335767
0.407824 0.00033475
0.408577 0.000333512
0.409332 0.000332436
0.410088 0.000331246
0.410845 0.000330097
0.411604 0.00032897
0.412364 0.000327735
0.413125 0.000326674
0.413888 0.000325342
0.414652 0.000324375
0.415418 0.000322866
0.416185 0.000322074
0.416954 0.000320428
0.417723 0.000319789
0.418495 0.000318216
0.419268 0.000317588
0.420042 0.000316084
0.420818 0.000315437
0.421595 0.000313951
0.422373 0.000313268
0.423153 0.00031179
0.423934 0.00031109
0.424717 0.000309616
0.425502 0.000308898
0.426287 0.000307442
0.427075 0.000306703
0.427863 0.000305265
0.428653 0.000304512
0.429445 0.000303094
0.430238 0.000302338
0.431032 0.000300991
0.431828 0.000300239
0.432626 0.000298966
0.433425 0.000298186
0.434225 0.000296919
0.435027 0.000296113
0.43583 0.000294872
0.436635 0.000294022
0.437441 0.000292808
0.438249 0.000291917
0.439058 0.000290732
0.439869 0.000289809
0.440681 0.000288645
0.441495 0.000287692
0.44231 0.000286583
0.443127 0.000285598
0.443945 0.00028458
0.444765 0.000283579
0.445586 0.000282635
0.446409 0.000281557
0.447234 0.000280683
0.448059 0.000279492
0.448887 0.000278711
0.449716 0.000277294
0.450546 0.000276733
0.451378 0.000275322
0.452212 0.000274747
0.453047 0.000273344
0.453883 0.000272756
0.454722 0.000271375
0.455561 0.000270786
0.456402 0.000269463
0.457245 0.000268868
0.45809 0.000267623
0.458935 0.000267016
0.459783 0.000265773
0.460632 0.000265144
0.461483 0.000263915
0.462335 0.000263265
0.463189 0.000262044
0.464044 0.000261369
0.464901 0.000260158
0.465759 0.00025947
0.466619 0.00025828
0.467481 0.000257575
0.468344 0.000256416
0.469209 0.000255702
0.470076 0.00025459
0.470944 0.00025388
0.471813 0.00025284
0.472684 0.0002521
0.473557 0.000251075
0.474432 0.000250302
0.475308 0.000249295
0.476186 0.00024849
0.477065 0.000247511
0.477946 0.000246671
0.478828 0.000245733
0.479713 0.000244829
0.480598 0.00024394
0.481486 0.000242986
0.482375 0.000242162
0.483266 0.000241164
0.484158 0.000240429
0.485052 0.000239367
0.485948 0.000238759
0.486845 0.000237569
0.487744 0.000237069
0.488645 0.000235892
0.489547 0.00023538
0.490451 0.000234193
0.491357 0.000233673
0.492264 0.000232499
0.493173 0.000231956
0.494084 0.000230793
0.494996 0.000230245
0.495911 0.00022909
0.496826 0.000228538
0.497744 0.000227431
0.498663 0.000226884
0.499584 0.000225843
0.500506 0.000225282
0.50143 0.000224243
0.502356 0.00022366
0.503284 0.000222637
0.504213 0.000222033
0.505144 0.000221025
0.506077 0.000220401
0.507012 0.000219408
0.507948 0.000218763
0.508886 0.000217786
0.509826 0.000217119
0.510767 0.000216175
0.51171 0.000215495
0.512655 0.000214603
0.513602 0.000213935
0.51455 0.000213096
0.515501 0.000212393
0.516453 0.000211581
0.517406 0.000210842
0.518362 0.000210055
0.519319 0.000209275
0.520278 0.000208528
0.521239 0.000207686
0.522201 0.000206994
0.523165 0.000206079
0.524131 0.000205451
0.525099 0.000204352
0.526069 0.000203924
0.52704 0.000202855
0.528014 0.000202432
0.528989 0.000201427
0.529966 0.000200984
0.530944 0.000199987
0.531925 0.000199533
0.532907 0.000198543
0.533891 0.000198076
0.534877 0.000197085
0.535865 0.0001966
0.536854 0.000195626
0.537845 0.000195133
0.538839 0.000194159
0.539834 0.000193651
0.54083 0.0001927
0.541829 0.000192188
0.54283 0.000191264
0.543832 0.000190765
0.544836 0.0001899
0.545842 0.000189385
0.54685 0.000188532
0.54786 0.000187985
0.548872 0.000187151
0.549885 0.000186589
0.550901 0.000185764
0.551918 0.00018518
0.552937 0.000184375
0.553958 0.000183762
0.554981 0.000182978
0.556006 0.000182351
0.557033 0.000181589
0.558061 0.00018095
0.559092 0.000180236
0.560124 0.000179587
0.561159 0.000178934
0.562195 0.000178245
0.563233 0.000177627
0.564273 0.000176885
0.565315 0.000176313
0.566359 0.000175485
0.567405 0.000174994
0.568453 0.000174056
0.569502 0.000173665
0.570554 0.000172737
0.571608 0.000172339
0.572663 0.000171411
0.573721 0.000171019
0.57478 0.000170122
0.575842 0.000169721
0.576905 0.000168893
0.57797 0.000168487
0.579037 0.000167658
0.580107 0.000167241
0.581178 0.000166419
0.582251 0.000165984
0.583326 0.000165167
0.584404 0.00016473
0.585483 0.000163915
0.586564 0.000163466
0.587647 0.000162665
0.588732 0.000162197
0.589819 0.000161413
0.590908 0.000160942
0.592 0.000160189
0.593093 0.000159717
0.594188 0.000159014
0.595285 0.000158529
0.596385 0.000157841
0.597486 0.000157332
0.598589 0.000156656
0.599694 0.000156128
0.600802 0.000155463
0.601911 0.000154914
0.603023 0.00015427
0.604136 0.000153696
0.605252 0.000153075
0.60637 0.000152461
0.607489 0.000151879
0.608611 0.000151239
0.609735 0.000150709
0.610861 0.000150056
0.611989 0.000149588
0.613119 0.000148813
0.614251 0.000148467
0.615386 0.000147676
0.616522 0.000147337
0.61766 0.000146547
0.618801 0.000146198
0.619944 0.000145418
0.621088 0.000145058
0.622235 0.000144286
0.623384 0.00014392
0.624535 0.000143152
0.625689 0.000142782
0.626844 0.000142035
0.628002 0.000141675
0.629161 0.000140987
0.630323 0.00014061
0.631487 0.000139923
0.632653 0.000139539
0.633821 0.000138856
0.634992 0.000138461
0.636164 0.000137787
0.637339 0.000137378
0.638516 0.000136712
0.639695 0.000136287
0.640876 0.000135634
0.64206 0.0001352
0.643246 0.000134563
0.644433 0.000134118
0.645623 0.000133506
0.646816 0.000133065
0.64801 0.000132497
0.649207 0.000132041
0.650405 0.000131489
0.651606 0.000131008
0.65281 0.000130472
0.654015 0.000129966
0.655223 0.000129448
0.656433 0.000128914
0.657645 0.000128425
0.658859 0.000127846
0.660076 0.000127394
0.661295 0.000126764
0.662516 0.000126371
0.66374 0.000125652
0.664965 0.000125363
0.666193 0.000124705
0.667423 0.00012441
0.668656 0.000123745
0.669891 0.000123445
0.671128 0.000122788
0.672367 0.000122476
0.673608 0.000121824
0.674852 0.000121502
0.676099 0.000120856
0.677347 0.000120528
0.678598 0.000119888
0.679851 0.000119556
0.681106 0.00011892
0.682364 0.000118582
0.683624 0.000117961
0.684887 0.000117629
0.686151 0.000117058
0.687418 0.000116713
0.688688 0.000116153
0.689959 0.000115797
0.691233 0.000115242
0.69251 0.000114872
0.693789 0.000114323
0.69507 0.000113941
0.696353 0.000113406
0.697639 0.00011301
0.698928 0.000112486
0.700218 0.000112078
0.701511 0.000111563
0.702807 0.000111146
0.704104 0.00011066
0.705405 0.000110246
0.706707 0.000109801
0.708012 0.000109365
0.70932 0.000108943
0.710629 0.000108478
0.711942 0.000108077
0.713256 0.000107575
0.714574 0.000107208
0.715893 0.00010663
0.717215 0.000106339
0.718539 0.000105728
0.719866 0.000105464
0.721196 0.000104858
0.722527 0.000104594
0.723862 0.000103993
0.725198 0.000103732
0.726537 0.00010318
0.727879 0.000102911
0.729223 0.000102362
0.73057 0.000102086
0.731919 0.000101541
0.73327 0.000101256
0.734624 0.000100719
0.735981 0.000100425
0.73734 9.9888e-05
0.738702 9.9589e-05
0.740066 9.90582e-05
0.741432 9.87525e-05
0.742801 9.82321e-05
0.744173 9.79204e-05
0.745547 9.74139e-05
0.746924 9.71082e-05
0.748303 9.66419e-05
0.749685 9.63291e-05
0.75107 9.58744e-05
0.752456 9.55459e-05
0.753846 9.5099e-05
0.755238 9.47577e-05
0.756633 9.43196e-05
0.75803 9.39667e-05
0.75943 9.35379e-05
0.760832 9.31719e-05
0.762237 9.27553e-05
0.763644 9.23692e-05
0.765055 9.19773e-05
0.766467 9.15729e-05
0.767883 9.12054e-05
0.769301 9.07943e-05
0.770721 9.04669e-05
0.772145 9.0026e-05
0.77357 8.97345e-05
0.774999 8.92185e-05
0.77643 8.89948e-05
0.777864 8.84829e-05
0.7793 8.82526e-05
0.780739 8.7743e-05
0.782181 8.75073e-05
0.783625 8.70028e-05
0.785072 8.67602e-05
0.786522 8.62594e-05
0.787974 8.60173e-05
0.78943 8.55242e-05
0.790887 8.5285e-05
0.792348 8.48292e-05
0.793811 8.45878e-05
0.795277 8.41387e-05
0.796745 8.38864e-05
0.798217 8.34406e-05
0.799691 8.31818e-05
0.801167 8.27387e-05
0.802647 8.2473e-05
0.804129 8.20383e-05
0.805614 8.17633e-05
0.807101 8.13353e-05
0.808592 8.10502e-05
0.810085 8.06293e-05
0.811581 8.0345e-05
0.81308 7.9934e-05
0.814581 7.96535e-05
0.816085 7.92745e-05
0.817592 7.89851e-05
0.819102 7.86157e-05
0.820615 7.83131e-05
0.82213 7.79576e-05
0.823648 7.76413e-05
0.825169 7.72938e-05
0.826693 7.69605e-05
0.828219 7.663e-05
0.829749 7.6275e-05
0.831281 7.59657e-05
0.832816 7.55818e-05
0.834354 7.52998e-05
0.835895 7.48693e-05
0.837438 7.46457e-05
0.838985 7.42103e-05
0.840534 7.40177e-05
0.842086 7.35897e-05
0.843641 7.33939e-05
0.845199 7.29675e-05
0.84676 7.2767e-05
0.848323 7.23447e-05
0.84989 7.21366e-05
0.851459 7.17149e-05
0.853031 7.15031e-05
0.854607 7.10872e-05
0.856185 7.08733e-05
0.857766 7.04623e-05
0.85935 7.02407e-05
0.860937 6.98402e-05
0.862526 6.96267e-05
0.864119 6.92466e-05
0.865715 6.90297e-05
0.867313 6.86622e-05
0.868915 6.84373e-05
0.87052 6.80752e-05
0.872127 6.78417e-05
0.873738 6.74822e-05
0.875351 6.72427e-05
0.876967 6.68919e-05
0.878587 6.66424e-05
0.880209 6.6297e-05
0.881835 6.60398e-05
0.883463 6.57053e-05
0.885094 6.54374e-05
0.886729 6.51149e-05
0.888366 6.48518e-05
0.890007 6.45548e-05
0.89165 6.42814e-05
0.893297 6.39985e-05
0.894946 6.3709e-05
0.896599 6.34405e-05
0.898255 6.31299e-05
0.899913 6.28785e-05
0.901575 6.25429e-05
0.90324 6.23177e-05
0.904908 6.19246e-05
0.906579 6.17549e-05
0.908253 6.13652e-05
0.90993 6.11932e-05
0.911611 6.08087e-05
0.913294 6.06408e-05
0.91498 6.0281e-05
0.91667 6.01077e-05
0.918363 5.97595e-05
0.920059 5.95824e-05
0.921758 5.92344e-05
0.92346 5.90556e-05
0.925165 5.87096e-05
0.926873 5.85259e-05
0.928585 5.81832e-05
0.9303 5.79934e-05
0.932018 5.76551e-05
0.933739 5.74591e-05
0.935463 5.71235e-05
0.93719 5.69263e-05
0.938921 5.66e-05
0.940655 5.64038e-05
0.942392 5.60997e-05
0.944132 5.58992e-05
0.945875 5.56038e-05
0.947622 5.53974e-05
0.949372 5.51065e-05
0.951125 5.48922e-05
0.952881 5.46063e-05
0.954641 5.43853e-05
0.956404 5.41068e-05
0.95817 5.38769e-05
0.959939 5.36054e-05
0.961712 5.33681e-05
0.963488 5.31059e-05
0.965267 5.28574e-05
0.967049 5.26139e-05
0.968835 5.2362e-05
0.970624 5.21407e-05
0.972417 5.18759e-05
0.974212 5.16759e-05
0.976011 5.13806e-05
0.977814 5.12091e-05
0.979619 5.08849e-05
0.981428 5.07382e-05
0.983241 5.04156e-05
0.985056 5.02682e-05
0.986875 4.9946e-05
0.988698 4.97962e-05
0.990523 4.94793e-05
0.992352 4.93251e-05
0.994185 4.90126e-05
0.996021 4.88604e-05
0.99786 4.85646e-05
0.999703 4.84132e-05
1.00155 4.81272e-05
1.0034 4.79699e-05
1.00525 4.76878e-05
1.00711 4.75276e-05
1.00897 4.72459e-05
1.01083 4.70798e-05
1.0127 4.68024e-05
1.01457 4.66326e-05
1.01644 4.6359e-05
1.01832 4.61855e-05
1.0202 4.59165e-05
1.02208 4.57386e-05
1.02397 4.54781e-05
1.02586 4.53003e-05
1.02775 4.50567e-05
1.02965 4.48758e-05
1.03155 4.46435e-05
1.03346 4.44567e-05
1.03537 4.42269e-05
1.03728 4.40334e-05
1.03919 4.38112e-05
1.04111 4.36076e-05
1.04304 4.33934e-05
1.04496 4.3178e-05
1.04689 4.29754e-05
1.04882 4.27466e-05
1.05076 4.25594e-05
1.0527 4.23132e-05
1.05465 4.21468e-05
1.05659 4.18694e-05
1.05854 4.17507e-05
1.0605 4.14841e-05
1.06246 4.13623e-05
1.06442 4.10961e-05
1.06638 4.09712e-05
1.06835 4.07074e-05
1.07033 4.05796e-05
1.0723 4.03178e-05
1.07428 4.01851e-05
1.07627 3.99264e-05
1.07825 3.97929e-05
1.08025 3.95357e-05
1.08224 3.94018e-05
1.08424 3.91482e-05
1.08624 3.90134e-05
1.08825 3.87754e-05
1.09026 3.8639e-05
1.09227 3.84099e-05
1.09429 3.82713e-05
1.09631 3.80443e-05
1.09833 3.79016e-05
1.10036 3.76778e-05
1.10239 3.75295e-05
1.10443 3.73083e-05
1.10647 3.71573e-05
1.10851 3.69399e-05
1.11056 3.6783e-05
1.11261 3.65711e-05
1.11466 3.64095e-05
1.11672 3.62052e-05
1.11878 3.60435e-05
1.12085 3.58524e-05
1.12292 3.56901e-05
1.12499 3.55108e-05
1.12707 3.53366e-05
1.12915 3.51654e-05
1.13124 3.49813e-05
1.13333 3.48189e-05
1.13542 3.46237e-05
1.13751 3.44714e-05
1.13962 3.4256e-05
1.14172 3.41244e-05
1.14383 3.38842e-05
1.14594 3.37776e-05
1.14806 3.35412e-05
1.15018 3.34362e-05
1.1523 3.32087e-05
1.15443 3.31045e-05
1.15656 3.28898e-05
1.1587 3.27812e-05
1.16083 3.25672e-05
1.16298 3.24572e-05
1.16513 3.22436e-05
1.16728 3.21309e-05
1.16943 3.19196e-05
1.17159 3.18044e-05
1.17376 3.1595e-05
1.17592 3.14778e-05
1.1781 3.12704e-05
1.18027 3.11511e-05
1.18245 3.09481e-05
1.18463 3.08295e-05
1.18682 3.06374e-05
1.18901 3.05182e-05
1.19121 3.03368e-05
1.19341 3.02129e-05
1.19561 3.00333e-05
1.19782 2.99052e-05
1.20003 2.97296e-05
1.20225 2.95972e-05
1.20447 2.94246e-05
1.20669 2.92876e-05
1.20892 2.91194e-05
1.21115 2.89778e-05
1.21339 2.88153e-05
1.21563 2.86675e-05
1.21787 2.85132e-05
1.22012 2.83639e-05
1.22238 2.82229e-05
1.22463 2.80689e-05
1.2269 2.79406e-05
1.22916 2.77746e-05
1.23143 2.76562e-05
1.2337 2.74589e-05
1.23598 2.73721e-05
1.23826 2.71756e-05
1.24055 2.7087e-05
1.24284 2.68916e-05
1.24514 2.68004e-05
1.24744 2.66076e-05
1.24974 2.65156e-05
1.25205 2.63255e-05
1.25436 2.62343e-05
1.25668 2.6052e-05
1.259 2.59607e-05
1.26132 2.5789e-05
1.26365 2.56966e-05
1.26598 2.55251e-05
1.26832 2.54287e-05
1.27066 2.52599e-05
1.27301 2.51613e-05
1.27536 2.4993e-05
1.27772 2.48932e-05
1.28008 2.47267e-05
1.28244 2.46246e-05
1.28481 2.44609e-05
1.28718 2.43548e-05
1.28956 2.4197e-05
1.29194 2.4092e-05
1.29432 2.39413e-05
1.29671 2.38365e-05
1.29911 2.36952e-05
1.30151 2.35856e-05
1.30391 2.34474e-05
1.30632 2.33342e-05
1.30873 2.31999e-05
1.31115 2.30814e-05
1.31357 2.29506e-05
1.31599 2.28263e-05
1.31842 2.27007e-05
1.32086 2.257e-05
1.3233 2.2452e-05
1.32574 2.23137e-05
1.32819 2.22057e-05
1.33064 2.20581e-05
1.3331 2.19666e-05
1.33556 2.18074e-05
1.33803 2.17349e-05
1.3405 2.15771e-05
1.34297 2.1503e-05
1.34545 2.13447e-05
1.34794 2.12701e-05
1.35043 2.11131e-05
1.35292 2.10353e-05
1.35542 2.08805e-05
1.35792 2.08018e-05
1.36043 2.0648e-05
1.36294 2.05683e-05
1.36546 2.04171e-05
1.36798 2.03371e-05
1.37051 2.01926e-05
1.37304 2.01149e-05
1.37557 1.99778e-05
1.37811 1.9898e-05
1.38066 1.97629e-05
1.38321 1.96798e-05
1.38576 1.95466e-05
1.38832 1.94617e-05
1.39088 1.93309e-05
1.39345 1.92423e-05
1.39603 1.91137e-05
1.3986 1.90229e-05
1.40119 1.88973e-05
1.40377 1.88042e-05
1.40637 1.86825e-05
1.40896 1.85887e-05
1.41157 1.84728e-05
1.41417 1.83801e-05
1.41678 1.82731e-05
1.4194 1.81762e-05
1.42202 1.80722e-05
1.42465 1.79697e-05
1.42728 1.78707e-05
1.42991 1.7761e-05
1.43255 1.76681e-05
1.4352 1.75503e-05
1.43785 1.74651e-05
1.4405 1.73289e-05
1.44316 1.72636e-05
1.44583 1.71245e-05
1.4485 1.70635e-05
1.45117 1.69289e-05
1.45385 1.6869e-05
1.45654 1.6744e-05
1.45923 1.66825e-05
1.46192 1.65582e-05
1.46462 1.64956e-05
1.46733 1.63711e-05
1.47004 1.63071e-05
1.47275 1.61838e-05
1.47547 1.61185e-05
1.47819 1.59971e-05
1.48092 1.59295e-05
1.48366 1.58093e-05
1.4864 1.57413e-05
1.48914 1.56229e-05
1.49189 1.5555e-05
1.49465 1.5442e-05
1.49741 1.53748e-05
1.50017 1.5269e-05
1.50294 1.51996e-05
1.50572 1.50955e-05
1.5085 1.50241e-05
1.51129 1.49218e-05
1.51408 1.48481e-05
1.51687 1.47479e-05
1.51967 1.46712e-05
1.52248 1.45728e-05
1.52529 1.44935e-05
1.52811 1.43988e-05
1.53093 1.43163e-05
1.53376 1.42256e-05
1.53659 1.41418e-05
1.53943 1.40568e-05
1.54227 1.39736e-05
1.54512 1.38968e-05
1.54797 1.38074e-05
1.55083 1.37351e-05
1.55369 1.36371e-05
1.55656 1.35735e-05
1.55944 1.34613e-05
1.56231 1.34111e-05
1.5652 1.33001e-05
1.56809 1.32491e-05
1.57099 1.31379e-05
1.57389 1.3087e-05
1.57679 1.29777e-05
1.5797 1.29265e-05
1.58262 1.28206e-05
1.58554 1.27707e-05
1.58847 1.26727e-05
1.59141 1.2621e-05
1.59434 1.25239e-05
1.59729 1.24715e-05
1.60024 1.23751e-05
1.60319 1.23207e-05
1.60615 1.2225e-05
1.60912 1.21694e-05
1.61209 1.20752e-05
1.61507 1.20181e-05
1.61805 1.19256e-05
1.62104 1.18674e-05
1.62403 1.17772e-05
1.62703 1.17184e-05
1.63003 1.16319e-05
1.63304 1.15744e-05
1.63606 1.14946e-05
1.63908 1.1436e-05
1.64211 1.13569e-05
1.64514 1.12955e-05
1.64818 1.12185e-05
1.65122 1.11548e-05
1.65427 1.10806e-05
1.65733 1.10135e-05
1.66039 1.09416e-05
1.66345 1.08713e-05
1.66652 1.08034e-05
1.6696 1.07293e-05
1.67268 1.06659e-05
1.67577 1.05877e-05
1.67887 1.0532e-05
1.68197 1.04494e-05
1.68507 1.04054e-05
1.68819 1.03176e-05
1.6913 1.02779e-05
1.69443 1.01903e-05
1.69756 1.01501e-05
1.70069 1.00629e-05
1.70383 1.00219e-05
1.70698 9.93519e-06
1.71013 9.89302e-06
1.71329 9.80732e-06
1.71645 9.76461e-06
1.71962 9.68017e-06
1.7228 9.6377e-06
1.72598 9.5561e-06
1.72916 9.51398e-06
1.73236 9.43913e-06
1.73556 9.39597e-06
1.73876 9.32149e-06
1.74197 9.27743e-06
1.74519 9.20393e-06
1.74841 9.15844e-06
1.75164 9.08598e-06
1.75487 9.03894e-06
1.75812 8.9675e-06
1.76136 8.91959e-06
1.76461 8.84999e-06
1.76787 8.80043e-06
1.77114 8.73275e-06
1.77441 8.68247e-06
1.77768 8.61814e-06
1.78097 8.56924e-06
1.78426 8.51015e-06
1.78755 8.45941e-06
1.79085 8.40179e-06
1.79416 8.34832e-06
1.79747 8.2936e-06
1.80079 8.2371e-06
1.80412 8.18473e-06
1.80745 8.12434e-06
1.81079 8.07565e-06
1.81413 8.0101e-06
1.81748 7.96708e-06
1.82084 7.89099e-06
1.8242 7.85896e-06
1.82757 7.7849e-06
1.83094 7.75359e-06
1.83432 7.6863e-06
1.83771 7.65438e-06
1.8411 7.58753e-06
1.8445 7.55462e-06
1.84791 7.48791e-06
1.85132 7.45467e-06
1.85474 7.38837e-06
1.85816 7.35409e-06
1.8616 7.28886e-06
1.86503 7.25432e-06
1.86848 7.18942e-06
1.87193 7.15391e-06
1.87538 7.0904e-06
1.87885 7.05474e-06
1.88232 6.99296e-06
1.88579 6.95872e-06
1.88928 6.90267e-06
1.89276 6.8672e-06
1.89626 6.81179e-06
1.89976 6.77506e-06
1.90327 6.72027e-06
1.90678 6.68291e-06
1.9103 6.62894e-06
1.91383 6.59009e-06
1.91737 6.53732e-06
1.92091 6.49725e-06
1.92445 6.44579e-06
1.92801 6.404e-06
1.93157 6.35501e-06
1.93514 6.31203e-06
1.93871 6.26562e-06
1.94229 6.22387e-06
1.94588 6.18243e-06
1.94947 6.13802e-06
1.95307 6.09893e-06
1.95667 6.05112e-06
1.96029 6.01516e-06
1.96391 5.96093e-06
1.96753 5.93119e-06
1.97117 5.87262e-06
1.97481 5.84691e-06
1.97845 5.78869e-06
1.98211 5.76293e-06
1.98577 5.70538e-06
1.98943 5.67963e-06
1.99311 5.62332e-06
1.99679 5.5985e-06
2.00048 5.54726e-06
2.00417 5.52167e-06
2.00787 5.47131e-06
2.01158 5.44527e-06
2.01529 5.39516e-06
2.01902 5.36802e-06
2.02274 5.31862e-06
2.02648 5.29131e-06
2.03022 5.24197e-06
2.03397 5.21393e-06
2.03773 5.16563e-06
2.04149 5.13691e-06
2.04526 5.0897e-06
2.04904 5.06066e-06
2.05282 5.0147e-06
2.05661 4.98671e-06
2.06041 4.9454e-06
2.06421 4.91635e-06
2.06802 4.87572e-06
2.07184 4.84563e-06
2.07567 4.80611e-06
2.0795 4.77444e-06
2.08334 4.73599e-06
2.08719 4.70319e-06
2.09104 4.66605e-06
2.0949 4.63176e-06
2.09877 4.5962e-06
2.10265 4.56039e-06
2.10653 4.5268e-06
2.11042 4.48891e-06
2.11432 4.45873e-06
2.11822 4.42081e-06
2.12213 4.39556e-06
2.12605 4.35135e-06
2.12998 4.33234e-06
2.13391 4.28838e-06
2.13785 4.26887e-06
2.1418 4.22519e-06
2.14576 4.20534e-06
2.14972 4.16193e-06
2.15369 4.14153e-06
2.15766 4.09866e-06
2.16165 4.07795e-06
2.16564 4.03559e-06
2.16964 4.0151e-06
2.17365 3.97355e-06
2.17766 3.95375e-06
2.18168 3.91605e-06
2.18571 3.89572e-06
2.18975 3.85889e-06
2.19379 3.83783e-06
2.19784 3.80119e-06
2.2019 3.77975e-06
2.20597 3.74376e-06
2.21004 3.72169e-06
2.21412 3.68631e-06
2.21821 3.66357e-06
2.2223 3.62871e-06
2.22641 3.60539e-06
2.23052 3.57155e-06
2.23464 3.54766e-06
2.23876 3.51518e-06
2.2429 3.49237e-06
2.24704 3.463e-06
2.25119 3.43943e-06
2.25535 3.411e-06
2.25951 3.38634e-06
2.26368 3.35878e-06
2.26786 3.33277e-06
2.27205 3.30663e-06
2.27625 3.27889e-06
2.28045 3.25427e-06
2.28466 3.22452e-06
2.28888 3.20208e-06
2.29311 3.16877e-06
2.29734 3.15024e-06
2.30158 3.11387e-06
2.30583 3.09949e-06
2.31009 3.06657e-06
2.31436 3.05215e-06
2.31863 3.01974e-06
2.32291 3.00505e-06
2.3272 2.97297e-06
2.3315 2.95784e-06
2.33581 2.92594e-06
2.34012 2.91048e-06
2.34444 2.8788e-06
2.34877 2.8631e-06
2.35311 2.83186e-06
2.35745 2.81574e-06
2.36181 2.78507e-06
2.36617 2.76899e-06
2.37054 2.73904e-06
2.37491 2.72339e-06
2.3793 2.69621e-06
2.38369 2.68037e-06
2.38809 2.65408e-06
2.3925 2.63775e-06
2.39692 2.61175e-06
2.40135 2.59485e-06
2.40578 2.56938e-06
2.41023 2.55183e-06
2.41468 2.52695e-06
2.41914 2.5087e-06
2.4236 2.48452e-06
2.42808 2.46578e-06
2.43256 2.44237e-06
2.43705 2.42306e-06
2.44155 2.40101e-06
2.44606 2.38222e-06
2.45058 2.36241e-06
2.4551 2.34288e-06
2.45964 2.32448e-06
2.46418 2.30363e-06
2.46873 2.28634e-06
2.47329 2.26351e-06
2.47786 2.2481e-06
2.48243 2.22095e-06
2.48702 2.20987e-06
2.49161 2.18298e-06
2.49621 2.17183e-06
2.50082 2.1452e-06
2.50544 2.13389e-06
2.51006 2.10787e-06
2.5147 2.09706e-06
2.51934 2.07335e-06
2.52399 2.06231e-06
2.52866 2.03951e-06
2.53333 2.02827e-06
2.538 2.00552e-06
2.54269 1.99412e-06
2.54739 1.97147e-06
2.55209 1.95965e-06
2.5568 1.93747e-06
2.56152 1.92521e-06
2.56625 1.90335e-06
2.57099 1.89101e-06
2.57574 1.86945e-06
2.5805 1.85696e-06
2.58526 1.83617e-06
2.59004 1.82406e-06
2.59482 1.80512e-06
2.59961 1.793e-06
2.60441 1.77485e-06
2.60922 1.76219e-06
2.61404 1.7445e-06
2.61886 1.73125e-06
2.6237 1.714e-06
2.62855 1.70016e-06
2.6334 1.68342e-06
2.63826 1.66909e-06
2.64313 1.6531e-06
2.64801 1.63788e-06
2.6529 1.62281e-06
2.6578 1.60702e-06
2.66271 1.59321e-06
2.66763 1.57743e-06
2.67255 1.56548e-06
2.67749 1.54848e-06
2.68243 1.53855e-06
2.68739 1.5193e-06
2.69235 1.51136e-06
2.69732 1.49231e-06
2.7023 1.48419e-06
2.70729 1.46513e-06
2.71229 1.45689e-06
2.7173 1.43815e-06
2.72232 1.42972e-06
2.72735 1.41124e-06
2.73238 1.40285e-06
2.73743 1.38472e-06
2.74248 1.37667e-06
2.74755 1.36005e-06
2.75262 1.35194e-06
2.7577 1.33616e-06
2.7628 1.32785e-06
2.7679 1.31222e-06
2.77301 1.3037e-06
2.77813 1.28826e-06
2.78326 1.27939e-06
2.7884 1.26417e-06
2.79355 1.25514e-06
2.79871 1.24024e-06
2.80387 1.23083e-06
2.80905 1.2163e-06
2.81424 1.20683e-06
2.81944 1.19285e-06
2.82464 1.18364e-06
2.82986 1.17099e-06
2.83508 1.16166e-06
2.84032 1.14986e-06
2.84556 1.14011e-06
2.85082 1.12863e-06
2.85608 1.11834e-06
2.86136 1.10732e-06
2.86664 1.09648e-06
2.87193 1.08609e-06
2.87724 1.07441e-06
2.88255 1.06484e-06
2.88787 1.0522e-06
2.89321 1.04372e-06
2.89855 1.02857e-06
2.9039 1.02309e-06
2.90926 1.00921e-06
2.91464 1.00381e-06
2.92002 9.90645e-07
2.92541 9.85011e-07
2.93081 9.72012e-07
2.93623 9.66238e-07
2.94165 9.53307e-07
2.94708 9.47451e-07
2.95252 9.3457e-07
2.95797 9.28529e-07
2.96344 9.15867e-07
2.96891 9.09797e-07
2.97439 8.97267e-07
2.97988 8.91077e-07
2.98539 8.78957e-07
2.9909 8.73043e-07
2.99642 8.61928e-07
3.00195 8.56086e-07
3.0075 8.45614e-07
3.01305 8.3961e-07
3.01862 8.29262e-07
3.02419 8.23014e-07
3.02977 8.12891e-07
3.03537 8.06393e-07
3.04097 7.96464e-07
3.04659 7.89743e-07
3.05222 7.80133e-07
3.05785 7.7312e-07
3.0635 7.6382e-07
3.06916 7.56687e-07
3.07482 7.47899e-07
3.0805 7.40878e-07
3.08619 7.32932e-07
3.09189 7.25871e-07
3.0976 7.18584e-07
3.10332 7.11078e-07
3.10905 7.04285e-07
3.11479 6.9614e-07
3.12054 6.89872e-07
3.1263 6.80833e-07
3.13208 6.75473e-07
3.13786 6.65119e-07
3.14365 6.6109e-07
3.14946 6.50864e-07
3.15528 6.46842e-07
3.1611 6.36783e-07
3.16694 6.32956e-07
3.17279 6.23724e-07
3.17865 6.19951e-07
3.18452 6.11354e-07
3.1904 6.07451e-07
3.19629 5.98945e-07
3.20219 5.94939e-07
3.2081 5.86487e-07
3.21403 5.82349e-07
3.21996 5.74009e-07
3.22591 5.69828e-07
3.23187 5.61551e-07
3.23783 5.57265e-07
3.24381 5.49184e-07
3.2498 5.44808e-07
3.2558 5.36986e-07
3.26182 5.3278e-07
3.26784 5.25658e-07
3.27387 5.21515e-07
3.27992 5.14915e-07
3.28598 5.10579e-07
3.29204 5.04137e-07
3.29812 4.99631e-07
3.30421 4.93345e-07
3.31031 4.88664e-07
3.31643 4.82506e-07
3.32255 4.77602e-07
3.32869 4.71718e-07
3.33483 4.66618e-07
3.34099 4.61009e-07
3.34716 4.55647e-07
3.35334 4.50503e-07
3.35953 4.45113e-07
3.36574 4.40669e-07
3.37195 4.35169e-07
3.37818 4.31351e-07
3.38442 4.24893e-07
3.39067 4.22062e-07
3.39693 4.15313e-07
3.4032 4.12701e-07
3.40949 4.05976e-07
3.41578 4.03296e-07
3.42209 3.9669e-07
3.42841 3.93961e-07
3.43474 3.87437e-07
3.44108 3.84718e-07
3.44744 3.7831e-07
3.4538 3.75691e-07
3.46018 3.6979e-07
3.46657 3.6723e-07
3.47297 3.61871e-07
3.47939 3.59214e-07
3.48581 3.53875e-07
3.49225 3.51169e-07
3.4987 3.45885e-07
3.50516 3.43087e-07
3.51163 3.37894e-07
3.51811 3.34996e-07
3.52461 3.29886e-07
3.53112 3.2692e-07
3.53764 3.21944e-07
3.54417 3.18939e-07
3.55072 3.1413e-07
3.55727 3.11195e-07
3.56384 3.06859e-07
3.57042 3.03998e-07
3.57702 3.00058e-07
3.58362 2.9706e-07
3.59024 2.93266e-07
3.59687 2.90093e-07
3.60351 2.86425e-07
3.61017 2.83089e-07
3.61683 2.79598e-07
3.62351 2.76036e-07
3.6302 2.7277e-07
3.63691 2.68942e-07
3.64362 2.65992e-07
3.65035 2.61793e-07
3.65709 2.59363e-07
3.66384 2.54751e-07
3.67061 2.53165e-07
3.67739 2.49017e-07
3.68418 2.47382e-07
3.69098 2.43239e-07
3.6978 2.41569e-07
3.70463 2.37445e-07
3.71147 2.35753e-07
3.71832 2.3166e-07
3.72519 2.29919e-07
3.73207 2.25872e-07
3.73896 2.24088e-07
3.74586 2.20123e-07
3.75278 2.18335e-07
3.75971 2.14457e-07
3.76665 2.12719e-07
3.77361 2.09148e-07
3.78058 2.07482e-07
3.78756 2.04303e-07
3.79455 2.02572e-07
3.80156 1.99436e-07
3.80858 1.97642e-07
3.81561 1.94554e-07
3.82266 1.92704e-07
3.82972 1.89665e-07
3.83679 1.87743e-07
3.84387 1.84778e-07
3.85097 1.82822e-07
3.85808 1.79934e-07
3.86521 1.779e-07
3.87234 1.75168e-07
3.87949 1.73168e-07
3.88666 1.70722e-07
3.89384 1.68798e-07
3.90103 1.66621e-07
3.90823 1.64576e-07
3.91545 1.62515e-07
3.92268 1.60298e-07
3.92992 1.58402e-07
3.93718 1.55978e-07
3.94445 1.5427e-07
3.95173 1.51443e-07
3.95903 1.50159e-07
3.96634 1.47138e-07
3.97366 1.46076e-07
3.981 1.43105e-07
3.98835 1.42082e-07
3.99572 1.39325e-07
4.0031 1.38357e-07
4.01049 1.35923e-07
4.01789 1.34921e-07
4.02531 1.32514e-07
4.03275 1.31481e-07
4.04019 1.29092e-07
4.04765 1.28031e-07
4.05513 1.2567e-07
4.06262 1.24572e-07
4.07012 1.22245e-07
4.07763 1.21123e-07
4.08516 1.18836e-07
4.09271 1.17717e-07
4.10027 1.15491e-07
4.10784 1.14396e-07
4.11542 1.12348e-07
4.12302 1.1131e-07
4.13064 1.09527e-07
4.13826 1.08457e-07
4.14591 1.0671e-07
4.15356 1.05578e-07
4.16123 1.0387e-07
4.16892 1.02688e-07
4.17661 1.01029e-07
4.18433 9.97982e-08
4.19205 9.81903e-08
4.19979 9.69039e-08
4.20755 9.53674e-08
4.21532 9.40189e-08
4.2231 9.26115e-08
4.2309 9.12508e-08
4.23871 9.00155e-08
4.24654 8.87114e-08
4.25438 8.76789e-08
4.26224 8.62225e-08
4.27011 8.53367e-08
4.278 8.35995e-08
4.2859 8.2983e-08
4.29381 8.12583e-08
4.30174 8.06261e-08
4.30968 7.89193e-08
4.31764 7.82802e-08
4.32561 7.65918e-08
4.3336 7.59494e-08
4.3416 7.42893e-08
4.34962 7.36726e-08
4.35765 7.21232e-08
4.3657 7.15545e-08
4.37376 7.02289e-08
4.38184 6.96393e-08
4.38993 6.83223e-08
4.39804 6.77059e-08
4.40616 6.64127e-08
4.41429 6.57742e-08
4.42245 6.44887e-08
4.43061 6.38368e-08
4.43879 6.2577e-08
4.44699 6.19033e-08
4.4552 6.06703e-08
4.46343 5.99827e-08
4.47167 5.8796e-08
4.47993 5.81242e-08
4.4882 5.70292e-08
4.49649 5.64093e-08
4.50479 5.54791e-08
4.51311 5.48306e-08
4.52144 5.3928e-08
4.52979 5.32337e-08
4.53816 5.23645e-08
4.54654 5.16326e-08
4.55493 5.07957e-08
4.56335 5.00209e-08
4.57177 4.92385e-08
4.58021 4.84022e-08
4.58867 4.76843e-08
4.59715 4.67815e-08
4.60564 4.6164e-08
4.61414 4.51643e-08
4.62266 4.47374e-08
4.6312 4.38077e-08
4.63975 4.34814e-08
4.64832 4.25528e-08
4.6569 4.22214e-08
4.6655 4.12969e-08
4.67411 4.09542e-08
4.68275 4.00368e-08
4.69139 3.96862e-08
4.70006 3.8776e-08
4.70874 3.84148e-08
4.71743 3.75225e-08
4.72614 3.71607e-08
4.73487 3.62872e-08
4.74361 3.59293e-08
4.75237 3.51135e-08
4.76115 3.47966e-08
4.76994 3.41146e-08
4.77875 3.37826e-08
4.78757 3.31106e-08
4.79641 3.27647e-08
4.80527 3.21038e-08
4.81414 3.17451e-08
4.82303 3.10911e-08
4.83194 3.0717e-08
4.84086 3.00844e-08
4.8498 2.96964e-08
4.85876 2.90787e-08
4.86773 2.86806e-08
4.87672 2.80937e-08
4.88572 2.76898e-08
4.89475 2.71585e-08
4.90378 2.68033e-08
4.91284 2.63627e-08
4.92191 2.59797e-08
4.931 2.55623e-08
4.94011 2.51524e-08
4.94923 2.47578e-08
4.95837 2.43114e-08
4.96752 2.3953e-08
4.9767 2.34522e-08
4.98589 2.31479e-08
4.99509 2.25389e-08
5.00432 2.2348e-08
5.01356 2.17489e-08
5.02282 2.15629e-08
5.03209 2.0994e-08
5.04138 2.08295e-08
5.05069 2.03695e-08
5.06002 2.01971e-08
5.06936 1.97411e-08
5.07873 1.95629e-08
5.0881 1.91091e-08
5.0975 1.89283e-08
5.10691 1.84771e-08
5.11634 1.82891e-08
5.12579 1.78447e-08
5.13526 1.76521e-08
5.14474 1.72161e-08
5.15424 1.70187e-08
5.16376 1.6593e-08
5.17329 1.63996e-08
5.18285 1.60006e-08
5.19242 1.58309e-08
5.202 1.55096e-08
5.21161 1.5332e-08
5.22123 1.50146e-08
5.23088 1.48278e-08
5.24054 1.45181e-08
5.25021 1.43236e-08
5.25991 1.40183e-08
5.26962 1.38138e-08
5.27935 1.3522e-08
5.2891 1.33072e-08
5.29887 1.30259e-08
5.30865 1.28019e-08
5.31846 1.25398e-08
5.32828 1.23073e-08
5.33812 1.2077e-08
5.34797 1.1875e-08
5.35785 1.16953e-08
5.36774 1.14723e-08
5.37765 1.1312e-08
5.38758 1.10553e-08
5.39753 1.09262e-08
5.4075 1.06344e-08
5.41749 1.05394e-08
5.42749 1.02501e-08
5.43751 1.01538e-08
5.44755 9.86631e-09
5.45761 9.77007e-09
5.46769 9.48801e-09
5.47779 9.39313e-09
5.4879 9.12214e-09
5.49804 9.04172e-09
5.50819 8.83015e-09
5.51836 8.74575e-09
5.52855 8.53667e-09
5.53876 8.44911e-09
5.54899 8.2417e-09
5.55923 8.15079e-09
5.5695 7.94609e-09
5.57979 7.85123e-09
5.59009 7.6499e-09
5.60041 7.55236e-09
5.61075 7.35535e-09
5.62111 7.25564e-09
5.63149 7.06457e-09
5.64189 6.96465e-09
5.65231 6.78536e-09
5.66275 6.7005e-09
5.67321 6.56127e-09
5.68368 6.47145e-09
5.69418 6.33621e-09
5.70469 6.24147e-09
5.71523 6.11018e-09
5.72578 6.00926e-09
5.73635 5.88332e-09
5.74695 5.77637e-09
5.75756 5.65625e-09
5.76819 5.54084e-09
5.77884 5.43096e-09
5.78951 5.30697e-09
5.8002 5.20872e-09
5.81092 5.07278e-09
5.82165 4.99798e-09
5.8324 4.86636e-09
5.84317 4.82668e-09
5.85396 4.69697e-09
5.86477 4.65606e-09
5.8756 4.52694e-09
5.88645 4.48417e-09
5.89732 4.35597e-09
5.90821 4.31215e-09
5.91912 4.18516e-09
5.93005 4.14013e-09
5.941 4.01451e-09
5.95197 3.96876e-09
5.96296 3.84582e-09
5.97397 3.80116e-09
5.985 3.68311e-09
5.99605 3.64512e-09
6.00713 3.55457e-09
6.01822 3.51505e-09
6.02933 3.42733e-09
6.04047 3.38679e-09
6.05162 3.29926e-09
6.06279 3.25642e-09
6.07399 3.17094e-09
6.08521 3.12618e-09
6.09644 3.04267e-09
6.1077 2.99616e-09
6.11898 2.91438e-09
6.13028 2.86624e-09
6.1416 2.78829e-09
6.15294 2.73924e-09
6.1643 2.66723e-09
6.17569 2.62571e-09
6.18709 2.57009e-09
6.19851 2.52707e-09
6.20996 2.47539e-09
6.22143 2.42898e-09
6.23292 2.37958e-09
6.24443 2.3292e-09
6.25596 2.28368e-09
6.26751 2.22785e-09
6.27908 2.18757e-09
6.29068 2.12401e-09
6.30229 2.09233e-09
6.31393 2.01829e-09
6.32559 1.99828e-09
6.33727 1.92664e-09
6.34897 1.90972e-09
6.3607 1.85481e-09
6.37244 1.8379e-09
6.38421 1.78547e-09
6.396 1.76749e-09
6.40781 1.71567e-09
6.41964 1.69717e-09
6.4315 1.64564e-09
6.44338 1.62647e-09
6.45527 1.57518e-09
6.46719 1.5554e-09
6.47914 1.50517e-09
6.4911 1.48491e-09
6.50309 1.43602e-09
6.5151 1.41614e-09
6.52713 1.36945e-09
6.53918 1.35266e-09
6.55126 1.31676e-09
6.56335 1.3e-09
6.57547 1.26636e-09
6.58761 1.24844e-09
6.59978 1.2154e-09
6.61197 1.19676e-09
6.62418 1.1644e-09
6.63641 1.1447e-09
6.64866 1.1133e-09
6.66094 1.09229e-09
6.67324 1.06244e-09
6.68556 1.04053e-09
6.69791 1.01217e-09
6.71028 9.89445e-10
6.72267 9.64384e-10
6.73508 9.44963e-10
6.74752 9.25974e-10
6.75998 9.05995e-10
6.77246 8.89315e-10
6.78497 8.66771e-10
6.7975 8.52335e-10
6.81005 8.23327e-10
6.82263 8.1525e-10
6.83522 7.86394e-10
6.84785 7.78184e-10
6.86049 7.49582e-10
6.87316 7.41166e-10
6.88585 7.13121e-10
6.89857 7.04822e-10
6.91131 6.77722e-10
6.92407 6.70844e-10
6.93686 6.49959e-10
6.94967 6.43173e-10
6.9625 6.23871e-10
6.97536 6.16736e-10
6.98824 5.97611e-10
7.00114 5.9012e-10
7.01407 5.71251e-10
7.02702 5.63529e-10
7.04 5.44858e-10
7.053 5.36801e-10
7.06602 5.18491e-10
7.07907 5.102e-10
7.09214 4.92358e-10
7.10524 4.84074e-10
7.11836 4.6732e-10
7.1315 4.6032e-10
7.14467 4.47474e-10
7.15787 4.40615e-10
7.17108 4.29105e-10
7.18433 4.21735e-10
7.19759 4.10505e-10
7.21088 4.02783e-10
7.2242 3.91926e-10
7.23754 3.83581e-10
7.2509 3.73217e-10
7.26429 3.64248e-10
7.27771 3.54539e-10
7.29115 3.45003e-10
7.30461 3.36227e-10
7.3181 3.25785e-10
7.33161 3.18761e-10
7.34515 3.09334e-10
7.35872 3.04793e-10
7.3723 2.9464e-10
7.38592 2.91853e-10
7.39956 2.81712e-10
7.41322 2.78831e-10
7.42691 2.68723e-10
7.44062 2.65742e-10
7.45436 2.55704e-10
7.46813 2.52638e-10
7.48192 2.42696e-10
7.49574 2.39534e-10
7.50958 2.29824e-10
7.52345 2.26697e-10
7.53734 2.17342e-10
7.55126 2.14703e-10
7.5652 2.07494e-10
7.57917 2.05017e-10
7.59317 1.98602e-10
7.60719 1.95982e-10
7.62124 1.89652e-10
7.63531 1.86875e-10
7.64941 1.80627e-10
7.66353 1.77734e-10
7.67769 1.71611e-10
7.69186 1.68576e-10
7.70607 1.62589e-10
7.7203 1.59399e-10
7.73455 1.53653e-10
7.74884 1.50409e-10
7.76315 1.45094e-10
7.77748 1.42376e-10
7.79184 1.38286e-10
7.80623 1.35686e-10
7.82065 1.32188e-10
7.83509 1.29392e-10
7.84956 1.26057e-10
7.86405 1.22999e-10
7.87857 1.19882e-10
7.89312 1.16531e-10
7.9077 1.13682e-10
7.9223 1.09908e-10
7.93693 1.07492e-10
7.95158 1.02869e-10
7.96627 1.01418e-10
7.98098 9.65977e-11
7.99572 9.56437e-11
8.01048 9.19009e-11
8.02527 9.10135e-11
8.04009 8.77979e-11
8.05494 8.68612e-11
8.06981 8.36657e-11
8.08472 8.26886e-11
8.09965 7.95124e-11
8.1146 7.84928e-11
8.12959 7.53368e-11
8.1446 7.42664e-11
8.15964 7.11706e-11
8.17471 7.00795e-11
8.1898 6.70233e-11
8.20492 6.59354e-11
8.22008 6.30231e-11
8.23526 6.21055e-11
8.25046 5.98536e-11
8.2657 5.90108e-11
8.28096 5.71079e-11
8.29625 5.62182e-11
8.31157 5.4347e-11
8.32692 5.34057e-11
8.3423 5.15704e-11
8.3577 5.05683e-11
8.37314 4.87787e-11
8.3886 4.77151e-11
8.40409 4.59837e-11
8.41961 4.48743e-11
8.43516 4.32307e-11
8.45073 4.20691e-11
8.46634 4.05834e-11
8.48197 3.95798e-11
8.49763 3.84803e-11
8.51333 3.75448e-11
8.52905 3.66683e-11
8.5448 3.56231e-11
8.56057 3.4842e-11
8.57638 3.36334e-11
8.59222 3.30065e-11
8.60809 3.15238e-11
8.62398 3.11602e-11
8.63991 2.96913e-11
8.65586 2.93182e-11
8.67185 2.78677e-11
8.68786 2.7499e-11
8.7039 2.60889e-11
8.71997 2.57859e-11
8.73608 2.46773e-11
8.75221 2.44077e-11
8.76837 2.35028e-11
8.78456 2.32153e-11
8.80078 2.23199e-11
8.81704 2.20182e-11
8.83332 2.11279e-11
8.84963 2.08091e-11
8.86597 1.99278e-11
8.88234 1.9594e-11
8.89874 1.8729e-11
8.91518 1.83816e-11
8.93164 1.75395e-11
8.94813 1.71871e-11
8.96466 1.63874e-11
8.98121 1.60918e-11
8.9978 1.54688e-11
9.01441 1.52131e-11
9.03106 1.47124e-11
9.04773 1.44387e-11
9.06444 1.39517e-11
9.08118 1.36574e-11
9.09795 1.31842e-11
9.11475 1.28647e-11
9.13158 1.2415e-11
9.14844 1.20697e-11
9.16534 1.16423e-11
9.18226 1.12699e-11
9.19922 1.08781e-11
9.2162 1.04725e-11
9.23322 1.01483e-11
9.25027 9.78048e-12
9.26736 9.56124e-12
9.28447 9.20876e-12
9.30161 9.08136e-12
9.31879 8.68983e-12
9.336 8.59704e-12
9.35324 8.20631e-12
9.37051 8.10901e-12
9.38781 7.72054e-12
9.40515 7.61914e-12
9.42252 7.23228e-12
9.43992 7.12711e-12
9.45735 6.74789e-12
9.47481 6.64266e-12
9.49231 6.27538e-12
9.50984 6.18694e-12
9.5274 5.89501e-12
9.54499 5.82045e-12
9.56262 5.59664e-12
9.58027 5.51702e-12
9.59797 5.29527e-12
9.61569 5.21211e-12
9.63345 4.99209e-12
9.65123 4.9037e-12
9.66906 4.68731e-12
9.68691 4.59227e-12
9.7048 4.38109e-12
9.72272 4.28279e-12
9.74067 4.07802e-12
9.75866 3.9755e-12
9.77668 3.78369e-12
9.79474 3.69524e-12
9.81282 3.54641e-12
9.83094 3.47334e-12
9.8491 3.36141e-12
9.86728 3.28197e-12
9.88551 3.17521e-12
9.90376 3.08851e-12
9.92205 2.98725e-12
9.94037 2.89087e-12
9.95873 2.79789e-12
9.97712 2.69011e-12
9.99554 2.60833e-12
10.014 2.48499e-12
10.0325 2.42054e-12
10.051 2.26692e-12
10.0696 2.24143e-12
10.0882 2.11698e-12
10.1068 2.09607e-12
10.1255 2.00601e-12
10.1442 1.98393e-12
10.1629 1.89395e-12
10.1817 1.87063e-12
10.2005 1.78077e-12
10.2193 1.75638e-12
10.2382 1.66706e-12
10.2571 1.6416e-12
10.276 1.5531e-12
10.295 1.5264e-12
10.314 1.43946e-12
10.333 1.41262e-12
10.3521 1.32866e-12
10.3712 1.30539e-12
10.3904 1.2378e-12
10.4096 1.21964e-12
10.4288 1.1713e-12
10.4481 1.15175e-12
10.4674 1.10414e-12
10.4867 1.08335e-12
10.5061 1.0363e-12
10.5255 1.01392e-12
10.5449 9.68073e-13
10.5644 9.44e-13
10.5839 8.99539e-13
10.6034 8.74037e-13
10.623 8.31603e-13
10.6426 8.0443e-13
10.6623 7.65564e-13
10.682 7.41344e-13
10.7017 7.11535e-13
10.7214 6.92619e-13
10.7412 6.72245e-13
10.7611 6.50986e-13
10.7809 6.32456e-13
10.8008 6.08237e-13
10.8208 5.92389e-13
10.8408 5.63153e-13
10.8608 5.51981e-13
10.8809 5.185e-13
10.9009 5.11493e-13
10.9211 4.78296e-13
10.9412 4.7131e-13
10.9614 4.38854e-13
10.9817 4.32832e-13
11.002 4.06067e-13
11.0223 4.01615e-13
11.0426 3.83495e-13
11.063 3.78646e-13
11.0835 3.60662e-13
11.1039 3.55571e-13
11.1244 3.37638e-13
11.145 3.32285e-13
11.1655 3.14478e-13
11.1862 3.08756e-13
11.2068 2.91202e-13
11.2275 2.85143e-13
11.2483 2.67921e-13
11.269 2.61734e-13
11.2898 2.45231e-13
11.3107 2.39776e-13
11.3316 2.26252e-13
11.3525 2.22257e-13
11.3735 2.1335e-13
11.3945 2.09048e-13
11.4155 2.00308e-13
11.4366 1.95629e-13
11.4577 1.87126e-13
11.4789 1.82074e-13
11.5001 1.73828e-13
11.5213 1.6834e-13
11.5426 1.6052e-13
11.5639 1.54456e-13
11.5852 1.47232e-13
11.6066 1.40698e-13
11.6281 1.34336e-13
11.6495 1.28105e-13
11.671 1.23665e-13
11.6926 1.1892e-13
11.7142 1.16405e-13
11.7358 1.10243e-13
11.7575 1.0907e-13
11.7792 1.02917e-13
11.801 1.01666e-13
11.8227 9.5538e-14
11.8446 9.42209e-14
11.8664 8.81128e-14
11.8884 8.67394e-14
11.9103 8.06921e-14
11.9323 7.92624e-14
11.9543 7.33822e-14
11.9764 7.21315e-14
11.9985 6.71501e-14
12.0207 6.62911e-14
12.0429 6.31967e-14
12.0651 6.22845e-14
12.0874 5.92068e-14
12.1097 5.82163e-14
12.1321 5.5165e-14
12.1545 5.41098e-14
12.1769 5.11048e-14
12.1994 4.99756e-14
12.2219 4.70198e-14
12.2445 4.58227e-14
12.2671 4.29304e-14
12.2898 4.16707e-14
12.3125 3.89316e-14
12.3352 3.77879e-14
12.358 3.55178e-14
12.3808 3.4756e-14
12.4037 3.33771e-14
12.4266 3.25303e-14
12.4495 3.12065e-14
12.4725 3.02762e-14
12.4955 2.90234e-14
12.5186 2.79816e-14
12.5417 2.68132e-14
12.5649 2.56461e-14
12.5881 2.45923e-14
12.6113 2.3259e-14
12.6346 2.23764e-14
12.658 2.07911e-14
12.6813 2.02191e-14
12.7048 1.85767e-14
12.7282 1.84027e-14
12.7517 1.74456e-14
12.7753 1.72591e-14
12.7989 1.63015e-14
12.8225 1.61024e-14
12.8462 1.51472e-14
12.8699 1.49338e-14
12.8937 1.39825e-14
12.9175 1.37576e-14
12.9413 1.2811e-14
12.9652 1.2569e-14
12.9892 1.16343e-14
13.0131 1.13882e-14
13.0372 1.04753e-14
13.0612 1.02476e-14
13.0854 9.45903e-15
13.1095 9.31619e-15
13.1337 8.86877e-15
13.158 8.71524e-15
13.1823 8.27317e-15
13.2066 8.10715e-15
13.231 7.67185e-15
13.2555 7.49236e-15
13.2799 7.06358e-15
13.3045 6.86897e-15
13.329 6.45278e-15
13.3536 6.24172e-15
13.3783 5.84019e-15
13.403 5.61636e-15
13.4277 5.23936e-15
13.4525 5.02169e-15
13.4774 4.71433e-15
13.5023 4.58167e-15
13.5272 4.41213e-15
13.5522 4.26389e-15
13.5772 4.10754e-15
13.6023 3.93686e-15
13.6274 3.7991e-15
13.6526 3.597e-15
13.6778 3.48775e-15
13.703 3.21909e-15
13.7283 3.17437e-15
13.7537 2.90703e-15
13.7791 2.86111e-15
13.8045 2.59747e-15
13.83 2.55491e-15
13.8556 2.31786e-15
13.8811 2.29346e-15
13.9068 2.16883e-15
13.9325 2.14263e-15
13.9582 2.01807e-15
13.984 1.98932e-15
14.0098 1.8659e-15
14.0357 1.83511e-15
14.0616 1.71193e-15
14.0875 1.67885e-15
14.1136 1.55717e-15
14.1396 1.52146e-15
14.1657 1.40177e-15
14.1919 1.36507e-15
14.2181 1.24762e-15
14.2443 1.2126e-15
14.2706 1.1084e-15
14.297 1.08826e-15
14.3234 1.03517e-15
14.3499 1.01328e-15
14.3763 9.60921e-16
14.4029 9.36931e-16
14.4295 8.86105e-16
14.4561 8.59731e-16
14.4828 8.10359e-16
14.5096 7.81731e-16
14.5364 7.34012e-16
14.5632 7.02565e-16
14.5901 6.5771e-16
14.617 6.22799e-16
14.644 5.82104e-16
14.6711 5.4582e-16
14.6982 5.14599e-16
14.7253 4.93696e-16
14.7525 4.79417e-16
14.7797 4.54002e-16
14.807 4.43735e-16
14.8344 4.12565e-16
14.8618 4.07687e-16
14.8892 3.76542e-16
14.9167 3.71274e-16
14.9443 3.40185e-16
14.9719 3.34585e-16
14.9995 3.03672e-16
15.0272 2.97654e-16
15.055 2.67296e-16
15.0828 2.61532e-16
15.1106 2.332e-16
15.1385 2.30274e-16
15.1665 2.16808e-16
15.1945 2.13581e-16
15.2225 2.00213e-16
15.2506 1.96778e-16
15.2788 1.83463e-16
15.307 1.79731e-16
15.3353 1.66558e-16
15.3636 1.62483e-16
15.392 1.49468e-16
15.4204 1.45106e-16
15.4489 1.32341e-16
15.4774 1.276e-16
15.506 1.15292e-16
15.5346 1.10625e-16
15.5633 9.95877e-17
15.592 9.77348e-17
15.6208 9.37564e-17
15.6497 9.17096e-17
15.6786 8.7855e-17
15.7075 8.55455e-17
15.7365 8.18315e-17
15.7656 7.9232e-17
15.7947 7.56671e-17
15.8239 7.25827e-17
15.8531 6.91853e-17
15.8824 6.54079e-17
15.9117 6.18088e-17
15.9411 5.60613e-17
15.9705 4.84971e-17
16 0
