# 1:pT 2:PhotonSpectrum=dN/d^2xT d^2pT dy
0.01 0.0277805
0.0100185 0.0277623
0.010037 0.0276916
0.0100555 0.0276716
0.0100741 0.0276
0.0100927 0.0275776
0.0101113 0.0275063
0.01013 0.0274813
0.0101487 0.0274093
0.0101674 0.0273819
0.0101862 0.0273084
0.010205 0.027278
0.0102239 0.0272032
0.0102427 0.0271693
0.0102617 0.0270922
0.0102806 0.0270528
0.0102996 0.0269712
0.0103186 0.0269211
0.0103377 0.0268212
0.0103567 0.0267684
0.0103759 0.0266692
0.010395 0.0266138
0.0104142 0.0265155
0.0104335 0.0264569
0.0104527 0.0263607
0.010472 0.0262993
0.0104914 0.0262047
0.0105107 0.0261412
0.0105301 0.0260494
0.0105496 0.0259818
0.0105691 0.0258925
0.0105886 0.0258233
0.0106081 0.0257392
0.0106277 0.0256694
0.0106474 0.0255923
0.010667 0.0255178
0.0106867 0.0254443
0.0107065 0.0253656
0.0107262 0.0252962
0.010746 0.0252093
0.0107659 0.025146
0.0107858 0.0250497
0.0108057 0.0249954
0.0108256 0.0248829
0.0108456 0.0248439
0.0108656 0.024733
0.0108857 0.0246933
0.0109058 0.0245832
0.0109259 0.0245455
0.0109461 0.0244453
0.0109663 0.0244056
0.0109866 0.0243066
0.0110069 0.0242648
0.0110272 0.0241667
0.0110476 0.024123
0.011068 0.0240254
0.0110884 0.0239804
0.0111089 0.0238828
0.0111294 0.0238359
0.0111499 0.0237398
0.0111705 0.0236911
0.0111912 0.0235973
0.0112118 0.0235469
0.0112325 0.0234567
0.0112533 0.0234074
0.0112741 0.0233233
0.0112949 0.023272
0.0113157 0.0231894
0.0113366 0.0231351
0.0113576 0.0230547
0.0113785 0.0229981
0.0113995 0.0229193
0.0114206 0.0228597
0.0114417 0.0227822
0.0114628 0.0227191
0.011484 0.0226458
0.0115052 0.022579
0.0115264 0.0225084
0.0115477 0.0224381
0.011569 0.0223735
0.0115904 0.0223025
0.0116118 0.0222447
0.0116332 0.0221674
0.0116547 0.022116
0.0116762 0.0220244
0.0116978 0.0219863
0.0117194 0.0218891
0.0117411 0.0218548
0.0117627 0.021758
0.0117845 0.0217227
0.0118062 0.0216262
0.011828 0.0215894
0.0118499 0.0214948
0.0118717 0.0214574
0.0118937 0.0213645
0.0119156 0.0213282
0.0119376 0.0212428
0.0119597 0.0212051
0.0119818 0.0211223
0.0120039 0.0210827
0.0120261 0.0209995
0.0120483 0.0209587
0.0120705 0.0208765
0.0120928 0.0208336
0.0121151 0.0207527
0.0121375 0.0207077
0.0121599 0.0206279
0.0121824 0.0205812
0.0122049 0.0205032
0.0122274 0.0204553
0.01225 0.0203806
0.0122726 0.0203325
0.0122953 0.0202637
0.012318 0.0202136
0.0123407 0.0201473
0.0123635 0.0200948
0.0123863 0.02003
0.0124092 0.0199745
0.0124321 0.0199116
0.0124551 0.0198521
0.0124781 0.0197931
0.0125011 0.0197296
0.0125242 0.0196731
0.0125473 0.019604
0.0125705 0.0195533
0.0125937 0.0194777
0.012617 0.0194363
0.0126403 0.0193527
0.0126636 0.0193245
0.012687 0.0192431
0.0127104 0.0192132
0.0127339 0.0191323
0.0127574 0.0191009
0.012781 0.0190202
0.0128046 0.0189882
0.0128282 0.0189078
0.0128519 0.0188746
0.0128756 0.0187949
0.0128994 0.0187602
0.0129232 0.0186823
0.0129471 0.0186475
0.012971 0.0185708
0.012995 0.0185358
0.0130189 0.0184642
0.013043 0.0184281
0.0130671 0.0183588
0.0130912 0.0183213
0.0131154 0.0182524
0.0131396 0.0182124
0.0131639 0.0181451
0.0131882 0.0181032
0.0132125 0.0180366
0.0132369 0.0179939
0.0132614 0.0179278
0.0132859 0.0178831
0.0133104 0.0178194
0.013335 0.0177726
0.0133596 0.0177114
0.0133843 0.0176644
0.013409 0.0176093
0.0134337 0.0175606
0.0134585 0.0175076
0.0134834 0.0174557
0.0135083 0.0174054
0.0135332 0.0173491
0.0135582 0.0173024
0.0135833 0.0172403
0.0136083 0.0171983
0.0136335 0.0171269
0.0136587 0.017094
0.0136839 0.0170168
0.0137091 0.0169898
0.0137345 0.0169135
0.0137598 0.0168875
0.0137852 0.0168161
0.0138107 0.0167896
0.0138362 0.0167203
0.0138617 0.0166924
0.0138873 0.0166231
0.013913 0.0165939
0.0139387 0.0165255
0.0139644 0.0164951
0.0139902 0.0164273
0.014016 0.0163952
0.0140419 0.0163283
0.0140678 0.0162957
0.0140938 0.016229
0.0141198 0.0161955
0.0141459 0.016131
0.014172 0.0160977
0.0141982 0.0160379
0.0142244 0.0160033
0.0142507 0.0159454
0.014277 0.0159095
0.0143034 0.0158532
0.0143298 0.0158151
0.0143563 0.0157595
0.0143828 0.0157193
0.0144093 0.0156657
0.0144359 0.0156228
0.0144626 0.0155706
0.0144893 0.015526
0.0145161 0.0154763
0.0145429 0.0154294
0.0145697 0.0153828
0.0145966 0.0153353
0.0146236 0.0152934
0.0146506 0.0152433
0.0146776 0.0152054
0.0147047 0.01515
0.0147319 0.0151166
0.0147591 0.0150502
0.0147863 0.0150275
0.0148136 0.0149611
0.014841 0.0149373
0.0148684 0.0148716
0.0148959 0.0148468
0.0149234 0.014782
0.0149509 0.0147566
0.0149785 0.0146928
0.0150062 0.0146675
0.0150339 0.014607
0.0150617 0.0145817
0.0150895 0.0145234
0.0151173 0.0144969
0.0151453 0.0144389
0.0151732 0.0144111
0.0152012 0.0143538
0.0152293 0.0143243
0.0152574 0.0142674
0.0152856 0.0142371
0.0153138 0.0141813
0.0153421 0.0141495
0.0153705 0.0140951
0.0153988 0.0140624
0.0154273 0.0140095
0.0154558 0.0139771
0.0154843 0.0139275
0.0155129 0.0138944
0.0155415 0.0138473
0.0155702 0.0138125
0.015599 0.0137667
0.0156278 0.0137296
0.0156567 0.013685
0.0156856 0.0136455
0.0157145 0.0136028
0.0157435 0.0135611
0.0157726 0.0135206
0.0158017 0.0134751
0.0158309 0.013438
0.0158602 0.013389
0.0158894 0.0133566
0.0159188 0.0133033
0.0159482 0.0132786
0.0159776 0.0132222
0.0160071 0.0132023
0.0160367 0.0131458
0.0160663 0.0131254
0.016096 0.0130691
0.0161257 0.0130478
0.0161555 0.0129921
0.0161853 0.0129695
0.0162152 0.0129142
0.0162451 0.0128908
0.0162751 0.0128359
0.0163052 0.0128119
0.0163353 0.0127582
0.0163655 0.0127344
0.0163957 0.0126839
0.016426 0.01266
0.0164563 0.0126115
0.0164867 0.0125861
0.0165171 0.0125381
0.0165476 0.0125117
0.0165782 0.0124645
0.0166088 0.012437
0.0166395 0.0123899
0.0166702 0.0123613
0.016701 0.0123157
0.0167318 0.0122853
0.0167627 0.0122411
0.0167937 0.0122094
0.0168247 0.012167
0.0168558 0.0121351
0.0168869 0.0120951
0.0169181 0.0120627
0.0169493 0.0120252
0.0169806 0.0119902
0.017012 0.0119545
0.0170434 0.0119171
0.0170748 0.011883
0.0171064 0.0118425
0.017138 0.0118114
0.0171696 0.0117662
0.0172013 0.0117391
0.0172331 0.0116849
0.0172649 0.0116669
0.0172968 0.0116134
0.0173287 0.0115956
0.0173607 0.0115451
0.0173928 0.0115271
0.0174249 0.0114793
0.0174571 0.0114606
0.0174893 0.0114131
0.0175216 0.0113932
0.017554 0.0113462
0.0175864 0.0113257
0.0176189 0.0112788
0.0176514 0.0112578
0.017684 0.0112112
0.0177166 0.0111891
0.0177494 0.0111435
0.0177821 0.0111205
0.017815 0.0110761
0.0178479 0.0110532
0.0178808 0.0110112
0.0179138 0.0109885
0.0179469 0.0109486
0.0179801 0.0109245
0.0180133 0.0108851
0.0180465 0.0108601
0.0180799 0.0108212
0.0181132 0.0107946
0.0181467 0.0107567
0.0181802 0.0107287
0.0182138 0.0106917
0.0182474 0.0106622
0.0182811 0.0106265
0.0183149 0.0105957
0.0183487 0.0105622
0.0183826 0.01053
0.0184165 0.0104995
0.0184505 0.0104663
0.0184846 0.0104387
0.0185187 0.0104025
0.0185529 0.0103773
0.0185872 0.0103365
0.0186215 0.0103154
0.0186559 0.0102694
0.0186903 0.0102532
0.0187248 0.0102074
0.0187594 0.0101905
0.0187941 0.0101449
0.0188288 0.0101277
0.0188635 0.0100831
0.0188984 0.0100657
0.0189333 0.010023
0.0189682 0.010006
0.0190033 0.00996538
0.0190384 0.00994733
0.0190735 0.009907
0.0191087 0.00988826
0.019144 0.00984822
0.0191794 0.00982877
0.0192148 0.00978906
0.0192503 0.00976857
0.0192858 0.00972954
0.0193214 0.00970859
0.0193571 0.00967
0.0193929 0.0096481
0.0194287 0.00961094
0.0194645 0.00958869
0.0195005 0.00955347
0.0195365 0.00953115
0.0195726 0.00949856
0.0196087 0.00947478
0.0196449 0.00944307
0.0196812 0.00941817
0.0197175 0.00938713
0.019754 0.00936062
0.0197904 0.00933074
0.019827 0.0093028
0.0198636 0.00927398
0.0199003 0.00924444
0.019937 0.00921753
0.0199738 0.00918566
0.0200107 0.00916147
0.0200477 0.0091277
0.0200847 0.00910709
0.0201218 0.00906776
0.0201589 0.00905467
0.0201962 0.0090154
0.0202335 0.00900177
0.0202708 0.00896269
0.0203082 0.00894812
0.0203457 0.00890946
0.0203833 0.00889438
0.020421 0.00885595
0.0204587 0.0088404
0.0204964 0.00880211
0.0205343 0.00878573
0.0205722 0.00874833
0.0206102 0.00873207
0.0206483 0.00869605
0.0206864 0.00867975
0.0207246 0.00864607
0.0207629 0.00862904
0.0208012 0.00859548
0.0208396 0.00857793
0.0208781 0.00854448
0.0209166 0.0085262
0.0209553 0.0084932
0.020994 0.00847354
0.0210327 0.00844165
0.0210716 0.00842133
0.0211105 0.00838989
0.0211495 0.00836883
0.0211885 0.00833872
0.0212277 0.00831699
0.0212669 0.00828878
0.0213061 0.00826724
0.0213455 0.00824112
0.0213849 0.00821813
0.0214244 0.00819287
0.0214639 0.00816834
0.0215036 0.00814404
0.0215433 0.00811777
0.0215831 0.00809508
0.0216229 0.0080666
0.0216628 0.00804595
0.0217028 0.0080135
0.0217429 0.00799655
0.0217831 0.00795961
0.0218233 0.00794746
0.0218636 0.00791196
0.021904 0.00789989
0.0219444 0.00786643
0.0219849 0.00785404
0.0220255 0.00782078
0.0220662 0.0078073
0.022107 0.00777454
0.0221478 0.00776065
0.0221887 0.00772791
0.0222297 0.00771343
0.0222707 0.00768091
0.0223118 0.00766565
0.022353 0.00763356
0.0223943 0.00761821
0.0224357 0.00758651
0.0224771 0.00757103
0.0225186 0.00754076
0.0225602 0.00752524
0.0226018 0.00749702
0.0226436 0.0074809
0.0226854 0.00745323
0.0227273 0.00743598
0.0227692 0.0074088
0.0228113 0.00739083
0.0228534 0.0073642
0.0228956 0.00734532
0.0229379 0.00731947
0.0229803 0.00729968
0.0230227 0.00727439
0.0230652 0.00725383
0.0231078 0.00722984
0.0231505 0.00720878
0.0231932 0.00718661
0.023236 0.00716532
0.023279 0.00714544
0.0233219 0.00712219
0.023365 0.00710368
0.0234082 0.00707808
0.0234514 0.00706141
0.0234947 0.00703062
0.0235381 0.00701903
0.0235815 0.0069874
0.0236251 0.00697618
0.0236687 0.00694461
0.0237124 0.00693303
0.0237562 0.00690215
0.0238001 0.00689038
0.023844 0.00686037
0.0238881 0.00684894
0.0239322 0.00682076
0.0239764 0.00680867
0.0240206 0.00678072
0.024065 0.00676812
0.0241094 0.00674058
0.0241539 0.00672732
0.0241985 0.00669987
0.0242432 0.00668623
0.024288 0.00665916
0.0243329 0.00664498
0.0243778 0.00661842
0.0244228 0.00660372
0.0244679 0.00657767
0.0245131 0.00656263
0.0245583 0.00653789
0.0246037 0.00652317
0.0246491 0.00650039
0.0246946 0.00648496
0.0247402 0.00646266
0.0247859 0.00644624
0.0248317 0.00642422
0.0248776 0.00640692
0.0249235 0.00638576
0.0249695 0.00636721
0.0250156 0.00634676
0.0250618 0.00632719
0.0251081 0.00630751
0.0251545 0.00628677
0.0252009 0.00626867
0.0252475 0.00624648
0.0252941 0.00623048
0.0253408 0.00620725
0.0253876 0.00619413
0.0254345 0.00616687
0.0254814 0.00615735
0.0255285 0.0061303
0.0255756 0.00612034
0.0256229 0.00609315
0.0256702 0.00608297
0.0257176 0.00605607
0.0257651 0.00604553
0.0258126 0.00601882
0.0258603 0.00600784
0.0259081 0.00598174
0.0259559 0.00597062
0.0260038 0.00594529
0.0260518 0.00593462
0.0261 0.00591134
0.0261482 0.0059
0.0261964 0.00587686
0.0262448 0.00586502
0.0262933 0.00584223
0.0263418 0.00582975
0.0263905 0.00580727
0.0264392 0.0057942
0.026488 0.0057721
0.0265369 0.00575843
0.0265859 0.00573669
0.026635 0.00572237
0.0266842 0.00570133
0.0267335 0.00568678
0.0267829 0.00566671
0.0268323 0.00565236
0.0268819 0.00563387
0.0269315 0.00561871
0.0269812 0.00560094
0.0270311 0.00558462
0.027081 0.00556739
0.027131 0.00555003
0.0271811 0.00553379
0.0272313 0.0055151
0.0272816 0.00549986
0.0273319 0.0054794
0.0273824 0.0054659
0.027433 0.00544203
0.0274836 0.00543213
0.0275344 0.00540705
0.0275852 0.00539893
0.0276362 0.00537584
0.0276872 0.0053674
0.0277383 0.00534429
0.0277896 0.00533552
0.0278409 0.00531257
0.0278923 0.00530329
0.0279438 0.00528055
0.0279954 0.00527087
0.0280471 0.00524831
0.0280989 0.00523837
0.0281508 0.00521617
0.0282027 0.00520576
0.0282548 0.00518381
0.028307 0.00517329
0.0283593 0.00515205
0.0284116 0.0051418
0.0284641 0.00512236
0.0285167 0.00511155
0.0285693 0.00509226
0.0286221 0.0050809
0.0286749 0.00506191
0.0287279 0.00504999
0.0287809 0.00503148
0.0288341 0.00501879
0.0288873 0.00500061
0.0289407 0.00498727
0.0289941 0.00496961
0.0290477 0.00495573
0.0291013 0.00493865
0.029155 0.00492429
0.0292089 0.00490825
0.0292628 0.00489408
0.0293168 0.00487989
0.029371 0.00486465
0.0294252 0.0048511
0.0294796 0.00483453
0.029534 0.00482206
0.0295885 0.0048037
0.0296432 0.00479299
0.0296979 0.00477109
0.0297527 0.0047637
0.0298077 0.00474205
0.0298627 0.00473433
0.0299179 0.00471298
0.0299731 0.00470514
0.0300285 0.00468422
0.0300839 0.00467657
0.0301395 0.00465726
0.0301951 0.0046494
0.0302509 0.00463022
0.0303068 0.00462185
0.0303627 0.00460293
0.0304188 0.0045943
0.030475 0.00457535
0.0305312 0.00456617
0.0305876 0.00454746
0.0306441 0.00453793
0.0307007 0.00451936
0.0307574 0.0045095
0.0308142 0.00449137
0.0308711 0.00448111
0.0309281 0.00446356
0.0309852 0.00445341
0.0310424 0.00443729
0.0310997 0.00442695
0.0311572 0.00441108
0.0312147 0.00440008
0.0312723 0.00438457
0.0313301 0.00437304
0.0313879 0.00435787
0.0314459 0.00434561
0.031504 0.00433114
0.0315621 0.00431817
0.0316204 0.0043042
0.0316788 0.00429051
0.0317373 0.00427743
0.0317959 0.00426291
0.0318546 0.00425124
0.0319135 0.00423633
0.0319724 0.00422642
0.0320314 0.00420926
0.0320906 0.00420147
0.0321498 0.00418279
0.0322092 0.00417621
0.0322687 0.00415752
0.0323283 0.00415071
0.032388 0.00413217
0.0324478 0.00412507
0.0325077 0.00410667
0.0325677 0.00409928
0.0326279 0.004081
0.0326881 0.00407343
0.0327485 0.00405566
0.0328089 0.00404838
0.0328695 0.00403202
0.0329302 0.00402434
0.032991 0.00400834
0.033052 0.00400049
0.033113 0.00398443
0.0331741 0.00397619
0.0332354 0.00396043
0.0332968 0.00395179
0.0333583 0.00393632
0.0334199 0.00392729
0.0334816 0.00391194
0.0335434 0.00390256
0.0336053 0.00388782
0.0336674 0.00387806
0.0337296 0.00386379
0.0337919 0.00385415
0.0338543 0.00384111
0.0339168 0.00383083
0.0339794 0.00381823
0.0340421 0.00380744
0.034105 0.00379529
0.034168 0.00378379
0.0342311 0.00377213
0.0342943 0.00375975
0.0343576 0.0037488
0.0344211 0.00373551
0.0344846 0.00372532
0.0345483 0.00371062
0.0346121 0.00370205
0.034676 0.00368459
0.0347401 0.00367915
0.0348042 0.00366307
0.0348685 0.00365744
0.0349329 0.00364174
0.0349974 0.00363588
0.035062 0.00362024
0.0351267 0.00361402
0.0351916 0.00359854
0.0352566 0.00359207
0.0353217 0.00357664
0.0353869 0.00357005
0.0354523 0.00355479
0.0355177 0.00354793
0.0355833 0.00353288
0.035649 0.00352582
0.0357149 0.00351116
0.0357808 0.00350408
0.0358469 0.00349028
0.0359131 0.00348305
0.0359794 0.00346966
0.0360458 0.00346203
0.0361124 0.00344881
0.0361791 0.00344076
0.0362459 0.00342768
0.0363128 0.00341922
0.0363799 0.00340642
0.0364471 0.00339752
0.0365144 0.00338503
0.0365818 0.00337581
0.0366493 0.00336385
0.036717 0.00335428
0.0367848 0.00334291
0.0368527 0.00333352
0.0369208 0.0033232
0.036989 0.00331336
0.0370573 0.00330377
0.0371257 0.0032931
0.0371943 0.00328412
0.0372629 0.00327243
0.0373318 0.00326433
0.0374007 0.00325092
0.0374698 0.00324437
0.037539 0.00322943
0.0376083 0.00322423
0.0376777 0.00320938
0.0377473 0.00320414
0.037817 0.00318949
0.0378868 0.00318428
0.0379568 0.00317062
0.0380269 0.0031652
0.0380971 0.00315187
0.0381675 0.00314622
0.0382379 0.0031329
0.0383085 0.00312702
0.0383793 0.00311385
0.0384502 0.00310765
0.0385212 0.00309463
0.0385923 0.00308826
0.0386636 0.00307536
0.038735 0.00306872
0.0388065 0.00305607
0.0388781 0.00304929
0.0389499 0.00303705
0.0390219 0.00303041
0.0390939 0.00301903
0.0391661 0.0030122
0.0392384 0.0030013
0.0393109 0.00299404
0.0393835 0.00298336
0.0394562 0.00297566
0.0395291 0.00296526
0.0396021 0.00295716
0.0396752 0.002947
0.0397485 0.00293846
0.0398219 0.00292865
0.0398954 0.00291966
0.0399691 0.00291036
0.0400429 0.00290079
0.0401168 0.00289226
0.0401909 0.0028825
0.0402651 0.00287509
0.0403395 0.00286451
0.040414 0.00285803
0.0404886 0.00284516
0.0405633 0.00284081
0.0406383 0.002828
0.0407133 0.00282347
0.0407885 0.00281073
0.0408638 0.00280596
0.0409393 0.00279335
0.0410149 0.00278845
0.0410906 0.00277597
0.0411665 0.00277086
0.0412425 0.00275867
0.0413186 0.0027537
0.0413949 0.0027422
0.0414714 0.0027372
0.041548 0.00272603
0.0416247 0.00272073
0.0417016 0.00270976
0.0417786 0.00270412
0.0418557 0.00269327
0.041933 0.00268747
0.0420104 0.00267668
0.042088 0.00267064
0.0421657 0.00266006
0.0422436 0.00265371
0.0423216 0.00264334
0.0423998 0.00263688
0.042478 0.00262685
0.0425565 0.00262036
0.0426351 0.0026111
0.0427138 0.00260444
0.0427927 0.00259566
0.0428717 0.00258857
0.0429509 0.00258001
0.0430302 0.00257256
0.0431096 0.00256439
0.0431892 0.00255629
0.043269 0.00254853
0.0433489 0.00253994
0.0434289 0.00253262
0.0435091 0.00252331
0.0435895 0.00251673
0.04367 0.0025063
0.0437506 0.00250109
0.0438314 0.00248979
0.0439124 0.00248599
0.0439934 0.00247519
0.0440747 0.00247124
0.0441561 0.00246035
0.0442376 0.00245622
0.0443193 0.0024455
0.0444011 0.00244111
0.0444831 0.00243046
0.0445653 0.00242597
0.0446476 0.00241534
0.04473 0.00241071
0.0448126 0.00240019
0.0448954 0.00239542
0.0449783 0.00238518
0.0450613 0.00238047
0.0451445 0.00237085
0.0452279 0.00236613
0.0453114 0.00235691
0.0453951 0.00235187
0.0454789 0.00234276
0.0455629 0.00233747
0.045647 0.00232857
0.0457313 0.00232299
0.0458158 0.0023142
0.0459004 0.00230843
0.0459851 0.00229983
0.0460701 0.00229378
0.0461551 0.00228545
0.0462404 0.0022791
0.0463257 0.0022712
0.0464113 0.00226483
0.046497 0.0022575
0.0465829 0.00225092
0.0466689 0.00224407
0.0467551 0.00223706
0.0468414 0.0022306
0.0469279 0.00222293
0.0470145 0.00221698
0.0471014 0.00220855
0.0471883 0.00220324
0.0472755 0.0021929
0.0473628 0.00218948
0.0474502 0.00217921
0.0475379 0.00217573
0.0476256 0.00216563
0.0477136 0.0021621
0.0478017 0.00215265
0.04789 0.00214911
0.0479784 0.0021401
0.048067 0.00213643
0.0481558 0.0021274
0.0482447 0.00212349
0.0483338 0.00211458
0.048423 0.00211056
0.0485124 0.00210164
0.048602 0.0020974
0.0486918 0.00208863
0.0487817 0.00208426
0.0488718 0.00207556
0.048962 0.00207107
0.0490524 0.00206253
0.049143 0.00205809
0.0492338 0.00205006
0.0493247 0.00204551
0.0494158 0.00203796
0.049507 0.00203315
0.0495984 0.00202571
0.04969 0.00202064
0.0497818 0.00201341
0.0498737 0.00200801
0.0499658 0.00200096
0.0500581 0.00199534
0.0501505 0.00198854
0.0502431 0.00198258
0.0503359 0.001976
0.0504288 0.00196972
0.050522 0.00196355
0.0506153 0.0019571
0.0507087 0.00195156
0.0508024 0.00194481
0.0508962 0.00193988
0.0509902 0.00193226
0.0510843 0.00192805
0.0511786 0.00191919
0.0512732 0.0019161
0.0513678 0.00190732
0.0514627 0.00190409
0.0515577 0.00189533
0.0516529 0.00189204
0.0517483 0.00188339
0.0518439 0.00188
0.0519396 0.00187149
0.0520355 0.0018681
0.0521316 0.00186007
0.0522279 0.00185671
0.0523243 0.00184909
0.0524209 0.00184551
0.0525177 0.00183798
0.0526147 0.00183431
0.0527119 0.00182677
0.0528092 0.00182297
0.0529067 0.00181554
0.0530044 0.00181151
0.0531023 0.00180419
0.0532004 0.00180005
0.0532986 0.0017929
0.053397 0.00178857
0.0534956 0.00178162
0.0535944 0.00177723
0.0536934 0.00177074
0.0537925 0.00176631
0.0538919 0.00176024
0.0539914 0.00175557
0.0540911 0.00174956
0.054191 0.00174461
0.054291 0.00173883
0.0543913 0.00173361
0.0544917 0.00172803
0.0545924 0.00172241
0.0546932 0.00171715
0.0547942 0.00171107
0.0548954 0.00170622
0.0549967 0.00169959
0.0550983 0.00169538
0.0552 0.00168781
0.055302 0.001685
0.0554041 0.00167757
0.0555064 0.00167494
0.0556089 0.00166752
0.0557116 0.00166478
0.0558144 0.00165746
0.0559175 0.00165458
0.0560208 0.00164732
0.0561242 0.00164437
0.0562279 0.00163712
0.0563317 0.00163406
0.0564357 0.0016269
0.0565399 0.00162375
0.0566443 0.00161677
0.0567489 0.00161358
0.0568537 0.00160689
0.0569587 0.00160376
0.0570639 0.00159748
0.0571693 0.0015942
0.0572748 0.00158797
0.0573806 0.0015845
0.0574866 0.00157832
0.0575927 0.00157466
0.0576991 0.00156859
0.0578056 0.00156474
0.0579124 0.0015588
0.0580193 0.0015548
0.0581264 0.00154902
0.0582338 0.00154481
0.0583413 0.00153919
0.058449 0.00153491
0.058557 0.00152969
0.0586651 0.0015253
0.0587734 0.00152047
0.058882 0.00151582
0.0589907 0.00151116
0.0590996 0.00150618
0.0592088 0.00150181
0.0593181 0.00149639
0.0594276 0.00149236
0.0595374 0.00148636
0.0596473 0.00148289
0.0597575 0.00147585
0.0598678 0.00147341
0.0599784 0.00146648
0.0600891 0.00146404
0.0602001 0.00145734
0.0603112 0.00145498
0.0604226 0.00144875
0.0605342 0.00144628
0.060646 0.00144008
0.060758 0.00143749
0.0608702 0.00143131
0.0609826 0.00142858
0.0610952 0.00142249
0.061208 0.00141966
0.061321 0.00141361
0.0614343 0.00141065
0.0615477 0.00140465
0.0616614 0.00140162
0.0617752 0.00139578
0.0618893 0.00139271
0.0620036 0.00138714
0.0621181 0.00138409
0.0622328 0.00137889
0.0623477 0.00137569
0.0624628 0.00137055
0.0625782 0.00136716
0.0626937 0.00136214
0.0628095 0.00135867
0.0629255 0.00135371
0.0630417 0.00135
0.0631581 0.00134521
0.0632747 0.00134133
0.0633916 0.00133674
0.0635086 0.00133262
0.0636259 0.00132828
0.0637434 0.00132402
0.0638611 0.00132009
0.063979 0.00131576
0.0640972 0.00131222
0.0642155 0.0013075
0.0643341 0.00130429
0.0644529 0.00129872
0.0645719 0.00129629
0.0646912 0.0012903
0.0648106 0.0012882
0.0649303 0.00128223
0.0650502 0.00128004
0.0651703 0.00127412
0.0652907 0.00127187
0.0654113 0.00126599
0.065532 0.00126371
0.0656531 0.00125808
0.0657743 0.00125584
0.0658957 0.00125061
0.0660174 0.00124827
0.0661393 0.00124308
0.0662615 0.0012406
0.0663838 0.00123545
0.0665064 0.00123287
0.0666292 0.00122776
0.0667523 0.00122512
0.0668755 0.00122005
0.066999 0.0012173
0.0671227 0.00121234
0.0672467 0.00120943
0.0673709 0.00120462
0.0674953 0.00120171
0.0676199 0.00119715
0.0677448 0.00119422
0.0678699 0.00119002
0.0679952 0.00118693
0.0681208 0.00118283
0.0682466 0.00117958
0.0683726 0.00117557
0.0684988 0.00117214
0.0686253 0.00116824
0.0687521 0.00116459
0.068879 0.00116093
0.0690062 0.00115701
0.0691336 0.00115355
0.0692613 0.00114933
0.0693892 0.0011462
0.0695173 0.00114163
0.0696457 0.00113906
0.0697743 0.00113397
0.0699031 0.00113221
0.0700322 0.00112714
0.0701616 0.00112528
0.0702911 0.00112025
0.0704209 0.00111831
0.070551 0.0011133
0.0706812 0.00111128
0.0708118 0.00110628
0.0709425 0.00110421
0.0710735 0.00109925
0.0712048 0.00109712
0.0713362 0.00109225
0.071468 0.0010901
0.0716 0.00108539
0.0717322 0.00108325
0.0718646 0.00107893
0.0719973 0.00107671
0.0721303 0.00107241
0.0722635 0.00107009
0.0723969 0.00106586
0.0725306 0.00106342
0.0726645 0.00105923
0.0727987 0.00105668
0.0729332 0.00105256
0.0730678 0.00104993
0.0732028 0.0010459
0.0733379 0.00104313
0.0734734 0.00103922
0.073609 0.00103638
0.073745 0.00103268
0.0738812 0.00102986
0.0740176 0.00102651
0.0741543 0.00102351
0.0742912 0.00102025
0.0744284 0.00101706
0.0745658 0.001014
0.0747035 0.00101053
0.0748415 0.00100766
0.0749797 0.00100389
0.0751181 0.0010013
0.0752568 0.00099695
0.0753958 0.000994919
0.075535 0.000990177
0.0756745 0.000988547
0.0758143 0.000983905
0.0759543 0.000982349
0.0760945 0.000978075
0.076235 0.000976437
0.0763758 0.000972193
0.0765168 0.000970474
0.0766581 0.000966233
0.0767997 0.000964425
0.0769415 0.000960242
0.0770836 0.000958379
0.0772259 0.000954221
0.0773685 0.000952261
0.0775114 0.00094817
0.0776545 0.000946191
0.0777979 0.000942132
0.0779416 0.00094011
0.0780855 0.000936209
0.0782297 0.000934225
0.0783742 0.000930654
0.0785189 0.000928563
0.0786639 0.000924998
0.0788092 0.000922801
0.0789547 0.000919343
0.0791005 0.00091701
0.0792466 0.000913593
0.0793929 0.000911143
0.0795395 0.000907836
0.0796864 0.000905217
0.0798335 0.000902004
0.0799809 0.00089931
0.0801286 0.000896217
0.0802766 0.000893376
0.0804248 0.000890545
0.0805734 0.000887758
0.0807221 0.000885219
0.0808712 0.000882192
0.0810205 0.000879826
0.0811702 0.00087647
0.08132 0.00087442
0.0814702 0.00087035
0.0816207 0.000868948
0.0817714 0.000864896
0.0819224 0.000863434
0.0820737 0.000859426
0.0822252 0.00085792
0.0823771 0.000853947
0.0825292 0.000852391
0.0826816 0.000848509
0.0828342 0.000846994
0.0829872 0.00084344
0.0831405 0.000841892
0.083294 0.000838342
0.0834478 0.000836707
0.0836019 0.00083319
0.0837563 0.000831476
0.0839109 0.000828002
0.0840659 0.000826199
0.0842211 0.000822742
0.0843766 0.000820896
0.0845325 0.000817513
0.0846885 0.000815598
0.0848449 0.000812295
0.0850016 0.000810322
0.0851586 0.000807136
0.0853158 0.00080522
0.0854734 0.000802312
0.0856312 0.000800286
0.0857893 0.000797432
0.0859478 0.000795319
0.0861065 0.000792547
0.0862655 0.000790318
0.0864248 0.000787606
0.0865844 0.000785254
0.0867442 0.000782646
0.0869044 0.000780119
0.0870649 0.000777667
0.0872257 0.000774953
0.0873868 0.000772684
0.0875481 0.000769772
0.0877098 0.000767796
0.0878718 0.000764717
0.088034 0.000763174
0.0881966 0.00075975
0.0883594 0.000758514
0.0885226 0.00075511
0.0886861 0.000753829
0.0888498 0.000750409
0.0890139 0.000749095
0.0891783 0.000745705
0.089343 0.000744318
0.0895079 0.000740958
0.0896732 0.000739535
0.0898388 0.000736205
0.0900047 0.000734761
0.0901709 0.00073152
0.0903374 0.000730104
0.0905043 0.000727122
0.0906714 0.000725663
0.0908388 0.000722715
0.0910066 0.000721178
0.0911746 0.000718265
0.091343 0.000716664
0.0915116 0.000713791
0.0916806 0.000712113
0.0918499 0.00070928
0.0920195 0.000707527
0.0921895 0.000704759
0.0923597 0.000702922
0.0925303 0.000700236
0.0927011 0.000698318
0.0928723 0.000695763
0.0930438 0.000693889
0.0932156 0.000691543
0.0933877 0.000689571
0.0935602 0.000687321
0.093733 0.000685221
0.0939061 0.00068305
0.0940795 0.000680797
0.0942532 0.000678759
0.0944272 0.000676331
0.0946016 0.000674428
0.0947763 0.000671736
0.0949513 0.00067007
0.0951266 0.000666825
0.0953023 0.00066573
0.0954783 0.000662541
0.0956546 0.000661488
0.0958312 0.000658544
0.0960082 0.000657436
0.0961855 0.000654554
0.0963631 0.00065341
0.0965411 0.000650547
0.0967193 0.000649328
0.0968979 0.000646493
0.0970769 0.000645246
0.0972561 0.00064242
0.0974357 0.000641145
0.0976156 0.000638333
0.0977959 0.000637001
0.0979765 0.000634261
0.0981574 0.000632877
0.0983387 0.000630211
0.0985203 0.000628898
0.0987022 0.000626402
0.0988845 0.000625027
0.0990671 0.000622613
0.09925 0.000621151
0.0994333 0.000618767
0.0996169 0.000617254
0.0998008 0.000614905
0.0999851 0.000613302
0.10017 0.000611025
0.100355 0.000609325
0.10054 0.000607104
0.100726 0.000605328
0.100912 0.000603187
0.101098 0.000601346
0.101285 0.000599354
0.101472 0.000597505
0.101659 0.000595694
0.101847 0.00059374
0.102035 0.000592068
0.102223 0.000589936
0.102412 0.000588398
0.102601 0.000585996
0.102791 0.000584729
0.102981 0.000581976
0.103171 0.00058101
0.103361 0.000578291
0.103552 0.000577289
0.103743 0.000574578
0.103935 0.000573556
0.104127 0.000570919
0.104319 0.0005699
0.104512 0.00056745
0.104705 0.000566419
0.104898 0.000564011
0.105092 0.000562942
0.105286 0.000560537
0.10548 0.000559412
0.105675 0.000557038
0.10587 0.00055587
0.106066 0.000553522
0.106262 0.000552319
0.106458 0.000549995
0.106654 0.000548728
0.106851 0.000546444
0.107049 0.000545157
0.107246 0.000542953
0.107444 0.000541655
0.107643 0.000539615
0.107841 0.000538298
0.108041 0.000536328
0.10824 0.000534935
0.10844 0.000533009
0.10864 0.000531516
0.108841 0.00052965
0.109042 0.000528082
0.109243 0.000526264
0.109445 0.000524599
0.109647 0.000522877
0.10985 0.000521115
0.110052 0.000519486
0.110256 0.000517624
0.110459 0.000516157
0.110663 0.00051421
0.110868 0.000512967
0.111072 0.000510633
0.111277 0.000509824
0.111483 0.000507494
0.111689 0.000506661
0.111895 0.000504342
0.112102 0.000503458
0.112309 0.00050117
0.112516 0.000500253
0.112724 0.000497979
0.112932 0.000497039
0.11314 0.000494783
0.113349 0.0004938
0.113559 0.000491607
0.113768 0.000490659
0.113978 0.000488596
0.114189 0.000487619
0.1144 0.000485634
0.114611 0.000484623
0.114823 0.000482642
0.115035 0.000481588
0.115247 0.000479622
0.11546 0.000478519
0.115673 0.000476567
0.115887 0.000475404
0.116101 0.0004735
0.116315 0.000472286
0.11653 0.000470421
0.116745 0.000469162
0.116961 0.000467388
0.117177 0.000466116
0.117393 0.000464468
0.11761 0.000463183
0.117827 0.000461624
0.118045 0.000460253
0.118263 0.00045873
0.118481 0.000457275
0.1187 0.000455821
0.118919 0.00045427
0.119139 0.000452924
0.119359 0.000451238
0.119579 0.000450005
0.1198 0.000448132
0.120021 0.000447099
0.120243 0.000444958
0.120465 0.000444237
0.120687 0.000442222
0.12091 0.000441496
0.121133 0.000439537
0.121357 0.000438786
0.121581 0.000436838
0.121806 0.000436049
0.12203 0.000434113
0.122256 0.000433287
0.122482 0.00043137
0.122708 0.000430513
0.122934 0.00042861
0.123161 0.000427716
0.123389 0.00042584
0.123617 0.00042494
0.123845 0.000423088
0.124074 0.000422201
0.124303 0.000420478
0.124532 0.000419565
0.124762 0.000417916
0.124993 0.000416967
0.125223 0.000415344
0.125455 0.00041434
0.125686 0.000412732
0.125918 0.000411675
0.126151 0.000410108
0.126384 0.000408999
0.126617 0.000407474
0.126851 0.000406313
0.127085 0.000404814
0.12732 0.000403605
0.127555 0.00040219
0.127791 0.000400976
0.128027 0.000399677
0.128263 0.000398412
0.1285 0.000397217
0.128737 0.000395844
0.128975 0.000394731
0.129213 0.000393235
0.129452 0.000392219
0.129691 0.000390464
0.12993 0.000389722
0.13017 0.000387867
0.130411 0.000387197
0.130651 0.000385353
0.130893 0.000384669
0.131134 0.000382876
0.131376 0.000382202
0.131619 0.000380508
0.131862 0.000379827
0.132106 0.0003782
0.13235 0.00037749
0.132594 0.000375871
0.132839 0.000375123
0.133084 0.000373529
0.13333 0.000372745
0.133576 0.00037115
0.133823 0.000370348
0.13407 0.00036877
0.134317 0.000367935
0.134565 0.000366384
0.134814 0.000365521
0.135063 0.000364009
0.135312 0.000363146
0.135562 0.000361732
0.135812 0.000360874
0.136063 0.000359524
0.136315 0.000358616
0.136566 0.000357304
0.136818 0.000356338
0.137071 0.000355045
0.137324 0.000354031
0.137578 0.000352785
0.137832 0.000351719
0.138086 0.000350503
0.138341 0.00034937
0.138597 0.00034823
0.138853 0.000347029
0.139109 0.000345976
0.139366 0.000344734
0.139623 0.00034381
0.139881 0.000342486
0.14014 0.000341706
0.140398 0.000340141
0.140658 0.000339572
0.140917 0.000338021
0.141177 0.000337431
0.141438 0.000335882
0.141699 0.000335273
0.141961 0.000333736
0.142223 0.000333115
0.142486 0.000331593
0.142749 0.000330953
0.143013 0.000329457
0.143277 0.000328815
0.143541 0.000327401
0.143806 0.000326759
0.144072 0.000325405
0.144338 0.000324731
0.144604 0.000323384
0.144871 0.000322681
0.145139 0.000321355
0.145407 0.000320622
0.145675 0.000319313
0.145944 0.000318547
0.146214 0.000317259
0.146484 0.000316461
0.146754 0.000315192
0.147025 0.000314376
0.147297 0.000313139
0.147569 0.000312327
0.147841 0.000311176
0.148114 0.000310344
0.148388 0.00030927
0.148662 0.000308396
0.148937 0.000307359
0.149212 0.00030643
0.149487 0.000305418
0.149763 0.000304429
0.15004 0.000303472
0.150317 0.0003024
0.150594 0.000301521
0.150872 0.000300355
0.151151 0.000299559
0.15143 0.000298224
0.15171 0.000297626
0.15199 0.000296239
0.152271 0.000295754
0.152552 0.000294438
0.152833 0.000293932
0.153116 0.000292622
0.153398 0.000292094
0.153682 0.000290783
0.153965 0.000290226
0.15425 0.000288931
0.154535 0.000288353
0.15482 0.000287067
0.155106 0.000286472
0.155392 0.000285203
0.155679 0.000284587
0.155967 0.000283342
0.156255 0.000282728
0.156543 0.000281538
0.156832 0.000280937
0.157122 0.000279804
0.157412 0.000279172
0.157703 0.000278053
0.157994 0.00027738
0.158286 0.00027628
0.158578 0.000275593
0.158871 0.000274515
0.159164 0.000273779
0.159458 0.000272727
0.159753 0.000271958
0.160048 0.000270941
0.160343 0.000270143
0.160639 0.000269161
0.160936 0.000268358
0.161233 0.000267448
0.161531 0.000266643
0.161829 0.000265812
0.162128 0.00026494
0.162427 0.000264153
0.162727 0.000263207
0.163028 0.00026248
0.163329 0.000261442
0.16363 0.000260802
0.163933 0.000259562
0.164235 0.000259113
0.164539 0.000257882
0.164842 0.000257417
0.165147 0.000256204
0.165452 0.000255738
0.165757 0.000254574
0.166063 0.000254109
0.16637 0.000253005
0.166677 0.000252524
0.166985 0.000251427
0.167293 0.000250928
0.167602 0.000249836
0.167912 0.000249315
0.168222 0.00024823
0.168532 0.000247682
0.168844 0.000246616
0.169155 0.00024605
0.169468 0.000244989
0.169781 0.000244414
0.170094 0.000243384
0.170408 0.000242803
0.170723 0.000241829
0.171038 0.000241243
0.171354 0.000240327
0.171671 0.000239728
0.171988 0.000238823
0.172305 0.00023819
0.172623 0.000237304
0.172942 0.000236641
0.173261 0.000235778
0.173581 0.000235072
0.173902 0.000234239
0.174223 0.000233499
0.174545 0.0002327
0.174867 0.000231919
0.17519 0.000231178
0.175514 0.000230362
0.175838 0.000229694
0.176162 0.00022886
0.176488 0.000228273
0.176814 0.000227312
0.17714 0.000226839
0.177467 0.000225788
0.177795 0.000225391
0.178123 0.000224343
0.178452 0.00022394
0.178782 0.000222896
0.179112 0.00022248
0.179443 0.000221448
0.179774 0.000221017
0.180106 0.000219997
0.180438 0.000219562
0.180772 0.000218593
0.181105 0.000218167
0.18144 0.000217256
0.181775 0.000216808
0.182111 0.000215907
0.182447 0.000215449
0.182784 0.000214549
0.183121 0.000214067
0.183459 0.000213177
0.183798 0.000212678
0.184138 0.000211805
0.184478 0.000211287
0.184818 0.000210422
0.18516 0.000209887
0.185502 0.000209056
0.185844 0.00020851
0.186187 0.000207716
0.186531 0.000207177
0.186876 0.000206449
0.187221 0.00020588
0.187566 0.000205161
0.187913 0.000204565
0.18826 0.000203872
0.188607 0.000203232
0.188956 0.000202574
0.189305 0.000201894
0.189654 0.000201267
0.190004 0.000200535
0.190355 0.000199959
0.190707 0.000199151
0.191059 0.000198658
0.191412 0.000197709
0.191765 0.000197389
0.192119 0.000196503
0.192474 0.000196166
0.192829 0.000195286
0.193186 0.000194935
0.193542 0.000194057
0.1939 0.000193694
0.194258 0.000192819
0.194616 0.000192436
0.194976 0.000191567
0.195336 0.00019118
0.195697 0.000190321
0.196058 0.000189918
0.19642 0.000189073
0.196783 0.000188666
0.197146 0.000187851
0.19751 0.000187445
0.197875 0.000186683
0.19824 0.000186265
0.198606 0.000185514
0.198973 0.000185074
0.199341 0.000184331
0.199709 0.000183868
0.200077 0.000183131
0.200447 0.000182649
0.200817 0.000181927
0.201188 0.000181424
0.201559 0.000180712
0.201932 0.000180185
0.202304 0.000179504
0.202678 0.000178968
0.203052 0.000178323
0.203427 0.000177796
0.203803 0.000177214
0.204179 0.000176644
0.204556 0.000176089
0.204934 0.000175481
0.205312 0.000174959
0.205692 0.000174302
0.206071 0.000173824
0.206452 0.000173082
0.206833 0.000172684
0.207215 0.000171856
0.207598 0.000171541
0.207981 0.000170726
0.208365 0.000170411
0.20875 0.00016961
0.209135 0.000169307
0.209522 0.000168569
0.209908 0.000168248
0.210296 0.000167515
0.210684 0.000167184
0.211073 0.000166447
0.211463 0.000166104
0.211854 0.000165377
0.212245 0.000165019
0.212637 0.000164298
0.21303 0.00016393
0.213423 0.000163214
0.213817 0.000162832
0.214212 0.000162132
0.214607 0.000161744
0.215004 0.000161069
0.215401 0.000160688
0.215799 0.000160064
0.216197 0.000159665
0.216596 0.000159051
0.216996 0.000158634
0.217397 0.000158033
0.217798 0.000157593
0.218201 0.000157008
0.218603 0.000156549
0.219007 0.000155976
0.219412 0.000155495
0.219817 0.000154945
0.220223 0.000154441
0.220629 0.000153916
0.221037 0.000153394
0.221445 0.000152915
0.221854 0.000152388
0.222263 0.000151965
0.222674 0.000151382
0.223085 0.000151004
0.223497 0.000150298
0.22391 0.000150036
0.224323 0.00014933
0.224737 0.000149059
0.225152 0.000148357
0.225568 0.000148072
0.225985 0.000147377
0.226402 0.000147085
0.22682 0.000146398
0.227239 0.000146099
0.227659 0.000145426
0.228079 0.000145136
0.2285 0.000144518
0.228922 0.000144221
0.229345 0.000143604
0.229768 0.000143292
0.230193 0.000142685
0.230618 0.000142357
0.231044 0.000141756
0.23147 0.000141426
0.231898 0.000140826
0.232326 0.000140487
0.232755 0.000139899
0.233185 0.00013954
0.233615 0.000138973
0.234047 0.00013861
0.234479 0.000138063
0.234912 0.00013771
0.235346 0.000137213
0.23578 0.000136839
0.236216 0.000136351
0.236652 0.000135958
0.237089 0.000135483
0.237527 0.00013507
0.237965 0.000134613
0.238405 0.000134171
0.238845 0.000133732
0.239286 0.00013326
0.239728 0.000132851
0.240171 0.000132342
0.240614 0.000131971
0.241058 0.000131406
0.241504 0.000131103
0.24195 0.000130506
0.242396 0.000130277
0.242844 0.000129686
0.243292 0.000129447
0.243742 0.000128853
0.244192 0.000128609
0.244643 0.00012802
0.245094 0.000127758
0.245547 0.000127177
0.246 0.00012691
0.246455 0.00012633
0.24691 0.000126055
0.247366 0.000125478
0.247822 0.000125199
0.24828 0.000124639
0.248739 0.000124373
0.249198 0.000123854
0.249658 0.000123578
0.250119 0.000123068
0.250581 0.000122776
0.251044 0.000122273
0.251507 0.000121972
0.251972 0.000121478
0.252437 0.000121159
0.252903 0.000120672
0.25337 0.000120345
0.253838 0.000119869
0.254307 0.000119529
0.254776 0.000119068
0.255247 0.000118715
0.255718 0.000118274
0.25619 0.000117928
0.256663 0.000117524
0.257137 0.000117163
0.257612 0.000116773
0.258088 0.000116382
0.258565 0.000116012
0.259042 0.000115594
0.25952 0.000115248
0.26 0.000114789
0.26048 0.000114475
0.260961 0.000113915
0.261443 0.000113702
0.261925 0.000113144
0.262409 0.000112932
0.262894 0.000112384
0.263379 0.000112174
0.263865 0.000111672
0.264353 0.000111456
0.264841 0.000110962
0.26533 0.000110739
0.26582 0.000110245
0.266311 0.000110014
0.266803 0.000109523
0.267295 0.000109283
0.267789 0.000108796
0.268283 0.000108549
0.268779 0.000108066
0.269275 0.000107813
0.269772 0.000107338
0.27027 0.000107081
0.27077 0.000106622
0.27127 0.000106374
0.27177 0.000105949
0.272272 0.000105691
0.272775 0.000105279
0.273279 0.00010501
0.273783 0.000104604
0.274289 0.000104325
0.274796 0.000103928
0.275303 0.000103629
0.275811 0.000103244
0.276321 0.000102938
0.276831 0.000102564
0.277342 0.00010224
0.277854 0.000101879
0.278367 0.000101537
0.278881 0.000101198
0.279396 0.00010086
0.279912 0.000100554
0.280429 0.000100188
0.280947 9.99081e-05
0.281466 9.95037e-05
0.281986 9.92581e-05
0.282506 9.87893e-05
0.283028 9.86028e-05
0.283551 9.8136e-05
0.284074 9.79471e-05
0.284599 9.74807e-05
0.285124 9.72893e-05
0.285651 9.68318e-05
0.286178 9.66373e-05
0.286707 9.61917e-05
0.287236 9.60012e-05
0.287767 9.55848e-05
0.288298 9.53904e-05
0.28883 9.49821e-05
0.289364 9.47785e-05
0.289898 9.43728e-05
0.290433 9.41635e-05
0.29097 9.37572e-05
0.291507 9.35383e-05
0.292045 9.31365e-05
0.292585 9.29056e-05
0.293125 9.25082e-05
0.293666 9.22705e-05
0.294208 9.18801e-05
0.294752 9.16329e-05
0.295296 9.12525e-05
0.295841 9.10091e-05
0.296388 9.06619e-05
0.296935 9.04125e-05
0.297483 9.00769e-05
0.298033 8.98159e-05
0.298583 8.94835e-05
0.299134 8.92092e-05
0.299687 8.88922e-05
0.30024 8.86029e-05
0.300795 8.82957e-05
0.30135 8.79905e-05
0.301906 8.77016e-05
0.302464 8.73775e-05
0.303022 8.71082e-05
0.303582 8.67604e-05
0.304143 8.65261e-05
0.304704 8.61454e-05
0.305267 8.59729e-05
0.305831 8.55781e-05
0.306395 8.54211e-05
0.306961 8.50278e-05
0.307528 8.48654e-05
0.308096 8.44727e-05
0.308665 8.43047e-05
0.309235 8.39165e-05
0.309806 8.37421e-05
0.310378 8.33556e-05
0.310951 8.31757e-05
0.311525 8.27922e-05
0.312101 8.26069e-05
0.312677 8.22329e-05
0.313254 8.20477e-05
0.313833 8.16905e-05
0.314412 8.15023e-05
0.314993 8.11545e-05
0.315574 8.09582e-05
0.316157 8.06138e-05
0.316741 8.04088e-05
0.317326 8.00673e-05
0.317912 7.98521e-05
0.318499 7.95165e-05
0.319087 7.92957e-05
0.319676 7.89668e-05
0.320267 7.87355e-05
0.320858 7.84146e-05
0.321451 7.81766e-05
0.322044 7.78696e-05
0.322639 7.76359e-05
0.323235 7.73505e-05
0.323832 7.71107e-05
0.32443 7.68375e-05
0.325029 7.65819e-05
0.325629 7.63235e-05
0.32623 7.60499e-05
0.326833 7.58028e-05
0.327436 7.55092e-05
0.328041 7.52804e-05
0.328646 7.49585e-05
0.329253 7.47599e-05
0.329861 7.43853e-05
0.33047 7.4239e-05
0.331081 7.38715e-05
0.331692 7.37282e-05
0.332305 7.33867e-05
0.332918 7.32416e-05
0.333533 7.29119e-05
0.334149 7.27639e-05
0.334766 7.24363e-05
0.335384 7.22825e-05
0.336003 7.19563e-05
0.336624 7.17968e-05
0.337246 7.14748e-05
0.337868 7.13118e-05
0.338492 7.0991e-05
0.339117 7.08211e-05
0.339743 7.05042e-05
0.340371 7.03301e-05
0.340999 7.00214e-05
0.341629 6.98505e-05
0.34226 6.95581e-05
0.342892 6.93816e-05
0.343525 6.91016e-05
0.344159 6.89182e-05
0.344795 6.86404e-05
0.345432 6.84535e-05
0.34607 6.81788e-05
0.346709 6.79852e-05
0.347349 6.77175e-05
0.34799 6.75146e-05
0.348633 6.72521e-05
0.349277 6.70399e-05
0.349922 6.67901e-05
0.350568 6.65697e-05
0.351215 6.63322e-05
0.351864 6.61114e-05
0.352513 6.58954e-05
0.353164 6.5665e-05
0.353817 6.54667e-05
0.35447 6.52135e-05
0.355125 6.50322e-05
0.35578 6.4741e-05
0.356437 6.45955e-05
0.357095 6.42818e-05
0.357755 6.41553e-05
0.358416 6.38418e-05
0.359077 6.37126e-05
0.35974 6.34021e-05
0.360405 6.32706e-05
0.36107 6.29643e-05
0.361737 6.28335e-05
0.362405 6.25453e-05
0.363074 6.24114e-05
0.363745 6.21358e-05
0.364416 6.19975e-05
0.365089 6.17238e-05
0.365763 6.15787e-05
0.366439 6.13064e-05
0.367116 6.11576e-05
0.367793 6.08842e-05
0.368473 6.0731e-05
0.369153 6.04616e-05
0.369835 6.03023e-05
0.370518 6.00373e-05
0.371202 5.98727e-05
0.371887 5.96138e-05
0.372574 5.94512e-05
0.373262 5.92101e-05
0.373951 5.90419e-05
0.374642 5.88125e-05
0.375334 5.86372e-05
0.376027 5.8414e-05
0.376721 5.82316e-05
0.377417 5.80124e-05
0.378114 5.78231e-05
0.378812 5.7612e-05
0.379511 5.74127e-05
0.380212 5.72109e-05
0.380914 5.70004e-05
0.381618 5.68101e-05
0.382322 5.65861e-05
0.383028 5.6414e-05
0.383736 5.61808e-05
0.384444 5.60321e-05
0.385154 5.57666e-05
0.385866 5.56587e-05
0.386578 5.53922e-05
0.387292 5.52799e-05
0.388007 5.50145e-05
0.388724 5.48977e-05
0.389441 5.46349e-05
0.390161 5.45138e-05
0.390881 5.42533e-05
0.391603 5.41291e-05
0.392326 5.38703e-05
0.39305 5.37466e-05
0.393776 5.34927e-05
0.394503 5.33705e-05
0.395232 5.31315e-05
0.395962 5.30086e-05
0.396693 5.27813e-05
0.397425 5.26533e-05
0.398159 5.24274e-05
0.398895 5.22964e-05
0.399631 5.20747e-05
0.400369 5.19383e-05
0.401108 5.17203e-05
0.401849 5.15786e-05
0.402591 5.1362e-05
0.403335 5.12158e-05
0.404079 5.10035e-05
0.404826 5.08521e-05
0.405573 5.06464e-05
0.406322 5.04942e-05
0.407072 5.0301e-05
0.407824 5.01466e-05
0.408577 4.99627e-05
0.409332 4.97993e-05
0.410088 4.96216e-05
0.410845 4.94472e-05
0.411604 4.92783e-05
0.412364 4.9091e-05
0.413125 4.89311e-05
0.413888 4.87299e-05
0.414652 4.85832e-05
0.415418 4.83568e-05
0.416185 4.82352e-05
0.416954 4.79899e-05
0.417723 4.78906e-05
0.418495 4.76567e-05
0.419268 4.75594e-05
0.420042 4.73359e-05
0.420818 4.72354e-05
0.421595 4.70145e-05
0.422373 4.69087e-05
0.423153 4.66889e-05
0.423934 4.65804e-05
0.424717 4.63616e-05
0.425502 4.62506e-05
0.426287 4.60347e-05
0.427075 4.5921e-05
0.427863 4.57083e-05
0.428653 4.55928e-05
0.429445 4.53837e-05
0.430238 4.52687e-05
0.431032 4.50704e-05
0.431828 4.4957e-05
0.432626 4.47697e-05
0.433425 4.46525e-05
0.434225 4.44657e-05
0.435027 4.43448e-05
0.43583 4.41619e-05
0.436635 4.4034e-05
0.437441 4.38545e-05
0.438249 4.37202e-05
0.439058 4.35445e-05
0.439869 4.34052e-05
0.440681 4.32322e-05
0.441495 4.30885e-05
0.44231 4.29234e-05
0.443127 4.27743e-05
0.443945 4.26218e-05
0.444765 4.24693e-05
0.445586 4.23268e-05
0.446409 4.2163e-05
0.447234 4.20304e-05
0.448059 4.18501e-05
0.448887 4.17309e-05
0.449716 4.15181e-05
0.450546 4.14304e-05
0.451378 4.12187e-05
0.452212 4.11288e-05
0.453047 4.09183e-05
0.453883 4.08264e-05
0.454722 4.06192e-05
0.455561 4.05274e-05
0.456402 4.03295e-05
0.457245 4.02369e-05
0.45809 4.00512e-05
0.458935 3.99567e-05
0.459783 3.97711e-05
0.460632 3.96734e-05
0.461483 3.94896e-05
0.462335 3.93886e-05
0.463189 3.92061e-05
0.464044 3.91011e-05
0.464901 3.892e-05
0.465759 3.88131e-05
0.466619 3.86354e-05
0.467481 3.85259e-05
0.468344 3.83528e-05
0.469209 3.82424e-05
0.470076 3.80763e-05
0.470944 3.79669e-05
0.471813 3.78121e-05
0.472684 3.76985e-05
0.473557 3.75461e-05
0.474432 3.74279e-05
0.475308 3.72784e-05
0.476186 3.7156e-05
0.477065 3.70109e-05
0.477946 3.6884e-05
0.478828 3.67452e-05
0.479713 3.66094e-05
0.480598 3.64777e-05
0.481486 3.63352e-05
0.482375 3.62133e-05
0.483266 3.60653e-05
0.484158 3.59562e-05
0.485052 3.57984e-05
0.485948 3.57068e-05
0.486845 3.55307e-05
0.487744 3.5454e-05
0.488645 3.52795e-05
0.489547 3.52004e-05
0.490451 3.50239e-05
0.491357 3.49431e-05
0.492264 3.47681e-05
0.493173 3.46835e-05
0.494084 3.45097e-05
0.494996 3.44239e-05
0.495911 3.42509e-05
0.496826 3.41641e-05
0.497744 3.39985e-05
0.498663 3.3913e-05
0.499584 3.37577e-05
0.500506 3.367e-05
0.50143 3.35152e-05
0.502356 3.34245e-05
0.503284 3.32721e-05
0.504213 3.31784e-05
0.505144 3.30283e-05
0.506077 3.29322e-05
0.507012 3.27847e-05
0.507948 3.26857e-05
0.508886 3.2541e-05
0.509826 3.24396e-05
0.510767 3.23005e-05
0.51171 3.21981e-05
0.512655 3.20671e-05
0.513602 3.19674e-05
0.51455 3.18441e-05
0.515501 3.17391e-05
0.516453 3.16196e-05
0.517406 3.15093e-05
0.518362 3.13932e-05
0.519319 3.1277e-05
0.520278 3.11663e-05
0.521239 3.1041e-05
0.522201 3.09379e-05
0.523165 3.08023e-05
0.524131 3.07082e-05
0.525099 3.05468e-05
0.526069 3.04808e-05
0.52704 3.03233e-05
0.528014 3.02575e-05
0.528989 3.01078e-05
0.529966 3.00389e-05
0.530944 2.98905e-05
0.531925 2.98199e-05
0.532907 2.96724e-05
0.533891 2.95999e-05
0.534877 2.94523e-05
0.535865 2.93772e-05
0.536854 2.9232e-05
0.537845 2.91554e-05
0.538839 2.901e-05
0.539834 2.89311e-05
0.54083 2.87888e-05
0.541829 2.87093e-05
0.54283 2.85719e-05
0.543832 2.84944e-05
0.544836 2.83669e-05
0.545842 2.8287e-05
0.54685 2.81611e-05
0.54786 2.80766e-05
0.548872 2.79535e-05
0.549885 2.78667e-05
0.550901 2.77449e-05
0.551918 2.7655e-05
0.552937 2.75363e-05
0.553958 2.74424e-05
0.554981 2.73272e-05
0.556006 2.72319e-05
0.557033 2.71201e-05
0.558061 2.70236e-05
0.559092 2.69189e-05
0.560124 2.68216e-05
0.561159 2.67246e-05
0.562195 2.66215e-05
0.563233 2.65293e-05
0.564273 2.64187e-05
0.565315 2.63328e-05
0.566359 2.621e-05
0.567405 2.61355e-05
0.568453 2.59971e-05
0.569502 2.59365e-05
0.570554 2.57995e-05
0.571608 2.57374e-05
0.572663 2.56003e-05
0.573721 2.55392e-05
0.57478 2.54072e-05
0.575842 2.53456e-05
0.576905 2.52244e-05
0.57797 2.51622e-05
0.579037 2.50409e-05
0.580107 2.49773e-05
0.581178 2.4857e-05
0.582251 2.47907e-05
0.583326 2.46711e-05
0.584404 2.46046e-05
0.585483 2.44854e-05
0.586564 2.44173e-05
0.587647 2.43005e-05
0.588732 2.42297e-05
0.589819 2.41155e-05
0.590908 2.40443e-05
0.592 2.39338e-05
0.593093 2.38618e-05
0.594188 2.3758e-05
0.595285 2.36842e-05
0.596385 2.35825e-05
0.597486 2.3505e-05
0.598589 2.34049e-05
0.599694 2.33246e-05
0.600802 2.3226e-05
0.601911 2.31427e-05
0.603023 2.30469e-05
0.604136 2.29599e-05
0.605252 2.28672e-05
0.60637 2.27744e-05
0.607489 2.2687e-05
0.608611 2.25907e-05
0.609735 2.2511e-05
0.610861 2.24132e-05
0.611989 2.2342e-05
0.613119 2.22273e-05
0.614251 2.21732e-05
0.615386 2.20561e-05
0.616522 2.20027e-05
0.61766 2.18858e-05
0.618801 2.18307e-05
0.619944 2.1715e-05
0.621088 2.16584e-05
0.622235 2.15438e-05
0.623384 2.14864e-05
0.624535 2.13728e-05
0.625689 2.13153e-05
0.626844 2.12054e-05
0.628002 2.11501e-05
0.629161 2.10492e-05
0.630323 2.09913e-05
0.631487 2.08905e-05
0.632653 2.08316e-05
0.633821 2.07315e-05
0.634992 2.06711e-05
0.636164 2.05726e-05
0.637339 2.05105e-05
0.638516 2.04134e-05
0.639695 2.03492e-05
0.640876 2.02542e-05
0.64206 2.01888e-05
0.643246 2.00961e-05
0.644433 2.00292e-05
0.645623 1.99396e-05
0.646816 1.98726e-05
0.64801 1.97882e-05
0.649207 1.9719e-05
0.650405 1.96367e-05
0.651606 1.95638e-05
0.65281 1.94834e-05
0.654015 1.94067e-05
0.655223 1.93286e-05
0.656433 1.92476e-05
0.657645 1.91734e-05
0.658859 1.90857e-05
0.660076 1.90166e-05
0.661295 1.89215e-05
0.662516 1.88606e-05
0.66374 1.87532e-05
0.664965 1.87077e-05
0.666193 1.86106e-05
0.667423 1.8564e-05
0.668656 1.8466e-05
0.669891 1.84187e-05
0.671128 1.83219e-05
0.672367 1.82729e-05
0.673608 1.81769e-05
0.674852 1.81268e-05
0.676099 1.80318e-05
0.677347 1.7981e-05
0.678598 1.78872e-05
0.679851 1.7836e-05
0.681106 1.77432e-05
0.682364 1.76913e-05
0.683624 1.76005e-05
0.684887 1.75493e-05
0.686151 1.74658e-05
0.687418 1.74128e-05
0.688688 1.73311e-05
0.689959 1.72765e-05
0.691233 1.71956e-05
0.69251 1.71391e-05
0.693789 1.70589e-05
0.69507 1.70005e-05
0.696353 1.69222e-05
0.697639 1.6862e-05
0.698928 1.67852e-05
0.700218 1.67231e-05
0.701511 1.66478e-05
0.702807 1.65847e-05
0.704104 1.6514e-05
0.705405 1.64524e-05
0.706707 1.63869e-05
0.708012 1.63221e-05
0.70932 1.62597e-05
0.710629 1.61908e-05
0.711942 1.61314e-05
0.713256 1.60574e-05
0.714574 1.60026e-05
0.715893 1.59182e-05
0.717215 1.58738e-05
0.718539 1.57845e-05
0.719866 1.57436e-05
0.721196 1.56549e-05
0.722527 1.56138e-05
0.723862 1.55258e-05
0.725198 1.54848e-05
0.726537 1.54031e-05
0.727879 1.53609e-05
0.729223 1.52794e-05
0.73057 1.52361e-05
0.731919 1.51551e-05
0.73327 1.51105e-05
0.734624 1.50306e-05
0.735981 1.49845e-05
0.73734 1.49046e-05
0.738702 1.48579e-05
0.740066 1.47792e-05
0.741432 1.47317e-05
0.742801 1.46547e-05
0.744173 1.46067e-05
0.745547 1.45322e-05
0.746924 1.44857e-05
0.748303 1.44172e-05
0.749685 1.43697e-05
0.75107 1.43031e-05
0.752456 1.42535e-05
0.753846 1.4188e-05
0.755238 1.41367e-05
0.756633 1.40725e-05
0.75803 1.40197e-05
0.75943 1.39568e-05
0.760832 1.39021e-05
0.762237 1.38409e-05
0.763644 1.37833e-05
0.765055 1.37254e-05
0.766467 1.36651e-05
0.767883 1.36105e-05
0.769301 1.35491e-05
0.770721 1.35e-05
0.772145 1.34345e-05
0.77357 1.33902e-05
0.774999 1.33143e-05
0.77643 1.32792e-05
0.777864 1.32039e-05
0.7793 1.31678e-05
0.780739 1.30929e-05
0.782181 1.3056e-05
0.783625 1.29819e-05
0.785072 1.29441e-05
0.786522 1.28707e-05
0.787974 1.28332e-05
0.78943 1.2761e-05
0.790887 1.2724e-05
0.792348 1.26571e-05
0.793811 1.26197e-05
0.795277 1.25537e-05
0.796745 1.25146e-05
0.798217 1.24489e-05
0.799691 1.24088e-05
0.801167 1.23434e-05
0.802647 1.23023e-05
0.804129 1.22381e-05
0.805614 1.21956e-05
0.807101 1.21324e-05
0.808592 1.20883e-05
0.810085 1.20261e-05
0.811581 1.19824e-05
0.81308 1.19218e-05
0.814581 1.1879e-05
0.816085 1.18232e-05
0.817592 1.17794e-05
0.819102 1.17251e-05
0.820615 1.16795e-05
0.82213 1.16272e-05
0.823648 1.15798e-05
0.825169 1.15286e-05
0.826693 1.14787e-05
0.828219 1.14297e-05
0.829749 1.13767e-05
0.831281 1.13305e-05
0.832816 1.12735e-05
0.834354 1.12309e-05
0.835895 1.11675e-05
0.837438 1.11328e-05
0.838985 1.10689e-05
0.840534 1.10383e-05
0.842086 1.09752e-05
0.843641 1.09441e-05
0.845199 1.08812e-05
0.84676 1.08493e-05
0.848323 1.0787e-05
0.84989 1.07542e-05
0.851459 1.06921e-05
0.853031 1.06588e-05
0.854607 1.05976e-05
0.856185 1.05642e-05
0.857766 1.05038e-05
0.85935 1.04694e-05
0.860937 1.04109e-05
0.862526 1.03779e-05
0.864119 1.03222e-05
0.865715 1.02889e-05
0.867313 1.02351e-05
0.868915 1.02006e-05
0.87052 1.01476e-05
0.872127 1.01119e-05
0.873738 1.00592e-05
0.875351 1.00226e-05
0.876967 9.97109e-06
0.878587 9.93303e-06
0.880209 9.88228e-06
0.881835 9.8432e-06
0.883463 9.79407e-06
0.885094 9.75347e-06
0.886729 9.70575e-06
0.888366 9.66564e-06
0.890007 9.62139e-06
0.89165 9.57969e-06
0.893297 9.53733e-06
0.894946 9.4934e-06
0.896599 9.45295e-06
0.898255 9.40614e-06
0.899913 9.36797e-06
0.901575 9.31788e-06
0.90324 9.28328e-06
0.904908 9.22547e-06
0.906579 9.19842e-06
0.908253 9.14121e-06
0.90993 9.1139e-06
0.911611 9.05773e-06
0.913294 9.03143e-06
0.91498 8.97875e-06
0.91667 8.95183e-06
0.918363 8.90081e-06
0.920059 8.87333e-06
0.921758 8.82234e-06
0.92346 8.79464e-06
0.925165 8.74395e-06
0.926873 8.71551e-06
0.928585 8.66525e-06
0.9303 8.63586e-06
0.932018 8.58617e-06
0.933739 8.55579e-06
0.935463 8.50637e-06
0.93719 8.47574e-06
0.938921 8.42753e-06
0.940655 8.3969e-06
0.942392 8.3519e-06
0.944132 8.32061e-06
0.945875 8.27682e-06
0.947622 8.2447e-06
0.949372 8.20156e-06
0.951125 8.16838e-06
0.952881 8.12596e-06
0.954641 8.09191e-06
0.956404 8.05058e-06
0.95817 8.01534e-06
0.959939 7.97505e-06
0.961712 7.93898e-06
0.963488 7.90016e-06
0.965267 7.86279e-06
0.967049 7.82688e-06
0.968835 7.78948e-06
0.970624 7.75684e-06
0.972417 7.718e-06
0.974212 7.68823e-06
0.976011 7.6453e-06
0.977814 7.61928e-06
0.979619 7.57255e-06
0.981428 7.54969e-06
0.983241 7.50317e-06
0.985056 7.48022e-06
0.986875 7.43373e-06
0.988698 7.41034e-06
0.990523 7.36455e-06
0.992352 7.34044e-06
0.994185 7.29528e-06
0.996021 7.27143e-06
0.99786 7.22808e-06
0.999703 7.20439e-06
1.00155 7.16206e-06
1.0034 7.13752e-06
1.00525 7.09577e-06
1.00711 7.07079e-06
1.00897 7.02907e-06
1.01083 7.00321e-06
1.0127 6.96207e-06
1.01457 6.93568e-06
1.01644 6.89507e-06
1.01832 6.86818e-06
1.0202 6.82826e-06
1.02208 6.80078e-06
1.02397 6.76209e-06
1.02586 6.73466e-06
1.02775 6.69853e-06
1.02965 6.6707e-06
1.03155 6.6363e-06
1.03346 6.60767e-06
1.03537 6.57359e-06
1.03728 6.5441e-06
1.03919 6.51109e-06
1.04111 6.48024e-06
1.04304 6.44843e-06
1.04496 6.41606e-06
1.04689 6.3859e-06
1.04882 6.35184e-06
1.05076 6.32384e-06
1.0527 6.28761e-06
1.05465 6.26264e-06
1.05659 6.22243e-06
1.05854 6.20405e-06
1.0605 6.16542e-06
1.06246 6.1466e-06
1.06442 6.10804e-06
1.06638 6.08876e-06
1.06835 6.05055e-06
1.07033 6.03088e-06
1.0723 5.99294e-06
1.07428 5.97255e-06
1.07627 5.93507e-06
1.07825 5.91459e-06
1.08025 5.87731e-06
1.08224 5.85677e-06
1.08424 5.81991e-06
1.08624 5.79911e-06
1.08825 5.76434e-06
1.09026 5.74315e-06
1.09227 5.70954e-06
1.09429 5.68802e-06
1.09631 5.65464e-06
1.09833 5.63252e-06
1.10036 5.59958e-06
1.10239 5.57663e-06
1.10443 5.54402e-06
1.10647 5.52073e-06
1.10851 5.48866e-06
1.11056 5.46456e-06
1.11261 5.43329e-06
1.11466 5.40862e-06
1.11672 5.37851e-06
1.11878 5.35389e-06
1.12085 5.32565e-06
1.12292 5.301e-06
1.12499 5.27441e-06
1.12707 5.24812e-06
1.12915 5.22265e-06
1.13124 5.19504e-06
1.13333 5.17075e-06
1.13542 5.14165e-06
1.13751 5.11867e-06
1.13962 5.08685e-06
1.14172 5.06661e-06
1.14383 5.03145e-06
1.14594 5.0146e-06
1.14806 4.98005e-06
1.15018 4.96353e-06
1.1523 4.93033e-06
1.15443 4.91396e-06
1.15656 4.8827e-06
1.1587 4.86566e-06
1.16083 4.83448e-06
1.16298 4.81727e-06
1.16513 4.78615e-06
1.16728 4.76854e-06
1.16943 4.73775e-06
1.17159 4.7198e-06
1.17376 4.68927e-06
1.17592 4.67105e-06
1.1781 4.64078e-06
1.18027 4.62225e-06
1.18245 4.59261e-06
1.18463 4.57415e-06
1.18682 4.54597e-06
1.18901 4.52738e-06
1.19121 4.50059e-06
1.19341 4.48129e-06
1.19561 4.45472e-06
1.19782 4.43481e-06
1.20003 4.40876e-06
1.20225 4.38821e-06
1.20447 4.36258e-06
1.20669 4.34139e-06
1.20892 4.31635e-06
1.21115 4.29456e-06
1.21339 4.27033e-06
1.21563 4.24774e-06
1.21787 4.22473e-06
1.22012 4.20213e-06
1.22238 4.18104e-06
1.22463 4.15796e-06
1.2269 4.13859e-06
1.22916 4.11394e-06
1.23143 4.09591e-06
1.2337 4.06706e-06
1.23598 4.05337e-06
1.23826 4.02469e-06
1.24055 4.0108e-06
1.24284 3.98233e-06
1.24514 3.96808e-06
1.24744 3.94003e-06
1.24974 3.9257e-06
1.25205 3.89807e-06
1.25436 3.88387e-06
1.25668 3.85732e-06
1.259 3.84303e-06
1.26132 3.81796e-06
1.26365 3.80351e-06
1.26598 3.77842e-06
1.26832 3.76337e-06
1.27066 3.73864e-06
1.27301 3.72325e-06
1.27536 3.69857e-06
1.27772 3.68302e-06
1.28008 3.65858e-06
1.28244 3.64271e-06
1.28481 3.61869e-06
1.28718 3.60226e-06
1.28956 3.57913e-06
1.29194 3.56295e-06
1.29432 3.54083e-06
1.29671 3.52478e-06
1.29911 3.50397e-06
1.30151 3.48725e-06
1.30391 3.46686e-06
1.30632 3.44967e-06
1.30873 3.42983e-06
1.31115 3.41191e-06
1.31357 3.39254e-06
1.31599 3.37387e-06
1.31842 3.35522e-06
1.32086 3.33572e-06
1.3233 3.31813e-06
1.32574 3.29764e-06
1.32819 3.28143e-06
1.33064 3.25977e-06
1.3331 3.24577e-06
1.33556 3.22265e-06
1.33803 3.21119e-06
1.3405 3.18828e-06
1.34297 3.17658e-06
1.34545 3.15359e-06
1.34794 3.14182e-06
1.35043 3.11902e-06
1.35292 3.10676e-06
1.35542 3.08424e-06
1.35792 3.07182e-06
1.36043 3.04944e-06
1.36294 3.03687e-06
1.36546 3.01488e-06
1.36798 3.00233e-06
1.37051 2.98129e-06
1.37304 2.96911e-06
1.37557 2.94896e-06
1.37811 2.9365e-06
1.38066 2.91661e-06
1.38321 2.90368e-06
1.38576 2.88407e-06
1.38832 2.8709e-06
1.39088 2.85164e-06
1.39345 2.83794e-06
1.39603 2.81898e-06
1.3986 2.805e-06
1.40119 2.78649e-06
1.40377 2.7722e-06
1.40637 2.75423e-06
1.40896 2.73988e-06
1.41157 2.72278e-06
1.41417 2.70862e-06
1.41678 2.69271e-06
1.4194 2.678e-06
1.42202 2.66249e-06
1.42465 2.64699e-06
1.42728 2.63219e-06
1.42991 2.61572e-06
1.43255 2.60175e-06
1.4352 2.58423e-06
1.43785 2.5713e-06
1.4405 2.55136e-06
1.44316 2.54117e-06
1.44583 2.52088e-06
1.4485 2.51128e-06
1.45117 2.49164e-06
1.45385 2.48214e-06
1.45654 2.4639e-06
1.45923 2.45416e-06
1.46192 2.43604e-06
1.46462 2.42615e-06
1.46733 2.40798e-06
1.47004 2.39788e-06
1.47275 2.37989e-06
1.47547 2.36961e-06
1.47819 2.3519e-06
1.48092 2.34129e-06
1.48366 2.32375e-06
1.4864 2.31311e-06
1.48914 2.29587e-06
1.49189 2.2853e-06
1.49465 2.26884e-06
1.49741 2.25841e-06
1.50017 2.24284e-06
1.50294 2.23209e-06
1.50572 2.21677e-06
1.5085 2.20573e-06
1.51129 2.19066e-06
1.51408 2.1793e-06
1.51687 2.16452e-06
1.51967 2.15272e-06
1.52248 2.13816e-06
1.52529 2.12602e-06
1.52811 2.11196e-06
1.53093 2.09938e-06
1.53376 2.0859e-06
1.53659 2.07319e-06
1.53943 2.06053e-06
1.54227 2.048e-06
1.54512 2.03644e-06
1.54797 2.02306e-06
1.55083 2.01211e-06
1.55369 1.9976e-06
1.55656 1.98781e-06
1.55944 1.97139e-06
1.56231 1.96343e-06
1.5652 1.94722e-06
1.56809 1.93918e-06
1.57099 1.92296e-06
1.57389 1.91495e-06
1.57679 1.89903e-06
1.5797 1.89099e-06
1.58262 1.87559e-06
1.58554 1.86774e-06
1.58847 1.85356e-06
1.59141 1.84546e-06
1.59434 1.8314e-06
1.59729 1.8232e-06
1.60024 1.80922e-06
1.60319 1.80074e-06
1.60615 1.78686e-06
1.60912 1.7782e-06
1.61209 1.76454e-06
1.61507 1.75565e-06
1.61805 1.74223e-06
1.62104 1.7332e-06
1.62403 1.72011e-06
1.62703 1.71107e-06
1.63003 1.69853e-06
1.63304 1.68966e-06
1.63606 1.67793e-06
1.63908 1.66893e-06
1.64211 1.6573e-06
1.64514 1.64793e-06
1.64818 1.63659e-06
1.65122 1.62691e-06
1.65427 1.61599e-06
1.65733 1.60585e-06
1.66039 1.59526e-06
1.66345 1.58474e-06
1.66652 1.57474e-06
1.6696 1.56374e-06
1.67268 1.55436e-06
1.67577 1.54285e-06
1.67887 1.53453e-06
1.68197 1.52257e-06
1.68507 1.51584e-06
1.68819 1.5032e-06
1.6913 1.497e-06
1.69443 1.48437e-06
1.69756 1.4781e-06
1.70069 1.46553e-06
1.70383 1.45912e-06
1.70698 1.44661e-06
1.71013 1.44001e-06
1.71329 1.42762e-06
1.71645 1.42092e-06
1.71962 1.40869e-06
1.7228 1.40203e-06
1.72598 1.39022e-06
1.72916 1.38363e-06
1.73236 1.37272e-06
1.73556 1.36599e-06
1.73876 1.35512e-06
1.74197 1.34827e-06
1.74519 1.33753e-06
1.74841 1.33048e-06
1.75164 1.31988e-06
1.75487 1.31262e-06
1.75812 1.30217e-06
1.76136 1.29482e-06
1.76461 1.28467e-06
1.76787 1.27713e-06
1.77114 1.26728e-06
1.77441 1.25968e-06
1.77768 1.25033e-06
1.78097 1.24289e-06
1.78426 1.2342e-06
1.78755 1.22652e-06
1.79085 1.21802e-06
1.79416 1.20998e-06
1.79747 1.20189e-06
1.80079 1.19343e-06
1.80412 1.18566e-06
1.80745 1.17669e-06
1.81079 1.16941e-06
1.81413 1.15975e-06
1.81748 1.15323e-06
1.82084 1.14214e-06
1.8242 1.1371e-06
1.82757 1.1263e-06
1.83094 1.12133e-06
1.83432 1.11162e-06
1.83771 1.10657e-06
1.8411 1.09691e-06
1.8445 1.09172e-06
1.84791 1.08209e-06
1.85132 1.07686e-06
1.85474 1.06729e-06
1.85816 1.06191e-06
1.8616 1.05251e-06
1.86503 1.04711e-06
1.86848 1.03776e-06
1.87193 1.03225e-06
1.87538 1.02314e-06
1.87885 1.01764e-06
1.88232 1.00882e-06
1.88579 1.00356e-06
1.88928 9.95406e-07
1.89276 9.89972e-07
1.89626 9.81909e-07
1.89976 9.76305e-07
1.90327 9.68323e-07
1.90678 9.62639e-07
1.9103 9.54771e-07
1.91383 9.48877e-07
1.91737 9.41171e-07
1.92091 9.35107e-07
1.92445 9.27572e-07
1.92801 9.21268e-07
1.93157 9.14083e-07
1.93514 9.07635e-07
1.93871 9.00827e-07
1.94229 8.94585e-07
1.94588 8.88457e-07
1.94947 8.8185e-07
1.95307 8.76034e-07
1.95667 8.68969e-07
1.96029 8.63561e-07
1.96391 8.5563e-07
1.96753 8.51052e-07
1.97117 8.4255e-07
1.97481 8.38499e-07
1.97845 8.30054e-07
1.98211 8.26006e-07
1.98577 8.17664e-07
1.98943 8.13619e-07
1.99311 8.05477e-07
1.99679 8.01602e-07
2.00048 7.94211e-07
2.00417 7.90226e-07
2.00787 7.82965e-07
2.01158 7.7892e-07
2.01529 7.71694e-07
2.01902 7.67493e-07
2.02274 7.60374e-07
2.02648 7.5616e-07
2.03022 7.49055e-07
2.03397 7.44746e-07
2.03773 7.378e-07
2.04149 7.33408e-07
2.04526 7.26636e-07
2.04904 7.22219e-07
2.05282 7.15621e-07
2.05661 7.1134e-07
2.06041 7.05343e-07
2.06421 7.00911e-07
2.06802 6.95002e-07
2.07184 6.90428e-07
2.07567 6.84676e-07
2.0795 6.79883e-07
2.08334 6.74272e-07
2.08719 6.69328e-07
2.09104 6.63891e-07
2.0949 6.58741e-07
2.09877 6.53519e-07
2.10265 6.48171e-07
2.10653 6.4322e-07
2.11042 6.3761e-07
2.11432 6.33135e-07
2.11822 6.27623e-07
2.12213 6.23823e-07
2.12605 6.17502e-07
2.12998 6.14515e-07
2.13391 6.08232e-07
2.13785 6.05178e-07
2.1418 5.98944e-07
2.14576 5.95847e-07
2.14972 5.89655e-07
2.15369 5.86488e-07
2.15766 5.80381e-07
2.16165 5.77175e-07
2.16564 5.71145e-07
2.16964 5.67984e-07
2.17365 5.62082e-07
2.17766 5.59025e-07
2.18168 5.53611e-07
2.18571 5.50479e-07
2.18975 5.45185e-07
2.19379 5.41947e-07
2.19784 5.36676e-07
2.2019 5.3339e-07
2.20597 5.28211e-07
2.21004 5.24832e-07
2.21412 5.19736e-07
2.21821 5.16266e-07
2.2223 5.11247e-07
2.22641 5.0771e-07
2.23052 5.02848e-07
2.23464 4.99255e-07
2.23876 4.94602e-07
2.2429 4.91187e-07
2.24704 4.86975e-07
2.25119 4.83458e-07
2.25535 4.79373e-07
2.25951 4.75715e-07
2.26368 4.71746e-07
2.26786 4.67914e-07
2.27205 4.64138e-07
2.27625 4.6008e-07
2.28045 4.56507e-07
2.28466 4.52197e-07
2.28888 4.48912e-07
2.29311 4.44148e-07
2.29734 4.41375e-07
2.30158 4.36232e-07
2.30583 4.34014e-07
2.31009 4.29333e-07
2.31436 4.27114e-07
2.31863 4.22496e-07
2.32291 4.20237e-07
2.3272 4.15668e-07
2.3315 4.13344e-07
2.33581 4.08802e-07
2.34012 4.06435e-07
2.34444 4.01926e-07
2.34877 3.99528e-07
2.35311 3.95083e-07
2.35745 3.92629e-07
2.36181 3.88271e-07
2.36617 3.85831e-07
2.37054 3.81584e-07
2.37491 3.79216e-07
2.3793 3.7534e-07
2.38369 3.72949e-07
2.38809 3.6919e-07
2.3925 3.66733e-07
2.39692 3.63012e-07
2.40135 3.60475e-07
2.40578 3.56828e-07
2.41023 3.54201e-07
2.41468 3.50632e-07
2.41914 3.47909e-07
2.4236 3.44439e-07
2.42808 3.41655e-07
2.43256 3.38294e-07
2.43705 3.35447e-07
2.44155 3.32295e-07
2.44606 3.29549e-07
2.45058 3.26723e-07
2.4551 3.23892e-07
2.45964 3.21257e-07
2.46418 3.18256e-07
2.46873 3.15765e-07
2.47329 3.1251e-07
2.47786 3.1026e-07
2.48243 3.0645e-07
2.48702 3.04759e-07
2.49161 3.00988e-07
2.49621 2.99291e-07
2.50082 2.95562e-07
2.50544 2.93849e-07
2.51006 2.90212e-07
2.5147 2.88572e-07
2.51934 2.85262e-07
2.52399 2.83591e-07
2.52866 2.80407e-07
2.53333 2.7871e-07
2.538 2.75532e-07
2.54269 2.73816e-07
2.54739 2.70652e-07
2.55209 2.68878e-07
2.5568 2.65784e-07
2.56152 2.63952e-07
2.56625 2.60904e-07
2.57099 2.59067e-07
2.57574 2.56062e-07
2.5805 2.54209e-07
2.58526 2.51316e-07
2.59004 2.49517e-07
2.59482 2.4686e-07
2.59961 2.45062e-07
2.60441 2.42506e-07
2.60922 2.40637e-07
2.61404 2.38146e-07
2.61886 2.36198e-07
2.6237 2.33766e-07
2.62855 2.31743e-07
2.6334 2.29379e-07
2.63826 2.27295e-07
2.64313 2.25035e-07
2.64801 2.22838e-07
2.6529 2.20706e-07
2.6578 2.18448e-07
2.66271 2.16494e-07
2.66763 2.14256e-07
2.67255 2.12545e-07
2.67749 2.10155e-07
2.68243 2.08703e-07
2.68739 2.0602e-07
2.69235 2.04823e-07
2.69732 2.02169e-07
2.7023 2.00945e-07
2.70729 1.98288e-07
2.71229 1.97048e-07
2.7173 1.94437e-07
2.72232 1.9317e-07
2.72735 1.90595e-07
2.73238 1.89336e-07
2.73743 1.86814e-07
2.74248 1.85609e-07
2.74755 1.83306e-07
2.75262 1.82097e-07
2.7577 1.79914e-07
2.7628 1.78679e-07
2.7679 1.76519e-07
2.77301 1.75256e-07
2.77813 1.73123e-07
2.78326 1.71812e-07
2.7884 1.69711e-07
2.79355 1.68382e-07
2.79871 1.66325e-07
2.80387 1.64946e-07
2.80905 1.62942e-07
2.81424 1.61563e-07
2.81944 1.59639e-07
2.82464 1.58305e-07
2.82986 1.56562e-07
2.83508 1.55215e-07
2.84032 1.53585e-07
2.84556 1.52186e-07
2.85082 1.50597e-07
2.85608 1.49128e-07
2.86136 1.47599e-07
2.86664 1.46062e-07
2.87193 1.44614e-07
2.87724 1.42974e-07
2.88255 1.41633e-07
2.88787 1.39878e-07
2.89321 1.38676e-07
2.89855 1.36614e-07
2.9039 1.35802e-07
2.90926 1.33909e-07
2.91464 1.33111e-07
2.92002 1.3131e-07
2.92541 1.30479e-07
2.93081 1.28702e-07
2.93623 1.27851e-07
2.94165 1.26085e-07
2.94708 1.25223e-07
2.95252 1.23464e-07
2.95797 1.22578e-07
2.96344 1.2085e-07
2.96891 1.19962e-07
2.97439 1.18254e-07
2.97988 1.17352e-07
2.98539 1.15705e-07
2.9909 1.14846e-07
2.99642 1.13336e-07
3.00195 1.1249e-07
3.0075 1.11066e-07
3.01305 1.10199e-07
3.01862 1.08792e-07
3.02419 1.07892e-07
3.02977 1.06516e-07
3.03537 1.05584e-07
3.04097 1.04233e-07
3.04659 1.03273e-07
3.05222 1.01965e-07
3.05785 1.00966e-07
3.0635 9.96997e-08
3.06916 9.86893e-08
3.07482 9.7494e-08
3.0805 9.65075e-08
3.08619 9.54244e-08
3.09189 9.44407e-08
3.0976 9.34425e-08
3.10332 9.24039e-08
3.10905 9.14687e-08
3.11479 9.03498e-08
3.12054 8.94801e-08
3.1263 8.8252e-08
3.13208 8.74954e-08
3.13786 8.61045e-08
3.14365 8.55151e-08
3.14946 8.41436e-08
3.15528 8.35585e-08
3.1611 8.22144e-08
3.16694 8.16606e-08
3.17279 8.04265e-08
3.17865 7.98819e-08
3.18452 7.87295e-08
3.1904 7.81672e-08
3.19629 7.70275e-08
3.20219 7.64512e-08
3.2081 7.5319e-08
3.21403 7.47249e-08
3.21996 7.36083e-08
3.22591 7.30092e-08
3.23187 7.19017e-08
3.23783 7.12895e-08
3.24381 7.02099e-08
3.2498 6.95871e-08
3.2558 6.85446e-08
3.26182 6.79499e-08
3.26784 6.70044e-08
3.27387 6.64224e-08
3.27992 6.55476e-08
3.28598 6.4941e-08
3.29204 6.40869e-08
3.29812 6.34593e-08
3.30421 6.26254e-08
3.31031 6.19766e-08
3.31643 6.11586e-08
3.32255 6.04826e-08
3.32869 5.97002e-08
3.33483 5.90015e-08
3.34099 5.82547e-08
3.34716 5.75263e-08
3.35334 5.68423e-08
3.35953 5.61171e-08
3.36574 5.55235e-08
3.37195 5.47903e-08
3.37818 5.42731e-08
3.38442 5.34242e-08
3.39067 5.30277e-08
3.39693 5.21435e-08
3.4032 5.17733e-08
3.40949 5.08925e-08
3.41578 5.05137e-08
3.42209 4.96497e-08
3.42841 4.92646e-08
3.43474 4.84128e-08
3.44108 4.80313e-08
3.44744 4.71969e-08
3.4538 4.68311e-08
3.46018 4.60655e-08
3.46657 4.57088e-08
3.47297 4.50155e-08
3.47939 4.46459e-08
3.48581 4.3955e-08
3.49225 4.35796e-08
3.4987 4.2896e-08
3.50516 4.25086e-08
3.51163 4.1837e-08
3.51811 4.14371e-08
3.52461 4.07766e-08
3.53112 4.03688e-08
3.53764 3.97261e-08
3.54417 3.93143e-08
3.55072 3.86943e-08
3.55727 3.8294e-08
3.56384 3.77346e-08
3.57042 3.73458e-08
3.57702 3.68348e-08
3.58362 3.64296e-08
3.59024 3.59369e-08
3.59687 3.55103e-08
3.60351 3.50331e-08
3.61017 3.45872e-08
3.61683 3.4132e-08
3.62351 3.36595e-08
3.6302 3.32321e-08
3.63691 3.27288e-08
3.64362 3.2341e-08
3.65035 3.17966e-08
3.65709 3.14744e-08
3.66384 3.08874e-08
3.67061 3.06697e-08
3.67739 3.01452e-08
3.68418 2.99213e-08
3.69098 2.93977e-08
3.6978 2.91696e-08
3.70463 2.86484e-08
3.71147 2.84179e-08
3.71832 2.7901e-08
3.72519 2.76641e-08
3.73207 2.71533e-08
3.73896 2.69112e-08
3.74586 2.64113e-08
3.75278 2.61692e-08
3.75971 2.56813e-08
3.76665 2.54472e-08
3.77361 2.50001e-08
3.78058 2.47765e-08
3.78756 2.43796e-08
3.79455 2.41481e-08
3.80156 2.37567e-08
3.80858 2.35175e-08
3.81561 2.31322e-08
3.82266 2.28865e-08
3.82972 2.25077e-08
3.83679 2.22537e-08
3.84387 2.18841e-08
3.85097 2.16267e-08
3.85808 2.1267e-08
3.86521 2.10012e-08
3.87234 2.06618e-08
3.87949 2.04027e-08
3.88666 2.00997e-08
3.89384 1.98529e-08
3.90103 1.95813e-08
3.90823 1.93206e-08
3.91545 1.90627e-08
3.92268 1.87821e-08
3.92992 1.85435e-08
3.93718 1.82391e-08
3.94445 1.8022e-08
3.95173 1.76717e-08
3.95903 1.75041e-08
3.96634 1.71322e-08
3.97366 1.69908e-08
3.981 1.66261e-08
3.98835 1.64906e-08
3.99572 1.61535e-08
4.0031 1.60257e-08
4.01049 1.57289e-08
4.01789 1.5597e-08
4.02531 1.53037e-08
4.03275 1.5168e-08
4.04019 1.48771e-08
4.04765 1.47379e-08
4.05513 1.44506e-08
4.06262 1.4307e-08
4.07012 1.4024e-08
4.07763 1.38775e-08
4.08516 1.35997e-08
4.09271 1.34541e-08
4.10027 1.31845e-08
4.10784 1.30431e-08
4.11542 1.27968e-08
4.12302 1.26642e-08
4.13064 1.24506e-08
4.13826 1.23143e-08
4.14591 1.21051e-08
4.15356 1.19617e-08
4.16123 1.17572e-08
4.16892 1.16082e-08
4.17661 1.14094e-08
4.18433 1.12552e-08
4.19205 1.10626e-08
4.19979 1.09025e-08
4.20755 1.07185e-08
4.21532 1.05521e-08
4.2231 1.03838e-08
4.2309 1.02176e-08
4.23871 1.00699e-08
4.24654 9.91214e-09
4.25438 9.78735e-09
4.26224 9.61304e-09
4.27011 9.50426e-09
4.278 9.2991e-09
4.2859 9.21987e-09
4.29381 9.01633e-09
4.30174 8.93527e-09
4.30968 8.73408e-09
4.31764 8.65234e-09
4.32561 8.45355e-09
4.3336 8.37168e-09
4.3416 8.1768e-09
4.34962 8.09884e-09
4.35765 7.91816e-09
4.3657 7.8472e-09
4.37376 7.69352e-09
4.38184 7.62017e-09
4.38993 7.46755e-09
4.39804 7.3911e-09
4.40616 7.24141e-09
4.41429 7.16244e-09
4.42245 7.01372e-09
4.43061 6.93336e-09
4.43879 6.7878e-09
4.44699 6.70505e-09
4.4552 6.56277e-09
4.46343 6.47882e-09
4.47167 6.34223e-09
4.47993 6.26069e-09
4.4882 6.13532e-09
4.49649 6.06061e-09
4.50479 5.95481e-09
4.51311 5.877e-09
4.52144 5.7743e-09
4.52979 5.69147e-09
4.53816 5.59241e-09
4.54654 5.50563e-09
4.55493 5.41004e-09
4.56335 5.31883e-09
4.57177 5.22923e-09
4.58021 5.13158e-09
4.58867 5.04901e-09
4.59715 4.94482e-09
4.60564 4.87341e-09
4.61414 4.76016e-09
4.62266 4.71005e-09
4.6312 4.60645e-09
4.63975 4.56685e-09
4.64832 4.46341e-09
4.6569 4.42329e-09
4.6655 4.32036e-09
4.67411 4.27899e-09
4.68275 4.17693e-09
4.69139 4.13473e-09
4.70006 4.03357e-09
4.70874 3.99029e-09
4.71743 3.8913e-09
4.72614 3.84816e-09
4.73487 3.75159e-09
4.74361 3.70929e-09
4.75237 3.61971e-09
4.76115 3.58252e-09
4.76994 3.50805e-09
4.77875 3.46921e-09
4.78757 3.39588e-09
4.79641 3.35554e-09
4.80527 3.28348e-09
4.81414 3.2418e-09
4.82303 3.17048e-09
4.83194 3.1272e-09
4.84086 3.05831e-09
4.8498 3.01362e-09
4.85876 2.94641e-09
4.86773 2.90082e-09
4.87672 2.83715e-09
4.88572 2.79137e-09
4.89475 2.73414e-09
4.90378 2.69459e-09
4.91284 2.64734e-09
4.92191 2.60496e-09
4.931 2.56009e-09
4.94011 2.51504e-09
4.94923 2.47245e-09
4.95837 2.4238e-09
4.96752 2.38487e-09
4.9767 2.33086e-09
4.98589 2.29739e-09
4.99509 2.2327e-09
5.00432 2.21062e-09
5.01356 2.14715e-09
5.02282 2.12577e-09
5.03209 2.06582e-09
5.04138 2.04706e-09
5.05069 1.99911e-09
5.06002 1.97952e-09
5.06936 1.93204e-09
5.07873 1.91183e-09
5.0881 1.8646e-09
5.0975 1.84415e-09
5.10691 1.79722e-09
5.11634 1.77603e-09
5.12579 1.72986e-09
5.13526 1.70823e-09
5.14474 1.66304e-09
5.15424 1.64097e-09
5.16376 1.59699e-09
5.17329 1.57555e-09
5.18285 1.53465e-09
5.19242 1.51615e-09
5.202 1.48336e-09
5.21161 1.46406e-09
5.22123 1.43166e-09
5.23088 1.41147e-09
5.24054 1.37986e-09
5.25021 1.35891e-09
5.25991 1.32774e-09
5.26962 1.30585e-09
5.27935 1.27606e-09
5.2891 1.25319e-09
5.29887 1.22445e-09
5.30865 1.20078e-09
5.31846 1.17406e-09
5.32828 1.14978e-09
5.33812 1.12651e-09
5.34797 1.10589e-09
5.35785 1.08775e-09
5.36774 1.06518e-09
5.37765 1.04885e-09
5.38758 1.02316e-09
5.39753 1.00972e-09
5.4075 9.80806e-10
5.41749 9.70523e-10
5.42749 9.41898e-10
5.43751 9.31523e-10
5.44755 9.03129e-10
5.45761 8.92812e-10
5.46769 8.65046e-10
5.47779 8.54969e-10
5.4879 8.28466e-10
5.49804 8.20039e-10
5.50819 7.99628e-10
5.51836 7.90813e-10
5.52855 7.70656e-10
5.53876 7.61537e-10
5.54899 7.41553e-10
5.55923 7.32112e-10
5.5695 7.12409e-10
5.57979 7.02593e-10
5.59009 6.83233e-10
5.60041 6.73184e-10
5.61075 6.54265e-10
5.62111 6.44045e-10
5.63149 6.25749e-10
5.64189 6.15596e-10
5.65231 5.98591e-10
5.66275 5.90117e-10
5.67321 5.77032e-10
5.68368 5.68107e-10
5.69418 5.55394e-10
5.70469 5.46025e-10
5.71523 5.33678e-10
5.72578 5.2376e-10
5.73635 5.11902e-10
5.74695 5.01458e-10
5.75756 4.9013e-10
5.76819 4.78955e-10
5.77884 4.68566e-10
5.78951 4.56672e-10
5.8002 4.47364e-10
5.81092 4.34523e-10
5.82165 4.27444e-10
5.8324 4.15443e-10
5.84317 4.11464e-10
5.85396 3.99657e-10
5.86477 3.95569e-10
5.8756 3.83824e-10
5.88645 3.79565e-10
5.89732 3.67918e-10
5.90821 3.63568e-10
5.91912 3.52047e-10
5.93005 3.47597e-10
5.941 3.36221e-10
5.95197 3.31726e-10
5.96296 3.20624e-10
5.97397 3.16269e-10
5.985 3.05691e-10
5.99605 3.02053e-10
6.00713 2.94057e-10
6.01822 2.9029e-10
6.02933 2.8256e-10
6.04047 2.78706e-10
6.05162 2.70992e-10
6.06279 2.66938e-10
6.07399 2.59411e-10
6.08521 2.55191e-10
6.09644 2.47847e-10
6.1077 2.43482e-10
6.11898 2.36297e-10
6.13028 2.31812e-10
6.1416 2.24987e-10
6.15294 2.20465e-10
6.1643 2.1422e-10
6.17569 2.10475e-10
6.18709 2.05687e-10
6.19851 2.01838e-10
6.20996 1.97388e-10
6.22143 1.9326e-10
6.23292 1.88994e-10
6.24443 1.84549e-10
6.25596 1.80601e-10
6.26751 1.75724e-10
6.27908 1.72201e-10
6.29068 1.66714e-10
6.30229 1.63893e-10
6.31393 1.57582e-10
6.32559 1.55724e-10
6.33727 1.49656e-10
6.34897 1.48118e-10
6.3607 1.43563e-10
6.37244 1.42035e-10
6.38421 1.37705e-10
6.396 1.36087e-10
6.40781 1.3181e-10
6.41964 1.3015e-10
6.4315 1.25901e-10
6.44338 1.24187e-10
6.45527 1.1996e-10
6.46719 1.18199e-10
6.47914 1.14068e-10
6.4911 1.12271e-10
6.50309 1.08264e-10
6.5151 1.06515e-10
6.52713 1.02716e-10
6.53918 1.01263e-10
6.55126 9.83832e-11
6.56335 9.69431e-11
6.57547 9.42535e-11
6.58761 9.27211e-11
6.59978 9.00791e-11
6.61197 8.84914e-11
6.62418 8.59054e-11
6.63641 8.42365e-11
6.64866 8.17276e-11
6.66094 7.996e-11
6.67324 7.75771e-11
6.68556 7.57479e-11
6.69791 7.349e-11
6.71028 7.16178e-11
6.72267 6.96424e-11
6.73508 6.80828e-11
6.74752 6.66003e-11
6.75998 6.50175e-11
6.77246 6.37103e-11
6.78497 6.19425e-11
6.7975 6.07963e-11
6.81005 5.85625e-11
6.82263 5.78772e-11
6.83522 5.56577e-11
6.84785 5.49639e-11
6.86049 5.27675e-11
6.87316 5.20597e-11
6.88585 4.99124e-11
6.89857 4.92196e-11
6.91131 4.71589e-11
6.92407 4.6598e-11
6.93686 4.50422e-11
6.94967 4.44942e-11
6.9625 4.30662e-11
6.97536 4.24921e-11
6.98824 4.10781e-11
7.00114 4.04778e-11
7.01407 3.90839e-11
7.02702 3.84672e-11
7.04 3.70894e-11
7.053 3.64488e-11
7.06602 3.51001e-11
7.07907 3.4445e-11
7.09214 3.3135e-11
7.10524 3.24874e-11
7.11836 3.12692e-11
7.1315 3.07329e-11
7.14467 2.98147e-11
7.15787 2.92949e-11
7.17108 2.84769e-11
7.18433 2.79212e-11
7.19759 2.71224e-11
7.21088 2.65436e-11
7.2242 2.57709e-11
7.23754 2.51495e-11
7.2509 2.44111e-11
7.26429 2.37488e-11
7.27771 2.3056e-11
7.29115 2.23585e-11
7.30461 2.17329e-11
7.3181 2.09804e-11
7.33161 2.04829e-11
7.34515 1.98243e-11
7.35872 1.94997e-11
7.3723 1.88053e-11
7.38592 1.85948e-11
7.39956 1.79014e-11
7.41322 1.76844e-11
7.42691 1.69939e-11
7.44062 1.677e-11
7.45436 1.6085e-11
7.46813 1.58556e-11
7.48192 1.51781e-11
7.49574 1.49426e-11
7.50958 1.42829e-11
7.52345 1.40516e-11
7.53734 1.34209e-11
7.55126 1.32304e-11
7.5652 1.27531e-11
7.57917 1.25769e-11
7.59317 1.21555e-11
7.60719 1.19699e-11
7.62124 1.15544e-11
7.63531 1.13584e-11
7.64941 1.09485e-11
7.66353 1.07451e-11
7.67769 1.0344e-11
7.69186 1.01316e-11
7.70607 9.7399e-12
7.7203 9.51838e-12
7.73455 9.14369e-12
7.74884 8.92078e-12
7.76315 8.57724e-12
7.77748 8.39443e-12
7.79184 8.13448e-12
7.80623 7.96233e-12
7.82065 7.74157e-12
7.83509 7.55763e-12
7.84956 7.34673e-12
7.86405 7.14697e-12
7.87857 6.94934e-12
7.89312 6.73226e-12
7.9077 6.55065e-12
7.9223 6.30893e-12
7.93693 6.15324e-12
7.95158 5.86201e-12
7.96627 5.76482e-12
7.98098 5.46388e-12
7.99572 5.39962e-12
8.01048 5.1712e-12
8.02527 5.11238e-12
8.04009 4.91916e-12
8.05494 4.85732e-12
8.06981 4.66542e-12
8.08472 4.60112e-12
8.09965 4.41056e-12
8.1146 4.34368e-12
8.12959 4.1545e-12
8.1446 4.08458e-12
8.15964 3.89939e-12
8.17471 3.82846e-12
8.1898 3.64603e-12
8.20492 3.57591e-12
8.22008 3.40356e-12
8.23526 3.34578e-12
8.25046 3.21515e-12
8.2657 3.16308e-12
8.28096 3.0541e-12
8.29625 2.99934e-12
8.31157 2.89222e-12
8.32692 2.83451e-12
8.3423 2.7295e-12
8.3577 2.6684e-12
8.37314 2.566e-12
8.3886 2.50154e-12
8.40409 2.40252e-12
8.41961 2.33577e-12
8.43516 2.24204e-12
8.45073 2.17296e-12
8.46634 2.08906e-12
8.48197 2.03086e-12
8.49763 1.96964e-12
8.51333 1.91659e-12
8.52905 1.86793e-12
8.5448 1.80914e-12
8.56057 1.76544e-12
8.57638 1.69819e-12
8.59222 1.6625e-12
8.60809 1.58098e-12
8.62398 1.55903e-12
8.63991 1.47839e-12
8.65586 1.45599e-12
8.67185 1.37655e-12
8.68786 1.35458e-12
8.7039 1.27779e-12
8.71997 1.26017e-12
8.73608 1.20124e-12
8.75221 1.1859e-12
8.76837 1.13892e-12
8.78456 1.12262e-12
8.80078 1.07618e-12
8.81704 1.05911e-12
8.83332 1.01297e-12
8.84963 9.95009e-13
8.86597 9.49372e-13
8.88234 9.30639e-13
8.89874 8.8593e-13
8.91518 8.66537e-13
8.93164 8.23142e-13
8.94813 8.03652e-13
8.96466 7.62771e-13
8.98121 7.46798e-13
8.9978 7.15613e-13
9.01441 7.02111e-13
9.03106 6.77492e-13
9.04773 6.63114e-13
9.06444 6.39159e-13
9.08118 6.23786e-13
9.09795 6.00502e-13
9.11475 5.83919e-13
9.13158 5.6178e-13
9.14844 5.43993e-13
9.16534 5.2293e-13
9.18226 5.03917e-13
9.19922 4.84621e-13
9.2162 4.64212e-13
9.23322 4.4839e-13
9.25027 4.30375e-13
9.26736 4.19776e-13
9.28447 4.03068e-13
9.30161 3.96735e-13
9.31879 3.78281e-13
9.336 3.73485e-13
9.35324 3.55079e-13
9.37051 3.50065e-13
9.38781 3.31783e-13
9.40515 3.26574e-13
9.42252 3.08383e-13
9.43992 3.03007e-13
9.45735 2.85223e-13
9.47481 2.79885e-13
9.49231 2.62763e-13
9.50984 2.58375e-13
9.5274 2.45048e-13
9.54499 2.4145e-13
9.56262 2.31499e-13
9.58027 2.27668e-13
9.59797 2.17813e-13
9.61569 2.13822e-13
9.63345 2.0405e-13
9.65123 1.99823e-13
9.66906 1.9022e-13
9.68691 1.85697e-13
9.7048 1.76336e-13
9.72272 1.71684e-13
9.74067 1.6263e-13
9.75866 1.57827e-13
9.77668 1.49416e-13
9.79474 1.45383e-13
9.81282 1.39012e-13
9.83094 1.35802e-13
9.8491 1.31135e-13
9.86728 1.27666e-13
9.88551 1.23209e-13
9.90376 1.19445e-13
9.92205 1.1521e-13
9.94037 1.11058e-13
9.95873 1.07154e-13
9.97712 1.02554e-13
9.99554 9.90994e-14
10.014 9.3893e-14
10.0325 9.11408e-14
10.051 8.47595e-14
10.0696 8.36144e-14
10.0882 7.85277e-14
10.1068 7.7615e-14
10.1255 7.40316e-14
10.1442 7.30705e-14
10.1629 6.94912e-14
10.1817 6.84789e-14
10.2005 6.49056e-14
10.2193 6.38498e-14
10.2382 6.03004e-14
10.2571 5.92015e-14
10.276 5.56887e-14
10.295 5.4541e-14
10.314 5.1098e-14
10.333 4.99526e-14
10.3521 4.66487e-14
10.3712 4.56786e-14
10.3904 4.30779e-14
10.4096 4.23487e-14
10.4288 4.05558e-14
10.4481 3.97731e-14
10.4674 3.8008e-14
10.4867 3.7179e-14
10.5061 3.54348e-14
10.5255 3.45466e-14
10.5449 3.28479e-14
10.5644 3.18973e-14
10.5839 3.02508e-14
10.6034 2.92501e-14
10.623 2.76818e-14
10.6426 2.66263e-14
10.6623 2.52012e-14
10.682 2.42844e-14
10.7017 2.32157e-14
10.7214 2.25323e-14
10.7412 2.18192e-14
10.7611 2.10566e-14
10.7809 2.04049e-14
10.8008 1.95434e-14
10.8208 1.89811e-14
10.8408 1.79519e-14
10.8608 1.75456e-14
10.8809 1.63754e-14
10.9009 1.61086e-14
10.9211 1.49501e-14
10.9412 1.46856e-14
10.9614 1.35574e-14
10.9817 1.33336e-14
11.002 1.242e-14
11.0223 1.22604e-14
11.0426 1.16677e-14
11.063 1.14946e-14
11.0835 1.09066e-14
11.1039 1.07253e-14
11.1244 1.01393e-14
11.145 9.94917e-15
11.1655 9.36765e-15
11.1862 9.165e-15
11.2068 8.59251e-15
11.2275 8.3789e-15
11.2483 7.8183e-15
11.269 7.6019e-15
11.2898 7.06819e-15
11.3107 6.88163e-15
11.3316 6.45346e-15
11.3525 6.32368e-15
11.3735 6.05362e-15
11.3945 5.91441e-15
11.4155 5.64939e-15
11.4366 5.49874e-15
11.4577 5.24084e-15
11.4789 5.07897e-15
11.5001 4.82874e-15
11.5213 4.65403e-15
11.5426 4.41666e-15
11.5639 4.22513e-15
11.5852 4.00592e-15
11.6066 3.80171e-15
11.6281 3.60994e-15
11.6495 3.42007e-15
11.671 3.28932e-15
11.6926 3.1528e-15
11.7142 3.0798e-15
11.7358 2.90465e-15
11.7575 2.86812e-15
11.7792 2.69329e-15
11.801 2.65447e-15
11.8227 2.48048e-15
11.8446 2.43972e-15
11.8664 2.26639e-15
11.8884 2.22403e-15
11.9103 2.05268e-15
11.9323 2.00886e-15
11.9543 1.84296e-15
11.9764 1.80528e-15
11.9985 1.66698e-15
12.0207 1.64231e-15
12.0429 1.56044e-15
12.0651 1.53429e-15
12.0874 1.45291e-15
12.1097 1.4246e-15
12.1321 1.34396e-15
12.1545 1.31389e-15
12.1769 1.23455e-15
12.1994 1.20248e-15
12.2219 1.12449e-15
12.2445 1.09063e-15
12.2671 1.01442e-15
12.2898 9.79059e-16
12.3125 9.07291e-16
12.3352 8.75817e-16
12.358 8.17507e-16
12.3808 7.97775e-16
12.4037 7.64016e-16
12.4266 7.42211e-16
12.4495 7.09767e-16
12.4725 6.85951e-16
12.4955 6.5522e-16
12.5186 6.28721e-16
12.5417 5.99994e-16
12.5649 5.70526e-16
12.5881 5.44526e-16
12.6113 5.11173e-16
12.6346 4.89268e-16
12.658 4.50101e-16
12.6813 4.35788e-16
12.7048 3.96055e-16
12.7282 3.91716e-16
12.7517 3.69983e-16
12.7753 3.65349e-16
12.7989 3.4361e-16
12.8225 3.38674e-16
12.8462 3.17003e-16
12.8699 3.11726e-16
12.8937 2.90153e-16
12.9175 2.84607e-16
12.9413 2.63157e-16
12.9652 2.57208e-16
12.9892 2.36055e-16
13.0131 2.30037e-16
13.0372 2.09459e-16
13.0612 2.03983e-16
13.0854 1.86492e-16
13.1095 1.83267e-16
13.1337 1.73922e-16
13.158 1.70469e-16
13.1823 1.6124e-16
13.2066 1.57518e-16
13.231 1.48436e-16
13.2555 1.44427e-16
13.2799 1.35482e-16
13.3045 1.31156e-16
13.329 1.22479e-16
13.3536 1.17811e-16
13.3783 1.09446e-16
13.403 1.04534e-16
13.4277 9.6717e-17
13.4525 9.20257e-17
13.4774 8.57768e-17
13.5023 8.31075e-17
13.5272 7.98317e-17
13.5522 7.68686e-17
13.5772 7.38406e-17
13.6023 7.04549e-17
13.6274 6.77727e-17
13.6526 6.38007e-17
13.6778 6.16476e-17
13.703 5.64337e-17
13.7283 5.5484e-17
13.7537 5.03006e-17
13.7791 4.93294e-17
13.8045 4.42297e-17
13.83 4.3341e-17
13.8556 3.88092e-17
13.8811 3.83349e-17
13.9068 3.61173e-17
13.9325 3.56094e-17
13.9582 3.33937e-17
13.984 3.28382e-17
14.0098 3.06448e-17
14.0357 3.00511e-17
14.0616 2.78627e-17
14.0875 2.72266e-17
14.1136 2.50671e-17
14.1396 2.43824e-17
14.1657 2.22614e-17
14.1919 2.15606e-17
14.2181 1.94853e-17
14.2443 1.8826e-17
14.2706 1.70118e-17
14.297 1.66622e-17
14.3234 1.58046e-17
14.3499 1.5426e-17
14.3763 1.45803e-17
14.4029 1.41676e-17
14.4295 1.33468e-17
14.4561 1.28953e-17
14.4828 1.20977e-17
14.5096 1.16101e-17
14.5364 1.08389e-17
14.5632 1.03067e-17
14.5901 9.58185e-18
14.617 8.99608e-18
14.644 8.34023e-18
14.6711 7.74201e-18
14.6982 7.25003e-18
14.7253 6.93394e-18
14.7525 6.72037e-18
14.7797 6.33953e-18
14.807 6.18307e-18
14.8344 5.71978e-18
14.8618 5.64028e-18
14.8892 5.17754e-18
14.9167 5.09194e-18
14.9443 4.63028e-18
14.9719 4.5395e-18
14.9995 4.08084e-18
15.0272 3.98371e-18
15.055 3.53431e-18
15.0828 3.44218e-18
15.1106 3.02668e-18
15.1385 2.98342e-18
15.1665 2.80191e-18
15.1945 2.75438e-18
15.2225 2.57433e-18
15.2506 2.52387e-18
15.2788 2.34465e-18
15.307 2.29001e-18
15.3353 2.11284e-18
15.3636 2.0534e-18
15.392 1.87845e-18
15.4204 1.81507e-18
15.4489 1.64366e-18
15.4774 1.57519e-18
15.506 1.41033e-18
15.5346 1.34373e-18
15.5633 1.19795e-18
15.592 1.17336e-18
15.6208 1.12418e-18
15.6497 1.09721e-18
15.6786 1.04957e-18
15.7075 1.01938e-18
15.7365 9.7347e-19
15.7656 9.39767e-19
15.7947 8.95705e-19
15.8239 8.56145e-19
15.8531 8.14127e-19
15.8824 7.6613e-19
15.9117 7.21343e-19
15.9411 6.48484e-19
15.9705 5.53941e-19
16 0
