# 1:pT 2:PhotonSpectrum=dN/d^2xT d^2pT dy
0.01 2.27488
0.0100185 2.27229
0.010037 2.26628
0.0100555 2.26355
0.0100741 2.25748
0.0100927 2.2546
0.0101113 2.24855
0.01013 2.24551
0.0101487 2.23943
0.0101674 2.23621
0.0101862 2.23
0.010205 2.22662
0.0102239 2.22034
0.0102427 2.21677
0.0102617 2.21035
0.0102806 2.20645
0.0102996 2.19978
0.0103186 2.1953
0.0103377 2.18737
0.0103567 2.18278
0.0103759 2.17487
0.010395 2.17014
0.0104142 2.16231
0.0104335 2.15734
0.0104527 2.14964
0.010472 2.14458
0.0104914 2.13699
0.0105107 2.13177
0.0105301 2.12439
0.0105496 2.11891
0.0105691 2.11169
0.0105886 2.10612
0.0106081 2.09924
0.0106277 2.09369
0.0106474 2.08734
0.010667 2.08146
0.0106867 2.07539
0.0107065 2.06926
0.0107262 2.06346
0.010746 2.05682
0.0107659 2.05143
0.0107858 2.04415
0.0108057 2.03941
0.0108256 2.03102
0.0108456 2.02733
0.0108656 2.01905
0.0108857 2.01534
0.0109058 2.00706
0.0109259 2.00345
0.0109461 1.99575
0.0109663 1.992
0.0109866 1.98439
0.0110069 1.98054
0.0110272 1.97296
0.0110476 1.96904
0.011068 1.96151
0.0110884 1.95753
0.0111089 1.95
0.0111294 1.94591
0.0111499 1.93846
0.0111705 1.9343
0.0111912 1.92697
0.0112118 1.92272
0.0112325 1.9156
0.0112533 1.91139
0.0112741 1.90471
0.0112949 1.90036
0.0113157 1.89377
0.0113366 1.8893
0.0113576 1.88286
0.0113785 1.87822
0.0113995 1.8719
0.0114206 1.8671
0.0114417 1.86082
0.0114628 1.85583
0.011484 1.84985
0.0115052 1.84464
0.0115264 1.83884
0.0115477 1.8334
0.011569 1.82801
0.0115904 1.82247
0.0116118 1.81756
0.0116332 1.8116
0.0116547 1.80712
0.0116762 1.80019
0.0116978 1.79669
0.0117194 1.78938
0.0117411 1.78614
0.0117627 1.77888
0.0117845 1.7756
0.0118062 1.76835
0.011828 1.76499
0.0118499 1.75788
0.0118717 1.75445
0.0118937 1.7474
0.0119156 1.74402
0.0119376 1.73742
0.0119597 1.73398
0.0119818 1.72753
0.0120039 1.72397
0.0120261 1.71751
0.0120483 1.7139
0.0120705 1.70747
0.0120928 1.70379
0.0121151 1.69744
0.0121375 1.69364
0.0121599 1.68737
0.0121824 1.68344
0.0122049 1.6773
0.0122274 1.67335
0.01225 1.66741
0.0122726 1.66343
0.0122953 1.65787
0.012318 1.65376
0.0123407 1.64837
0.0123635 1.64413
0.0123863 1.63884
0.0124092 1.63443
0.0124321 1.62927
0.0124551 1.6246
0.0124781 1.61972
0.0125011 1.61481
0.0125242 1.61011
0.0125473 1.60482
0.0125705 1.60052
0.0125937 1.59477
0.012617 1.59108
0.0126403 1.58469
0.0126636 1.58192
0.012687 1.57567
0.0127104 1.57282
0.0127339 1.56659
0.0127574 1.56364
0.012781 1.55745
0.0128046 1.55445
0.0128282 1.54829
0.0128519 1.54524
0.0128756 1.53911
0.0128994 1.53598
0.0129232 1.52995
0.0129471 1.52681
0.012971 1.52086
0.012995 1.51772
0.0130189 1.51209
0.013043 1.5089
0.0130671 1.50343
0.0130912 1.50018
0.0131154 1.49474
0.0131396 1.49136
0.0131639 1.48603
0.0131882 1.48253
0.0132125 1.47722
0.0132369 1.47372
0.0132614 1.46847
0.0132859 1.46484
0.0133104 1.45976
0.013335 1.456
0.0133596 1.45106
0.0133843 1.4473
0.013409 1.44274
0.0134337 1.43887
0.0134585 1.43446
0.0134834 1.43037
0.0135083 1.42617
0.0135332 1.42179
0.0135582 1.41785
0.0135833 1.41308
0.0136083 1.40946
0.0136335 1.40405
0.0136587 1.40109
0.0136839 1.39527
0.0137091 1.39273
0.0137345 1.38695
0.0137598 1.38445
0.0137852 1.37897
0.0138107 1.37645
0.0138362 1.37112
0.0138617 1.3685
0.0138873 1.36317
0.013913 1.36049
0.0139387 1.35523
0.0139644 1.35249
0.0139902 1.34728
0.014016 1.34444
0.0140419 1.33928
0.0140678 1.33645
0.0140938 1.33127
0.0141198 1.32841
0.0141459 1.32336
0.014172 1.32051
0.0141982 1.31574
0.0142244 1.3128
0.0142507 1.30817
0.014277 1.30518
0.0143034 1.30065
0.0143298 1.29751
0.0143563 1.29304
0.0143828 1.28977
0.0144093 1.28544
0.0144359 1.28202
0.0144626 1.27776
0.0144893 1.27426
0.0145161 1.27017
0.0145429 1.2665
0.0145697 1.26261
0.0145966 1.25889
0.0146236 1.25532
0.0146506 1.25141
0.0146776 1.24814
0.0147047 1.24386
0.0147319 1.2409
0.0147591 1.23586
0.0147863 1.23366
0.0148136 1.22862
0.014841 1.22636
0.0148684 1.22135
0.0148959 1.21904
0.0149234 1.21411
0.0149509 1.21174
0.0149785 1.20687
0.0150062 1.20453
0.0150339 1.19988
0.0150617 1.19755
0.0150895 1.19303
0.0151173 1.19064
0.0151453 1.18615
0.0151732 1.18369
0.0152012 1.17924
0.0152293 1.17669
0.0152574 1.17226
0.0152856 1.16969
0.0153138 1.16533
0.0153421 1.16269
0.0153705 1.15842
0.0153988 1.15569
0.0154273 1.1515
0.0154558 1.14879
0.0154843 1.14481
0.0155129 1.14206
0.0155415 1.13824
0.0155702 1.13539
0.015599 1.13165
0.0156278 1.12867
0.0156567 1.12501
0.0156856 1.1219
0.0157145 1.11837
0.0157435 1.11509
0.0157726 1.11173
0.0158017 1.10821
0.0158309 1.10509
0.0158602 1.10133
0.0158894 1.09851
0.0159188 1.09441
0.0159482 1.09213
0.0159776 1.08777
0.0160071 1.08583
0.0160367 1.08148
0.0160663 1.07952
0.016096 1.07518
0.0161257 1.07317
0.0161555 1.06889
0.0161853 1.0668
0.0162152 1.06254
0.0162451 1.06042
0.0162751 1.05619
0.0163052 1.05404
0.0163353 1.04988
0.0163655 1.04773
0.0163957 1.04376
0.016426 1.04163
0.0164563 1.03777
0.0164867 1.03556
0.0165171 1.03174
0.0165476 1.02947
0.0165782 1.02571
0.0166088 1.02338
0.0166395 1.01963
0.0166702 1.01724
0.016701 1.01359
0.0167318 1.01109
0.0167627 1.00753
0.0167937 1.00495
0.0168247 1.00151
0.0168558 0.998928
0.0168869 0.995641
0.0169181 0.993035
0.0169493 0.989932
0.0169806 0.987157
0.017012 0.984184
0.0170434 0.98126
0.0170748 0.978415
0.0171064 0.975286
0.017138 0.972643
0.0171696 0.969201
0.0172013 0.966837
0.0172331 0.962768
0.0172649 0.96105
0.0172968 0.957023
0.0173287 0.955305
0.0173607 0.95144
0.0173928 0.949704
0.0174249 0.946009
0.0174571 0.944232
0.0174893 0.940549
0.0175216 0.938703
0.017554 0.935057
0.0175864 0.933185
0.0176189 0.929549
0.0176514 0.927651
0.017684 0.924031
0.0177166 0.922077
0.0177494 0.918518
0.0177821 0.916524
0.017815 0.913009
0.0178479 0.911037
0.0178808 0.907675
0.0179138 0.905706
0.0179469 0.902486
0.0179801 0.900421
0.0180133 0.89723
0.0180465 0.895129
0.0180799 0.891988
0.0181132 0.889794
0.0181467 0.886717
0.0181802 0.884427
0.0182138 0.881414
0.0182474 0.879049
0.0182811 0.876125
0.0183149 0.873688
0.0183487 0.870908
0.0183826 0.868361
0.0184165 0.865791
0.0184505 0.863177
0.0184846 0.860806
0.0185187 0.85799
0.0185529 0.855783
0.0185872 0.852652
0.0186215 0.85076
0.0186559 0.847251
0.0186903 0.8457
0.0187248 0.842229
0.0187594 0.840642
0.0187941 0.837165
0.0188288 0.835581
0.0188635 0.832174
0.0188984 0.830557
0.0189333 0.827275
0.0189682 0.825682
0.0190033 0.822536
0.0190384 0.820901
0.0190735 0.817785
0.0191087 0.816106
0.019144 0.813008
0.0191794 0.811309
0.0192148 0.808212
0.0192503 0.806458
0.0192858 0.803414
0.0193214 0.801631
0.0193571 0.798617
0.0193929 0.79678
0.0194287 0.793847
0.0194645 0.791982
0.0195005 0.789161
0.0195365 0.787293
0.0195726 0.784623
0.0196087 0.782661
0.0196449 0.78006
0.0196812 0.778041
0.0197175 0.775463
0.019754 0.773351
0.0197904 0.770864
0.019827 0.768654
0.0198636 0.766242
0.0199003 0.763929
0.019937 0.76165
0.0199738 0.759171
0.0200107 0.757083
0.0200477 0.754457
0.0200847 0.752602
0.0201218 0.749568
0.0201589 0.748265
0.0201962 0.745232
0.0202335 0.743896
0.0202708 0.74088
0.0203082 0.739485
0.0203457 0.736507
0.0203833 0.735091
0.020421 0.732129
0.0204587 0.730691
0.0204964 0.72774
0.0205343 0.72626
0.0205722 0.723367
0.0206102 0.721907
0.0206483 0.719098
0.0206864 0.717629
0.0207246 0.714978
0.0207629 0.713478
0.0208012 0.710825
0.0208396 0.709308
0.0208781 0.706666
0.0209166 0.705112
0.0209553 0.702504
0.020994 0.700856
0.0210327 0.698316
0.0210716 0.696648
0.0211105 0.694136
0.0211495 0.692414
0.0211885 0.689984
0.0212277 0.688209
0.0212669 0.685899
0.0213061 0.684137
0.0213455 0.681963
0.0213849 0.680116
0.0214244 0.677995
0.0214639 0.676042
0.0215036 0.674003
0.0215433 0.671932
0.0215831 0.670008
0.0216229 0.667792
0.0216628 0.666005
0.0217028 0.663517
0.0217429 0.662001
0.0217831 0.6592
0.0218233 0.65801
0.0218636 0.655303
0.021904 0.65412
0.0219444 0.651525
0.0219849 0.650336
0.0220255 0.647769
0.0220662 0.646506
0.022107 0.643978
0.0221478 0.642701
0.0221887 0.640166
0.0222297 0.638869
0.0222707 0.636356
0.0223118 0.635017
0.022353 0.632524
0.0223943 0.631193
0.0224357 0.628714
0.0224771 0.627376
0.0225186 0.624986
0.0225602 0.623638
0.0226018 0.621388
0.0226436 0.620005
0.0226854 0.617791
0.0227273 0.616337
0.0227692 0.614146
0.0228113 0.612655
0.0228534 0.610509
0.0228956 0.608958
0.0229379 0.606865
0.0229803 0.605259
0.0230227 0.603189
0.0230652 0.601539
0.0231078 0.599559
0.0231505 0.59787
0.0231932 0.595997
0.023236 0.594282
0.023279 0.592569
0.0233219 0.590721
0.023365 0.589114
0.0234082 0.58711
0.0234514 0.585635
0.0234947 0.583267
0.0235381 0.582167
0.0235815 0.579742
0.0236251 0.578674
0.0236687 0.576257
0.0237124 0.575171
0.0237562 0.572801
0.0238001 0.571707
0.023844 0.569396
0.0238881 0.568317
0.0239322 0.566118
0.0239764 0.565003
0.0240206 0.562829
0.024065 0.561693
0.0241094 0.559539
0.0241539 0.558361
0.0241985 0.556211
0.0242432 0.555017
0.024288 0.552881
0.0243329 0.551667
0.0243778 0.549559
0.0244228 0.548316
0.0244679 0.54624
0.0245131 0.544963
0.0245583 0.542965
0.0246037 0.541717
0.0246491 0.539844
0.0246946 0.538544
0.0247402 0.536709
0.0247859 0.535346
0.0248317 0.533534
0.0248776 0.532122
0.0249235 0.530369
0.0249695 0.528888
0.0250156 0.527185
0.0250618 0.525634
0.0251081 0.523997
0.0251545 0.522372
0.0252009 0.52084
0.0252475 0.519113
0.0252941 0.517716
0.0253408 0.515907
0.0253876 0.514728
0.0254345 0.512633
0.0254814 0.51171
0.0255285 0.509632
0.0255756 0.508691
0.0256229 0.506598
0.0256702 0.505643
0.0257176 0.50358
0.0257651 0.502598
0.0258126 0.500548
0.0258603 0.499547
0.0259081 0.497527
0.0259559 0.49652
0.0260038 0.494544
0.0260518 0.493563
0.0261 0.491709
0.0261482 0.49069
0.0261964 0.488845
0.0262448 0.487802
0.0262933 0.485976
0.0263418 0.484899
0.0263905 0.483097
0.0264392 0.48199
0.026488 0.480214
0.0265369 0.479065
0.0265859 0.477311
0.026635 0.476135
0.0266842 0.474427
0.0267335 0.473232
0.0267829 0.471582
0.0268323 0.470393
0.0268819 0.468845
0.0269315 0.467613
0.0269812 0.46612
0.0270311 0.464813
0.027081 0.463358
0.027131 0.461982
0.0271811 0.460605
0.0272313 0.459137
0.0272816 0.457836
0.0273319 0.456245
0.0273824 0.455065
0.027433 0.453234
0.0274836 0.452319
0.0275344 0.450398
0.0275852 0.4496
0.0276362 0.447809
0.0276872 0.446998
0.0277383 0.445207
0.0277896 0.444378
0.0278409 0.442605
0.0278923 0.441742
0.0279438 0.439976
0.0279954 0.439093
0.0280471 0.437343
0.0280989 0.436451
0.0281508 0.434722
0.0282027 0.433799
0.0282548 0.432083
0.028307 0.431159
0.0283593 0.429476
0.0284116 0.428572
0.0284641 0.427003
0.0285167 0.426071
0.0285693 0.424514
0.0286221 0.423539
0.0286749 0.422007
0.0287279 0.42101
0.0287809 0.419508
0.0288341 0.418462
0.0288873 0.416989
0.0289407 0.415902
0.0289941 0.414465
0.0290477 0.413347
0.0291013 0.411945
0.029155 0.4108
0.0292089 0.409457
0.0292628 0.408309
0.0293168 0.407097
0.029371 0.405879
0.0294252 0.404715
0.0294796 0.403405
0.029534 0.402316
0.0295885 0.400884
0.0296432 0.399922
0.0296979 0.398234
0.0297527 0.397511
0.0298077 0.39584
0.0298627 0.395098
0.0299179 0.393444
0.0299731 0.392692
0.0300285 0.391068
0.0300839 0.390322
0.0301395 0.388802
0.0301951 0.38805
0.0302509 0.386539
0.0303068 0.38576
0.0303627 0.384268
0.0304188 0.383482
0.030475 0.381992
0.0305312 0.381175
0.0305876 0.379698
0.0306441 0.378865
0.0307007 0.377399
0.0307574 0.376553
0.0308142 0.375117
0.0308711 0.374251
0.0309281 0.372853
0.0309852 0.371988
0.0310424 0.370674
0.0310997 0.369806
0.0311572 0.36851
0.0312147 0.367603
0.0312723 0.366331
0.0313301 0.365387
0.0313879 0.364134
0.0314459 0.363149
0.031504 0.361945
0.0315621 0.360919
0.0316204 0.359751
0.0316788 0.358667
0.0317373 0.357565
0.0317959 0.356421
0.0318546 0.355409
0.0319135 0.35423
0.0319724 0.353342
0.0320314 0.352005
0.0320906 0.35128
0.0321498 0.349834
0.0322092 0.349197
0.0322687 0.347754
0.0323283 0.347107
0.032388 0.345675
0.0324478 0.345016
0.0325077 0.3436
0.0325677 0.342919
0.0326279 0.34151
0.0326881 0.340824
0.0327485 0.339443
0.0328089 0.338774
0.0328695 0.337478
0.0329302 0.336783
0.032991 0.33551
0.033052 0.33481
0.033113 0.333525
0.0331741 0.332808
0.0332354 0.331544
0.0332968 0.330803
0.0333583 0.329557
0.0334199 0.32879
0.0334816 0.327555
0.0335434 0.326771
0.0336053 0.325575
0.0336674 0.324766
0.0337296 0.323601
0.0337919 0.322796
0.0338543 0.321717
0.0339168 0.320876
0.0339794 0.319824
0.0340421 0.318955
0.034105 0.317935
0.034168 0.31702
0.0342311 0.316038
0.0342943 0.315065
0.0343576 0.314136
0.0344211 0.313101
0.0344846 0.312228
0.0345483 0.311092
0.0346121 0.310331
0.034676 0.308994
0.0347401 0.308453
0.0348042 0.307196
0.0348685 0.306642
0.0349329 0.305407
0.0349974 0.304839
0.035062 0.303613
0.0351267 0.303023
0.0351916 0.301805
0.0352566 0.301203
0.0353217 0.299989
0.0353869 0.299383
0.0354523 0.29818
0.0355177 0.297562
0.0355833 0.29637
0.035649 0.29574
0.0357149 0.294573
0.0357808 0.293944
0.0358469 0.292837
0.0359131 0.292206
0.0359794 0.291128
0.0360458 0.290475
0.0361124 0.289411
0.0361791 0.288729
0.0362459 0.287674
0.0363128 0.286972
0.0363799 0.285935
0.0364471 0.285208
0.0365144 0.284192
0.0365818 0.283443
0.0366493 0.282457
0.036717 0.281687
0.0367848 0.280734
0.0368527 0.279969
0.0369208 0.279082
0.036989 0.278278
0.0370573 0.277447
0.0371257 0.276587
0.0371943 0.2758
0.0372629 0.27487
0.0373318 0.274146
0.0374007 0.273095
0.0374698 0.27249
0.037539 0.271328
0.0376083 0.270823
0.0376777 0.269671
0.0377473 0.269167
0.037817 0.268027
0.0378868 0.26753
0.0379568 0.266463
0.0380269 0.26595
0.0380971 0.264906
0.0381675 0.264382
0.0382379 0.263339
0.0383085 0.262806
0.0383793 0.261773
0.0384502 0.261221
0.0385212 0.260198
0.0385923 0.259642
0.0386636 0.25862
0.038735 0.25805
0.0388065 0.257044
0.0388781 0.256465
0.0389499 0.255482
0.0390219 0.254907
0.0390939 0.253977
0.0391661 0.25339
0.0392384 0.252495
0.0393109 0.251881
0.0393835 0.251001
0.0394562 0.250358
0.0395291 0.2495
0.0396021 0.248836
0.0396752 0.247989
0.0397485 0.2473
0.0398219 0.24648
0.0398954 0.245761
0.0399691 0.244977
0.0400429 0.244217
0.0401168 0.243486
0.0401909 0.242707
0.0402651 0.242052
0.0403395 0.241215
0.040414 0.240628
0.0404886 0.239627
0.0405633 0.239199
0.0406383 0.238203
0.0407133 0.237764
0.0407885 0.236771
0.0408638 0.236319
0.0409393 0.235337
0.0410149 0.234879
0.0410906 0.233905
0.0411665 0.233433
0.0412425 0.232477
0.0413186 0.232014
0.0413949 0.231103
0.0414714 0.230641
0.041548 0.22975
0.0416247 0.229269
0.0417016 0.228391
0.0417786 0.227894
0.0418557 0.227019
0.041933 0.226519
0.0420104 0.225649
0.042088 0.225135
0.0421657 0.224282
0.0422436 0.223746
0.0423216 0.222905
0.0423998 0.222366
0.042478 0.221547
0.0425565 0.221002
0.0426351 0.220233
0.0427138 0.219673
0.0427927 0.218936
0.0428717 0.218352
0.0429509 0.217631
0.0430302 0.217027
0.0431096 0.216331
0.0431892 0.21568
0.043269 0.215018
0.0433489 0.214334
0.0434289 0.213705
0.0435091 0.212971
0.0435895 0.212393
0.04367 0.211579
0.0437506 0.211101
0.0438314 0.210219
0.0439124 0.20984
0.0439934 0.208996
0.0440747 0.208609
0.0441561 0.207755
0.0442376 0.207362
0.0443193 0.206522
0.0444011 0.206111
0.0444831 0.205276
0.0445653 0.204863
0.0446476 0.204026
0.04473 0.203609
0.0448126 0.202781
0.0448954 0.202354
0.0449783 0.20154
0.0450613 0.20112
0.0451445 0.200342
0.0452279 0.199921
0.0453114 0.199172
0.0453951 0.198731
0.0454789 0.19799
0.0455629 0.197535
0.045647 0.196806
0.0457313 0.196334
0.0458158 0.195613
0.0459004 0.19513
0.0459851 0.194422
0.0460701 0.193922
0.0461551 0.193234
0.0462404 0.192714
0.0463257 0.192048
0.0464113 0.191527
0.046497 0.190904
0.0465829 0.190367
0.0466689 0.189778
0.0467551 0.189212
0.0468414 0.188653
0.0469279 0.188041
0.0470145 0.18752
0.0471014 0.186855
0.0471883 0.186379
0.0472755 0.185578
0.0473628 0.185243
0.0474502 0.184444
0.0475379 0.184105
0.0476256 0.183317
0.0477136 0.182972
0.0478017 0.182225
0.04789 0.181879
0.0479784 0.18116
0.048067 0.180806
0.0481558 0.180085
0.0482447 0.179719
0.0483338 0.179008
0.048423 0.17864
0.0485124 0.177927
0.048602 0.177545
0.0486918 0.176843
0.0487817 0.176457
0.0488718 0.175758
0.048962 0.175369
0.0490524 0.17468
0.049143 0.174294
0.0492338 0.173637
0.0493247 0.173239
0.0494158 0.172615
0.049507 0.172207
0.0495984 0.17159
0.04969 0.171164
0.0497818 0.170562
0.0498737 0.170115
0.0499658 0.169526
0.0500581 0.169066
0.0501505 0.168495
0.0502431 0.168015
0.0503359 0.167459
0.0504288 0.166954
0.050522 0.166429
0.0506153 0.165912
0.0507087 0.165432
0.0508024 0.164893
0.0508962 0.164456
0.0509902 0.163856
0.0510843 0.163475
0.0511786 0.162787
0.0512732 0.162486
0.0513678 0.161805
0.0514627 0.161499
0.0515577 0.160816
0.0516529 0.160509
0.0517483 0.159834
0.0518439 0.159517
0.0519396 0.158851
0.0520355 0.158535
0.0521316 0.157896
0.0522279 0.157582
0.0523243 0.15697
0.0524209 0.156644
0.0525177 0.156038
0.0526147 0.155708
0.0527119 0.1551
0.0528092 0.154763
0.0529067 0.154162
0.0530044 0.153813
0.0531023 0.15322
0.0532004 0.152865
0.0532986 0.152284
0.053397 0.151915
0.0534956 0.151344
0.0535944 0.150973
0.0536934 0.150434
0.0537925 0.150059
0.0538919 0.149549
0.0539914 0.149159
0.0540911 0.148651
0.054191 0.148245
0.054291 0.147756
0.0543913 0.147332
0.0544917 0.146858
0.0545924 0.146408
0.0546932 0.145959
0.0547942 0.145477
0.0548954 0.145059
0.0549967 0.144536
0.0550983 0.144161
0.0552 0.143567
0.055302 0.143294
0.0554041 0.142705
0.0555064 0.142445
0.0556089 0.141857
0.0557116 0.141591
0.0558144 0.141009
0.0559175 0.140734
0.0560208 0.140157
0.0561242 0.139878
0.0562279 0.1393
0.0563317 0.139014
0.0564357 0.138444
0.0565399 0.138155
0.0566443 0.137595
0.0567489 0.137302
0.0568537 0.13676
0.0569587 0.136472
0.0570639 0.135955
0.0571693 0.135661
0.0572748 0.135148
0.0573806 0.134844
0.0574866 0.134335
0.0575927 0.134018
0.0576991 0.133518
0.0578056 0.133194
0.0579124 0.132703
0.0580193 0.132368
0.0581264 0.13189
0.0582338 0.131541
0.0583413 0.131075
0.058449 0.130722
0.058557 0.130283
0.0586651 0.129925
0.0587734 0.129512
0.058882 0.129136
0.0589907 0.128738
0.0590996 0.12834
0.0592088 0.127962
0.0593181 0.127533
0.0594276 0.12718
0.0595374 0.12671
0.0596473 0.126401
0.0597575 0.125853
0.0598678 0.125619
0.0599784 0.125078
0.0600891 0.124844
0.0602001 0.124315
0.0603112 0.124084
0.0604226 0.123587
0.0605342 0.123348
0.060646 0.122854
0.060758 0.122609
0.0608702 0.122115
0.0609826 0.121864
0.0610952 0.121375
0.061208 0.12112
0.061321 0.120634
0.0614343 0.120371
0.0615477 0.119888
0.0616614 0.119623
0.0617752 0.119149
0.0618893 0.118881
0.0620036 0.118425
0.0621181 0.118158
0.0622328 0.117728
0.0623477 0.117449
0.0624628 0.117022
0.0625782 0.116735
0.0626937 0.116316
0.0628095 0.116024
0.0629255 0.115609
0.0630417 0.115301
0.0631581 0.114897
0.0632747 0.114579
0.0633916 0.11419
0.0635086 0.113855
0.0636259 0.113482
0.0637434 0.113136
0.0638611 0.112792
0.063979 0.112438
0.0640972 0.112124
0.0642155 0.111742
0.0643341 0.111451
0.0644529 0.111009
0.0645719 0.110779
0.0646912 0.110306
0.0648106 0.110101
0.0649303 0.10963
0.0650502 0.109422
0.0651703 0.108955
0.0652907 0.108744
0.0654113 0.108282
0.065532 0.108067
0.0656531 0.107618
0.0657743 0.107405
0.0658957 0.106984
0.0660174 0.106767
0.0661393 0.106349
0.0662615 0.106123
0.0663838 0.105707
0.0665064 0.105477
0.0666292 0.105062
0.0667523 0.10483
0.0668755 0.104418
0.066999 0.10418
0.0671227 0.103775
0.0672467 0.103525
0.0673709 0.103129
0.0674953 0.102882
0.0676199 0.102501
0.0677448 0.10225
0.0678699 0.101895
0.0679952 0.101633
0.0681208 0.101284
0.0682466 0.101013
0.0683726 0.10067
0.0684988 0.100388
0.0686253 0.100054
0.0687521 0.0997569
0.068879 0.0994407
0.0690062 0.0991259
0.0691336 0.0988244
0.0692613 0.098487
0.0693892 0.0982093
0.0695173 0.0978457
0.0696457 0.0976082
0.0697743 0.0972037
0.0699031 0.0970281
0.0700322 0.0966253
0.0701616 0.0964441
0.0702911 0.0960432
0.0704209 0.0958577
0.070551 0.0954597
0.0706812 0.0952686
0.0708118 0.0948711
0.0709425 0.0946785
0.0710735 0.0942839
0.0712048 0.0940886
0.0713362 0.0936999
0.071468 0.0935036
0.0716 0.0931241
0.0717322 0.0929282
0.0718646 0.0925727
0.0719973 0.092372
0.0721303 0.0920182
0.0722635 0.0918127
0.0723969 0.0914638
0.0725306 0.0912516
0.0726645 0.0909063
0.0727987 0.0906855
0.0729332 0.0903437
0.0730678 0.0901209
0.0732028 0.0897846
0.0733379 0.0895535
0.0734734 0.0892264
0.073609 0.0889898
0.073745 0.088675
0.0738812 0.0884395
0.0740176 0.0881499
0.0741543 0.0879029
0.0742912 0.0876205
0.0744284 0.0873586
0.0745658 0.0870914
0.0747035 0.0868104
0.0748415 0.0865577
0.0749797 0.0862553
0.0751181 0.0860236
0.0752568 0.0856787
0.0753958 0.0854906
0.075535 0.0851162
0.0756745 0.0849571
0.0758143 0.0845888
0.0759543 0.0844343
0.0760945 0.0840894
0.076235 0.0839312
0.0763758 0.0835896
0.0765168 0.0834247
0.0766581 0.0830832
0.0767997 0.082914
0.0769415 0.0825766
0.0770836 0.082405
0.0772259 0.0820695
0.0773685 0.0818915
0.0775114 0.0815601
0.0776545 0.0813824
0.0777979 0.0810512
0.0779416 0.0808714
0.0780855 0.0805498
0.0782297 0.0803724
0.0783742 0.0800734
0.0785189 0.0798897
0.0786639 0.0795919
0.0788092 0.0794025
0.0789547 0.0791123
0.0791005 0.0789143
0.0792466 0.0786277
0.0793929 0.0784221
0.0795395 0.0781438
0.0796864 0.0779286
0.0798335 0.0776561
0.0799809 0.0774366
0.0801286 0.0771724
0.0802766 0.076942
0.0804248 0.076695
0.0805734 0.0764656
0.0807221 0.0762406
0.0808712 0.0759932
0.0810205 0.0757817
0.0811702 0.0755108
0.08132 0.0753225
0.0814702 0.074999
0.0816207 0.0748607
0.0817714 0.0745387
0.0819224 0.0743971
0.0820737 0.0740776
0.0822252 0.0739335
0.0823771 0.0736172
0.0825292 0.0734703
0.0826816 0.0731592
0.0828342 0.0730148
0.0829872 0.0727251
0.0831405 0.0725794
0.083294 0.07229
0.0834478 0.0721402
0.0836019 0.0718529
0.0837563 0.0716979
0.0839109 0.0714135
0.0840659 0.0712537
0.0842211 0.0709697
0.0843766 0.0708086
0.0845325 0.0705293
0.0846885 0.0703643
0.0848449 0.0700904
0.0850016 0.0699202
0.0851586 0.0696524
0.0853158 0.0694855
0.0854734 0.0692374
0.0856312 0.0690637
0.0857893 0.0688195
0.0859478 0.0686395
0.0861065 0.0684004
0.0862655 0.0682138
0.0864248 0.0679792
0.0865844 0.0677852
0.0867442 0.0675584
0.0869044 0.0673512
0.0870649 0.0671374
0.0872257 0.0669171
0.0873868 0.0667164
0.0875481 0.0664814
0.0877098 0.066301
0.0878718 0.0660516
0.088034 0.0659052
0.0881966 0.0656293
0.0883594 0.0655062
0.0885226 0.0652326
0.0886861 0.0651079
0.0888498 0.0648327
0.0890139 0.064707
0.0891783 0.064435
0.089343 0.0643039
0.0895079 0.064034
0.0896732 0.0639014
0.0898388 0.063633
0.0900047 0.0635003
0.0901709 0.0632374
0.0903374 0.0631052
0.0905043 0.0628599
0.0906714 0.0627266
0.0908388 0.0624821
0.0910066 0.0623447
0.0911746 0.0621028
0.091343 0.0619612
0.0915116 0.0617223
0.0916806 0.0615764
0.0918499 0.0613403
0.0920195 0.0611897
0.0921895 0.0609585
0.0923597 0.0608028
0.0925303 0.0605775
0.0927011 0.0604164
0.0928723 0.0601997
0.0930438 0.0600417
0.0932156 0.0598378
0.0933877 0.0596737
0.0935602 0.0594776
0.093733 0.0593046
0.0939061 0.0591149
0.0940795 0.0589314
0.0942532 0.058752
0.0944272 0.0585559
0.0946016 0.0583875
0.0947763 0.0581722
0.0949513 0.0580214
0.0951266 0.0577641
0.0953023 0.0576575
0.0954783 0.057403
0.0956546 0.0572983
0.0958312 0.0570594
0.0960082 0.056951
0.0961855 0.0567167
0.0963631 0.056606
0.0965411 0.0563731
0.0967193 0.0562576
0.0968979 0.0560264
0.0970769 0.0559097
0.0972561 0.0556793
0.0974357 0.0555619
0.0976156 0.0553319
0.0977959 0.0552108
0.0979765 0.0549858
0.0981574 0.0548617
0.0983387 0.0546397
0.0985203 0.054521
0.0987022 0.0543117
0.0988845 0.0541891
0.0990671 0.0539856
0.09925 0.0538572
0.0994333 0.053656
0.0996169 0.0535253
0.0998008 0.0533268
0.0999851 0.0531907
0.10017 0.052997
0.100355 0.0528538
0.10054 0.0526647
0.100726 0.052517
0.100912 0.0523337
0.101098 0.0521818
0.101285 0.0520077
0.101472 0.0518535
0.101659 0.0516929
0.101847 0.0515308
0.102035 0.0513805
0.102223 0.0512056
0.102412 0.0510651
0.102601 0.0508699
0.102791 0.050751
0.102981 0.0505291
0.103171 0.0504331
0.103361 0.0502146
0.103552 0.0501166
0.103743 0.0498973
0.103935 0.0497992
0.104127 0.0495852
0.104319 0.0494862
0.104512 0.0492852
0.104705 0.0491861
0.104898 0.0489877
0.105092 0.0488872
0.105286 0.0486896
0.10548 0.0485856
0.105675 0.0483896
0.10587 0.0482841
0.106066 0.0480893
0.106262 0.0479818
0.106458 0.0477895
0.106654 0.0476783
0.106851 0.0474889
0.107049 0.0473767
0.107246 0.0471921
0.107444 0.0470785
0.107643 0.0469049
0.107841 0.0467904
0.108041 0.0466218
0.10824 0.0465025
0.10844 0.0463377
0.10864 0.0462122
0.108841 0.0460507
0.109042 0.0459209
0.109243 0.0457638
0.109445 0.0456269
0.109647 0.0454767
0.10985 0.045333
0.110052 0.0451901
0.110256 0.0450383
0.110459 0.0449072
0.110663 0.0447478
0.110868 0.0446329
0.111072 0.0444439
0.111277 0.0443628
0.111483 0.0441738
0.111689 0.0440913
0.111895 0.0439029
0.112102 0.0438171
0.112309 0.0436311
0.112516 0.0435435
0.112724 0.0433587
0.112932 0.0432696
0.11314 0.0430858
0.113349 0.0429945
0.113559 0.0428146
0.113768 0.042726
0.113978 0.0425544
0.114189 0.0424634
0.1144 0.0422973
0.114611 0.0422046
0.114823 0.0420383
0.115035 0.0419442
0.115247 0.0417792
0.11546 0.0416824
0.115673 0.0415187
0.115887 0.0414178
0.116101 0.0412575
0.116315 0.0411547
0.11653 0.0409972
0.116745 0.040891
0.116961 0.0407398
0.117177 0.0406319
0.117393 0.0404894
0.11761 0.0403807
0.117827 0.0402445
0.118045 0.0401301
0.118263 0.0399967
0.118481 0.0398756
0.1187 0.0397479
0.118919 0.0396198
0.119139 0.0395
0.119359 0.0393619
0.119579 0.0392505
0.1198 0.039098
0.120021 0.0390021
0.120243 0.0388283
0.120465 0.0387556
0.120687 0.0385914
0.12091 0.0385188
0.121133 0.0383578
0.121357 0.0382842
0.121581 0.0381247
0.121806 0.0380479
0.12203 0.0378897
0.122256 0.0378113
0.122482 0.0376536
0.122708 0.0375739
0.122934 0.0374176
0.123161 0.037336
0.123389 0.0371814
0.123617 0.0370996
0.123845 0.036946
0.124074 0.0368651
0.124303 0.0367197
0.124532 0.0366369
0.124762 0.036497
0.124993 0.036412
0.125223 0.0362738
0.125455 0.0361853
0.125686 0.036048
0.125918 0.0359567
0.126151 0.0358228
0.126384 0.0357281
0.126617 0.0355973
0.126851 0.0354993
0.127085 0.03537
0.12732 0.0352692
0.127555 0.0351463
0.127791 0.0350446
0.128027 0.0349298
0.128263 0.0348241
0.1285 0.0347175
0.128737 0.0346037
0.128975 0.0345036
0.129213 0.0343805
0.129452 0.0342879
0.129691 0.0341448
0.12993 0.034074
0.13017 0.0339232
0.130411 0.0338579
0.130651 0.0337079
0.130893 0.033642
0.131134 0.0334948
0.131376 0.0334292
0.131619 0.033289
0.131862 0.0332224
0.132106 0.0330864
0.13235 0.0330185
0.132594 0.0328835
0.132839 0.0328136
0.133084 0.0326804
0.13333 0.0326081
0.133576 0.0324748
0.133823 0.0324021
0.13407 0.0322697
0.134317 0.0321956
0.134565 0.032065
0.134814 0.0319893
0.135063 0.0318612
0.135312 0.0317846
0.135562 0.0316634
0.135812 0.0315877
0.136063 0.0314711
0.136315 0.0313916
0.136566 0.0312781
0.136818 0.0311948
0.137071 0.0310829
0.137324 0.0309966
0.137578 0.030888
0.137832 0.0307986
0.138086 0.0306924
0.138341 0.0305978
0.138597 0.0304974
0.138853 0.0303981
0.139109 0.0303038
0.139366 0.0302005
0.139623 0.0301156
0.139881 0.0300057
0.14014 0.0299323
0.140398 0.0298033
0.140658 0.0297467
0.140917 0.029619
0.141177 0.0295615
0.141438 0.0294331
0.141699 0.0293745
0.141961 0.0292477
0.142223 0.0291879
0.142486 0.0290623
0.142749 0.0290014
0.143013 0.0288771
0.143277 0.0288164
0.143541 0.0286978
0.143806 0.0286374
0.144072 0.0285233
0.144338 0.028461
0.144604 0.0283471
0.144871 0.028283
0.145139 0.0281706
0.145407 0.0281047
0.145675 0.0279937
0.145944 0.027926
0.146214 0.0278166
0.146484 0.0277468
0.146754 0.0276384
0.147025 0.0275681
0.147297 0.0274621
0.147569 0.0273917
0.147841 0.0272912
0.148114 0.0272189
0.148388 0.0271235
0.148662 0.0270486
0.148937 0.0269562
0.149212 0.0268776
0.149487 0.0267872
0.149763 0.0267041
0.15004 0.0266183
0.150317 0.0265289
0.150594 0.0264493
0.150872 0.0263527
0.151151 0.0262794
0.15143 0.0261694
0.15171 0.0261121
0.15199 0.0259973
0.152271 0.0259488
0.152552 0.0258387
0.152833 0.0257892
0.153116 0.0256795
0.153398 0.0256288
0.153682 0.0255198
0.153965 0.0254669
0.15425 0.0253588
0.154535 0.025305
0.15482 0.0251979
0.155106 0.0251435
0.155392 0.0250375
0.155679 0.0249814
0.155967 0.0248769
0.156255 0.0248211
0.156543 0.0247202
0.156832 0.0246656
0.157122 0.0245694
0.157412 0.0245129
0.157703 0.0244174
0.157994 0.0243581
0.158286 0.0242641
0.158578 0.0242041
0.158871 0.0241118
0.159164 0.0240484
0.159458 0.0239581
0.159753 0.0238926
0.160048 0.0238048
0.160343 0.0237371
0.160639 0.0236515
0.160936 0.0235835
0.161233 0.0235026
0.161531 0.0234337
0.161829 0.0233586
0.162128 0.0232849
0.162427 0.0232134
0.162727 0.0231339
0.163028 0.0230673
0.163329 0.0229808
0.16363 0.0229211
0.163933 0.0228187
0.164235 0.0227745
0.164539 0.0226729
0.164842 0.0226278
0.165147 0.0225273
0.165452 0.0224824
0.165757 0.0223856
0.166063 0.0223405
0.16637 0.0222479
0.166677 0.0222021
0.166985 0.0221101
0.167293 0.0220634
0.167602 0.0219718
0.167912 0.021924
0.168222 0.0218331
0.168532 0.0217835
0.168844 0.0216938
0.169155 0.0216433
0.169468 0.0215538
0.169781 0.0215029
0.170094 0.0214154
0.170408 0.021364
0.170723 0.0212802
0.171038 0.021228
0.171354 0.0211482
0.171671 0.0210956
0.171988 0.0210165
0.172305 0.0209617
0.172623 0.0208841
0.172942 0.0208272
0.173261 0.0207512
0.173581 0.0206916
0.173902 0.020618
0.174223 0.020556
0.174545 0.0204851
0.174867 0.0204196
0.17519 0.0203531
0.175514 0.0202848
0.175838 0.0202237
0.176162 0.0201533
0.176488 0.0200987
0.176814 0.0200183
0.17714 0.0199731
0.177467 0.0198856
0.177795 0.0198465
0.178123 0.0197592
0.178452 0.0197199
0.178782 0.0196327
0.179112 0.019593
0.179443 0.0195069
0.179774 0.0194659
0.180106 0.0193805
0.180438 0.0193393
0.180772 0.0192572
0.181105 0.0192165
0.18144 0.0191386
0.181775 0.0190964
0.182111 0.0190191
0.182447 0.0189767
0.182784 0.0188992
0.183121 0.0188554
0.183459 0.0187787
0.183798 0.0187339
0.184138 0.0186584
0.184478 0.0186123
0.184818 0.0185375
0.18516 0.0184904
0.185502 0.0184178
0.185844 0.0183699
0.186187 0.0183
0.186531 0.0182522
0.186876 0.0181871
0.187221 0.0181373
0.187566 0.0180729
0.187913 0.0180212
0.18826 0.0179587
0.188607 0.0179037
0.188956 0.017844
0.189305 0.0177863
0.189654 0.0177293
0.190004 0.0176673
0.190355 0.0176144
0.190707 0.0175467
0.191059 0.0175001
0.191412 0.0174208
0.191765 0.0173881
0.192119 0.0173135
0.192474 0.0172796
0.192829 0.0172053
0.193186 0.0171708
0.193542 0.0170969
0.1939 0.0170615
0.194258 0.0169879
0.194616 0.0169514
0.194976 0.0168783
0.195336 0.0168417
0.195697 0.0167692
0.196058 0.0167319
0.19642 0.0166604
0.196783 0.0166228
0.197146 0.0165532
0.19751 0.0165158
0.197875 0.0164498
0.19824 0.0164118
0.198606 0.0163467
0.198973 0.0163076
0.199341 0.0162433
0.199709 0.0162025
0.200077 0.0161387
0.200447 0.016097
0.200817 0.0160344
0.201188 0.0159913
0.201559 0.0159297
0.201932 0.015885
0.202304 0.0158254
0.202678 0.01578
0.203052 0.0157228
0.203427 0.0156778
0.203803 0.0156252
0.204179 0.0155766
0.204556 0.0155264
0.204934 0.0154749
0.205312 0.0154274
0.205692 0.015372
0.206071 0.015328
0.206452 0.0152659
0.206833 0.0152286
0.207215 0.0151594
0.207598 0.0151286
0.207981 0.0150606
0.208365 0.01503
0.20875 0.0149624
0.209135 0.0149327
0.209522 0.0148699
0.209908 0.0148388
0.210296 0.0147763
0.210684 0.0147448
0.211073 0.014682
0.211463 0.01465
0.211854 0.014588
0.212245 0.0145549
0.212637 0.0144934
0.21303 0.01446
0.213423 0.0143986
0.213817 0.0143645
0.214212 0.0143043
0.214607 0.0142697
0.215004 0.0142112
0.215401 0.014177
0.215799 0.0141222
0.216197 0.0140868
0.216596 0.0140329
0.216996 0.0139961
0.217397 0.0139431
0.217798 0.0139048
0.218201 0.013853
0.218603 0.0138136
0.219007 0.0137624
0.219412 0.0137214
0.219817 0.0136722
0.220223 0.0136294
0.220629 0.0135821
0.221037 0.0135376
0.221445 0.0134936
0.221854 0.0134482
0.222263 0.0134088
0.222674 0.0133591
0.223085 0.0133233
0.223497 0.0132637
0.22391 0.0132377
0.224323 0.0131782
0.224737 0.0131517
0.225152 0.0130925
0.225568 0.0130651
0.225985 0.0130065
0.226402 0.0129789
0.22682 0.012921
0.227239 0.0128929
0.227659 0.0128359
0.228079 0.0128084
0.2285 0.0127553
0.228922 0.0127276
0.229345 0.0126745
0.229768 0.0126457
0.230193 0.0125934
0.230618 0.0125636
0.231044 0.0125114
0.23147 0.0124817
0.231898 0.0124297
0.232326 0.0123993
0.232755 0.012348
0.233185 0.0123161
0.233615 0.0122663
0.234047 0.0122341
0.234479 0.0121854
0.234912 0.0121537
0.235346 0.0121087
0.23578 0.0120753
0.236216 0.0120311
0.236652 0.0119965
0.237089 0.0119533
0.237527 0.0119174
0.237965 0.0118757
0.238405 0.0118374
0.238845 0.0117974
0.239286 0.0117569
0.239728 0.0117194
0.240171 0.011676
0.240614 0.0116413
0.241058 0.0115936
0.241504 0.0115647
0.24195 0.0115139
0.242396 0.011491
0.242844 0.0114409
0.243292 0.0114174
0.243742 0.0113668
0.244192 0.0113433
0.244643 0.0112933
0.245094 0.0112685
0.245547 0.0112191
0.246 0.0111942
0.246455 0.0111449
0.24691 0.0111197
0.247366 0.0110708
0.247822 0.0110453
0.24828 0.0109972
0.248739 0.0109726
0.249198 0.0109273
0.249658 0.0109019
0.250119 0.0108574
0.250581 0.010831
0.251044 0.0107869
0.251507 0.01076
0.251972 0.0107165
0.252437 0.0106883
0.252903 0.0106453
0.25337 0.0106166
0.253838 0.0105745
0.254307 0.0105448
0.254776 0.0105039
0.255247 0.0104734
0.255718 0.0104336
0.25619 0.0104034
0.256663 0.0103668
0.257137 0.0103355
0.257612 0.0103001
0.258088 0.0102665
0.258565 0.0102329
0.259042 0.0101972
0.25952 0.0101656
0.26 0.0101268
0.26048 0.0100978
0.260961 0.0100507
0.261443 0.0100302
0.261925 0.00998337
0.262409 0.00996287
0.262894 0.00991651
0.263379 0.00989617
0.263865 0.00985317
0.264353 0.00983233
0.264841 0.00978984
0.26533 0.00976852
0.26582 0.00972599
0.266311 0.00970418
0.266803 0.00966197
0.267295 0.00963985
0.267789 0.00959789
0.268283 0.00957516
0.268779 0.00953362
0.269275 0.00951059
0.269772 0.0094694
0.27027 0.00944627
0.27077 0.00940595
0.27127 0.00938315
0.27177 0.00934528
0.272272 0.00932166
0.272775 0.00928471
0.273279 0.00926052
0.273783 0.00922397
0.274289 0.00919899
0.274796 0.00916324
0.275303 0.00913676
0.275811 0.00910184
0.276321 0.00907485
0.276831 0.00904085
0.277342 0.00901259
0.277854 0.00897972
0.278367 0.00895006
0.278881 0.00891914
0.279396 0.00888962
0.279912 0.00886133
0.280429 0.00882961
0.280947 0.00880342
0.281466 0.00876864
0.281986 0.00874549
0.282506 0.00870529
0.283028 0.00868712
0.283551 0.00864718
0.284074 0.00862892
0.284599 0.00858875
0.285124 0.00857032
0.285651 0.00853081
0.286178 0.00851186
0.286707 0.00847305
0.287236 0.00845433
0.287767 0.00841776
0.288298 0.00839886
0.28883 0.008363
0.289364 0.00834358
0.289898 0.00830786
0.290433 0.00828814
0.29097 0.00825243
0.291507 0.00823223
0.292045 0.00819696
0.292585 0.0081761
0.293125 0.0081414
0.293666 0.00812027
0.294208 0.00808615
0.294752 0.00806441
0.295296 0.00803095
0.295841 0.00800945
0.296388 0.00797837
0.296935 0.00795635
0.297483 0.00792612
0.298033 0.0079033
0.298583 0.00787322
0.299134 0.00784945
0.299687 0.00782065
0.30024 0.00779572
0.300795 0.00776765
0.30135 0.0077414
0.301906 0.00771488
0.302464 0.00768698
0.303022 0.00766205
0.303582 0.00763207
0.304143 0.00760978
0.304704 0.00757667
0.305267 0.00755963
0.305831 0.00752528
0.306395 0.00750959
0.306961 0.00747536
0.307528 0.00745942
0.308096 0.00742524
0.308665 0.00740895
0.309235 0.0073752
0.309806 0.00735845
0.310378 0.00732475
0.310951 0.00730778
0.311525 0.00727448
0.312101 0.00725734
0.312677 0.00722479
0.313254 0.00720767
0.313833 0.00717668
0.314412 0.00715951
0.314993 0.00712924
0.315574 0.00711171
0.316157 0.0070817
0.316741 0.00706362
0.317326 0.0070339
0.317912 0.0070151
0.318499 0.00698589
0.319087 0.00696686
0.319676 0.00693817
0.320267 0.00691832
0.320858 0.00689025
0.321451 0.00686982
0.322044 0.00684263
0.322639 0.00682241
0.323235 0.00679684
0.323832 0.00677614
0.32443 0.00675156
0.325029 0.00672958
0.325629 0.00670626
0.32623 0.00668294
0.326833 0.00666056
0.327436 0.00663558
0.328041 0.00661474
0.328646 0.00658746
0.329253 0.00656914
0.329861 0.0065374
0.33047 0.00652342
0.331081 0.00649216
0.331692 0.00647831
0.332305 0.00644853
0.332918 0.0064345
0.333533 0.00640555
0.334149 0.00639122
0.334766 0.00636246
0.335384 0.00634779
0.336003 0.00631911
0.336624 0.0063041
0.337246 0.00627573
0.337868 0.00626059
0.338492 0.00623232
0.339117 0.00621676
0.339743 0.00618878
0.340371 0.00617295
0.340999 0.00614556
0.341629 0.00613
0.34226 0.00610404
0.342892 0.00608811
0.343525 0.00606317
0.344159 0.00604669
0.344795 0.00602182
0.345432 0.0060052
0.34607 0.00598057
0.346709 0.00596342
0.347349 0.00593929
0.34799 0.00592143
0.348633 0.00589765
0.349277 0.00587913
0.349922 0.00585642
0.350568 0.00583725
0.351215 0.00581533
0.351864 0.00579589
0.352513 0.00577576
0.353164 0.00575543
0.353817 0.0057368
0.35447 0.00571468
0.355125 0.00569753
0.35578 0.00567222
0.356437 0.00565823
0.357095 0.00563111
0.357755 0.00561877
0.358416 0.00559167
0.359077 0.00557924
0.35974 0.00555235
0.360405 0.0055398
0.36107 0.0055133
0.361737 0.00550073
0.362405 0.00547547
0.363074 0.00546276
0.363745 0.00543847
0.364416 0.00542555
0.365089 0.00540143
0.365763 0.005388
0.366439 0.00536404
0.367116 0.00535048
0.367793 0.00532644
0.368473 0.00531273
0.369153 0.00528905
0.369835 0.00527495
0.370518 0.00525163
0.371202 0.00523718
0.371887 0.00521433
0.372574 0.00520006
0.373262 0.0051785
0.373951 0.00516377
0.374642 0.00514312
0.375334 0.00512782
0.376027 0.00510763
0.376721 0.00509179
0.377417 0.00507186
0.378114 0.00505552
0.378812 0.00503622
0.379511 0.00501902
0.380212 0.00500046
0.380914 0.00498233
0.381618 0.00496475
0.382322 0.00494541
0.383028 0.00492935
0.383736 0.00490907
0.384444 0.00489498
0.385154 0.00487185
0.385866 0.00486132
0.386578 0.00483819
0.387292 0.0048274
0.388007 0.00480432
0.388724 0.00479329
0.389441 0.00477047
0.390161 0.00475909
0.390881 0.00473645
0.391603 0.00472492
0.392326 0.00470239
0.39305 0.00469092
0.393776 0.00466866
0.394503 0.00465724
0.395232 0.00463601
0.395962 0.00462447
0.396693 0.00460409
0.397425 0.00459217
0.398159 0.00457185
0.398895 0.00455975
0.399631 0.00453974
0.400369 0.00452729
0.401108 0.00450759
0.401849 0.00449472
0.402591 0.00447513
0.403335 0.00446204
0.404079 0.0044428
0.404826 0.00442939
0.405573 0.00441068
0.406322 0.0043972
0.407072 0.00437947
0.407824 0.00436586
0.408577 0.00434894
0.409332 0.00433467
0.410088 0.00431832
0.410845 0.00430317
0.411604 0.00428764
0.412364 0.00427148
0.413125 0.00425679
0.413888 0.00423946
0.414652 0.00422595
0.415418 0.00420645
0.416185 0.00419515
0.416954 0.00417395
0.417723 0.0041645
0.418495 0.00414411
0.419268 0.00413482
0.420042 0.00411518
0.420818 0.00410573
0.421595 0.00408633
0.422373 0.00407645
0.423153 0.00405713
0.423934 0.00404711
0.424717 0.00402785
0.425502 0.00401769
0.426287 0.00399864
0.427075 0.00398823
0.427863 0.00396943
0.428653 0.00395896
0.429445 0.00394029
0.430238 0.0039298
0.431032 0.00391193
0.431828 0.00390146
0.432626 0.00388445
0.433425 0.00387372
0.434225 0.00385677
0.435027 0.00384575
0.43583 0.00382914
0.436635 0.00381764
0.437441 0.00380134
0.438249 0.00378939
0.439058 0.00377345
0.439869 0.00376121
0.440681 0.00374551
0.441495 0.00373295
0.44231 0.00371789
0.443127 0.00370493
0.443945 0.00369097
0.444765 0.00367779
0.445586 0.00366477
0.446409 0.00365065
0.447234 0.00363848
0.448059 0.00362302
0.448887 0.00361202
0.449716 0.00359376
0.450546 0.00358552
0.451378 0.00356736
0.452212 0.00355897
0.453047 0.0035409
0.453883 0.00353241
0.454722 0.0035146
0.455561 0.00350611
0.456402 0.00348893
0.457245 0.00348036
0.45809 0.00346404
0.458935 0.00345537
0.459783 0.00343908
0.460632 0.00343022
0.461483 0.00341406
0.462335 0.00340497
0.463189 0.00338892
0.464044 0.0033796
0.464901 0.00336362
0.465759 0.00335423
0.466619 0.00333851
0.467481 0.00332892
0.468344 0.00331358
0.469209 0.00330389
0.470076 0.00328906
0.470944 0.00327943
0.471813 0.00326542
0.472684 0.00325545
0.473557 0.00324164
0.474432 0.0032313
0.475308 0.00321768
0.476186 0.003207
0.477065 0.00319372
0.477946 0.00318266
0.478828 0.00316989
0.479713 0.00315804
0.480598 0.0031459
0.481486 0.00313347
0.482375 0.00312213
0.483266 0.00310912
0.484158 0.00309884
0.485052 0.00308501
0.485948 0.00307635
0.486845 0.00306094
0.487744 0.00305361
0.488645 0.00303839
0.489547 0.00303097
0.490451 0.00301559
0.491357 0.00300815
0.492264 0.00299296
0.493173 0.00298527
0.494084 0.00297021
0.494996 0.00296251
0.495911 0.00294753
0.496826 0.00293984
0.497744 0.00292539
0.498663 0.00291772
0.499584 0.00290402
0.500506 0.00289625
0.50143 0.00288253
0.502356 0.00287453
0.503284 0.00286101
0.504213 0.00285278
0.505144 0.00283943
0.506077 0.00283102
0.507012 0.00281784
0.507948 0.00280919
0.508886 0.00279621
0.509826 0.00278733
0.510767 0.00277472
0.51171 0.00276566
0.512655 0.00275365
0.513602 0.00274472
0.51455 0.00273329
0.515501 0.00272395
0.516453 0.00271288
0.517406 0.00270311
0.518362 0.00269236
0.519319 0.00268211
0.520278 0.00267187
0.521239 0.00266086
0.522201 0.00265133
0.523165 0.00263944
0.524131 0.0026307
0.525099 0.00261653
0.526069 0.00261032
0.52704 0.00259649
0.528014 0.00259032
0.528989 0.00257726
0.529966 0.00257087
0.530944 0.00255793
0.531925 0.00255144
0.532907 0.00253857
0.533891 0.00253196
0.534877 0.00251907
0.535865 0.0025123
0.536854 0.00249961
0.537845 0.0024928
0.538839 0.00248012
0.539834 0.00247316
0.54083 0.00246075
0.541829 0.00245375
0.54283 0.00244163
0.543832 0.00243478
0.544836 0.00242332
0.545842 0.00241631
0.54685 0.00240497
0.54786 0.00239762
0.548872 0.0023865
0.549885 0.00237902
0.550901 0.00236801
0.551918 0.00236028
0.552937 0.00234951
0.553958 0.00234144
0.554981 0.00233094
0.556006 0.00232273
0.557033 0.0023125
0.558061 0.00230415
0.559092 0.00229447
0.560124 0.00228595
0.561159 0.00227704
0.562195 0.00226804
0.563233 0.00225958
0.564273 0.00224993
0.565315 0.00224204
0.566359 0.00223135
0.567405 0.0022245
0.568453 0.00221244
0.569502 0.00220685
0.570554 0.00219494
0.571608 0.00218929
0.572663 0.00217734
0.573721 0.00217181
0.57478 0.00216021
0.575842 0.00215455
0.576905 0.00214375
0.57797 0.00213804
0.579037 0.00212721
0.580107 0.00212141
0.581178 0.00211066
0.582251 0.00210467
0.583326 0.00209395
0.584404 0.00208799
0.585483 0.0020773
0.586564 0.00207121
0.587647 0.00206069
0.588732 0.00205439
0.589819 0.00204409
0.590908 0.00203778
0.592 0.00202782
0.593093 0.0020215
0.594188 0.00201211
0.595285 0.00200565
0.596385 0.00199646
0.597486 0.00198973
0.598589 0.00198069
0.599694 0.00197376
0.600802 0.00196485
0.601911 0.00195768
0.603023 0.00194906
0.604136 0.0019416
0.605252 0.00193326
0.60637 0.00192535
0.607489 0.00191751
0.608611 0.00190925
0.609735 0.00190204
0.610861 0.00189357
0.611989 0.00188712
0.613119 0.00187713
0.614251 0.00187226
0.615386 0.00186207
0.616522 0.00185727
0.61766 0.0018471
0.618801 0.00184221
0.619944 0.00183217
0.621088 0.00182719
0.622235 0.00181723
0.623384 0.0018122
0.624535 0.00180227
0.625689 0.00179721
0.626844 0.00178752
0.628002 0.00178258
0.629161 0.00177357
0.630323 0.00176842
0.631487 0.00175944
0.632653 0.00175424
0.633821 0.00174529
0.634992 0.00173999
0.636164 0.00173114
0.637339 0.0017257
0.638516 0.00171694
0.639695 0.00171132
0.640876 0.00170273
0.64206 0.00169703
0.643246 0.00168862
0.644433 0.00168281
0.645623 0.0016747
0.646816 0.00166891
0.64801 0.00166133
0.649207 0.00165536
0.650405 0.00164798
0.651606 0.00164175
0.65281 0.00163456
0.654015 0.00162802
0.655223 0.00162107
0.656433 0.00161422
0.657645 0.00160764
0.658859 0.00160024
0.660076 0.00159414
0.661295 0.00158611
0.662516 0.00158077
0.66374 0.0015716
0.664965 0.00156754
0.666193 0.00155906
0.667423 0.00155495
0.668656 0.00154637
0.669891 0.00154222
0.671128 0.00153375
0.672367 0.00152945
0.673608 0.00152104
0.674852 0.00151667
0.676099 0.00150832
0.677347 0.00150389
0.678598 0.00149561
0.679851 0.00149116
0.681106 0.00148293
0.682364 0.00147842
0.683624 0.00147035
0.684887 0.00146591
0.686151 0.00145842
0.687418 0.00145385
0.688688 0.00144649
0.689959 0.0014418
0.691233 0.0014345
0.69251 0.00142967
0.693789 0.00142242
0.69507 0.00141747
0.696353 0.0014104
0.697639 0.00140529
0.698928 0.00139836
0.700218 0.00139312
0.701511 0.00138631
0.702807 0.00138097
0.704104 0.00137449
0.705405 0.00136914
0.706707 0.00136316
0.708012 0.00135755
0.70932 0.00135187
0.710629 0.00134589
0.711942 0.00134049
0.713256 0.00133405
0.714574 0.00132909
0.715893 0.0013217
0.717215 0.00131772
0.718539 0.00130992
0.719866 0.0013063
0.721196 0.00129856
0.722527 0.00129497
0.723862 0.0012873
0.725198 0.00128374
0.726537 0.00127666
0.727879 0.00127302
0.729223 0.00126595
0.73057 0.00126225
0.731919 0.00125524
0.73327 0.00125147
0.734624 0.00124456
0.735981 0.00124067
0.73734 0.00123376
0.738702 0.00122984
0.740066 0.001223
0.741432 0.00121902
0.742801 0.0012123
0.744173 0.00120826
0.745547 0.00120167
0.746924 0.00119768
0.748303 0.00119156
0.749685 0.00118749
0.75107 0.0011815
0.752456 0.00117725
0.753846 0.00117136
0.755238 0.00116697
0.756633 0.00116118
0.75803 0.00115666
0.75943 0.00115099
0.760832 0.00114633
0.762237 0.00114082
0.763644 0.00113591
0.765055 0.00113072
0.766467 0.00112559
0.767883 0.00112071
0.769301 0.00111546
0.770721 0.00111109
0.772145 0.00110547
0.77357 0.00110156
0.774999 0.00109499
0.77643 0.00109196
0.777864 0.00108545
0.7793 0.00108234
0.780739 0.00107585
0.782181 0.0010727
0.783625 0.00106628
0.785072 0.00106305
0.786522 0.00105668
0.787974 0.00105347
0.78943 0.00104718
0.790887 0.00104401
0.792348 0.00103816
0.793811 0.00103497
0.795277 0.00102919
0.796745 0.0010259
0.798217 0.00102016
0.799691 0.00101679
0.801167 0.00101109
0.802647 0.00100766
0.804129 0.00100205
0.805614 0.000998532
0.807101 0.00099301
0.808592 0.00098938
0.810085 0.000983932
0.811581 0.000980333
0.81308 0.000974991
0.814581 0.000971418
0.816085 0.00096646
0.817592 0.000962781
0.819102 0.000957938
0.820615 0.0009541
0.82213 0.000949435
0.823648 0.000945437
0.825169 0.000940868
0.826693 0.000936667
0.828219 0.000932323
0.829749 0.000927856
0.831281 0.000923787
0.832816 0.000918967
0.834354 0.00091526
0.835895 0.000909843
0.837438 0.000906877
0.838985 0.000901375
0.840534 0.000898804
0.842086 0.000893384
0.843641 0.000890793
0.845199 0.00088539
0.84676 0.000882755
0.848323 0.000877405
0.84989 0.000874689
0.851459 0.000869341
0.853031 0.000866594
0.854607 0.000861318
0.856185 0.00085856
0.857766 0.000853341
0.85935 0.000850496
0.860937 0.000845392
0.862526 0.000842646
0.864119 0.000837772
0.865715 0.000834988
0.867313 0.000830266
0.868915 0.000827395
0.87052 0.000822733
0.872127 0.000819773
0.873738 0.000815141
0.875351 0.000812122
0.876967 0.000807599
0.878587 0.000804467
0.880209 0.000800015
0.881835 0.000796798
0.883463 0.00079248
0.885094 0.000789141
0.886729 0.000784969
0.888366 0.000781683
0.890007 0.000777821
0.89165 0.000774409
0.893297 0.000770725
0.894946 0.000767115
0.896599 0.00076362
0.898255 0.000759743
0.899913 0.000756472
0.901575 0.000752279
0.90324 0.000749346
0.904908 0.000744425
0.906579 0.000742208
0.908253 0.00073733
0.90993 0.000735091
0.911611 0.000730267
0.913294 0.000728078
0.91498 0.000723542
0.91667 0.000721292
0.918363 0.000716888
0.920059 0.000714601
0.921758 0.0007102
0.92346 0.000707903
0.925165 0.000703525
0.926873 0.000701183
0.928585 0.000696841
0.9303 0.000694437
0.932018 0.000690155
0.933739 0.000687693
0.935463 0.000683442
0.93719 0.000680982
0.938921 0.00067684
0.940655 0.000674393
0.942392 0.000670516
0.944132 0.000668019
0.945875 0.000664247
0.947622 0.000661689
0.949372 0.000657964
0.951125 0.000655321
0.952881 0.000651658
0.954641 0.000648939
0.956404 0.000645369
0.95817 0.000642544
0.959939 0.000639063
0.961712 0.000636151
0.963488 0.000632785
0.965267 0.000629733
0.967049 0.000626594
0.968835 0.000623479
0.970624 0.000620615
0.972417 0.000617325
0.974212 0.00061474
0.976011 0.000611059
0.977814 0.000608849
0.979619 0.0006048
0.981428 0.000602914
0.983241 0.000598883
0.985056 0.000597004
0.986875 0.000592979
0.988698 0.000591081
0.990523 0.000587121
0.992352 0.000585181
0.994185 0.00058127
0.996021 0.000579352
0.99786 0.000575648
0.999703 0.000573744
1.00155 0.000570155
1.0034 0.000568185
1.00525 0.000564643
1.00711 0.000562653
1.00897 0.000559109
1.01083 0.000557054
1.0127 0.000553562
1.01457 0.000551472
1.01644 0.000548023
1.01832 0.000545902
1.0202 0.000542507
1.02208 0.000540341
1.02397 0.000537051
1.02586 0.00053488
1.02775 0.000531788
1.02965 0.000529577
1.03155 0.000526623
1.03346 0.000524346
1.03537 0.000521427
1.03728 0.000519071
1.03919 0.000516245
1.04111 0.000513769
1.04304 0.000511048
1.04496 0.000508426
1.04689 0.000505853
1.04882 0.000503063
1.05076 0.000500687
1.0527 0.000497673
1.05465 0.000495562
1.05659 0.000492133
1.05854 0.00049063
1.0605 0.000487329
1.06246 0.000485794
1.06442 0.000482497
1.06638 0.000480928
1.06835 0.000477658
1.07033 0.000476065
1.0723 0.000472816
1.07428 0.000471172
1.07627 0.000467962
1.07825 0.000466317
1.08025 0.000463125
1.08224 0.000461484
1.08424 0.000458331
1.08624 0.000456682
1.08825 0.000453716
1.09026 0.000452048
1.09227 0.000449186
1.09429 0.000447501
1.09631 0.000444662
1.09833 0.000442936
1.10036 0.000440134
1.10239 0.000438347
1.10443 0.000435577
1.10647 0.000433765
1.10851 0.000431039
1.11056 0.000429163
1.11261 0.000426505
1.11466 0.000424576
1.11672 0.000422009
1.11878 0.000420074
1.12085 0.000417671
1.12292 0.000415724
1.12499 0.000413469
1.12707 0.000411379
1.12915 0.000409226
1.13124 0.000407012
1.13333 0.000404975
1.13542 0.000402618
1.13751 0.000400717
1.13962 0.000398104
1.14172 0.000396472
1.14383 0.000393541
1.14594 0.000392233
1.14806 0.000389349
1.15018 0.000388064
1.1523 0.000385279
1.15443 0.000384006
1.15656 0.000381369
1.1587 0.000380048
1.16083 0.000377417
1.16298 0.000376086
1.16513 0.00037346
1.16728 0.000372102
1.16943 0.000369502
1.17159 0.000368119
1.17376 0.000365541
1.17592 0.000364145
1.1781 0.000361591
1.18027 0.000360176
1.18245 0.000357673
1.18463 0.000356267
1.18682 0.000353893
1.18901 0.000352482
1.19121 0.000350235
1.19341 0.000348771
1.19561 0.000346547
1.19782 0.000345037
1.20003 0.000342859
1.20225 0.000341301
1.20447 0.000339162
1.20669 0.000337552
1.20892 0.000335467
1.21115 0.000333801
1.21339 0.000331788
1.21563 0.000330046
1.21787 0.000328132
1.22012 0.000326364
1.22238 0.000324612
1.22463 0.000322777
1.2269 0.000321188
1.22916 0.000319199
1.23143 0.000317741
1.2337 0.000315349
1.23598 0.0003143
1.23826 0.000311917
1.24055 0.000310853
1.24284 0.000308484
1.24514 0.000307392
1.24744 0.000305055
1.24974 0.00030396
1.25205 0.000301653
1.25436 0.000300572
1.25668 0.000298356
1.259 0.000297273
1.26132 0.000295182
1.26365 0.000294092
1.26598 0.000292002
1.26832 0.000290869
1.27066 0.000288809
1.27301 0.000287655
1.27536 0.0002856
1.27772 0.000284438
1.28008 0.000282404
1.28244 0.000281219
1.28481 0.000279215
1.28718 0.000277988
1.28956 0.000276052
1.29194 0.000274837
1.29432 0.000272986
1.29671 0.00027177
1.29911 0.000270036
1.30151 0.000268764
1.30391 0.000267067
1.30632 0.000265752
1.30873 0.000264104
1.31115 0.000262727
1.31357 0.000261124
1.31599 0.000259677
1.31842 0.000258142
1.32086 0.000256615
1.3233 0.000255179
1.32574 0.000253554
1.32819 0.000252246
1.33064 0.000250498
1.3331 0.0002494
1.33556 0.000247496
1.33803 0.000246644
1.3405 0.000244757
1.34297 0.000243889
1.34545 0.000241994
1.34794 0.000241124
1.35043 0.000239242
1.35292 0.00023834
1.35542 0.000236483
1.35792 0.000235574
1.36043 0.000233729
1.36294 0.000232811
1.36546 0.000230995
1.36798 0.000230076
1.37051 0.000228337
1.37304 0.000227444
1.37557 0.000225793
1.37811 0.000224879
1.38066 0.000223248
1.38321 0.000222299
1.38576 0.00022069
1.38832 0.000219723
1.39088 0.000218141
1.39345 0.000217134
1.39603 0.000215577
1.3986 0.000214547
1.40119 0.000213028
1.40377 0.000211972
1.40637 0.000210499
1.40896 0.000209435
1.41157 0.000208032
1.41417 0.000206974
1.41678 0.000205681
1.4194 0.000204573
1.42202 0.000203318
1.42465 0.000202142
1.42728 0.00020095
1.42991 0.000199684
1.43255 0.000198573
1.4352 0.000197201
1.43785 0.000196193
1.4405 0.000194586
1.44316 0.000193832
1.44583 0.000192186
1.4485 0.000191489
1.45117 0.000189895
1.45385 0.00018921
1.45654 0.000187729
1.45923 0.000187028
1.46192 0.000185553
1.46462 0.000184842
1.46733 0.000183363
1.47004 0.000182637
1.47275 0.000181172
1.47547 0.000180435
1.47819 0.000178991
1.48092 0.00017823
1.48366 0.000176799
1.4864 0.000176037
1.48914 0.000174626
1.49189 0.000173869
1.49465 0.000172518
1.49741 0.000171768
1.50017 0.000170505
1.50294 0.000169731
1.50572 0.000168487
1.5085 0.000167691
1.51129 0.000166468
1.51408 0.000165647
1.51687 0.000164449
1.51967 0.000163593
1.52248 0.000162419
1.52529 0.000161534
1.52811 0.000160403
1.53093 0.00015948
1.53376 0.000158398
1.53659 0.000157456
1.53943 0.000156444
1.54227 0.0001555
1.54512 0.000154591
1.54797 0.00015357
1.55083 0.000152722
1.55369 0.00015159
1.55656 0.000150854
1.55944 0.000149542
1.56231 0.000148979
1.5652 0.00014768
1.56809 0.000147111
1.57099 0.000145809
1.57389 0.000145243
1.57679 0.000143963
1.5797 0.000143397
1.58262 0.000142157
1.58554 0.000141604
1.58847 0.000140456
1.59141 0.000139886
1.59434 0.000138747
1.59729 0.000138171
1.60024 0.000137038
1.60319 0.000136441
1.60615 0.000135317
1.60912 0.000134707
1.61209 0.0001336
1.61507 0.000132975
1.61805 0.000131886
1.62104 0.000131252
1.62403 0.000130187
1.62703 0.000129547
1.63003 0.000128522
1.63304 0.000127893
1.63606 0.000126952
1.63908 0.00012631
1.64211 0.000125378
1.64514 0.000124704
1.64818 0.000123795
1.65122 0.000123093
1.65427 0.000122219
1.65733 0.000121476
1.66039 0.000120631
1.66345 0.00011985
1.66652 0.000119055
1.6696 0.000118226
1.67268 0.000117487
1.67577 0.000116602
1.67887 0.000115961
1.68197 0.000115011
1.68507 0.000114519
1.68819 0.000113503
1.6913 0.000113069
1.69443 0.000112054
1.69756 0.000111615
1.70069 0.000110605
1.70383 0.000110159
1.70698 0.000109154
1.71013 0.000108697
1.71329 0.000107704
1.71645 0.000107243
1.71962 0.000106264
1.7228 0.000105807
1.72598 0.000104859
1.72916 0.000104407
1.73236 0.000103539
1.73556 0.000103077
1.73876 0.000102213
1.74197 0.000101741
1.74519 0.000100887
1.74841 0.000100401
1.75164 9.95575e-05
1.75487 9.9055e-05
1.75812 9.82232e-05
1.76136 9.77111e-05
1.76461 9.69005e-05
1.76787 9.63702e-05
1.77114 9.55816e-05
1.77441 9.50419e-05
1.77768 9.42901e-05
1.78097 9.37637e-05
1.78426 9.30781e-05
1.78755 9.25289e-05
1.79085 9.18613e-05
1.79416 9.12791e-05
1.79747 9.06464e-05
1.80079 9.0027e-05
1.80412 8.94242e-05
1.80745 8.87557e-05
1.81079 8.82006e-05
1.81413 8.74651e-05
1.81748 8.69839e-05
1.82084 8.61153e-05
1.8242 8.57741e-05
1.82757 8.49281e-05
1.83094 8.45946e-05
1.83432 8.3825e-05
1.83771 8.34856e-05
1.8411 8.27198e-05
1.8445 8.23704e-05
1.84791 8.16056e-05
1.85132 8.12531e-05
1.85474 8.04925e-05
1.85816 8.01299e-05
1.8616 7.93806e-05
1.86503 7.90162e-05
1.86848 7.82696e-05
1.87193 7.78959e-05
1.87538 7.71645e-05
1.87885 7.67896e-05
1.88232 7.6076e-05
1.88579 7.57159e-05
1.88928 7.50724e-05
1.89276 7.46992e-05
1.89626 7.40623e-05
1.89976 7.36757e-05
1.90327 7.30453e-05
1.90678 7.26518e-05
1.9103 7.20304e-05
1.91383 7.16204e-05
1.91737 7.10132e-05
1.92091 7.05895e-05
1.92445 6.99986e-05
1.92801 6.9555e-05
1.93157 6.89936e-05
1.93514 6.85353e-05
1.93871 6.80032e-05
1.94229 6.75555e-05
1.94588 6.70848e-05
1.94947 6.66037e-05
1.95307 6.61628e-05
1.95667 6.56384e-05
1.96029 6.52381e-05
1.96391 6.46325e-05
1.96753 6.43113e-05
1.97117 6.36499e-05
1.97481 6.33818e-05
1.97845 6.27237e-05
1.98211 6.24559e-05
1.98577 6.18052e-05
1.98943 6.1538e-05
1.99311 6.08998e-05
1.99679 6.06427e-05
2.00048 6.00639e-05
2.00417 5.97987e-05
2.00787 5.92287e-05
2.01158 5.89589e-05
2.01529 5.83911e-05
2.01902 5.81106e-05
2.02274 5.75496e-05
2.02648 5.7268e-05
2.03022 5.67075e-05
2.03397 5.64183e-05
2.03773 5.58685e-05
2.04149 5.55727e-05
2.04526 5.50348e-05
2.04904 5.47361e-05
2.05282 5.42112e-05
2.05661 5.39233e-05
2.06041 5.34544e-05
2.06421 5.31547e-05
2.06802 5.26934e-05
2.07184 5.23818e-05
2.07567 5.19328e-05
2.0795 5.1603e-05
2.08334 5.11667e-05
2.08719 5.08232e-05
2.09104 5.04025e-05
2.0949 5.00414e-05
2.09877 4.96402e-05
2.10265 4.92601e-05
2.10653 4.88833e-05
2.11042 4.84763e-05
2.11432 4.81401e-05
2.11822 4.77248e-05
2.12213 4.74507e-05
2.12605 4.69556e-05
2.12998 4.67609e-05
2.13391 4.62679e-05
2.13785 4.60684e-05
2.1418 4.55784e-05
2.14576 4.53757e-05
2.14972 4.48881e-05
2.15369 4.46804e-05
2.15766 4.41983e-05
2.16165 4.3988e-05
2.16564 4.35116e-05
2.16964 4.33043e-05
2.17365 4.28357e-05
2.17766 4.26354e-05
2.18168 4.22124e-05
2.18571 4.20067e-05
2.18975 4.15931e-05
2.19379 4.13798e-05
2.19784 4.09677e-05
2.2019 4.07506e-05
2.20597 4.03448e-05
2.21004 4.01208e-05
2.21412 3.97212e-05
2.21821 3.94903e-05
2.2223 3.90965e-05
2.22641 3.88593e-05
2.23052 3.84767e-05
2.23464 3.82332e-05
2.23876 3.78655e-05
2.2429 3.76327e-05
2.24704 3.73025e-05
2.25119 3.70604e-05
2.25535 3.67416e-05
2.25951 3.64865e-05
2.26368 3.61784e-05
2.26786 3.5907e-05
2.27205 3.56159e-05
2.27625 3.53232e-05
2.28045 3.50514e-05
2.28466 3.47329e-05
2.28888 3.44889e-05
2.29311 3.41248e-05
2.29734 3.39302e-05
2.30158 3.35262e-05
2.30583 3.33822e-05
2.31009 3.30169e-05
2.31436 3.28725e-05
2.31863 3.25128e-05
2.32291 3.23655e-05
2.3272 3.20088e-05
2.3315 3.18572e-05
2.33581 3.1502e-05
2.34012 3.13474e-05
2.34444 3.09942e-05
2.34877 3.0837e-05
2.35311 3.04882e-05
2.35745 3.03273e-05
2.36181 2.99844e-05
2.36617 2.98244e-05
2.37054 2.94888e-05
2.37491 2.93332e-05
2.3793 2.90295e-05
2.38369 2.88717e-05
2.38809 2.85777e-05
2.3925 2.84147e-05
2.39692 2.81235e-05
2.40135 2.79543e-05
2.40578 2.76689e-05
2.41023 2.74925e-05
2.41468 2.72134e-05
2.41914 2.70293e-05
2.4236 2.67583e-05
2.42808 2.65683e-05
2.43256 2.63063e-05
2.43705 2.61093e-05
2.44155 2.58627e-05
2.44606 2.56699e-05
2.45058 2.54502e-05
2.4551 2.52476e-05
2.45964 2.50452e-05
2.46418 2.48261e-05
2.46873 2.46377e-05
2.47329 2.43931e-05
2.47786 2.4229e-05
2.48243 2.39294e-05
2.48702 2.38201e-05
2.49161 2.35229e-05
2.49621 2.34132e-05
2.50082 2.31186e-05
2.50544 2.30074e-05
2.51006 2.27188e-05
2.5147 2.26124e-05
2.51934 2.23504e-05
2.52399 2.22417e-05
2.52866 2.19896e-05
2.53333 2.18789e-05
2.538 2.16271e-05
2.54269 2.15147e-05
2.54739 2.12637e-05
2.55209 2.11472e-05
2.5568 2.09008e-05
2.56152 2.078e-05
2.56625 2.05366e-05
2.57099 2.04151e-05
2.57574 2.01749e-05
2.5805 2.0052e-05
2.58526 1.98196e-05
2.59004 1.97003e-05
2.59482 1.9489e-05
2.59961 1.93691e-05
2.60441 1.91666e-05
2.60922 1.90407e-05
2.61404 1.88433e-05
2.61886 1.87107e-05
2.6237 1.85182e-05
2.62855 1.83787e-05
2.6334 1.81922e-05
2.63826 1.80464e-05
2.64313 1.78689e-05
2.64801 1.77125e-05
2.6529 1.75459e-05
2.6578 1.73818e-05
2.66271 1.72299e-05
2.66763 1.70634e-05
2.67255 1.69349e-05
2.67749 1.67515e-05
2.68243 1.66486e-05
2.68739 1.64368e-05
2.69235 1.63595e-05
2.69732 1.61494e-05
2.7023 1.60702e-05
2.70729 1.58599e-05
2.71229 1.57795e-05
2.7173 1.55723e-05
2.72232 1.549e-05
2.72735 1.52853e-05
2.73238 1.52038e-05
2.73743 1.50025e-05
2.74248 1.49244e-05
2.74755 1.47404e-05
2.75262 1.46617e-05
2.7577 1.44869e-05
2.7628 1.44061e-05
2.7679 1.42327e-05
2.77301 1.41499e-05
2.77813 1.39781e-05
2.78326 1.38916e-05
2.7884 1.37221e-05
2.79355 1.36338e-05
2.79871 1.34675e-05
2.80387 1.33753e-05
2.80905 1.3213e-05
2.81424 1.312e-05
2.81944 1.29634e-05
2.82464 1.28725e-05
2.82986 1.27313e-05
2.83508 1.26384e-05
2.84032 1.25072e-05
2.84556 1.24094e-05
2.85082 1.22819e-05
2.85608 1.21774e-05
2.86136 1.20556e-05
2.86664 1.19441e-05
2.87193 1.18299e-05
2.87724 1.17079e-05
2.88255 1.16039e-05
2.88787 1.14692e-05
2.89321 1.13792e-05
2.89855 1.1212e-05
2.9039 1.11594e-05
2.90926 1.10066e-05
2.91464 1.09549e-05
2.92002 1.08102e-05
2.92541 1.0756e-05
2.93081 1.06128e-05
2.93623 1.05572e-05
2.94165 1.04145e-05
2.94708 1.0358e-05
2.95252 1.02156e-05
2.95797 1.01573e-05
2.96344 1.0017e-05
2.96891 9.95837e-06
2.97439 9.81934e-06
2.97988 9.75977e-06
2.98539 9.62462e-06
2.9909 9.56765e-06
2.99642 9.44365e-06
3.00195 9.38712e-06
3.0075 9.27024e-06
3.01305 9.21198e-06
3.01862 9.09625e-06
3.02419 9.03535e-06
3.02977 8.92191e-06
3.03537 8.85818e-06
3.04097 8.74681e-06
3.04659 8.68051e-06
3.05222 8.57261e-06
3.05785 8.50294e-06
3.0635 8.39855e-06
3.06916 8.32727e-06
3.07482 8.22853e-06
3.0805 8.15784e-06
3.08619 8.06928e-06
3.09189 7.99745e-06
3.0976 7.91706e-06
3.10332 7.83947e-06
3.10905 7.76515e-06
3.11479 7.67943e-06
3.12054 7.61193e-06
3.1263 7.5144e-06
3.13208 7.45869e-06
3.13786 7.3441e-06
3.14365 7.30548e-06
3.14946 7.19205e-06
3.15528 7.15353e-06
3.1611 7.04167e-06
3.16694 7.00502e-06
3.17279 6.90238e-06
3.17865 6.86619e-06
3.18452 6.77069e-06
3.1904 6.73316e-06
3.19629 6.63845e-06
3.20219 6.59984e-06
3.2081 6.50551e-06
3.21403 6.46555e-06
3.21996 6.37223e-06
3.22591 6.33182e-06
3.23187 6.23901e-06
3.23783 6.19758e-06
3.24381 6.1067e-06
3.2498 6.06436e-06
3.2558 5.97608e-06
3.26182 5.93536e-06
3.26784 5.85489e-06
3.27387 5.81458e-06
3.27992 5.74011e-06
3.28598 5.69761e-06
3.29204 5.62483e-06
3.29812 5.58031e-06
3.30421 5.50927e-06
3.31031 5.46263e-06
3.31643 5.39313e-06
3.32255 5.34373e-06
3.32869 5.27737e-06
3.33483 5.2254e-06
3.34099 5.16237e-06
3.34716 5.10698e-06
3.35334 5.04936e-06
3.35953 4.99268e-06
3.36574 4.94368e-06
3.37195 4.88464e-06
3.37818 4.84384e-06
3.38442 4.77224e-06
3.39067 4.74415e-06
3.39693 4.66866e-06
3.4032 4.6436e-06
3.40949 4.56823e-06
3.41578 4.54247e-06
3.42209 4.46822e-06
3.42841 4.44192e-06
3.43474 4.36842e-06
3.44108 4.34228e-06
3.44744 4.26989e-06
3.4538 4.24474e-06
3.46018 4.17803e-06
3.46657 4.15342e-06
3.47297 4.09292e-06
3.47939 4.0673e-06
3.48581 4.00688e-06
3.49225 3.98075e-06
3.4987 3.9208e-06
3.50516 3.89366e-06
3.51163 3.83456e-06
3.51811 3.80635e-06
3.52461 3.74806e-06
3.53112 3.71906e-06
3.53764 3.66213e-06
3.54417 3.63262e-06
3.55072 3.57744e-06
3.55727 3.54846e-06
3.56384 3.49862e-06
3.57042 3.47012e-06
3.57702 3.42503e-06
3.58362 3.39482e-06
3.59024 3.35143e-06
3.59687 3.31904e-06
3.60351 3.27722e-06
3.61017 3.24272e-06
3.61683 3.20305e-06
3.62351 3.16555e-06
3.6302 3.12878e-06
3.63691 3.08764e-06
3.64362 3.05495e-06
3.65035 3.0086e-06
3.65709 2.98258e-06
3.66384 2.93012e-06
3.67061 2.91492e-06
3.67739 2.86776e-06
3.68418 2.85202e-06
3.69098 2.80485e-06
3.6978 2.78873e-06
3.70463 2.74165e-06
3.71147 2.72529e-06
3.71832 2.67845e-06
3.72519 2.66155e-06
3.73207 2.6151e-06
3.73896 2.59775e-06
3.74586 2.55208e-06
3.75278 2.53467e-06
3.75971 2.48983e-06
3.76665 2.47291e-06
3.77361 2.43145e-06
3.78058 2.41517e-06
3.78756 2.37819e-06
3.79455 2.36119e-06
3.80156 2.32461e-06
3.80858 2.30688e-06
3.81561 2.27077e-06
3.82266 2.25237e-06
3.82972 2.21678e-06
3.83679 2.1975e-06
3.84387 2.16272e-06
3.85097 2.14296e-06
3.85808 2.10904e-06
3.86521 2.08826e-06
3.87234 2.05614e-06
3.87949 2.03552e-06
3.88666 2.00676e-06
3.89384 1.98671e-06
3.90103 1.96143e-06
3.90823 1.93978e-06
3.91545 1.91599e-06
3.92268 1.892e-06
3.92992 1.8704e-06
3.93718 1.84356e-06
3.94445 1.82453e-06
3.95173 1.79217e-06
3.95903 1.77882e-06
3.96634 1.7437e-06
3.97366 1.73334e-06
3.981 1.69869e-06
3.98835 1.68872e-06
3.99572 1.65646e-06
4.0031 1.64703e-06
4.01049 1.61852e-06
4.01789 1.60872e-06
4.02531 1.58045e-06
4.03275 1.5703e-06
4.04019 1.54216e-06
4.04765 1.53171e-06
4.05513 1.5038e-06
4.06262 1.49296e-06
4.07012 1.46535e-06
4.07763 1.45423e-06
4.08516 1.427e-06
4.09271 1.41588e-06
4.10027 1.38926e-06
4.10784 1.37835e-06
4.11542 1.35373e-06
4.12302 1.34331e-06
4.13064 1.32187e-06
4.13826 1.31103e-06
4.14591 1.28998e-06
4.15356 1.27841e-06
4.16123 1.2578e-06
4.16892 1.24558e-06
4.17661 1.22554e-06
4.18433 1.21267e-06
4.19205 1.19327e-06
4.19979 1.17961e-06
4.20755 1.16109e-06
4.21532 1.14652e-06
4.2231 1.12957e-06
4.2309 1.1146e-06
4.23871 1.09982e-06
4.24654 1.08519e-06
4.25438 1.07318e-06
4.26224 1.05634e-06
4.27011 1.04643e-06
4.278 1.02563e-06
4.2859 1.01951e-06
4.29381 9.98799e-07
4.30174 9.92493e-07
4.30968 9.71941e-07
4.31764 9.65547e-07
4.32561 9.45149e-07
4.3336 9.38712e-07
4.3416 9.18585e-07
4.34962 9.12404e-07
4.35765 8.93514e-07
4.3657 8.87796e-07
4.37376 8.71582e-07
4.38184 8.65623e-07
4.38993 8.49472e-07
4.39804 8.43212e-07
4.40616 8.2728e-07
4.41429 8.20768e-07
4.42245 8.0489e-07
4.43061 7.98208e-07
4.43879 7.82587e-07
4.44699 7.75633e-07
4.4552 7.60291e-07
4.46343 7.53145e-07
4.47167 7.38322e-07
4.47993 7.31302e-07
4.4882 7.1757e-07
4.49649 7.11044e-07
4.50479 6.99429e-07
4.51311 6.92517e-07
4.52144 6.81247e-07
4.52979 6.7373e-07
4.53816 6.62893e-07
4.54654 6.54843e-07
4.55493 6.4445e-07
4.56335 6.35763e-07
4.57177 6.26095e-07
4.58021 6.1651e-07
4.58867 6.0773e-07
4.59715 5.97096e-07
4.60564 5.89694e-07
4.61414 5.77485e-07
4.62266 5.72683e-07
4.6312 5.61113e-07
4.63975 5.57805e-07
4.64832 5.46226e-07
4.6569 5.42853e-07
4.6655 5.31296e-07
4.67411 5.27787e-07
4.68275 5.16286e-07
4.69139 5.12682e-07
4.70006 5.01238e-07
4.70874 4.97508e-07
4.71743 4.86236e-07
4.72614 4.82492e-07
4.73487 4.71407e-07
4.74361 4.67701e-07
4.75237 4.57265e-07
4.76115 4.53974e-07
4.76994 4.45217e-07
4.77875 4.41748e-07
4.78757 4.33088e-07
4.79641 4.29448e-07
4.80527 4.20904e-07
4.81414 4.17098e-07
4.82303 4.08625e-07
4.83194 4.04612e-07
4.84086 3.96386e-07
4.8498 3.9218e-07
4.85876 3.84125e-07
4.86773 3.79753e-07
4.87672 3.72066e-07
4.88572 3.67555e-07
4.89475 3.60552e-07
4.90378 3.56523e-07
4.91284 3.50781e-07
4.92191 3.46349e-07
4.931 3.40937e-07
4.94011 3.36097e-07
4.94923 3.31023e-07
4.95837 3.2562e-07
4.96752 3.21084e-07
4.9767 3.14839e-07
4.98589 3.11121e-07
4.99509 3.03198e-07
5.00432 3.01188e-07
5.01356 2.93361e-07
5.02282 2.91402e-07
5.03209 2.8392e-07
5.04138 2.82188e-07
5.05069 2.76113e-07
5.06002 2.74287e-07
5.06936 2.68249e-07
5.07873 2.66349e-07
5.0881 2.60324e-07
5.0975 2.58389e-07
5.10691 2.52381e-07
5.11634 2.50358e-07
5.12579 2.44415e-07
5.13526 2.42333e-07
5.14474 2.36471e-07
5.15424 2.34325e-07
5.16376 2.2857e-07
5.17329 2.26458e-07
5.18285 2.21013e-07
5.19242 2.19148e-07
5.202 2.14774e-07
5.21161 2.12804e-07
5.22123 2.08477e-07
5.23088 2.06379e-07
5.24054 2.02147e-07
5.25021 1.99938e-07
5.25991 1.95764e-07
5.26962 1.93403e-07
5.27935 1.89407e-07
5.2891 1.8689e-07
5.29887 1.83036e-07
5.30865 1.80362e-07
5.31846 1.76768e-07
5.32828 1.73928e-07
5.33812 1.7075e-07
5.34797 1.68207e-07
5.35785 1.65777e-07
5.36774 1.62887e-07
5.37765 1.60774e-07
5.38758 1.57329e-07
5.39753 1.55729e-07
5.4075 1.51702e-07
5.41749 1.50662e-07
5.42749 1.46655e-07
5.43751 1.45596e-07
5.44755 1.41602e-07
5.45761 1.40536e-07
5.46769 1.36598e-07
5.47779 1.35544e-07
5.4879 1.31728e-07
5.49804 1.30834e-07
5.50819 1.27843e-07
5.51836 1.26898e-07
5.52855 1.23932e-07
5.53876 1.22945e-07
5.54899 1.19993e-07
5.55923 1.18961e-07
5.5695 1.16036e-07
5.57979 1.14951e-07
5.59009 1.12061e-07
5.60041 1.10936e-07
5.61075 1.08094e-07
5.62111 1.06933e-07
5.63149 1.04161e-07
5.64189 1.02985e-07
5.65231 1.00353e-07
5.66275 9.93402e-08
5.67321 9.73009e-08
5.68368 9.62132e-08
5.69418 9.42316e-08
5.70469 9.30659e-08
5.71523 9.11432e-08
5.72578 8.98777e-08
5.73635 8.8037e-08
5.74695 8.66694e-08
5.75756 8.49197e-08
5.76819 8.34051e-08
5.77884 8.18146e-08
5.78951 8.01449e-08
5.8002 7.87383e-08
5.81092 7.68392e-08
5.82165 7.57921e-08
5.8324 7.38545e-08
5.84317 7.34021e-08
5.85396 7.14877e-08
5.86477 7.10183e-08
5.8756 6.91073e-08
5.88645 6.86129e-08
5.89732 6.67095e-08
5.90821 6.61997e-08
5.91912 6.43074e-08
5.93005 6.378e-08
5.941 6.19004e-08
5.95197 6.13607e-08
5.96296 5.95101e-08
5.97397 5.89812e-08
5.985 5.7186e-08
5.99605 5.67343e-08
6.00713 5.53489e-08
6.01822 5.48754e-08
6.02933 5.35287e-08
6.04047 5.30396e-08
6.05162 5.16934e-08
6.06279 5.11705e-08
6.07399 4.98503e-08
6.08521 4.92977e-08
6.09644 4.8003e-08
6.1077 4.74216e-08
6.11898 4.615e-08
6.13028 4.55388e-08
6.1416 4.43198e-08
6.15294 4.36859e-08
6.1643 4.25466e-08
6.17569 4.19989e-08
6.18709 4.11268e-08
6.19851 4.05475e-08
6.20996 3.97404e-08
6.22143 3.9103e-08
6.23292 3.83362e-08
6.24443 3.76257e-08
6.25596 3.69271e-08
6.26751 3.61147e-08
6.27908 3.55116e-08
6.29068 3.45516e-08
6.30229 3.41023e-08
6.31393 3.2946e-08
6.32559 3.27044e-08
6.33727 3.15757e-08
6.34897 3.13708e-08
6.3607 3.04949e-08
6.37244 3.02885e-08
6.38421 2.94487e-08
6.396 2.92272e-08
6.40781 2.83936e-08
6.41964 2.81643e-08
6.4315 2.73329e-08
6.44338 2.70936e-08
6.45527 2.62635e-08
6.46719 2.60147e-08
6.47914 2.51966e-08
6.4911 2.49396e-08
6.50309 2.41373e-08
6.5151 2.38835e-08
6.52713 2.31078e-08
6.53918 2.2891e-08
6.55126 2.22898e-08
6.56335 2.20709e-08
6.57547 2.15056e-08
6.58761 2.12679e-08
6.59978 2.07119e-08
6.61197 2.04612e-08
6.62418 1.99156e-08
6.63641 1.9646e-08
6.64866 1.91154e-08
6.66094 1.88217e-08
6.67324 1.83159e-08
6.68556 1.80034e-08
6.69791 1.75216e-08
6.71028 1.71878e-08
6.72267 1.67573e-08
6.73508 1.64641e-08
6.74752 1.61434e-08
6.75998 1.58334e-08
6.77246 1.55574e-08
6.78497 1.51957e-08
6.7975 1.49655e-08
6.81005 1.44743e-08
6.82263 1.43704e-08
6.83522 1.38804e-08
6.84785 1.3774e-08
6.86049 1.32862e-08
6.87316 1.31761e-08
6.88585 1.26948e-08
6.89857 1.25855e-08
6.91131 1.2116e-08
6.92407 1.20252e-08
6.93686 1.16601e-08
6.94967 1.157e-08
6.9625 1.12311e-08
6.97536 1.11355e-08
6.98824 1.07985e-08
7.00114 1.06974e-08
7.01407 1.03634e-08
7.02702 1.02584e-08
7.04 9.92655e-09
7.053 9.81592e-09
7.06602 9.48868e-09
7.07907 9.37348e-09
7.09214 9.05266e-09
7.10524 8.93603e-09
7.11836 8.6304e-09
7.1315 8.52977e-09
7.14467 8.29376e-09
7.15787 8.19323e-09
7.17108 7.98124e-09
7.18433 7.87126e-09
7.19759 7.66459e-09
7.21088 7.54709e-09
7.2242 7.34737e-09
7.23754 7.21754e-09
7.2509 7.02735e-09
7.26429 6.88403e-09
7.27771 6.7067e-09
7.29115 6.55e-09
7.30461 6.39025e-09
7.3181 6.21203e-09
7.33161 6.08465e-09
7.34515 5.91627e-09
7.35872 5.83965e-09
7.3723 5.65107e-09
7.38592 5.61276e-09
7.39956 5.42398e-09
7.41322 5.384e-09
7.42691 5.19536e-09
7.44062 5.15363e-09
7.45436 4.96562e-09
7.46813 4.92232e-09
7.48192 4.7353e-09
7.49574 4.69015e-09
7.50958 4.50613e-09
7.52345 4.46109e-09
7.53734 4.28182e-09
7.55126 4.24354e-09
7.5652 4.10358e-09
7.57917 4.06746e-09
7.59317 3.94217e-09
7.60719 3.90361e-09
7.62124 3.77948e-09
7.63531 3.73812e-09
7.64941 3.61519e-09
7.66353 3.57154e-09
7.67769 3.45055e-09
7.69186 3.40409e-09
7.70607 3.28527e-09
7.7203 3.23549e-09
7.73455 3.12073e-09
7.74884 3.06895e-09
7.76315 2.9612e-09
7.77748 2.91668e-09
7.79184 2.83349e-09
7.80623 2.78977e-09
7.82065 2.71887e-09
7.83509 2.67074e-09
7.84956 2.60345e-09
7.86405 2.5494e-09
7.87857 2.48702e-09
7.89312 2.426e-09
7.9077 2.36983e-09
7.9223 2.29846e-09
7.93693 2.25238e-09
7.95158 2.16047e-09
7.96627 2.1363e-09
7.98098 2.03865e-09
7.99572 2.02438e-09
8.01048 1.94765e-09
8.02527 1.93427e-09
8.04009 1.86788e-09
8.05494 1.85361e-09
8.06981 1.78743e-09
8.08472 1.77241e-09
8.09965 1.70642e-09
8.1146 1.69061e-09
8.12959 1.62482e-09
8.1446 1.60806e-09
8.15964 1.5431e-09
8.17471 1.52586e-09
8.1898 1.4614e-09
8.20492 1.44404e-09
8.22008 1.38174e-09
8.23526 1.36691e-09
8.25046 1.31796e-09
8.2657 1.30414e-09
8.28096 1.26245e-09
8.29625 1.24765e-09
8.31157 1.20654e-09
8.32692 1.19064e-09
8.3423 1.15021e-09
8.3577 1.13294e-09
8.37314 1.09345e-09
8.3886 1.07473e-09
8.40409 1.03643e-09
8.41961 1.01644e-09
8.43516 9.79895e-10
8.45073 9.58328e-10
8.46634 9.24839e-10
8.48197 9.05524e-10
8.49763 8.80671e-10
8.51333 8.62012e-10
8.52905 8.42561e-10
8.5448 8.2103e-10
8.56057 8.041e-10
8.57638 7.78205e-10
8.59222 7.65371e-10
8.60809 7.32243e-10
8.62398 7.26341e-10
8.63991 6.93372e-10
8.65586 6.87251e-10
8.67185 6.54518e-10
8.68786 6.48407e-10
8.7039 6.16278e-10
8.71997 6.11222e-10
8.73608 5.85664e-10
8.75221 5.81126e-10
8.76837 5.6011e-10
8.78456 5.55218e-10
8.80078 5.3434e-10
8.81704 5.29161e-10
8.83332 5.08336e-10
8.84963 5.02811e-10
8.86597 4.82113e-10
8.88234 4.7626e-10
8.89874 4.55822e-10
8.91518 4.49642e-10
8.93164 4.29592e-10
8.94813 4.23213e-10
8.96466 4.03899e-10
8.98121 3.98426e-10
8.9978 3.83145e-10
9.01441 3.78299e-10
9.03106 3.65949e-10
9.04773 3.60652e-10
9.06444 3.48625e-10
9.08118 3.42809e-10
9.09795 3.31128e-10
9.11475 3.24654e-10
9.13158 3.13545e-10
9.14844 3.06371e-10
9.16534 2.9584e-10
9.18226 2.8786e-10
9.19922 2.78221e-10
9.2162 2.69178e-10
9.23322 2.61159e-10
9.25027 2.52584e-10
9.26736 2.47266e-10
9.28447 2.38578e-10
9.30161 2.35873e-10
9.31879 2.2602e-10
9.336 2.24363e-10
9.35324 2.14506e-10
9.37051 2.1275e-10
9.38781 2.02914e-10
9.40515 2.01064e-10
9.42252 1.91237e-10
9.43992 1.89293e-10
9.45735 1.79589e-10
9.47481 1.77622e-10
9.49231 1.68117e-10
9.50984 1.66445e-10
9.5274 1.58771e-10
9.54499 1.57342e-10
9.56262 1.51388e-10
9.58027 1.49845e-10
9.59797 1.43924e-10
9.61569 1.42297e-10
9.63345 1.36404e-10
9.65123 1.34649e-10
9.66906 1.28829e-10
9.68691 1.26906e-10
9.7048 1.212e-10
9.72272 1.19173e-10
9.74067 1.13604e-10
9.75866 1.11436e-10
9.77668 1.06145e-10
9.79474 1.04218e-10
9.81282 1.00047e-10
9.83094 9.84076e-11
9.8491 9.5267e-11
9.86728 9.34371e-11
9.88551 9.04498e-11
9.90376 8.84014e-11
9.92205 8.55822e-11
9.94037 8.32302e-11
9.95873 8.06713e-11
9.97712 7.7948e-11
9.99554 7.57391e-11
10.014 7.24926e-11
10.0325 7.08233e-11
10.051 6.65635e-11
10.0696 6.60616e-11
10.0882 6.2547e-11
10.1068 6.21284e-11
10.1255 5.95194e-11
10.1442 5.90721e-11
10.1629 5.646e-11
10.1817 5.59821e-11
10.2005 5.3368e-11
10.2193 5.28627e-11
10.2382 5.0255e-11
10.2571 4.97218e-11
10.276 4.71263e-11
10.295 4.65597e-11
10.314 4.39923e-11
10.333 4.3416e-11
10.3521 4.09046e-11
10.3712 4.03972e-11
10.3904 3.83386e-11
10.4096 3.79348e-11
10.4288 3.64421e-11
10.4481 3.60003e-11
10.4674 3.45251e-11
10.4867 3.40473e-11
10.5061 3.25875e-11
10.5255 3.20617e-11
10.5449 3.06355e-11
10.5644 3.00563e-11
10.5839 2.86696e-11
10.6034 2.80404e-11
10.623 2.67096e-11
10.6426 2.60174e-11
10.6623 2.47826e-11
10.682 2.41418e-11
10.7017 2.31788e-11
10.7214 2.26561e-11
10.7412 2.2003e-11
10.7611 2.13967e-11
10.7809 2.08121e-11
10.8008 2.00954e-11
10.8208 1.96111e-11
10.8408 1.87085e-11
10.8608 1.83986e-11
10.8809 1.73353e-11
10.9009 1.71799e-11
10.9211 1.61207e-11
10.9412 1.59635e-11
10.9614 1.49183e-11
10.9817 1.47807e-11
11.002 1.39024e-11
11.0223 1.37988e-11
11.0426 1.31888e-11
11.063 1.30743e-11
11.0835 1.24667e-11
11.1039 1.23453e-11
11.1244 1.17379e-11
11.145 1.16089e-11
11.1655 1.10036e-11
11.1862 1.0864e-11
11.2068 1.02639e-11
11.2275 1.0114e-11
11.2483 9.52135e-12
11.269 9.36536e-12
11.2898 8.7898e-12
11.3107 8.64875e-12
11.3316 8.16758e-12
11.3525 8.06048e-12
11.3735 7.73824e-12
11.3945 7.6207e-12
11.4155 7.30404e-12
11.4366 7.17315e-12
11.4577 6.86498e-12
11.4789 6.7202e-12
11.5001 6.42158e-12
11.5213 6.25967e-12
11.5426 5.97646e-12
11.5639 5.79164e-12
11.5852 5.53005e-12
11.6066 5.32368e-12
11.6281 5.09155e-12
11.6495 4.88497e-12
11.671 4.72063e-12
11.6926 4.55334e-12
11.7142 4.46557e-12
11.7358 4.23705e-12
11.7575 4.20775e-12
11.7792 3.97899e-12
11.801 3.9473e-12
11.8227 3.71874e-12
11.8446 3.6849e-12
11.8664 3.45639e-12
11.8884 3.42062e-12
11.9103 3.19319e-12
11.9323 3.15534e-12
11.9543 2.9318e-12
11.9764 2.89815e-12
11.9985 2.70516e-12
12.0207 2.68146e-12
12.0429 2.55792e-12
12.0651 2.53249e-12
12.0874 2.40921e-12
12.1097 2.38125e-12
12.1321 2.2586e-12
12.1545 2.22833e-12
12.1769 2.10699e-12
12.1994 2.07402e-12
12.2219 1.95417e-12
12.2445 1.91852e-12
12.2671 1.80064e-12
12.2898 1.76204e-12
12.3125 1.64895e-12
12.3352 1.61279e-12
12.358 1.51682e-12
12.3808 1.49155e-12
12.4037 1.43222e-12
12.4266 1.4033e-12
12.4495 1.34646e-12
12.4725 1.31377e-12
12.4955 1.26008e-12
12.5186 1.22233e-12
12.5417 1.17262e-12
12.5649 1.12885e-12
12.5881 1.08453e-12
12.6113 1.0325e-12
12.6346 9.96256e-13
12.658 9.31465e-13
12.6813 9.09311e-13
12.7048 8.39205e-13
12.7282 8.34144e-13
12.7517 7.91822e-13
12.7753 7.86311e-13
12.7989 7.43893e-13
12.8225 7.3792e-13
12.8462 6.95497e-13
12.8699 6.89007e-13
12.8937 6.46623e-13
12.9175 6.39699e-13
12.9413 5.97382e-13
12.9652 5.89818e-13
12.9892 5.47799e-13
13.0131 5.40004e-13
13.0372 4.98556e-13
13.0612 4.91215e-13
13.0854 4.54581e-13
13.1095 4.4983e-13
13.1337 4.28257e-13
13.158 4.23055e-13
13.1823 4.01675e-13
13.2066 3.95938e-13
13.231 3.74821e-13
13.2555 3.6849e-13
13.2799 3.4765e-13
13.3045 3.40602e-13
13.329 3.20305e-13
13.3536 3.12448e-13
13.3783 2.92793e-13
13.403 2.84201e-13
13.4277 2.65545e-13
13.4525 2.5682e-13
13.4774 2.41167e-13
13.5023 2.35525e-13
13.5272 2.26836e-13
13.5522 2.20328e-13
13.5772 2.12378e-13
13.6023 2.04609e-13
13.6274 1.97737e-13
13.6526 1.88152e-13
13.6778 1.82947e-13
13.703 1.69523e-13
13.7283 1.68036e-13
13.7537 1.54626e-13
13.7791 1.5307e-13
13.8045 1.39752e-13
13.83 1.38282e-13
13.8556 1.2609e-13
13.8811 1.25226e-13
13.9068 1.18497e-13
13.9325 1.17555e-13
13.9582 1.10817e-13
13.984 1.09765e-13
14.0098 1.03059e-13
14.0357 1.01919e-13
14.0616 9.52095e-14
14.0875 9.39673e-14
14.1136 8.73037e-14
14.1396 8.59431e-14
14.1657 7.9345e-14
14.1919 7.79233e-14
14.2181 7.13987e-14
14.2443 7.00039e-14
14.2706 6.40692e-14
14.297 6.32275e-14
14.3234 6.00829e-14
14.3499 5.91472e-14
14.3763 5.60432e-14
14.4029 5.49887e-14
14.4295 5.19682e-14
14.4561 5.07769e-14
14.4828 4.78428e-14
14.5096 4.65134e-14
14.5364 4.36797e-14
14.5632 4.21713e-14
14.5901 3.95031e-14
14.617 3.77659e-14
14.644 3.53356e-14
14.6711 3.34379e-14
14.6982 3.15077e-14
14.7253 3.03195e-14
14.7525 2.94548e-14
14.7797 2.79498e-14
14.807 2.73738e-14
14.8344 2.54625e-14
14.8618 2.52704e-14
14.8892 2.3356e-14
14.9167 2.31447e-14
14.9443 2.12285e-14
14.9719 2.09999e-14
14.9995 1.90867e-14
15.0272 1.8836e-14
15.055 1.69418e-14
15.0828 1.66969e-14
15.1106 1.48964e-14
15.1385 1.47689e-14
15.1665 1.38712e-14
15.1945 1.37282e-14
15.2225 1.28336e-14
15.2506 1.26794e-14
15.2788 1.17855e-14
15.307 1.16151e-14
15.3353 1.07269e-14
15.3636 1.05374e-14
15.392 9.65645e-15
15.4204 9.44887e-15
15.4489 8.58018e-15
15.4774 8.34766e-15
15.506 7.50281e-15
15.5346 7.26557e-15
15.5633 6.48426e-15
15.592 6.38655e-15
15.6208 6.09704e-15
15.6497 5.98569e-15
15.6786 5.70532e-15
15.7075 5.57514e-15
15.7365 5.30637e-15
15.7656 5.15508e-15
15.7947 4.89961e-15
15.8239 4.71482e-15
15.8531 4.47796e-15
15.8824 4.24805e-15
15.9117 4.0145e-15
15.9411 3.67873e-15
15.9705 3.28502e-15
16 0
