# 1:pT 2:PhotonSpectrum=dN/d^2xT d^2pT dy
0.01 20.3891
0.0100185 20.3562
0.010037 20.3034
0.0100555 20.2693
0.0100741 20.216
0.0100927 20.1806
0.0101113 20.1275
0.01013 20.0909
0.0101487 20.0375
0.0101674 19.9994
0.0101862 19.9449
0.010205 19.9054
0.0102239 19.8504
0.0102427 19.8098
0.0102617 19.7533
0.0102806 19.7102
0.0102996 19.6518
0.0103186 19.605
0.0103377 19.5392
0.0103567 19.4922
0.0103759 19.4264
0.010395 19.3787
0.0104142 19.3135
0.0104335 19.264
0.0104527 19.1998
0.010472 19.1504
0.0104914 19.0868
0.0105107 19.0363
0.0105301 18.9743
0.0105496 18.9223
0.0105691 18.8612
0.0105886 18.8091
0.0106081 18.7501
0.0106277 18.6983
0.0106474 18.6421
0.010667 18.5883
0.0106867 18.5338
0.0107065 18.4789
0.0107262 18.4259
0.010746 18.3682
0.0107659 18.3173
0.0107858 18.2562
0.0108057 18.2091
0.0108256 18.1417
0.0108456 18.1007
0.0108656 18.0343
0.0108857 17.9934
0.0109058 17.9269
0.0109259 17.887
0.0109461 17.8244
0.0109663 17.7833
0.0109866 17.7214
0.0110069 17.68
0.0110272 17.6181
0.0110476 17.5764
0.011068 17.515
0.0110884 17.4732
0.0111089 17.4118
0.0111294 17.3694
0.0111499 17.3084
0.0111705 17.266
0.0111912 17.2058
0.0112118 17.1629
0.0112325 17.1044
0.0112533 17.0619
0.0112741 17.0059
0.0112949 16.9625
0.0113157 16.9069
0.0113366 16.8631
0.0113576 16.8086
0.0113785 16.7638
0.0113995 16.7101
0.0114206 16.6645
0.0114417 16.6106
0.0114628 16.5643
0.011484 16.5125
0.0115052 16.465
0.0115264 16.4142
0.0115477 16.3656
0.011569 16.3176
0.0115904 16.2685
0.0116118 16.2232
0.0116332 16.1718
0.0116547 16.1287
0.0116762 16.0719
0.0116978 16.0346
0.0117194 15.9757
0.0117411 15.9398
0.0117627 15.8813
0.0117845 15.8453
0.0118062 15.787
0.011828 15.7507
0.0118499 15.6936
0.0118717 15.6567
0.0118937 15.6
0.0119156 15.5637
0.0119376 15.51
0.0119597 15.4735
0.0119818 15.4207
0.0120039 15.3834
0.0120261 15.3303
0.0120483 15.2931
0.0120705 15.2401
0.0120928 15.2027
0.0121151 15.1502
0.0121375 15.1122
0.0121599 15.0602
0.0121824 15.0212
0.0122049 14.9702
0.0122274 14.9315
0.01225 14.882
0.0122726 14.843
0.0122953 14.7958
0.012318 14.756
0.0123407 14.7099
0.0123635 14.6696
0.0123863 14.6238
0.0124092 14.5829
0.0124321 14.5378
0.0124551 14.4954
0.0124781 14.4523
0.0125011 14.4086
0.0125242 14.3664
0.0125473 14.3208
0.0125705 14.2808
0.0125937 14.2331
0.012617 14.1968
0.0126403 14.1453
0.0126636 14.1143
0.012687 14.0636
0.0127104 14.0321
0.0127339 13.9816
0.0127574 13.9494
0.012781 13.8994
0.0128046 13.8669
0.0128282 13.8172
0.0128519 13.7845
0.0128756 13.735
0.0128994 13.702
0.0129232 13.6532
0.0129471 13.6204
0.012971 13.5723
0.012995 13.5395
0.0130189 13.4932
0.013043 13.4603
0.0130671 13.415
0.0130912 13.3819
0.0131154 13.3368
0.0131396 13.3029
0.0131639 13.2587
0.0131882 13.224
0.0132125 13.1797
0.0132369 13.1455
0.0132614 13.1015
0.0132859 13.0667
0.0133104 13.0239
0.013335 12.9883
0.0133596 12.9463
0.0133843 12.9109
0.013409 12.8712
0.0134337 12.8355
0.0134585 12.7965
0.0134834 12.7595
0.0135083 12.7218
0.0135332 12.6832
0.0135582 12.6471
0.0135833 12.6064
0.0136083 12.572
0.0136335 12.5277
0.0136587 12.4974
0.0136839 12.4508
0.0137091 12.4228
0.0137345 12.3765
0.0137598 12.3488
0.0137852 12.3044
0.0138107 12.2766
0.0138362 12.2333
0.0138617 12.2046
0.0138873 12.1612
0.013913 12.1324
0.0139387 12.0896
0.0139644 12.0605
0.0139902 12.018
0.014016 11.9884
0.0140419 11.9462
0.0140678 11.917
0.0140938 11.8746
0.0141198 11.8455
0.0141459 11.8041
0.014172 11.7752
0.0141982 11.7356
0.0142244 11.706
0.0142507 11.6673
0.014277 11.6377
0.0143034 11.5996
0.0143298 11.5691
0.0143563 11.5315
0.0143828 11.5002
0.0144093 11.4635
0.0144359 11.4314
0.0144626 11.3949
0.0144893 11.3626
0.0145161 11.3272
0.0145429 11.2941
0.0145697 11.2599
0.0145966 11.2266
0.0146236 11.1943
0.0146506 11.1599
0.0146776 11.1292
0.0147047 11.0929
0.0147319 11.0639
0.0147591 11.0232
0.0147863 10.9987
0.0148136 10.9581
0.014841 10.9332
0.0148684 10.8929
0.0148959 10.8676
0.0149234 10.828
0.0149509 10.8025
0.0149785 10.7633
0.0150062 10.7381
0.0150339 10.7003
0.0150617 10.6753
0.0150895 10.6383
0.0151173 10.613
0.0151453 10.5762
0.0151732 10.5504
0.0152012 10.5139
0.0152293 10.4877
0.0152574 10.4513
0.0152856 10.4252
0.0153138 10.3892
0.0153421 10.3628
0.0153705 10.3276
0.0153988 10.3006
0.0154273 10.2658
0.0154558 10.2392
0.0154843 10.2056
0.0155129 10.1789
0.0155415 10.1462
0.0155702 10.1188
0.015599 10.0866
0.0156278 10.0587
0.0156567 10.0269
0.0156856 9.99837
0.0157145 9.96736
0.0157435 9.93782
0.0157726 9.90799
0.0158017 9.87715
0.0158309 9.84868
0.0158602 9.81671
0.0158894 9.79002
0.0159188 9.75625
0.0159482 9.73281
0.0159776 9.69766
0.0160071 9.67598
0.0160367 9.64093
0.0160663 9.61921
0.016096 9.58421
0.0161257 9.56234
0.0161555 9.52788
0.0161853 9.50526
0.0162152 9.47101
0.0162451 9.44832
0.0162751 9.41426
0.0163052 9.39166
0.0163353 9.35814
0.0163655 9.33552
0.0163957 9.30323
0.016426 9.28095
0.0164563 9.24902
0.0164867 9.22636
0.0165171 9.19465
0.0165476 9.17174
0.0165782 9.14046
0.0166088 9.1172
0.0166395 9.08601
0.0166702 9.06249
0.016701 9.03209
0.0167318 9.00789
0.0167627 8.97804
0.0167937 8.9534
0.0168247 8.92444
0.0168558 8.89999
0.0168869 8.87169
0.0169181 8.84733
0.0169493 8.82015
0.0169806 8.7948
0.017012 8.7684
0.0170434 8.74229
0.0170748 8.71667
0.0171064 8.68946
0.017138 8.665
0.0171696 8.63609
0.0172013 8.61318
0.0172331 8.58073
0.0172649 8.56167
0.0172968 8.52954
0.0173287 8.51046
0.0173607 8.47937
0.0173928 8.46019
0.0174249 8.43022
0.0174571 8.4108
0.0174893 8.38091
0.0175216 8.36104
0.017554 8.33144
0.0175864 8.3115
0.0176189 8.282
0.0176514 8.26198
0.017684 8.23257
0.0177166 8.21224
0.0177494 8.18325
0.0177821 8.16282
0.017815 8.13403
0.0178479 8.11398
0.0178808 8.08618
0.0179138 8.06625
0.0179469 8.03931
0.0179801 8.01865
0.0180133 7.99185
0.0180465 7.97116
0.0180799 7.94473
0.0181132 7.92349
0.0181467 7.89748
0.0181802 7.87563
0.0182138 7.84995
0.0182474 7.82791
0.0182811 7.80276
0.0183149 7.78048
0.0183487 7.75626
0.0183826 7.73324
0.0184165 7.71036
0.0184505 7.68708
0.0184846 7.66536
0.0185187 7.64104
0.0185529 7.6201
0.0185872 7.59415
0.0186215 7.57509
0.0186559 7.54697
0.0186903 7.52978
0.0187248 7.50212
0.0187594 7.48476
0.0187941 7.45697
0.0188288 7.43979
0.0188635 7.41267
0.0188984 7.39519
0.0189333 7.36881
0.0189682 7.35161
0.0190033 7.32587
0.0190384 7.30853
0.0190735 7.28303
0.0191087 7.26539
0.019144 7.24
0.0191794 7.22242
0.0192148 7.19687
0.0192503 7.17902
0.0192858 7.1539
0.0193214 7.1359
0.0193571 7.11101
0.0193929 7.09276
0.0194287 7.06844
0.0194645 7.05005
0.0195005 7.02648
0.0195365 7.00817
0.0195726 6.98555
0.0196087 6.96663
0.0196449 6.94452
0.0196812 6.92541
0.0197175 6.90323
0.019754 6.88366
0.0197904 6.86211
0.019827 6.84202
0.0198636 6.82089
0.0199003 6.80034
0.019937 6.78006
0.0199738 6.75858
0.0200107 6.73947
0.0200477 6.71728
0.0200847 6.69939
0.0201218 6.67496
0.0201589 6.66035
0.0201962 6.6359
0.0202335 6.62107
0.0202708 6.59679
0.0203082 6.5815
0.0203457 6.55761
0.0203833 6.54225
0.020421 6.51848
0.0204587 6.50302
0.0204964 6.47932
0.0205343 6.46363
0.0205722 6.44039
0.0206102 6.42499
0.0206483 6.40221
0.0206864 6.38674
0.0207246 6.36486
0.0207629 6.34927
0.0208012 6.32729
0.0208396 6.31176
0.0208781 6.28982
0.0209166 6.27413
0.0209553 6.25245
0.020994 6.23606
0.0210327 6.21483
0.0210716 6.19854
0.0211105 6.17749
0.0211495 6.16089
0.0211885 6.14044
0.0212277 6.12351
0.0212669 6.10384
0.0213061 6.08716
0.0213455 6.0683
0.0213849 6.05118
0.0214244 6.03257
0.0214639 6.01486
0.0215036 5.99678
0.0215433 5.97845
0.0215831 5.96106
0.0216229 5.94202
0.0216628 5.92537
0.0217028 5.90482
0.0217429 5.88978
0.0217831 5.86755
0.0218233 5.85431
0.0218636 5.83276
0.021904 5.81964
0.0219444 5.7986
0.0219849 5.78552
0.0220255 5.76478
0.0220662 5.7511
0.022107 5.73069
0.0221478 5.717
0.0221887 5.69646
0.0222297 5.68273
0.0222707 5.6624
0.0223118 5.64843
0.022353 5.6282
0.0223943 5.61445
0.0224357 5.59427
0.0224771 5.58059
0.0225186 5.561
0.0225602 5.54726
0.0226018 5.52851
0.0226436 5.5146
0.0226854 5.49612
0.0227273 5.48173
0.0227692 5.46332
0.0228113 5.44881
0.0228534 5.43075
0.0228956 5.41587
0.0229379 5.39817
0.0229803 5.383
0.0230227 5.36531
0.0230652 5.35004
0.0231078 5.33296
0.0231505 5.31756
0.0231932 5.30112
0.023236 5.28555
0.023279 5.27009
0.0233219 5.25378
0.023365 5.23893
0.0234082 5.2218
0.0234514 5.20762
0.0234947 5.18846
0.0235381 5.17655
0.0235815 5.15708
0.0236251 5.14532
0.0236687 5.12595
0.0237124 5.11411
0.0237562 5.09517
0.0238001 5.08333
0.023844 5.06482
0.0238881 5.0531
0.0239322 5.03519
0.0239764 5.02325
0.0240206 5.00558
0.024065 4.9936
0.0241094 4.97606
0.0241539 4.96379
0.0241985 4.94626
0.0242432 4.93399
0.024288 4.91653
0.0243329 4.90424
0.0243778 4.88695
0.0244228 4.87453
0.0244679 4.85745
0.0245131 4.84477
0.0245583 4.82824
0.0246037 4.81593
0.0246491 4.80015
0.0246946 4.78747
0.0247402 4.77196
0.0247859 4.75888
0.0248317 4.74348
0.0248776 4.73022
0.0249235 4.71517
0.0249695 4.70156
0.0250156 4.68679
0.0250618 4.67278
0.0251081 4.65846
0.0251545 4.64417
0.0252009 4.63045
0.0252475 4.61564
0.0252941 4.60266
0.0253408 4.58746
0.0253876 4.57573
0.0254345 4.55888
0.0254814 4.54858
0.0255285 4.53189
0.0255756 4.52154
0.0256229 4.50469
0.0256702 4.49426
0.0257176 4.47773
0.0257651 4.46711
0.0258126 4.45069
0.0258603 4.44001
0.0259081 4.42378
0.0259559 4.41312
0.0260038 4.39722
0.0260518 4.38682
0.0261 4.3716
0.0261482 4.36097
0.0261964 4.34578
0.0262448 4.33506
0.0262933 4.31998
0.0263418 4.3091
0.0263905 4.29421
0.0264392 4.28317
0.026488 4.26846
0.0265369 4.25715
0.0265859 4.24258
0.026635 4.23124
0.0266842 4.21698
0.0267335 4.20559
0.0267829 4.19172
0.0268323 4.18037
0.0268819 4.167
0.0269315 4.15548
0.0269812 4.14249
0.0270311 4.13055
0.027081 4.11773
0.027131 4.10541
0.0271811 4.09311
0.0272313 4.08026
0.0272816 4.06839
0.0273319 4.05491
0.0273824 4.04369
0.027433 4.02887
0.0274836 4.01928
0.0275344 4.004
0.0275852 3.99507
0.0276362 3.98057
0.0276872 3.97159
0.0277383 3.9571
0.0277896 3.94802
0.0278409 3.93374
0.0278923 3.9244
0.0279438 3.91013
0.0279954 3.90071
0.0280471 3.88661
0.0280989 3.8772
0.0281508 3.86325
0.0282027 3.85364
0.0282548 3.83976
0.028307 3.83025
0.0283593 3.81657
0.0284116 3.80729
0.0284641 3.79424
0.0285167 3.78481
0.0285693 3.77184
0.0286221 3.76208
0.0286749 3.74929
0.0287279 3.7395
0.0287809 3.72691
0.0288341 3.71679
0.0288873 3.7044
0.0289407 3.69404
0.0289941 3.6819
0.0290477 3.67143
0.0291013 3.65948
0.029155 3.64899
0.0292089 3.63741
0.0292628 3.62692
0.0293168 3.61611
0.029371 3.60523
0.0294252 3.5947
0.0294796 3.5833
0.029534 3.57318
0.0295885 3.56118
0.0296432 3.55178
0.0296979 3.53829
0.0297527 3.5303
0.0298077 3.51695
0.0298627 3.50885
0.0299179 3.49564
0.0299731 3.48747
0.0300285 3.47454
0.0300839 3.46641
0.0301395 3.45409
0.0301951 3.44597
0.0302509 3.43369
0.0303068 3.42543
0.0303627 3.4133
0.0304188 3.40503
0.030475 3.39293
0.0305312 3.38447
0.0305876 3.37243
0.0306441 3.36392
0.0307007 3.35195
0.0307574 3.34342
0.0308142 3.33169
0.0308711 3.32307
0.0309281 3.31161
0.0309852 3.30299
0.0310424 3.29198
0.0310997 3.28345
0.0311572 3.27255
0.0312147 3.26381
0.0312723 3.25305
0.0313301 3.24408
0.0313879 3.2334
0.0314459 3.22426
0.031504 3.21389
0.0315621 3.20457
0.0316204 3.19441
0.0316788 3.18475
0.0317373 3.17501
0.0317959 3.16506
0.0318546 3.15589
0.0319135 3.14575
0.0319724 3.13724
0.0320314 3.1262
0.0320906 3.11867
0.0321498 3.10703
0.0322092 3.09995
0.0322687 3.08834
0.0323283 3.08122
0.032388 3.06969
0.0324478 3.06252
0.0325077 3.05117
0.0325677 3.04383
0.0326279 3.03252
0.0326881 3.02521
0.0327485 3.01412
0.0328089 3.00696
0.0328695 2.99638
0.0329302 2.98906
0.032991 2.97862
0.033052 2.97132
0.033113 2.96073
0.0331741 2.9534
0.0332354 2.94298
0.0332968 2.93551
0.0333583 2.92521
0.0334199 2.91758
0.0334816 2.90737
0.0335434 2.89971
0.0336053 2.88977
0.0336674 2.88196
0.0337296 2.87225
0.0337919 2.86448
0.0338543 2.8553
0.0339168 2.84735
0.0339794 2.83827
0.0340421 2.83022
0.034105 2.82132
0.034168 2.81301
0.0342311 2.80435
0.0342943 2.79575
0.0343576 2.78741
0.0344211 2.77846
0.0344846 2.77045
0.0345483 2.76099
0.0346121 2.7536
0.034676 2.74303
0.0347401 2.73696
0.0348042 2.72688
0.0348685 2.72073
0.0349329 2.71078
0.0349974 2.70455
0.035062 2.69471
0.0351267 2.68832
0.0351916 2.67853
0.0352566 2.67209
0.0353217 2.66233
0.0353869 2.6559
0.0354523 2.64621
0.0355177 2.63975
0.0355833 2.63015
0.035649 2.62361
0.0357149 2.61419
0.0357808 2.6077
0.0358469 2.59859
0.0359131 2.59214
0.0359794 2.58321
0.0360458 2.57666
0.0361124 2.56783
0.0361791 2.56107
0.0362459 2.55229
0.0363128 2.54547
0.0363799 2.53681
0.0364471 2.52986
0.0365144 2.52133
0.0365818 2.51429
0.0366493 2.50595
0.036717 2.49883
0.0367848 2.4907
0.0368527 2.48367
0.0369208 2.47591
0.036989 2.46864
0.0370573 2.46125
0.0371257 2.45367
0.0371943 2.44652
0.0372629 2.43857
0.0373318 2.43177
0.0374007 2.42315
0.0374698 2.41705
0.037539 2.40782
0.0376083 2.40225
0.0376777 2.39313
0.0377473 2.3876
0.037817 2.37856
0.0378868 2.37313
0.0379568 2.36455
0.0380269 2.35898
0.0380971 2.35052
0.0381675 2.34491
0.0382379 2.33645
0.0383085 2.33082
0.0383793 2.32244
0.0384502 2.31667
0.0385212 2.30838
0.0385923 2.30265
0.0386636 2.29431
0.038735 2.28854
0.0388065 2.28032
0.0388781 2.27452
0.0389499 2.26647
0.0390219 2.26072
0.0390939 2.25298
0.0391661 2.24717
0.0392384 2.23967
0.0393109 2.23369
0.0393835 2.22628
0.0394562 2.22013
0.0395291 2.21287
0.0396021 2.20663
0.0396752 2.19939
0.0397485 2.19306
0.0398219 2.18599
0.0398954 2.17948
0.0399691 2.17264
0.0400429 2.16594
0.0401168 2.15942
0.0401909 2.15264
0.0402651 2.14655
0.0403395 2.13945
0.040414 2.13373
0.0404886 2.1257
0.0405633 2.12091
0.0406383 2.11291
0.0407133 2.10807
0.0407885 2.1001
0.0408638 2.09517
0.0409393 2.08732
0.0410149 2.08236
0.0410906 2.07457
0.0411665 2.06953
0.0412425 2.06189
0.0413186 2.05694
0.0413949 2.04958
0.0414714 2.04468
0.041548 2.03742
0.0416247 2.03239
0.0417016 2.02523
0.0417786 2.02013
0.0418557 2.01296
0.041933 2.0079
0.0420104 2.00076
0.042088 1.99563
0.0421657 1.98862
0.0422436 1.98334
0.0423216 1.97641
0.0423998 1.97118
0.042478 1.96441
0.0425565 1.95915
0.0426351 1.95267
0.0427138 1.94732
0.0427927 1.94101
0.0428717 1.93556
0.0429509 1.92934
0.0430302 1.92381
0.0431096 1.91773
0.0431892 1.91189
0.043269 1.90605
0.0433489 1.90004
0.0434289 1.89439
0.0435091 1.88814
0.0435895 1.88274
0.04367 1.87608
0.0437506 1.87129
0.0438314 1.86426
0.0439124 1.86001
0.0439934 1.85324
0.0440747 1.84895
0.0441561 1.84208
0.0442376 1.83778
0.0443193 1.83105
0.0444011 1.82661
0.0444831 1.81991
0.0445653 1.81549
0.0446476 1.80876
0.04473 1.80436
0.0448126 1.79772
0.0448954 1.79326
0.0449783 1.78671
0.0450613 1.78235
0.0451445 1.77597
0.0452279 1.77163
0.0453114 1.76545
0.0453951 1.76098
0.0454789 1.75485
0.0455629 1.75031
0.045647 1.74426
0.0457313 1.73961
0.0458158 1.73361
0.0459004 1.72893
0.0459851 1.72302
0.0460701 1.71823
0.0461551 1.71247
0.0462404 1.70759
0.0463257 1.70192
0.0464113 1.69709
0.046497 1.69169
0.0465829 1.68677
0.0466689 1.68156
0.0467551 1.67649
0.0468414 1.67146
0.0469279 1.66613
0.0470145 1.66133
0.0471014 1.65572
0.0471883 1.65115
0.0472755 1.64478
0.0473628 1.64105
0.0474502 1.6347
0.0475379 1.63096
0.0476256 1.62471
0.0477136 1.62092
0.0478017 1.61495
0.04789 1.61117
0.0479784 1.60536
0.048067 1.60153
0.0481558 1.5957
0.0482447 1.5918
0.0483338 1.58606
0.048423 1.58218
0.0485124 1.57641
0.048602 1.57244
0.0486918 1.56675
0.0487817 1.56279
0.0488718 1.55711
0.048962 1.55318
0.0490524 1.54756
0.049143 1.54368
0.0492338 1.53827
0.0493247 1.53429
0.0494158 1.52908
0.049507 1.52509
0.0495984 1.51991
0.04969 1.51581
0.0497818 1.51073
0.0498737 1.50649
0.0499658 1.5015
0.0500581 1.49722
0.0501505 1.49235
0.0502431 1.48797
0.0503359 1.48317
0.0504288 1.47866
0.050522 1.47407
0.0506153 1.46952
0.0507087 1.46518
0.0508024 1.46053
0.0508962 1.45643
0.0509902 1.45144
0.0510843 1.44765
0.0511786 1.44217
0.0512732 1.43883
0.0513678 1.43341
0.0514627 1.43005
0.0515577 1.4246
0.0516529 1.42126
0.0517483 1.41588
0.0518439 1.41246
0.0519396 1.40717
0.0520355 1.40378
0.0521316 1.39863
0.0522279 1.39528
0.0523243 1.3903
0.0524209 1.38688
0.0525177 1.38194
0.0526147 1.37851
0.0527119 1.37353
0.0528092 1.37009
0.0529067 1.36517
0.0530044 1.36164
0.0531023 1.35678
0.0532004 1.35325
0.0532986 1.34848
0.053397 1.34486
0.0534956 1.34015
0.0535944 1.33655
0.0536934 1.33206
0.0537925 1.32845
0.0538919 1.32412
0.0539914 1.32043
0.0540911 1.31609
0.054191 1.31233
0.054291 1.30812
0.0543913 1.30428
0.0544917 1.30014
0.0545924 1.29615
0.0546932 1.29218
0.0547942 1.28803
0.0548954 1.28424
0.0549967 1.27987
0.0550983 1.27632
0.0552 1.27157
0.055302 1.26863
0.0554041 1.2639
0.0555064 1.26102
0.0556089 1.2563
0.0557116 1.2534
0.0558144 1.24873
0.0559175 1.24576
0.0560208 1.24115
0.0561242 1.23815
0.0562279 1.23352
0.0563317 1.23049
0.0564357 1.22592
0.0565399 1.2229
0.0566443 1.21841
0.0567489 1.21536
0.0568537 1.21097
0.0569587 1.20798
0.0570639 1.20372
0.0571693 1.20071
0.0572748 1.19647
0.0573806 1.1934
0.0574866 1.18919
0.0575927 1.18603
0.0576991 1.18188
0.0578056 1.17872
0.0579124 1.17463
0.0580193 1.1714
0.0581264 1.16741
0.0582338 1.16411
0.0583413 1.16019
0.058449 1.15689
0.058557 1.15313
0.0586651 1.14982
0.0587734 1.14621
0.058882 1.1428
0.0589907 1.13928
0.0590996 1.13576
0.0592088 1.13235
0.0593181 1.12867
0.0594276 1.12539
0.0595374 1.12149
0.0596473 1.11847
0.0597575 1.11413
0.0598678 1.11154
0.0599784 1.10726
0.0600891 1.10469
0.0602001 1.10047
0.0603112 1.09794
0.0604226 1.09394
0.0605342 1.09134
0.060646 1.08737
0.060758 1.08474
0.0608702 1.08076
0.0609826 1.0781
0.0610952 1.07417
0.061208 1.0715
0.061321 1.06758
0.0614343 1.06488
0.0615477 1.06097
0.0616614 1.05828
0.0617752 1.05443
0.0618893 1.05173
0.0620036 1.048
0.0621181 1.04532
0.0622328 1.04174
0.0623477 1.03898
0.0624628 1.03541
0.0625782 1.03263
0.0626937 1.02912
0.0628095 1.02631
0.0629255 1.02282
0.0630417 1.01992
0.0631581 1.01648
0.0632747 1.01355
0.0633916 1.01022
0.0635086 1.0072
0.0636259 1.00396
0.0637434 1.00089
0.0638611 0.997835
0.063979 0.994729
0.0640972 0.99184
0.0642155 0.988584
0.0643341 0.985809
0.0644529 0.982216
0.0645719 0.979813
0.0646912 0.976045
0.0648106 0.973779
0.0649303 0.970024
0.0650502 0.96775
0.0651703 0.964029
0.0652907 0.961745
0.0654113 0.958079
0.065532 0.955764
0.0656531 0.952181
0.0657743 0.949896
0.0658957 0.946486
0.0660174 0.944186
0.0661393 0.940794
0.0662615 0.938433
0.0663838 0.935049
0.0665064 0.932677
0.0666292 0.92929
0.0667523 0.926938
0.0668755 0.923568
0.066999 0.921189
0.0671227 0.917863
0.0672467 0.915396
0.0673709 0.912142
0.0674953 0.909724
0.0676199 0.906568
0.0677448 0.904124
0.0678699 0.901122
0.0679952 0.898616
0.0681208 0.895655
0.0682466 0.893101
0.0683726 0.89016
0.0684988 0.887574
0.0686253 0.884681
0.0687521 0.882007
0.068879 0.879233
0.0690062 0.876469
0.0691336 0.873783
0.0692613 0.870901
0.0693892 0.868351
0.0695173 0.865353
0.0696457 0.863034
0.0697743 0.859796
0.0699031 0.857835
0.0700322 0.854613
0.0701616 0.852616
0.0702911 0.849409
0.0704209 0.847386
0.070551 0.84421
0.0706812 0.84215
0.0708118 0.838979
0.0709425 0.836924
0.0710735 0.833775
0.0712048 0.831714
0.0713362 0.828613
0.071468 0.826561
0.0716 0.823519
0.0717322 0.821472
0.0718646 0.81856
0.0719973 0.81649
0.0721303 0.81359
0.0722635 0.811503
0.0723969 0.808638
0.0725306 0.80652
0.0726645 0.803678
0.0727987 0.801506
0.0729332 0.798677
0.0730678 0.796519
0.0732028 0.793727
0.0733379 0.79153
0.0734734 0.788798
0.073609 0.786575
0.073745 0.783916
0.0738812 0.781721
0.0740176 0.77921
0.0741543 0.776955
0.0742912 0.774484
0.0744284 0.772139
0.0745658 0.769767
0.0747035 0.767315
0.0748415 0.765022
0.0749797 0.762462
0.0751181 0.760282
0.0752568 0.757487
0.0753958 0.75557
0.075535 0.752616
0.0756745 0.750855
0.0758143 0.747947
0.0759543 0.746231
0.0760945 0.743455
0.076235 0.741723
0.0763758 0.738981
0.0765168 0.737191
0.0766581 0.734449
0.0767997 0.732643
0.0769415 0.729932
0.0770836 0.728123
0.0772259 0.725427
0.0773685 0.723579
0.0775114 0.72091
0.0776545 0.719083
0.0777979 0.716405
0.0779416 0.71458
0.0780855 0.711971
0.0782297 0.710167
0.0783742 0.707683
0.0785189 0.705841
0.0786639 0.703362
0.0788092 0.701498
0.0789547 0.69907
0.0791005 0.697153
0.0792466 0.694748
0.0793929 0.692789
0.0795395 0.690443
0.0796864 0.688439
0.0798335 0.686117
0.0799809 0.684106
0.0801286 0.681833
0.0802766 0.679767
0.0804248 0.677607
0.0805734 0.675561
0.0807221 0.673528
0.0808712 0.67138
0.0810205 0.669418
0.0811702 0.667146
0.08132 0.665313
0.0814702 0.662742
0.0816207 0.661203
0.0817714 0.658644
0.0819224 0.657086
0.0820737 0.654548
0.0822252 0.652977
0.0823771 0.650471
0.0825292 0.64889
0.0826816 0.646422
0.0828342 0.644863
0.0829872 0.642524
0.0831405 0.640967
0.083294 0.638628
0.0834478 0.637053
0.0836019 0.634727
0.0837563 0.633119
0.0839109 0.630813
0.0840659 0.629183
0.0842211 0.626873
0.0843766 0.625254
0.0845325 0.622978
0.0846885 0.621345
0.0848449 0.619109
0.0850016 0.61744
0.0851586 0.615243
0.0853158 0.613609
0.0854734 0.611525
0.0856312 0.609854
0.0857893 0.60779
0.0859478 0.606084
0.0861065 0.604047
0.0862655 0.602314
0.0864248 0.600301
0.0865844 0.598537
0.0867442 0.596571
0.0869044 0.594723
0.0870649 0.592846
0.0872257 0.590932
0.0873868 0.589131
0.0875481 0.587153
0.0877098 0.585466
0.0878718 0.583414
0.088034 0.581924
0.0881966 0.57972
0.0883594 0.578356
0.0885226 0.576175
0.0886861 0.574808
0.0888498 0.572608
0.0890139 0.571245
0.0891783 0.569078
0.089343 0.567671
0.0895079 0.565521
0.0896732 0.564112
0.0898388 0.56197
0.0900047 0.560576
0.0901709 0.558474
0.0903374 0.557082
0.0905043 0.555086
0.0906714 0.5537
0.0908388 0.551695
0.0910066 0.550292
0.0911746 0.548305
0.091343 0.546878
0.0915116 0.544912
0.0916806 0.543462
0.0918499 0.541514
0.0920195 0.54004
0.0921895 0.538128
0.0923597 0.536632
0.0925303 0.534759
0.0927011 0.533235
0.0928723 0.531421
0.0930438 0.529929
0.0932156 0.528172
0.0933877 0.526653
0.0935602 0.524947
0.093733 0.523375
0.0939061 0.521708
0.0940795 0.520084
0.0942532 0.518476
0.0944272 0.516784
0.0946016 0.515242
0.0947763 0.513449
0.0949513 0.512001
0.0951266 0.509973
0.0953023 0.508791
0.0954783 0.506784
0.0956546 0.505618
0.0958312 0.503707
0.0960082 0.502515
0.0961855 0.500639
0.0963631 0.499435
0.0965411 0.497572
0.0967193 0.496335
0.0968979 0.494484
0.0970769 0.493248
0.0972561 0.491402
0.0974357 0.490173
0.0976156 0.488328
0.0977959 0.487075
0.0979765 0.485269
0.0981574 0.484005
0.0983387 0.482212
0.0985203 0.480998
0.0987022 0.479275
0.0988845 0.478042
0.0990671 0.476353
0.09925 0.475077
0.0994333 0.473401
0.0996169 0.472125
0.0998008 0.470466
0.0999851 0.469161
0.10017 0.467533
0.100355 0.466182
0.10054 0.464582
0.100726 0.463219
0.100912 0.461655
0.101098 0.460278
0.101285 0.458771
0.101472 0.457377
0.101659 0.455955
0.101847 0.45452
0.102035 0.453158
0.102223 0.45166
0.102412 0.45034
0.102601 0.448737
0.102791 0.447547
0.102981 0.445789
0.103171 0.444725
0.103361 0.443002
0.103552 0.441929
0.103743 0.440193
0.103935 0.439131
0.104127 0.437441
0.104319 0.436368
0.104512 0.434756
0.104705 0.433691
0.104898 0.432086
0.105092 0.431021
0.105286 0.429425
0.10548 0.428338
0.105675 0.426749
0.10587 0.425662
0.106066 0.424076
0.106262 0.422981
0.106458 0.421417
0.106654 0.420302
0.106851 0.418758
0.107049 0.417645
0.107246 0.416135
0.107444 0.415014
0.107643 0.413566
0.107841 0.412446
0.108041 0.411028
0.10824 0.409882
0.10844 0.40849
0.10864 0.40731
0.108841 0.405928
0.109042 0.40473
0.109243 0.403378
0.109445 0.402144
0.109647 0.400831
0.10985 0.399565
0.110052 0.398298
0.110256 0.39699
0.110459 0.395798
0.110663 0.394452
0.110868 0.393342
0.111072 0.39183
0.111277 0.390922
0.111483 0.389409
0.111689 0.388493
0.111895 0.386987
0.112102 0.386049
0.112309 0.384564
0.112516 0.383619
0.112724 0.382147
0.112932 0.381193
0.11314 0.379727
0.113349 0.378764
0.113559 0.377329
0.113768 0.376396
0.113978 0.375008
0.114189 0.374057
0.1144 0.372703
0.114611 0.371747
0.114823 0.370386
0.115035 0.369432
0.115247 0.368079
0.11546 0.367111
0.115673 0.365766
0.115887 0.36477
0.116101 0.36345
0.116315 0.362457
0.11653 0.361151
0.116745 0.360139
0.116961 0.358879
0.117177 0.357857
0.117393 0.356647
0.11761 0.355628
0.117827 0.354456
0.118045 0.353407
0.118263 0.352247
0.118481 0.351159
0.1187 0.350034
0.118919 0.348912
0.119139 0.347834
0.119359 0.34666
0.119579 0.345627
0.1198 0.344378
0.120021 0.343433
0.120243 0.342068
0.120465 0.341256
0.120687 0.339951
0.12091 0.339146
0.121133 0.337849
0.121357 0.337042
0.121581 0.335762
0.121806 0.334927
0.12203 0.333661
0.122256 0.332822
0.122482 0.331553
0.122708 0.330712
0.122934 0.329456
0.123161 0.328606
0.123389 0.327362
0.123617 0.326518
0.123845 0.325276
0.124074 0.324445
0.124303 0.323256
0.124532 0.322413
0.124762 0.32126
0.124993 0.320408
0.125223 0.319266
0.125455 0.318391
0.125686 0.31725
0.125918 0.316367
0.126151 0.315252
0.126384 0.314351
0.126617 0.313256
0.126851 0.312339
0.127085 0.311246
0.12732 0.310323
0.127555 0.309274
0.127791 0.30835
0.128027 0.307344
0.128263 0.306397
0.1285 0.305442
0.128737 0.30445
0.128975 0.303531
0.129213 0.302488
0.129452 0.301608
0.129691 0.300455
0.12993 0.299705
0.13017 0.298509
0.130411 0.297789
0.130651 0.2966
0.130893 0.295882
0.131134 0.294713
0.131376 0.293998
0.131619 0.292878
0.131862 0.292155
0.132106 0.291057
0.13235 0.290329
0.132594 0.289241
0.132839 0.288505
0.133084 0.287429
0.13333 0.286677
0.133576 0.2856
0.133823 0.284852
0.13407 0.283778
0.134317 0.283029
0.134565 0.281966
0.134814 0.281212
0.135063 0.280167
0.135312 0.279406
0.135562 0.278402
0.135812 0.277656
0.136063 0.276677
0.136315 0.275905
0.136566 0.274947
0.136818 0.274154
0.137071 0.273203
0.137324 0.272397
0.137578 0.271465
0.137832 0.270646
0.138086 0.269728
0.138341 0.268879
0.138597 0.267999
0.138853 0.267131
0.139109 0.266285
0.139366 0.265398
0.139623 0.264607
0.139881 0.263689
0.14014 0.262964
0.140398 0.261934
0.140658 0.261305
0.140917 0.260285
0.141177 0.259654
0.141438 0.258627
0.141699 0.25799
0.141961 0.25698
0.142223 0.256334
0.142486 0.255335
0.142749 0.254685
0.143013 0.253696
0.143277 0.253052
0.143541 0.252098
0.143806 0.251461
0.144072 0.250532
0.144338 0.249884
0.144604 0.248954
0.144871 0.248297
0.145139 0.247378
0.145407 0.246713
0.145675 0.245803
0.145944 0.245131
0.146214 0.244234
0.146484 0.243548
0.146754 0.242654
0.147025 0.241974
0.147297 0.241097
0.147569 0.240422
0.147841 0.239577
0.148114 0.238891
0.148388 0.23807
0.148662 0.237374
0.148937 0.236573
0.149212 0.235857
0.149487 0.235066
0.149763 0.234324
0.15004 0.233564
0.150317 0.232787
0.150594 0.232064
0.150872 0.23125
0.151151 0.230559
0.15143 0.229673
0.15171 0.229081
0.15199 0.228169
0.152271 0.227627
0.152552 0.226742
0.152833 0.226197
0.153116 0.225315
0.153398 0.224763
0.153682 0.22389
0.153965 0.223321
0.15425 0.222454
0.154535 0.221882
0.15482 0.221024
0.155106 0.220453
0.155392 0.219603
0.155679 0.219021
0.155967 0.218181
0.156255 0.217606
0.156543 0.216784
0.156832 0.216223
0.157122 0.215428
0.157412 0.214856
0.157703 0.214066
0.157994 0.213475
0.158286 0.212694
0.158578 0.212106
0.158871 0.211335
0.159164 0.210724
0.159458 0.209968
0.159753 0.209348
0.160048 0.208607
0.160343 0.207978
0.160639 0.207249
0.160936 0.206625
0.161233 0.205925
0.161531 0.205296
0.161829 0.204631
0.162128 0.203976
0.162427 0.20333
0.162727 0.202643
0.163028 0.202026
0.163329 0.201303
0.16363 0.200723
0.163933 0.199911
0.164235 0.199422
0.164539 0.198615
0.164842 0.198123
0.165147 0.197325
0.165452 0.196835
0.165757 0.196064
0.166063 0.195572
0.16637 0.194825
0.166677 0.194332
0.166985 0.193588
0.167293 0.193092
0.167602 0.192351
0.167912 0.19185
0.168222 0.191115
0.168532 0.190604
0.168844 0.189875
0.169155 0.18936
0.169468 0.188634
0.169781 0.188122
0.170094 0.18741
0.170408 0.186898
0.170723 0.18621
0.171038 0.185692
0.171354 0.185024
0.171671 0.184509
0.171988 0.183844
0.172305 0.183318
0.172623 0.182662
0.172942 0.182125
0.173261 0.181477
0.173581 0.180927
0.173902 0.180294
0.174223 0.179733
0.174545 0.179117
0.174867 0.178536
0.17519 0.177949
0.175514 0.177354
0.175838 0.176799
0.176162 0.176195
0.176488 0.175675
0.176814 0.175015
0.17714 0.174552
0.177467 0.173851
0.177795 0.17342
0.178123 0.172721
0.178452 0.172292
0.178782 0.171594
0.179112 0.171165
0.179443 0.170478
0.179774 0.170038
0.180106 0.169357
0.180438 0.168919
0.180772 0.16826
0.181105 0.167829
0.18144 0.167195
0.181775 0.166753
0.182111 0.166123
0.182447 0.165684
0.182784 0.16505
0.183121 0.164604
0.183459 0.163976
0.183798 0.163525
0.184138 0.162905
0.184478 0.162449
0.184818 0.161833
0.18516 0.161374
0.185502 0.160773
0.185844 0.16031
0.186187 0.159726
0.186531 0.159264
0.186876 0.158709
0.187221 0.158237
0.187566 0.157682
0.187913 0.157202
0.18826 0.156658
0.188607 0.15616
0.188956 0.155633
0.189305 0.155122
0.189654 0.154612
0.190004 0.154077
0.190355 0.153591
0.190707 0.153027
0.191059 0.152577
0.191412 0.151948
0.191765 0.151582
0.192119 0.15098
0.192474 0.150605
0.192829 0.150006
0.193186 0.149627
0.193542 0.149033
0.1939 0.14865
0.194258 0.148058
0.194616 0.147668
0.194976 0.147079
0.195336 0.146693
0.195697 0.146109
0.196058 0.14572
0.19642 0.145144
0.196783 0.144754
0.197146 0.14419
0.19751 0.143803
0.197875 0.143259
0.19824 0.142872
0.198606 0.142335
0.198973 0.141941
0.199341 0.14141
0.199709 0.141005
0.200077 0.140476
0.200447 0.14007
0.200817 0.139548
0.201188 0.139134
0.201559 0.138619
0.201932 0.138197
0.202304 0.137693
0.202678 0.137272
0.203052 0.136783
0.203427 0.136367
0.203803 0.135904
0.204179 0.135465
0.204556 0.135017
0.204934 0.134563
0.205312 0.134131
0.205692 0.133657
0.206071 0.133243
0.206452 0.132733
0.206833 0.132359
0.207215 0.131809
0.207598 0.131471
0.207981 0.130932
0.208365 0.130597
0.20875 0.130058
0.209135 0.129732
0.209522 0.129223
0.209908 0.128886
0.210296 0.12838
0.210684 0.128041
0.211073 0.127532
0.211463 0.127194
0.211854 0.126691
0.212245 0.126345
0.212637 0.125846
0.21303 0.125502
0.213423 0.125002
0.213817 0.124655
0.214212 0.124165
0.214607 0.123817
0.215004 0.123339
0.215401 0.122995
0.215799 0.122538
0.216197 0.122187
0.216596 0.121736
0.216996 0.121378
0.217397 0.120932
0.217798 0.120565
0.218201 0.120127
0.218603 0.119757
0.219007 0.119319
0.219412 0.118942
0.219817 0.118518
0.220223 0.118131
0.220629 0.117719
0.221037 0.117326
0.221445 0.116933
0.221854 0.116535
0.222263 0.11617
0.222674 0.115748
0.223085 0.115401
0.223497 0.114924
0.22391 0.114636
0.224323 0.114158
0.224737 0.113867
0.225152 0.113392
0.225568 0.113095
0.225985 0.112627
0.226402 0.112329
0.22682 0.111867
0.227239 0.111566
0.227659 0.111111
0.228079 0.110816
0.2285 0.110383
0.228922 0.11009
0.229345 0.109656
0.229768 0.109355
0.230193 0.108927
0.230618 0.108621
0.231044 0.108192
0.23147 0.10789
0.231898 0.107463
0.232326 0.107158
0.232755 0.106736
0.233185 0.106421
0.233615 0.106009
0.234047 0.105697
0.234479 0.105292
0.234912 0.104983
0.235346 0.1046
0.23578 0.10428
0.236216 0.103902
0.236652 0.103577
0.237089 0.103204
0.237527 0.102874
0.237965 0.102509
0.238405 0.102164
0.238845 0.101811
0.239286 0.101455
0.239728 0.101117
0.240171 0.100747
0.240614 0.100424
0.241058 0.100032
0.241504 0.0997444
0.24195 0.0993355
0.242396 0.0990807
0.242844 0.0986774
0.243292 0.0984198
0.243742 0.0980114
0.244192 0.0977556
0.244643 0.0973538
0.245094 0.0970871
0.245547 0.0966902
0.246 0.0964255
0.246455 0.0960279
0.24691 0.095763
0.247366 0.0953689
0.247822 0.0951039
0.24828 0.0947148
0.248739 0.0944581
0.249198 0.0940837
0.249658 0.0938228
0.250119 0.0934544
0.250581 0.0931862
0.251044 0.0928214
0.251507 0.0925518
0.251972 0.0921913
0.252437 0.0919138
0.252903 0.0915553
0.25337 0.0912766
0.253838 0.0909247
0.254307 0.0906415
0.254776 0.0902975
0.255247 0.0900115
0.255718 0.0896735
0.25619 0.0893911
0.256663 0.0890722
0.257137 0.0887839
0.257612 0.0884719
0.258088 0.0881711
0.258565 0.0878697
0.259042 0.0875578
0.25952 0.0872687
0.26 0.0869401
0.26048 0.0866642
0.260961 0.0862896
0.261443 0.0860646
0.261925 0.0856917
0.262409 0.0854674
0.262894 0.0850985
0.263379 0.084876
0.263865 0.0845276
0.264353 0.084302
0.264841 0.0839575
0.26533 0.0837286
0.26582 0.0833832
0.266311 0.0831521
0.266803 0.0828097
0.267295 0.0825784
0.267789 0.0822375
0.268283 0.0820017
0.268779 0.0816643
0.269275 0.0814284
0.269772 0.0810922
0.27027 0.0808582
0.27077 0.0805284
0.27127 0.0802975
0.27177 0.0799816
0.272272 0.0797448
0.272775 0.0794351
0.273279 0.0791972
0.273783 0.0788893
0.274289 0.0786466
0.274796 0.0783447
0.275303 0.0780928
0.275811 0.0777956
0.276321 0.077543
0.276831 0.0772518
0.277342 0.0769931
0.277854 0.0767086
0.278367 0.076442
0.278881 0.0761706
0.279396 0.0759069
0.279912 0.0756503
0.280429 0.0753749
0.280947 0.0751292
0.281466 0.0748381
0.281986 0.0746099
0.282506 0.0742874
0.283028 0.0740875
0.283551 0.0737678
0.284074 0.0735689
0.284599 0.0732461
0.285124 0.0730473
0.285651 0.0727311
0.286178 0.072528
0.286707 0.0722181
0.287236 0.0720182
0.287767 0.07172
0.288298 0.0715201
0.28883 0.071227
0.289364 0.0710244
0.289898 0.0707317
0.290433 0.0705279
0.29097 0.0702348
0.291507 0.070029
0.292045 0.0697391
0.292585 0.0695294
0.293125 0.0692444
0.293666 0.0690346
0.294208 0.0687535
0.294752 0.0685398
0.295296 0.068263
0.295841 0.0680529
0.296388 0.0677908
0.296935 0.0675781
0.297483 0.0673205
0.298033 0.067104
0.298583 0.0668454
0.299134 0.0666245
0.299687 0.066375
0.30024 0.0661478
0.300795 0.0659021
0.30135 0.0656679
0.301906 0.0654328
0.302464 0.0651895
0.303022 0.0649638
0.303582 0.0647105
0.304143 0.0644993
0.304704 0.0642286
0.305267 0.0640491
0.305831 0.0637714
0.306395 0.0635988
0.306961 0.0633222
0.307528 0.0631488
0.308096 0.0628726
0.308665 0.0626975
0.309235 0.0624254
0.309806 0.062247
0.310378 0.0619749
0.310951 0.0617961
0.311525 0.0615276
0.312101 0.0613493
0.312677 0.0610868
0.313254 0.0609084
0.313833 0.0606545
0.314412 0.0604772
0.314993 0.0602269
0.315574 0.0600485
0.316157 0.0597999
0.316741 0.0596185
0.317326 0.0593721
0.317912 0.0591858
0.318499 0.0589432
0.319087 0.0587573
0.319676 0.0585183
0.320267 0.0583273
0.320858 0.0580926
0.321451 0.0578989
0.322044 0.0576699
0.322639 0.0574791
0.323235 0.0572591
0.323832 0.0570668
0.32443 0.0568521
0.325029 0.0566519
0.325629 0.0564456
0.32623 0.0562389
0.326833 0.0560374
0.327436 0.0558214
0.328041 0.0556288
0.328646 0.0554016
0.329253 0.0552238
0.329861 0.0549708
0.33047 0.0548183
0.331081 0.0545696
0.331692 0.0544188
0.332305 0.0541782
0.332918 0.0540264
0.333533 0.0537917
0.334149 0.0536377
0.334766 0.0534048
0.335384 0.0532492
0.336003 0.0530166
0.336624 0.0528596
0.337246 0.0526295
0.337868 0.0524726
0.338492 0.0522433
0.339117 0.0520842
0.339743 0.0518567
0.340371 0.0516967
0.340999 0.0514736
0.341629 0.0513162
0.34226 0.0511021
0.342892 0.0509428
0.343525 0.0507352
0.344159 0.0505723
0.344795 0.0503641
0.345432 0.0502023
0.34607 0.0499956
0.346709 0.0498311
0.347349 0.0496276
0.34799 0.0494591
0.348633 0.049257
0.349277 0.049086
0.349922 0.0488914
0.350568 0.0487177
0.351215 0.0485276
0.351864 0.0483527
0.352513 0.0481739
0.353164 0.047994
0.353817 0.0478242
0.35447 0.0476347
0.355125 0.0474726
0.35578 0.047265
0.356437 0.047122
0.357095 0.0469048
0.357755 0.046771
0.358416 0.0465539
0.359077 0.0464204
0.35974 0.0462051
0.360405 0.0460714
0.36107 0.0458598
0.361737 0.0457258
0.362405 0.0455214
0.363074 0.0453872
0.363745 0.0451889
0.364416 0.0450541
0.365089 0.0448572
0.365763 0.0447186
0.366439 0.044523
0.367116 0.0443845
0.367793 0.0441875
0.368473 0.0440495
0.369153 0.0438553
0.369835 0.043715
0.370518 0.0435234
0.371202 0.0433814
0.371887 0.0431934
0.372574 0.0430539
0.373262 0.0428739
0.373951 0.0427313
0.374642 0.0425569
0.375334 0.0424111
0.376027 0.0422394
0.376721 0.0420911
0.377417 0.0419204
0.378114 0.0417705
0.378812 0.0416037
0.379511 0.0414487
0.380212 0.0412867
0.380914 0.0411272
0.381618 0.0409713
0.382322 0.0408053
0.383028 0.0406588
0.383736 0.0404889
0.384444 0.0403533
0.385154 0.0401671
0.385866 0.0400523
0.386578 0.0398664
0.387292 0.03975
0.388007 0.0395644
0.388724 0.0394469
0.389441 0.0392637
0.390161 0.0391435
0.390881 0.038962
0.391603 0.0388416
0.392326 0.0386607
0.39305 0.0385419
0.393776 0.0383631
0.394503 0.0382454
0.395232 0.038073
0.395962 0.0379543
0.396693 0.0377869
0.397425 0.0376661
0.398159 0.037499
0.398895 0.0373777
0.399631 0.0372131
0.400369 0.0370901
0.401108 0.0369278
0.401849 0.0368023
0.402591 0.0366403
0.403335 0.0365148
0.404079 0.036355
0.404826 0.0362282
0.405573 0.036072
0.406322 0.0359454
0.407072 0.0357951
0.407824 0.0356684
0.408577 0.0355228
0.409332 0.035393
0.410088 0.0352505
0.410845 0.0351152
0.411604 0.0349785
0.412364 0.0348376
0.413125 0.0347057
0.413888 0.034559
0.414652 0.0344338
0.415418 0.034275
0.416185 0.0341632
0.416954 0.0339954
0.417723 0.0338939
0.418495 0.0337312
0.419268 0.0336317
0.420042 0.0334729
0.420818 0.0333729
0.421595 0.0332166
0.422373 0.0331131
0.423153 0.0329574
0.423934 0.0328534
0.424717 0.0326982
0.425502 0.0325942
0.426287 0.0324406
0.427075 0.0323348
0.427863 0.0321835
0.428653 0.0320784
0.429445 0.0319275
0.430238 0.0318228
0.431032 0.0316769
0.431828 0.0315727
0.432626 0.0314322
0.433425 0.0313268
0.434225 0.0311864
0.435027 0.0310796
0.43583 0.0309418
0.436635 0.0308321
0.437441 0.0306962
0.438249 0.030584
0.439058 0.0304506
0.439869 0.0303375
0.440681 0.0302052
0.441495 0.0300912
0.44231 0.0299631
0.443127 0.0298471
0.443945 0.029726
0.444765 0.0296091
0.445586 0.0294936
0.446409 0.0293715
0.447234 0.0292608
0.448059 0.0291317
0.448887 0.0290273
0.449716 0.0288822
0.450546 0.0287944
0.451378 0.0286502
0.452212 0.0285614
0.453047 0.028418
0.453883 0.028329
0.454722 0.028188
0.455561 0.0280992
0.456402 0.0279623
0.457245 0.0278732
0.45809 0.0277415
0.458935 0.0276524
0.459783 0.0275208
0.460632 0.0274308
0.461483 0.0273003
0.462335 0.0272088
0.463189 0.0270792
0.464044 0.0269867
0.464901 0.026857
0.465759 0.026765
0.466619 0.0266376
0.467481 0.0265447
0.468344 0.0264201
0.469209 0.0263268
0.470076 0.0262052
0.470944 0.0261129
0.471813 0.0259964
0.472684 0.025902
0.473557 0.0257868
0.474432 0.0256903
0.475308 0.0255759
0.476186 0.0254783
0.477065 0.0253659
0.477946 0.0252668
0.478828 0.0251577
0.479713 0.0250534
0.480598 0.0249487
0.481486 0.0248417
0.482375 0.0247419
0.483266 0.0246324
0.484158 0.0245385
0.485052 0.0244251
0.485948 0.0243405
0.486845 0.024218
0.487744 0.0241407
0.488645 0.0240201
0.489547 0.0239426
0.490451 0.0238203
0.491357 0.0237433
0.492264 0.023623
0.493173 0.0235443
0.494084 0.023425
0.494996 0.0233467
0.495911 0.023228
0.496826 0.0231506
0.497744 0.0230356
0.498663 0.0229583
0.499584 0.0228478
0.500506 0.0227706
0.50143 0.0226595
0.502356 0.0225809
0.503284 0.0224714
0.504213 0.0223915
0.505144 0.0222834
0.506077 0.0222028
0.507012 0.0220957
0.507948 0.0220139
0.508886 0.0219083
0.509826 0.0218254
0.510767 0.0217224
0.51171 0.0216386
0.512655 0.0215397
0.513602 0.0214575
0.51455 0.0213613
0.515501 0.0212769
0.516453 0.0211831
0.517406 0.0210964
0.518362 0.0210044
0.519319 0.0209153
0.520278 0.0208266
0.521239 0.0207333
0.522201 0.0206489
0.523165 0.0205512
0.524131 0.0204709
0.525099 0.0203606
0.526069 0.0202956
0.52704 0.0201876
0.528014 0.0201233
0.528989 0.0200197
0.529966 0.0199538
0.530944 0.0198514
0.531925 0.019785
0.532907 0.0196833
0.533891 0.0196164
0.534877 0.0195143
0.535865 0.0194467
0.536854 0.0193463
0.537845 0.019279
0.538839 0.0191786
0.539834 0.0191104
0.54083 0.0190123
0.541829 0.0189441
0.54283 0.0188477
0.543832 0.0187811
0.544836 0.0186886
0.545842 0.0186213
0.54685 0.0185297
0.54786 0.0184601
0.548872 0.0183699
0.549885 0.0183001
0.550901 0.0182106
0.551918 0.0181395
0.552937 0.0180516
0.553958 0.0179785
0.554981 0.0178926
0.556006 0.0178192
0.557033 0.017735
0.558061 0.0176615
0.559092 0.0175807
0.560124 0.0175061
0.561159 0.01743
0.562195 0.0173528
0.563233 0.0172794
0.564273 0.017199
0.565315 0.0171284
0.566359 0.0170425
0.567405 0.016978
0.568453 0.0168844
0.569502 0.0168271
0.570554 0.0167349
0.571608 0.0166776
0.572663 0.0165848
0.573721 0.016529
0.57478 0.016439
0.575842 0.0163819
0.576905 0.0162969
0.57797 0.0162399
0.579037 0.0161545
0.580107 0.0160972
0.581178 0.0160125
0.582251 0.0159541
0.583326 0.0158695
0.584404 0.015812
0.585483 0.0157275
0.586564 0.0156692
0.587647 0.0155862
0.588732 0.0155267
0.589819 0.0154454
0.590908 0.0153863
0.592 0.0153074
0.593093 0.0152485
0.594188 0.0151727
0.595285 0.0151131
0.596385 0.0150388
0.597486 0.0149777
0.598589 0.0149043
0.599694 0.0148423
0.600802 0.0147695
0.601911 0.0147065
0.603023 0.0146356
0.604136 0.0145713
0.605252 0.014502
0.60637 0.0144352
0.607489 0.0143693
0.608611 0.0143009
0.609735 0.0142389
0.610861 0.0141698
0.611989 0.0141118
0.613119 0.0140341
0.614251 0.0139855
0.615386 0.0139068
0.616522 0.0138586
0.61766 0.01378
0.618801 0.0137314
0.619944 0.0136541
0.621088 0.0136049
0.622235 0.0135283
0.623384 0.0134791
0.624535 0.0134027
0.625689 0.0133536
0.626844 0.013279
0.628002 0.0132311
0.629161 0.0131607
0.630323 0.0131112
0.631487 0.0130411
0.632653 0.0129917
0.633821 0.0129215
0.634992 0.0128718
0.636164 0.0128024
0.637339 0.012752
0.638516 0.0126832
0.639695 0.0126318
0.640876 0.0125642
0.64206 0.012513
0.643246 0.0124467
0.644433 0.0123948
0.645623 0.0123307
0.646816 0.0122791
0.64801 0.012218
0.649207 0.0121658
0.650405 0.0121059
0.651606 0.0120522
0.65281 0.0119934
0.654015 0.0119379
0.655223 0.0118806
0.656433 0.0118238
0.657645 0.0117687
0.658859 0.0117089
0.660076 0.0116565
0.661295 0.0115937
0.662516 0.0115458
0.66374 0.0114767
0.664965 0.0114363
0.666193 0.0113716
0.667423 0.0113311
0.668656 0.0112654
0.669891 0.0112248
0.671128 0.0111602
0.672367 0.0111186
0.673608 0.0110545
0.674852 0.0110127
0.676099 0.0109489
0.677347 0.010907
0.678598 0.0108438
0.679851 0.0108021
0.681106 0.0107393
0.682364 0.0106974
0.683624 0.0106359
0.684887 0.0105947
0.686151 0.0105365
0.687418 0.0104946
0.688688 0.0104375
0.689959 0.010395
0.691233 0.0103382
0.69251 0.0102949
0.693789 0.0102384
0.69507 0.0101947
0.696353 0.0101395
0.697639 0.010095
0.698928 0.0100407
0.700218 0.00999572
0.701511 0.00994208
0.702807 0.00989684
0.704104 0.00984563
0.705405 0.00980056
0.706707 0.00975205
0.708012 0.00970557
0.70932 0.00965897
0.710629 0.00961043
0.711942 0.00956544
0.713256 0.00951458
0.714574 0.00947193
0.715893 0.00941583
0.717215 0.00937907
0.718539 0.00932091
0.719866 0.00928607
0.721196 0.00922844
0.722527 0.00919411
0.723862 0.00913703
0.725198 0.00910314
0.726537 0.00904977
0.727879 0.00901541
0.729223 0.00896194
0.73057 0.0089273
0.731919 0.00887444
0.73327 0.00883957
0.734624 0.00878738
0.735981 0.00875169
0.73734 0.00869964
0.738702 0.00866407
0.740066 0.00861239
0.741432 0.00857679
0.742801 0.00852599
0.744173 0.0084902
0.745547 0.00844042
0.746924 0.00840509
0.748303 0.00835808
0.749685 0.00832244
0.75107 0.00827637
0.752456 0.00823966
0.753846 0.00819423
0.755238 0.00815676
0.756633 0.00811191
0.75803 0.00807391
0.75943 0.00802986
0.760832 0.0079913
0.762237 0.00794816
0.763644 0.00790836
0.765055 0.0078673
0.766467 0.00782653
0.767883 0.00778742
0.769301 0.00774617
0.770721 0.00770994
0.772145 0.00766696
0.77357 0.00763334
0.774999 0.00758497
0.77643 0.00755628
0.777864 0.00750847
0.7793 0.00747939
0.780739 0.00743177
0.782181 0.00740253
0.783625 0.00735553
0.785072 0.00732591
0.786522 0.00727926
0.787974 0.00725006
0.78943 0.00720411
0.790887 0.00717531
0.792348 0.00713199
0.793811 0.00710336
0.795277 0.00706047
0.796745 0.00703115
0.798217 0.00698859
0.799691 0.00695886
0.801167 0.00691651
0.802647 0.00688663
0.804129 0.00684504
0.805614 0.00681469
0.807101 0.00677373
0.808592 0.00674287
0.810085 0.0067023
0.811581 0.00667206
0.81308 0.00663221
0.814581 0.0066023
0.816085 0.00656477
0.817592 0.00653432
0.819102 0.00649739
0.820615 0.00646609
0.82213 0.00643038
0.823648 0.00639828
0.825169 0.00636297
0.826693 0.00632983
0.828219 0.00629598
0.829749 0.0062614
0.831281 0.0062292
0.832816 0.00619291
0.834354 0.00616274
0.835895 0.00612328
0.837438 0.00609759
0.838985 0.00605792
0.840534 0.00603432
0.842086 0.00599513
0.843641 0.00597154
0.845199 0.0059325
0.84676 0.00590874
0.848323 0.00587015
0.84989 0.00584591
0.851459 0.0058073
0.853031 0.00578304
0.854607 0.00574503
0.856185 0.00572089
0.857766 0.00568333
0.85935 0.00565871
0.860937 0.00562206
0.862526 0.00559836
0.864119 0.00556295
0.865715 0.00553911
0.867313 0.0055047
0.868915 0.00548039
0.87052 0.00544637
0.872127 0.00542161
0.873738 0.00538775
0.875351 0.00536283
0.876967 0.00532972
0.878587 0.00530417
0.880209 0.00527158
0.881835 0.00524567
0.883463 0.00521398
0.885094 0.00518751
0.886729 0.00515674
0.888366 0.00513087
0.890007 0.0051019
0.89165 0.00507536
0.893297 0.00504743
0.894946 0.00501986
0.896599 0.00499306
0.898255 0.00496403
0.899913 0.00493849
0.901575 0.00490795
0.90324 0.00488424
0.904908 0.00484977
0.906579 0.0048301
0.908253 0.00479603
0.90993 0.00477632
0.911611 0.00474269
0.913294 0.00472349
0.91498 0.00469166
0.91667 0.00467213
0.918363 0.00464109
0.920059 0.00462139
0.921758 0.00459039
0.92346 0.00457076
0.925165 0.00453992
0.926873 0.00452013
0.928585 0.00448953
0.9303 0.00446941
0.932018 0.00443932
0.933739 0.00441893
0.935463 0.00438902
0.93719 0.00436886
0.938921 0.00433974
0.940655 0.0043198
0.942392 0.0042923
0.944132 0.0042721
0.945875 0.00424517
0.947622 0.00422475
0.949372 0.00419806
0.951125 0.00417723
0.952881 0.00415091
0.954641 0.00412976
0.956404 0.00410405
0.95817 0.00408236
0.959939 0.00405723
0.961712 0.0040352
0.963488 0.00401075
0.965267 0.00398808
0.967049 0.0039651
0.968835 0.00394221
0.970624 0.00392079
0.972417 0.0038971
0.974212 0.00387721
0.976011 0.00385141
0.977814 0.00383363
0.979619 0.00380593
0.981428 0.00378982
0.983241 0.00376228
0.985056 0.00374637
0.986875 0.0037189
0.988698 0.00370297
0.990523 0.00367602
0.992352 0.00365991
0.994185 0.00363335
0.996021 0.00361748
0.99786 0.00359218
0.999703 0.00357653
1.00155 0.00355187
1.0034 0.00353583
1.00525 0.00351152
1.00711 0.0034955
1.00897 0.00347113
1.01083 0.00345474
1.0127 0.00343075
1.01457 0.00341426
1.01644 0.00339053
1.01832 0.00337399
1.0202 0.00335063
1.02208 0.00333392
1.02397 0.00331131
1.02586 0.00329469
1.02775 0.00327325
1.02965 0.00325646
1.03155 0.00323583
1.03346 0.00321875
1.03537 0.00319829
1.03728 0.00318086
1.03919 0.00316095
1.04111 0.0031429
1.04304 0.00312362
1.04496 0.00310485
1.04689 0.00308643
1.04882 0.00306685
1.05076 0.00304957
1.0527 0.00302893
1.05465 0.00301316
1.05659 0.00299042
1.05854 0.00297798
1.0605 0.00295603
1.06246 0.00294342
1.06442 0.0029215
1.06638 0.00290872
1.06835 0.00288701
1.07033 0.00287415
1.0723 0.0028526
1.07428 0.00283947
1.07627 0.0028182
1.07825 0.00280517
1.08025 0.00278405
1.08224 0.00277116
1.08424 0.00275032
1.08624 0.00273748
1.08825 0.00271783
1.09026 0.00270494
1.09227 0.00268586
1.09429 0.00267297
1.09631 0.00265401
1.09833 0.00264094
1.10036 0.00262222
1.10239 0.00260884
1.10443 0.00259032
1.10647 0.00257689
1.10851 0.00255866
1.11056 0.00254494
1.11261 0.00252715
1.11466 0.00251323
1.11672 0.00249603
1.11878 0.0024822
1.12085 0.00246595
1.12292 0.00245215
1.12499 0.00243673
1.12707 0.00242213
1.12915 0.00240729
1.13124 0.00239209
1.13333 0.00237788
1.13542 0.00236199
1.13751 0.00234851
1.13962 0.00233137
1.14172 0.00231931
1.14383 0.00230056
1.14594 0.00229026
1.14806 0.00227189
1.15018 0.00226182
1.1523 0.002244
1.15443 0.00223411
1.15656 0.00221716
1.1587 0.00220699
1.16083 0.00219008
1.16298 0.00217991
1.16513 0.00216305
1.16728 0.00215277
1.16943 0.00213607
1.17159 0.0021257
1.17376 0.00210916
1.17592 0.00209882
1.1781 0.00208244
1.18027 0.00207203
1.18245 0.00205603
1.18463 0.00204577
1.18682 0.00203053
1.18901 0.00202032
1.19121 0.0020058
1.19341 0.00199531
1.19561 0.00198092
1.19782 0.00197023
1.20003 0.0019561
1.20225 0.00194517
1.20447 0.00193129
1.20669 0.00192014
1.20892 0.00190657
1.21115 0.00189517
1.21339 0.00188205
1.21563 0.00187034
1.21787 0.0018578
1.22012 0.00184606
1.22238 0.00183445
1.22463 0.00182242
1.2269 0.00181167
1.22916 0.00179888
1.23143 0.0017888
1.2337 0.00177395
1.23598 0.00176602
1.23826 0.00175125
1.24055 0.00174326
1.24284 0.00172862
1.24514 0.00172049
1.24744 0.00170609
1.24974 0.00169801
1.25205 0.00168382
1.25436 0.0016759
1.25668 0.00166225
1.259 0.00165438
1.26132 0.00164144
1.26365 0.00163356
1.26598 0.00162062
1.26832 0.00161253
1.27066 0.00159978
1.27301 0.0015916
1.27536 0.00157889
1.27772 0.00157074
1.28008 0.00155815
1.28244 0.00154992
1.28481 0.00153752
1.28718 0.00152911
1.28956 0.00151715
1.29194 0.00150889
1.29432 0.00149742
1.29671 0.00148922
1.29911 0.00147838
1.30151 0.0014699
1.30391 0.00145927
1.30632 0.00145058
1.30873 0.00144024
1.31115 0.00143125
1.31357 0.00142114
1.31599 0.00141184
1.31842 0.00140209
1.32086 0.00139243
1.3233 0.00138323
1.32574 0.00137313
1.32819 0.00136465
1.33064 0.00135402
1.3331 0.00134664
1.33556 0.00133528
1.33803 0.00132916
1.3405 0.00131791
1.34297 0.00131171
1.34545 0.00130042
1.34794 0.00129426
1.35043 0.00128305
1.35292 0.00127674
1.35542 0.00126569
1.35792 0.00125937
1.36043 0.00124843
1.36294 0.00124211
1.36546 0.00123135
1.36798 0.00122508
1.37051 0.00121479
1.37304 0.00120873
1.37557 0.00119891
1.37811 0.00119276
1.38066 0.00118306
1.38321 0.00117673
1.38576 0.00116715
1.38832 0.00116076
1.39088 0.00115134
1.39345 0.00114477
1.39603 0.00113549
1.3986 0.00112883
1.40119 0.00111977
1.40377 0.00111305
1.40637 0.00110426
1.40896 0.00109755
1.41157 0.00108917
1.41417 0.00108255
1.41678 0.00107475
1.4194 0.0010679
1.42202 0.00106029
1.42465 0.0010531
1.42728 0.00104583
1.42991 0.00103821
1.43255 0.00103134
1.4352 0.00102324
1.43785 0.00101689
1.4405 0.00100766
1.44316 0.00100261
1.44583 0.000993222
1.4485 0.000988502
1.45117 0.000979426
1.45385 0.000974809
1.45654 0.000966357
1.45923 0.000961662
1.46192 0.000953246
1.46462 0.000948528
1.46733 0.000940082
1.47004 0.0009353
1.47275 0.000926937
1.47547 0.000922129
1.47819 0.000913896
1.48092 0.000908983
1.48366 0.000900836
1.4864 0.000895962
1.48914 0.000887949
1.49189 0.00088315
1.49465 0.000875489
1.49741 0.000870769
1.50017 0.000863558
1.50294 0.000858724
1.50572 0.00085162
1.5085 0.000846698
1.51129 0.0008397
1.51408 0.000834667
1.51687 0.000827812
1.51967 0.000822621
1.52248 0.00081588
1.52529 0.000810583
1.52811 0.000804089
1.53093 0.000798628
1.53376 0.000792405
1.53659 0.000786899
1.53943 0.000781059
1.54227 0.000775608
1.54512 0.000770286
1.54797 0.000764461
1.55083 0.000759436
1.55369 0.000753097
1.55656 0.000748617
1.55944 0.000741412
1.56231 0.000737781
1.5652 0.000730665
1.56809 0.000727011
1.57099 0.00071989
1.57389 0.000716286
1.57679 0.0007093
1.5797 0.000705734
1.58262 0.000698982
1.58554 0.000695519
1.58847 0.000689257
1.59141 0.000685712
1.59434 0.000679496
1.59729 0.000675936
1.60024 0.000669751
1.60319 0.000666099
1.60615 0.000659959
1.60912 0.000656266
1.61209 0.000650219
1.61507 0.000646472
1.61805 0.000640532
1.62104 0.000636763
1.62403 0.000630968
1.62703 0.000627207
1.63003 0.000621644
1.63304 0.000617973
1.63606 0.000612828
1.63908 0.000609118
1.64211 0.000604008
1.64514 0.000600152
1.64818 0.00059516
1.65122 0.000591172
1.65427 0.000586366
1.65733 0.000582195
1.66039 0.000577522
1.66345 0.000573197
1.66652 0.000568781
1.6696 0.000564251
1.67268 0.000560128
1.67577 0.000555371
1.67887 0.000551747
1.68197 0.000546728
1.68507 0.000543817
1.68819 0.000538493
1.6913 0.000535852
1.69443 0.000530537
1.69756 0.000527884
1.70069 0.000522601
1.70383 0.000519918
1.70698 0.000514664
1.71013 0.000511951
1.71329 0.000506766
1.71645 0.00050405
1.71962 0.000498944
1.7228 0.000496275
1.72598 0.000491357
1.72916 0.000488739
1.73236 0.000484219
1.73556 0.000481563
1.73876 0.000477056
1.74197 0.000474368
1.74519 0.000469912
1.74841 0.000467159
1.75164 0.000462756
1.75487 0.000459939
1.75812 0.000455592
1.76136 0.000452744
1.76461 0.000448515
1.76787 0.000445598
1.77114 0.000441485
1.77441 0.000438551
1.77768 0.000434641
1.78097 0.000431805
1.78426 0.00042822
1.78755 0.000425283
1.79085 0.00042178
1.79416 0.000418698
1.79747 0.000415362
1.80079 0.000412114
1.80412 0.000408914
1.80745 0.000405446
1.81079 0.000402476
1.81413 0.000398719
1.81748 0.000396096
1.82084 0.000391742
1.8242 0.000389779
1.82757 0.00038556
1.83094 0.00038366
1.83432 0.000379827
1.83771 0.000377904
1.8411 0.000374089
1.8445 0.000372123
1.84791 0.00036831
1.85132 0.000366338
1.85474 0.000362547
1.85816 0.000360535
1.8616 0.000356804
1.86503 0.000354797
1.86848 0.000351081
1.87193 0.000349045
1.87538 0.000345411
1.87885 0.000343387
1.88232 0.000339857
1.88579 0.00033793
1.88928 0.000334734
1.89276 0.000332749
1.89626 0.000329583
1.89976 0.000327545
1.90327 0.000324405
1.90678 0.000322344
1.9103 0.000319246
1.91383 0.000317117
1.91737 0.000314086
1.92091 0.000311905
1.92445 0.000308957
1.92801 0.000306695
1.93157 0.000303892
1.93514 0.000301584
1.93871 0.000298936
1.94229 0.000296703
1.94588 0.000294339
1.94947 0.000291958
1.95307 0.000289729
1.95667 0.000287158
1.96029 0.000285113
1.96391 0.000282182
1.96753 0.000280492
1.97117 0.000277323
1.97481 0.000275871
1.97845 0.000272722
1.98211 0.000271282
1.98577 0.000268177
1.98943 0.000266751
1.99311 0.000263718
1.99679 0.000262363
2.00048 0.000259614
2.00417 0.000258225
2.00787 0.000255516
2.01158 0.00025411
2.01529 0.00025141
2.01902 0.000249961
2.02274 0.000247292
2.02648 0.000245845
2.03022 0.000243179
2.03397 0.000241705
2.03773 0.000239091
2.04149 0.000237598
2.04526 0.000235044
2.04904 0.000233553
2.05282 0.000231069
2.05661 0.000229648
2.06041 0.00022743
2.06421 0.000225957
2.06802 0.000223771
2.07184 0.000222251
2.07567 0.000220119
2.0795 0.000218521
2.08334 0.000216446
2.08719 0.000214793
2.09104 0.000212787
2.0949 0.000211064
2.09877 0.000209149
2.10265 0.000207351
2.10653 0.000205547
2.11042 0.000203645
2.11432 0.000202035
2.11822 0.000200116
2.12213 0.00019878
2.12605 0.00019652
2.12998 0.000195525
2.13391 0.000193275
2.13785 0.000192261
2.1418 0.000190027
2.14576 0.000189001
2.14972 0.000186778
2.15369 0.000185735
2.15766 0.000183539
2.16165 0.000182492
2.16564 0.000180324
2.16964 0.000179302
2.17365 0.00017718
2.17766 0.000176205
2.18168 0.00017429
2.18571 0.000173295
2.18975 0.000171422
2.19379 0.000170396
2.19784 0.000168528
2.2019 0.000167489
2.20597 0.000165648
2.21004 0.000164583
2.21412 0.000162769
2.21821 0.00016168
2.2223 0.000159892
2.22641 0.000158783
2.23052 0.000157048
2.23464 0.000155921
2.23876 0.000154259
2.2429 0.000153192
2.24704 0.0001517
2.25119 0.000150595
2.25535 0.00014915
2.25951 0.000147991
2.26368 0.000146592
2.26786 0.000145368
2.27205 0.000144041
2.27625 0.000142729
2.28045 0.000141485
2.28466 0.000140067
2.28888 0.000138945
2.29311 0.000137341
2.29734 0.000136429
2.30158 0.000134667
2.30583 0.00013398
2.31009 0.000132394
2.31436 0.000131708
2.31863 0.000130148
2.32291 0.000129451
2.3272 0.000127903
2.3315 0.000127191
2.33581 0.000125649
2.34012 0.000124926
2.34444 0.000123393
2.34877 0.000122663
2.35311 0.000121148
2.35745 0.000120408
2.36181 0.00011892
2.36617 0.000118191
2.37054 0.000116741
2.37491 0.000116039
2.3793 0.000114729
2.38369 0.000114022
2.38809 0.000112751
2.3925 0.000112025
2.39692 0.000110765
2.40135 0.000110014
2.40578 0.000108778
2.41023 0.000108
2.41468 0.000106789
2.41914 0.000105983
2.4236 0.000104808
2.42808 0.00010398
2.43256 0.000102846
2.43705 0.000101996
2.44155 0.000100931
2.44606 0.000100107
2.45058 9.91596e-05
2.4551 9.82982e-05
2.45964 9.74209e-05
2.46418 9.6493e-05
2.46873 9.56728e-05
2.47329 9.46409e-05
2.47786 9.39204e-05
2.48243 9.26673e-05
2.48702 9.21688e-05
2.49161 9.09269e-05
2.49621 9.04303e-05
2.50082 8.92011e-05
2.50544 8.8701e-05
2.51006 8.75011e-05
2.5147 8.70291e-05
2.51934 8.59429e-05
2.52399 8.54643e-05
2.52866 8.44184e-05
2.53333 8.39332e-05
2.538 8.2887e-05
2.54269 8.2397e-05
2.54739 8.13533e-05
2.55209 8.0849e-05
2.5568 7.98232e-05
2.56152 7.93032e-05
2.56625 7.8291e-05
2.57099 7.77717e-05
2.57574 7.67719e-05
2.5805 7.62521e-05
2.58526 7.52887e-05
2.59004 7.47895e-05
2.59482 7.39174e-05
2.59961 7.34184e-05
2.60441 7.25831e-05
2.60922 7.20606e-05
2.61404 7.12452e-05
2.61886 7.06972e-05
2.6237 6.99002e-05
2.62855 6.9326e-05
2.6334 6.85522e-05
2.63826 6.79545e-05
2.64313 6.72178e-05
2.64801 6.65801e-05
2.6529 6.58883e-05
2.6578 6.52238e-05
2.66271 6.45957e-05
2.66763 6.39267e-05
2.67255 6.33947e-05
2.67749 6.2661e-05
2.68243 6.22298e-05
2.68739 6.13845e-05
2.69235 6.10545e-05
2.69732 6.02154e-05
2.7023 5.98786e-05
2.70729 5.90386e-05
2.71229 5.86983e-05
2.7173 5.78704e-05
2.72232 5.75246e-05
2.72735 5.67076e-05
2.73238 5.63675e-05
2.73743 5.55665e-05
2.74248 5.5244e-05
2.74755 5.45141e-05
2.75262 5.41924e-05
2.7577 5.34992e-05
2.7628 5.31704e-05
2.7679 5.24818e-05
2.77301 5.21461e-05
2.77813 5.1463e-05
2.78326 5.11139e-05
2.7884 5.04385e-05
2.79355 5.00844e-05
2.79871 4.94217e-05
2.80387 4.90538e-05
2.80905 4.84069e-05
2.81424 4.80387e-05
2.81944 4.74169e-05
2.82464 4.70609e-05
2.82986 4.65015e-05
2.83508 4.61389e-05
2.84032 4.56191e-05
2.84556 4.52377e-05
2.85082 4.47314e-05
2.85608 4.43247e-05
2.86136 4.38404e-05
2.86664 4.34072e-05
2.87193 4.29517e-05
2.87724 4.24788e-05
2.88255 4.20637e-05
2.88787 4.15422e-05
2.89321 4.11825e-05
2.89855 4.05381e-05
2.9039 4.03256e-05
2.90926 3.97399e-05
2.91464 3.95325e-05
2.92002 3.89793e-05
2.92541 3.87627e-05
2.93081 3.82148e-05
2.93623 3.7993e-05
2.94165 3.74464e-05
2.94708 3.72223e-05
2.95252 3.66764e-05
2.95797 3.64461e-05
2.96344 3.59078e-05
2.96891 3.56777e-05
2.97439 3.5144e-05
2.97988 3.49127e-05
2.98539 3.4395e-05
2.9909 3.41764e-05
2.99642 3.37034e-05
3.00195 3.3488e-05
3.0075 3.30418e-05
3.01305 3.28207e-05
3.01862 3.23782e-05
3.02419 3.21476e-05
3.02977 3.17135e-05
3.03537 3.14724e-05
3.04097 3.10455e-05
3.04659 3.07956e-05
3.05222 3.03818e-05
3.05785 3.01201e-05
3.0635 2.97195e-05
3.06916 2.94533e-05
3.07482 2.90756e-05
3.0805 2.88138e-05
3.08619 2.84765e-05
3.09189 2.82117e-05
3.0976 2.79056e-05
3.10332 2.76193e-05
3.10905 2.73358e-05
3.11479 2.70189e-05
3.12054 2.67611e-05
3.1263 2.63998e-05
3.13208 2.61863e-05
3.13786 2.57612e-05
3.14365 2.56124e-05
3.14946 2.51913e-05
3.15528 2.50439e-05
3.1611 2.46298e-05
3.16694 2.4491e-05
3.17279 2.41123e-05
3.17865 2.39768e-05
3.18452 2.36249e-05
3.1904 2.34846e-05
3.19629 2.31352e-05
3.20219 2.29913e-05
3.2081 2.26427e-05
3.21403 2.24943e-05
3.21996 2.21488e-05
3.22591 2.19995e-05
3.23187 2.16554e-05
3.23783 2.15034e-05
3.24381 2.11661e-05
3.2498 2.10117e-05
3.2558 2.06843e-05
3.26182 2.05374e-05
3.26784 2.02404e-05
3.27387 2.00961e-05
3.27992 1.98218e-05
3.28598 1.96696e-05
3.29204 1.94009e-05
3.29812 1.92417e-05
3.30421 1.89791e-05
3.31031 1.88122e-05
3.31643 1.85549e-05
3.32255 1.83783e-05
3.32869 1.81322e-05
3.33483 1.79466e-05
3.34099 1.7713e-05
3.34716 1.75156e-05
3.35334 1.73028e-05
3.35953 1.71016e-05
3.36574 1.6922e-05
3.37195 1.67125e-05
3.37818 1.65632e-05
3.38442 1.63078e-05
3.39067 1.6205e-05
3.39693 1.59351e-05
3.4032 1.58435e-05
3.40949 1.55737e-05
3.41578 1.54799e-05
3.42209 1.52139e-05
3.42841 1.51186e-05
3.43474 1.48552e-05
3.44108 1.47611e-05
3.44744 1.45021e-05
3.4538 1.44126e-05
3.46018 1.41747e-05
3.46657 1.40881e-05
3.47297 1.38726e-05
3.47939 1.37828e-05
3.48581 1.35671e-05
3.49225 1.34759e-05
3.4987 1.32614e-05
3.50516 1.31668e-05
3.51163 1.2955e-05
3.51811 1.28569e-05
3.52461 1.26476e-05
3.53112 1.25472e-05
3.53764 1.23426e-05
3.54417 1.22408e-05
3.55072 1.20428e-05
3.55727 1.19437e-05
3.56384 1.17657e-05
3.57042 1.16689e-05
3.57702 1.1508e-05
3.58362 1.14052e-05
3.59024 1.12502e-05
3.59687 1.11397e-05
3.60351 1.09901e-05
3.61017 1.0872e-05
3.61683 1.07299e-05
3.62351 1.0601e-05
3.6302 1.04693e-05
3.63691 1.03274e-05
3.64362 1.02106e-05
3.65035 1.00499e-05
3.65709 9.95757e-06
3.66384 9.77531e-06
3.67061 9.72257e-06
3.67739 9.55926e-06
3.68418 9.50473e-06
3.69098 9.34127e-06
3.6978 9.28543e-06
3.70463 9.12192e-06
3.71147 9.06556e-06
3.71832 8.90259e-06
3.72519 8.8445e-06
3.73207 8.68268e-06
3.73896 8.62332e-06
3.74586 8.464e-06
3.75278 8.40478e-06
3.75971 8.24843e-06
3.76665 8.19155e-06
3.77361 8.04732e-06
3.78058 7.9934e-06
3.78756 7.865e-06
3.79455 7.80873e-06
3.80156 7.68144e-06
3.80858 7.62273e-06
3.81561 7.49676e-06
3.82266 7.4359e-06
3.82972 7.31156e-06
3.83679 7.24775e-06
3.84387 7.12597e-06
3.85097 7.06065e-06
3.85808 6.94186e-06
3.86521 6.87318e-06
3.87234 6.76076e-06
3.87949 6.69286e-06
3.88666 6.59276e-06
3.89384 6.52694e-06
3.90103 6.43936e-06
3.90823 6.36789e-06
3.91545 6.28544e-06
3.92268 6.20574e-06
3.92992 6.13095e-06
3.93718 6.04107e-06
3.94445 5.97537e-06
3.95173 5.86589e-06
3.95903 5.82025e-06
3.96634 5.7009e-06
3.97366 5.66596e-06
3.981 5.54824e-06
3.98835 5.5149e-06
3.99572 5.40563e-06
4.0031 5.3746e-06
4.01049 5.2783e-06
4.01789 5.24617e-06
4.02531 5.15051e-06
4.03275 5.1173e-06
4.04019 5.02187e-06
4.04765 4.9877e-06
4.05513 4.89282e-06
4.06262 4.85756e-06
4.07012 4.76343e-06
4.07763 4.72738e-06
4.08516 4.63435e-06
4.09271 4.59848e-06
4.10027 4.50747e-06
4.10784 4.47257e-06
4.11542 4.3887e-06
4.12302 4.35571e-06
4.13064 4.28287e-06
4.13826 4.24855e-06
4.14591 4.17685e-06
4.15356 4.14011e-06
4.16123 4.06978e-06
4.16892 4.03085e-06
4.17661 3.96236e-06
4.18433 3.9212e-06
4.19205 3.85479e-06
4.19979 3.81095e-06
4.20755 3.74758e-06
4.21532 3.70063e-06
4.2231 3.6427e-06
4.2309 3.59442e-06
4.23871 3.5443e-06
4.24654 3.49706e-06
4.25438 3.45666e-06
4.26224 3.40162e-06
4.27011 3.3686e-06
4.278 3.29968e-06
4.2859 3.27989e-06
4.29381 3.21114e-06
4.30174 3.19077e-06
4.30968 3.12243e-06
4.31764 3.10182e-06
4.32561 3.03389e-06
4.3336 3.01324e-06
4.3416 2.9461e-06
4.34962 2.92646e-06
4.35765 2.86364e-06
4.3657 2.84582e-06
4.37376 2.79216e-06
4.38184 2.77362e-06
4.38993 2.72004e-06
4.39804 2.70062e-06
4.40616 2.64759e-06
4.41429 2.62741e-06
4.42245 2.57441e-06
4.43061 2.55374e-06
4.43879 2.50144e-06
4.44699 2.47993e-06
4.4552 2.42846e-06
4.46343 2.40643e-06
4.47167 2.3566e-06
4.47993 2.33499e-06
4.4882 2.289e-06
4.49649 2.26901e-06
4.50479 2.23023e-06
4.51311 2.20896e-06
4.52144 2.17128e-06
4.52979 2.148e-06
4.53816 2.11171e-06
4.54654 2.08659e-06
4.55493 2.05177e-06
4.56335 2.02444e-06
4.57177 1.99206e-06
4.58021 1.96164e-06
4.58867 1.93232e-06
4.59715 1.89822e-06
4.60564 1.87364e-06
4.61414 1.83408e-06
4.62266 1.81861e-06
4.6312 1.781e-06
4.63975 1.77076e-06
4.64832 1.73306e-06
4.6569 1.72261e-06
4.6655 1.68492e-06
4.67411 1.67406e-06
4.68275 1.63646e-06
4.69139 1.62531e-06
4.70006 1.58778e-06
4.70874 1.5763e-06
4.71743 1.53924e-06
4.72614 1.52777e-06
4.73487 1.49122e-06
4.74361 1.47996e-06
4.75237 1.44561e-06
4.76115 1.43579e-06
4.76994 1.40709e-06
4.77875 1.39677e-06
4.78757 1.36831e-06
4.79641 1.35746e-06
4.80527 1.32931e-06
4.81414 1.31795e-06
4.82303 1.28994e-06
4.83194 1.27792e-06
4.84086 1.25064e-06
4.8498 1.23801e-06
4.85876 1.21126e-06
4.86773 1.19808e-06
4.87672 1.17249e-06
4.88572 1.15886e-06
4.89475 1.13564e-06
4.90378 1.12353e-06
4.91284 1.10461e-06
4.92191 1.09114e-06
4.931 1.07331e-06
4.94011 1.05845e-06
4.94923 1.04177e-06
4.95837 1.02495e-06
4.96752 1.0101e-06
4.9767 9.9034e-07
4.98589 9.78302e-07
4.99509 9.52748e-07
5.00432 9.46601e-07
5.01356 9.21315e-07
5.02282 9.15325e-07
5.03209 8.91169e-07
5.04138 8.8602e-07
5.05069 8.66494e-07
5.06002 8.61062e-07
5.06936 8.41604e-07
5.07873 8.35964e-07
5.0881 8.16487e-07
5.0975 8.10766e-07
5.10691 7.91291e-07
5.11634 7.85308e-07
5.12579 7.65974e-07
5.13526 7.59834e-07
5.14474 7.40708e-07
5.15424 7.3441e-07
5.16376 7.15553e-07
5.17329 7.09381e-07
5.18285 6.91561e-07
5.19242 6.86213e-07
5.202 6.71933e-07
5.21161 6.66258e-07
5.22123 6.52094e-07
5.23088 6.46022e-07
5.24054 6.32146e-07
5.25021 6.25705e-07
5.25991 6.11994e-07
5.26962 6.05042e-07
5.27935 5.91878e-07
5.2891 5.84409e-07
5.29887 5.71709e-07
5.30865 5.63697e-07
5.31846 5.51813e-07
5.32828 5.43231e-07
5.33812 5.32788e-07
5.34797 5.25109e-07
5.35785 5.17254e-07
5.36774 5.08379e-07
5.37765 5.0161e-07
5.38758 4.90827e-07
5.39753 4.85825e-07
5.4075 4.73023e-07
5.41749 4.69944e-07
5.42749 4.57171e-07
5.43751 4.54033e-07
5.44755 4.41285e-07
5.45761 4.38143e-07
5.46769 4.25528e-07
5.47779 4.22421e-07
5.4879 4.10202e-07
5.49804 4.07642e-07
5.50819 3.98069e-07
5.51836 3.95373e-07
5.52855 3.85845e-07
5.53876 3.83037e-07
5.54899 3.73526e-07
5.55923 3.70592e-07
5.5695 3.61132e-07
5.57979 3.58043e-07
5.59009 3.48651e-07
5.60041 3.45453e-07
5.61075 3.36192e-07
5.62111 3.32883e-07
5.63149 3.23812e-07
5.64189 3.20455e-07
5.65231 3.11847e-07
5.66275 3.08999e-07
5.67321 3.02373e-07
5.68368 2.99282e-07
5.69418 2.92832e-07
5.70469 2.8949e-07
5.71523 2.83228e-07
5.72578 2.79553e-07
5.73635 2.7355e-07
5.74695 2.69524e-07
5.75756 2.63818e-07
5.76819 2.59292e-07
5.77884 2.54121e-07
5.78951 2.4905e-07
5.8002 2.44481e-07
5.81092 2.38605e-07
5.82165 2.35274e-07
5.8324 2.29161e-07
5.84317 2.27874e-07
5.85396 2.21825e-07
5.86477 2.20488e-07
5.8756 2.14439e-07
5.88645 2.13032e-07
5.89732 2.0699e-07
5.90821 2.05535e-07
5.91912 1.99506e-07
5.93005 1.98003e-07
5.941 1.91998e-07
5.95197 1.90468e-07
5.96296 1.84522e-07
5.97397 1.83026e-07
5.985 1.77253e-07
5.99605 1.7601e-07
6.00713 1.71566e-07
6.01822 1.70265e-07
6.02933 1.65933e-07
6.04047 1.64588e-07
6.05162 1.60245e-07
6.06279 1.58804e-07
6.07399 1.54528e-07
6.08521 1.52993e-07
6.09644 1.48782e-07
6.1077 1.47157e-07
6.11898 1.43014e-07
6.13028 1.41293e-07
6.1416 1.37298e-07
6.15294 1.355e-07
6.1643 1.3177e-07
6.17569 1.30221e-07
6.18709 1.27385e-07
6.19851 1.25725e-07
6.20996 1.23102e-07
6.22143 1.21249e-07
6.23292 1.18762e-07
6.24443 1.16658e-07
6.25596 1.14399e-07
6.26751 1.11938e-07
6.27908 1.10008e-07
6.29068 1.07029e-07
6.30229 1.05631e-07
6.31393 1.01968e-07
6.32559 1.01275e-07
6.33727 9.76923e-08
6.34897 9.71248e-08
6.3607 9.43602e-08
6.37244 9.37916e-08
6.38421 9.11372e-08
6.396 9.05278e-08
6.40781 8.7885e-08
6.41964 8.72548e-08
6.4315 8.461e-08
6.44338 8.39521e-08
6.45527 8.1301e-08
6.46719 8.06191e-08
6.47914 7.79952e-08
6.4911 7.72938e-08
6.50309 7.47045e-08
6.5151 7.40119e-08
6.52713 7.1503e-08
6.53918 7.09232e-08
6.55126 6.89807e-08
6.56335 6.83952e-08
6.57547 6.65647e-08
6.58761 6.59237e-08
6.59978 6.41183e-08
6.61197 6.34369e-08
6.62418 6.16602e-08
6.63641 6.0916e-08
6.64866 5.91827e-08
6.66094 5.83606e-08
6.67324 5.67055e-08
6.68556 5.5819e-08
6.69791 5.4235e-08
6.71028 5.32733e-08
6.72267 5.186e-08
6.73508 5.10098e-08
6.74752 4.99694e-08
6.75998 4.90539e-08
6.77246 4.81673e-08
6.78497 4.7072e-08
6.7975 4.63464e-08
6.81005 4.47999e-08
6.82263 4.45127e-08
6.83522 4.29648e-08
6.84785 4.26698e-08
6.86049 4.11253e-08
6.87316 4.08217e-08
6.88585 3.92901e-08
6.89857 3.89874e-08
6.91131 3.74893e-08
6.92407 3.72454e-08
6.93686 3.60828e-08
6.94967 3.58432e-08
6.9625 3.47629e-08
6.97536 3.45092e-08
6.98824 3.34302e-08
7.00114 3.31633e-08
7.01407 3.20889e-08
7.02702 3.18115e-08
7.04 3.07386e-08
7.053 3.04455e-08
7.06602 2.93835e-08
7.07907 2.90775e-08
7.09214 2.803e-08
7.10524 2.77187e-08
7.11836 2.67171e-08
7.1315 2.64501e-08
7.14467 2.56797e-08
7.15787 2.54113e-08
7.17108 2.47192e-08
7.18433 2.44213e-08
7.19759 2.37457e-08
7.21088 2.34227e-08
7.2242 2.27685e-08
7.23754 2.24045e-08
7.2509 2.17808e-08
7.26429 2.13703e-08
7.27771 2.07901e-08
7.29115 2.03313e-08
7.30461 1.98078e-08
7.3181 1.92722e-08
7.33161 1.88586e-08
7.34515 1.83405e-08
7.35872 1.81032e-08
7.3723 1.75087e-08
7.38592 1.74058e-08
7.39956 1.6809e-08
7.41322 1.67022e-08
7.42691 1.61043e-08
7.44062 1.59924e-08
7.45436 1.53941e-08
7.46813 1.52781e-08
7.48192 1.46809e-08
7.49574 1.45604e-08
7.50958 1.3969e-08
7.52345 1.38487e-08
7.53734 1.32705e-08
7.55126 1.31709e-08
7.5652 1.27198e-08
7.57917 1.26276e-08
7.59317 1.22235e-08
7.60719 1.21252e-08
7.62124 1.17231e-08
7.63531 1.16172e-08
7.64941 1.12171e-08
7.66353 1.11044e-08
7.67769 1.07087e-08
7.69186 1.05876e-08
7.70607 1.01978e-08
7.7203 1.00663e-08
7.73455 9.68722e-09
7.74884 9.54845e-09
7.76315 9.1911e-09
7.77748 9.07125e-09
7.79184 8.7968e-09
7.80623 8.67746e-09
7.82065 8.44434e-09
7.83509 8.31019e-09
7.84956 8.0893e-09
7.86405 7.93499e-09
7.87857 7.73058e-09
7.89312 7.55167e-09
7.9077 7.3688e-09
7.9223 7.1529e-09
7.93693 7.00575e-09
7.95158 6.71682e-09
7.96627 6.64522e-09
7.98098 6.33479e-09
7.99572 6.29683e-09
8.01048 6.05305e-09
8.02527 6.01822e-09
8.04009 5.80706e-09
8.05494 5.77009e-09
8.06981 5.55899e-09
8.08472 5.52016e-09
8.09965 5.30884e-09
8.1146 5.26797e-09
8.12959 5.05632e-09
8.1446 5.01304e-09
8.15964 4.80288e-09
8.17471 4.75863e-09
8.1898 4.54879e-09
8.20492 4.50431e-09
8.22008 4.30021e-09
8.23526 4.26293e-09
8.25046 4.10268e-09
8.2657 4.06829e-09
8.28096 3.93186e-09
8.29625 3.89478e-09
8.31157 3.7598e-09
8.32692 3.7194e-09
8.3423 3.58624e-09
8.3577 3.5415e-09
8.37314 3.4109e-09
8.3886 3.36155e-09
8.40409 3.23459e-09
8.41961 3.18086e-09
8.43516 3.05902e-09
8.45073 2.99967e-09
8.46634 2.88755e-09
8.48197 2.83336e-09
8.49763 2.75056e-09
8.51333 2.69692e-09
8.52905 2.63293e-09
8.5448 2.56915e-09
8.56057 2.51417e-09
8.57638 2.43472e-09
8.59222 2.39443e-09
8.60809 2.28914e-09
8.62398 2.27351e-09
8.63991 2.16833e-09
8.65586 2.15222e-09
8.67185 2.04732e-09
8.68786 2.03112e-09
8.7039 1.9276e-09
8.71997 1.91454e-09
8.73608 1.83214e-09
8.75221 1.82078e-09
8.76837 1.753e-09
8.78456 1.7408e-09
8.80078 1.67314e-09
8.81704 1.66027e-09
8.83332 1.59251e-09
8.84963 1.5788e-09
8.86597 1.51098e-09
8.88234 1.4965e-09
8.89874 1.42916e-09
8.91518 1.41382e-09
8.93164 1.34729e-09
8.94813 1.3313e-09
8.96466 1.26677e-09
8.98121 1.25309e-09
8.9978 1.20201e-09
9.01441 1.1899e-09
9.03106 1.14868e-09
9.04773 1.13519e-09
9.06444 1.09495e-09
9.08118 1.07979e-09
9.09795 1.04063e-09
9.11475 1.02328e-09
9.13158 9.85922e-10
9.14844 9.66154e-10
9.16534 9.30769e-10
9.18226 9.0812e-10
9.19922 8.7566e-10
9.2162 8.49065e-10
9.23322 8.22029e-10
9.25027 7.96057e-10
9.26736 7.78559e-10
9.28447 7.51292e-10
9.30161 7.43182e-10
9.31879 7.11689e-10
9.336 7.07439e-10
9.35324 6.75852e-10
9.37051 6.71346e-10
9.38781 6.39694e-10
9.40515 6.3495e-10
9.42252 6.03202e-10
9.43992 5.9827e-10
9.45735 5.66711e-10
9.47481 5.61723e-10
9.49231 5.30618e-10
9.50984 5.26448e-10
9.5274 5.01248e-10
9.54499 4.97805e-10
9.56262 4.782e-10
9.58027 4.74495e-10
9.59797 4.54886e-10
9.61569 4.50992e-10
9.63345 4.31394e-10
9.65123 4.27152e-10
9.66906 4.0768e-10
9.68691 4.02957e-10
9.7048 3.83769e-10
9.72272 3.7873e-10
9.74067 3.59876e-10
9.75866 3.54364e-10
9.77668 3.36308e-10
9.79474 3.31334e-10
9.81282 3.17078e-10
9.83094 3.12793e-10
9.8491 3.02115e-10
9.86728 2.97194e-10
9.88551 2.87039e-10
9.90376 2.81371e-10
9.92205 2.71796e-10
9.94037 2.65049e-10
9.95873 2.56393e-10
9.97712 2.48291e-10
9.99554 2.40902e-10
10.014 2.30857e-10
10.0325 2.25405e-10
10.051 2.11627e-10
10.0696 2.10293e-10
10.0882 1.98911e-10
10.1068 1.97849e-10
10.1255 1.89394e-10
10.1442 1.88266e-10
10.1629 1.7978e-10
10.1817 1.78581e-10
10.2005 1.70056e-10
10.2193 1.68803e-10
10.2382 1.60257e-10
10.2571 1.5894e-10
10.276 1.50388e-10
10.295 1.49003e-10
10.314 1.40488e-10
10.333 1.39083e-10
10.3521 1.30682e-10
10.3712 1.29459e-10
10.3904 1.22531e-10
10.4096 1.2158e-10
10.4288 1.16533e-10
10.4481 1.15484e-10
10.4674 1.10476e-10
10.4867 1.09326e-10
10.5061 1.04351e-10
10.5255 1.03057e-10
10.5449 9.81746e-11
10.5644 9.67111e-11
10.5839 9.19461e-11
10.6034 9.03156e-11
10.623 8.57173e-11
10.6426 8.38658e-11
10.6623 7.95609e-11
10.682 7.7797e-11
10.7017 7.44332e-11
10.7214 7.29563e-11
10.7412 7.06994e-11
10.7611 6.89259e-11
10.7809 6.69219e-11
10.8008 6.47409e-11
10.8208 6.31102e-11
10.8408 6.02443e-11
10.8608 5.92592e-11
10.8809 5.57929e-11
10.9009 5.53843e-11
10.9211 5.19172e-11
10.9412 5.15051e-11
10.9614 4.80625e-11
10.9817 4.77033e-11
11.002 4.47982e-11
11.0223 4.45384e-11
11.0426 4.2515e-11
11.063 4.22326e-11
11.0835 4.02063e-11
11.1039 3.99119e-11
11.1244 3.78784e-11
11.145 3.75684e-11
11.1655 3.55303e-11
11.1862 3.51975e-11
11.2068 3.31626e-11
11.2275 3.28072e-11
11.2483 3.07832e-11
11.269 3.04117e-11
11.2898 2.84271e-11
11.3107 2.80881e-11
11.3316 2.64198e-11
11.3525 2.61614e-11
11.3735 2.50388e-11
11.3945 2.47499e-11
11.4155 2.36443e-11
11.4366 2.33139e-11
11.4577 2.22348e-11
11.4789 2.18594e-11
11.5001 2.08113e-11
11.5213 2.03762e-11
11.5426 1.93804e-11
11.5639 1.88649e-11
11.5852 1.79435e-11
11.6066 1.7346e-11
11.6281 1.6523e-11
11.6495 1.58996e-11
11.671 1.53166e-11
11.6926 1.47915e-11
11.7142 1.44931e-11
11.7358 1.37398e-11
11.7575 1.3662e-11
11.7792 1.29062e-11
11.801 1.28235e-11
11.8227 1.2065e-11
11.8446 1.19777e-11
11.8664 1.12167e-11
11.8884 1.11257e-11
11.9103 1.0365e-11
11.9323 1.02705e-11
11.9543 9.51608e-12
11.9764 9.43219e-12
11.9985 8.77736e-12
12.0207 8.72131e-12
12.0429 8.2996e-12
12.0651 8.24036e-12
12.0874 7.81754e-12
12.1097 7.75339e-12
12.1321 7.3303e-12
12.1545 7.26105e-12
12.1769 6.83975e-12
12.1994 6.76364e-12
12.2219 6.34526e-12
12.2445 6.2617e-12
12.2671 5.84835e-12
12.2898 5.75577e-12
12.3125 5.35486e-12
12.3352 5.26591e-12
12.358 4.92395e-12
12.3808 4.86068e-12
12.4037 4.64942e-12
12.4266 4.57447e-12
12.4495 4.37201e-12
12.4725 4.28413e-12
12.4955 4.09283e-12
12.5186 3.98706e-12
12.5417 3.81031e-12
12.5649 3.68226e-12
12.5881 3.52569e-12
12.6113 3.36638e-12
12.6346 3.24027e-12
12.658 3.03183e-12
12.6813 2.95721e-12
12.7048 2.72385e-12
12.7282 2.71119e-12
12.7517 2.5698e-12
12.7753 2.55635e-12
12.7989 2.41426e-12
12.8225 2.4e-12
12.8462 2.25745e-12
12.8699 2.2422e-12
12.8937 2.09914e-12
12.9175 2.08301e-12
12.9413 1.9394e-12
12.9652 1.92219e-12
12.9892 1.77865e-12
13.0131 1.76127e-12
13.0372 1.61833e-12
13.0612 1.60206e-12
13.0854 1.47467e-12
13.1095 1.46462e-12
13.1337 1.38929e-12
13.158 1.37826e-12
13.1823 1.30322e-12
13.2066 1.29082e-12
13.231 1.21636e-12
13.2555 1.20233e-12
13.2799 1.1285e-12
13.3045 1.11225e-12
13.329 1.03997e-12
13.3536 1.02115e-12
13.3783 9.50895e-13
13.403 9.29501e-13
13.4277 8.62109e-13
13.4525 8.39382e-13
13.4774 7.82428e-13
13.5023 7.67326e-13
13.5272 7.36005e-13
13.5522 7.17727e-13
13.5772 6.89174e-13
13.6023 6.66192e-13
13.6274 6.41808e-13
13.6526 6.11834e-13
13.6778 5.93925e-13
13.703 5.49153e-13
13.7283 5.45577e-13
13.7537 5.00705e-13
13.7791 4.97035e-13
13.8045 4.5216e-13
13.83 4.4862e-13
13.8556 4.0731e-13
13.8811 4.05459e-13
13.9068 3.8269e-13
13.9325 3.80691e-13
13.9582 3.57788e-13
13.984 3.55596e-13
14.0098 3.32645e-13
14.0357 3.30297e-13
14.0616 3.07194e-13
14.0875 3.04652e-13
14.1136 2.81499e-13
14.1396 2.78743e-13
14.1657 2.55648e-13
14.1919 2.52766e-13
14.2181 2.29691e-13
14.2443 2.26811e-13
14.2706 2.05665e-13
14.297 2.03974e-13
14.3234 1.92753e-13
14.3499 1.90791e-13
14.3763 1.79677e-13
14.4029 1.77357e-13
14.4295 1.66485e-13
14.4561 1.63727e-13
14.4828 1.53127e-13
14.5096 1.4988e-13
14.5364 1.39618e-13
14.5632 1.35743e-13
14.5901 1.26062e-13
14.617 1.21336e-13
14.644 1.1244e-13
14.6711 1.06979e-13
14.6982 9.98524e-14
14.7253 9.62895e-14
14.7525 9.32283e-14
14.7797 8.8448e-14
14.807 8.6522e-14
14.8344 8.01776e-14
14.8618 7.97478e-14
14.8892 7.3365e-14
14.9167 7.28943e-14
14.9443 6.64688e-14
14.9719 6.59678e-14
14.9995 5.95244e-14
15.0272 5.89953e-14
15.055 5.25478e-14
15.0828 5.20181e-14
15.1106 4.58519e-14
15.1385 4.56155e-14
15.1665 4.25582e-14
15.1945 4.22973e-14
15.2225 3.92245e-14
15.2506 3.89523e-14
15.2788 3.58653e-14
15.307 3.55635e-14
15.3353 3.24654e-14
15.3636 3.21164e-14
15.392 2.90149e-14
15.4204 2.86222e-14
15.4489 2.55493e-14
15.4774 2.50949e-14
15.506 2.20659e-14
15.5346 2.15841e-14
15.5633 1.87633e-14
15.592 1.85726e-14
15.6208 1.75461e-14
15.6497 1.73022e-14
15.6786 1.62994e-14
15.7075 1.60049e-14
15.7365 1.50644e-14
15.7656 1.47205e-14
15.7947 1.38235e-14
15.8239 1.33256e-14
15.8531 1.24658e-14
15.8824 1.18572e-14
15.9117 1.11626e-14
15.9411 1.02072e-14
15.9705 9.10197e-15
16 0
