# 1:pT 2:PhotonSpectrum=dN/d^2xT d^2pT dy
0.01 0.012737
0.0100185 0.0127291
0.010037 0.0126965
0.0100555 0.0126878
0.0100741 0.0126548
0.0100927 0.012645
0.0101113 0.0126121
0.01013 0.012601
0.0101487 0.0125678
0.0101674 0.0125556
0.0101862 0.0125216
0.010205 0.0125079
0.0102239 0.0124732
0.0102427 0.0124578
0.0102617 0.0124221
0.0102806 0.012404
0.0102996 0.0123659
0.0103186 0.0123424
0.0103377 0.0122958
0.0103567 0.012271
0.0103759 0.0122247
0.010395 0.0121986
0.0104142 0.0121527
0.0104335 0.0121252
0.0104527 0.0120803
0.010472 0.0120514
0.0104914 0.0120073
0.0105107 0.0119775
0.0105301 0.0119348
0.0105496 0.0119031
0.0105691 0.0118615
0.0105886 0.0118291
0.0106081 0.0117905
0.0106277 0.0117588
0.0106474 0.0117236
0.010667 0.0116898
0.0106867 0.0116562
0.0107065 0.0116204
0.0107262 0.0115887
0.010746 0.011549
0.0107659 0.0115202
0.0107858 0.0114761
0.0108057 0.0114513
0.0108256 0.0113997
0.0108456 0.011382
0.0108656 0.0113311
0.0108857 0.011313
0.0109058 0.0112625
0.0109259 0.0112452
0.0109461 0.0111986
0.0109663 0.0111804
0.0109866 0.0111343
0.0110069 0.0111151
0.0110272 0.0110694
0.0110476 0.0110493
0.011068 0.0110038
0.0110884 0.010983
0.0111089 0.0109376
0.0111294 0.0109159
0.0111499 0.0108712
0.0111705 0.0108487
0.0111912 0.0108051
0.0112118 0.0107819
0.0112325 0.0107399
0.0112533 0.0107175
0.0112741 0.0106794
0.0112949 0.010656
0.0113157 0.0106186
0.0113366 0.0105939
0.0113576 0.0105575
0.0113785 0.0105316
0.0113995 0.0104959
0.0114206 0.0104688
0.0114417 0.0104337
0.0114628 0.0104049
0.011484 0.0103717
0.0115052 0.0103412
0.0115264 0.0103093
0.0115477 0.0102773
0.011569 0.0102482
0.0115904 0.0102159
0.0116118 0.0101897
0.0116332 0.0101545
0.0116547 0.0101312
0.0116762 0.0100895
0.0116978 0.0100724
0.0117194 0.0100282
0.0117411 0.0100128
0.0117627 0.00996882
0.0117845 0.00995295
0.0118062 0.00990911
0.011828 0.00989253
0.0118499 0.0098495
0.0118717 0.00983259
0.0118937 0.00979024
0.0119156 0.0097735
0.0119376 0.00973377
0.0119597 0.00971625
0.0119818 0.00967759
0.0120039 0.00965917
0.0120261 0.00962035
0.0120483 0.00960126
0.0120705 0.00956292
0.0120928 0.00954283
0.0121151 0.00950511
0.0121375 0.00948401
0.0121599 0.00944684
0.0121824 0.00942499
0.0122049 0.00938872
0.0122274 0.00936629
0.01225 0.00933174
0.0122726 0.00930969
0.0122953 0.00927818
0.012318 0.00925527
0.0123407 0.00922498
0.0123635 0.00920096
0.0123863 0.00917135
0.0124092 0.00914591
0.0124321 0.00911715
0.0124551 0.00908991
0.0124781 0.009063
0.0125011 0.00903387
0.0125242 0.00900812
0.0125473 0.00897644
0.0125705 0.00895343
0.0125937 0.00891876
0.012617 0.00889987
0.0126403 0.00886133
0.0126636 0.0088485
0.012687 0.00881096
0.0127104 0.0087973
0.0127339 0.00875997
0.0127574 0.00874559
0.012781 0.00870832
0.0128046 0.00869363
0.0128282 0.00865643
0.0128519 0.00864116
0.0128756 0.00860424
0.0128994 0.00858819
0.0129232 0.00855202
0.0129471 0.00853586
0.012971 0.0085003
0.012995 0.00848411
0.0130189 0.00845062
0.013043 0.00843389
0.0130671 0.00840137
0.0130912 0.00838402
0.0131154 0.0083517
0.0131396 0.00833314
0.0131639 0.00830153
0.0131882 0.00828214
0.0132125 0.00825086
0.0132369 0.00823101
0.0132614 0.00819996
0.0132859 0.00817916
0.0133104 0.0081493
0.013335 0.00812765
0.0133596 0.00809909
0.0133843 0.00807755
0.013409 0.00805233
0.0134337 0.00803008
0.0134585 0.008006
0.0134834 0.00798234
0.0135083 0.0079595
0.0135332 0.00793391
0.0135582 0.00791274
0.0135833 0.0078845
0.0136083 0.00786553
0.0136335 0.00783305
0.0136587 0.00781821
0.0136839 0.00778309
0.0137091 0.00777096
0.0137345 0.00773617
0.0137598 0.00772431
0.0137852 0.00769166
0.0138107 0.00767951
0.0138362 0.00764772
0.0138617 0.00763492
0.0138873 0.00760313
0.013913 0.00758969
0.0139387 0.0075583
0.0139644 0.0075443
0.0139902 0.00751324
0.014016 0.00749851
0.0140419 0.00746786
0.0140678 0.00745296
0.0140938 0.00742245
0.0141198 0.00740715
0.0141459 0.00737776
0.014172 0.00736259
0.0141982 0.00733515
0.0142244 0.00731949
0.0142507 0.00729277
0.014277 0.00727646
0.0143034 0.00725047
0.0143298 0.00723307
0.0143563 0.00720739
0.0143828 0.00718902
0.0144093 0.00716423
0.0144359 0.00714456
0.0144626 0.0071204
0.0144893 0.00709993
0.0145161 0.00707691
0.0145429 0.00705536
0.0145697 0.00703383
0.0145966 0.00701192
0.0146236 0.00699259
0.0146506 0.00696946
0.0146776 0.00695204
0.0147047 0.00692642
0.0147319 0.00691112
0.0147591 0.00688039
0.0147863 0.00687001
0.0148136 0.00683929
0.014841 0.00682838
0.0148684 0.00679794
0.0148959 0.00678658
0.0149234 0.00675657
0.0149509 0.00674489
0.0149785 0.00671537
0.0150062 0.0067038
0.0150339 0.00667601
0.0150617 0.00666448
0.0150895 0.00663779
0.0151173 0.00662563
0.0151453 0.00659912
0.0151732 0.00658635
0.0152012 0.0065602
0.0152293 0.00654663
0.0152574 0.00652063
0.0152856 0.00650667
0.0153138 0.00648124
0.0153421 0.0064666
0.0153705 0.00644183
0.0153988 0.00642676
0.0154273 0.00640261
0.0154558 0.00638768
0.0154843 0.00636505
0.0155129 0.00634984
0.0155415 0.0063283
0.0155702 0.00631231
0.015599 0.00629141
0.0156278 0.00627436
0.0156567 0.00625399
0.0156856 0.0062358
0.0157145 0.0062163
0.0157435 0.0061971
0.0157726 0.00617858
0.0158017 0.00615767
0.0158309 0.00614068
0.0158602 0.00611821
0.0158894 0.00610339
0.0159188 0.00607873
0.0159482 0.00606733
0.0159776 0.00604102
0.0160071 0.00603182
0.0160367 0.00600548
0.0160663 0.00599605
0.016096 0.00596975
0.0161257 0.00595985
0.0161555 0.00593384
0.0161853 0.00592341
0.0162152 0.00589754
0.0162451 0.00588671
0.0162751 0.00586106
0.0163052 0.00584992
0.0163353 0.0058248
0.0163655 0.00581378
0.0163957 0.00579026
0.016426 0.00577924
0.0164563 0.00575681
0.0164867 0.00574506
0.0165171 0.00572289
0.0165476 0.0057107
0.0165782 0.00568892
0.0166088 0.00567622
0.0166395 0.00565451
0.0166702 0.00564131
0.016701 0.00562026
0.0167318 0.00560625
0.0167627 0.00558585
0.0167937 0.00557127
0.0168247 0.00555184
0.0168558 0.00553725
0.0168869 0.00551904
0.0169181 0.00550424
0.0169493 0.00548723
0.0169806 0.0054712
0.017012 0.00545505
0.0170434 0.00543792
0.0170748 0.00542251
0.0171064 0.00540396
0.017138 0.00538989
0.0171696 0.00536914
0.0172013 0.00535693
0.0172331 0.00533206
0.0172649 0.00532399
0.0172968 0.00529948
0.0173287 0.00529145
0.0173607 0.00526824
0.0173928 0.00526006
0.0174249 0.00523808
0.0174571 0.00522956
0.0174893 0.00520766
0.0175216 0.00519856
0.017554 0.00517691
0.0175864 0.00516754
0.0176189 0.0051459
0.0176514 0.00513627
0.017684 0.00511476
0.0177166 0.00510465
0.0177494 0.00508362
0.0177821 0.00507301
0.017815 0.00505247
0.0178479 0.00504188
0.0178808 0.00502244
0.0179138 0.00501188
0.0179469 0.00499342
0.0179801 0.00498222
0.0180133 0.00496398
0.0180465 0.00495233
0.0180799 0.00493437
0.0181132 0.004922
0.0181467 0.00490447
0.0181802 0.00489146
0.0182138 0.00487442
0.0182474 0.00486073
0.0182811 0.00484435
0.0183149 0.00483014
0.0183487 0.00481486
0.0183826 0.00480011
0.0184165 0.00478627
0.0184505 0.00477118
0.0184846 0.00475866
0.0185187 0.0047422
0.0185529 0.0047308
0.0185872 0.00471224
0.0186215 0.00470271
0.0186559 0.00468175
0.0186903 0.00467445
0.0187248 0.00465362
0.0187594 0.00464598
0.0187941 0.00462523
0.0188288 0.0046175
0.0188635 0.00459715
0.0188984 0.00458931
0.0189333 0.00456985
0.0189682 0.0045622
0.0190033 0.00454369
0.0190384 0.00453552
0.0190735 0.00451717
0.0191087 0.00450869
0.019144 0.00449046
0.0191794 0.00448164
0.0192148 0.00446357
0.0192503 0.00445426
0.0192858 0.00443647
0.0193214 0.00442694
0.0193571 0.00440934
0.0193929 0.00439938
0.0194287 0.00438246
0.0194645 0.00437235
0.0195005 0.0043563
0.0195365 0.00434613
0.0195726 0.00433118
0.0196087 0.00432034
0.0196449 0.00430579
0.0196812 0.00429442
0.0197175 0.00428018
0.019754 0.00426804
0.0197904 0.00425433
0.019827 0.00424153
0.0198636 0.00422831
0.0199003 0.00421474
0.019937 0.00420238
0.0199738 0.00418771
0.0200107 0.00417659
0.0200477 0.00416101
0.0200847 0.00415154
0.0201218 0.00413337
0.0201589 0.00412738
0.0201962 0.00410924
0.0202335 0.00410299
0.0202708 0.00408494
0.0203082 0.00407825
0.0203457 0.00406039
0.0203833 0.00405347
0.020421 0.00403573
0.0204587 0.00402862
0.0204964 0.00401097
0.0205343 0.0040035
0.0205722 0.00398628
0.0206102 0.00397886
0.0206483 0.00396226
0.0206864 0.00395482
0.0207246 0.00393929
0.0207629 0.00393151
0.0208012 0.00391603
0.0208396 0.00390799
0.0208781 0.00389257
0.0209166 0.00388419
0.0209553 0.00386898
0.020994 0.00385996
0.0210327 0.00384525
0.0210716 0.0038359
0.0211105 0.00382139
0.0211495 0.00381168
0.0211885 0.00379781
0.0212277 0.00378783
0.0212669 0.00377486
0.0213061 0.00376499
0.0213455 0.00375296
0.0213849 0.00374241
0.0214244 0.00373077
0.0214639 0.00371951
0.0215036 0.00370829
0.0215433 0.00369619
0.0215831 0.00368573
0.0216229 0.00367257
0.0216628 0.00366305
0.0217028 0.00364804
0.0217429 0.00364026
0.0217831 0.00362314
0.0218233 0.00361758
0.0218636 0.00360115
0.021904 0.00359562
0.0219444 0.00358026
0.0219849 0.00357458
0.0220255 0.00355932
0.0220662 0.00355315
0.022107 0.00353813
0.0221478 0.00353179
0.0221887 0.0035168
0.0222297 0.0035102
0.0222707 0.00349533
0.0223118 0.00348838
0.022353 0.00347371
0.0223943 0.00346671
0.0224357 0.00345223
0.0224771 0.00344519
0.0225186 0.00343141
0.0225602 0.00342438
0.0226018 0.00341165
0.0226436 0.00340434
0.0226854 0.00339184
0.0227273 0.00338401
0.0227692 0.00337172
0.0228113 0.00336354
0.0228534 0.00335149
0.0228956 0.00334289
0.0229379 0.00333118
0.0229803 0.00332216
0.0230227 0.00331072
0.0230652 0.00330135
0.0231078 0.00329051
0.0231505 0.00328091
0.0231932 0.00327085
0.023236 0.00326102
0.023279 0.00325185
0.0233219 0.00324111
0.023365 0.0032326
0.0234082 0.00322077
0.0234514 0.00321313
0.0234947 0.00319888
0.0235381 0.00319362
0.0235815 0.00317899
0.0236251 0.00317392
0.0236687 0.00315933
0.0237124 0.00315409
0.0237562 0.0031398
0.0238001 0.00313446
0.023844 0.00312059
0.0238881 0.00311542
0.0239322 0.00310259
0.0239764 0.00309711
0.0240206 0.00308438
0.024065 0.00307865
0.0241094 0.00306609
0.0241539 0.00306004
0.0241985 0.0030475
0.0242432 0.00304126
0.024288 0.00302888
0.0243329 0.00302238
0.0243778 0.00301022
0.0244228 0.00300348
0.0244679 0.00299155
0.0245131 0.00298466
0.0245583 0.00297334
0.0246037 0.00296657
0.0246491 0.00295616
0.0246946 0.00294907
0.0247402 0.00293888
0.0247859 0.00293134
0.0248317 0.00292129
0.0248776 0.00291335
0.0249235 0.0029037
0.0249695 0.00289519
0.0250156 0.00288587
0.0250618 0.00287692
0.0251081 0.00286798
0.0251545 0.00285852
0.0252009 0.00285034
0.0252475 0.00284024
0.0252941 0.00283303
0.0253408 0.00282239
0.0253876 0.00281646
0.0254345 0.00280397
0.0254814 0.00279969
0.0255285 0.00278728
0.0255756 0.00278279
0.0256229 0.00277033
0.0256702 0.00276573
0.0257176 0.00275339
0.0257651 0.00274863
0.0258126 0.00273635
0.0258603 0.00273135
0.0259081 0.00271934
0.0259559 0.00271425
0.0260038 0.00270258
0.0260518 0.00269768
0.0261 0.00268692
0.0261482 0.00268171
0.0261964 0.00267102
0.0262448 0.00266557
0.0262933 0.00265505
0.0263418 0.0026493
0.0263905 0.00263892
0.0264392 0.0026329
0.026488 0.0026227
0.0265369 0.0026164
0.0265859 0.00260637
0.026635 0.00259977
0.0266842 0.00259007
0.0267335 0.00258338
0.0267829 0.00257415
0.0268323 0.0025676
0.0268819 0.00255911
0.0269315 0.00255217
0.0269812 0.00254401
0.0270311 0.00253652
0.027081 0.00252861
0.027131 0.00252065
0.0271811 0.0025132
0.0272313 0.00250462
0.0272816 0.00249764
0.0273319 0.00248825
0.0273824 0.00248208
0.027433 0.00247111
0.0274836 0.00246661
0.0275344 0.00245509
0.0275852 0.00245144
0.0276362 0.00244091
0.0276872 0.00243711
0.0277383 0.00242657
0.0277896 0.00242262
0.0278409 0.00241214
0.0278923 0.00240796
0.0279438 0.00239758
0.0279954 0.0023932
0.0280471 0.00238289
0.0280989 0.00237839
0.0281508 0.00236824
0.0282027 0.00236351
0.0282548 0.00235346
0.028307 0.0023487
0.0283593 0.00233898
0.0284116 0.0023343
0.0284641 0.00232545
0.0285167 0.00232051
0.0285693 0.00231173
0.0286221 0.00230654
0.0286749 0.00229789
0.0287279 0.00229244
0.0287809 0.00228401
0.0288341 0.00227822
0.0288873 0.00226994
0.0289407 0.00226386
0.0289941 0.00225584
0.0290477 0.00224952
0.0291013 0.00224178
0.029155 0.00223526
0.0292089 0.002228
0.0292628 0.00222156
0.0293168 0.00221512
0.029371 0.00220817
0.0294252 0.00220202
0.0294796 0.00219445
0.029534 0.00218877
0.0295885 0.00218037
0.0296432 0.00217549
0.0296979 0.00216542
0.0297527 0.00216204
0.0298077 0.00215209
0.0298627 0.00214853
0.0299179 0.00213869
0.0299731 0.00213506
0.0300285 0.00212538
0.0300839 0.00212181
0.0301395 0.00211287
0.0301951 0.0021092
0.0302509 0.00210034
0.0303068 0.00209644
0.0303627 0.00208771
0.0304188 0.00208371
0.030475 0.00207499
0.0305312 0.00207074
0.0305876 0.00206216
0.0306441 0.00205777
0.0307007 0.00204927
0.0307574 0.00204475
0.0308142 0.00203649
0.0308711 0.00203181
0.0309281 0.00202384
0.0309852 0.00201927
0.0310424 0.00201199
0.0310997 0.00200733
0.0311572 0.00200015
0.0312147 0.00199518
0.0312723 0.00198816
0.0313301 0.00198294
0.0313879 0.00197607
0.0314459 0.0019705
0.031504 0.00196395
0.0315621 0.00195804
0.0316204 0.00195169
0.0316788 0.00194544
0.0317373 0.00193948
0.0317959 0.00193285
0.0318546 0.00192754
0.0319135 0.00192074
0.0319724 0.00191624
0.0320314 0.00190841
0.0320906 0.00190488
0.0321498 0.00189637
0.0322092 0.00189339
0.0322687 0.00188488
0.0323283 0.00188179
0.032388 0.00187335
0.0324478 0.00187015
0.0325077 0.00186178
0.0325677 0.00185847
0.0326279 0.00185018
0.0326881 0.00184681
0.0327485 0.00183876
0.0328089 0.00183551
0.0328695 0.001828
0.0329302 0.00182456
0.032991 0.0018172
0.033052 0.00181367
0.033113 0.00180627
0.0331741 0.00180256
0.0332354 0.0017953
0.0332968 0.00179139
0.0333583 0.00178427
0.0334199 0.00178017
0.0334816 0.0017731
0.0335434 0.00176884
0.0336053 0.00176204
0.0336674 0.00175759
0.0337296 0.001751
0.0337919 0.00174662
0.0338543 0.0017407
0.0339168 0.00173603
0.0339794 0.00173033
0.0340421 0.00172543
0.034105 0.00171994
0.034168 0.00171471
0.0342311 0.00170945
0.0342943 0.00170382
0.0343576 0.00169887
0.0344211 0.00169283
0.0344846 0.00168823
0.0345483 0.00168154
0.0346121 0.00167766
0.034676 0.00166972
0.0347401 0.00166725
0.0348042 0.00165983
0.0348685 0.00165725
0.0349329 0.00164999
0.0349974 0.0016473
0.035062 0.00164007
0.0351267 0.00163721
0.0351916 0.00163004
0.0352566 0.00162705
0.0353217 0.0016199
0.0353869 0.00161685
0.0354523 0.00160978
0.0355177 0.00160661
0.0355833 0.00159963
0.035649 0.00159638
0.0357149 0.00158962
0.0357808 0.00158643
0.0358469 0.00158017
0.0359131 0.00157693
0.0359794 0.00157089
0.0360458 0.00156747
0.0361124 0.00156151
0.0361791 0.00155789
0.0362459 0.001552
0.0363128 0.0015482
0.0363799 0.00154243
0.0364471 0.00153844
0.0365144 0.0015328
0.0365818 0.00152866
0.0366493 0.00152325
0.036717 0.00151893
0.0367848 0.00151377
0.0368527 0.00150949
0.0369208 0.00150477
0.036989 0.00150026
0.0370573 0.00149585
0.0371257 0.00149095
0.0371943 0.00148683
0.0372629 0.00148146
0.0373318 0.00147774
0.0374007 0.00147157
0.0374698 0.00146857
0.037539 0.00146171
0.0376083 0.00145934
0.0376777 0.00145254
0.0377473 0.00145016
0.037817 0.00144347
0.0378868 0.00144112
0.0379568 0.00143488
0.0380269 0.00143244
0.0380971 0.00142635
0.0381675 0.0014238
0.0382379 0.00141773
0.0383085 0.00141507
0.0383793 0.00140905
0.0384502 0.00140625
0.0385212 0.00140031
0.0385923 0.00139742
0.0386636 0.00139153
0.038735 0.0013885
0.0388065 0.00138272
0.0388781 0.00137963
0.0389499 0.00137403
0.0390219 0.00137101
0.0390939 0.00136585
0.0391661 0.00136274
0.0392384 0.00135782
0.0393109 0.00135452
0.0393835 0.0013497
0.0394562 0.00134619
0.0395291 0.0013415
0.0396021 0.00133781
0.0396752 0.00133324
0.0397485 0.00132934
0.0398219 0.00132492
0.0398954 0.00132083
0.0399691 0.00131664
0.0400429 0.00131228
0.0401168 0.00130844
0.0401909 0.00130397
0.0402651 0.00130059
0.0403395 0.00129571
0.040414 0.00129275
0.0404886 0.0012868
0.0405633 0.00128483
0.0406383 0.00127891
0.0407133 0.00127686
0.0407885 0.00127097
0.0408638 0.00126881
0.0409393 0.00126298
0.0410149 0.00126075
0.0410906 0.00125498
0.0411665 0.00125265
0.0412425 0.00124701
0.0413186 0.00124475
0.0413949 0.00123951
0.0414714 0.00123724
0.041548 0.00123219
0.0416247 0.00122979
0.0417016 0.00122484
0.0417786 0.00122227
0.0418557 0.00121737
0.041933 0.00121474
0.0420104 0.00120986
0.042088 0.00120712
0.0421657 0.00120234
0.0422436 0.00119946
0.0423216 0.00119478
0.0423998 0.00119185
0.042478 0.00118733
0.0425565 0.00118437
0.0426351 0.00118017
0.0427138 0.00117713
0.0427927 0.00117313
0.0428717 0.0011699
0.0429509 0.001166
0.0430302 0.00116259
0.0431096 0.00115887
0.0431892 0.00115517
0.043269 0.00115163
0.0433489 0.00114771
0.0434289 0.00114438
0.0435091 0.00114013
0.0435895 0.00113714
0.04367 0.00113239
0.0437506 0.00113003
0.0438314 0.00112486
0.0439124 0.00112315
0.0439934 0.00111819
0.0440747 0.0011164
0.0441561 0.0011114
0.0442376 0.00110953
0.0443193 0.0011046
0.0444011 0.00110261
0.0444831 0.00109771
0.0445653 0.00109568
0.0446476 0.00109079
0.04473 0.00108869
0.0448126 0.00108385
0.0448954 0.00108168
0.0449783 0.00107696
0.0450613 0.00107482
0.0451445 0.00107043
0.0452279 0.0010683
0.0453114 0.00106412
0.0453951 0.00106184
0.0454789 0.00105771
0.0455629 0.00105531
0.045647 0.00105127
0.0457313 0.00104874
0.0458158 0.00104475
0.0459004 0.00104213
0.0459851 0.00103822
0.0460701 0.00103547
0.0461551 0.00103167
0.0462404 0.00102878
0.0463257 0.00102519
0.0464113 0.0010223
0.046497 0.00101898
0.0465829 0.00101599
0.0466689 0.00101289
0.0467551 0.00100971
0.0468414 0.00100678
0.0469279 0.0010033
0.0470145 0.0010006
0.0471014 0.000996771
0.0471883 0.000994364
0.0472755 0.000989671
0.0473628 0.000988119
0.0474502 0.000983462
0.0475379 0.000981887
0.0476256 0.000977306
0.0477136 0.000975701
0.0478017 0.000971394
0.04789 0.000969771
0.0479784 0.000965636
0.048067 0.000963956
0.0481558 0.000959818
0.0482447 0.000958027
0.0483338 0.000953949
0.048423 0.000952107
0.0485124 0.000948027
0.048602 0.000946089
0.0486918 0.000942079
0.0487817 0.00094009
0.0488718 0.000936118
0.048962 0.00093407
0.0490524 0.000930178
0.049143 0.000928161
0.0492338 0.000924503
0.0493247 0.000922441
0.0494158 0.000919005
0.049507 0.000916822
0.0495984 0.000913435
0.04969 0.000911132
0.0497818 0.000907839
0.0498737 0.000905383
0.0499658 0.000902173
0.0500581 0.000899613
0.0501505 0.000896521
0.0502431 0.000893805
0.0503359 0.000890813
0.0504288 0.000887957
0.050522 0.000885165
0.0506153 0.000882247
0.0507087 0.000879759
0.0508024 0.000876719
0.0508962 0.000874513
0.0509902 0.000871075
0.0510843 0.000869197
0.0511786 0.000865194
0.0512732 0.000863828
0.0513678 0.000859858
0.0514627 0.000858427
0.0515577 0.000854464
0.0516529 0.000853
0.0517483 0.000849077
0.0518439 0.000847563
0.0519396 0.000843696
0.0520355 0.000842166
0.0521316 0.000838498
0.0522279 0.000836959
0.0523243 0.000833468
0.0524209 0.000831831
0.0525177 0.000828383
0.0526147 0.000826699
0.0527119 0.000823252
0.0528092 0.000821504
0.0529067 0.000818103
0.0530044 0.000816254
0.0531023 0.000812902
0.0532004 0.000811
0.0532986 0.00080773
0.053397 0.000805748
0.0534956 0.000802568
0.0535944 0.000800571
0.0536934 0.000797632
0.0537925 0.000795633
0.0538919 0.000792907
0.0539914 0.000790801
0.0540911 0.000788104
0.054191 0.000785872
0.054291 0.000783282
0.0543913 0.000780925
0.0544917 0.000778431
0.0545924 0.000775899
0.0546932 0.000773553
0.0547942 0.000770819
0.0548954 0.00076866
0.0549967 0.000765679
0.0550983 0.0007638
0.0552 0.000760385
0.055302 0.000759119
0.0554041 0.000755745
0.0555064 0.00075455
0.0556089 0.000751172
0.0557116 0.000749927
0.0558144 0.000746587
0.0559175 0.00074527
0.0560208 0.000741951
0.0561242 0.0007406
0.0562279 0.000737281
0.0563317 0.000735869
0.0564357 0.000732591
0.0565399 0.000731136
0.0566443 0.000727944
0.0567489 0.000726481
0.0568537 0.000723425
0.0569587 0.000721993
0.0570639 0.000719131
0.0571693 0.000717631
0.0572748 0.000714797
0.0573806 0.000713212
0.0574866 0.000710403
0.0575927 0.000708738
0.0576991 0.000705985
0.0578056 0.000704233
0.0579124 0.000701542
0.0580193 0.000699727
0.0581264 0.000697113
0.0582338 0.000695209
0.0583413 0.000692677
0.058449 0.000690743
0.058557 0.000688401
0.0586651 0.000686428
0.0587734 0.000684254
0.058882 0.000682166
0.0589907 0.000680068
0.0590996 0.000677827
0.0592088 0.000675863
0.0593181 0.000673418
0.0594276 0.000671608
0.0595374 0.000668895
0.0596473 0.000667339
0.0597575 0.000664147
0.0598678 0.000663059
0.0599784 0.000659914
0.0600891 0.000658816
0.0602001 0.000655768
0.0603112 0.000654699
0.0604226 0.000651851
0.0605342 0.000650732
0.060646 0.000647896
0.060758 0.000646718
0.0608702 0.000643894
0.0609826 0.000642654
0.0610952 0.00063987
0.061208 0.000638586
0.061321 0.000635818
0.0614343 0.000634476
0.0615477 0.000631737
0.0616614 0.000630365
0.0617752 0.000627703
0.0618893 0.000626311
0.0620036 0.000623782
0.0621181 0.000622404
0.0622328 0.000620055
0.0623477 0.000618602
0.0624628 0.00061628
0.0625782 0.000614742
0.0626937 0.000612469
0.0628095 0.000610889
0.0629255 0.00060864
0.0630417 0.00060695
0.0631581 0.000604771
0.0632747 0.000602996
0.0633916 0.000600912
0.0635086 0.000599024
0.0636259 0.000597049
0.0637434 0.000595106
0.0638611 0.000593326
0.063979 0.000591369
0.0640972 0.000589769
0.0642155 0.000587635
0.0643341 0.000586184
0.0644529 0.000583673
0.0645719 0.000582577
0.0646912 0.000579875
0.0648106 0.000578931
0.0649303 0.000576241
0.0650502 0.000575266
0.0651703 0.000572606
0.0652907 0.000571604
0.0654113 0.000568966
0.065532 0.000567948
0.0656531 0.000565413
0.0657743 0.000564405
0.0658957 0.00056203
0.0660174 0.000560977
0.0661393 0.000558621
0.0662615 0.000557508
0.0663838 0.000555169
0.0665064 0.000554007
0.0666292 0.000551685
0.0667523 0.000550495
0.0668755 0.000548194
0.066999 0.00054695
0.0671227 0.000544692
0.0672467 0.000543372
0.0673709 0.00054118
0.0674953 0.000539866
0.0676199 0.000537793
0.0677448 0.000536471
0.0678699 0.000534582
0.0679952 0.000533183
0.0681208 0.000531339
0.0682466 0.000529868
0.0683726 0.00052806
0.0684988 0.000526508
0.0686253 0.000524753
0.0687521 0.000523097
0.068879 0.000521449
0.0690062 0.000519675
0.0691336 0.000518111
0.0692613 0.000516201
0.0693892 0.000514788
0.0695173 0.000512726
0.0696457 0.000511567
0.0697743 0.00050928
0.0699031 0.000508483
0.0700322 0.000506206
0.0701616 0.000505366
0.0702911 0.000503107
0.0704209 0.000502234
0.070551 0.000499983
0.0706812 0.000499073
0.0708118 0.000496823
0.0709425 0.000495892
0.0710735 0.000493665
0.0712048 0.000492709
0.0713362 0.000490523
0.071468 0.000489553
0.0716 0.000487438
0.0717322 0.000486475
0.0718646 0.000484515
0.0719973 0.000483512
0.0721303 0.000481562
0.0722635 0.000480514
0.0723969 0.000478594
0.0725306 0.000477487
0.0726645 0.00047559
0.0727987 0.000474429
0.0729332 0.000472562
0.0730678 0.000471369
0.0732028 0.000469541
0.0733379 0.000468286
0.0734734 0.000466521
0.073609 0.000465237
0.073745 0.000463562
0.0738812 0.000462289
0.0740176 0.000460776
0.0741543 0.000459419
0.0742912 0.000457946
0.0744284 0.000456501
0.0745658 0.000455115
0.0747035 0.000453541
0.0748415 0.000452242
0.0749797 0.000450531
0.0751181 0.00044936
0.0752568 0.000447382
0.0753958 0.000446462
0.075535 0.000444309
0.0756745 0.000443573
0.0758143 0.000441468
0.0759543 0.000440769
0.0760945 0.00043883
0.076235 0.000438092
0.0763758 0.000436167
0.0765168 0.000435392
0.0766581 0.000433466
0.0767997 0.000432649
0.0769415 0.00043075
0.0770836 0.000429905
0.0772259 0.000428015
0.0773685 0.000427123
0.0775114 0.000425261
0.0776545 0.000424357
0.0777979 0.000422507
0.0779416 0.000421579
0.0780855 0.000419798
0.0782297 0.000418895
0.0783742 0.000417269
0.0785189 0.000416319
0.0786639 0.000414696
0.0788092 0.0004137
0.0789547 0.000412127
0.0791005 0.000411071
0.0792466 0.000409519
0.0793929 0.000408412
0.0795395 0.000406912
0.0796864 0.000405731
0.0798335 0.000404275
0.0799809 0.000403062
0.0801286 0.000401662
0.0802766 0.000400384
0.0804248 0.000399105
0.0805734 0.000397851
0.0807221 0.000396711
0.0808712 0.000395348
0.0810205 0.000394286
0.0811702 0.000392774
0.08132 0.000391853
0.0814702 0.000390021
0.0816207 0.000389389
0.0817714 0.000387566
0.0819224 0.000386908
0.0820737 0.000385106
0.0822252 0.000384428
0.0823771 0.000382644
0.0825292 0.000381946
0.0826816 0.000380206
0.0828342 0.000379528
0.0829872 0.000377919
0.0831405 0.000377227
0.083294 0.00037562
0.0834478 0.000374888
0.0836019 0.000373297
0.0837563 0.00037253
0.0839109 0.000370958
0.0840659 0.000370148
0.0842211 0.000368583
0.0843766 0.000367753
0.0845325 0.00036622
0.0846885 0.000365356
0.0848449 0.000363859
0.0850016 0.000362969
0.0851586 0.000361521
0.0853158 0.00036066
0.0854734 0.000359352
0.0856312 0.000358441
0.0857893 0.000357155
0.0859478 0.000356204
0.0861065 0.000354955
0.0862655 0.000353949
0.0864248 0.000352726
0.0865844 0.000351665
0.0867442 0.00035049
0.0869044 0.000349352
0.0870649 0.000348248
0.0872257 0.000347027
0.0873868 0.000346005
0.0875481 0.000344696
0.0877098 0.000343808
0.0878718 0.000342422
0.088034 0.000341728
0.0881966 0.000340189
0.0883594 0.000339632
0.0885226 0.000338103
0.0886861 0.000337527
0.0888498 0.000335992
0.0890139 0.000335402
0.0891783 0.00033388
0.089343 0.000333256
0.0895079 0.000331748
0.0896732 0.000331108
0.0898388 0.000329613
0.0900047 0.000328962
0.0901709 0.000327508
0.0903374 0.000326871
0.0905043 0.000325531
0.0906714 0.000324875
0.0908388 0.00032355
0.0910066 0.000322857
0.0911746 0.000321547
0.091343 0.000320824
0.0915116 0.000319531
0.0916806 0.000318773
0.0918499 0.000317497
0.0920195 0.000316704
0.0921895 0.000315458
0.0923597 0.000314629
0.0925303 0.000313421
0.0927011 0.000312557
0.0928723 0.000311409
0.0930438 0.000310566
0.0932156 0.00030951
0.0933877 0.000308624
0.0935602 0.000307612
0.093733 0.000306669
0.0939061 0.000305694
0.0940795 0.000304681
0.0942532 0.000303767
0.0944272 0.000302676
0.0946016 0.000301823
0.0947763 0.000300612
0.0949513 0.000299867
0.0951266 0.000298407
0.0953023 0.000297917
0.0954783 0.000296482
0.0956546 0.000296009
0.0958312 0.00029468
0.0960082 0.000294181
0.0961855 0.000292877
0.0963631 0.000292359
0.0965411 0.000291063
0.0967193 0.00029051
0.0968979 0.000289224
0.0970769 0.000288657
0.0972561 0.000287375
0.0974357 0.000286795
0.0976156 0.000285519
0.0977959 0.000284912
0.0979765 0.000283669
0.0981574 0.000283039
0.0983387 0.000281832
0.0985203 0.000281238
0.0987022 0.00028011
0.0988845 0.000279488
0.0990671 0.000278399
0.09925 0.00027774
0.0994333 0.000276665
0.0996169 0.000275982
0.0998008 0.000274924
0.0999851 0.0002742
0.10017 0.000273175
0.100355 0.000272407
0.10054 0.000271407
0.100726 0.000270605
0.100912 0.000269642
0.101098 0.000268812
0.101285 0.000267915
0.101472 0.000267085
0.101659 0.000266272
0.101847 0.000265394
0.102035 0.000264644
0.102223 0.000263685
0.102412 0.000262994
0.102601 0.000261913
0.102791 0.000261343
0.102981 0.000260104
0.103171 0.000259668
0.103361 0.000258443
0.103552 0.00025799
0.103743 0.000256768
0.103935 0.000256306
0.104127 0.000255118
0.104319 0.000254659
0.104512 0.000253555
0.104705 0.000253091
0.104898 0.000252007
0.105092 0.000251524
0.105286 0.000250441
0.10548 0.000249933
0.105675 0.000248864
0.10587 0.000248337
0.106066 0.00024728
0.106262 0.000246738
0.106458 0.000245693
0.106654 0.000245124
0.106851 0.000244098
0.107049 0.00024352
0.107246 0.000242531
0.107444 0.000241949
0.107643 0.000241035
0.107841 0.000240445
0.108041 0.000239562
0.10824 0.000238939
0.10844 0.000238078
0.10864 0.00023741
0.108841 0.000236577
0.109042 0.000235877
0.109243 0.000235066
0.109445 0.000234322
0.109647 0.000233554
0.10985 0.000232765
0.110052 0.000232037
0.110256 0.000231203
0.110459 0.000230546
0.110663 0.000229672
0.110868 0.000229115
0.111072 0.000228068
0.111277 0.000227703
0.111483 0.000226657
0.111689 0.000226281
0.111895 0.000225239
0.112102 0.000224838
0.112309 0.000223808
0.112516 0.000223392
0.112724 0.000222368
0.112932 0.000221941
0.11314 0.000220926
0.113349 0.000220481
0.113559 0.000219495
0.113768 0.000219068
0.113978 0.000218139
0.114189 0.0002177
0.1144 0.000216807
0.114611 0.000216352
0.114823 0.000215462
0.115035 0.000214989
0.115247 0.000214106
0.11546 0.000213612
0.115673 0.000212737
0.115887 0.000212218
0.116101 0.000211366
0.116315 0.000210825
0.11653 0.000209991
0.116745 0.00020943
0.116961 0.000208638
0.117177 0.000208071
0.117393 0.000207334
0.11761 0.00020676
0.117827 0.000206063
0.118045 0.00020545
0.118263 0.000204768
0.118481 0.000204115
0.1187 0.000203463
0.118919 0.000202765
0.119139 0.00020216
0.119359 0.0002014
0.119579 0.000200845
0.1198 0.000199999
0.120021 0.000199533
0.120243 0.000198565
0.120465 0.000198241
0.120687 0.000197338
0.12091 0.000197012
0.121133 0.000196138
0.121357 0.0001958
0.121581 0.000194931
0.121806 0.000194576
0.12203 0.000193712
0.122256 0.00019334
0.122482 0.000192485
0.122708 0.000192098
0.122934 0.000191249
0.123161 0.000190845
0.123389 0.000190009
0.123617 0.000189602
0.123845 0.000188777
0.124074 0.000188375
0.124303 0.000187603
0.124532 0.000187189
0.124762 0.000186447
0.124993 0.000186017
0.125223 0.000185288
0.125455 0.000184834
0.125686 0.000184111
0.125918 0.000183634
0.126151 0.00018293
0.126384 0.00018243
0.126617 0.000181746
0.126851 0.000181224
0.127085 0.000180553
0.12732 0.00018001
0.127555 0.00017938
0.127791 0.000178836
0.128027 0.000178257
0.128263 0.000177691
0.1285 0.000177157
0.128737 0.000176542
0.128975 0.000176044
0.129213 0.000175372
0.129452 0.000174917
0.129691 0.000174128
0.12993 0.000173796
0.13017 0.000172961
0.130411 0.00017266
0.130651 0.00017183
0.130893 0.000171521
0.131134 0.000170711
0.131376 0.000170405
0.131619 0.000169641
0.131862 0.000169333
0.132106 0.000168601
0.13235 0.000168279
0.132594 0.000167551
0.132839 0.000167213
0.133084 0.000166497
0.13333 0.000166143
0.133576 0.000165427
0.133823 0.000165066
0.13407 0.000164357
0.134317 0.000163982
0.134565 0.000163287
0.134814 0.000162901
0.135063 0.000162224
0.135312 0.000161838
0.135562 0.000161207
0.135812 0.000160822
0.136063 0.000160221
0.136315 0.000159814
0.136566 0.000159229
0.136818 0.000158798
0.137071 0.000158222
0.137324 0.000157768
0.137578 0.000157214
0.137832 0.000156737
0.138086 0.000156196
0.138341 0.000155689
0.138597 0.000155181
0.138853 0.000154643
0.139109 0.000154172
0.139366 0.000153615
0.139623 0.000153201
0.139881 0.000152606
0.14014 0.000152255
0.140398 0.000151551
0.140658 0.000151295
0.140917 0.000150597
0.141177 0.00015033
0.141438 0.000149632
0.141699 0.000149356
0.141961 0.000148662
0.142223 0.000148381
0.142486 0.000147694
0.142749 0.000147403
0.143013 0.000146729
0.143277 0.000146439
0.143541 0.000145805
0.143806 0.000145518
0.144072 0.000144914
0.144338 0.000144612
0.144604 0.000144012
0.144871 0.000143696
0.145139 0.000143104
0.145407 0.000142774
0.145675 0.00014219
0.145944 0.000141845
0.146214 0.000141271
0.146484 0.000140914
0.146754 0.000140349
0.147025 0.000139985
0.147297 0.000139434
0.147569 0.00013907
0.147841 0.000138555
0.148114 0.00013818
0.148388 0.000137695
0.148662 0.000137301
0.148937 0.000136833
0.149212 0.000136414
0.149487 0.000135958
0.149763 0.000135511
0.15004 0.00013508
0.150317 0.000134596
0.150594 0.0001342
0.150872 0.000133672
0.151151 0.000133312
0.15143 0.000132708
0.15171 0.000132438
0.15199 0.000131813
0.152271 0.000131596
0.152552 0.000131006
0.152833 0.00013078
0.153116 0.000130194
0.153398 0.000129958
0.153682 0.000129373
0.153965 0.000129124
0.15425 0.000128547
0.154535 0.000128289
0.15482 0.000127717
0.155106 0.000127452
0.155392 0.000126887
0.155679 0.000126614
0.155967 0.00012606
0.156255 0.000125787
0.156543 0.000125258
0.156832 0.000124991
0.157122 0.000124489
0.157412 0.000124207
0.157703 0.000123711
0.157994 0.000123411
0.158286 0.000122923
0.158578 0.000122615
0.158871 0.000122137
0.159164 0.000121808
0.159458 0.000121341
0.159753 0.000120997
0.160048 0.000120546
0.160343 0.000120189
0.160639 0.000119754
0.160936 0.000119394
0.161233 0.000118989
0.161531 0.000118628
0.161829 0.000118257
0.162128 0.000117866
0.162427 0.000117514
0.162727 0.00011709
0.163028 0.000116764
0.163329 0.000116298
0.16363 0.000116011
0.163933 0.000115456
0.164235 0.000115253
0.164539 0.000114702
0.164842 0.000114492
0.165147 0.00011395
0.165452 0.000113741
0.165757 0.000113221
0.166063 0.000113013
0.16637 0.000112521
0.166677 0.000112306
0.166985 0.000111817
0.167293 0.000111595
0.167602 0.000111109
0.167912 0.000110877
0.168222 0.000110394
0.168532 0.00011015
0.168844 0.000109676
0.169155 0.000109424
0.169468 0.000108951
0.169781 0.000108695
0.170094 0.000108237
0.170408 0.000107978
0.170723 0.000107545
0.171038 0.000107286
0.171354 0.000106878
0.171671 0.000106613
0.171988 0.000106209
0.172305 0.000105929
0.172623 0.000105534
0.172942 0.00010524
0.173261 0.000104856
0.173581 0.000104543
0.173902 0.000104172
0.174223 0.000103844
0.174545 0.000103489
0.174867 0.000103142
0.17519 0.000102811
0.175514 0.000102449
0.175838 0.00010215
0.176162 0.000101778
0.176488 0.000101517
0.176814 0.000101087
0.17714 0.000100876
0.177467 0.000100407
0.177795 0.000100229
0.178123 9.97606e-05
0.178452 9.95799e-05
0.178782 9.9113e-05
0.179112 9.89259e-05
0.179443 9.84644e-05
0.179774 9.82707e-05
0.180106 9.78147e-05
0.180438 9.7619e-05
0.180772 9.71845e-05
0.181105 9.69923e-05
0.18144 9.65837e-05
0.181775 9.63817e-05
0.182111 9.5977e-05
0.182447 9.57705e-05
0.182784 9.53666e-05
0.183121 9.51488e-05
0.183459 9.47491e-05
0.183798 9.45239e-05
0.184138 9.4131e-05
0.184478 9.38968e-05
0.184818 9.35076e-05
0.18516 9.32658e-05
0.185502 9.2892e-05
0.185844 9.26461e-05
0.186187 9.22899e-05
0.186531 9.20473e-05
0.186876 9.17211e-05
0.187221 9.14644e-05
0.187566 9.11422e-05
0.187913 9.08733e-05
0.18826 9.05619e-05
0.188607 9.02732e-05
0.188956 8.99773e-05
0.189305 8.96713e-05
0.189654 8.93892e-05
0.190004 8.90597e-05
0.190355 8.88003e-05
0.190707 8.84367e-05
0.191059 8.82138e-05
0.191412 8.77879e-05
0.191765 8.76416e-05
0.192119 8.72443e-05
0.192474 8.70906e-05
0.192829 8.66959e-05
0.193186 8.65363e-05
0.193542 8.61425e-05
0.1939 8.59774e-05
0.194258 8.55855e-05
0.194616 8.54112e-05
0.194976 8.5022e-05
0.195336 8.48462e-05
0.195697 8.44611e-05
0.196058 8.42785e-05
0.19642 8.3901e-05
0.196783 8.37181e-05
0.197146 8.33544e-05
0.19751 8.31735e-05
0.197875 8.28362e-05
0.19824 8.265e-05
0.198606 8.23181e-05
0.198973 8.21233e-05
0.199341 8.17957e-05
0.199709 8.15909e-05
0.200077 8.12666e-05
0.200447 8.1054e-05
0.200817 8.0737e-05
0.201188 8.05157e-05
0.201559 8.02037e-05
0.201932 7.99726e-05
0.202304 7.96743e-05
0.202678 7.94383e-05
0.203052 7.91552e-05
0.203427 7.89223e-05
0.203803 7.86649e-05
0.204179 7.84124e-05
0.204556 7.81664e-05
0.204934 7.78964e-05
0.205312 7.76647e-05
0.205692 7.73721e-05
0.206071 7.716e-05
0.206452 7.68297e-05
0.206833 7.66523e-05
0.207215 7.62831e-05
0.207598 7.61419e-05
0.207981 7.57788e-05
0.208365 7.56373e-05
0.20875 7.52802e-05
0.209135 7.51446e-05
0.209522 7.48147e-05
0.209908 7.46709e-05
0.210296 7.4343e-05
0.210684 7.41953e-05
0.211073 7.38661e-05
0.211463 7.37123e-05
0.211854 7.33877e-05
0.212245 7.32276e-05
0.212637 7.29057e-05
0.21303 7.27409e-05
0.213423 7.24218e-05
0.213817 7.22512e-05
0.214212 7.1939e-05
0.214607 7.17662e-05
0.215004 7.14656e-05
0.215401 7.12969e-05
0.215799 7.10205e-05
0.216197 7.08439e-05
0.216596 7.05719e-05
0.216996 7.03865e-05
0.217397 7.012e-05
0.217798 6.99241e-05
0.218201 6.96644e-05
0.218603 6.94599e-05
0.219007 6.92053e-05
0.219412 6.89906e-05
0.219817 6.8746e-05
0.220223 6.85213e-05
0.220629 6.82875e-05
0.221037 6.80541e-05
0.221445 6.784e-05
0.221854 6.76044e-05
0.222263 6.74157e-05
0.222674 6.71553e-05
0.223085 6.69864e-05
0.223497 6.66725e-05
0.22391 6.65547e-05
0.224323 6.62411e-05
0.224737 6.61199e-05
0.225152 6.58084e-05
0.225568 6.5681e-05
0.225985 6.53729e-05
0.226402 6.52429e-05
0.22682 6.49388e-05
0.227239 6.48058e-05
0.227659 6.45081e-05
0.228079 6.4379e-05
0.2285 6.41046e-05
0.228922 6.39724e-05
0.229345 6.36983e-05
0.229768 6.35593e-05
0.230193 6.32895e-05
0.230618 6.3143e-05
0.231044 6.28756e-05
0.23147 6.27274e-05
0.231898 6.246e-05
0.232326 6.23072e-05
0.232755 6.20442e-05
0.233185 6.18825e-05
0.233615 6.16287e-05
0.234047 6.14647e-05
0.234479 6.12193e-05
0.234912 6.10602e-05
0.235346 6.08378e-05
0.23578 6.06686e-05
0.236216 6.04502e-05
0.236652 6.02727e-05
0.237089 6.00595e-05
0.237527 5.98734e-05
0.237965 5.96688e-05
0.238405 5.94696e-05
0.238845 5.92728e-05
0.239286 5.90608e-05
0.239728 5.88774e-05
0.240171 5.8649e-05
0.240614 5.84826e-05
0.241058 5.82309e-05
0.241504 5.80963e-05
0.24195 5.78309e-05
0.242396 5.7729e-05
0.242844 5.74662e-05
0.243292 5.736e-05
0.243742 5.70959e-05
0.244192 5.69875e-05
0.244643 5.67261e-05
0.245094 5.661e-05
0.245547 5.63525e-05
0.246 5.62346e-05
0.246455 5.59778e-05
0.24691 5.58567e-05
0.247366 5.56017e-05
0.247822 5.54786e-05
0.24828 5.52299e-05
0.248739 5.51114e-05
0.249198 5.48821e-05
0.249658 5.47589e-05
0.250119 5.45336e-05
0.250581 5.44032e-05
0.251044 5.418e-05
0.251507 5.40456e-05
0.251972 5.38261e-05
0.252437 5.36835e-05
0.252903 5.34667e-05
0.25337 5.33204e-05
0.253838 5.31084e-05
0.254307 5.2956e-05
0.254776 5.27508e-05
0.255247 5.25937e-05
0.255718 5.2398e-05
0.25619 5.22432e-05
0.256663 5.20642e-05
0.257137 5.19031e-05
0.257612 5.17304e-05
0.258088 5.15563e-05
0.258565 5.13925e-05
0.259042 5.12068e-05
0.25952 5.10533e-05
0.26 5.08497e-05
0.26048 5.07102e-05
0.260961 5.04624e-05
0.261443 5.03676e-05
0.261925 5.01207e-05
0.262409 5.00261e-05
0.262894 4.97833e-05
0.263379 4.96901e-05
0.263865 4.94677e-05
0.264353 4.93711e-05
0.264841 4.91515e-05
0.26533 4.90518e-05
0.26582 4.88325e-05
0.266311 4.8729e-05
0.266803 4.85111e-05
0.267295 4.84043e-05
0.267789 4.81882e-05
0.268283 4.80782e-05
0.268779 4.78641e-05
0.269275 4.77512e-05
0.269772 4.75406e-05
0.27027 4.7426e-05
0.27077 4.72216e-05
0.27127 4.71102e-05
0.27177 4.69208e-05
0.272272 4.68049e-05
0.272775 4.66211e-05
0.273279 4.65001e-05
0.273783 4.63187e-05
0.274289 4.61931e-05
0.274796 4.60158e-05
0.275303 4.5881e-05
0.275811 4.57082e-05
0.276321 4.55701e-05
0.276831 4.54023e-05
0.277342 4.52561e-05
0.277854 4.50947e-05
0.278367 4.49414e-05
0.278881 4.47911e-05
0.279396 4.46406e-05
0.279912 4.45052e-05
0.280429 4.43426e-05
0.280947 4.42185e-05
0.281466 4.4039e-05
0.281986 4.393e-05
0.282506 4.37221e-05
0.283028 4.3639e-05
0.283551 4.34317e-05
0.284074 4.33471e-05
0.284599 4.31395e-05
0.285124 4.30532e-05
0.285651 4.28487e-05
0.286178 4.276e-05
0.286707 4.25598e-05
0.287236 4.24721e-05
0.287767 4.22856e-05
0.288298 4.2196e-05
0.28883 4.20132e-05
0.289364 4.19195e-05
0.289898 4.1738e-05
0.290433 4.1642e-05
0.29097 4.14606e-05
0.291507 4.13611e-05
0.292045 4.11824e-05
0.292585 4.10785e-05
0.293125 4.09025e-05
0.293666 4.07964e-05
0.294208 4.06242e-05
0.294752 4.05145e-05
0.295296 4.03473e-05
0.295841 4.02395e-05
0.296388 4.00857e-05
0.296935 3.99753e-05
0.297483 3.98262e-05
0.298033 3.97105e-05
0.298583 3.95628e-05
0.299134 3.94411e-05
0.299687 3.93e-05
0.30024 3.91714e-05
0.300795 3.90342e-05
0.30135 3.88982e-05
0.301906 3.87688e-05
0.302464 3.8624e-05
0.303022 3.8503e-05
0.303582 3.83476e-05
0.304143 3.82418e-05
0.304704 3.80714e-05
0.305267 3.7993e-05
0.305831 3.78164e-05
0.306395 3.77449e-05
0.306961 3.7569e-05
0.307528 3.7495e-05
0.308096 3.73194e-05
0.308665 3.72429e-05
0.309235 3.70693e-05
0.309806 3.699e-05
0.310378 3.68174e-05
0.310951 3.6736e-05
0.311525 3.65654e-05
0.312101 3.64823e-05
0.312677 3.63169e-05
0.313254 3.62354e-05
0.313833 3.60792e-05
0.314412 3.59971e-05
0.314993 3.58457e-05
0.315574 3.57602e-05
0.316157 3.56104e-05
0.316741 3.55212e-05
0.317326 3.53727e-05
0.317912 3.52792e-05
0.318499 3.51335e-05
0.319087 3.50375e-05
0.319676 3.48948e-05
0.320267 3.47941e-05
0.320858 3.46546e-05
0.321451 3.45508e-05
0.322044 3.44171e-05
0.322639 3.43149e-05
0.323235 3.41905e-05
0.323832 3.40856e-05
0.32443 3.39666e-05
0.325029 3.38547e-05
0.325629 3.37423e-05
0.32623 3.36226e-05
0.326833 3.35149e-05
0.327436 3.33865e-05
0.328041 3.32866e-05
0.328646 3.31458e-05
0.329253 3.30588e-05
0.329861 3.28948e-05
0.33047 3.28302e-05
0.331081 3.26691e-05
0.331692 3.26053e-05
0.332305 3.24539e-05
0.332918 3.23889e-05
0.333533 3.22418e-05
0.334149 3.21753e-05
0.334766 3.20291e-05
0.335384 3.19599e-05
0.336003 3.18142e-05
0.336624 3.17424e-05
0.337246 3.15987e-05
0.337868 3.15254e-05
0.338492 3.13822e-05
0.339117 3.13059e-05
0.339743 3.11646e-05
0.340371 3.10868e-05
0.340999 3.09495e-05
0.341629 3.08734e-05
0.34226 3.07444e-05
0.342892 3.06659e-05
0.343525 3.05427e-05
0.344159 3.0461e-05
0.344795 3.03385e-05
0.345432 3.0255e-05
0.34607 3.01335e-05
0.346709 3.00467e-05
0.347349 2.9928e-05
0.34799 2.9837e-05
0.348633 2.97204e-05
0.349277 2.96251e-05
0.349922 2.95141e-05
0.350568 2.94152e-05
0.351215 2.93092e-05
0.351864 2.921e-05
0.352513 2.91134e-05
0.353164 2.90101e-05
0.353817 2.89212e-05
0.35447 2.88082e-05
0.355125 2.87267e-05
0.35578 2.85973e-05
0.356437 2.85316e-05
0.357095 2.83927e-05
0.357755 2.83353e-05
0.358416 2.81967e-05
0.359077 2.81383e-05
0.35974 2.80012e-05
0.360405 2.79418e-05
0.36107 2.78067e-05
0.361737 2.77479e-05
0.362405 2.76205e-05
0.363074 2.75607e-05
0.363745 2.74387e-05
0.364416 2.7377e-05
0.365089 2.7256e-05
0.365763 2.71915e-05
0.366439 2.70714e-05
0.367116 2.70055e-05
0.367793 2.68852e-05
0.368473 2.68177e-05
0.369153 2.66994e-05
0.369835 2.66294e-05
0.370518 2.65133e-05
0.371202 2.64412e-05
0.371887 2.63279e-05
0.372574 2.62569e-05
0.373262 2.61513e-05
0.373951 2.6078e-05
0.374642 2.59772e-05
0.375334 2.59005e-05
0.376027 2.58022e-05
0.376721 2.57221e-05
0.377417 2.56251e-05
0.378114 2.55417e-05
0.378812 2.54479e-05
0.379511 2.53598e-05
0.380212 2.52697e-05
0.380914 2.51763e-05
0.381618 2.50912e-05
0.382322 2.49918e-05
0.383028 2.49148e-05
0.383736 2.48114e-05
0.384444 2.4745e-05
0.385154 2.46277e-05
0.385866 2.45792e-05
0.386578 2.44616e-05
0.387292 2.44113e-05
0.388007 2.42943e-05
0.388724 2.42421e-05
0.389441 2.41263e-05
0.390161 2.40722e-05
0.390881 2.39574e-05
0.391603 2.3902e-05
0.392326 2.37879e-05
0.39305 2.37325e-05
0.393776 2.36203e-05
0.394503 2.35653e-05
0.395232 2.34593e-05
0.395962 2.34038e-05
0.396693 2.33026e-05
0.397425 2.32446e-05
0.398159 2.31438e-05
0.398895 2.30843e-05
0.399631 2.29852e-05
0.400369 2.29232e-05
0.401108 2.28257e-05
0.401849 2.27614e-05
0.402591 2.26645e-05
0.403335 2.25984e-05
0.404079 2.25036e-05
0.404826 2.24355e-05
0.405573 2.2344e-05
0.406322 2.2276e-05
0.407072 2.21903e-05
0.407824 2.21217e-05
0.408577 2.20402e-05
0.409332 2.19679e-05
0.410088 2.18894e-05
0.410845 2.18126e-05
0.411604 2.17381e-05
0.412364 2.16557e-05
0.413125 2.15853e-05
0.413888 2.14969e-05
0.414652 2.14323e-05
0.415418 2.13329e-05
0.416185 2.12791e-05
0.416954 2.11713e-05
0.417723 2.11272e-05
0.418495 2.10243e-05
0.419268 2.0981e-05
0.420042 2.08825e-05
0.420818 2.08379e-05
0.421595 2.07406e-05
0.422373 2.06936e-05
0.423153 2.05967e-05
0.423934 2.05485e-05
0.424717 2.04519e-05
0.425502 2.04024e-05
0.426287 2.03069e-05
0.427075 2.02561e-05
0.427863 2.01619e-05
0.428653 2.01101e-05
0.429445 2.00172e-05
0.430238 1.99653e-05
0.431032 1.9877e-05
0.431828 1.98254e-05
0.432626 1.97418e-05
0.433425 1.96884e-05
0.434225 1.96049e-05
0.435027 1.95498e-05
0.43583 1.94681e-05
0.436635 1.94101e-05
0.437441 1.93301e-05
0.438249 1.92695e-05
0.439058 1.91914e-05
0.439869 1.91289e-05
0.440681 1.90522e-05
0.441495 1.89879e-05
0.44231 1.89149e-05
0.443127 1.88488e-05
0.443945 1.87819e-05
0.444765 1.87153e-05
0.445586 1.8653e-05
0.446409 1.85816e-05
0.447234 1.85236e-05
0.448059 1.84452e-05
0.448887 1.83929e-05
0.449716 1.83005e-05
0.450546 1.82616e-05
0.451378 1.81697e-05
0.452212 1.81299e-05
0.453047 1.80386e-05
0.453883 1.7998e-05
0.454722 1.79082e-05
0.455561 1.78677e-05
0.456402 1.77817e-05
0.457245 1.77408e-05
0.45809 1.76598e-05
0.458935 1.76181e-05
0.459783 1.7537e-05
0.460632 1.74939e-05
0.461483 1.74136e-05
0.462335 1.73691e-05
0.463189 1.72893e-05
0.464044 1.7243e-05
0.464901 1.71638e-05
0.465759 1.71167e-05
0.466619 1.70389e-05
0.467481 1.69906e-05
0.468344 1.6915e-05
0.469209 1.68664e-05
0.470076 1.67939e-05
0.470944 1.67458e-05
0.471813 1.66778e-05
0.472684 1.66277e-05
0.473557 1.65606e-05
0.474432 1.65084e-05
0.475308 1.64425e-05
0.476186 1.63882e-05
0.477065 1.6324e-05
0.477946 1.62675e-05
0.478828 1.62059e-05
0.479713 1.61455e-05
0.480598 1.60869e-05
0.481486 1.60233e-05
0.482375 1.59689e-05
0.483266 1.59028e-05
0.484158 1.58539e-05
0.485052 1.57841e-05
0.485948 1.57429e-05
0.486845 1.56652e-05
0.487744 1.56305e-05
0.488645 1.55536e-05
0.489547 1.55181e-05
0.490451 1.54406e-05
0.491357 1.54045e-05
0.492264 1.53279e-05
0.493173 1.52903e-05
0.494084 1.52144e-05
0.494996 1.51767e-05
0.495911 1.51014e-05
0.496826 1.50635e-05
0.497744 1.49914e-05
0.498663 1.49539e-05
0.499584 1.48864e-05
0.500506 1.48478e-05
0.50143 1.47804e-05
0.502356 1.47405e-05
0.503284 1.4674e-05
0.504213 1.46328e-05
0.505144 1.45672e-05
0.506077 1.45247e-05
0.507012 1.44601e-05
0.507948 1.44162e-05
0.508886 1.43526e-05
0.509826 1.43074e-05
0.510767 1.4246e-05
0.51171 1.42e-05
0.512655 1.41419e-05
0.513602 1.40967e-05
0.51455 1.40417e-05
0.515501 1.39942e-05
0.516453 1.39409e-05
0.517406 1.38911e-05
0.518362 1.38393e-05
0.519319 1.3787e-05
0.520278 1.37376e-05
0.521239 1.36815e-05
0.522201 1.36354e-05
0.523165 1.35748e-05
0.524131 1.35326e-05
0.525099 1.34609e-05
0.526069 1.34311e-05
0.52704 1.33615e-05
0.528014 1.33322e-05
0.528989 1.3267e-05
0.529966 1.32363e-05
0.530944 1.31717e-05
0.531925 1.31403e-05
0.532907 1.30761e-05
0.533891 1.30439e-05
0.534877 1.29797e-05
0.535865 1.29463e-05
0.536854 1.28832e-05
0.537845 1.28494e-05
0.538839 1.27863e-05
0.539834 1.27516e-05
0.54083 1.269e-05
0.541829 1.26551e-05
0.54283 1.25954e-05
0.543832 1.25613e-05
0.544836 1.25052e-05
0.545842 1.24701e-05
0.54685 1.24147e-05
0.54786 1.23776e-05
0.548872 1.23234e-05
0.549885 1.22853e-05
0.550901 1.22315e-05
0.551918 1.2192e-05
0.552937 1.21395e-05
0.553958 1.2098e-05
0.554981 1.20468e-05
0.556006 1.20046e-05
0.557033 1.19548e-05
0.558061 1.1912e-05
0.559092 1.18654e-05
0.560124 1.18221e-05
0.561159 1.17791e-05
0.562195 1.17334e-05
0.563233 1.16926e-05
0.564273 1.16436e-05
0.565315 1.16054e-05
0.566359 1.15513e-05
0.567405 1.1518e-05
0.568453 1.14571e-05
0.569502 1.14299e-05
0.570554 1.13698e-05
0.571608 1.13421e-05
0.572663 1.1282e-05
0.573721 1.12547e-05
0.57478 1.11966e-05
0.575842 1.11689e-05
0.576905 1.11154e-05
0.57797 1.10872e-05
0.579037 1.10336e-05
0.580107 1.10048e-05
0.581178 1.09516e-05
0.582251 1.09217e-05
0.583326 1.08688e-05
0.584404 1.08387e-05
0.585483 1.07859e-05
0.586564 1.07551e-05
0.587647 1.07033e-05
0.588732 1.06712e-05
0.589819 1.06205e-05
0.590908 1.05884e-05
0.592 1.05397e-05
0.593093 1.05076e-05
0.594188 1.04619e-05
0.595285 1.0429e-05
0.596385 1.03843e-05
0.597486 1.03498e-05
0.598589 1.03058e-05
0.599694 1.02702e-05
0.600802 1.02268e-05
0.601911 1.01899e-05
0.603023 1.01478e-05
0.604136 1.01094e-05
0.605252 1.00687e-05
0.60637 1.00281e-05
0.607489 9.98986e-06
0.608611 9.94767e-06
0.609735 9.91273e-06
0.610861 9.86989e-06
0.611989 9.83859e-06
0.613119 9.78846e-06
0.614251 9.76454e-06
0.615386 9.71337e-06
0.616522 9.68977e-06
0.61766 9.63871e-06
0.618801 9.61441e-06
0.619944 9.56399e-06
0.621088 9.53899e-06
0.622235 9.48897e-06
0.623384 9.46358e-06
0.624535 9.41385e-06
0.625689 9.38826e-06
0.626844 9.33996e-06
0.628002 9.31513e-06
0.629161 9.27068e-06
0.630323 9.24473e-06
0.631487 9.20032e-06
0.632653 9.17394e-06
0.633821 9.12977e-06
0.634992 9.10268e-06
0.636164 9.05906e-06
0.637339 9.03109e-06
0.638516 8.98795e-06
0.639695 8.959e-06
0.640876 8.91674e-06
0.64206 8.88723e-06
0.643246 8.84594e-06
0.644433 8.81589e-06
0.645623 8.77631e-06
0.646816 8.74655e-06
0.64801 8.70965e-06
0.649207 8.67902e-06
0.650405 8.64308e-06
0.651606 8.61094e-06
0.65281 8.57593e-06
0.654015 8.54229e-06
0.655223 8.50835e-06
0.656433 8.47311e-06
0.657645 8.44096e-06
0.658859 8.40305e-06
0.660076 8.37313e-06
0.661295 8.33225e-06
0.662516 8.30594e-06
0.66374 8.25985e-06
0.664965 8.23978e-06
0.666193 8.19732e-06
0.667423 8.17679e-06
0.668656 8.13388e-06
0.669891 8.11302e-06
0.671128 8.07062e-06
0.672367 8.04896e-06
0.673608 8.00683e-06
0.674852 7.98457e-06
0.676099 7.94277e-06
0.677347 7.92009e-06
0.678598 7.87863e-06
0.679851 7.85564e-06
0.681106 7.81445e-06
0.682364 7.79105e-06
0.683624 7.75086e-06
0.684887 7.72808e-06
0.686151 7.69117e-06
0.687418 7.66754e-06
0.688688 7.63132e-06
0.689959 7.60697e-06
0.691233 7.57107e-06
0.69251 7.54586e-06
0.693789 7.51026e-06
0.69507 7.48433e-06
0.696353 7.4496e-06
0.697639 7.42289e-06
0.698928 7.38885e-06
0.700218 7.36143e-06
0.701511 7.3281e-06
0.702807 7.30026e-06
0.704104 7.26873e-06
0.705405 7.2411e-06
0.706707 7.21198e-06
0.708012 7.18304e-06
0.70932 7.15529e-06
0.710629 7.12459e-06
0.711942 7.09814e-06
0.713256 7.06523e-06
0.714574 7.04073e-06
0.715893 7.00334e-06
0.717215 6.98334e-06
0.718539 6.94398e-06
0.719866 6.9256e-06
0.721196 6.88658e-06
0.722527 6.86821e-06
0.723862 6.82963e-06
0.725198 6.81155e-06
0.726537 6.77615e-06
0.727879 6.75753e-06
0.729223 6.72225e-06
0.73057 6.70316e-06
0.731919 6.66816e-06
0.73327 6.64856e-06
0.734624 6.61408e-06
0.735981 6.59383e-06
0.73734 6.55933e-06
0.738702 6.5388e-06
0.740066 6.50468e-06
0.741432 6.48372e-06
0.742801 6.45027e-06
0.744173 6.42896e-06
0.745547 6.39638e-06
0.746924 6.37548e-06
0.748303 6.34526e-06
0.749685 6.3239e-06
0.75107 6.29438e-06
0.752456 6.27203e-06
0.753846 6.24295e-06
0.755238 6.21979e-06
0.756633 6.19122e-06
0.75803 6.16738e-06
0.75943 6.13935e-06
0.760832 6.11476e-06
0.762237 6.08745e-06
0.763644 6.06166e-06
0.765055 6.0359e-06
0.766467 6.00908e-06
0.767883 5.98486e-06
0.769301 5.95781e-06
0.770721 5.936e-06
0.772145 5.90728e-06
0.77357 5.88757e-06
0.774999 5.85441e-06
0.77643 5.83867e-06
0.777864 5.80579e-06
0.7793 5.78962e-06
0.780739 5.75691e-06
0.782181 5.74039e-06
0.783625 5.708e-06
0.785072 5.69106e-06
0.786522 5.65891e-06
0.787974 5.64206e-06
0.78943 5.61045e-06
0.790887 5.59383e-06
0.792348 5.56451e-06
0.793811 5.54776e-06
0.795277 5.51883e-06
0.796745 5.50139e-06
0.798217 5.47268e-06
0.799691 5.45483e-06
0.801167 5.42629e-06
0.802647 5.40804e-06
0.804129 5.38004e-06
0.805614 5.36121e-06
0.807101 5.33366e-06
0.808592 5.31426e-06
0.810085 5.28717e-06
0.811581 5.26792e-06
0.81308 5.24148e-06
0.814581 5.22253e-06
0.816085 5.19804e-06
0.817592 5.17855e-06
0.819102 5.1546e-06
0.820615 5.1343e-06
0.82213 5.11118e-06
0.823648 5.09003e-06
0.825169 5.06734e-06
0.826693 5.04519e-06
0.828219 5.02351e-06
0.829749 5.00007e-06
0.831281 4.97966e-06
0.832816 4.95458e-06
0.834354 4.93577e-06
0.835895 4.90802e-06
0.837438 4.89273e-06
0.838985 4.86487e-06
0.840534 4.85137e-06
0.842086 4.82396e-06
0.843641 4.81027e-06
0.845199 4.78297e-06
0.84676 4.76898e-06
0.848323 4.74195e-06
0.84989 4.72748e-06
0.851459 4.70046e-06
0.853031 4.68576e-06
0.854607 4.65911e-06
0.856185 4.64428e-06
0.857766 4.61794e-06
0.85935 4.60263e-06
0.860937 4.57695e-06
0.862526 4.56214e-06
0.864119 4.53765e-06
0.865715 4.52261e-06
0.867313 4.49891e-06
0.868915 4.48336e-06
0.87052 4.46e-06
0.872127 4.44392e-06
0.873738 4.4207e-06
0.875351 4.4043e-06
0.876967 4.38164e-06
0.878587 4.36461e-06
0.880209 4.34228e-06
0.881835 4.32482e-06
0.883463 4.30319e-06
0.885094 4.28513e-06
0.886729 4.2643e-06
0.888366 4.2467e-06
0.890007 4.2274e-06
0.89165 4.20921e-06
0.893297 4.19074e-06
0.894946 4.1716e-06
0.896599 4.15395e-06
0.898255 4.13357e-06
0.899913 4.11688e-06
0.901575 4.09508e-06
0.90324 4.07989e-06
0.904908 4.05472e-06
0.906579 4.04275e-06
0.908253 4.01782e-06
0.90993 4.00571e-06
0.911611 3.98114e-06
0.913294 3.9693e-06
0.91498 3.94617e-06
0.91667 3.93399e-06
0.918363 3.91154e-06
0.920059 3.8991e-06
0.921758 3.87666e-06
0.92346 3.86414e-06
0.925165 3.84184e-06
0.926873 3.82903e-06
0.928585 3.80695e-06
0.9303 3.79378e-06
0.932018 3.77203e-06
0.933739 3.75851e-06
0.935463 3.73694e-06
0.93719 3.72342e-06
0.938921 3.70251e-06
0.940655 3.68912e-06
0.942392 3.66963e-06
0.944132 3.65601e-06
0.945875 3.63705e-06
0.947622 3.62309e-06
0.949372 3.60438e-06
0.951125 3.58994e-06
0.952881 3.57152e-06
0.954641 3.55669e-06
0.956404 3.53872e-06
0.95817 3.52335e-06
0.959939 3.50577e-06
0.961712 3.48997e-06
0.963488 3.47293e-06
0.965267 3.45647e-06
0.967049 3.44056e-06
0.968835 3.42392e-06
0.970624 3.40929e-06
0.972417 3.39193e-06
0.974212 3.37851e-06
0.976011 3.35936e-06
0.977814 3.34758e-06
0.979619 3.32677e-06
0.981428 3.31637e-06
0.983241 3.29564e-06
0.985056 3.28521e-06
0.986875 3.26451e-06
0.988698 3.25393e-06
0.990523 3.2336e-06
0.992352 3.22277e-06
0.994185 3.20275e-06
0.996021 3.19208e-06
0.99786 3.17308e-06
0.999703 3.16247e-06
1.00155 3.14403e-06
1.0034 3.13304e-06
1.00525 3.11485e-06
1.00711 3.10368e-06
1.00897 3.08551e-06
1.01083 3.07397e-06
1.0127 3.05607e-06
1.01457 3.04433e-06
1.01644 3.02667e-06
1.01832 3.01472e-06
1.0202 2.99736e-06
1.02208 2.98518e-06
1.02397 2.96839e-06
1.02586 2.95625e-06
1.02775 2.94051e-06
1.02965 2.92822e-06
1.03155 2.91316e-06
1.03346 2.90053e-06
1.03537 2.88561e-06
1.03728 2.87261e-06
1.03919 2.85813e-06
1.04111 2.84452e-06
1.04304 2.83053e-06
1.04496 2.81623e-06
1.04689 2.80289e-06
1.04882 2.78783e-06
1.05076 2.77539e-06
1.0527 2.75936e-06
1.05465 2.74815e-06
1.05659 2.73038e-06
1.05854 2.72194e-06
1.0605 2.70483e-06
1.06246 2.69619e-06
1.06442 2.67911e-06
1.06638 2.67026e-06
1.06835 2.65334e-06
1.07033 2.64433e-06
1.0723 2.62753e-06
1.07428 2.61821e-06
1.07627 2.60163e-06
1.07825 2.59229e-06
1.08025 2.57582e-06
1.08224 2.56649e-06
1.08424 2.55027e-06
1.08624 2.54091e-06
1.08825 2.52566e-06
1.09026 2.51619e-06
1.09227 2.50146e-06
1.09429 2.49187e-06
1.09631 2.47725e-06
1.09833 2.46743e-06
1.10036 2.45301e-06
1.10239 2.44284e-06
1.10443 2.42858e-06
1.10647 2.41827e-06
1.10851 2.40425e-06
1.11056 2.3936e-06
1.11261 2.37992e-06
1.11466 2.36902e-06
1.11672 2.35584e-06
1.11878 2.34499e-06
1.12085 2.33264e-06
1.12292 2.32181e-06
1.12499 2.31018e-06
1.12707 2.29864e-06
1.12915 2.28747e-06
1.13124 2.27537e-06
1.13333 2.26471e-06
1.13542 2.25199e-06
1.13751 2.24188e-06
1.13962 2.22803e-06
1.14172 2.21909e-06
1.14383 2.20383e-06
1.14594 2.19632e-06
1.14806 2.18132e-06
1.15018 2.17393e-06
1.1523 2.15941e-06
1.15443 2.15207e-06
1.15656 2.13829e-06
1.1587 2.13065e-06
1.16083 2.11691e-06
1.16298 2.10919e-06
1.16513 2.09547e-06
1.16728 2.08758e-06
1.16943 2.074e-06
1.17159 2.06595e-06
1.17376 2.05249e-06
1.17592 2.04434e-06
1.1781 2.03101e-06
1.18027 2.02275e-06
1.18245 2.00973e-06
1.18463 2.00155e-06
1.18682 1.98921e-06
1.18901 1.98102e-06
1.19121 1.96931e-06
1.19341 1.96083e-06
1.19561 1.94922e-06
1.19782 1.9405e-06
1.20003 1.92912e-06
1.20225 1.92013e-06
1.20447 1.90895e-06
1.20669 1.89969e-06
1.20892 1.88876e-06
1.21115 1.87925e-06
1.21339 1.86866e-06
1.21563 1.85879e-06
1.21787 1.84869e-06
1.22012 1.83874e-06
1.22238 1.82944e-06
1.22463 1.81924e-06
1.2269 1.81067e-06
1.22916 1.79978e-06
1.23143 1.79177e-06
1.2337 1.77909e-06
1.23598 1.77289e-06
1.23826 1.76027e-06
1.24055 1.75397e-06
1.24284 1.74143e-06
1.24514 1.73497e-06
1.24744 1.72263e-06
1.24974 1.71614e-06
1.25205 1.70401e-06
1.25436 1.69762e-06
1.25668 1.68598e-06
1.259 1.6796e-06
1.26132 1.66862e-06
1.26365 1.66219e-06
1.26598 1.65121e-06
1.26832 1.64453e-06
1.27066 1.63373e-06
1.27301 1.62693e-06
1.27536 1.61616e-06
1.27772 1.6093e-06
1.28008 1.59864e-06
1.28244 1.59166e-06
1.28481 1.58116e-06
1.28718 1.57393e-06
1.28956 1.56382e-06
1.29194 1.55667e-06
1.29432 1.547e-06
1.29671 1.53987e-06
1.29911 1.53078e-06
1.30151 1.52335e-06
1.30391 1.51443e-06
1.30632 1.50679e-06
1.30873 1.49809e-06
1.31115 1.49014e-06
1.31357 1.48163e-06
1.31599 1.47335e-06
1.31842 1.46513e-06
1.32086 1.4565e-06
1.3233 1.44872e-06
1.32574 1.43968e-06
1.32819 1.4325e-06
1.33064 1.42297e-06
1.3331 1.41674e-06
1.33556 1.40652e-06
1.33803 1.40138e-06
1.3405 1.39126e-06
1.34297 1.38601e-06
1.34545 1.37586e-06
1.34794 1.37059e-06
1.35043 1.36053e-06
1.35292 1.35506e-06
1.35542 1.34514e-06
1.35792 1.33963e-06
1.36043 1.32979e-06
1.36294 1.32423e-06
1.36546 1.31456e-06
1.36798 1.309e-06
1.37051 1.29979e-06
1.37304 1.29439e-06
1.37557 1.28564e-06
1.37811 1.28013e-06
1.38066 1.2715e-06
1.38321 1.26578e-06
1.38576 1.25728e-06
1.38832 1.25146e-06
1.39088 1.24311e-06
1.39345 1.23706e-06
1.39603 1.22884e-06
1.3986 1.22267e-06
1.40119 1.21464e-06
1.40377 1.20836e-06
1.40637 1.20057e-06
1.40896 1.19427e-06
1.41157 1.18682e-06
1.41417 1.18058e-06
1.41678 1.17361e-06
1.4194 1.16713e-06
1.42202 1.16033e-06
1.42465 1.15352e-06
1.42728 1.14701e-06
1.42991 1.13978e-06
1.43255 1.13363e-06
1.4352 1.12595e-06
1.43785 1.12023e-06
1.4405 1.11151e-06
1.44316 1.10696e-06
1.44583 1.09809e-06
1.4485 1.0938e-06
1.45117 1.08523e-06
1.45385 1.08101e-06
1.45654 1.07305e-06
1.45923 1.06874e-06
1.46192 1.06082e-06
1.46462 1.05644e-06
1.46733 1.0485e-06
1.47004 1.04403e-06
1.47275 1.03617e-06
1.47547 1.03162e-06
1.47819 1.02388e-06
1.48092 1.01919e-06
1.48366 1.01152e-06
1.4864 1.00681e-06
1.48914 9.99263e-07
1.49189 9.94581e-07
1.49465 9.87378e-07
1.49741 9.82757e-07
1.50017 9.75967e-07
1.50294 9.71205e-07
1.50572 9.64524e-07
1.5085 9.59645e-07
1.51129 9.5307e-07
1.51408 9.48058e-07
1.51687 9.41616e-07
1.51967 9.36421e-07
1.52248 9.30079e-07
1.52529 9.24754e-07
1.52811 9.18639e-07
1.53093 9.13137e-07
1.53376 9.07271e-07
1.53659 9.01712e-07
1.53943 8.96197e-07
1.54227 8.90695e-07
1.54512 8.85641e-07
1.54797 8.79783e-07
1.55083 8.74987e-07
1.55369 8.68653e-07
1.55656 8.64348e-07
1.55944 8.57201e-07
1.56231 8.53669e-07
1.5652 8.46603e-07
1.56809 8.43025e-07
1.57099 8.35945e-07
1.57389 8.32381e-07
1.57679 8.25439e-07
1.5797 8.21875e-07
1.58262 8.15159e-07
1.58554 8.11679e-07
1.58847 8.05452e-07
1.59141 8.01863e-07
1.59434 7.95693e-07
1.59729 7.9206e-07
1.60024 7.85925e-07
1.60319 7.82166e-07
1.60615 7.76075e-07
1.60912 7.72243e-07
1.61209 7.6625e-07
1.61507 7.62326e-07
1.61805 7.56448e-07
1.62104 7.52466e-07
1.62403 7.4673e-07
1.62703 7.42733e-07
1.63003 7.37222e-07
1.63304 7.33316e-07
1.63606 7.28193e-07
1.63908 7.24228e-07
1.64211 7.19142e-07
1.64514 7.15014e-07
1.64818 7.10045e-07
1.65122 7.05782e-07
1.65427 7.00994e-07
1.65733 6.96535e-07
1.66039 6.91874e-07
1.66345 6.8725e-07
1.66652 6.82834e-07
1.6696 6.78001e-07
1.67268 6.73855e-07
1.67577 6.68813e-07
1.67887 6.65123e-07
1.68197 6.59847e-07
1.68507 6.56831e-07
1.68819 6.51265e-07
1.6913 6.48485e-07
1.69443 6.42932e-07
1.69756 6.40123e-07
1.70069 6.34601e-07
1.70383 6.31739e-07
1.70698 6.26249e-07
1.71013 6.23318e-07
1.71329 6.17896e-07
1.71645 6.14936e-07
1.71962 6.09599e-07
1.7228 6.06665e-07
1.72598 6.01516e-07
1.72916 5.98616e-07
1.73236 5.93871e-07
1.73556 5.90908e-07
1.73876 5.86181e-07
1.74197 5.83163e-07
1.74519 5.78494e-07
1.74841 5.75387e-07
1.75164 5.7078e-07
1.75487 5.67581e-07
1.75812 5.63034e-07
1.76136 5.59787e-07
1.76461 5.55359e-07
1.76787 5.5202e-07
1.77114 5.47711e-07
1.77441 5.44347e-07
1.77768 5.40256e-07
1.78097 5.36997e-07
1.78426 5.33217e-07
1.78755 5.29856e-07
1.79085 5.26157e-07
1.79416 5.22642e-07
1.79747 5.19116e-07
1.80079 5.15429e-07
1.80412 5.12035e-07
1.80745 5.08131e-07
1.81079 5.04949e-07
1.81413 5.0077e-07
1.81748 4.97911e-07
1.82084 4.93145e-07
1.8242 4.90916e-07
1.82757 4.86288e-07
1.83094 4.8411e-07
1.83432 4.79857e-07
1.83771 4.77642e-07
1.8411 4.73416e-07
1.8445 4.71139e-07
1.84791 4.6692e-07
1.85132 4.64623e-07
1.85474 4.60432e-07
1.85816 4.58073e-07
1.8616 4.53953e-07
1.86503 4.51581e-07
1.86848 4.47479e-07
1.87193 4.45048e-07
1.87538 4.41036e-07
1.87885 4.38601e-07
1.88232 4.34704e-07
1.88579 4.32369e-07
1.88928 4.28833e-07
1.89276 4.2642e-07
1.89626 4.2292e-07
1.89976 4.20436e-07
1.90327 4.16968e-07
1.90678 4.1445e-07
1.9103 4.11031e-07
1.91383 4.08424e-07
1.91737 4.05075e-07
1.92091 4.02403e-07
1.92445 3.99137e-07
1.92801 3.96373e-07
1.93157 3.93268e-07
1.93514 3.90454e-07
1.93871 3.87511e-07
1.94229 3.84783e-07
1.94588 3.82119e-07
1.94947 3.79239e-07
1.95307 3.7671e-07
1.95667 3.73642e-07
1.96029 3.71289e-07
1.96391 3.6786e-07
1.96753 3.6586e-07
1.97117 3.62194e-07
1.97481 3.60417e-07
1.97845 3.56777e-07
1.98211 3.55001e-07
1.98577 3.51409e-07
1.98943 3.4964e-07
1.99311 3.46135e-07
1.99679 3.44438e-07
2.00048 3.41245e-07
2.00417 3.39503e-07
2.00787 3.36367e-07
2.01158 3.34599e-07
2.01529 3.31478e-07
2.01902 3.29642e-07
2.02274 3.26564e-07
2.02648 3.24719e-07
2.03022 3.21643e-07
2.03397 3.19755e-07
2.03773 3.16745e-07
2.04149 3.1482e-07
2.04526 3.11882e-07
2.04904 3.09944e-07
2.05282 3.07084e-07
2.05661 3.0522e-07
2.06041 3.02632e-07
2.06421 3.00701e-07
2.06802 2.98148e-07
2.07184 2.96157e-07
2.07567 2.9367e-07
2.0795 2.91585e-07
2.08334 2.89159e-07
2.08719 2.87013e-07
2.09104 2.84662e-07
2.0949 2.82435e-07
2.09877 2.80179e-07
2.10265 2.77872e-07
2.10653 2.75736e-07
2.11042 2.73326e-07
2.11432 2.71395e-07
2.11822 2.68998e-07
2.12213 2.67343e-07
2.12605 2.64594e-07
2.12998 2.63288e-07
2.13391 2.60556e-07
2.13785 2.5922e-07
2.1418 2.56509e-07
2.14576 2.55154e-07
2.14972 2.52461e-07
2.15369 2.51075e-07
2.15766 2.48419e-07
2.16165 2.47017e-07
2.16564 2.44396e-07
2.16964 2.43013e-07
2.17365 2.40448e-07
2.17766 2.39115e-07
2.18168 2.36785e-07
2.18571 2.3542e-07
2.18975 2.33144e-07
2.19379 2.31733e-07
2.19784 2.29466e-07
2.2019 2.28035e-07
2.20597 2.25809e-07
2.21004 2.2434e-07
2.21412 2.2215e-07
2.21821 2.20641e-07
2.2223 2.18483e-07
2.22641 2.16945e-07
2.23052 2.14852e-07
2.23464 2.13289e-07
2.23876 2.11285e-07
2.2429 2.098e-07
2.24704 2.07975e-07
2.25119 2.06447e-07
2.25535 2.04674e-07
2.25951 2.03085e-07
2.26368 2.01362e-07
2.26786 1.99698e-07
2.27205 1.98056e-07
2.27625 1.96294e-07
2.28045 1.94737e-07
2.28466 1.92868e-07
2.28888 1.91434e-07
2.29311 1.8937e-07
2.29734 1.88156e-07
2.30158 1.85932e-07
2.30583 1.84955e-07
2.31009 1.82933e-07
2.31436 1.81956e-07
2.31863 1.79961e-07
2.32291 1.78967e-07
2.3272 1.76994e-07
2.3315 1.75973e-07
2.33581 1.74012e-07
2.34012 1.72972e-07
2.34444 1.71025e-07
2.34877 1.69972e-07
2.35311 1.68054e-07
2.35745 1.66979e-07
2.36181 1.651e-07
2.36617 1.64034e-07
2.37054 1.62206e-07
2.37491 1.61175e-07
2.3793 1.59519e-07
2.38369 1.58481e-07
2.38809 1.56878e-07
2.3925 1.55811e-07
2.39692 1.54225e-07
2.40135 1.53125e-07
2.40578 1.5157e-07
2.41023 1.50433e-07
2.41468 1.48913e-07
2.41914 1.47737e-07
2.4236 1.46259e-07
2.42808 1.45058e-07
2.43256 1.43626e-07
2.43705 1.42398e-07
2.44155 1.4105e-07
2.44606 1.39854e-07
2.45058 1.38629e-07
2.4551 1.37394e-07
2.45964 1.36247e-07
2.46418 1.3494e-07
2.46873 1.33854e-07
2.47329 1.32438e-07
2.47786 1.31456e-07
2.48243 1.29805e-07
2.48702 1.29061e-07
2.49161 1.27428e-07
2.49621 1.26682e-07
2.50082 1.25069e-07
2.50544 1.24316e-07
2.51006 1.22747e-07
2.5147 1.22034e-07
2.51934 1.20612e-07
2.52399 1.19888e-07
2.52866 1.1852e-07
2.53333 1.17785e-07
2.538 1.16421e-07
2.54269 1.15677e-07
2.54739 1.14318e-07
2.55209 1.13549e-07
2.5568 1.1222e-07
2.56152 1.11426e-07
2.56625 1.10117e-07
2.57099 1.0932e-07
2.57574 1.0803e-07
2.5805 1.07229e-07
2.58526 1.05988e-07
2.59004 1.05213e-07
2.59482 1.04079e-07
2.59961 1.03305e-07
2.60441 1.02216e-07
2.60922 1.01411e-07
2.61404 1.00349e-07
2.61886 9.95101e-08
2.6237 9.84726e-08
2.62855 9.76022e-08
2.6334 9.65928e-08
2.63826 9.56968e-08
2.64313 9.47314e-08
2.64801 9.37879e-08
2.6529 9.28754e-08
2.6578 9.19065e-08
2.66271 9.10695e-08
2.66763 9.01102e-08
2.67255 8.93761e-08
2.67749 8.83556e-08
2.68243 8.77299e-08
2.68739 8.65882e-08
2.69235 8.6069e-08
2.69732 8.49396e-08
2.7023 8.44098e-08
2.70729 8.32803e-08
2.71229 8.27438e-08
2.7173 8.1635e-08
2.72232 8.10877e-08
2.72735 7.99959e-08
2.73238 7.94541e-08
2.73743 7.83861e-08
2.74248 7.78684e-08
2.74755 7.68901e-08
2.75262 7.63709e-08
2.7577 7.54415e-08
2.7628 7.49108e-08
2.7679 7.39911e-08
2.77301 7.3449e-08
2.77813 7.25409e-08
2.78326 7.19783e-08
2.7884 7.10832e-08
2.79355 7.05125e-08
2.79871 6.9636e-08
2.80387 6.90442e-08
2.80905 6.81899e-08
2.81424 6.75979e-08
2.81944 6.67786e-08
2.82464 6.62068e-08
2.82986 6.54631e-08
2.83508 6.48867e-08
2.84032 6.41901e-08
2.84556 6.3591e-08
2.85082 6.29115e-08
2.85608 6.22832e-08
2.86136 6.16291e-08
2.86664 6.0972e-08
2.87193 6.03521e-08
2.87724 5.96516e-08
2.88255 5.90773e-08
2.88787 5.83282e-08
2.89321 5.78136e-08
2.89855 5.69357e-08
2.9039 5.65869e-08
2.90926 5.57835e-08
2.91464 5.54413e-08
2.92002 5.46793e-08
2.92541 5.4323e-08
2.93081 5.3571e-08
2.93623 5.32063e-08
2.94165 5.24581e-08
2.94708 5.20885e-08
2.95252 5.13431e-08
2.95797 5.09626e-08
2.96344 5.02305e-08
2.96891 4.98493e-08
2.97439 4.91259e-08
2.97988 4.87397e-08
2.98539 4.80422e-08
2.9909 4.76743e-08
2.99642 4.70369e-08
3.00195 4.66743e-08
3.0075 4.60742e-08
3.01305 4.57031e-08
3.01862 4.51103e-08
3.02419 4.4726e-08
3.02977 4.4147e-08
3.03537 4.37494e-08
3.04097 4.31817e-08
3.04659 4.2773e-08
3.05222 4.22239e-08
3.05785 4.17998e-08
3.0635 4.12685e-08
3.06916 4.08406e-08
3.07482 4.03404e-08
3.0805 3.99238e-08
3.08619 3.947e-08
3.09189 3.9055e-08
3.0976 3.86356e-08
3.10332 3.81977e-08
3.10905 3.78044e-08
3.11479 3.73329e-08
3.12054 3.69666e-08
3.1263 3.64496e-08
3.13208 3.61299e-08
3.13786 3.55451e-08
3.14365 3.52946e-08
3.14946 3.47174e-08
3.15528 3.44679e-08
3.1611 3.39015e-08
3.16694 3.36646e-08
3.17279 3.3146e-08
3.17865 3.29133e-08
3.18452 3.24306e-08
3.1904 3.21905e-08
3.19629 3.17131e-08
3.20219 3.14671e-08
3.2081 3.09929e-08
3.21403 3.07394e-08
3.21996 3.02717e-08
3.22591 3.00164e-08
3.23187 2.95525e-08
3.23783 2.92921e-08
3.24381 2.88406e-08
3.2498 2.85769e-08
3.2558 2.81422e-08
3.26182 2.78913e-08
3.26784 2.74961e-08
3.27387 2.72504e-08
3.27992 2.68829e-08
3.28598 2.66268e-08
3.29204 2.6268e-08
3.29812 2.60032e-08
3.30421 2.56529e-08
3.31031 2.53792e-08
3.31643 2.50356e-08
3.32255 2.47505e-08
3.32869 2.44218e-08
3.33483 2.41275e-08
3.34099 2.3814e-08
3.34716 2.35074e-08
3.35334 2.32201e-08
3.35953 2.29164e-08
3.36574 2.2668e-08
3.37195 2.23633e-08
3.37818 2.21472e-08
3.38442 2.17956e-08
3.39067 2.16287e-08
3.39693 2.12628e-08
3.4032 2.11066e-08
3.40949 2.07422e-08
3.41578 2.05827e-08
3.42209 2.02255e-08
3.42841 2.00634e-08
3.43474 1.97113e-08
3.44108 1.95508e-08
3.44744 1.92061e-08
3.4538 1.90524e-08
3.46018 1.87357e-08
3.46657 1.85864e-08
3.47297 1.82987e-08
3.47939 1.8144e-08
3.48581 1.78573e-08
3.49225 1.77003e-08
3.4987 1.74166e-08
3.50516 1.72547e-08
3.51163 1.6976e-08
3.51811 1.68089e-08
3.52461 1.65348e-08
3.53112 1.63645e-08
3.53764 1.60979e-08
3.54417 1.59264e-08
3.55072 1.56699e-08
3.55727 1.55039e-08
3.56384 1.52732e-08
3.57042 1.51123e-08
3.57702 1.49018e-08
3.58362 1.47341e-08
3.59024 1.4531e-08
3.59687 1.43544e-08
3.60351 1.41576e-08
3.61017 1.39731e-08
3.61683 1.37853e-08
3.62351 1.35899e-08
3.6302 1.34135e-08
3.63691 1.32055e-08
3.64362 1.30453e-08
3.65035 1.28205e-08
3.65709 1.26869e-08
3.66384 1.24447e-08
3.67061 1.23538e-08
3.67739 1.21377e-08
3.68418 1.20442e-08
3.69098 1.18286e-08
3.6978 1.17334e-08
3.70463 1.15188e-08
3.71147 1.14227e-08
3.71832 1.121e-08
3.72519 1.11112e-08
3.73207 1.09012e-08
3.73896 1.08003e-08
3.74586 1.05948e-08
3.75278 1.0494e-08
3.75971 1.02938e-08
3.76665 1.01968e-08
3.77361 1.00136e-08
3.78058 9.92147e-09
3.78756 9.75901e-09
3.79455 9.66368e-09
3.80156 9.50347e-09
3.80858 9.40497e-09
3.81561 9.24719e-09
3.82266 9.14596e-09
3.82972 8.99071e-09
3.83679 8.88604e-09
3.84387 8.73449e-09
3.85097 8.62849e-09
3.85808 8.48109e-09
3.86521 8.37183e-09
3.87234 8.23295e-09
3.87949 8.1266e-09
3.88666 8.00289e-09
3.89384 7.90167e-09
3.90103 7.79119e-09
3.90823 7.68439e-09
3.91545 7.5794e-09
3.92268 7.46468e-09
3.92992 7.36747e-09
3.93718 7.24331e-09
3.94445 7.15474e-09
3.95173 7.0123e-09
3.95903 6.94353e-09
3.96634 6.79249e-09
3.97366 6.73416e-09
3.981 6.58606e-09
3.98835 6.53023e-09
3.99572 6.39343e-09
4.0031 6.34097e-09
4.01049 6.22042e-09
4.01789 6.16629e-09
4.02531 6.04716e-09
4.03275 5.99145e-09
4.04019 5.87323e-09
4.04765 5.81614e-09
4.05513 5.69938e-09
4.06262 5.64055e-09
4.07012 5.52561e-09
4.07763 5.46571e-09
4.08516 5.35306e-09
4.09271 5.29366e-09
4.10027 5.18457e-09
4.10784 5.12716e-09
4.11542 5.02778e-09
4.12302 4.97413e-09
4.13064 4.88831e-09
4.13826 4.83321e-09
4.14591 4.74912e-09
4.15356 4.69118e-09
4.16123 4.60896e-09
4.16892 4.54874e-09
4.17661 4.46882e-09
4.18433 4.40649e-09
4.19205 4.32902e-09
4.19979 4.26428e-09
4.20755 4.19019e-09
4.21532 4.12297e-09
4.2231 4.05522e-09
4.2309 3.98822e-09
4.23871 3.92893e-09
4.24654 3.86565e-09
4.25438 3.81562e-09
4.26224 3.74582e-09
4.27011 3.70214e-09
4.278 3.62018e-09
4.2859 3.58821e-09
4.29381 3.50691e-09
4.30174 3.47422e-09
4.30968 3.39388e-09
4.31764 3.36093e-09
4.32561 3.28159e-09
4.3336 3.24862e-09
4.3416 3.17087e-09
4.34962 3.13949e-09
4.35765 3.06747e-09
4.3657 3.03888e-09
4.37376 2.97777e-09
4.38184 2.94821e-09
4.38993 2.88752e-09
4.39804 2.85671e-09
4.40616 2.79717e-09
4.41429 2.76536e-09
4.42245 2.70621e-09
4.43061 2.67386e-09
4.43879 2.616e-09
4.44699 2.58273e-09
4.4552 2.52622e-09
4.46343 2.49256e-09
4.47167 2.43844e-09
4.47993 2.40595e-09
4.4882 2.35653e-09
4.49649 2.32708e-09
4.50479 2.28553e-09
4.51311 2.25489e-09
4.52144 2.21456e-09
4.52979 2.18196e-09
4.53816 2.14306e-09
4.54654 2.10892e-09
4.55493 2.07137e-09
4.56335 2.0355e-09
4.57177 2.0003e-09
4.58021 1.96191e-09
4.58867 1.92945e-09
4.59715 1.88852e-09
4.60564 1.86042e-09
4.61414 1.81599e-09
4.62266 1.79621e-09
4.6312 1.75566e-09
4.63975 1.73997e-09
4.64832 1.69949e-09
4.6569 1.68359e-09
4.6655 1.64331e-09
4.67411 1.62693e-09
4.68275 1.587e-09
4.69139 1.57028e-09
4.70006 1.53071e-09
4.70874 1.51358e-09
4.71743 1.47486e-09
4.72614 1.4578e-09
4.73487 1.42006e-09
4.74361 1.40337e-09
4.75237 1.36843e-09
4.76115 1.35386e-09
4.76994 1.32494e-09
4.77875 1.30973e-09
4.78757 1.28124e-09
4.79641 1.26546e-09
4.80527 1.23747e-09
4.81414 1.22117e-09
4.82303 1.19347e-09
4.83194 1.17655e-09
4.84086 1.14979e-09
4.8498 1.13234e-09
4.85876 1.10623e-09
4.86773 1.08845e-09
4.87672 1.06375e-09
4.88572 1.04595e-09
4.89475 1.02384e-09
4.90378 1.00849e-09
4.91284 9.90286e-10
4.92191 9.73845e-10
4.931 9.56556e-10
4.94011 9.39089e-10
4.94923 9.22668e-10
4.95837 9.03831e-10
4.96752 8.88808e-10
4.9767 8.67932e-10
4.98589 8.54998e-10
4.99509 8.30056e-10
5.00432 8.21476e-10
5.01356 7.97017e-10
5.02282 7.8873e-10
5.03209 7.65668e-10
5.04138 7.58446e-10
5.05069 7.40158e-10
5.06002 7.3262e-10
5.06936 7.14514e-10
5.07873 7.06746e-10
5.0881 6.8874e-10
5.0975 6.80885e-10
5.10691 6.62999e-10
5.11634 6.54866e-10
5.12579 6.37272e-10
5.13526 6.28972e-10
5.14474 6.11753e-10
5.15424 6.03296e-10
5.16376 5.8655e-10
5.17329 5.78348e-10
5.18285 5.62819e-10
5.19242 5.55798e-10
5.202 5.43523e-10
5.21161 5.36206e-10
5.22123 5.24077e-10
5.23088 5.16424e-10
5.24054 5.04588e-10
5.25021 4.96657e-10
5.25991 4.84986e-10
5.26962 4.76711e-10
5.27935 4.65558e-10
5.2891 4.56926e-10
5.29887 4.46176e-10
5.30865 4.37256e-10
5.31846 4.27271e-10
5.32828 4.18148e-10
5.33812 4.09472e-10
5.34797 4.01701e-10
5.35785 3.94891e-10
5.36774 3.86397e-10
5.37765 3.80255e-10
5.38758 3.70599e-10
5.39753 3.65531e-10
5.4075 3.54674e-10
5.41749 3.50783e-10
5.42749 3.40035e-10
5.43751 3.3611e-10
5.44755 3.25453e-10
5.45761 3.21553e-10
5.46769 3.1114e-10
5.47779 3.07338e-10
5.4879 2.97417e-10
5.49804 2.94274e-10
5.50819 2.86723e-10
5.51836 2.83436e-10
5.52855 2.7598e-10
5.53876 2.72582e-10
5.54899 2.65191e-10
5.55923 2.61673e-10
5.5695 2.54386e-10
5.57979 2.50731e-10
5.59009 2.43572e-10
5.60041 2.3983e-10
5.61075 2.32834e-10
5.62111 2.2903e-10
5.63149 2.2227e-10
5.64189 2.18501e-10
5.65231 2.12226e-10
5.66275 2.09114e-10
5.67321 2.04363e-10
5.68368 2.0109e-10
5.69418 1.96475e-10
5.70469 1.93043e-10
5.71523 1.8856e-10
5.72578 1.84932e-10
5.73635 1.80625e-10
5.74695 1.76809e-10
5.75756 1.72694e-10
5.76819 1.68618e-10
5.77884 1.64844e-10
5.78951 1.60516e-10
5.8002 1.57134e-10
5.81092 1.52482e-10
5.82165 1.49919e-10
5.8324 1.45574e-10
5.84317 1.4412e-10
5.85396 1.39844e-10
5.86477 1.38351e-10
5.8756 1.34098e-10
5.88645 1.32542e-10
5.89732 1.28325e-10
5.90821 1.26737e-10
5.91912 1.22568e-10
5.93005 1.20943e-10
5.941 1.16827e-10
5.95197 1.15186e-10
5.96296 1.11172e-10
5.97397 1.09586e-10
5.985 1.05768e-10
5.99605 1.04457e-10
6.00713 1.01604e-10
6.01822 1.00248e-10
6.02933 9.74934e-11
6.04047 9.61066e-11
6.05162 9.33569e-11
6.06279 9.1899e-11
6.07399 8.92162e-11
6.08521 8.76992e-11
6.09644 8.5082e-11
6.1077 8.35141e-11
6.11898 8.09544e-11
6.13028 7.93455e-11
6.1416 7.69165e-11
6.15294 7.52984e-11
6.1643 7.30822e-11
6.17569 7.1756e-11
6.18709 7.00726e-11
6.19851 6.87127e-11
6.20996 6.71497e-11
6.22143 6.56927e-11
6.23292 6.41939e-11
6.24443 6.26275e-11
6.25596 6.124e-11
6.26751 5.95241e-11
6.27908 5.82849e-11
6.29068 5.63587e-11
6.30229 5.53643e-11
6.31393 5.31532e-11
6.32559 5.2496e-11
6.33727 5.03734e-11
6.34897 4.98334e-11
6.3607 4.82566e-11
6.37244 4.77206e-11
6.38421 4.62249e-11
6.396 4.56574e-11
6.40781 4.41805e-11
6.41964 4.35989e-11
6.4315 4.21319e-11
6.44338 4.15312e-11
6.45527 4.00722e-11
6.46719 3.94554e-11
6.47914 3.80303e-11
6.4911 3.74017e-11
6.50309 3.60202e-11
6.5151 3.5409e-11
6.52713 3.41014e-11
6.53918 3.35978e-11
6.55126 3.2609e-11
6.56335 3.21109e-11
6.57547 3.11879e-11
6.58761 3.06583e-11
6.59978 2.97514e-11
6.61197 2.92029e-11
6.62418 2.83152e-11
6.63641 2.77391e-11
6.64866 2.68778e-11
6.66094 2.62681e-11
6.67324 2.54501e-11
6.68556 2.48201e-11
6.69791 2.40458e-11
6.71028 2.34033e-11
6.72267 2.2729e-11
6.73508 2.22017e-11
6.74752 2.17019e-11
6.75998 2.11695e-11
6.77246 2.07297e-11
6.78497 2.0136e-11
6.7975 1.97496e-11
6.81005 1.90015e-11
6.82263 1.87682e-11
6.83522 1.80253e-11
6.84785 1.77895e-11
6.86049 1.70547e-11
6.87316 1.68146e-11
6.88585 1.60967e-11
6.89857 1.58622e-11
6.91131 1.51744e-11
6.92407 1.4986e-11
6.93686 1.44719e-11
6.94967 1.42884e-11
6.9625 1.38182e-11
6.97536 1.3626e-11
6.98824 1.31604e-11
7.00114 1.29595e-11
7.01407 1.25007e-11
7.02702 1.22943e-11
7.04 1.18408e-11
7.053 1.16266e-11
7.06602 1.11828e-11
7.07907 1.09642e-11
7.09214 1.05335e-11
7.10524 1.0318e-11
7.11836 9.91855e-12
7.1315 9.74119e-12
7.14467 9.44121e-12
7.15787 9.2698e-12
7.17108 9.00285e-12
7.18433 8.81976e-12
7.19759 8.55905e-12
7.21088 8.36855e-12
7.2242 8.11633e-12
7.23754 7.91202e-12
7.2509 7.67103e-12
7.26429 7.4536e-12
7.27771 7.22742e-12
7.29115 6.9989e-12
7.30461 6.79487e-12
7.3181 6.5492e-12
7.33161 6.38745e-12
7.34515 6.17438e-12
7.35872 6.06895e-12
7.3723 5.84527e-12
7.38592 5.77652e-12
7.39956 5.55316e-12
7.41322 5.48231e-12
7.42691 5.25988e-12
7.44062 5.18686e-12
7.45436 4.96621e-12
7.46813 4.8915e-12
7.48192 4.67336e-12
7.49574 4.59685e-12
7.50958 4.3846e-12
7.52345 4.30972e-12
7.53734 4.10732e-12
7.55126 4.04638e-12
7.5652 3.89561e-12
7.57917 3.83956e-12
7.59317 3.70765e-12
7.60719 3.64862e-12
7.62124 3.51862e-12
7.63531 3.45632e-12
7.64941 3.32809e-12
7.66353 3.26353e-12
7.67769 3.13804e-12
7.69186 3.07068e-12
7.70607 2.94819e-12
7.7203 2.87801e-12
7.73455 2.76096e-12
7.74884 2.69051e-12
7.76315 2.58341e-12
7.77748 2.52607e-12
7.79184 2.44538e-12
7.80623 2.39167e-12
7.82065 2.32327e-12
7.83509 2.26595e-12
7.84956 2.20058e-12
7.86405 2.1384e-12
7.87857 2.07711e-12
7.89312 2.00964e-12
7.9077 1.95328e-12
7.9223 1.87831e-12
7.93693 1.82991e-12
7.95158 1.73985e-12
7.96627 1.70948e-12
7.98098 1.61668e-12
7.99572 1.59676e-12
8.01048 1.52676e-12
8.02527 1.50869e-12
8.04009 1.44971e-12
8.05494 1.43072e-12
8.06981 1.37215e-12
8.08472 1.3524e-12
8.09965 1.29423e-12
8.1146 1.2737e-12
8.12959 1.21596e-12
8.1446 1.1945e-12
8.15964 1.13801e-12
8.17471 1.11627e-12
8.1898 1.06066e-12
8.20492 1.03921e-12
8.22008 9.86741e-13
8.23526 9.69206e-13
8.25046 9.29881e-13
8.2657 9.14178e-13
8.28096 8.81675e-13
8.29625 8.65169e-13
8.31157 8.33224e-13
8.32692 8.15837e-13
8.3423 7.84521e-13
8.3577 7.66127e-13
8.37314 7.35591e-13
8.3886 7.16196e-13
8.40409 6.86668e-13
8.41961 6.66605e-13
8.43516 6.38672e-13
8.45073 6.17955e-13
8.46634 5.93023e-13
8.48197 5.75779e-13
8.49763 5.57765e-13
8.51333 5.42228e-13
8.52905 5.27996e-13
8.5448 5.108e-13
8.56057 4.98003e-13
8.57638 4.78358e-13
8.59222 4.67877e-13
8.60809 4.44107e-13
8.62398 4.376e-13
8.63991 4.14091e-13
8.65586 4.07458e-13
8.67185 3.84315e-13
8.68786 3.77835e-13
8.7039 3.55514e-13
8.71997 3.50368e-13
8.73608 3.33364e-13
8.75221 3.28925e-13
8.76837 3.15461e-13
8.78456 3.10745e-13
8.80078 2.97435e-13
8.81704 2.92501e-13
8.83332 2.79279e-13
8.84963 2.74086e-13
8.86597 2.6101e-13
8.88234 2.55599e-13
8.89874 2.42794e-13
8.91518 2.37197e-13
8.93164 2.24776e-13
8.94813 2.1916e-13
8.96466 2.07482e-13
8.98121 2.02926e-13
8.9978 1.94107e-13
9.01441 1.90299e-13
9.03106 1.83412e-13
9.04773 1.79358e-13
9.06444 1.72657e-13
9.08118 1.68325e-13
9.09795 1.61811e-13
9.11475 1.57142e-13
9.13158 1.50948e-13
9.14844 1.45943e-13
9.16534 1.4005e-13
9.18226 1.34707e-13
9.19922 1.29312e-13
9.2162 1.23588e-13
9.23322 1.19171e-13
9.25027 1.1416e-13
9.26736 1.11221e-13
9.28447 1.06628e-13
9.30161 1.04872e-13
9.31879 9.98038e-14
9.336 9.84642e-14
9.35324 9.34102e-14
9.37051 9.20098e-14
9.38781 8.69899e-14
9.40515 8.55357e-14
9.42252 8.0541e-14
9.43992 7.90416e-14
9.45735 7.41614e-14
9.47481 7.2676e-14
9.49231 6.79889e-14
9.50984 6.67854e-14
9.5274 6.31858e-14
9.54499 6.22184e-14
9.56262 5.95812e-14
9.58027 5.85514e-14
9.59797 5.59403e-14
9.61569 5.48676e-14
9.63345 5.22788e-14
9.65123 5.11435e-14
9.66906 4.86004e-14
9.68691 4.73866e-14
9.7048 4.49084e-14
9.72272 4.36615e-14
9.74067 4.12661e-14
9.75866 3.99814e-14
9.77668 3.77615e-14
9.79474 3.66928e-14
9.81282 3.50234e-14
9.83094 3.41849e-14
9.8491 3.29717e-14
9.86728 3.20662e-14
9.88551 3.09074e-14
9.90376 2.99254e-14
9.92205 2.8824e-14
9.94037 2.77417e-14
9.95873 2.67261e-14
9.97712 2.55277e-14
9.99554 2.4629e-14
10.014 2.32747e-14
10.0325 2.25586e-14
10.051 2.09022e-14
10.0696 2.06053e-14
10.0882 1.92954e-14
10.1068 1.90617e-14
10.1255 1.81533e-14
10.1442 1.79072e-14
10.1629 1.69998e-14
10.1817 1.67407e-14
10.2005 1.58349e-14
10.2193 1.55646e-14
10.2382 1.46649e-14
10.2571 1.43835e-14
10.276 1.34933e-14
10.295 1.31995e-14
10.314 1.23273e-14
10.333 1.20344e-14
10.3521 1.11985e-14
10.3712 1.0953e-14
10.3904 1.03007e-14
10.4096 1.01202e-14
10.4288 9.67807e-15
10.4481 9.48436e-15
10.4674 9.04908e-15
10.4867 8.84403e-15
10.5061 8.41385e-15
10.5255 8.19429e-15
10.5449 7.7753e-15
10.5644 7.54045e-15
10.5839 7.13434e-15
10.6034 6.88733e-15
10.623 6.50066e-15
10.6426 6.24062e-15
10.6623 5.88988e-15
10.682 5.66563e-15
10.7017 5.40485e-15
10.7214 5.24031e-15
10.7412 5.0691e-15
10.7611 4.88562e-15
10.7809 4.72903e-15
10.8008 4.522e-15
10.8208 4.38665e-15
10.8408 4.13962e-15
10.8608 4.04141e-15
10.8809 3.76081e-15
10.9009 3.69582e-15
10.9211 3.41813e-15
10.9412 3.35383e-15
10.9614 3.08377e-15
10.9817 3.02991e-15
11.002 2.81264e-15
11.0223 2.77516e-15
11.0426 2.63618e-15
11.063 2.59549e-15
11.0835 2.45763e-15
11.1039 2.41503e-15
11.1244 2.27762e-15
11.145 2.23293e-15
11.1655 2.09659e-15
11.1862 2.04893e-15
11.2068 1.91474e-15
11.2275 1.86451e-15
11.2483 1.73315e-15
11.269 1.68233e-15
11.2898 1.55742e-15
11.3107 1.51394e-15
11.3316 1.41456e-15
11.3525 1.385e-15
11.3735 1.32388e-15
11.3945 1.29218e-15
11.4155 1.2322e-15
11.4366 1.19791e-15
11.4577 1.13954e-15
11.4789 1.1027e-15
11.5001 1.04606e-15
11.5213 1.00632e-15
11.5426 9.52595e-16
11.5639 9.09044e-16
11.5852 8.59434e-16
11.6066 8.13047e-16
11.6281 7.69716e-16
11.6495 7.2694e-16
11.671 6.9771e-16
11.6926 6.67898e-16
11.7142 6.51915e-16
11.7358 6.13733e-16
11.7575 6.05644e-16
11.7792 5.67535e-16
11.801 5.58942e-16
11.8227 5.21016e-16
11.8446 5.11997e-16
11.8664 4.7422e-16
11.8884 4.64854e-16
11.9103 4.27519e-16
11.9323 4.1785e-16
11.9543 3.81749e-16
11.9764 3.73501e-16
11.9985 3.43566e-16
12.0207 3.38299e-16
12.0429 3.20845e-16
12.0651 3.15262e-16
12.0874 2.97912e-16
12.1097 2.91866e-16
12.1321 2.74675e-16
12.1545 2.68253e-16
12.1769 2.51337e-16
12.1994 2.4449e-16
12.2219 2.27863e-16
12.2445 2.20636e-16
12.2671 2.04391e-16
12.2898 1.9685e-16
12.3125 1.81565e-16
12.3352 1.74891e-16
12.358 1.62562e-16
12.3808 1.58493e-16
12.4037 1.51577e-16
12.4266 1.47083e-16
12.4495 1.40435e-16
12.4725 1.3553e-16
12.4955 1.29232e-16
12.5186 1.23777e-16
12.5417 1.17888e-16
12.5649 1.11827e-16
12.5881 1.06493e-16
12.6113 9.96403e-17
12.6346 9.51434e-17
12.658 8.71114e-17
12.6813 8.41768e-17
12.7048 7.60827e-17
12.7282 7.52162e-17
12.7517 7.09309e-17
12.7753 7.00057e-17
12.7989 6.57194e-17
12.8225 6.47344e-17
12.8462 6.04613e-17
12.8699 5.94087e-17
12.8937 5.51552e-17
12.9175 5.40493e-17
12.9413 4.98198e-17
12.9652 4.86345e-17
12.9892 4.44642e-17
13.0131 4.32667e-17
13.0372 3.92137e-17
13.0612 3.81306e-17
13.0854 3.47041e-17
13.1095 3.40823e-17
13.1337 3.2295e-17
13.158 3.1629e-17
13.1823 2.98642e-17
13.2066 2.91465e-17
13.231 2.74099e-17
13.2555 2.66369e-17
13.2799 2.49266e-17
13.3045 2.40928e-17
13.329 2.2434e-17
13.3536 2.15348e-17
13.3783 1.99358e-17
13.403 1.89901e-17
13.4277 1.74973e-17
13.4525 1.65982e-17
13.4774 1.54119e-17
13.5023 1.4915e-17
13.5272 1.43086e-17
13.5522 1.37574e-17
13.5772 1.31968e-17
13.6023 1.25675e-17
13.6274 1.20706e-17
13.6526 1.1333e-17
13.6778 1.09337e-17
13.703 9.96672e-18
13.7283 9.78957e-18
13.7537 8.82836e-18
13.7791 8.64725e-18
13.8045 7.70199e-18
13.83 7.53696e-18
13.8556 6.69981e-18
13.8811 6.6142e-18
13.9068 6.21845e-18
13.9325 6.12679e-18
13.9582 5.73142e-18
13.984 5.63118e-18
14.0098 5.23981e-18
14.0357 5.1327e-18
14.0616 4.74221e-18
14.0875 4.62746e-18
14.1136 4.24212e-18
14.1396 4.11861e-18
14.1657 3.74017e-18
14.1919 3.6138e-18
14.2181 3.24376e-18
14.2443 3.12557e-18
14.2706 2.80428e-18
14.297 2.74514e-18
14.3234 2.60072e-18
14.3499 2.5367e-18
14.3763 2.39425e-18
14.4029 2.32448e-18
14.4295 2.18623e-18
14.4561 2.10993e-18
14.4828 1.97557e-18
14.5096 1.89319e-18
14.5364 1.76324e-18
14.5632 1.67336e-18
14.5901 1.55124e-18
14.617 1.45238e-18
14.644 1.34195e-18
14.6711 1.24126e-18
14.6982 1.1588e-18
14.7253 1.10685e-18
14.7525 1.07182e-18
14.7797 1.00931e-18
14.807 9.83589e-19
14.8344 9.07623e-19
14.8618 8.94449e-19
14.8892 8.18578e-19
14.9167 8.04394e-19
14.9443 7.28702e-19
14.9719 7.1366e-19
14.9995 6.38466e-19
15.0272 6.22379e-19
15.055 5.48742e-19
15.0828 5.33538e-19
15.1106 4.6566e-19
15.1385 4.58829e-19
15.1665 4.30319e-19
15.1945 4.22812e-19
15.2225 3.94532e-19
15.2506 3.86561e-19
15.2788 3.58415e-19
15.307 3.4978e-19
15.3353 3.21959e-19
15.3636 3.12565e-19
15.392 2.85092e-19
15.4204 2.75074e-19
15.4489 2.48159e-19
15.4774 2.37337e-19
15.506 2.11454e-19
15.5346 2.00934e-19
15.5633 1.78083e-19
15.592 1.74329e-19
15.6208 1.66805e-19
15.6497 1.62688e-19
15.6786 1.55402e-19
15.7075 1.50797e-19
15.7365 1.43778e-19
15.7656 1.38643e-19
15.7947 1.31914e-19
15.8239 1.25896e-19
15.8531 1.19495e-19
15.8824 1.12219e-19
15.9117 1.0545e-19
15.9411 9.44807e-20
15.9705 8.04297e-20
16 0
