# 1:pT 2:PhotonSpectrum=dN/d^2xT d^2pT dy
0.01 1.13405
0.0100185 1.1329
0.010037 1.1299
0.0100555 1.12867
0.0100741 1.12564
0.0100927 1.12433
0.0101113 1.12131
0.01013 1.11993
0.0101487 1.11689
0.0101674 1.11542
0.0101862 1.11232
0.010205 1.11076
0.0102239 1.10763
0.0102427 1.10597
0.0102617 1.10277
0.0102806 1.10093
0.0102996 1.09761
0.0103186 1.09545
0.0103377 1.09143
0.0103567 1.08921
0.0103759 1.0852
0.010395 1.08289
0.0104142 1.07893
0.0104335 1.0765
0.0104527 1.07261
0.010472 1.07012
0.0104914 1.06629
0.0105107 1.06371
0.0105301 1.05999
0.0105496 1.05728
0.0105691 1.05365
0.0105886 1.05088
0.0106081 1.04743
0.0106277 1.04467
0.0106474 1.04151
0.010667 1.03858
0.0106867 1.03557
0.0107065 1.03249
0.0107262 1.02963
0.010746 1.02627
0.0107659 1.02363
0.0107858 1.01993
0.0108057 1.01763
0.0108256 1.01333
0.0108456 1.0116
0.0108656 1.00735
0.0108857 1.0056
0.0109058 1.00136
0.0109259 0.999653
0.0109461 0.995723
0.0109663 0.993947
0.0109866 0.990065
0.0110069 0.988232
0.0110272 0.984367
0.0110476 0.982489
0.011068 0.978653
0.0110884 0.976738
0.0111089 0.972906
0.0111294 0.970932
0.0111499 0.96714
0.0111705 0.965119
0.0111912 0.961397
0.0112118 0.959323
0.0112325 0.955714
0.0112533 0.953668
0.0112741 0.950295
0.0112949 0.948173
0.0113157 0.944853
0.0113366 0.942655
0.0113576 0.939416
0.0113785 0.937128
0.0113995 0.933954
0.0114206 0.931572
0.0114417 0.928431
0.0114628 0.925942
0.011484 0.922956
0.0115052 0.920343
0.0115264 0.917455
0.0115477 0.914714
0.011569 0.912041
0.0115904 0.909259
0.0116118 0.906847
0.0116332 0.903837
0.0116547 0.90166
0.0116762 0.898127
0.0116978 0.896464
0.0117194 0.892731
0.0117411 0.891212
0.0117627 0.887498
0.0117845 0.885957
0.0118062 0.882252
0.011828 0.880666
0.0118499 0.877031
0.0118717 0.875407
0.0118937 0.871806
0.0119156 0.870205
0.0119376 0.866856
0.0119597 0.865216
0.0119818 0.86195
0.0120039 0.860247
0.0120261 0.856972
0.0120483 0.855237
0.0120705 0.851988
0.0120928 0.850203
0.0121151 0.846995
0.0121375 0.845147
0.0121599 0.841979
0.0121824 0.840058
0.0122049 0.836961
0.0122274 0.835019
0.01225 0.832026
0.0122726 0.830067
0.0122953 0.827276
0.012318 0.825246
0.0123407 0.822545
0.0123635 0.82044
0.0123863 0.81779
0.0124092 0.815592
0.0124321 0.813013
0.0124551 0.810674
0.0124781 0.808247
0.0125011 0.805769
0.0125242 0.803442
0.0125473 0.800759
0.0125705 0.798641
0.0125937 0.795708
0.012617 0.793919
0.0126403 0.790649
0.0126636 0.789355
0.012687 0.78616
0.0127104 0.784817
0.0127339 0.781636
0.0127574 0.780243
0.012781 0.777082
0.0128046 0.775661
0.0128282 0.772512
0.0128519 0.771061
0.0128756 0.767929
0.0128994 0.766432
0.0129232 0.763355
0.0129471 0.761851
0.012971 0.758815
0.012995 0.757308
0.0130189 0.754456
0.013043 0.75292
0.0130671 0.750152
0.0130912 0.74858
0.0131154 0.745833
0.0131396 0.744184
0.0131639 0.741495
0.0131882 0.739781
0.0132125 0.737109
0.0132369 0.735386
0.0132614 0.732742
0.0132859 0.730949
0.0133104 0.728393
0.013335 0.726528
0.0133596 0.72405
0.0133843 0.722179
0.013409 0.719908
0.0134337 0.717978
0.0134585 0.715787
0.0134834 0.713738
0.0135083 0.711656
0.0135332 0.709454
0.0135582 0.70751
0.0135833 0.705094
0.0136083 0.703329
0.0136335 0.700565
0.0136587 0.69915
0.0136839 0.696162
0.0137091 0.694972
0.0137345 0.692006
0.0137598 0.690833
0.0137852 0.688031
0.0138107 0.68684
0.0138362 0.684117
0.0138617 0.682873
0.0138873 0.680149
0.013913 0.678871
0.0139387 0.676182
0.0139644 0.674872
0.0139902 0.672207
0.014016 0.670843
0.0140419 0.668206
0.0140678 0.666838
0.0140938 0.664197
0.0141198 0.662805
0.0141459 0.660234
0.014172 0.658843
0.0141982 0.656429
0.0142244 0.654995
0.0142507 0.652654
0.014277 0.651185
0.0143034 0.6489
0.0143298 0.647353
0.0143563 0.645102
0.0143828 0.643485
0.0144093 0.641303
0.0144359 0.639598
0.0144626 0.637463
0.0144893 0.635707
0.0145161 0.63366
0.0145429 0.631818
0.0145697 0.629883
0.0145966 0.62801
0.0146236 0.626252
0.0146506 0.624277
0.0146776 0.622677
0.0147047 0.620508
0.0147319 0.619079
0.0147591 0.6165
0.0147863 0.615477
0.0148136 0.612901
0.014841 0.611841
0.0148684 0.609282
0.0148959 0.608193
0.0149234 0.605672
0.0149509 0.604555
0.0149785 0.602065
0.0150062 0.600956
0.0150339 0.598584
0.0150617 0.597479
0.0150895 0.595182
0.0151173 0.594041
0.0151453 0.591759
0.0151732 0.590576
0.0152012 0.588318
0.0152293 0.587085
0.0152574 0.584837
0.0152856 0.583587
0.0153138 0.581379
0.0153421 0.580086
0.0153705 0.577927
0.0153988 0.576591
0.0154273 0.574473
0.0154558 0.573148
0.0154843 0.571147
0.0155129 0.569799
0.0155415 0.567888
0.0155702 0.56648
0.015599 0.564614
0.0156278 0.56314
0.0156567 0.561317
0.0156856 0.559763
0.0157145 0.558011
0.0157435 0.556371
0.0157726 0.554706
0.0158017 0.552933
0.0158309 0.55139
0.0158602 0.549487
0.0158894 0.548107
0.0159188 0.546022
0.0159482 0.544926
0.0159776 0.542702
0.0160071 0.541789
0.0160367 0.539569
0.0160663 0.538643
0.016096 0.536427
0.0161257 0.535479
0.0161555 0.533291
0.0161853 0.532297
0.0162152 0.530122
0.0162451 0.529108
0.0162751 0.526949
0.0163052 0.525922
0.0163353 0.523799
0.0163655 0.522768
0.0163957 0.520751
0.016426 0.519724
0.0164563 0.517769
0.0164867 0.516698
0.0165171 0.514763
0.0165476 0.513661
0.0165782 0.511757
0.0166088 0.510618
0.0166395 0.508724
0.0166702 0.507552
0.016701 0.50571
0.0167318 0.504477
0.0167627 0.502681
0.0167937 0.501401
0.0168247 0.499673
0.0168558 0.498394
0.0168869 0.496751
0.0169181 0.495459
0.0169493 0.493917
0.0169806 0.492535
0.017012 0.491062
0.0170434 0.489597
0.0170748 0.488191
0.0171064 0.486614
0.017138 0.485317
0.0171696 0.483569
0.0172013 0.482421
0.0172331 0.480334
0.0172649 0.479531
0.0172968 0.477466
0.0173287 0.476661
0.0173607 0.474684
0.0173928 0.47387
0.0174249 0.471985
0.0174571 0.471147
0.0174893 0.469269
0.0175216 0.468393
0.017554 0.466535
0.0175864 0.465643
0.0176189 0.463791
0.0176514 0.462883
0.017684 0.46104
0.0177166 0.4601
0.0177494 0.45829
0.0177821 0.457324
0.017815 0.455539
0.0178479 0.454579
0.0178808 0.452874
0.0179138 0.451915
0.0179469 0.450286
0.0179801 0.449275
0.0180133 0.447662
0.0180465 0.446628
0.0180799 0.445042
0.0181132 0.443956
0.0181467 0.442404
0.0181802 0.441266
0.0182138 0.43975
0.0182474 0.438568
0.0182811 0.4371
0.0183149 0.435878
0.0183487 0.434489
0.0183826 0.433212
0.0184165 0.431939
0.0184505 0.430629
0.0184846 0.429466
0.0185187 0.428047
0.0185529 0.426973
0.0185872 0.425385
0.0186215 0.424478
0.0186559 0.422689
0.0186903 0.421964
0.0187248 0.420193
0.0187594 0.419447
0.0187941 0.417675
0.0188288 0.416927
0.0188635 0.415188
0.0188984 0.414423
0.0189333 0.412748
0.0189682 0.411994
0.0190033 0.410387
0.0190384 0.409607
0.0190735 0.408016
0.0191087 0.407211
0.019144 0.40563
0.0191794 0.404811
0.0192148 0.403233
0.0192503 0.402382
0.0192858 0.400831
0.0193214 0.399964
0.0193571 0.398429
0.0193929 0.39753
0.0194287 0.39604
0.0194645 0.395125
0.0195005 0.393698
0.0195365 0.392781
0.0195726 0.391441
0.0196087 0.390472
0.0196449 0.389169
0.0196812 0.388167
0.0197175 0.38688
0.019754 0.385826
0.0197904 0.384587
0.019827 0.383479
0.0198636 0.382281
0.0199003 0.381117
0.019937 0.379989
0.0199738 0.378734
0.0200107 0.377707
0.0200477 0.376374
0.0200847 0.375473
0.0201218 0.373922
0.0201589 0.373315
0.0201962 0.371765
0.0202335 0.37114
0.0202708 0.369599
0.0203082 0.368942
0.0203457 0.36742
0.0203833 0.36675
0.020421 0.365236
0.0204587 0.364554
0.0204964 0.363046
0.0205343 0.36234
0.0205722 0.360862
0.0206102 0.360163
0.0206483 0.358732
0.0206864 0.358028
0.0207246 0.356681
0.0207629 0.355958
0.0208012 0.354612
0.0208396 0.353877
0.0208781 0.352537
0.0209166 0.35178
0.0209553 0.350458
0.020994 0.34965
0.0210327 0.348364
0.0210716 0.347541
0.0211105 0.346271
0.0211495 0.345418
0.0211885 0.344192
0.0212277 0.343311
0.0212669 0.34215
0.0213061 0.341278
0.0213455 0.340194
0.0213849 0.339275
0.0214244 0.338221
0.0214639 0.337245
0.0215036 0.336234
0.0215433 0.335195
0.0215831 0.334245
0.0216229 0.333127
0.0216628 0.332253
0.0217028 0.330988
0.0217429 0.330257
0.0217831 0.328823
0.0218233 0.328266
0.0218636 0.326881
0.021904 0.326328
0.0219444 0.325005
0.0219849 0.324446
0.0220255 0.323137
0.0220662 0.322539
0.022107 0.32125
0.0221478 0.320642
0.0221887 0.319351
0.0222297 0.31873
0.0222707 0.31745
0.0223118 0.316805
0.022353 0.315537
0.0223943 0.314894
0.0224357 0.313634
0.0224771 0.312986
0.0225186 0.311774
0.0225602 0.311122
0.0226018 0.309984
0.0226436 0.309312
0.0226854 0.308194
0.0227273 0.307483
0.0227692 0.306379
0.0228113 0.305647
0.0228534 0.304566
0.0228956 0.3038
0.0229379 0.302748
0.0229803 0.301951
0.0230227 0.300913
0.0230652 0.300089
0.0231078 0.299098
0.0231505 0.298252
0.0231932 0.297319
0.023236 0.296458
0.023279 0.295611
0.0233219 0.294679
0.023365 0.293888
0.0234082 0.29287
0.0234514 0.292152
0.0234947 0.290939
0.0235381 0.290419
0.0235815 0.289175
0.0236251 0.288672
0.0236687 0.287433
0.0237124 0.286921
0.0237562 0.285705
0.0238001 0.285188
0.023844 0.284004
0.0238881 0.283495
0.0239322 0.282375
0.0239764 0.281846
0.0240206 0.280738
0.024065 0.280197
0.0241094 0.2791
0.0241539 0.278536
0.0241985 0.277442
0.0242432 0.276868
0.024288 0.275783
0.0243329 0.275195
0.0243778 0.274126
0.0244228 0.273521
0.0244679 0.272469
0.0245131 0.271846
0.0245583 0.270837
0.0246037 0.270227
0.0246491 0.269288
0.0246946 0.268651
0.0247402 0.267731
0.0247859 0.26706
0.0248317 0.266154
0.0248776 0.265455
0.0249235 0.26458
0.0249695 0.263842
0.0250156 0.262995
0.0250618 0.262218
0.0251081 0.261405
0.0251545 0.260587
0.0252009 0.259831
0.0252475 0.258958
0.0252941 0.258274
0.0253408 0.257355
0.0253876 0.256786
0.0254345 0.255715
0.0254814 0.255283
0.0255285 0.25422
0.0255756 0.253777
0.0256229 0.252707
0.0256702 0.252256
0.0257176 0.2512
0.0257651 0.250736
0.0258126 0.249686
0.0258603 0.249209
0.0259081 0.248175
0.0259559 0.247692
0.0260038 0.246683
0.0260518 0.246214
0.0261 0.245273
0.0261482 0.244784
0.0261964 0.243848
0.0262448 0.243344
0.0262933 0.24242
0.0263418 0.241897
0.0263905 0.240985
0.0264392 0.240444
0.026488 0.239547
0.0265369 0.238984
0.0265859 0.238099
0.026635 0.237519
0.0266842 0.236658
0.0267335 0.236067
0.0267829 0.235239
0.0268323 0.234651
0.0268819 0.233877
0.0269315 0.233265
0.0269812 0.23252
0.0270311 0.231867
0.027081 0.231144
0.027131 0.230453
0.0271811 0.22977
0.0272313 0.229029
0.0272816 0.228387
0.0273319 0.227579
0.0273824 0.227003
0.027433 0.226065
0.0274836 0.225629
0.0275344 0.224642
0.0275852 0.22427
0.0276362 0.223355
0.0276872 0.222975
0.0277383 0.22206
0.0277896 0.221669
0.0278409 0.220764
0.0278923 0.220355
0.0279438 0.219454
0.0279954 0.219033
0.0280471 0.218141
0.0280989 0.217714
0.0281508 0.216833
0.0282027 0.216389
0.0282548 0.215515
0.028307 0.215069
0.0283593 0.214214
0.0284116 0.213778
0.0284641 0.212987
0.0285167 0.212534
0.0285693 0.21175
0.0286221 0.211275
0.0286749 0.210504
0.0287279 0.210016
0.0287809 0.20926
0.0288341 0.208745
0.0288873 0.208005
0.0289407 0.207467
0.0289941 0.206747
0.0290477 0.206191
0.0291013 0.205489
0.029155 0.204917
0.0292089 0.204248
0.0292628 0.203674
0.0293168 0.203074
0.029371 0.202462
0.0294252 0.201888
0.0294796 0.201227
0.029534 0.200693
0.0295885 0.199965
0.0296432 0.199499
0.0296979 0.198635
0.0297527 0.198297
0.0298077 0.197441
0.0298627 0.197092
0.0299179 0.196244
0.0299731 0.19589
0.0300285 0.195057
0.0300839 0.194705
0.0301395 0.193929
0.0301951 0.193573
0.0302509 0.192802
0.0303068 0.19243
0.0303627 0.19167
0.0304188 0.191293
0.030475 0.190534
0.0305312 0.190139
0.0305876 0.189388
0.0306441 0.188984
0.0307007 0.188239
0.0307574 0.187827
0.0308142 0.187098
0.0308711 0.186674
0.0309281 0.185966
0.0309852 0.185544
0.0310424 0.184883
0.0310997 0.184458
0.0311572 0.183806
0.0312147 0.18336
0.0312723 0.182721
0.0313301 0.182254
0.0313879 0.181627
0.0314459 0.181137
0.031504 0.180536
0.0315621 0.180022
0.0316204 0.17944
0.0316788 0.178895
0.0317373 0.178347
0.0317959 0.17777
0.0318546 0.17727
0.0319135 0.176675
0.0319724 0.176243
0.0320314 0.175562
0.0320906 0.175217
0.0321498 0.174479
0.0322092 0.174181
0.0322687 0.173444
0.0323283 0.17314
0.032388 0.172409
0.0324478 0.172098
0.0325077 0.171375
0.0325677 0.171052
0.0326279 0.170333
0.0326881 0.170006
0.0327485 0.169302
0.0328089 0.168983
0.0328695 0.168324
0.0329302 0.167991
0.032991 0.167345
0.033052 0.167008
0.033113 0.166357
0.0331741 0.16601
0.0332354 0.165369
0.0332968 0.165008
0.0333583 0.164378
0.0334199 0.164003
0.0334816 0.163378
0.0335434 0.162992
0.0336053 0.162388
0.0336674 0.161988
0.0337296 0.161401
0.0337919 0.161004
0.0338543 0.160463
0.0339168 0.160046
0.0339794 0.159521
0.0340421 0.159087
0.034105 0.158579
0.034168 0.158121
0.0342311 0.157633
0.0342943 0.157143
0.0343576 0.156683
0.0344211 0.156159
0.0344846 0.155729
0.0345483 0.15515
0.0346121 0.15478
0.034676 0.154093
0.0347401 0.153841
0.0348042 0.153198
0.0348685 0.152939
0.0349329 0.152308
0.0349974 0.152041
0.035062 0.151415
0.0351267 0.151135
0.0351916 0.150514
0.0352566 0.150228
0.0353217 0.149609
0.0353869 0.149319
0.0354523 0.148705
0.0355177 0.148409
0.0355833 0.147802
0.035649 0.147498
0.0357149 0.146905
0.0357808 0.146602
0.0358469 0.146041
0.0359131 0.145736
0.0359794 0.145191
0.0360458 0.144873
0.0361124 0.144336
0.0361791 0.144003
0.0362459 0.14347
0.0363128 0.143126
0.0363799 0.142604
0.0364471 0.142244
0.0365144 0.141734
0.0365818 0.141362
0.0366493 0.140868
0.036717 0.140484
0.0367848 0.140008
0.0368527 0.139626
0.0369208 0.139186
0.036989 0.138784
0.0370573 0.138374
0.0371257 0.137942
0.0371943 0.137555
0.0372629 0.137085
0.0373318 0.136732
0.0374007 0.136197
0.0374698 0.135907
0.037539 0.135313
0.0376083 0.135076
0.0376777 0.134487
0.0377473 0.134249
0.037817 0.133666
0.0378868 0.133432
0.0379568 0.132888
0.0380269 0.132646
0.0380971 0.132113
0.0381675 0.131864
0.0382379 0.131332
0.0383085 0.131078
0.0383793 0.130552
0.0384502 0.130287
0.0385212 0.129766
0.0385923 0.129497
0.0386636 0.128978
0.038735 0.128702
0.0388065 0.128191
0.0388781 0.127908
0.0389499 0.12741
0.0390219 0.127129
0.0390939 0.126661
0.0391661 0.126373
0.0392384 0.125923
0.0393109 0.125621
0.0393835 0.125179
0.0394562 0.124862
0.0395291 0.124431
0.0396021 0.124102
0.0396752 0.123679
0.0397485 0.123335
0.0398219 0.122926
0.0398954 0.122565
0.0399691 0.122175
0.0400429 0.121792
0.0401168 0.12143
0.0401909 0.121037
0.0402651 0.120715
0.0403395 0.12029
0.040414 0.120006
0.0404886 0.119492
0.0405633 0.119293
0.0406383 0.118781
0.0407133 0.118576
0.0407885 0.118066
0.0408638 0.117853
0.0409393 0.117349
0.0410149 0.117132
0.0410906 0.116633
0.0411665 0.116408
0.0412425 0.115918
0.0413186 0.115698
0.0413949 0.115234
0.0414714 0.115014
0.041548 0.114561
0.0416247 0.114331
0.0417016 0.113886
0.0417786 0.113646
0.0418557 0.113203
0.041933 0.112961
0.0420104 0.112521
0.042088 0.11227
0.0421657 0.111839
0.0422436 0.111577
0.0423216 0.111152
0.0423998 0.110888
0.042478 0.110475
0.0425565 0.110207
0.0426351 0.109821
0.0427138 0.109545
0.0427927 0.109177
0.0428717 0.108888
0.0429509 0.108529
0.0430302 0.108228
0.0431096 0.107882
0.0431892 0.107556
0.043269 0.107229
0.0433489 0.106885
0.0434289 0.106575
0.0435091 0.106203
0.0435895 0.10592
0.04367 0.105505
0.0437506 0.105275
0.0438314 0.104824
0.0439124 0.104647
0.0439934 0.104216
0.0440747 0.104034
0.0441561 0.103598
0.0442376 0.103413
0.0443193 0.102984
0.0444011 0.10279
0.0444831 0.102364
0.0445653 0.102167
0.0446476 0.10174
0.04473 0.101541
0.0448126 0.101119
0.0448954 0.100913
0.0449783 0.100499
0.0450613 0.100297
0.0451445 0.0999021
0.0452279 0.0996989
0.0453114 0.0993197
0.0453951 0.0991059
0.0454789 0.0987308
0.0455629 0.0985087
0.045647 0.0981406
0.0457313 0.0979089
0.0458158 0.0975451
0.0459004 0.0973073
0.0459851 0.0969506
0.0460701 0.0967026
0.0461551 0.0963564
0.0462404 0.0960975
0.0463257 0.0957642
0.0464113 0.0955046
0.046497 0.0951936
0.0465829 0.0949255
0.0466689 0.0946335
0.0467551 0.0943494
0.0468414 0.0940729
0.0469279 0.0937642
0.0470145 0.0935083
0.0471014 0.0931705
0.0471883 0.092939
0.0472755 0.0925278
0.0473628 0.0923711
0.0474502 0.0919618
0.0475379 0.0918026
0.0476256 0.0913986
0.0477136 0.0912365
0.0478017 0.0908547
0.04789 0.090692
0.0479784 0.0903249
0.048067 0.0901578
0.0481558 0.0897905
0.0482447 0.0896166
0.0483338 0.0892544
0.048423 0.0890783
0.0485124 0.0887157
0.048602 0.0885323
0.0486918 0.0881755
0.0487817 0.0879892
0.0488718 0.0876342
0.048962 0.0874453
0.0490524 0.0870956
0.049143 0.0869077
0.0492338 0.0865758
0.0493247 0.0863821
0.0494158 0.0860677
0.049507 0.0858675
0.0495984 0.0855572
0.04969 0.0853472
0.0497818 0.085045
0.0498737 0.0848232
0.0499658 0.0845282
0.0500581 0.0842991
0.0501505 0.0840137
0.0502431 0.0837729
0.0503359 0.0834954
0.0504288 0.0832415
0.050522 0.0829808
0.0506153 0.0827202
0.0507087 0.0824834
0.0508024 0.082212
0.0508962 0.0819987
0.0509902 0.0816941
0.0510843 0.0815105
0.0511786 0.0811586
0.0512732 0.0810183
0.0513678 0.08067
0.0514627 0.0805262
0.0515577 0.0801771
0.0516529 0.0800322
0.0517483 0.0796872
0.0518439 0.0795372
0.0519396 0.0791972
0.0520355 0.0790471
0.0521316 0.078721
0.0522279 0.0785715
0.0523243 0.0782599
0.0524209 0.0781037
0.0525177 0.0777953
0.0526147 0.0776365
0.0527119 0.0773273
0.0528092 0.0771644
0.0529067 0.0768592
0.0530044 0.0766889
0.0531023 0.0763883
0.0532004 0.0762145
0.0532986 0.0759201
0.053397 0.0757393
0.0534956 0.0754505
0.0535944 0.075268
0.0536934 0.0749965
0.0537925 0.0748121
0.0538919 0.0745569
0.0539914 0.0743641
0.0540911 0.0741107
0.054191 0.073909
0.054291 0.0736655
0.0543913 0.0734539
0.0544917 0.0732184
0.0545924 0.0729925
0.0546932 0.0727703
0.0547942 0.0725271
0.0548954 0.0723212
0.0549967 0.0720559
0.0550983 0.0718734
0.0552 0.0715695
0.055302 0.0714411
0.0554041 0.0711408
0.0555064 0.0710192
0.0556089 0.0707191
0.0557116 0.0705945
0.0558144 0.0702973
0.0559175 0.0701678
0.0560208 0.0698734
0.0561242 0.0697408
0.0562279 0.0694459
0.0563317 0.0693099
0.0564357 0.0690189
0.0565399 0.0688804
0.0566443 0.0685951
0.0567489 0.0684548
0.0568537 0.068179
0.0569587 0.0680405
0.0570639 0.0677787
0.0571693 0.0676365
0.0572748 0.0673768
0.0573806 0.0672287
0.0574866 0.0669715
0.0575927 0.0668167
0.0576991 0.0665642
0.0578056 0.0664045
0.0579124 0.0661572
0.0580193 0.0659918
0.0581264 0.0657508
0.0582338 0.065578
0.0583413 0.0653437
0.058449 0.0651682
0.058557 0.0649484
0.0586651 0.0647705
0.0587734 0.0645656
0.058882 0.0643778
0.0589907 0.0641805
0.0590996 0.0639807
0.0592088 0.0637946
0.0593181 0.0635782
0.0594276 0.0634053
0.0595374 0.0631664
0.0596473 0.0630166
0.0597575 0.062736
0.0598678 0.0626265
0.0599784 0.0623494
0.0600891 0.0622398
0.0602001 0.0619693
0.0603112 0.0618614
0.0604226 0.0616075
0.0605342 0.0614954
0.060646 0.0612429
0.060758 0.0611271
0.0608702 0.0608752
0.0609826 0.0607554
0.0610952 0.0605066
0.061208 0.0603844
0.061321 0.0601367
0.0614343 0.0600102
0.0615477 0.0597645
0.0616614 0.0596357
0.0617752 0.059395
0.0618893 0.0592646
0.0620036 0.0590334
0.0621181 0.0589034
0.0622328 0.0586862
0.0623477 0.0585501
0.0624628 0.0583349
0.0625782 0.0581938
0.0626937 0.0579831
0.0628095 0.0578387
0.0629255 0.0576305
0.0630417 0.0574776
0.0631581 0.0572749
0.0632747 0.0571164
0.0633916 0.0569217
0.0635086 0.056754
0.0636259 0.056568
0.0637434 0.0563938
0.0638611 0.0562233
0.063979 0.0560455
0.0640972 0.0558908
0.0642155 0.0556977
0.0643341 0.0555558
0.0644529 0.0553303
0.0645719 0.0552207
0.0646912 0.0549785
0.0648106 0.0548825
0.0649303 0.0546411
0.0650502 0.0545432
0.0651703 0.0543038
0.0652907 0.054204
0.0654113 0.0539672
0.065532 0.0538652
0.0656531 0.053636
0.0657743 0.0535354
0.0658957 0.0533213
0.0660174 0.053218
0.0661393 0.0530054
0.0662615 0.0528973
0.0663838 0.0526861
0.0665064 0.0525751
0.0666292 0.0523648
0.0667523 0.0522529
0.0668755 0.0520441
0.066999 0.0519285
0.0671227 0.0517232
0.0672467 0.051601
0.0673709 0.0514012
0.0674953 0.0512797
0.0676199 0.0510879
0.0677448 0.0509646
0.0678699 0.0507865
0.0679952 0.0506574
0.0681208 0.0504832
0.0682466 0.0503486
0.0683726 0.0501774
0.0684988 0.0500371
0.0686253 0.0498708
0.0687521 0.0497218
0.068879 0.0495649
0.0690062 0.0494063
0.0691336 0.0492574
0.0692613 0.0490866
0.0693892 0.0489504
0.0695173 0.0487655
0.0696457 0.0486507
0.0697743 0.048444
0.0699031 0.0483622
0.0700322 0.0481564
0.0701616 0.0480715
0.0702911 0.0478668
0.0704209 0.0477795
0.070551 0.0475763
0.0706812 0.047486
0.0708118 0.0472831
0.0709425 0.0471918
0.0710735 0.0469904
0.0712048 0.0468973
0.0713362 0.046699
0.071468 0.0466049
0.0716 0.0464116
0.0717322 0.0463178
0.0718646 0.0461378
0.0719973 0.0460412
0.0721303 0.0458622
0.0722635 0.0457627
0.0723969 0.0455863
0.0725306 0.045483
0.0726645 0.0453086
0.0727987 0.0452006
0.0729332 0.0450283
0.0730678 0.0449186
0.0732028 0.0447494
0.0733379 0.044635
0.0734734 0.0444706
0.073609 0.0443532
0.073745 0.0441954
0.0738812 0.0440785
0.0740176 0.0439343
0.0741543 0.043811
0.0742912 0.0436708
0.0744284 0.0435395
0.0745658 0.0434072
0.0747035 0.0432655
0.0748415 0.043141
0.0749797 0.0429876
0.0751181 0.0428743
0.0752568 0.0426981
0.0753958 0.0426078
0.075535 0.0424157
0.0756745 0.0423411
0.0758143 0.0421523
0.0759543 0.0420801
0.0760945 0.0419045
0.076235 0.0418301
0.0763758 0.0416561
0.0765168 0.0415782
0.0766581 0.0414043
0.0767997 0.041324
0.0769415 0.0411523
0.0770836 0.0410704
0.0772259 0.0408998
0.0773685 0.0408144
0.0775114 0.040646
0.0776545 0.0405603
0.0777979 0.0403922
0.0779416 0.0403051
0.0780855 0.0401421
0.0782297 0.0400562
0.0783742 0.0399056
0.0785189 0.0398162
0.0786639 0.0396664
0.0788092 0.0395737
0.0789547 0.0394278
0.0791005 0.0393305
0.0792466 0.0391866
0.0793929 0.0390851
0.0795395 0.0389455
0.0796864 0.0388386
0.0798335 0.0387024
0.0799809 0.0385928
0.0801286 0.0384611
0.0802766 0.0383456
0.0804248 0.038223
0.0805734 0.0381079
0.0807221 0.0379969
0.0808712 0.0378722
0.0810205 0.0377685
0.0811702 0.0376311
0.08132 0.0375398
0.0814702 0.0373741
0.0816207 0.0373095
0.0817714 0.0371445
0.0819224 0.037078
0.0820737 0.0369143
0.0822252 0.0368464
0.0823771 0.0366844
0.0825292 0.0366147
0.0826816 0.0364555
0.0828342 0.0363871
0.0829872 0.0362398
0.0831405 0.0361705
0.083294 0.0360234
0.0834478 0.0359517
0.0836019 0.0358059
0.0837563 0.0357314
0.0839109 0.0355871
0.0840659 0.03551
0.0842211 0.0353661
0.0843766 0.0352879
0.0845325 0.0351466
0.0846885 0.0350661
0.0848449 0.0349277
0.0850016 0.0348443
0.0851586 0.0347092
0.0853158 0.0346275
0.0854734 0.0345031
0.0856312 0.0344176
0.0857893 0.0342953
0.0859478 0.0342064
0.0861065 0.0340869
0.0862655 0.0339942
0.0864248 0.0338771
0.0865844 0.0337801
0.0867442 0.0336673
0.0869044 0.0335632
0.0870649 0.0334571
0.0872257 0.0333459
0.0873868 0.0332468
0.0875481 0.0331275
0.0877098 0.0330393
0.0878718 0.0329124
0.088034 0.0328423
0.0881966 0.0327013
0.0883594 0.0326438
0.0885226 0.0325039
0.0886861 0.0324454
0.0888498 0.0323048
0.0890139 0.0322455
0.0891783 0.0321065
0.089343 0.0320444
0.0895079 0.0319065
0.0896732 0.0318434
0.0898388 0.0317064
0.0900047 0.0316429
0.0901709 0.0315088
0.0903374 0.0314458
0.0905043 0.0313214
0.0906714 0.0312574
0.0908388 0.0311337
0.0910066 0.0310673
0.0911746 0.030945
0.091343 0.0308763
0.0915116 0.0307556
0.0916806 0.0306844
0.0918499 0.0305652
0.0920195 0.0304914
0.0921895 0.0303748
0.0923597 0.030298
0.0925303 0.0301845
0.0927011 0.0301047
0.0928723 0.0299958
0.0930438 0.0299175
0.0932156 0.0298159
0.0933877 0.0297342
0.0935602 0.0296367
0.093733 0.0295502
0.0939061 0.0294562
0.0940795 0.029364
0.0942532 0.0292755
0.0944272 0.0291765
0.0946016 0.0290939
0.0947763 0.0289845
0.0949513 0.0289113
0.0951266 0.0287794
0.0953023 0.0287296
0.0954783 0.0285992
0.0956546 0.0285504
0.0958312 0.0284283
0.0960082 0.0283774
0.0961855 0.0282577
0.0963631 0.0282056
0.0965411 0.0280866
0.0967193 0.0280318
0.0968979 0.0279137
0.0970769 0.0278581
0.0972561 0.0277404
0.0974357 0.0276843
0.0976156 0.0275669
0.0977959 0.0275086
0.0979765 0.0273939
0.0981574 0.0273339
0.0983387 0.0272211
0.0985203 0.0271637
0.0987022 0.0270581
0.0988845 0.0269986
0.0990671 0.0268962
0.09925 0.0268336
0.0994333 0.0267325
0.0996169 0.0266685
0.0998008 0.0265688
0.0999851 0.0265018
0.10017 0.0264048
0.100355 0.0263339
0.10054 0.0262393
0.100726 0.0261659
0.100912 0.0260744
0.101098 0.0259984
0.101285 0.0259119
0.101472 0.0258349
0.101659 0.0257557
0.101847 0.0256744
0.102035 0.0256006
0.102223 0.0255125
0.102412 0.025444
0.102601 0.025345
0.102791 0.025288
0.102981 0.0251747
0.103171 0.0251299
0.103361 0.0250182
0.103552 0.0249723
0.103743 0.0248604
0.103935 0.0248142
0.104127 0.024705
0.104319 0.0246583
0.104512 0.024556
0.104705 0.0245091
0.104898 0.0244082
0.105092 0.0243605
0.105286 0.02426
0.10548 0.0242102
0.105675 0.0241106
0.10587 0.0240598
0.106066 0.023961
0.106262 0.023909
0.106458 0.0238114
0.106654 0.0237573
0.106851 0.0236613
0.107049 0.0236064
0.107246 0.023513
0.107444 0.0234574
0.107643 0.02337
0.107841 0.0233139
0.108041 0.0232293
0.10824 0.0231704
0.10844 0.0230878
0.10864 0.0230256
0.108841 0.022945
0.109042 0.0228803
0.109243 0.022802
0.109445 0.0227334
0.109647 0.0226588
0.10985 0.0225864
0.110052 0.0225157
0.110256 0.0224389
0.110459 0.0223744
0.110663 0.0222937
0.110868 0.022238
0.111072 0.0221415
0.111277 0.0221038
0.111483 0.0220073
0.111689 0.0219687
0.111895 0.0218726
0.112102 0.0218323
0.112309 0.0217373
0.112516 0.021696
0.112724 0.0216017
0.112932 0.0215595
0.11314 0.0214658
0.113349 0.0214222
0.113559 0.0213305
0.113768 0.0212883
0.113978 0.0212012
0.114189 0.0211576
0.1144 0.0210735
0.114611 0.0210289
0.114823 0.0209448
0.115035 0.0208992
0.115247 0.0208158
0.11546 0.0207687
0.115673 0.020686
0.115887 0.0206367
0.116101 0.0205558
0.116315 0.0205052
0.11653 0.0204258
0.116745 0.0203733
0.116961 0.0202973
0.117177 0.020244
0.117393 0.0201728
0.11761 0.0201189
0.117827 0.0200511
0.118045 0.0199941
0.118263 0.0199279
0.118481 0.0198674
0.1187 0.0198041
0.118919 0.0197397
0.119139 0.0196807
0.119359 0.0196109
0.119579 0.0195564
0.1198 0.0194788
0.120021 0.0194324
0.120243 0.0193434
0.120465 0.0193095
0.120687 0.0192256
0.12091 0.0191916
0.121133 0.0191095
0.121357 0.0190749
0.121581 0.0189936
0.121806 0.0189574
0.12203 0.0188766
0.122256 0.0188394
0.122482 0.0187591
0.122708 0.018721
0.122934 0.0186414
0.123161 0.0186022
0.123389 0.0185235
0.123617 0.0184841
0.123845 0.018406
0.124074 0.0183669
0.124303 0.0182934
0.124532 0.0182532
0.124762 0.0181827
0.124993 0.0181413
0.125223 0.0180717
0.125455 0.0180285
0.125686 0.0179594
0.125918 0.0179145
0.126151 0.0178473
0.126384 0.0178005
0.126617 0.0177349
0.126851 0.0176863
0.127085 0.0176217
0.12732 0.0175714
0.127555 0.0175101
0.127791 0.0174594
0.128027 0.0174025
0.128263 0.0173497
0.1285 0.0172971
0.128737 0.01724
0.128975 0.0171909
0.129213 0.0171287
0.129452 0.0170837
0.129691 0.0170108
0.12993 0.0169773
0.13017 0.0169002
0.130411 0.0168697
0.130651 0.0167931
0.130893 0.0167621
0.131134 0.0166869
0.131376 0.016656
0.131619 0.0165845
0.131862 0.0165531
0.132106 0.016484
0.13235 0.0164517
0.132594 0.0163831
0.132839 0.0163497
0.133084 0.016282
0.13333 0.0162473
0.133576 0.0161797
0.133823 0.0161446
0.13407 0.0160774
0.134317 0.0160415
0.134565 0.0159754
0.134814 0.0159384
0.135063 0.0158737
0.135312 0.0158363
0.135562 0.0157753
0.135812 0.0157383
0.136063 0.0156798
0.136315 0.0156408
0.136566 0.0155839
0.136818 0.0155428
0.137071 0.0154868
0.137324 0.015444
0.137578 0.0153898
0.137832 0.0153453
0.138086 0.0152923
0.138341 0.015245
0.138597 0.0151952
0.138853 0.0151451
0.139109 0.0150986
0.139366 0.0150464
0.139623 0.0150049
0.139881 0.0149492
0.14014 0.0149138
0.140398 0.014848
0.140658 0.0148216
0.140917 0.0147564
0.141177 0.0147294
0.141438 0.0146639
0.141699 0.0146363
0.141961 0.0145716
0.142223 0.0145433
0.142486 0.0144791
0.142749 0.0144502
0.143013 0.0143868
0.143277 0.0143579
0.143541 0.0142976
0.143806 0.0142687
0.144072 0.0142108
0.144338 0.0141809
0.144604 0.0141232
0.144871 0.0140923
0.145139 0.0140354
0.145407 0.0140034
0.145675 0.0139473
0.145944 0.0139143
0.146214 0.013859
0.146484 0.0138248
0.146754 0.0137702
0.147025 0.0137356
0.147297 0.0136822
0.147569 0.0136475
0.147841 0.0135972
0.148114 0.0135616
0.148388 0.0135141
0.148662 0.013477
0.148937 0.0134311
0.149212 0.0133919
0.149487 0.0133472
0.149763 0.0133056
0.15004 0.0132633
0.150317 0.0132183
0.150594 0.0131792
0.150872 0.0131303
0.151151 0.0130946
0.15143 0.0130386
0.15171 0.0130113
0.15199 0.0129527
0.152271 0.0129301
0.152552 0.0128741
0.152833 0.0128509
0.153116 0.0127951
0.153398 0.0127712
0.153682 0.0127157
0.153965 0.0126907
0.15425 0.0126357
0.154535 0.0126101
0.15482 0.0125557
0.155106 0.0125296
0.155392 0.0124757
0.155679 0.0124488
0.155967 0.0123958
0.156255 0.0123689
0.156543 0.0123178
0.156832 0.0122916
0.157122 0.0122431
0.157412 0.0122157
0.157703 0.0121677
0.157994 0.0121388
0.158286 0.0120916
0.158578 0.0120622
0.158871 0.0120158
0.159164 0.0119846
0.159458 0.0119394
0.159753 0.011907
0.160048 0.011863
0.160343 0.0118294
0.160639 0.0117867
0.160936 0.0117528
0.161233 0.0117126
0.161531 0.0116782
0.161829 0.0116411
0.162128 0.0116041
0.162427 0.0115689
0.162727 0.0115289
0.163028 0.0114962
0.163329 0.0114524
0.16363 0.0114235
0.163933 0.0113711
0.164235 0.0113504
0.164539 0.0112985
0.164842 0.0112773
0.165147 0.0112259
0.165452 0.0112047
0.165757 0.0111554
0.166063 0.0111341
0.16637 0.0110871
0.166677 0.0110654
0.166985 0.0110187
0.167293 0.0109965
0.167602 0.01095
0.167912 0.0109271
0.168222 0.010881
0.168532 0.0108572
0.168844 0.0108117
0.169155 0.0107873
0.169468 0.010742
0.169781 0.0107174
0.170094 0.0106731
0.170408 0.0106481
0.170723 0.0106059
0.171038 0.0105805
0.171354 0.0105405
0.171671 0.0105148
0.171988 0.0104752
0.172305 0.0104483
0.172623 0.0104095
0.172942 0.0103814
0.173261 0.0103435
0.173581 0.0103139
0.173902 0.0102773
0.174223 0.0102463
0.174545 0.0102111
0.174867 0.0101783
0.17519 0.0101454
0.175514 0.0101111
0.175838 0.010081
0.176162 0.0100456
0.176488 0.010019
0.176814 0.00997811
0.17714 0.00995655
0.177467 0.00991184
0.177795 0.00989358
0.178123 0.00984897
0.178452 0.00983054
0.178782 0.00978604
0.179112 0.00976727
0.179443 0.00972333
0.179774 0.00970387
0.180106 0.00966032
0.180438 0.0096407
0.180772 0.00959888
0.181105 0.00957953
0.18144 0.0095401
0.181775 0.00951992
0.182111 0.00948085
0.182447 0.00946048
0.182784 0.00942136
0.183121 0.00940018
0.183459 0.00936151
0.183798 0.00933974
0.184138 0.00930167
0.184478 0.00927918
0.184818 0.00924149
0.18516 0.00921839
0.185502 0.00918192
0.185844 0.00915836
0.186187 0.00912335
0.186531 0.00909985
0.186876 0.00906746
0.187221 0.00904288
0.187566 0.00901083
0.187913 0.0089852
0.18826 0.0089542
0.188607 0.0089268
0.188956 0.00889727
0.189305 0.00886835
0.189654 0.00884027
0.190004 0.0088091
0.190355 0.00878319
0.190707 0.00874887
0.191059 0.00872634
0.191412 0.00868586
0.191765 0.00867063
0.192119 0.00863261
0.192474 0.00861679
0.192829 0.00857895
0.193186 0.00856271
0.193542 0.00852507
0.1939 0.00850842
0.194258 0.00847094
0.194616 0.00845361
0.194976 0.00841639
0.195336 0.00839898
0.195697 0.00836208
0.196058 0.00834416
0.19642 0.00830782
0.196783 0.00828973
0.197146 0.00825439
0.19751 0.0082364
0.197875 0.00820317
0.19824 0.00818482
0.198606 0.00815207
0.198973 0.00813303
0.199341 0.00810073
0.199709 0.00808079
0.200077 0.00804878
0.200447 0.00802828
0.200817 0.00799693
0.201188 0.00797568
0.201559 0.00794481
0.201932 0.00792265
0.202304 0.0078929
0.202678 0.00787032
0.203052 0.00784189
0.203427 0.0078195
0.203803 0.00779346
0.204179 0.00776925
0.204556 0.00774445
0.204934 0.00771862
0.205312 0.00769524
0.205692 0.0076673
0.206071 0.00764581
0.206452 0.00761431
0.206833 0.00759635
0.207215 0.00756102
0.207598 0.0075466
0.207981 0.00751182
0.208365 0.00749741
0.20875 0.00746297
0.209135 0.007449
0.209522 0.0074171
0.209908 0.00740243
0.210296 0.00737072
0.210684 0.00735576
0.211073 0.00732394
0.211463 0.00730866
0.211854 0.00727725
0.212245 0.00726139
0.212637 0.00723026
0.21303 0.00721416
0.213423 0.00718312
0.213817 0.00716657
0.214212 0.00713616
0.214607 0.00711933
0.215004 0.00708982
0.215401 0.00707321
0.215799 0.00704576
0.216197 0.00702848
0.216596 0.00700147
0.216996 0.00698346
0.217397 0.00695696
0.217798 0.00693805
0.218201 0.0069122
0.218603 0.00689267
0.219007 0.0068672
0.219412 0.00684677
0.219817 0.00682232
0.220223 0.00680092
0.220629 0.00677746
0.221037 0.00675517
0.221445 0.00673344
0.221854 0.00671071
0.222263 0.00669142
0.222674 0.00666634
0.223085 0.00664903
0.223497 0.0066187
0.22391 0.00660658
0.224323 0.00657626
0.224737 0.00656385
0.225152 0.00653372
0.225568 0.00652081
0.225985 0.006491
0.226402 0.00647793
0.22682 0.00644845
0.227239 0.00643511
0.227659 0.00640613
0.228079 0.00639307
0.2285 0.00636623
0.228922 0.006353
0.229345 0.00632618
0.229768 0.00631236
0.230193 0.00628595
0.230618 0.00627158
0.231044 0.00624527
0.23147 0.00623086
0.231898 0.00620466
0.232326 0.00618987
0.232755 0.00616405
0.233185 0.00614845
0.233615 0.00612337
0.234047 0.00610761
0.234479 0.00608313
0.234912 0.00606761
0.235346 0.00604519
0.23578 0.00602876
0.236216 0.00600678
0.236652 0.00598964
0.237089 0.0059682
0.237527 0.00595035
0.237965 0.00592969
0.238405 0.00591061
0.238845 0.00589082
0.239286 0.00587053
0.239728 0.00585204
0.240171 0.00583015
0.240614 0.00581324
0.241058 0.00578899
0.241504 0.00577509
0.24195 0.00574928
0.242396 0.00573858
0.242844 0.00571306
0.243292 0.00570206
0.243742 0.00567634
0.244192 0.00566526
0.244643 0.00563985
0.245094 0.00562807
0.245547 0.00560299
0.246 0.00559112
0.246455 0.00556607
0.24691 0.00555401
0.247366 0.00552915
0.247822 0.00551692
0.24828 0.00549252
0.248739 0.00548074
0.249198 0.0054579
0.249658 0.00544572
0.250119 0.00542329
0.250581 0.00541051
0.251044 0.00538832
0.251507 0.00537524
0.251972 0.0053534
0.252437 0.00533963
0.252903 0.00531805
0.25337 0.00530398
0.253838 0.00528286
0.254307 0.00526825
0.254776 0.00524773
0.255247 0.00523267
0.255718 0.00521282
0.25619 0.00519788
0.256663 0.00517976
0.257137 0.0051642
0.257612 0.00514672
0.258088 0.00512997
0.258565 0.00511343
0.259042 0.00509556
0.25952 0.00508007
0.26 0.0050605
0.26048 0.00504641
0.260961 0.00502246
0.261443 0.00501286
0.261925 0.004989
0.262409 0.00497938
0.262894 0.0049558
0.263379 0.00494626
0.263865 0.00492445
0.264353 0.00491464
0.264841 0.0048931
0.26533 0.00488302
0.26582 0.00486148
0.266311 0.00485112
0.266803 0.00482975
0.267295 0.00481918
0.267789 0.00479794
0.268283 0.00478705
0.268779 0.00476603
0.269275 0.00475492
0.269772 0.00473411
0.27027 0.00472289
0.27077 0.00470253
0.27127 0.00469149
0.27177 0.00467247
0.272272 0.00466099
0.272775 0.00464247
0.273279 0.00463064
0.273783 0.00461235
0.274289 0.00460009
0.274796 0.00458222
0.275303 0.00456915
0.275811 0.00455173
0.276321 0.00453835
0.276831 0.00452142
0.277342 0.00450735
0.277854 0.00449101
0.278367 0.00447618
0.278881 0.00446088
0.279396 0.00444612
0.279912 0.00443221
0.280429 0.00441627
0.280947 0.00440349
0.281466 0.0043859
0.281986 0.00437473
0.282506 0.00435426
0.283028 0.00434574
0.283551 0.00432539
0.284074 0.00431679
0.284599 0.00429635
0.285124 0.00428765
0.285651 0.00426753
0.286178 0.00425855
0.286707 0.00423879
0.287236 0.00422992
0.287767 0.00421143
0.288298 0.00420244
0.28883 0.00418433
0.289364 0.00417505
0.289898 0.00415703
0.290433 0.00414756
0.29097 0.00412956
0.291507 0.00411982
0.292045 0.00410206
0.292585 0.00409194
0.293125 0.00407447
0.293666 0.00406418
0.294208 0.00404702
0.294752 0.00403639
0.295296 0.0040196
0.295841 0.00400907
0.296388 0.00399355
0.296935 0.00398274
0.297483 0.00396768
0.298033 0.00395642
0.298583 0.00394147
0.299134 0.00392969
0.299687 0.0039154
0.30024 0.00390298
0.300795 0.00388909
0.30135 0.00387596
0.301906 0.00386287
0.302464 0.00384885
0.303022 0.0038366
0.303582 0.00382146
0.304143 0.00381063
0.304704 0.00379385
0.305267 0.00378578
0.305831 0.00376835
0.306395 0.00376101
0.306961 0.00374364
0.307528 0.00373614
0.308096 0.00371881
0.308665 0.00371111
0.309235 0.00369399
0.309806 0.00368604
0.310378 0.00366897
0.310951 0.00366087
0.311525 0.003644
0.312101 0.00363578
0.312677 0.00361929
0.313254 0.00361109
0.313833 0.00359544
0.314412 0.0035872
0.314993 0.00357195
0.315574 0.00356347
0.316157 0.00354838
0.316741 0.0035396
0.317326 0.00352466
0.317912 0.0035155
0.318499 0.00350083
0.319087 0.0034915
0.319676 0.00347711
0.320267 0.00346734
0.320858 0.00345327
0.321451 0.00344317
0.322044 0.00342958
0.322639 0.00341959
0.323235 0.0034069
0.323832 0.00339664
0.32443 0.00338448
0.325029 0.00337355
0.325629 0.00336205
0.32623 0.00335039
0.326833 0.0033394
0.327436 0.00332685
0.328041 0.00331667
0.328646 0.00330288
0.329253 0.00329403
0.329861 0.00327788
0.33047 0.00327132
0.331081 0.00325541
0.331692 0.0032489
0.332305 0.00323379
0.332918 0.00322717
0.333533 0.0032125
0.334149 0.00320572
0.334766 0.00319114
0.335384 0.00318417
0.336003 0.00316963
0.336624 0.00316246
0.337246 0.0031481
0.337868 0.00314083
0.338492 0.00312653
0.339117 0.00311902
0.339743 0.00310487
0.340371 0.00309721
0.340999 0.00308338
0.341629 0.00307585
0.34226 0.00306279
0.342892 0.00305505
0.343525 0.00304255
0.344159 0.00303451
0.344795 0.00302207
0.345432 0.00301393
0.34607 0.00300161
0.346709 0.00299318
0.347349 0.00298113
0.34799 0.00297231
0.348633 0.00296046
0.349277 0.00295126
0.349922 0.00293997
0.350568 0.0029304
0.351215 0.00291954
0.351864 0.00290985
0.352513 0.00289993
0.353164 0.00288978
0.353817 0.00288066
0.35447 0.00286954
0.355125 0.0028612
0.35578 0.0028484
0.356437 0.00284172
0.357095 0.00282795
0.357755 0.00282214
0.358416 0.00280838
0.359077 0.00280251
0.35974 0.00278886
0.360405 0.00278291
0.36107 0.00276945
0.361737 0.00276348
0.362405 0.00275069
0.363074 0.00274463
0.363745 0.00273234
0.364416 0.00272616
0.365089 0.00271395
0.365763 0.0027075
0.366439 0.00269539
0.367116 0.00268885
0.367793 0.00267671
0.368473 0.00267006
0.369153 0.00265811
0.369835 0.00265125
0.370518 0.00263949
0.371202 0.00263242
0.371887 0.00262091
0.372574 0.00261393
0.373262 0.00260313
0.373951 0.00259591
0.374642 0.0025856
0.375334 0.00257808
0.376027 0.00256801
0.376721 0.00256019
0.377417 0.00255027
0.378114 0.00254216
0.378812 0.00253258
0.379511 0.002524
0.380212 0.00251481
0.380914 0.00250573
0.381618 0.00249706
0.382322 0.00248732
0.383028 0.00247945
0.383736 0.00246922
0.384444 0.0024624
0.385154 0.00245068
0.385866 0.00244575
0.386578 0.00243402
0.387292 0.00242894
0.388007 0.00241725
0.388724 0.00241203
0.389441 0.00240047
0.390161 0.00239507
0.390881 0.0023836
0.391603 0.0023781
0.392326 0.00236669
0.39305 0.00236121
0.393776 0.00234994
0.394503 0.00234446
0.395232 0.00233374
0.395962 0.0023282
0.396693 0.00231793
0.397425 0.00231217
0.398159 0.00230195
0.398895 0.00229608
0.399631 0.00228602
0.400369 0.00227996
0.401108 0.00227006
0.401849 0.00226377
0.402591 0.00225393
0.403335 0.0022475
0.404079 0.00223786
0.404826 0.00223124
0.405573 0.00222189
0.406322 0.00221523
0.407072 0.0022064
0.407824 0.00219967
0.408577 0.00219127
0.409332 0.00218418
0.410088 0.00217609
0.410845 0.00216853
0.411604 0.00216087
0.412364 0.00215277
0.413125 0.00214555
0.413888 0.00213682
0.414652 0.00213022
0.415418 0.00212034
0.416185 0.0021149
0.416954 0.00210411
0.417723 0.00209965
0.418495 0.0020893
0.419268 0.00208492
0.420042 0.00207497
0.420818 0.00207049
0.421595 0.00206067
0.422373 0.00205597
0.423153 0.00204619
0.423934 0.0020414
0.424717 0.00203166
0.425502 0.00202678
0.426287 0.00201714
0.427075 0.00201213
0.427863 0.00200262
0.428653 0.00199755
0.429445 0.00198812
0.430238 0.00198303
0.431032 0.00197403
0.431828 0.00196895
0.432626 0.00196041
0.433425 0.00195518
0.434225 0.00194668
0.435027 0.00194129
0.43583 0.00193297
0.436635 0.00192731
0.437441 0.00191915
0.438249 0.00191326
0.439058 0.00190529
0.439869 0.00189922
0.440681 0.00189139
0.441495 0.00188513
0.44231 0.00187764
0.443127 0.00187116
0.443945 0.00186425
0.444765 0.00185767
0.445586 0.00185125
0.446409 0.00184416
0.447234 0.0018382
0.448059 0.00183039
0.448887 0.00182505
0.449716 0.00181576
0.450546 0.00181187
0.451378 0.00180263
0.452212 0.00179865
0.453047 0.00178946
0.453883 0.00178542
0.454722 0.00177636
0.455561 0.00177232
0.456402 0.0017636
0.457245 0.00175951
0.45809 0.00175126
0.458935 0.00174712
0.459783 0.00173888
0.460632 0.00173462
0.461483 0.00172647
0.462335 0.00172208
0.463189 0.00171398
0.464044 0.00170946
0.464901 0.00170141
0.465759 0.00169683
0.466619 0.00168892
0.467481 0.00168422
0.468344 0.0016765
0.469209 0.00167175
0.470076 0.0016643
0.470944 0.00165958
0.471813 0.00165257
0.472684 0.00164766
0.473557 0.00164076
0.474432 0.00163564
0.475308 0.00162885
0.476186 0.00162354
0.477065 0.00161693
0.477946 0.00161142
0.478828 0.00160507
0.479713 0.00159914
0.480598 0.00159312
0.481486 0.00158687
0.482375 0.00158128
0.483266 0.00157471
0.484158 0.00156969
0.485052 0.00156269
0.485948 0.00155851
0.486845 0.00155068
0.487744 0.00154721
0.488645 0.00153947
0.489547 0.00153595
0.490451 0.00152813
0.491357 0.00152458
0.492264 0.00151687
0.493173 0.00151318
0.494084 0.00150553
0.494996 0.00150183
0.495911 0.00149422
0.496826 0.00149052
0.497744 0.00148319
0.498663 0.0014795
0.499584 0.00147258
0.500506 0.00146881
0.50143 0.00146189
0.502356 0.001458
0.503284 0.00145119
0.504213 0.00144716
0.505144 0.00144044
0.506077 0.00143632
0.507012 0.00142968
0.507948 0.00142542
0.508886 0.00141889
0.509826 0.0014145
0.510767 0.00140817
0.51171 0.00140368
0.512655 0.00139767
0.513602 0.00139325
0.51455 0.00138756
0.515501 0.00138291
0.516453 0.00137742
0.517406 0.00137254
0.518362 0.00136721
0.519319 0.00136208
0.520278 0.00135701
0.521239 0.00135147
0.522201 0.00134678
0.523165 0.00134077
0.524131 0.0013365
0.525099 0.00132928
0.526069 0.00132633
0.52704 0.00131929
0.528014 0.00131636
0.528989 0.00130974
0.529966 0.00130669
0.530944 0.00130012
0.531925 0.00129702
0.532907 0.00129048
0.533891 0.00128731
0.534877 0.00128077
0.535865 0.00127751
0.536854 0.00127108
0.537845 0.00126778
0.538839 0.00126135
0.539834 0.00125797
0.54083 0.00125169
0.541829 0.00124828
0.54283 0.00124215
0.543832 0.00123882
0.544836 0.00123305
0.545842 0.00122962
0.54685 0.00122392
0.54786 0.00122031
0.548872 0.00121473
0.549885 0.00121104
0.550901 0.00120551
0.551918 0.00120169
0.552937 0.00119629
0.553958 0.00119228
0.554981 0.00118702
0.556006 0.00118292
0.557033 0.00117781
0.558061 0.00117363
0.559092 0.0011688
0.560124 0.00116454
0.561159 0.00116011
0.562195 0.00115559
0.563233 0.0011514
0.564273 0.00114653
0.565315 0.00114265
0.566359 0.00113722
0.567405 0.00113389
0.568453 0.00112773
0.569502 0.00112507
0.570554 0.00111898
0.571608 0.00111628
0.572663 0.00111018
0.573721 0.00110753
0.57478 0.00110162
0.575842 0.0010989
0.576905 0.00109342
0.57797 0.00109067
0.579037 0.00108518
0.580107 0.00108238
0.581178 0.00107693
0.582251 0.00107402
0.583326 0.00106859
0.584404 0.00106569
0.585483 0.00106028
0.586564 0.0010573
0.587647 0.00105198
0.588732 0.00104888
0.589819 0.00104367
0.590908 0.00104056
0.592 0.00103553
0.593093 0.00103241
0.594188 0.00102769
0.595285 0.00102449
0.596385 0.00101988
0.597486 0.00101654
0.598589 0.00101201
0.599694 0.00100855
0.600802 0.00100409
0.601911 0.0010005
0.603023 0.000996187
0.604136 0.000992444
0.605252 0.000988279
0.60637 0.000984289
0.607489 0.000980387
0.608611 0.000976209
0.609735 0.000972638
0.610861 0.000968356
0.611989 0.000965191
0.613119 0.000960103
0.614251 0.00095776
0.615386 0.000952565
0.616522 0.000950267
0.61766 0.000945082
0.618801 0.000942729
0.619944 0.00093761
0.621088 0.000935202
0.622235 0.000930126
0.623384 0.000927687
0.624535 0.000922631
0.625689 0.00092017
0.626844 0.000915237
0.628002 0.000912836
0.629161 0.000908272
0.630323 0.000905764
0.631487 0.000901214
0.632653 0.00089867
0.633821 0.000894139
0.634992 0.000891539
0.636164 0.000887065
0.637339 0.000884382
0.638516 0.000879955
0.639695 0.000877177
0.640876 0.000872835
0.64206 0.000870006
0.643246 0.000865763
0.644433 0.000862868
0.645623 0.00085878
0.646816 0.000855896
0.64801 0.000852092
0.649207 0.000849113
0.650405 0.000845416
0.651606 0.000842288
0.65281 0.000838693
0.654015 0.000835405
0.655223 0.000831936
0.656433 0.000828472
0.657645 0.0008252
0.658859 0.000821445
0.660076 0.000818424
0.661295 0.000814326
0.662516 0.000811704
0.66374 0.000807005
0.664965 0.000805056
0.666193 0.000800727
0.667423 0.000798743
0.668656 0.000794369
0.669891 0.00079236
0.671128 0.00078804
0.672367 0.000785956
0.673608 0.000781666
0.674852 0.000779536
0.676099 0.000775276
0.677347 0.000773115
0.678598 0.000768893
0.679851 0.000766711
0.681106 0.000762518
0.682364 0.0007603
0.683624 0.000756192
0.684887 0.000754014
0.686151 0.00075022
0.687418 0.000747965
0.688688 0.000744242
0.689959 0.000741923
0.691233 0.000738233
0.69251 0.00073583
0.693789 0.000732173
0.69507 0.000729702
0.696353 0.000726134
0.697639 0.000723579
0.698928 0.000720084
0.700218 0.000717452
0.701511 0.000714023
0.702807 0.000711331
0.704104 0.000708073
0.705405 0.000705378
0.706707 0.000702388
0.708012 0.00069955
0.70932 0.000696714
0.710629 0.000693683
0.711942 0.000690998
0.713256 0.000687716
0.714574 0.000685263
0.715893 0.00068148
0.717215 0.000679538
0.718539 0.000675536
0.719866 0.000673784
0.721196 0.000669813
0.722527 0.000668067
0.723862 0.000664131
0.725198 0.000662403
0.726537 0.000658783
0.727879 0.000657008
0.729223 0.000653398
0.73057 0.000651586
0.731919 0.000648009
0.73327 0.000646155
0.734624 0.000642626
0.735981 0.000640708
0.73734 0.000637185
0.738702 0.000635244
0.740066 0.000631756
0.741432 0.00062978
0.742801 0.000626353
0.744173 0.000624339
0.745547 0.000620988
0.746924 0.000618999
0.748303 0.000615897
0.749685 0.000613864
0.75107 0.000610835
0.752456 0.000608705
0.753846 0.000605729
0.755238 0.000603519
0.756633 0.000600598
0.75803 0.000598318
0.75943 0.000595461
0.760832 0.000593101
0.762237 0.000590325
0.763644 0.000587835
0.765055 0.000585223
0.766467 0.000582614
0.767883 0.000580163
0.769301 0.000577495
0.770721 0.000575316
0.772145 0.000572451
0.77357 0.000570515
0.774999 0.000567149
0.77643 0.000565671
0.777864 0.000562333
0.7793 0.000560817
0.780739 0.000557492
0.782181 0.000555948
0.783625 0.000552657
0.785072 0.000551073
0.786522 0.000547805
0.787974 0.000546228
0.78943 0.000543004
0.790887 0.000541442
0.792348 0.000538448
0.793811 0.000536878
0.795277 0.000533924
0.796745 0.000532291
0.798217 0.000529361
0.799691 0.000527688
0.801167 0.000524775
0.802647 0.000523066
0.804129 0.000520206
0.805614 0.000518443
0.807101 0.000515627
0.808592 0.000513803
0.810085 0.000511028
0.811581 0.000509214
0.81308 0.000506496
0.814581 0.000504695
0.816085 0.000502183
0.817592 0.000500325
0.819102 0.000497875
0.820615 0.000495932
0.82213 0.000493574
0.823648 0.000491543
0.825169 0.000489239
0.826693 0.000487098
0.828219 0.00048491
0.829749 0.000482627
0.831281 0.000480583
0.832816 0.00047811
0.834354 0.000476255
0.835895 0.000473466
0.837438 0.000471999
0.838985 0.000469165
0.840534 0.000467908
0.842086 0.000465118
0.843641 0.000463846
0.845199 0.000461067
0.84676 0.00045977
0.848323 0.000457017
0.84989 0.000455676
0.851459 0.000452925
0.853031 0.000451564
0.854607 0.000448851
0.856185 0.00044748
0.857766 0.000444797
0.85935 0.000443378
0.860937 0.000440754
0.862526 0.000439383
0.864119 0.000436888
0.865715 0.000435495
0.867313 0.000433081
0.868915 0.000431641
0.87052 0.00042926
0.872127 0.00042777
0.873738 0.000425406
0.875351 0.000423881
0.876967 0.000421575
0.878587 0.000419989
0.880209 0.000417719
0.881835 0.000416085
0.883463 0.000413885
0.885094 0.000412184
0.886729 0.000410062
0.888366 0.000408387
0.890007 0.00040643
0.89165 0.000404688
0.893297 0.000402825
0.894946 0.000400977
0.896599 0.000399213
0.898255 0.000397224
0.899913 0.000395577
0.901575 0.00039342
0.90324 0.000391951
0.904908 0.000389407
0.906579 0.000388315
0.908253 0.000385792
0.90993 0.000384687
0.911611 0.000382192
0.913294 0.000381109
0.91498 0.000378767
0.91667 0.000377651
0.918363 0.00037538
0.920059 0.000374243
0.921758 0.000371974
0.92346 0.000370827
0.925165 0.000368571
0.926873 0.000367398
0.928585 0.000365162
0.9303 0.000363954
0.932018 0.000361748
0.933739 0.000360507
0.935463 0.000358319
0.93719 0.000357074
0.938921 0.000354942
0.940655 0.000353704
0.942392 0.000351715
0.944132 0.000350449
0.945875 0.000348516
0.947622 0.000347216
0.949372 0.00034531
0.951125 0.000343962
0.952881 0.00034209
0.954641 0.0003407
0.956404 0.000338876
0.95817 0.000337429
0.959939 0.000335652
0.961712 0.000334156
0.963488 0.000332439
0.965267 0.000330867
0.967049 0.000329269
0.968835 0.000327665
0.970624 0.000326213
0.972417 0.000324516
0.974212 0.000323211
0.976011 0.000321308
0.977814 0.0003202
0.979619 0.000318101
0.981428 0.000317164
0.983241 0.000315075
0.985056 0.000314138
0.986875 0.000312052
0.988698 0.000311104
0.990523 0.000309052
0.992352 0.000308079
0.994185 0.000306052
0.996021 0.000305089
0.99786 0.000303172
0.999703 0.000302215
1.00155 0.00030036
1.0034 0.000299367
1.00525 0.000297537
1.00711 0.000296529
1.00897 0.0002947
1.01083 0.000293658
1.0127 0.000291856
1.01457 0.000290792
1.01644 0.000289013
1.01832 0.000287929
1.0202 0.000286179
1.02208 0.000285069
1.02397 0.000283374
1.02586 0.000282261
1.02775 0.000280671
1.02965 0.000279538
1.03155 0.000278022
1.03346 0.000276852
1.03537 0.000275354
1.03728 0.000274141
1.03919 0.000272693
1.04111 0.000271415
1.04304 0.000270023
1.04496 0.000268666
1.04689 0.000267351
1.04882 0.000265904
1.05076 0.000264693
1.0527 0.000263126
1.05465 0.000262053
1.05659 0.000260266
1.05854 0.000259514
1.0605 0.000257795
1.06246 0.000257026
1.06442 0.000255309
1.06638 0.000254521
1.06835 0.000252819
1.07033 0.000252016
1.0723 0.000250325
1.07428 0.000249494
1.07627 0.000247824
1.07825 0.00024699
1.08025 0.000245329
1.08224 0.000244495
1.08424 0.000242855
1.08624 0.000242015
1.08825 0.000240475
1.09026 0.000239625
1.09227 0.000238142
1.09429 0.00023728
1.09631 0.00023581
1.09833 0.000234925
1.10036 0.000233476
1.10239 0.000232557
1.10443 0.000231124
1.10647 0.00023019
1.10851 0.000228781
1.11056 0.000227811
1.11261 0.000226438
1.11466 0.000225438
1.11672 0.000224113
1.11878 0.000223109
1.12085 0.00022187
1.12292 0.00022086
1.12499 0.0002197
1.12707 0.000218613
1.12915 0.000217507
1.13124 0.000216354
1.13333 0.000215309
1.13542 0.000214079
1.13751 0.000213105
1.13962 0.000211739
1.14172 0.000210906
1.14383 0.000209371
1.14594 0.000208709
1.14806 0.000207197
1.15018 0.000206546
1.1523 0.000205088
1.15443 0.000204441
1.15656 0.000203062
1.1587 0.00020239
1.16083 0.000201014
1.16298 0.000200335
1.16513 0.000198962
1.16728 0.000198267
1.16943 0.000196909
1.17159 0.0001962
1.17376 0.000194853
1.17592 0.000194135
1.1781 0.000192801
1.18027 0.000192071
1.18245 0.000190765
1.18463 0.000190038
1.18682 0.0001888
1.18901 0.00018807
1.19121 0.000186901
1.19341 0.000186142
1.19561 0.000184985
1.19782 0.0001842
1.20003 0.000183069
1.20225 0.000182257
1.20447 0.000181147
1.20669 0.000180306
1.20892 0.000179224
1.21115 0.000178353
1.21339 0.000177309
1.21563 0.000176397
1.21787 0.000175405
1.22012 0.000174478
1.22238 0.000173573
1.22463 0.000172611
1.2269 0.000171792
1.22916 0.000170748
1.23143 0.000169999
1.2337 0.000168741
1.23598 0.000168207
1.23826 0.000166955
1.24055 0.000166411
1.24284 0.000165166
1.24514 0.000164607
1.24744 0.000163379
1.24974 0.000162817
1.25205 0.000161603
1.25436 0.000161047
1.25668 0.000159882
1.259 0.000159324
1.26132 0.000158226
1.26365 0.000157663
1.26598 0.000156566
1.26832 0.00015598
1.27066 0.000154899
1.27301 0.000154301
1.27536 0.000153224
1.27772 0.000152619
1.28008 0.000151553
1.28244 0.000150935
1.28481 0.000149886
1.28718 0.000149243
1.28956 0.00014823
1.29194 0.000147593
1.29432 0.000146625
1.29671 0.000145987
1.29911 0.000145082
1.30151 0.000144414
1.30391 0.000143529
1.30632 0.000142837
1.30873 0.000141978
1.31115 0.000141252
1.31357 0.000140416
1.31599 0.000139653
1.31842 0.000138853
1.32086 0.000138046
1.3233 0.000137298
1.32574 0.000136438
1.32819 0.000135758
1.33064 0.000134833
1.3331 0.000134264
1.33556 0.000133258
1.33803 0.000132819
1.3405 0.000131822
1.34297 0.000131374
1.34545 0.000130373
1.34794 0.000129923
1.35043 0.000128929
1.35292 0.000128461
1.35542 0.00012748
1.35792 0.000127008
1.36043 0.000126034
1.36294 0.000125556
1.36546 0.000124596
1.36798 0.000124116
1.37051 0.000123197
1.37304 0.00012273
1.37557 0.000121859
1.37811 0.000121379
1.38066 0.000120519
1.38321 0.00012002
1.38576 0.000119172
1.38832 0.000118663
1.39088 0.00011783
1.39345 0.000117298
1.39603 0.000116478
1.3986 0.000115933
1.40119 0.000115133
1.40377 0.000114574
1.40637 0.000113798
1.40896 0.000113234
1.41157 0.000112496
1.41417 0.000111935
1.41678 0.000111257
1.4194 0.000110669
1.42202 0.000110011
1.42465 0.000109386
1.42728 0.000108762
1.42991 0.000108089
1.43255 0.000107507
1.4352 0.000106778
1.43785 0.00010625
1.4405 0.000105395
1.44316 0.000105002
1.44583 0.000104126
1.4485 0.000103763
1.45117 0.000102915
1.45385 0.000102557
1.45654 0.00010177
1.45923 0.000101403
1.46192 0.00010062
1.46462 0.000100247
1.46733 9.94613e-05
1.47004 9.90805e-05
1.47275 9.83021e-05
1.47547 9.79144e-05
1.47819 9.71477e-05
1.48092 9.67467e-05
1.48366 9.59871e-05
1.4864 9.5584e-05
1.48914 9.48355e-05
1.49189 9.44337e-05
1.49465 9.37177e-05
1.49741 9.33198e-05
1.50017 9.26507e-05
1.50294 9.2239e-05
1.50572 9.15807e-05
1.5085 9.11567e-05
1.51129 9.051e-05
1.51408 9.00719e-05
1.51687 8.94389e-05
1.51967 8.89817e-05
1.52248 8.83607e-05
1.52529 8.78874e-05
1.52811 8.729e-05
1.53093 8.67954e-05
1.53376 8.62236e-05
1.53659 8.57179e-05
1.53943 8.51832e-05
1.54227 8.46779e-05
1.54512 8.4198e-05
1.54797 8.36511e-05
1.55083 8.32034e-05
1.55369 8.25973e-05
1.55656 8.22095e-05
1.55944 8.15068e-05
1.56231 8.12111e-05
1.5652 8.05154e-05
1.56809 8.02155e-05
1.57099 7.95187e-05
1.57389 7.92196e-05
1.57679 7.85346e-05
1.5797 7.82349e-05
1.58262 7.7571e-05
1.58554 7.7278e-05
1.58847 7.66642e-05
1.59141 7.63614e-05
1.59434 7.5753e-05
1.59729 7.54462e-05
1.60024 7.48411e-05
1.60319 7.4523e-05
1.60615 7.39228e-05
1.60912 7.35973e-05
1.61209 7.30063e-05
1.61507 7.2672e-05
1.61805 7.20916e-05
1.62104 7.17508e-05
1.62403 7.11834e-05
1.62703 7.08388e-05
1.63003 7.02929e-05
1.63304 6.99543e-05
1.63606 6.9453e-05
1.63908 6.91073e-05
1.64211 6.86108e-05
1.64514 6.82473e-05
1.64818 6.77638e-05
1.65122 6.73851e-05
1.65427 6.69203e-05
1.65733 6.65191e-05
1.66039 6.60697e-05
1.66345 6.5648e-05
1.66652 6.52252e-05
1.6696 6.47773e-05
1.67268 6.43848e-05
1.67577 6.39066e-05
1.67887 6.35657e-05
1.68197 6.30539e-05
1.68507 6.27925e-05
1.68819 6.22451e-05
1.6913 6.20144e-05
1.69443 6.14677e-05
1.69756 6.12343e-05
1.70069 6.06904e-05
1.70383 6.04522e-05
1.70698 5.99114e-05
1.71013 5.96669e-05
1.71329 5.91321e-05
1.71645 5.88849e-05
1.71962 5.83575e-05
1.7228 5.81119e-05
1.72598 5.76015e-05
1.72916 5.73579e-05
1.73236 5.68914e-05
1.73556 5.66418e-05
1.73876 5.61776e-05
1.74197 5.59227e-05
1.74519 5.54642e-05
1.74841 5.52009e-05
1.75164 5.47486e-05
1.75487 5.44761e-05
1.75812 5.40302e-05
1.76136 5.37522e-05
1.76461 5.33177e-05
1.76787 5.30293e-05
1.77114 5.26067e-05
1.77441 5.23128e-05
1.77768 5.191e-05
1.78097 5.16236e-05
1.78426 5.12562e-05
1.78755 5.09575e-05
1.79085 5.05999e-05
1.79416 5.02831e-05
1.79747 4.99443e-05
1.80079 4.96074e-05
1.80412 4.92846e-05
1.80745 4.89212e-05
1.81079 4.86238e-05
1.81413 4.82244e-05
1.81748 4.79662e-05
1.82084 4.74953e-05
1.8242 4.73119e-05
1.82757 4.6853e-05
1.83094 4.66735e-05
1.83432 4.62561e-05
1.83771 4.60731e-05
1.8411 4.5658e-05
1.8445 4.54693e-05
1.84791 4.5055e-05
1.85132 4.48644e-05
1.85474 4.44525e-05
1.85816 4.42561e-05
1.8616 4.38505e-05
1.86503 4.36527e-05
1.86848 4.32489e-05
1.87193 4.30457e-05
1.87538 4.265e-05
1.87885 4.24456e-05
1.88232 4.20596e-05
1.88579 4.1863e-05
1.88928 4.15151e-05
1.89276 4.13112e-05
1.89626 4.09672e-05
1.89976 4.07556e-05
1.90327 4.04153e-05
1.90678 4.01998e-05
1.9103 3.98646e-05
1.91383 3.96397e-05
1.91737 3.93122e-05
1.92091 3.90796e-05
1.92445 3.87609e-05
1.92801 3.85172e-05
1.93157 3.82143e-05
1.93514 3.79624e-05
1.93871 3.76752e-05
1.94229 3.74293e-05
1.94588 3.7175e-05
1.94947 3.69111e-05
1.95307 3.66729e-05
1.95667 3.63856e-05
1.96029 3.61692e-05
1.96391 3.58382e-05
1.96753 3.56643e-05
1.97117 3.53034e-05
1.97481 3.51578e-05
1.97845 3.47988e-05
1.98211 3.46531e-05
1.98577 3.4298e-05
1.98943 3.41523e-05
1.99311 3.38041e-05
1.99679 3.36637e-05
2.00048 3.33481e-05
2.00417 3.32031e-05
2.00787 3.28924e-05
2.01158 3.27448e-05
2.01529 3.24355e-05
2.01902 3.22816e-05
2.02274 3.19762e-05
2.02648 3.18215e-05
2.03022 3.15165e-05
2.03397 3.13573e-05
2.03773 3.10583e-05
2.04149 3.08951e-05
2.04526 3.06026e-05
2.04904 3.04374e-05
2.05282 3.0152e-05
2.05661 2.99926e-05
2.06041 2.97376e-05
2.06421 2.95716e-05
2.06802 2.93208e-05
2.07184 2.91482e-05
2.07567 2.89043e-05
2.0795 2.87216e-05
2.08334 2.84846e-05
2.08719 2.82943e-05
2.09104 2.80659e-05
2.0949 2.78659e-05
2.09877 2.76479e-05
2.10265 2.74376e-05
2.10653 2.72327e-05
2.11042 2.70077e-05
2.11432 2.68247e-05
2.11822 2.65958e-05
2.12213 2.64461e-05
2.12605 2.61741e-05
2.12998 2.60672e-05
2.13391 2.57964e-05
2.13785 2.56869e-05
2.1418 2.54178e-05
2.14576 2.53063e-05
2.14972 2.50387e-05
2.15369 2.49242e-05
2.15766 2.46597e-05
2.16165 2.45437e-05
2.16564 2.42823e-05
2.16964 2.41676e-05
2.17365 2.39106e-05
2.17766 2.37995e-05
2.18168 2.35675e-05
2.18571 2.34534e-05
2.18975 2.32267e-05
2.19379 2.31082e-05
2.19784 2.28825e-05
2.2019 2.27617e-05
2.20597 2.25397e-05
2.21004 2.2415e-05
2.21412 2.21964e-05
2.21821 2.20677e-05
2.2223 2.18524e-05
2.22641 2.172e-05
2.23052 2.15109e-05
2.23464 2.13748e-05
2.23876 2.11737e-05
2.2429 2.10435e-05
2.24704 2.08628e-05
2.25119 2.07274e-05
2.25535 2.0553e-05
2.25951 2.04105e-05
2.26368 2.02418e-05
2.26786 2.00904e-05
2.27205 1.99311e-05
2.27625 1.9768e-05
2.28045 1.96191e-05
2.28466 1.9442e-05
2.28888 1.93081e-05
2.29311 1.91063e-05
2.29734 1.89989e-05
2.30158 1.87756e-05
2.30583 1.86955e-05
2.31009 1.84937e-05
2.31436 1.84134e-05
2.31863 1.82147e-05
2.32291 1.81328e-05
2.3272 1.79359e-05
2.3315 1.78514e-05
2.33581 1.76555e-05
2.34012 1.75692e-05
2.34444 1.73745e-05
2.34877 1.72868e-05
2.35311 1.70946e-05
2.35745 1.70046e-05
2.36181 1.68157e-05
2.36617 1.67259e-05
2.37054 1.6541e-05
2.37491 1.64536e-05
2.3793 1.62863e-05
2.38369 1.61975e-05
2.38809 1.60356e-05
2.3925 1.59439e-05
2.39692 1.57837e-05
2.40135 1.56884e-05
2.40578 1.55315e-05
2.41023 1.54322e-05
2.41468 1.52788e-05
2.41914 1.51751e-05
2.4236 1.50261e-05
2.42808 1.49191e-05
2.43256 1.47751e-05
2.43705 1.46642e-05
2.44155 1.45286e-05
2.44606 1.44201e-05
2.45058 1.42991e-05
2.4551 1.41854e-05
2.45964 1.40738e-05
2.46418 1.39511e-05
2.46873 1.38471e-05
2.47329 1.37106e-05
2.47786 1.36197e-05
2.48243 1.34534e-05
2.48702 1.33923e-05
2.49161 1.32274e-05
2.49621 1.31659e-05
2.50082 1.30025e-05
2.50544 1.29401e-05
2.51006 1.278e-05
2.5147 1.27201e-05
2.51934 1.25747e-05
2.52399 1.25134e-05
2.52866 1.23734e-05
2.53333 1.23111e-05
2.538 1.21714e-05
2.54269 1.2108e-05
2.54739 1.19688e-05
2.55209 1.1903e-05
2.5568 1.17665e-05
2.56152 1.16982e-05
2.56625 1.15634e-05
2.57099 1.14946e-05
2.57574 1.13616e-05
2.5805 1.12918e-05
2.58526 1.11632e-05
2.59004 1.10954e-05
2.59482 1.09785e-05
2.59961 1.09104e-05
2.60441 1.07984e-05
2.60922 1.07269e-05
2.61404 1.06178e-05
2.61886 1.05426e-05
2.6237 1.04362e-05
2.62855 1.03571e-05
2.6334 1.0254e-05
2.63826 1.01715e-05
2.64313 1.00733e-05
2.64801 9.98494e-06
2.6529 9.89281e-06
2.6578 9.80019e-06
2.66271 9.71604e-06
2.66763 9.6223e-06
2.67255 9.55079e-06
2.67749 9.448e-06
2.68243 9.39036e-06
2.68739 9.27215e-06
2.69235 9.22839e-06
2.69732 9.1112e-06
2.7023 9.06638e-06
2.70729 8.94907e-06
2.71229 8.90354e-06
2.7173 8.78801e-06
2.72232 8.74137e-06
2.72735 8.62727e-06
2.73238 8.58093e-06
2.73743 8.46873e-06
2.74248 8.4242e-06
2.74755 8.3216e-06
2.75262 8.27667e-06
2.7577 8.17925e-06
2.7628 8.13312e-06
2.7679 8.03655e-06
2.77301 7.98919e-06
2.77813 7.89366e-06
2.78326 7.84419e-06
2.7884 7.74994e-06
2.79355 7.69946e-06
2.79871 7.60707e-06
2.80387 7.55428e-06
2.80905 7.46417e-06
2.81424 7.41088e-06
2.81944 7.32396e-06
2.82464 7.27195e-06
2.82986 7.19352e-06
2.83508 7.14042e-06
2.84032 7.06752e-06
2.84556 7.01169e-06
2.85082 6.94085e-06
2.85608 6.88132e-06
2.86136 6.81366e-06
2.86664 6.75032e-06
2.87193 6.68675e-06
2.87724 6.61767e-06
2.88255 6.55974e-06
2.88787 6.48376e-06
2.89321 6.43336e-06
2.89855 6.33972e-06
2.9039 6.30969e-06
2.90926 6.22402e-06
2.91464 6.1944e-06
2.92002 6.11327e-06
2.92541 6.08227e-06
2.93081 6.00203e-06
2.93623 5.97018e-06
2.94165 5.89026e-06
2.94708 5.85792e-06
2.95252 5.77823e-06
2.95797 5.74481e-06
2.96344 5.66634e-06
2.96891 5.63275e-06
2.97439 5.55503e-06
2.97988 5.52078e-06
2.98539 5.44528e-06
2.9909 5.41245e-06
2.99642 5.34315e-06
3.00195 5.31058e-06
3.0075 5.24527e-06
3.01305 5.21169e-06
3.01862 5.14708e-06
3.02419 5.11199e-06
3.02977 5.04871e-06
3.03537 5.01202e-06
3.04097 4.94993e-06
3.04659 4.91178e-06
3.05222 4.85166e-06
3.05785 4.81162e-06
3.0635 4.75347e-06
3.06916 4.71252e-06
3.07482 4.65751e-06
3.0805 4.61695e-06
3.08619 4.56755e-06
3.09189 4.52645e-06
3.0976 4.48155e-06
3.10332 4.4373e-06
3.10905 4.39574e-06
3.11479 4.34707e-06
3.12054 4.30921e-06
3.1263 4.25413e-06
3.13208 4.22267e-06
3.13786 4.15831e-06
3.14365 4.13614e-06
3.14946 4.07246e-06
3.15528 4.05031e-06
3.1611 3.98751e-06
3.16694 3.96638e-06
3.17279 3.90871e-06
3.17865 3.88781e-06
3.18452 3.83413e-06
3.1904 3.81245e-06
3.19629 3.75925e-06
3.20219 3.73694e-06
3.2081 3.684e-06
3.21403 3.66091e-06
3.21996 3.60859e-06
3.22591 3.58521e-06
3.23187 3.53322e-06
3.23783 3.50923e-06
3.24381 3.45837e-06
3.2498 3.43384e-06
3.2558 3.38447e-06
3.26182 3.36084e-06
3.26784 3.31584e-06
3.27387 3.29247e-06
3.27992 3.25082e-06
3.28598 3.22621e-06
3.29204 3.18554e-06
3.29812 3.1598e-06
3.30421 3.12012e-06
3.31031 3.0932e-06
3.31643 3.05439e-06
3.32255 3.02594e-06
3.32869 2.98889e-06
3.33483 2.95903e-06
3.34099 2.92381e-06
3.34716 2.89206e-06
3.35334 2.85982e-06
3.35953 2.82743e-06
3.36574 2.79992e-06
3.37195 2.76634e-06
3.37818 2.74329e-06
3.38442 2.70287e-06
3.39067 2.68676e-06
3.39693 2.64425e-06
3.4032 2.62975e-06
3.40949 2.58733e-06
3.41578 2.57242e-06
3.42209 2.53066e-06
3.42841 2.51543e-06
3.43474 2.47412e-06
3.44108 2.45896e-06
3.44744 2.41828e-06
3.4538 2.40366e-06
3.46018 2.36616e-06
3.46657 2.35184e-06
3.47297 2.31779e-06
3.47939 2.30288e-06
3.48581 2.2689e-06
3.49225 2.25368e-06
3.4987 2.22001e-06
3.50516 2.20421e-06
3.51163 2.17104e-06
3.51811 2.15462e-06
3.52461 2.12193e-06
3.53112 2.10505e-06
3.53764 2.07317e-06
3.54417 2.05599e-06
3.55072 2.02509e-06
3.55727 2.00822e-06
3.56384 1.98032e-06
3.57042 1.96374e-06
3.57702 1.93849e-06
3.58362 1.92097e-06
3.59024 1.89668e-06
3.59687 1.87795e-06
3.60351 1.85454e-06
3.61017 1.83465e-06
3.61683 1.81243e-06
3.62351 1.7909e-06
3.6302 1.77028e-06
3.63691 1.74678e-06
3.64362 1.72838e-06
3.65035 1.70208e-06
3.65709 1.68731e-06
3.66384 1.65774e-06
3.67061 1.64889e-06
3.67739 1.62231e-06
3.68418 1.61315e-06
3.69098 1.58658e-06
3.6978 1.5772e-06
3.70463 1.5507e-06
3.71147 1.54117e-06
3.71832 1.51483e-06
3.72519 1.50499e-06
3.73207 1.47889e-06
3.73896 1.46877e-06
3.74586 1.44313e-06
3.75278 1.43298e-06
3.75971 1.40782e-06
3.76665 1.39793e-06
3.77361 1.37468e-06
3.78058 1.36516e-06
3.78756 1.34443e-06
3.79455 1.3345e-06
3.80156 1.31402e-06
3.80858 1.30367e-06
3.81561 1.28347e-06
3.82266 1.27274e-06
3.82972 1.25285e-06
3.83679 1.24163e-06
3.84387 1.2222e-06
3.85097 1.21072e-06
3.85808 1.19179e-06
3.86521 1.17974e-06
3.87234 1.1618e-06
3.87949 1.14984e-06
3.88666 1.13377e-06
3.89384 1.12216e-06
3.90103 1.10799e-06
3.90823 1.0955e-06
3.91545 1.08216e-06
3.92268 1.06841e-06
3.92992 1.05626e-06
3.93718 1.04096e-06
3.94445 1.03021e-06
3.95173 1.01192e-06
3.95903 1.00425e-06
3.96634 9.84479e-07
3.97366 9.78433e-07
3.981 9.58936e-07
3.98835 9.53109e-07
3.99572 9.34954e-07
4.0031 9.29424e-07
4.01049 9.1337e-07
4.01789 9.07625e-07
4.02531 8.9172e-07
4.03275 8.85774e-07
4.04019 8.69956e-07
4.04765 8.6383e-07
4.05513 8.4816e-07
4.06262 8.41802e-07
4.07012 8.26317e-07
4.07763 8.19795e-07
4.08516 8.04544e-07
4.09271 7.98016e-07
4.10027 7.83117e-07
4.10784 7.76711e-07
4.11542 7.62949e-07
4.12302 7.56836e-07
4.13064 7.44861e-07
4.13826 7.38517e-07
4.14591 7.26766e-07
4.15356 7.20008e-07
4.16123 7.08517e-07
4.16892 7.01397e-07
4.17661 6.90228e-07
4.18433 6.82752e-07
4.19205 6.71938e-07
4.19979 6.64034e-07
4.20755 6.53716e-07
4.21532 6.45318e-07
4.2231 6.35872e-07
4.2309 6.27276e-07
4.23871 6.19011e-07
4.24654 6.10642e-07
4.25438 6.0388e-07
4.26224 5.94327e-07
4.27011 5.88695e-07
4.278 5.77e-07
4.2859 5.73419e-07
4.29381 5.61783e-07
4.30174 5.58097e-07
4.30968 5.46558e-07
4.31764 5.4282e-07
4.32561 5.31378e-07
4.3336 5.27612e-07
4.3416 5.16331e-07
4.34962 5.12708e-07
4.35765 5.02131e-07
4.3657 4.98776e-07
4.37376 4.89708e-07
4.38184 4.86214e-07
4.38993 4.77189e-07
4.39804 4.7352e-07
4.40616 4.64632e-07
4.41429 4.60816e-07
4.42245 4.51966e-07
4.43061 4.48053e-07
4.43879 4.39358e-07
4.44699 4.35292e-07
4.4552 4.26762e-07
4.46343 4.22587e-07
4.47167 4.14354e-07
4.47993 4.10253e-07
4.4882 4.02624e-07
4.49649 3.98811e-07
4.50479 3.92347e-07
4.51311 3.8832e-07
4.52144 3.82049e-07
4.52979 3.7769e-07
4.53816 3.7166e-07
4.54654 3.6701e-07
4.55493 3.61224e-07
4.56335 3.5623e-07
4.57177 3.50843e-07
4.58021 3.45366e-07
4.58867 3.40462e-07
4.59715 3.34427e-07
4.60564 3.3027e-07
4.61414 3.234e-07
4.62266 3.20656e-07
4.6312 3.14178e-07
4.63975 3.12233e-07
4.64832 3.05754e-07
4.6569 3.03773e-07
4.6655 2.97312e-07
4.67411 2.95254e-07
4.68275 2.8883e-07
4.69139 2.86717e-07
4.70006 2.80331e-07
4.70874 2.78145e-07
4.71743 2.71863e-07
4.72614 2.69667e-07
4.73487 2.63498e-07
4.74361 2.6132e-07
4.75237 2.55519e-07
4.76115 2.53583e-07
4.76994 2.48715e-07
4.77875 2.46676e-07
4.78757 2.41868e-07
4.79641 2.39732e-07
4.80527 2.34994e-07
4.81414 2.32763e-07
4.82303 2.28068e-07
4.83194 2.25722e-07
4.84086 2.21169e-07
4.8498 2.18717e-07
4.85876 2.14263e-07
4.86773 2.11722e-07
4.87672 2.07476e-07
4.88572 2.04862e-07
4.89475 2.00996e-07
4.90378 1.98665e-07
4.91284 1.95484e-07
4.92191 1.92934e-07
4.931 1.89933e-07
4.94011 1.87165e-07
4.94923 1.84345e-07
4.95837 1.81276e-07
4.96752 1.78747e-07
4.9767 1.75229e-07
4.98589 1.73137e-07
4.99509 1.68724e-07
5.00432 1.67549e-07
5.01356 1.63194e-07
5.02282 1.62046e-07
5.03209 1.57885e-07
5.04138 1.56866e-07
5.05069 1.53489e-07
5.06002 1.52415e-07
5.06936 1.49061e-07
5.07873 1.47945e-07
5.0881 1.44602e-07
5.0975 1.43466e-07
5.10691 1.40136e-07
5.11634 1.3895e-07
5.12579 1.3566e-07
5.13526 1.3444e-07
5.14474 1.312e-07
5.15424 1.29944e-07
5.16376 1.26769e-07
5.17329 1.25532e-07
5.18285 1.22534e-07
5.19242 1.21441e-07
5.202 1.1903e-07
5.21161 1.17878e-07
5.22123 1.15494e-07
5.23088 1.14271e-07
5.24054 1.11941e-07
5.25021 1.10658e-07
5.25991 1.08361e-07
5.26962 1.06995e-07
5.27935 1.04797e-07
5.2891 1.03347e-07
5.29887 1.01227e-07
5.30865 9.96937e-08
5.31846 9.77172e-08
5.32828 9.60968e-08
5.33812 9.43495e-08
5.34797 9.29085e-08
5.35785 9.15661e-08
5.36774 8.99421e-08
5.37765 8.87672e-08
5.38758 8.68506e-08
5.39753 8.59469e-08
5.4075 8.37232e-08
5.41749 8.3115e-08
5.42749 8.09051e-08
5.43751 8.02861e-08
5.44755 7.80854e-08
5.45761 7.74635e-08
5.46769 7.52964e-08
5.47779 7.46815e-08
5.4879 7.25847e-08
5.49804 7.20605e-08
5.50819 7.04173e-08
5.51836 6.98639e-08
5.52855 6.82358e-08
5.53876 6.7659e-08
5.54899 6.60405e-08
5.55923 6.54381e-08
5.5695 6.38363e-08
5.57979 6.32041e-08
5.59009 6.1624e-08
5.60041 6.09693e-08
5.61075 5.94179e-08
5.62111 5.87434e-08
5.63149 5.72328e-08
5.64189 5.65506e-08
5.65231 5.51186e-08
5.66275 5.45319e-08
5.67321 5.34217e-08
5.68368 5.27941e-08
5.69418 5.17157e-08
5.70469 5.10462e-08
5.71523 5e-08
5.72578 4.92773e-08
5.73635 4.82754e-08
5.74695 4.74987e-08
5.75756 4.65457e-08
5.76819 4.5692e-08
5.77884 4.48245e-08
5.78951 4.38903e-08
5.8002 4.31209e-08
5.81092 4.20688e-08
5.82165 4.14916e-08
5.8324 4.04301e-08
5.84317 4.01654e-08
5.85396 3.91172e-08
5.86477 3.8843e-08
5.8756 3.77977e-08
5.88645 3.75092e-08
5.89732 3.64691e-08
5.90821 3.6172e-08
5.91912 3.5139e-08
5.93005 3.4832e-08
5.941 3.38072e-08
5.95197 3.34935e-08
5.96296 3.24864e-08
5.97397 3.21787e-08
5.985 3.12034e-08
5.99605 3.09396e-08
6.00713 3.0187e-08
6.01822 2.99109e-08
6.02933 2.91801e-08
6.04047 2.88953e-08
6.05162 2.81654e-08
6.06279 2.78618e-08
6.07399 2.7147e-08
6.08521 2.68271e-08
6.09644 2.6127e-08
6.1077 2.57916e-08
6.11898 2.51047e-08
6.13028 2.47535e-08
6.1416 2.4096e-08
6.15294 2.37332e-08
6.1643 2.312e-08
6.17569 2.28081e-08
6.18709 2.23377e-08
6.19851 2.20098e-08
6.20996 2.15741e-08
6.22143 2.12155e-08
6.23292 2.0801e-08
6.24443 2.04044e-08
6.25596 2.00258e-08
6.26751 1.95765e-08
6.27908 1.92476e-08
6.29068 1.87224e-08
6.30229 1.84738e-08
6.31393 1.7847e-08
6.32559 1.7707e-08
6.33727 1.70961e-08
6.34897 1.69767e-08
6.3607 1.65032e-08
6.37244 1.63831e-08
6.38421 1.59295e-08
6.396 1.58008e-08
6.40781 1.53512e-08
6.41964 1.52181e-08
6.4315 1.47701e-08
6.44338 1.46313e-08
6.45527 1.41845e-08
6.46719 1.40404e-08
6.47914 1.36009e-08
6.4911 1.34523e-08
6.50309 1.30223e-08
6.5151 1.28756e-08
6.52713 1.24608e-08
6.53918 1.23354e-08
6.55126 1.20136e-08
6.56335 1.18872e-08
6.57547 1.15849e-08
6.58761 1.14482e-08
6.59978 1.11511e-08
6.61197 1.10075e-08
6.62418 1.07161e-08
6.63641 1.05625e-08
6.64866 1.02794e-08
6.66094 1.01131e-08
6.67324 9.84351e-09
6.68556 9.66765e-09
6.69791 9.41102e-09
6.71028 9.22459e-09
6.72267 8.99566e-09
6.73508 8.83301e-09
6.74752 8.66158e-09
6.75998 8.49094e-09
6.77246 8.34259e-09
6.78497 8.14549e-09
6.7975 8.02051e-09
6.81005 7.75702e-09
6.82263 7.697e-09
6.83522 7.43433e-09
6.84785 7.37295e-09
6.86049 7.11182e-09
6.87316 7.04844e-09
6.88585 6.79119e-09
6.89857 6.72826e-09
6.91131 6.47774e-09
6.92407 6.42523e-09
6.93686 6.23058e-09
6.94967 6.17843e-09
6.9625 5.99793e-09
6.97536 5.94274e-09
6.98824 5.7635e-09
7.00114 5.70519e-09
7.01407 5.52779e-09
7.02702 5.46737e-09
7.04 5.29133e-09
7.053 5.2278e-09
7.06602 5.05454e-09
7.07907 4.98861e-09
7.09214 4.8191e-09
7.10524 4.75255e-09
7.11836 4.59158e-09
7.1315 4.53431e-09
7.14467 4.41005e-09
7.15787 4.3531e-09
7.17108 4.24153e-09
7.18433 4.17957e-09
7.19759 4.07081e-09
7.21088 4.00502e-09
7.2242 3.89994e-09
7.23754 3.82775e-09
7.2509 3.72765e-09
7.26429 3.64861e-09
7.27771 3.55518e-09
7.29115 3.46949e-09
7.30461 3.38525e-09
7.3181 3.28883e-09
7.33161 3.22148e-09
7.34515 3.13141e-09
7.35872 3.08998e-09
7.3723 2.99018e-09
7.38592 2.9681e-09
7.39956 2.86827e-09
7.41322 2.84528e-09
7.42691 2.74561e-09
7.44062 2.72165e-09
7.45436 2.62243e-09
7.46813 2.59762e-09
7.48192 2.49905e-09
7.49574 2.47324e-09
7.50958 2.37646e-09
7.52345 2.35074e-09
7.53734 2.25667e-09
7.55126 2.23475e-09
7.5652 2.16143e-09
7.57917 2.14073e-09
7.59317 2.07515e-09
7.60719 2.0531e-09
7.62124 1.98822e-09
7.63531 1.96466e-09
7.64941 1.90048e-09
7.66353 1.87571e-09
7.67769 1.81263e-09
7.69186 1.78638e-09
7.70607 1.72452e-09
7.7203 1.69656e-09
7.73455 1.63693e-09
7.74884 1.60803e-09
7.76315 1.55223e-09
7.77748 1.5275e-09
7.79184 1.48438e-09
7.80623 1.46025e-09
7.82065 1.42345e-09
7.83509 1.39708e-09
7.84956 1.36212e-09
7.86405 1.33276e-09
7.87857 1.30028e-09
7.89312 1.26744e-09
7.9077 1.23808e-09
7.9223 1.20012e-09
7.93693 1.17581e-09
7.95158 1.12765e-09
7.96627 1.11439e-09
7.98098 1.06346e-09
7.99572 1.05532e-09
8.01048 1.01537e-09
8.02527 1.00773e-09
8.04009 9.73206e-10
8.05494 9.65075e-10
8.06981 9.30697e-10
8.08472 9.22159e-10
8.09965 8.87916e-10
8.1146 8.78946e-10
8.12959 8.44846e-10
8.1446 8.35356e-10
8.15964 8.0176e-10
8.17471 7.92021e-10
8.1898 7.58736e-10
8.20492 7.48939e-10
8.22008 7.16879e-10
8.23526 7.08499e-10
8.25046 6.83345e-10
8.2657 6.75545e-10
8.28096 6.54129e-10
8.29625 6.45813e-10
8.31157 6.24715e-10
8.32692 6.15823e-10
8.3423 5.95094e-10
8.3577 5.85497e-10
8.37314 5.65266e-10
8.3886 5.5493e-10
8.40409 5.35327e-10
8.41961 5.2437e-10
8.43516 5.05692e-10
8.45073 4.93975e-10
8.46634 4.76907e-10
8.48197 4.66514e-10
8.49763 4.53838e-10
8.51333 4.43903e-10
8.52905 4.33925e-10
8.5448 4.22579e-10
8.56057 4.13839e-10
8.57638 4.00361e-10
8.59222 3.93625e-10
8.60809 3.76601e-10
8.62398 3.73266e-10
8.63991 3.56348e-10
8.65586 3.52901e-10
8.67185 3.36131e-10
8.68786 3.32699e-10
8.7039 3.16278e-10
8.71997 3.13426e-10
8.73608 3.00379e-10
8.75221 2.97813e-10
8.76837 2.87088e-10
8.78456 2.84328e-10
8.80078 2.73689e-10
8.81704 2.70774e-10
8.83332 2.60175e-10
8.84963 2.57072e-10
8.86597 2.46553e-10
8.88234 2.43275e-10
8.89874 2.3291e-10
8.91518 2.29461e-10
8.93164 2.19316e-10
8.94813 2.1577e-10
8.96466 2.06031e-10
8.98121 2.03e-10
8.9978 1.95307e-10
9.01441 1.92637e-10
9.03106 1.86413e-10
9.04773 1.83514e-10
9.06444 1.77457e-10
9.08118 1.74298e-10
9.09795 1.68415e-10
9.11475 1.64927e-10
9.13158 1.59336e-10
9.14844 1.55504e-10
9.16534 1.502e-10
9.18226 1.4598e-10
9.19922 1.41125e-10
9.2162 1.36402e-10
9.23322 1.32365e-10
9.25027 1.27937e-10
9.26736 1.25236e-10
9.28447 1.20814e-10
9.30161 1.1938e-10
9.31879 1.14397e-10
9.336 1.13465e-10
9.35324 1.08485e-10
9.37051 1.075e-10
9.38781 1.02536e-10
9.40515 1.01502e-10
9.42252 9.65483e-11
9.43992 9.54648e-11
9.45735 9.05849e-11
9.47481 8.94912e-11
9.49231 8.47251e-11
9.50984 8.37946e-11
9.5274 7.99535e-11
9.54499 7.91569e-11
9.56262 7.61774e-11
9.58027 7.53202e-11
9.59797 7.23616e-11
9.61569 7.14599e-11
9.63345 6.85185e-11
9.65123 6.75507e-11
9.66906 6.46499e-11
9.68691 6.35954e-11
9.7048 6.07562e-11
9.72272 5.96514e-11
9.74067 5.6886e-11
9.75866 5.57131e-11
9.77668 5.3095e-11
9.79474 5.20598e-11
9.81282 5.00007e-11
9.83094 4.91257e-11
9.8491 4.75729e-11
9.86728 4.66049e-11
9.88551 4.51272e-11
9.90376 4.4053e-11
9.92205 4.26567e-11
9.94037 4.14367e-11
9.95873 4.01653e-11
9.97712 3.8769e-11
9.99554 3.76656e-11
10.014 3.60229e-11
10.0325 3.51784e-11
10.051 3.30571e-11
10.0696 3.27781e-11
10.0882 3.10346e-11
10.1068 3.08015e-11
10.1255 2.95143e-11
10.1442 2.9266e-11
10.1629 2.79784e-11
10.1817 2.77141e-11
10.2005 2.64266e-11
10.2193 2.6148e-11
10.2382 2.48652e-11
10.2571 2.45722e-11
10.276 2.32974e-11
10.295 2.29871e-11
10.314 2.1729e-11
10.333 2.14142e-11
10.3521 2.01879e-11
10.3712 1.9911e-11
10.3904 1.89086e-11
10.4096 1.86883e-11
10.4288 1.79611e-11
10.4481 1.77215e-11
10.4674 1.70037e-11
10.4867 1.6746e-11
10.5061 1.60362e-11
10.5255 1.57547e-11
10.5449 1.5062e-11
10.5644 1.47545e-11
10.5839 1.40816e-11
10.6034 1.37505e-11
10.623 1.31059e-11
10.6426 1.27454e-11
10.6623 1.21493e-11
10.682 1.18185e-11
10.7017 1.13542e-11
10.7214 1.10862e-11
10.7412 1.07688e-11
10.7611 1.04613e-11
10.7809 1.01759e-11
10.8008 9.81699e-12
10.8208 9.57837e-12
10.8408 9.13254e-12
10.8608 8.97524e-12
10.8809 8.45479e-12
10.9009 8.3696e-12
10.9211 7.85186e-12
10.9412 7.766e-12
10.9614 7.25629e-12
10.9817 7.18114e-12
11.002 6.75456e-12
11.0223 6.69779e-12
11.0426 6.40301e-12
11.063 6.34056e-12
11.0835 6.04736e-12
11.1039 5.98129e-12
11.1244 5.68848e-12
11.145 5.61852e-12
11.1655 5.32707e-12
11.1862 5.25166e-12
11.2068 4.9633e-12
11.2275 4.88266e-12
11.2483 4.59853e-12
11.269 4.51508e-12
11.2898 4.24019e-12
11.3107 4.16514e-12
11.3316 3.93625e-12
11.3525 3.87961e-12
11.3735 3.72658e-12
11.3945 3.66485e-12
11.4155 3.51455e-12
11.4366 3.44641e-12
11.4577 3.3002e-12
11.4789 3.22549e-12
11.5001 3.0838e-12
11.5213 3.00113e-12
11.5426 2.86679e-12
11.5639 2.77351e-12
11.5852 2.64945e-12
11.6066 2.54654e-12
11.6281 2.43665e-12
11.6495 2.33505e-12
11.671 2.25732e-12
11.6926 2.17605e-12
11.7142 2.13351e-12
11.7358 2.02433e-12
11.7575 2.00838e-12
11.7792 1.89918e-12
11.801 1.88201e-12
11.8227 1.77302e-12
11.8446 1.75477e-12
11.8664 1.64592e-12
11.8884 1.6267e-12
11.9103 1.51855e-12
11.9323 1.4983e-12
11.9543 1.39232e-12
11.9764 1.37436e-12
11.9985 1.2832e-12
12.0207 1.27052e-12
12.0429 1.21237e-12
12.0651 1.19881e-12
12.0874 1.14085e-12
12.1097 1.126e-12
12.1321 1.06841e-12
12.1545 1.05242e-12
12.1769 9.95542e-13
12.1994 9.78233e-13
12.2219 9.22137e-13
12.2445 9.03546e-13
12.2671 8.48469e-13
12.2898 8.2853e-13
12.3125 7.75878e-13
12.3352 7.57348e-13
12.358 7.1289e-13
12.3808 7.00047e-13
12.4037 6.72597e-13
12.4266 6.58059e-13
12.4495 6.31753e-13
12.4725 6.15489e-13
12.4955 5.90634e-13
12.5186 5.72061e-13
12.5417 5.49001e-13
12.5649 5.2773e-13
12.5881 5.07105e-13
12.6113 4.82169e-13
12.6346 4.65175e-13
12.658 4.346e-13
12.6813 4.24008e-13
12.7048 3.91337e-13
12.7282 3.88616e-13
12.7517 3.68979e-13
12.7753 3.66033e-13
12.7989 3.46364e-13
12.8225 3.43188e-13
12.8462 3.23536e-13
12.8699 3.201e-13
12.8937 3.00489e-13
12.9175 2.96838e-13
12.9413 2.77282e-13
12.9652 2.73312e-13
12.9892 2.53933e-13
13.0131 2.49858e-13
13.0372 2.30799e-13
13.0612 2.26973e-13
13.0854 2.10215e-13
13.1095 2.07735e-13
13.1337 1.97886e-13
13.158 1.95187e-13
13.1823 1.8544e-13
13.2066 1.82485e-13
13.231 1.72868e-13
13.2555 1.69633e-13
13.2799 1.6015e-13
13.3045 1.56583e-13
13.329 1.4736e-13
13.3536 1.43423e-13
13.3783 1.34504e-13
13.403 1.30245e-13
13.4277 1.21805e-13
13.4525 1.17538e-13
13.4774 1.10503e-13
13.5023 1.07777e-13
13.5272 1.03856e-13
13.5522 1.00749e-13
13.5772 9.71536e-14
13.6023 9.34916e-14
13.6274 9.03662e-14
13.6526 8.59133e-14
13.6778 8.35114e-14
13.703 7.73848e-14
13.7283 7.6604e-14
13.7537 7.0492e-14
13.7791 6.96804e-14
13.8045 6.36233e-14
13.83 6.28589e-14
13.8556 5.73357e-14
13.8811 5.68824e-14
13.9068 5.38485e-14
13.9325 5.33565e-14
13.9582 5.03208e-14
13.984 4.97749e-14
14.0098 4.67588e-14
14.0357 4.61692e-14
14.0616 4.31547e-14
14.0875 4.25155e-14
14.1136 3.95273e-14
14.1396 3.88306e-14
14.1657 3.58787e-14
14.1919 3.51549e-14
14.2181 3.22432e-14
14.2443 3.15386e-14
14.2706 2.89064e-14
14.297 2.84832e-14
14.3234 2.70927e-14
14.3499 2.66262e-14
14.3763 2.52545e-14
14.4029 2.47343e-14
14.4295 2.34008e-14
14.4561 2.28193e-14
14.4828 2.15242e-14
14.5096 2.0882e-14
14.5364 1.96311e-14
14.5632 1.89112e-14
14.5901 1.77343e-14
14.617 1.69161e-14
14.644 1.58453e-14
14.6711 1.49657e-14
14.6982 1.41223e-14
14.7253 1.35817e-14
14.7525 1.31988e-14
14.7797 1.2524e-14
14.807 1.22625e-14
14.8344 1.14157e-14
14.8618 1.13162e-14
14.8892 1.04689e-14
14.9167 1.03602e-14
14.9443 9.51289e-15
14.9719 9.39594e-15
14.9995 8.55121e-15
15.0272 8.42381e-15
15.055 7.58967e-15
15.0828 7.46578e-15
15.1106 6.67646e-15
15.1385 6.61119e-15
15.1665 6.21902e-15
15.1945 6.14625e-15
15.2225 5.75601e-15
15.2506 5.67789e-15
15.2788 5.28847e-15
15.307 5.20264e-15
15.3353 4.81636e-15
15.3636 4.72154e-15
15.392 4.339e-15
15.4204 4.23606e-15
15.4489 3.85959e-15
15.4774 3.74563e-15
15.506 3.38057e-15
15.5346 3.26567e-15
15.5633 2.93089e-15
15.592 2.88348e-15
15.6208 2.75931e-15
15.6497 2.70592e-15
15.6786 2.58567e-15
15.7075 2.52411e-15
15.7365 2.40867e-15
15.7656 2.33802e-15
15.7947 2.22793e-15
15.8239 2.14255e-15
15.8531 2.03949e-15
15.8824 1.93388e-15
15.9117 1.82963e-15
15.9411 1.67383e-15
15.9705 1.48204e-15
16 0
