# 1:pT 2:PhotonSpectrum=dN/d^2xT d^2pT dy
0.01 1713.74
0.0100185 1709.69
0.010037 1704.93
0.0100555 1700.78
0.0100741 1696.03
0.0100927 1691.81
0.0101113 1687.09
0.01013 1682.82
0.0101487 1678.11
0.0101674 1673.71
0.0101862 1668.95
0.010205 1664.49
0.0102239 1659.76
0.0102427 1655.26
0.0102617 1650.43
0.0102806 1645.85
0.0102996 1640.93
0.0103186 1636.26
0.0103377 1631.1
0.0103567 1626.5
0.0103759 1621.32
0.010395 1616.72
0.0104142 1611.61
0.0104335 1606.84
0.0104527 1601.8
0.010472 1597.16
0.0104914 1592.15
0.0105107 1587.43
0.0105301 1582.54
0.0105496 1577.76
0.0105691 1572.9
0.0105886 1568.17
0.0106081 1563.4
0.0106277 1558.73
0.0106474 1554.03
0.010667 1549.29
0.0106867 1544.68
0.0107065 1539.96
0.0107262 1535.38
0.010746 1530.63
0.0107659 1526.09
0.0107858 1521.25
0.0108057 1516.86
0.0108256 1511.84
0.0108456 1507.64
0.0108656 1502.68
0.0108857 1498.51
0.0109058 1493.54
0.0109259 1489.41
0.0109461 1484.66
0.0109663 1480.44
0.0109866 1475.76
0.0110069 1471.55
0.0110272 1466.84
0.0110476 1462.66
0.011068 1458.02
0.0110884 1453.83
0.0111089 1449.2
0.0111294 1445.01
0.0111499 1440.37
0.0111705 1436.24
0.0111912 1431.64
0.0112118 1427.52
0.0112325 1422.99
0.0112533 1418.88
0.0112741 1414.45
0.0112949 1410.28
0.0113157 1405.87
0.0113366 1401.76
0.0113576 1397.43
0.0113785 1393.27
0.0113995 1389
0.0114206 1384.81
0.0114417 1380.47
0.0114628 1376.34
0.011484 1372.08
0.0115052 1367.94
0.0115264 1363.73
0.0115477 1359.57
0.011569 1355.51
0.0115904 1351.34
0.0116118 1347.37
0.0116332 1343.15
0.0116547 1339.21
0.0116762 1334.85
0.0116978 1331.15
0.0117194 1326.72
0.0117411 1323.05
0.0117627 1318.67
0.0117845 1314.98
0.0118062 1310.64
0.011828 1306.96
0.0118499 1302.73
0.0118717 1298.98
0.0118937 1294.78
0.0119156 1291.07
0.0119376 1287
0.0119597 1283.31
0.0119818 1279.28
0.0120039 1275.59
0.0120261 1271.52
0.0120483 1267.87
0.0120705 1263.81
0.0120928 1260.19
0.0121151 1256.15
0.0121375 1252.55
0.0121599 1248.54
0.0121824 1244.82
0.0122049 1240.9
0.0122274 1237.28
0.01225 1233.42
0.0122726 1229.76
0.0122953 1225.99
0.012318 1222.3
0.0123407 1218.58
0.0123635 1214.9
0.0123863 1211.18
0.0124092 1207.53
0.0124321 1203.82
0.0124551 1200.13
0.0124781 1196.52
0.0125011 1192.82
0.0125242 1189.23
0.0125473 1185.49
0.0125705 1181.96
0.0125937 1178.2
0.012617 1174.8
0.0126403 1170.93
0.0126636 1167.71
0.012687 1163.87
0.0127104 1160.64
0.0127339 1156.84
0.0127574 1153.55
0.012781 1149.82
0.0128046 1146.51
0.0128282 1142.81
0.0128519 1139.52
0.0128756 1135.82
0.0128994 1132.54
0.0129232 1128.91
0.0129471 1125.65
0.012971 1122.06
0.012995 1118.81
0.0130189 1115.25
0.013043 1112.04
0.0130671 1108.52
0.0130912 1105.32
0.0131154 1101.83
0.0131396 1098.61
0.0131639 1095.18
0.0131882 1091.9
0.0132125 1088.44
0.0132369 1085.27
0.0132614 1081.85
0.0132859 1078.64
0.0133104 1075.29
0.013335 1072.04
0.0133596 1068.69
0.0133843 1065.51
0.013409 1062.23
0.0134337 1059.08
0.0134585 1055.84
0.0134834 1052.63
0.0135083 1049.47
0.0135332 1046.22
0.0135582 1043.12
0.0135833 1039.83
0.0136083 1036.76
0.0136335 1033.38
0.0136587 1030.46
0.0136839 1027.01
0.0137091 1024.17
0.0137345 1020.76
0.0137598 1017.92
0.0137852 1014.59
0.0138107 1011.76
0.0138362 1008.51
0.0138617 1005.6
0.0138873 1002.37
0.013913 999.474
0.0139387 996.278
0.0139644 993.392
0.0139902 990.214
0.014016 987.317
0.0140419 984.148
0.0140678 981.298
0.0140938 978.09
0.0141198 975.282
0.0141459 972.132
0.014172 969.347
0.0141982 966.253
0.0142244 963.4
0.0142507 960.364
0.014277 957.566
0.0143034 954.559
0.0143298 951.706
0.0143563 948.744
0.0143828 945.859
0.0144093 942.952
0.0144359 940.062
0.0144626 937.13
0.0144893 934.285
0.0145161 931.401
0.0145429 928.538
0.0145697 925.707
0.0145966 922.878
0.0146236 920.103
0.0146506 917.247
0.0146776 914.535
0.0147047 911.636
0.0147319 908.964
0.0147591 905.936
0.0147863 903.433
0.0148136 900.415
0.014841 897.888
0.0148684 894.906
0.0148959 892.362
0.0149234 889.447
0.0149509 886.884
0.0149785 883.997
0.0150062 881.464
0.0150339 878.625
0.0150617 876.113
0.0150895 873.319
0.0151173 870.807
0.0151453 868.035
0.0151732 865.508
0.0152012 862.74
0.0152293 860.216
0.0152574 857.449
0.0152856 854.967
0.0153138 852.223
0.0153421 849.742
0.0153705 847.04
0.0153988 844.503
0.0154273 841.826
0.0154558 839.343
0.0154843 836.706
0.0155129 834.233
0.0155415 831.641
0.0155702 829.135
0.015599 826.547
0.0156278 824.064
0.0156567 821.481
0.0156856 819.008
0.0157145 816.466
0.0157435 813.938
0.0157726 811.466
0.0158017 808.914
0.0158309 806.49
0.0158602 803.924
0.0158894 801.542
0.0159188 798.942
0.0159482 796.684
0.0159776 794.041
0.0160071 791.825
0.0160367 789.211
0.0160663 786.986
0.016096 784.392
0.0161257 782.181
0.0161555 779.641
0.0161853 777.364
0.0162152 774.849
0.0162451 772.594
0.0162751 770.083
0.0163052 767.851
0.0163353 765.38
0.0163655 763.15
0.0163957 760.725
0.016426 758.53
0.0164563 756.089
0.0164867 753.916
0.0165171 751.483
0.0165476 749.306
0.0165782 746.907
0.0166088 744.706
0.0166395 742.323
0.0166702 740.134
0.016701 737.798
0.0167318 735.581
0.0167627 733.279
0.0167937 731.048
0.0168247 728.799
0.0168558 726.596
0.0168869 724.329
0.0169181 722.163
0.0169493 719.944
0.0169806 717.751
0.017012 715.561
0.0170434 713.362
0.0170748 711.206
0.0171064 708.984
0.017138 706.862
0.0171696 704.596
0.0172013 702.512
0.0172331 700.146
0.0172649 698.203
0.0172968 695.85
0.0173287 693.901
0.0173607 691.599
0.0173928 689.645
0.0174249 687.403
0.0174571 685.438
0.0174893 683.205
0.0175216 681.222
0.017554 679.011
0.0175864 677.032
0.0176189 674.844
0.0176514 672.869
0.017684 670.687
0.0177166 668.713
0.0177494 666.544
0.0177821 664.592
0.017815 662.415
0.0178479 660.504
0.0178808 658.377
0.0179138 656.481
0.0179469 654.396
0.0179801 652.444
0.0180133 650.367
0.0180465 648.448
0.0180799 646.4
0.0181132 644.463
0.0181467 642.444
0.0181802 640.469
0.0182138 638.452
0.0182474 636.516
0.0182811 634.518
0.0183149 632.594
0.0183487 630.634
0.0183826 628.673
0.0184165 626.772
0.0184505 624.818
0.0184846 622.961
0.0185187 620.993
0.0185529 619.133
0.0185872 617.137
0.0186215 615.356
0.0186559 613.289
0.0186903 611.551
0.0187248 609.533
0.0187594 607.788
0.0187941 605.762
0.0188288 604.033
0.0188635 602.065
0.0188984 600.303
0.0189333 598.37
0.0189682 596.634
0.0190033 594.709
0.0190384 592.991
0.0190735 591.091
0.0191087 589.363
0.019144 587.468
0.0191794 585.765
0.0192148 583.843
0.0192503 582.151
0.0192858 580.263
0.0193214 578.566
0.0193571 576.694
0.0193929 574.988
0.0194287 573.147
0.0194645 571.434
0.0195005 569.623
0.0195365 567.931
0.0195726 566.159
0.0196087 564.44
0.0196449 562.709
0.0196812 560.996
0.0197175 559.228
0.019754 557.524
0.0197904 555.79
0.019827 554.076
0.0198636 552.358
0.0199003 550.647
0.019937 548.964
0.0199738 547.232
0.0200107 545.598
0.0200477 543.851
0.0200847 542.239
0.0201218 540.438
0.0201589 538.945
0.0201962 537.137
0.0202335 535.638
0.0202708 533.854
0.0203082 532.322
0.0203457 530.577
0.0203833 529.05
0.020421 527.314
0.0204587 525.783
0.0204964 524.056
0.0205343 522.516
0.0205722 520.82
0.0206102 519.306
0.0206483 517.621
0.0206864 516.107
0.0207246 514.453
0.0207629 512.951
0.0208012 511.284
0.0208396 509.806
0.0208781 508.141
0.0209166 506.668
0.0209553 505.028
0.020994 503.5
0.0210327 501.881
0.0210716 500.394
0.0211105 498.786
0.0211495 497.284
0.0211885 495.711
0.0212277 494.188
0.0212669 492.647
0.0213061 491.159
0.0213455 489.643
0.0213849 488.151
0.0214244 486.637
0.0214639 485.128
0.0215036 483.644
0.0215433 482.126
0.0215831 480.666
0.0216229 479.143
0.0216628 477.696
0.0217028 476.128
0.0217429 474.745
0.0217831 473.145
0.0218233 471.801
0.0218636 470.24
0.021904 468.911
0.0219444 467.351
0.0219849 466.029
0.0220255 464.508
0.0220662 463.143
0.022107 461.651
0.0221478 460.295
0.0221887 458.785
0.0222297 457.446
0.0222707 455.959
0.0223118 454.612
0.022353 453.126
0.0223943 451.804
0.0224357 450.31
0.0224771 449.008
0.0225186 447.541
0.0225602 446.237
0.0226018 444.804
0.0226436 443.499
0.0226854 442.088
0.0227273 440.758
0.0227692 439.345
0.0228113 438.031
0.0228534 436.648
0.0228956 435.315
0.0229379 433.959
0.0229803 432.617
0.0230227 431.239
0.0230652 429.921
0.0231078 428.572
0.0231505 427.263
0.0231932 425.934
0.023236 424.622
0.023279 423.331
0.0233219 422.003
0.023365 420.735
0.0234082 419.387
0.0234514 418.129
0.0234947 416.729
0.0235381 415.559
0.0235815 414.145
0.0236251 412.973
0.0236687 411.576
0.0237124 410.399
0.0237562 409.03
0.0238001 407.86
0.023844 406.518
0.0238881 405.342
0.0239322 404.017
0.0239764 402.834
0.0240206 401.536
0.024065 400.36
0.0241094 399.065
0.0241539 397.885
0.0241985 396.585
0.0242432 395.418
0.024288 394.121
0.0243329 392.968
0.0243778 391.675
0.0244228 390.527
0.0244679 389.251
0.0245131 388.073
0.0245583 386.825
0.0246037 385.692
0.0246491 384.472
0.0246946 383.317
0.0247402 382.114
0.0247859 380.943
0.0248317 379.746
0.0248776 378.583
0.0249235 377.397
0.0249695 376.235
0.0250156 375.057
0.0250618 373.882
0.0251081 372.732
0.0251545 371.563
0.0252009 370.426
0.0252475 369.254
0.0252941 368.135
0.0253408 366.959
0.0253876 365.887
0.0254345 364.662
0.0254814 363.628
0.0255285 362.416
0.0255756 361.389
0.0256229 360.167
0.0256702 359.13
0.0257176 357.942
0.0257651 356.89
0.0258126 355.711
0.0258603 354.666
0.0259081 353.49
0.0259559 352.453
0.0260038 351.297
0.0260518 350.275
0.0261 349.143
0.0261482 348.114
0.0261964 346.98
0.0262448 345.962
0.0262933 344.832
0.0263418 343.815
0.0263905 342.698
0.0264392 341.678
0.026488 340.572
0.0265369 339.537
0.0265859 338.439
0.026635 337.423
0.0266842 336.344
0.0267335 335.327
0.0267829 334.267
0.0268323 333.252
0.0268819 332.194
0.0269315 331.193
0.0269812 330.152
0.0270311 329.143
0.027081 328.108
0.027131 327.09
0.0271811 326.083
0.0272313 325.051
0.0272816 324.061
0.0273319 323.014
0.0273824 322.033
0.027433 320.955
0.0274836 320.039
0.0275344 318.948
0.0275852 318.048
0.0276362 316.987
0.0276872 316.086
0.0277383 315.03
0.0277896 314.129
0.0278409 313.095
0.0278923 312.173
0.0279438 311.14
0.0279954 310.219
0.0280471 309.203
0.0280989 308.29
0.0281508 307.281
0.0282027 306.367
0.0282548 305.356
0.028307 304.454
0.0283593 303.449
0.0284116 302.569
0.0284641 301.581
0.0285167 300.705
0.0285693 299.726
0.0286221 298.82
0.0286749 297.856
0.0287279 296.97
0.0287809 296.015
0.0288341 295.112
0.0288873 294.172
0.0289407 293.259
0.0289941 292.334
0.0290477 291.427
0.0291013 290.502
0.029155 289.61
0.0292089 288.697
0.0292628 287.811
0.0293168 286.928
0.029371 286.034
0.0294252 285.159
0.0294796 284.255
0.029534 283.389
0.0295885 282.478
0.0296432 281.637
0.0296979 280.678
0.0297527 279.883
0.0298077 278.932
0.0298627 278.137
0.0299179 277.198
0.0299731 276.393
0.0300285 275.477
0.0300839 274.672
0.0301395 273.775
0.0301951 272.977
0.0302509 272.081
0.0303068 271.281
0.0303627 270.397
0.0304188 269.6
0.030475 268.723
0.0305312 267.92
0.0305876 267.037
0.0306441 266.241
0.0307007 265.365
0.0307574 264.575
0.0308142 263.712
0.0308711 262.923
0.0309281 262.072
0.0309852 261.279
0.0310424 260.438
0.0310997 259.663
0.0311572 258.83
0.0312147 258.052
0.0312723 257.227
0.0313301 256.436
0.0313879 255.608
0.0314459 254.826
0.031504 254.007
0.0315621 253.229
0.0316204 252.424
0.0316788 251.629
0.0317373 250.845
0.0317959 250.048
0.0318546 249.285
0.0319135 248.489
0.0319724 247.738
0.0320314 246.921
0.0320906 246.209
0.0321498 245.373
0.0322092 244.671
0.0322687 243.842
0.0323283 243.139
0.032388 242.318
0.0324478 241.617
0.0325077 240.815
0.0325677 240.097
0.0326279 239.299
0.0326881 238.591
0.0327485 237.804
0.0328089 237.106
0.0328695 236.337
0.0329302 235.638
0.032991 234.873
0.033052 234.179
0.033113 233.4
0.0331741 232.717
0.0332354 231.95
0.0332968 231.265
0.0333583 230.504
0.0334199 229.806
0.0334816 229.054
0.0335434 228.367
0.0336053 227.627
0.0336674 226.933
0.0337296 226.206
0.0337919 225.513
0.0338543 224.808
0.0339168 224.115
0.0339794 223.404
0.0340421 222.718
0.034105 222.014
0.034168 221.322
0.0342311 220.629
0.0342943 219.935
0.0343576 219.251
0.0344211 218.551
0.0344846 217.878
0.0345483 217.166
0.0346121 216.509
0.034676 215.768
0.0347401 215.158
0.0348042 214.431
0.0348685 213.818
0.0349329 213.099
0.0349974 212.481
0.035062 211.776
0.0351267 211.15
0.0351916 210.449
0.0352566 209.826
0.0353217 209.127
0.0353869 208.509
0.0354523 207.817
0.0355177 207.202
0.0355833 206.516
0.035649 205.899
0.0357149 205.219
0.0357808 204.609
0.0358469 203.938
0.0359131 203.34
0.0359794 202.675
0.0360458 202.077
0.0361124 201.419
0.0361791 200.806
0.0362459 200.151
0.0363128 199.545
0.0363799 198.898
0.0364471 198.291
0.0365144 197.649
0.0365818 197.038
0.0366493 196.402
0.036717 195.799
0.0367848 195.169
0.0368527 194.578
0.0369208 193.961
0.036989 193.357
0.0370573 192.76
0.0371257 192.151
0.0371943 191.56
0.0372629 190.945
0.0373318 190.361
0.0374007 189.73
0.0374698 189.172
0.037539 188.522
0.0376083 187.977
0.0376777 187.339
0.0377473 186.795
0.037817 186.161
0.0378868 185.625
0.0379568 185.013
0.0380269 184.463
0.0380971 183.859
0.0381675 183.312
0.0382379 182.706
0.0383085 182.165
0.0383793 181.565
0.0384502 181.02
0.0385212 180.425
0.0385923 179.886
0.0386636 179.283
0.038735 178.752
0.0388065 178.153
0.0388781 177.624
0.0389499 177.035
0.0390219 176.505
0.0390939 175.928
0.0391661 175.401
0.0392384 174.835
0.0393109 174.302
0.0393835 173.742
0.0394562 173.203
0.0395291 172.653
0.0396021 172.116
0.0396752 171.557
0.0397485 171.026
0.0398219 170.476
0.0398954 169.942
0.0399691 169.402
0.0400429 168.867
0.0401168 168.34
0.0401909 167.807
0.0402651 167.292
0.0403395 166.752
0.040414 166.246
0.0404886 165.68
0.0405633 165.207
0.0406383 164.643
0.0407133 164.168
0.0407885 163.607
0.0408638 163.129
0.0409393 162.579
0.0410149 162.1
0.0410906 161.556
0.0411665 161.073
0.0412425 160.536
0.0413186 160.06
0.0413949 159.534
0.0414714 159.064
0.041548 158.541
0.0416247 158.066
0.0417016 157.547
0.0417786 157.075
0.0418557 156.552
0.041933 156.089
0.0420104 155.569
0.042088 155.105
0.0421657 154.593
0.0422436 154.118
0.0423216 153.608
0.0423998 153.144
0.042478 152.644
0.0425565 152.18
0.0426351 151.691
0.0427138 151.221
0.0427927 150.735
0.0428717 150.271
0.0429509 149.789
0.0430302 149.326
0.0431096 148.849
0.0431892 148.375
0.043269 147.909
0.0433489 147.434
0.0434289 146.976
0.0435091 146.501
0.0435895 146.043
0.04367 145.56
0.0437506 145.127
0.0438314 144.633
0.0439124 144.213
0.0439934 143.735
0.0440747 143.314
0.0441561 142.829
0.0442376 142.411
0.0443193 141.939
0.0444011 141.51
0.0444831 141.042
0.0445653 140.618
0.0446476 140.145
0.04473 139.728
0.0448126 139.262
0.0448954 138.844
0.0449783 138.38
0.0450613 137.97
0.0451445 137.508
0.0452279 137.104
0.0453114 136.652
0.0453951 136.244
0.0454789 135.794
0.0455629 135.384
0.045647 134.938
0.0457313 134.525
0.0458158 134.082
0.0459004 133.673
0.0459851 133.235
0.0460701 132.823
0.0461551 132.396
0.0462404 131.981
0.0463257 131.55
0.0464113 131.144
0.046497 130.725
0.0465829 130.319
0.0466689 129.904
0.0467551 129.496
0.0468414 129.089
0.0469279 128.675
0.0470145 128.277
0.0471014 127.856
0.0471883 127.46
0.0472755 127.021
0.0473628 126.655
0.0474502 126.216
0.0475379 125.849
0.0476256 125.417
0.0477136 125.047
0.0478017 124.628
0.04789 124.262
0.0479784 123.85
0.048067 123.478
0.0481558 123.066
0.0482447 122.695
0.0483338 122.289
0.048423 121.922
0.0485124 121.514
0.048602 121.145
0.0486918 120.741
0.0487817 120.376
0.0488718 119.97
0.048962 119.612
0.0490524 119.208
0.049143 118.856
0.0492338 118.461
0.0493247 118.099
0.0494158 117.711
0.049507 117.358
0.0495984 116.972
0.04969 116.613
0.0497818 116.234
0.0498737 115.87
0.0499658 115.493
0.0500581 115.133
0.0501505 114.762
0.0502431 114.402
0.0503359 114.031
0.0504288 113.667
0.050522 113.306
0.0506153 112.946
0.0507087 112.592
0.0508024 112.233
0.0508962 111.883
0.0509902 111.514
0.0510843 111.177
0.0511786 110.796
0.0512732 110.469
0.0513678 110.094
0.0514627 109.77
0.0515577 109.391
0.0516529 109.069
0.0517483 108.699
0.0518439 108.369
0.0519396 108.007
0.0520355 107.682
0.0521316 107.32
0.0522279 107
0.0523243 106.647
0.0524209 106.326
0.0525177 105.974
0.0526147 105.655
0.0527119 105.298
0.0528092 104.983
0.0529067 104.631
0.0530044 104.314
0.0531023 103.964
0.0532004 103.648
0.0532986 103.304
0.053397 102.984
0.0534956 102.641
0.0535944 102.327
0.0536934 101.994
0.0537925 101.679
0.0538919 101.353
0.0539914 101.035
0.0540911 100.703
0.054191 100.389
0.054291 100.063
0.0543913 99.7495
0.0544917 99.4261
0.0545924 99.1091
0.0546932 98.7931
0.0547942 98.4737
0.0548954 98.1643
0.0549967 97.839
0.0550983 97.5342
0.0552 97.2017
0.055302 96.9186
0.0554041 96.586
0.0555064 96.3039
0.0556089 95.9738
0.0557116 95.6928
0.0558144 95.3651
0.0559175 95.0817
0.0560208 94.7608
0.0561242 94.4734
0.0562279 94.1517
0.0563317 93.8651
0.0564357 93.5494
0.0565399 93.2657
0.0566443 92.9528
0.0567489 92.6695
0.0568537 92.3585
0.0569587 92.0799
0.0570639 91.7723
0.0571693 91.4972
0.0572748 91.1891
0.0573806 90.9144
0.0574866 90.6086
0.0575927 90.3273
0.0576991 90.0252
0.0578056 89.7507
0.0579124 89.4512
0.0580193 89.173
0.0581264 88.8786
0.0582338 88.5978
0.0583413 88.3072
0.058449 88.0299
0.058557 87.7433
0.0586651 87.469
0.0587734 87.1866
0.058882 86.9088
0.0589907 86.632
0.0590996 86.3544
0.0592088 86.0792
0.0593181 85.7999
0.0594276 85.5265
0.0595374 85.2441
0.0596473 84.9804
0.0597575 84.6848
0.0598678 84.4341
0.0599784 84.141
0.0600891 83.8938
0.0602001 83.6017
0.0603112 83.355
0.0604226 83.0741
0.0605342 82.8234
0.060646 82.5458
0.060758 82.2949
0.0608702 82.016
0.0609826 81.7667
0.0610952 81.4907
0.061208 81.2428
0.061321 80.9683
0.0614343 80.7196
0.0615477 80.4443
0.0616614 80.1992
0.0617752 79.927
0.0618893 79.6838
0.0620036 79.4161
0.0621181 79.1746
0.0622328 78.9126
0.0623477 78.667
0.0624628 78.4042
0.0625782 78.1624
0.0626937 77.9032
0.0628095 77.6622
0.0629255 77.4043
0.0630417 77.1596
0.0631581 76.9012
0.0632747 76.6599
0.0633916 76.4055
0.0635086 76.1636
0.0636259 75.9134
0.0637434 75.6699
0.0638611 75.4276
0.063979 75.1843
0.0640972 74.9472
0.0642155 74.7011
0.0643341 74.4642
0.0644529 74.2104
0.0645719 73.9881
0.0646912 73.729
0.0648106 73.5105
0.0649303 73.2528
0.0650502 73.0352
0.0651703 72.7794
0.0652907 72.5622
0.0654113 72.3123
0.065532 72.0911
0.0656531 71.8445
0.0657743 71.6257
0.0658957 71.3863
0.0660174 71.1693
0.0661393 70.9309
0.0662615 70.7119
0.0663838 70.4725
0.0665064 70.2553
0.0666292 70.0151
0.0667523 69.8024
0.0668755 69.5624
0.066999 69.3512
0.0671227 69.1141
0.0672467 68.8962
0.0673709 68.6633
0.0674953 68.4525
0.0676199 68.2229
0.0677448 68.0101
0.0678699 67.7862
0.0679952 67.5719
0.0681208 67.3497
0.0682466 67.1353
0.0683726 66.9122
0.0684988 66.7001
0.0686253 66.4788
0.0687521 66.2647
0.068879 66.0488
0.0690062 65.8338
0.0691336 65.6206
0.0692613 65.4037
0.0693892 65.1933
0.0695173 64.9762
0.0696457 64.7732
0.0697743 64.5485
0.0699031 64.3577
0.0700322 64.1333
0.0701616 63.9417
0.0702911 63.7189
0.0704209 63.5259
0.070551 63.3062
0.0706812 63.1113
0.0708118 62.8934
0.0709425 62.6998
0.0710735 62.4826
0.0712048 62.2903
0.0713362 62.0765
0.071468 61.8855
0.0716 61.6748
0.0717322 61.4844
0.0718646 61.2754
0.0719973 61.0861
0.0721303 60.8786
0.0722635 60.6904
0.0723969 60.4845
0.0725306 60.2968
0.0726645 60.0924
0.0727987 59.902
0.0729332 59.6971
0.0730678 59.5103
0.0732028 59.3079
0.0733379 59.1217
0.0734734 58.9213
0.073609 58.7337
0.073745 58.5346
0.0738812 58.3513
0.0740176 58.1559
0.0741543 57.9718
0.0742912 57.7795
0.0744284 57.5918
0.0745658 57.4042
0.0747035 57.2143
0.0748415 57.0291
0.0749797 56.8377
0.0751181 56.6544
0.0752568 56.4579
0.0753958 56.2846
0.075535 56.0836
0.0756745 55.9139
0.0758143 55.7157
0.0759543 55.5489
0.0760945 55.3544
0.076235 55.1887
0.0763758 54.998
0.0765168 54.8267
0.0766581 54.6372
0.0767997 54.4673
0.0769415 54.2794
0.0770836 54.1106
0.0772259 53.9245
0.0773685 53.7548
0.0775114 53.5693
0.0776545 53.402
0.0777979 53.2146
0.0779416 53.0501
0.0780855 52.8663
0.0782297 52.7035
0.0783742 52.5232
0.0785189 52.3589
0.0786639 52.1793
0.0788092 52.0162
0.0789547 51.8387
0.0791005 51.6741
0.0792466 51.4981
0.0793929 51.3323
0.0795395 51.1593
0.0796864 50.9939
0.0798335 50.8201
0.0799809 50.6564
0.0801286 50.4844
0.0802766 50.3197
0.0804248 50.1524
0.0805734 49.9902
0.0807221 49.8267
0.0808712 49.6618
0.0810205 49.5001
0.0811702 49.3328
0.08132 49.1744
0.0814702 48.9991
0.0816207 48.851
0.0817714 48.6759
0.0819224 48.5276
0.0820737 48.3538
0.0822252 48.2051
0.0823771 48.0344
0.0825292 47.8855
0.0826816 47.7166
0.0828342 47.5683
0.0829872 47.4041
0.0831405 47.2568
0.083294 47.0933
0.0834478 46.9465
0.0836019 46.7837
0.0837563 46.6356
0.0839109 46.4732
0.0840659 46.3255
0.0842211 46.1627
0.0843766 46.018
0.0845325 45.8565
0.0846885 45.7125
0.0848449 45.5533
0.0850016 45.4067
0.0851586 45.2489
0.0853158 45.1058
0.0854734 44.9517
0.0856312 44.8083
0.0857893 44.6552
0.0859478 44.5103
0.0861065 44.3573
0.0862655 44.2141
0.0864248 44.0614
0.0865844 43.9191
0.0867442 43.7689
0.0869044 43.6228
0.0870649 43.4771
0.0872257 43.3303
0.0873868 43.187
0.0875481 43.0406
0.0877098 42.899
0.0878718 42.7511
0.088034 42.6168
0.0881966 42.464
0.0883594 42.3328
0.0885226 42.1823
0.0886861 42.0516
0.0888498 41.8998
0.0890139 41.7703
0.0891783 41.6219
0.089343 41.4888
0.0895079 41.3418
0.0896732 41.21
0.0898388 41.0627
0.0900047 40.9332
0.0901709 40.7887
0.0903374 40.6591
0.0905043 40.5179
0.0906714 40.3894
0.0908388 40.2463
0.0910066 40.1195
0.0911746 39.9775
0.091343 39.8499
0.0915116 39.7093
0.0916806 39.5813
0.0918499 39.4419
0.0920195 39.3137
0.0921895 39.1758
0.0923597 39.0479
0.0925303 38.9119
0.0927011 38.7834
0.0928723 38.65
0.0930438 38.5244
0.0932156 38.3905
0.0933877 38.2652
0.0935602 38.134
0.093733 38.0072
0.0939061 37.8777
0.0940795 37.7508
0.0942532 37.6233
0.0944272 37.4951
0.0946016 37.3701
0.0947763 37.2398
0.0949513 37.1165
0.0951266 36.9802
0.0953023 36.8665
0.0954783 36.7304
0.0956546 36.6175
0.0958312 36.4846
0.0960082 36.3707
0.0961855 36.2402
0.0963631 36.1259
0.0965411 35.9968
0.0967193 35.8809
0.0968979 35.7527
0.0970769 35.6374
0.0972561 35.51
0.0974357 35.3963
0.0976156 35.2689
0.0977959 35.1544
0.0979765 35.0286
0.0981574 34.9146
0.0983387 34.7884
0.0985203 34.6781
0.0987022 34.5544
0.0988845 34.444
0.0990671 34.3217
0.09925 34.2088
0.0994333 34.0871
0.0996169 33.9761
0.0998008 33.8554
0.0999851 33.7443
0.10017 33.6248
0.100355 33.5113
0.10054 33.393
0.100726 33.2813
0.100912 33.1645
0.101098 33.0531
0.101285 32.9379
0.101472 32.8259
0.101659 32.7142
0.101847 32.6017
0.102035 32.4921
0.102223 32.3792
0.102412 32.2691
0.102601 32.154
0.102791 32.0493
0.102981 31.9294
0.103171 31.8275
0.103361 31.7107
0.103552 31.6088
0.103743 31.4907
0.103935 31.3904
0.104127 31.2756
0.104319 31.1734
0.104512 31.0617
0.104705 30.9608
0.104898 30.8481
0.105092 30.7486
0.105286 30.6376
0.10548 30.5373
0.105675 30.4259
0.10587 30.3267
0.106066 30.2147
0.106262 30.1162
0.106458 30.0062
0.106654 29.907
0.106851 29.798
0.107049 29.6996
0.107246 29.5919
0.107444 29.4933
0.107643 29.3875
0.107841 29.29
0.108041 29.1855
0.10824 29.0874
0.10844 28.9847
0.10864 28.886
0.108841 28.782
0.109042 28.6841
0.109243 28.5818
0.109445 28.4832
0.109647 28.3824
0.10985 28.2838
0.110052 28.1847
0.110256 28.0855
0.110459 27.9895
0.110663 27.8897
0.110868 27.7948
0.111072 27.6906
0.111277 27.6029
0.111483 27.4984
0.111689 27.4104
0.111895 27.3068
0.112102 27.2182
0.112309 27.1159
0.112516 27.0274
0.112724 26.9265
0.112932 26.8372
0.11314 26.7366
0.113349 26.6474
0.113559 26.5489
0.113768 26.4618
0.113978 26.3644
0.114189 26.2763
0.1144 26.1801
0.114611 26.0926
0.114823 25.9957
0.115035 25.9098
0.115247 25.8132
0.11546 25.7272
0.115673 25.6315
0.115887 25.5437
0.116101 25.449
0.116315 25.3634
0.11653 25.2692
0.116745 25.1827
0.116961 25.0907
0.117177 25.0038
0.117393 24.9133
0.11761 24.8278
0.117827 24.7385
0.118045 24.6527
0.118263 24.5636
0.118481 24.4765
0.1187 24.3894
0.118919 24.302
0.119139 24.2163
0.119359 24.1283
0.119579 24.0435
0.1198 23.9541
0.120021 23.8725
0.120243 23.7802
0.120465 23.7022
0.120687 23.6122
0.12091 23.5352
0.121133 23.4444
0.121357 23.3676
0.121581 23.2788
0.121806 23.1998
0.12203 23.1127
0.122256 23.0344
0.122482 22.9462
0.122708 22.8687
0.122934 22.782
0.123161 22.7045
0.123389 22.6183
0.123617 22.5412
0.123845 22.4544
0.124074 22.379
0.124303 22.2943
0.124532 22.2183
0.124762 22.1355
0.124993 22.0594
0.125223 21.9772
0.125455 21.9003
0.125686 21.8177
0.125918 21.7418
0.126151 21.6608
0.126384 21.5844
0.126617 21.5045
0.126851 21.4279
0.127085 21.3469
0.12732 21.2717
0.127555 21.1925
0.127791 21.1175
0.128027 21.0398
0.128263 20.9643
0.1285 20.8887
0.128737 20.8122
0.128975 20.738
0.129213 20.6602
0.129452 20.5866
0.129691 20.5064
0.12993 20.4376
0.13017 20.3559
0.130411 20.2877
0.130651 20.2068
0.130893 20.1393
0.131134 20.0591
0.131376 19.9918
0.131619 19.9143
0.131862 19.8459
0.132106 19.769
0.13235 19.7009
0.132594 19.625
0.132839 19.5571
0.133084 19.4821
0.13333 19.4135
0.133576 19.3381
0.133823 19.2704
0.13407 19.1951
0.134317 19.1282
0.134565 19.0534
0.134814 18.9868
0.135063 18.9131
0.135312 18.8456
0.135562 18.7733
0.135812 18.7079
0.136063 18.6364
0.136315 18.5695
0.136566 18.4992
0.136818 18.4319
0.137071 18.3617
0.137324 18.2948
0.137578 18.225
0.137832 18.1584
0.138086 18.0894
0.138341 18.0217
0.138597 17.9545
0.138853 17.8873
0.139109 17.8208
0.139366 17.7534
0.139623 17.6882
0.139881 17.6209
0.14014 17.558
0.140398 17.487
0.140658 17.427
0.140917 17.3566
0.141177 17.2973
0.141438 17.2262
0.141699 17.1665
0.141961 17.0973
0.142223 17.0368
0.142486 16.9686
0.142749 16.9082
0.143013 16.8402
0.143277 16.7807
0.143541 16.7141
0.143806 16.6551
0.144072 16.5896
0.144338 16.5301
0.144604 16.464
0.144871 16.4049
0.145139 16.3397
0.145407 16.2805
0.145675 16.2159
0.145944 16.1568
0.146214 16.0932
0.146484 16.0334
0.146754 15.9694
0.147025 15.9109
0.147297 15.8481
0.147569 15.7902
0.147841 15.7283
0.148114 15.6701
0.148388 15.6084
0.148662 15.5508
0.148937 15.49
0.149212 15.4322
0.149487 15.3719
0.149763 15.3133
0.15004 15.2544
0.150317 15.195
0.150594 15.1377
0.150872 15.0776
0.151151 15.0206
0.15143 14.9589
0.15171 14.9058
0.15199 14.8433
0.152271 14.7916
0.152552 14.7299
0.152833 14.6783
0.153116 14.617
0.153398 14.5652
0.153682 14.5051
0.153965 14.4521
0.15425 14.3924
0.154535 14.3397
0.15482 14.2807
0.155106 14.2286
0.155392 14.1702
0.155679 14.1175
0.155967 14.0595
0.156255 14.0075
0.156543 13.9497
0.156832 13.899
0.157122 13.8423
0.157412 13.7912
0.157703 13.7349
0.157994 13.6831
0.158286 13.6273
0.158578 13.5763
0.158871 13.5211
0.159164 13.4691
0.159458 13.4147
0.159753 13.3627
0.160048 13.3089
0.160343 13.2571
0.160639 13.2033
0.160936 13.1527
0.161233 13.0998
0.161531 13.0489
0.161829 12.9975
0.162128 12.9462
0.162427 12.8954
0.162727 12.8433
0.163028 12.7935
0.163329 12.741
0.16363 12.6922
0.163933 12.6371
0.164235 12.5914
0.164539 12.5366
0.164842 12.4909
0.165147 12.4365
0.165452 12.3909
0.165757 12.3381
0.166063 12.2921
0.16637 12.2403
0.166677 12.1945
0.166985 12.1429
0.167293 12.0974
0.167602 12.046
0.167912 12.0006
0.168222 11.9498
0.168532 11.904
0.168844 11.8533
0.169155 11.8076
0.169468 11.7572
0.169781 11.7121
0.170094 11.6625
0.170408 11.6177
0.170723 11.5692
0.171038 11.5239
0.171354 11.4758
0.171671 11.4313
0.171988 11.3834
0.172305 11.3388
0.172623 11.2912
0.172942 11.2463
0.173261 11.1989
0.173581 11.1543
0.173902 11.1074
0.174223 11.0629
0.174545 11.0168
0.174867 10.9716
0.17519 10.927
0.175514 10.8816
0.175838 10.8379
0.176162 10.7927
0.176488 10.7498
0.176814 10.7031
0.17714 10.6624
0.177467 10.6146
0.177795 10.5746
0.178123 10.5271
0.178452 10.4874
0.178782 10.44
0.179112 10.4006
0.179443 10.3543
0.179774 10.3139
0.180106 10.268
0.180438 10.2282
0.180772 10.183
0.181105 10.1437
0.18144 10.0996
0.181775 10.0598
0.182111 10.016
0.182447 9.97662
0.182784 9.93237
0.183121 9.89316
0.183459 9.84939
0.183798 9.81006
0.184138 9.76694
0.184478 9.72758
0.184818 9.68471
0.18516 9.64558
0.185502 9.60343
0.185844 9.56424
0.186187 9.52284
0.186531 9.48385
0.186876 9.44337
0.187221 9.40457
0.187566 9.36373
0.187913 9.3251
0.18826 9.28481
0.188607 9.24556
0.188956 9.20604
0.189305 9.16687
0.189654 9.12808
0.190004 9.08838
0.190355 9.05029
0.190707 9.01023
0.191059 8.97319
0.191412 8.93133
0.191765 8.89714
0.192119 8.85615
0.192474 8.82163
0.192829 8.78069
0.193186 8.74616
0.193542 8.70591
0.1939 8.67112
0.194258 8.63121
0.194616 8.5963
0.194976 8.55659
0.195336 8.52212
0.195697 8.48283
0.196058 8.44846
0.19642 8.40969
0.196783 8.3752
0.197146 8.33679
0.19751 8.30276
0.197875 8.26482
0.19824 8.2311
0.198606 8.19377
0.198973 8.15993
0.199341 8.12311
0.199709 8.08876
0.200077 8.05201
0.200447 8.01805
0.200817 7.98177
0.201188 7.94763
0.201559 7.91167
0.201932 7.87739
0.202304 7.84167
0.202678 7.80809
0.203052 7.77288
0.203427 7.73987
0.203803 7.70547
0.204179 7.67143
0.204556 7.63787
0.204934 7.60364
0.205312 7.57063
0.205692 7.53625
0.206071 7.50346
0.206452 7.46831
0.206833 7.43707
0.207215 7.40083
0.207598 7.37045
0.207981 7.335
0.208365 7.30494
0.20875 7.26931
0.209135 7.23983
0.209522 7.20559
0.209908 7.1754
0.210296 7.14146
0.210684 7.11143
0.211073 7.07725
0.211463 7.04776
0.211854 7.0141
0.212245 6.98414
0.212637 6.95088
0.21303 6.92135
0.213423 6.8877
0.213817 6.85835
0.214212 6.82546
0.214607 6.79599
0.215004 6.76376
0.215401 6.73462
0.215799 6.70311
0.216197 6.67373
0.216596 6.64254
0.216996 6.6131
0.217397 6.58225
0.217798 6.5526
0.218201 6.52208
0.218603 6.49286
0.219007 6.46198
0.219412 6.43286
0.219817 6.40274
0.220223 6.37333
0.220629 6.34371
0.221037 6.31447
0.221445 6.2856
0.221854 6.25639
0.222263 6.22839
0.222674 6.19877
0.223085 6.17107
0.223497 6.13996
0.22391 6.11435
0.224323 6.08325
0.224737 6.05759
0.225152 6.0267
0.225568 6.00076
0.225985 5.97046
0.226402 5.9446
0.22682 5.91475
0.227239 5.88881
0.227659 5.85928
0.228079 5.83377
0.2285 5.80499
0.228922 5.77981
0.229345 5.75111
0.229768 5.72555
0.230193 5.69722
0.230618 5.67161
0.231044 5.64311
0.23147 5.61796
0.231898 5.58983
0.232326 5.56475
0.232755 5.53698
0.233185 5.51147
0.233615 5.48413
0.234047 5.45907
0.234479 5.43212
0.234912 5.40732
0.235346 5.38103
0.23578 5.3558
0.236216 5.32976
0.236652 5.30479
0.237089 5.27892
0.237527 5.25413
0.237965 5.22852
0.238405 5.20311
0.238845 5.17819
0.239286 5.15266
0.239728 5.12829
0.240171 5.10273
0.240614 5.07853
0.241058 5.05268
0.241504 5.02982
0.24195 5.00353
0.242396 4.98141
0.242844 4.95558
0.243292 4.93348
0.243742 4.90731
0.244192 4.88554
0.244643 4.86
0.245094 4.83758
0.245547 4.81237
0.246 4.79029
0.246455 4.765
0.24691 4.74319
0.247366 4.71826
0.247822 4.69648
0.24828 4.67176
0.248739 4.65054
0.249198 4.62615
0.249658 4.60488
0.250119 4.58094
0.250581 4.55937
0.251044 4.53581
0.251507 4.51438
0.251972 4.49112
0.252437 4.46939
0.252903 4.4462
0.25337 4.42463
0.253838 4.40185
0.254307 4.38026
0.254776 4.35786
0.255247 4.33644
0.255718 4.31404
0.25619 4.29305
0.256663 4.27133
0.257137 4.2502
0.257612 4.22877
0.258088 4.20739
0.258565 4.18639
0.259042 4.16485
0.25952 4.14434
0.26 4.12254
0.26048 4.10222
0.260961 4.07933
0.261443 4.06066
0.261925 4.03793
0.262409 4.01934
0.262894 3.99683
0.263379 3.97842
0.263865 3.95667
0.264353 3.93819
0.264841 3.91677
0.26533 3.89814
0.26582 3.8767
0.266311 3.85816
0.266803 3.83701
0.267295 3.81867
0.267789 3.79768
0.268283 3.77907
0.268779 3.75837
0.269275 3.73997
0.269772 3.71923
0.27027 3.70115
0.27077 3.68081
0.27127 3.66292
0.27177 3.64308
0.272272 3.62494
0.272775 3.60542
0.273279 3.58752
0.273783 3.5681
0.274289 3.55004
0.274796 3.53096
0.275303 3.51267
0.275811 3.49377
0.276321 3.4757
0.276831 3.45705
0.277342 3.43902
0.277854 3.42063
0.278367 3.40235
0.278881 3.38454
0.279396 3.3666
0.279912 3.3492
0.280429 3.33111
0.280947 3.31393
0.281466 3.29567
0.281986 3.27905
0.282506 3.25997
0.283028 3.24411
0.283551 3.22531
0.284074 3.20968
0.284599 3.19062
0.285124 3.17512
0.285651 3.15663
0.286178 3.14086
0.286707 3.12275
0.287236 3.10726
0.287767 3.08944
0.288298 3.07412
0.28883 3.05663
0.289364 3.04127
0.289898 3.02384
0.290433 3.00853
0.29097 2.9911
0.291507 2.97584
0.292045 2.95862
0.292585 2.94327
0.293125 2.92646
0.293666 2.91126
0.294208 2.89466
0.294752 2.8793
0.295296 2.86287
0.295841 2.84785
0.296388 2.83201
0.296935 2.81694
0.297483 2.80124
0.298033 2.78622
0.298583 2.77037
0.299134 2.75542
0.299687 2.74
0.30024 2.72495
0.300795 2.70965
0.30135 2.69449
0.301906 2.67972
0.302464 2.66437
0.303022 2.6499
0.303582 2.63453
0.304143 2.62038
0.304704 2.60472
0.305267 2.59158
0.305831 2.57585
0.306395 2.56284
0.306961 2.54719
0.307528 2.53429
0.308096 2.51873
0.308665 2.50583
0.309235 2.4906
0.309806 2.47757
0.310378 2.46233
0.310951 2.44942
0.311525 2.43448
0.312101 2.42173
0.312677 2.40711
0.313254 2.39431
0.313833 2.38
0.314412 2.36738
0.314993 2.35316
0.315574 2.34064
0.316157 2.32654
0.316741 2.31401
0.317326 2.30009
0.317912 2.28739
0.318499 2.27373
0.319087 2.2612
0.319676 2.24772
0.320267 2.23506
0.320858 2.22181
0.321451 2.20916
0.322044 2.19613
0.322639 2.18373
0.323235 2.17096
0.323832 2.15871
0.32443 2.1461
0.325029 2.13363
0.325629 2.12138
0.32623 2.10887
0.326833 2.09676
0.327436 2.0841
0.328041 2.07223
0.328646 2.05951
0.329253 2.04807
0.329861 2.03475
0.33047 2.02398
0.331081 2.01094
0.331692 2.00035
0.332305 1.98751
0.332918 1.97694
0.333533 1.96444
0.334149 1.95377
0.334766 1.94143
0.335384 1.93081
0.336003 1.91851
0.336624 1.90794
0.337246 1.8958
0.337868 1.88532
0.338492 1.87328
0.339117 1.8628
0.339743 1.85087
0.340371 1.84041
0.340999 1.8287
0.341629 1.81842
0.34226 1.80708
0.342892 1.79683
0.343525 1.78576
0.344159 1.77538
0.344795 1.76428
0.345432 1.75413
0.34607 1.74314
0.346709 1.73296
0.347349 1.72211
0.34799 1.71189
0.348633 1.70107
0.349277 1.69094
0.349922 1.68046
0.350568 1.67037
0.351215 1.66002
0.351864 1.64995
0.352513 1.64003
0.353164 1.6299
0.353817 1.62025
0.35447 1.61001
0.355125 1.6005
0.35578 1.5899
0.356437 1.58096
0.357095 1.57024
0.357755 1.56151
0.358416 1.55083
0.359077 1.54221
0.35974 1.53163
0.360405 1.52309
0.36107 1.51277
0.361737 1.50421
0.362405 1.49412
0.363074 1.48564
0.363745 1.47584
0.364416 1.46742
0.365089 1.45771
0.365763 1.44915
0.366439 1.43956
0.367116 1.43111
0.367793 1.42146
0.368473 1.41313
0.369153 1.40365
0.369835 1.3953
0.370518 1.38596
0.371202 1.37762
0.371887 1.3685
0.372574 1.36033
0.373262 1.35146
0.373951 1.34324
0.374642 1.33458
0.375334 1.32632
0.376027 1.31778
0.376721 1.30953
0.377417 1.30101
0.378114 1.29285
0.378812 1.28448
0.379511 1.27622
0.380212 1.26803
0.380914 1.25976
0.381618 1.25179
0.382322 1.24345
0.383028 1.23576
0.383736 1.22749
0.384444 1.22003
0.385154 1.21146
0.385866 1.20453
0.386578 1.19604
0.387292 1.18909
0.388007 1.18063
0.388724 1.17372
0.389441 1.16542
0.390161 1.15842
0.390881 1.15025
0.391603 1.14332
0.392326 1.1352
0.39305 1.12842
0.393776 1.12041
0.394503 1.11373
0.395232 1.10597
0.395962 1.09928
0.396693 1.09169
0.397425 1.08498
0.398159 1.07743
0.398895 1.07077
0.399631 1.06337
0.400369 1.05672
0.401108 1.04944
0.401849 1.04274
0.402591 1.03549
0.403335 1.02889
0.404079 1.02174
0.404826 1.01518
0.405573 1.00817
0.406322 1.00168
0.407072 0.994851
0.407824 0.988456
0.408577 0.981789
0.409332 0.975382
0.410088 0.968799
0.410845 0.962273
0.411604 0.955911
0.412364 0.949315
0.413125 0.943083
0.413888 0.936458
0.414652 0.930373
0.415418 0.923571
0.416185 0.917837
0.416954 0.910922
0.417723 0.905408
0.418495 0.898685
0.419268 0.893307
0.420042 0.886689
0.420818 0.881361
0.421595 0.874896
0.422373 0.869452
0.423153 0.863033
0.423934 0.857627
0.424717 0.85127
0.425502 0.84594
0.426287 0.839665
0.427075 0.834289
0.427863 0.828161
0.428653 0.822886
0.429445 0.816765
0.430238 0.811549
0.431032 0.805611
0.431828 0.800463
0.432626 0.794706
0.433425 0.78957
0.434225 0.783852
0.435027 0.778713
0.43583 0.773107
0.436635 0.767928
0.437441 0.762407
0.438249 0.757202
0.439058 0.751781
0.439869 0.746636
0.440681 0.741243
0.441495 0.736157
0.44231 0.730916
0.443127 0.725827
0.443945 0.720787
0.444765 0.715747
0.445586 0.71087
0.446409 0.705757
0.447234 0.700988
0.448059 0.695823
0.448887 0.691166
0.449716 0.685729
0.450546 0.681446
0.451378 0.676081
0.452212 0.671793
0.453047 0.666473
0.453883 0.662233
0.454722 0.657039
0.455561 0.65284
0.456402 0.647793
0.457245 0.643619
0.45809 0.638733
0.458935 0.634608
0.459783 0.629754
0.460632 0.625641
0.461483 0.620845
0.462335 0.616707
0.463189 0.611976
0.464044 0.607858
0.464901 0.60313
0.465759 0.599085
0.466619 0.594468
0.467481 0.590433
0.468344 0.585939
0.469209 0.581928
0.470076 0.577527
0.470944 0.573604
0.471813 0.569344
0.472684 0.565392
0.473557 0.561194
0.474432 0.557227
0.475308 0.553058
0.476186 0.549125
0.477065 0.545025
0.477946 0.541117
0.478828 0.537111
0.479713 0.533103
0.480598 0.529237
0.481486 0.525234
0.482375 0.521496
0.483266 0.517521
0.484158 0.513892
0.485052 0.509937
0.485948 0.506498
0.486845 0.502408
0.487744 0.499089
0.488645 0.49509
0.489547 0.491809
0.490451 0.487761
0.491357 0.484534
0.492264 0.480587
0.493173 0.477334
0.494084 0.473435
0.494996 0.470227
0.495911 0.466375
0.496826 0.463247
0.497744 0.459512
0.498663 0.456402
0.499584 0.452806
0.500506 0.449739
0.50143 0.446127
0.502356 0.443048
0.503284 0.439516
0.504213 0.436429
0.505144 0.432955
0.506077 0.42989
0.507012 0.426463
0.507948 0.423397
0.508886 0.42003
0.509826 0.416977
0.510767 0.413703
0.51171 0.410661
0.512655 0.407501
0.513602 0.404559
0.51455 0.401446
0.515501 0.398489
0.516453 0.395454
0.517406 0.392472
0.518362 0.389483
0.519319 0.38649
0.520278 0.383589
0.521239 0.38055
0.522201 0.377746
0.523165 0.374685
0.524131 0.371941
0.525099 0.368721
0.526069 0.366273
0.52704 0.363134
0.528014 0.360717
0.528989 0.357695
0.529966 0.355259
0.530944 0.352288
0.531925 0.349865
0.532907 0.346929
0.533891 0.344519
0.534877 0.341589
0.535865 0.339186
0.536854 0.336322
0.537845 0.33396
0.538839 0.331111
0.539834 0.328745
0.54083 0.325987
0.541829 0.323649
0.54283 0.320939
0.543832 0.318672
0.544836 0.316066
0.545842 0.313803
0.54685 0.31123
0.54786 0.308937
0.548872 0.306407
0.549885 0.304143
0.550901 0.301641
0.551918 0.299374
0.552937 0.296918
0.553958 0.294631
0.554981 0.292241
0.556006 0.28998
0.557033 0.287642
0.558061 0.285424
0.559092 0.283162
0.560124 0.28095
0.561159 0.278791
0.562195 0.27656
0.563233 0.274452
0.564273 0.272205
0.565315 0.270136
0.566359 0.267844
0.567405 0.265878
0.568453 0.263499
0.569502 0.261639
0.570554 0.259318
0.571608 0.257481
0.572663 0.255155
0.573721 0.253385
0.57478 0.251143
0.575842 0.249362
0.576905 0.247232
0.57797 0.245469
0.579037 0.243345
0.580107 0.241594
0.581178 0.2395
0.582251 0.237742
0.583326 0.235662
0.584404 0.233947
0.585483 0.231882
0.586564 0.230169
0.587647 0.228151
0.588732 0.226432
0.589819 0.224471
0.590908 0.222783
0.592 0.220888
0.593093 0.219225
0.594188 0.217392
0.595285 0.215735
0.596385 0.213943
0.597486 0.212275
0.598589 0.210508
0.599694 0.208845
0.600802 0.207091
0.601911 0.205436
0.603023 0.203733
0.604136 0.202076
0.605252 0.200406
0.60637 0.198734
0.607489 0.197133
0.608611 0.195465
0.609735 0.193938
0.610861 0.192307
0.611989 0.19083
0.613119 0.189106
0.614251 0.187765
0.615386 0.186044
0.616522 0.18471
0.61766 0.183002
0.618801 0.181675
0.619944 0.180006
0.621088 0.178686
0.622235 0.177043
0.623384 0.175737
0.624535 0.174108
0.625689 0.172822
0.626844 0.171246
0.628002 0.170004
0.629161 0.168509
0.630323 0.167243
0.631487 0.165768
0.632653 0.164517
0.633821 0.163045
0.634992 0.161806
0.636164 0.16036
0.637339 0.15912
0.638516 0.157693
0.639695 0.15645
0.640876 0.155056
0.64206 0.153837
0.643246 0.152475
0.644433 0.15126
0.645623 0.149951
0.646816 0.148759
0.64801 0.147503
0.649207 0.146316
0.650405 0.145084
0.651606 0.14389
0.65281 0.142678
0.654015 0.141472
0.655223 0.140288
0.656433 0.139083
0.657645 0.137935
0.658859 0.136711
0.660076 0.135598
0.661295 0.134365
0.662516 0.133315
0.66374 0.132028
0.664965 0.131077
0.666193 0.129875
0.667423 0.128929
0.668656 0.127714
0.669891 0.12678
0.671128 0.125592
0.672367 0.124648
0.673608 0.123477
0.674852 0.12254
0.676099 0.121384
0.677347 0.120456
0.678598 0.119318
0.679851 0.118406
0.681106 0.117283
0.682364 0.116382
0.683624 0.115292
0.684887 0.114414
0.686151 0.113381
0.687418 0.1125
0.688688 0.111491
0.689959 0.110613
0.691233 0.109614
0.69251 0.10873
0.693789 0.107742
0.69507 0.106865
0.696353 0.105901
0.697639 0.105026
0.698928 0.104081
0.700218 0.103213
0.701511 0.102284
0.702807 0.101426
0.704104 0.100543
0.705405 0.0997056
0.706707 0.0988567
0.708012 0.0980128
0.70932 0.0971927
0.710629 0.0963336
0.711942 0.0955334
0.713256 0.0946649
0.714574 0.093889
0.715893 0.0929782
0.717215 0.0922709
0.718539 0.0913526
0.719866 0.0906653
0.721196 0.0897632
0.722527 0.0890951
0.723862 0.0882086
0.725198 0.0875573
0.726537 0.0867314
0.727879 0.086079
0.729223 0.0852536
0.73057 0.0846042
0.731919 0.083795
0.73327 0.0831503
0.734624 0.0823552
0.735981 0.0817028
0.73734 0.0809182
0.738702 0.080276
0.740066 0.079501
0.741432 0.0788687
0.742801 0.0781127
0.744173 0.0774868
0.745547 0.0767513
0.746924 0.0761418
0.748303 0.0754465
0.749685 0.0748401
0.75107 0.0741608
0.752456 0.0735473
0.753846 0.0728802
0.755238 0.0722643
0.756633 0.0716066
0.75803 0.0709926
0.75943 0.070349
0.760832 0.0697386
0.762237 0.069108
0.763644 0.0684933
0.765055 0.067891
0.766467 0.0672776
0.767883 0.0667024
0.769301 0.066099
0.770721 0.0655537
0.772145 0.0649473
0.77357 0.064426
0.774999 0.0637782
0.77643 0.0633007
0.777864 0.0626658
0.7793 0.0621875
0.780739 0.0615589
0.782181 0.0610849
0.783625 0.0604696
0.785072 0.0599962
0.786522 0.0593906
0.787974 0.0589295
0.78943 0.0583388
0.790887 0.0578892
0.792348 0.057334
0.793811 0.0568922
0.795277 0.0563447
0.796745 0.0558988
0.798217 0.0553599
0.799691 0.0549121
0.801167 0.0543788
0.802647 0.0539352
0.804129 0.0534148
0.805614 0.0529712
0.807101 0.0524621
0.808592 0.052019
0.810085 0.0515171
0.811581 0.0510895
0.81308 0.0506
0.814581 0.0501842
0.816085 0.049723
0.817592 0.049307
0.819102 0.0488531
0.820615 0.0484333
0.82213 0.047995
0.823648 0.0475733
0.825169 0.0471384
0.826693 0.0467133
0.828219 0.0462951
0.829749 0.045863
0.831281 0.045462
0.832816 0.0450248
0.834354 0.0446423
0.835895 0.044188
0.837438 0.0438468
0.838985 0.043404
0.840534 0.0430782
0.842086 0.0426429
0.843641 0.0423209
0.845199 0.0418896
0.84676 0.0415693
0.848323 0.0411459
0.84989 0.0408236
0.851459 0.0404024
0.853031 0.0400838
0.854607 0.0396726
0.856185 0.0393594
0.857766 0.0389564
0.85935 0.0386417
0.860937 0.0382526
0.862526 0.0379532
0.864119 0.0375787
0.865715 0.0372813
0.867313 0.0369191
0.868915 0.03662
0.87052 0.0362633
0.872127 0.0359631
0.873738 0.0356098
0.875351 0.0353119
0.876967 0.0349682
0.878587 0.034668
0.880209 0.0343316
0.881835 0.0340324
0.883463 0.0337071
0.885094 0.033408
0.886729 0.0330936
0.888366 0.0328069
0.890007 0.0325096
0.89165 0.0322217
0.893297 0.0319337
0.894946 0.0316416
0.896599 0.0313633
0.898255 0.0310637
0.899913 0.0307952
0.901575 0.0304909
0.90324 0.0302349
0.904908 0.0299093
0.906579 0.0296813
0.908253 0.0293625
0.90993 0.0291369
0.911611 0.0288251
0.913294 0.0286081
0.91498 0.0283152
0.91667 0.0280976
0.918363 0.0278133
0.920059 0.0275961
0.921758 0.027314
0.92346 0.0270996
0.925165 0.0268206
0.926873 0.0266073
0.928585 0.0263319
0.9303 0.0261179
0.932018 0.0258498
0.933739 0.025636
0.935463 0.0253715
0.93719 0.0251631
0.938921 0.024908
0.940655 0.0247051
0.942392 0.0244652
0.944132 0.0242626
0.945875 0.0240286
0.947622 0.0238268
0.949372 0.0235951
0.951125 0.0233925
0.952881 0.023165
0.954641 0.0229626
0.956404 0.0227409
0.95817 0.0225367
0.959939 0.022321
0.961712 0.0221178
0.963488 0.021908
0.965267 0.021704
0.967049 0.0215066
0.968835 0.021306
0.970624 0.0211199
0.972417 0.0209187
0.974212 0.0207422
0.976011 0.0205308
0.977814 0.020367
0.979619 0.0201478
0.981428 0.0199926
0.983241 0.0197761
0.985056 0.0196243
0.986875 0.0194098
0.988698 0.01926
0.990523 0.0190514
0.992352 0.0189022
0.994185 0.0186986
0.996021 0.0185535
0.99786 0.0183613
0.999703 0.0182197
1.00155 0.0180333
1.0034 0.0178897
1.00525 0.0177071
1.00711 0.0175656
1.00897 0.0173833
1.01083 0.0172402
1.0127 0.0170621
1.01457 0.0169199
1.01644 0.0167447
1.01832 0.0166043
1.0202 0.0164328
1.02208 0.0162933
1.02397 0.0161292
1.02586 0.0159927
1.02775 0.0158375
1.02965 0.015702
1.03155 0.0155527
1.03346 0.0154168
1.03537 0.0152691
1.03728 0.0151326
1.03919 0.0149887
1.04111 0.0148503
1.04304 0.0147107
1.04496 0.0145701
1.04689 0.014436
1.04882 0.0142933
1.05076 0.0141663
1.0527 0.0140209
1.05465 0.013903
1.05659 0.0137512
1.05854 0.0136506
1.0605 0.0135052
1.06246 0.0134041
1.06442 0.0132598
1.06638 0.0131584
1.06835 0.0130163
1.07033 0.0129154
1.0723 0.0127751
1.07428 0.0126735
1.07627 0.0125361
1.07825 0.0124364
1.08025 0.0123009
1.08224 0.0122035
1.08424 0.012071
1.08624 0.0119754
1.08825 0.0118518
1.09026 0.011757
1.09227 0.0116375
1.09429 0.0115437
1.09631 0.0114254
1.09833 0.0113314
1.10036 0.0112151
1.10239 0.0111203
1.10443 0.0110057
1.10647 0.0109117
1.10851 0.0107995
1.11056 0.0107051
1.11261 0.0105962
1.11466 0.0105022
1.11672 0.0103977
1.11878 0.010306
1.12085 0.0102074
1.12292 0.0101176
1.12499 0.0100235
1.12707 0.00993051
1.12915 0.00983964
1.13124 0.00974481
1.13333 0.00965705
1.13542 0.00956029
1.13751 0.00947606
1.13962 0.00937542
1.14172 0.0092976
1.14383 0.00919142
1.14594 0.0091216
1.14806 0.00901863
1.15018 0.00895122
1.1523 0.00885222
1.15443 0.00878676
1.15656 0.00869323
1.1587 0.0086268
1.16083 0.00853392
1.16298 0.00846798
1.16513 0.00837583
1.16728 0.00830985
1.16943 0.00821918
1.17159 0.00815332
1.17376 0.00806404
1.17592 0.00799922
1.1781 0.00791155
1.18027 0.0078471
1.18245 0.00776228
1.18463 0.00769969
1.18682 0.00761956
1.18901 0.00755818
1.19121 0.00748201
1.19341 0.00741979
1.19561 0.00734459
1.19782 0.00728191
1.20003 0.0072082
1.20225 0.00714495
1.20447 0.00707287
1.20669 0.00700944
1.20892 0.00693906
1.21115 0.00687525
1.21339 0.00680746
1.21563 0.00674332
1.21787 0.00667865
1.22012 0.00661583
1.22238 0.00655572
1.22463 0.00649295
1.2269 0.00643659
1.22916 0.00637166
1.23143 0.00631771
1.2337 0.00624579
1.23598 0.00619996
1.23826 0.00612889
1.24055 0.00608318
1.24284 0.0060131
1.24514 0.00596716
1.24744 0.00589879
1.24974 0.00585367
1.25205 0.00578686
1.25436 0.00574324
1.25668 0.00567958
1.259 0.00563671
1.26132 0.00557676
1.26365 0.00553424
1.26598 0.00547447
1.26832 0.00543122
1.27066 0.00537268
1.27301 0.00532932
1.27536 0.00527125
1.27772 0.00522848
1.28008 0.00517128
1.28244 0.0051286
1.28481 0.00507261
1.28718 0.00502974
1.28956 0.00497618
1.29194 0.00493473
1.29432 0.00488369
1.29671 0.00484318
1.29911 0.00479509
1.30151 0.00475374
1.30391 0.00470664
1.30632 0.00466479
1.30873 0.00461902
1.31115 0.00457641
1.31357 0.0045316
1.31599 0.00448834
1.31842 0.00444504
1.32086 0.00440108
1.3233 0.00436009
1.32574 0.00431524
1.32819 0.00427718
1.33064 0.00423161
1.3331 0.00419759
1.33556 0.00415065
1.33803 0.00412078
1.3405 0.00407455
1.34297 0.00404451
1.34545 0.00399832
1.34794 0.0039687
1.35043 0.003923
1.35292 0.00389302
1.35542 0.00384826
1.35792 0.00381856
1.36043 0.00377452
1.36294 0.0037451
1.36546 0.00370219
1.36798 0.00367346
1.37051 0.00363275
1.37304 0.00360528
1.37557 0.00356673
1.37811 0.00353904
1.38066 0.00350108
1.38321 0.00347291
1.38576 0.00343554
1.38832 0.00340736
1.39088 0.00337076
1.39345 0.00334216
1.39603 0.00330621
1.3986 0.00327758
1.40119 0.0032427
1.40377 0.00321423
1.40637 0.00318061
1.40896 0.00315267
1.41157 0.00312082
1.41417 0.0030937
1.41678 0.00306406
1.4194 0.00303639
1.42202 0.00300735
1.42465 0.00297883
1.42728 0.00295095
1.42991 0.00292133
1.43255 0.00289477
1.4352 0.00286402
1.43785 0.00283906
1.4405 0.00280537
1.44316 0.00278443
1.44583 0.00275066
1.4485 0.00273098
1.45117 0.00269866
1.45385 0.00267962
1.45654 0.00264983
1.45923 0.00263061
1.46192 0.00260102
1.46462 0.00258186
1.46733 0.00255227
1.47004 0.00253298
1.47275 0.00250379
1.47547 0.00248458
1.47819 0.00245599
1.48092 0.00243655
1.48366 0.00240846
1.4864 0.00238938
1.48914 0.00236197
1.49189 0.00234343
1.49465 0.00231745
1.49741 0.00229946
1.50017 0.00227512
1.50294 0.00225687
1.50572 0.00223295
1.5085 0.00221454
1.51129 0.00219104
1.51408 0.00217241
1.51687 0.00214945
1.51967 0.00213046
1.52248 0.00210793
1.52529 0.00208884
1.52811 0.0020672
1.53093 0.00204784
1.53376 0.00202718
1.53659 0.00200802
1.53943 0.00198871
1.54227 0.00197017
1.54512 0.00195242
1.54797 0.00193296
1.55083 0.00191602
1.55369 0.00189538
1.55656 0.00187987
1.55944 0.00185708
1.56231 0.00184382
1.5652 0.00182143
1.56809 0.0018082
1.57099 0.00178591
1.57389 0.00177298
1.57679 0.00175126
1.5797 0.00173863
1.58262 0.00171783
1.58554 0.00170571
1.58847 0.00168661
1.59141 0.00167429
1.59434 0.00165537
1.59729 0.00164307
1.60024 0.00162429
1.60319 0.00161177
1.60615 0.00159321
1.60912 0.00158064
1.61209 0.00156244
1.61507 0.00154982
1.61805 0.00153203
1.62104 0.00151948
1.62403 0.00150224
1.62703 0.00148989
1.63003 0.00147349
1.63304 0.00146161
1.63606 0.00144649
1.63908 0.00143459
1.64211 0.00141959
1.64514 0.00140736
1.64818 0.00139271
1.65122 0.00138018
1.65427 0.00136609
1.65733 0.00135318
1.66039 0.00133945
1.66345 0.00132627
1.66652 0.00131328
1.6696 0.00129975
1.67268 0.00128759
1.67577 0.00127373
1.67887 0.00126296
1.68197 0.00124881
1.68507 0.0012398
1.68819 0.00122499
1.6913 0.00121661
1.69443 0.00120187
1.69756 0.00119349
1.70069 0.00117889
1.70383 0.00117047
1.70698 0.00115599
1.71013 0.00114756
1.71329 0.00113335
1.71645 0.00112498
1.71962 0.00111108
1.7228 0.00110294
1.72598 0.00108967
1.72916 0.0010818
1.73236 0.00106972
1.73556 0.00106178
1.73876 0.00104976
1.74197 0.00104177
1.74519 0.00102991
1.74841 0.00102179
1.75164 0.0010101
1.75487 0.00100186
1.75812 0.000990343
1.76136 0.000982084
1.76461 0.000970946
1.76787 0.000962591
1.77114 0.00095181
1.77441 0.000943525
1.77768 0.000933357
1.78097 0.000925484
1.78426 0.00091618
1.78755 0.000908103
1.79085 0.000898992
1.79416 0.000890621
1.79747 0.000881921
1.80079 0.000873209
1.80412 0.000864821
1.80745 0.000855663
1.81079 0.000847822
1.81413 0.000838109
1.81748 0.000831067
1.82084 0.000820128
1.8242 0.000814593
1.82757 0.000804078
1.83094 0.00079879
1.83432 0.000789346
1.83771 0.000784018
1.8411 0.000774632
1.8445 0.000769214
1.84791 0.000759849
1.85132 0.000754442
1.85474 0.000745158
1.85816 0.000739674
1.8616 0.000730565
1.86503 0.000725128
1.86848 0.000716089
1.87193 0.000710625
1.87538 0.000701841
1.87885 0.000696464
1.88232 0.000688013
1.88579 0.000682967
1.88928 0.000675377
1.89276 0.000670209
1.89626 0.000662696
1.89976 0.000657431
1.90327 0.000649989
1.90678 0.000644693
1.9103 0.000637357
1.91383 0.000631932
1.91737 0.000624768
1.92091 0.000619267
1.92445 0.000612319
1.92801 0.000606679
1.93157 0.000600099
1.93514 0.000594423
1.93871 0.000588244
1.94229 0.00058287
1.94588 0.000577342
1.94947 0.000571679
1.95307 0.000566432
1.95667 0.000560403
1.96029 0.000555538
1.96391 0.000548799
1.96753 0.000544653
1.97117 0.00053747
1.97481 0.000533806
1.97845 0.000526692
1.98211 0.000523086
1.98577 0.000516109
1.98943 0.00051257
1.99311 0.0005058
1.99679 0.000502486
2.00048 0.000496414
2.00417 0.000493029
2.00787 0.000487058
2.01158 0.000483643
2.01529 0.000477702
2.01902 0.000474203
2.02274 0.00046834
2.02648 0.000464863
2.03022 0.000459017
2.03397 0.000455493
2.03773 0.000449788
2.04149 0.000446248
2.04526 0.0004407
2.04904 0.000437201
2.05282 0.000431847
2.05661 0.000428562
2.06041 0.000423809
2.06421 0.000420428
2.06802 0.000415746
2.07184 0.000412277
2.07567 0.000407716
2.0795 0.000404097
2.08334 0.000399651
2.08719 0.00039594
2.09104 0.000391641
2.0949 0.000387812
2.09877 0.000383713
2.10265 0.000379766
2.10653 0.000375903
2.11042 0.000371797
2.11432 0.000368356
2.11822 0.00036431
2.12213 0.000361414
2.12605 0.000356749
2.12998 0.000354485
2.13391 0.000349849
2.13785 0.000347551
2.1418 0.000342956
2.14576 0.000340641
2.14972 0.000336075
2.15369 0.000333734
2.15766 0.000329237
2.16165 0.000326901
2.16564 0.000322481
2.16964 0.00032022
2.17365 0.00031592
2.17766 0.00031379
2.18168 0.000309947
2.18571 0.000307784
2.18975 0.000304034
2.19379 0.000301813
2.19784 0.000298074
2.2019 0.000295834
2.20597 0.000292157
2.21004 0.00028987
2.21412 0.000286252
2.21821 0.00028393
2.2223 0.000280374
2.22641 0.000278026
2.23052 0.000274586
2.23464 0.000272225
2.23876 0.000268955
2.2429 0.000266754
2.24704 0.000263831
2.25119 0.000261567
2.25535 0.000258735
2.25951 0.000256375
2.26368 0.000253631
2.26786 0.00025116
2.27205 0.000248546
2.27625 0.000245921
2.28045 0.000243463
2.28466 0.000240659
2.28888 0.000238429
2.29311 0.000235307
2.29734 0.000233465
2.30158 0.000230088
2.30583 0.000228672
2.31009 0.000225664
2.31436 0.000224257
2.31863 0.000221305
2.32291 0.000219879
2.3272 0.000216953
2.3315 0.000215499
2.33581 0.00021259
2.34012 0.000211119
2.34444 0.000208228
2.34877 0.000206747
2.35311 0.000203899
2.35745 0.000202408
2.36181 0.00019962
2.36617 0.000198161
2.37054 0.000195461
2.37491 0.000194076
2.3793 0.000191655
2.38369 0.000190267
2.38809 0.000187924
2.3925 0.000186503
2.39692 0.000184181
2.40135 0.000182718
2.40578 0.000180441
2.41023 0.000178932
2.41468 0.000176703
2.41914 0.000175147
2.4236 0.000172988
2.42808 0.000171402
2.43256 0.000169322
2.43705 0.000167711
2.44155 0.00016577
2.44606 0.00016423
2.45058 0.000162508
2.4551 0.000160912
2.45964 0.000159313
2.46418 0.000157607
2.46873 0.000156104
2.47329 0.000154224
2.47786 0.00015289
2.48243 0.000150643
2.48702 0.000149681
2.49161 0.000147458
2.49621 0.000146506
2.50082 0.000144313
2.50544 0.00014336
2.51006 0.000141229
2.5147 0.000140341
2.51934 0.000138428
2.52399 0.000137532
2.52866 0.000135696
2.53333 0.00013479
2.538 0.000132955
2.54269 0.000132041
2.54739 0.000130211
2.55209 0.000129274
2.5568 0.000127477
2.56152 0.000126513
2.56625 0.000124744
2.57099 0.000123786
2.57574 0.000122043
2.5805 0.000121091
2.58526 0.000119421
2.59004 0.000118519
2.59482 0.000117017
2.59961 0.00011612
2.60441 0.000114685
2.60922 0.000113749
2.61404 0.000112349
2.61886 0.000111371
2.6237 0.000110001
2.62855 0.000108982
2.6334 0.00010765
2.63826 0.000106594
2.64313 0.000105328
2.64801 0.000104209
2.6529 0.00010302
2.6578 0.000101866
2.66271 0.000100792
2.66763 9.96467e-05
2.67255 9.8735e-05
2.67749 9.74943e-05
2.68243 9.67455e-05
2.68739 9.53265e-05
2.69235 9.47391e-05
2.69732 9.33311e-05
2.7023 9.27325e-05
2.70729 9.13242e-05
2.71229 9.07203e-05
2.7173 8.93338e-05
2.72232 8.87231e-05
2.72735 8.73585e-05
2.73238 8.67605e-05
2.73743 8.54281e-05
2.74248 8.4867e-05
2.74755 8.36612e-05
2.75262 8.31049e-05
2.7577 8.19636e-05
2.7628 8.13956e-05
2.7679 8.02626e-05
2.77301 7.96845e-05
2.77813 7.85604e-05
2.78326 7.79602e-05
2.7884 7.68486e-05
2.79355 7.62411e-05
2.79871 7.51524e-05
2.80387 7.45248e-05
2.80905 7.34638e-05
2.81424 7.284e-05
2.81944 7.18255e-05
2.82464 7.12294e-05
2.82986 7.03222e-05
2.83508 6.97191e-05
2.84032 6.88778e-05
2.84556 6.82457e-05
2.85082 6.74253e-05
2.85608 6.67543e-05
2.86136 6.59684e-05
2.86664 6.52558e-05
2.87193 6.45149e-05
2.87724 6.37418e-05
2.88255 6.30648e-05
2.88787 6.22185e-05
2.89321 6.16297e-05
2.89855 6.05968e-05
2.9039 6.02414e-05
2.90926 5.93089e-05
2.91464 5.89642e-05
2.92002 5.8087e-05
2.92541 5.77272e-05
2.93081 5.68587e-05
2.93623 5.64911e-05
2.94165 5.56245e-05
2.94708 5.52533e-05
2.95252 5.43877e-05
2.95797 5.40068e-05
2.96344 5.31543e-05
2.96891 5.27748e-05
2.97439 5.19304e-05
2.97988 5.15511e-05
2.98539 5.07354e-05
2.9909 5.03803e-05
2.99642 4.96398e-05
3.00195 4.92923e-05
3.0075 4.85958e-05
3.01305 4.82399e-05
3.01862 4.75497e-05
3.02419 4.71792e-05
3.02977 4.65019e-05
3.03537 4.61147e-05
3.04097 4.54485e-05
3.04659 4.50484e-05
3.05222 4.4403e-05
3.05785 4.39859e-05
3.0635 4.33619e-05
3.06916 4.29401e-05
3.07482 4.23543e-05
3.0805 4.19436e-05
3.08619 4.14227e-05
3.09189 4.10105e-05
3.0976 4.05376e-05
3.10332 4.00934e-05
3.10905 3.96548e-05
3.11479 3.91646e-05
3.12054 3.87642e-05
3.1263 3.82077e-05
3.13208 3.78733e-05
3.13786 3.72218e-05
3.14365 3.69843e-05
3.14946 3.63396e-05
3.15528 3.61056e-05
3.1611 3.54735e-05
3.16694 3.52548e-05
3.17279 3.46802e-05
3.17865 3.44687e-05
3.18452 3.3937e-05
3.1904 3.37181e-05
3.19629 3.31904e-05
3.20219 3.29662e-05
3.2081 3.24395e-05
3.21403 3.22085e-05
3.21996 3.16861e-05
3.22591 3.14537e-05
3.23187 3.09336e-05
3.23783 3.0698e-05
3.24381 3.0189e-05
3.2498 2.99507e-05
3.2558 2.94581e-05
3.26182 2.92334e-05
3.26784 2.8789e-05
3.27387 2.857e-05
3.27992 2.81606e-05
3.28598 2.793e-05
3.29204 2.75289e-05
3.29812 2.7288e-05
3.30421 2.68959e-05
3.31031 2.66435e-05
3.31643 2.62589e-05
3.32255 2.59922e-05
3.32869 2.56244e-05
3.33483 2.5345e-05
3.34099 2.49963e-05
3.34716 2.47006e-05
3.35334 2.43835e-05
3.35953 2.40848e-05
3.36574 2.3818e-05
3.37195 2.35091e-05
3.37818 2.3287e-05
3.38442 2.29118e-05
3.39067 2.27569e-05
3.39693 2.23604e-05
3.4032 2.22219e-05
3.40949 2.18253e-05
3.41578 2.16833e-05
3.42209 2.12923e-05
3.42841 2.11483e-05
3.43474 2.07616e-05
3.44108 2.06199e-05
3.44744 2.02403e-05
3.4538 2.01065e-05
3.46018 1.97595e-05
3.46657 1.96313e-05
3.47297 1.93185e-05
3.47939 1.91856e-05
3.48581 1.88724e-05
3.49225 1.87377e-05
3.4987 1.84261e-05
3.50516 1.82863e-05
3.51163 1.79783e-05
3.51811 1.78334e-05
3.52461 1.75288e-05
3.53112 1.73812e-05
3.53764 1.70839e-05
3.54417 1.69344e-05
3.55072 1.66475e-05
3.55727 1.65033e-05
3.56384 1.62465e-05
3.57042 1.61067e-05
3.57702 1.58751e-05
3.58362 1.57268e-05
3.59024 1.55036e-05
3.59687 1.53443e-05
3.60351 1.51287e-05
3.61017 1.49585e-05
3.61683 1.47535e-05
3.62351 1.45678e-05
3.6302 1.43775e-05
3.63691 1.41737e-05
3.64362 1.40048e-05
3.65035 1.37747e-05
3.65709 1.36414e-05
3.66384 1.33819e-05
3.67061 1.33055e-05
3.67739 1.30741e-05
3.68418 1.29953e-05
3.69098 1.27637e-05
3.6978 1.2683e-05
3.70463 1.24511e-05
3.71147 1.23698e-05
3.71832 1.21385e-05
3.72519 1.20546e-05
3.73207 1.18248e-05
3.73896 1.17393e-05
3.74586 1.15131e-05
3.75278 1.14281e-05
3.75971 1.12064e-05
3.76665 1.11252e-05
3.77361 1.09216e-05
3.78058 1.08455e-05
3.78756 1.06652e-05
3.79455 1.05858e-05
3.80156 1.04069e-05
3.80858 1.03241e-05
3.81561 1.0147e-05
3.82266 1.00613e-05
3.82972 9.88625e-06
3.83679 9.7962e-06
3.84387 9.62462e-06
3.85097 9.53265e-06
3.85808 9.36553e-06
3.86521 9.26909e-06
3.87234 9.11108e-06
3.87949 9.01632e-06
3.88666 8.8763e-06
3.89384 8.785e-06
3.90103 8.66267e-06
3.90823 8.56356e-06
3.91545 8.44828e-06
3.92268 8.33783e-06
3.92992 8.23318e-06
3.93718 8.10839e-06
3.94445 8.0162e-06
3.95173 7.86414e-06
3.95903 7.7998e-06
3.96634 7.63406e-06
3.97366 7.58473e-06
3.981 7.4215e-06
3.98835 7.3746e-06
3.99572 7.22357e-06
4.0031 7.18045e-06
4.01049 7.04801e-06
4.01789 7.00341e-06
4.02531 6.8718e-06
4.03275 6.82578e-06
4.04019 6.69444e-06
4.04765 6.64709e-06
4.05513 6.51629e-06
4.06262 6.46741e-06
4.07012 6.33754e-06
4.07763 6.28767e-06
4.08516 6.15926e-06
4.09271 6.10986e-06
4.10027 5.98435e-06
4.10784 5.93656e-06
4.11542 5.8213e-06
4.12302 5.7766e-06
4.13064 5.67692e-06
4.13826 5.63039e-06
4.14591 5.53222e-06
4.15356 5.48246e-06
4.16123 5.3861e-06
4.16892 5.33335e-06
4.17661 5.23938e-06
4.18433 5.18343e-06
4.19205 5.0922e-06
4.19979 5.03271e-06
4.20755 4.94575e-06
4.21532 4.88213e-06
4.2231 4.80268e-06
4.2309 4.73743e-06
4.23871 4.66905e-06
4.24654 4.60561e-06
4.25438 4.55062e-06
4.26224 4.47653e-06
4.27011 4.43161e-06
4.278 4.33871e-06
4.2859 4.31171e-06
4.29381 4.21893e-06
4.30174 4.1911e-06
4.30968 4.09874e-06
4.31764 4.07061e-06
4.32561 3.97883e-06
4.3336 3.95076e-06
4.3416 3.86002e-06
4.34962 3.83344e-06
4.35765 3.74875e-06
4.3657 3.72497e-06
4.37376 3.65287e-06
4.38184 3.62816e-06
4.38993 3.55614e-06
4.39804 3.53027e-06
4.40616 3.45895e-06
4.41429 3.43211e-06
4.42245 3.36067e-06
4.43061 3.33312e-06
4.43879 3.26252e-06
4.44699 3.23389e-06
4.4552 3.16441e-06
4.46343 3.13522e-06
4.47167 3.06796e-06
4.47993 3.03938e-06
4.4882 2.97753e-06
4.49649 2.95137e-06
4.50479 2.8994e-06
4.51311 2.87154e-06
4.52144 2.82103e-06
4.52979 2.7905e-06
4.53816 2.74184e-06
4.54654 2.70879e-06
4.55493 2.66203e-06
4.56335 2.62595e-06
4.57177 2.5824e-06
4.58021 2.54223e-06
4.58867 2.50286e-06
4.59715 2.45774e-06
4.60564 2.42476e-06
4.61414 2.37238e-06
4.62266 2.35182e-06
4.6312 2.30224e-06
4.63975 2.28869e-06
4.64832 2.23899e-06
4.6569 2.22517e-06
4.6655 2.17545e-06
4.67411 2.16113e-06
4.68275 2.11146e-06
4.69139 2.0967e-06
4.70006 2.047e-06
4.70874 2.03184e-06
4.71743 1.98278e-06
4.72614 1.96772e-06
4.73487 1.91929e-06
4.74361 1.90454e-06
4.75237 1.85912e-06
4.76115 1.84644e-06
4.76994 1.80861e-06
4.77875 1.79531e-06
4.78757 1.75777e-06
4.79641 1.74382e-06
4.80527 1.70665e-06
4.81414 1.69204e-06
4.82303 1.655e-06
4.83194 1.63947e-06
4.84086 1.60329e-06
4.8498 1.587e-06
4.85876 1.55156e-06
4.86773 1.5346e-06
4.87672 1.50066e-06
4.88572 1.48311e-06
4.89475 1.45243e-06
4.90378 1.43698e-06
4.91284 1.41208e-06
4.92191 1.39483e-06
4.931 1.37136e-06
4.94011 1.35228e-06
4.94923 1.33033e-06
4.95837 1.30865e-06
4.96752 1.28908e-06
4.9767 1.26345e-06
4.98589 1.24759e-06
4.99509 1.2143e-06
5.00432 1.20628e-06
5.01356 1.17334e-06
5.02282 1.16551e-06
5.03209 1.13407e-06
5.04138 1.12746e-06
5.05069 1.10217e-06
5.06002 1.09519e-06
5.06936 1.06996e-06
5.07873 1.06275e-06
5.0881 1.03746e-06
5.0975 1.03018e-06
5.10691 1.00485e-06
5.11634 9.97207e-07
5.12579 9.71987e-07
5.13526 9.64157e-07
5.14474 9.39212e-07
5.15424 9.31241e-07
5.16376 9.06599e-07
5.17329 8.98788e-07
5.18285 8.75556e-07
5.19242 8.68889e-07
5.202 8.50345e-07
5.21161 8.43278e-07
5.22123 8.24863e-07
5.23088 8.17295e-07
5.24054 7.99254e-07
5.25021 7.91203e-07
5.25991 7.73346e-07
5.26962 7.64605e-07
5.27935 7.47419e-07
5.2891 7.38017e-07
5.29887 7.21464e-07
5.30865 7.11363e-07
5.31846 6.95842e-07
5.32828 6.84997e-07
5.33812 6.71412e-07
5.34797 6.61744e-07
5.35785 6.51561e-07
5.36774 6.40323e-07
5.37765 6.31568e-07
5.38758 6.17848e-07
5.39753 6.11414e-07
5.4075 5.95034e-07
5.41749 5.91095e-07
5.42749 5.74711e-07
5.43751 5.7069e-07
5.44755 5.54343e-07
5.45761 5.50358e-07
5.46769 5.34161e-07
5.47779 5.30212e-07
5.4879 5.14539e-07
5.49804 5.1135e-07
5.50819 4.99131e-07
5.51836 4.95789e-07
5.52855 4.83609e-07
5.53876 4.80142e-07
5.54899 4.67976e-07
5.55923 4.64367e-07
5.5695 4.52234e-07
5.57979 4.4842e-07
5.59009 4.3633e-07
5.60041 4.32391e-07
5.61075 4.2047e-07
5.62111 4.16411e-07
5.63149 4.04715e-07
5.64189 4.00586e-07
5.65231 3.89499e-07
5.66275 3.8604e-07
5.67321 3.77528e-07
5.68368 3.73759e-07
5.69418 3.65471e-07
5.70469 3.61387e-07
5.71523 3.53336e-07
5.72578 3.48829e-07
5.73635 3.41094e-07
5.74695 3.36117e-07
5.75756 3.28755e-07
5.76819 3.23131e-07
5.77884 3.16475e-07
5.78951 3.10149e-07
5.8002 3.0425e-07
5.81092 2.9688e-07
5.82165 2.92618e-07
5.8324 2.84923e-07
5.84317 2.83315e-07
5.85396 2.75699e-07
5.86477 2.74036e-07
5.8756 2.66419e-07
5.88645 2.64677e-07
5.89732 2.57057e-07
5.90821 2.55249e-07
5.91912 2.47618e-07
5.93005 2.45753e-07
5.941 2.38151e-07
5.95197 2.36274e-07
5.96296 2.2873e-07
5.97397 2.26894e-07
5.985 2.19571e-07
5.99605 2.18077e-07
6.00713 2.12449e-07
6.01822 2.10889e-07
6.02933 2.05397e-07
6.04047 2.03788e-07
6.05162 1.98276e-07
6.06279 1.96558e-07
6.07399 1.91117e-07
6.08521 1.89276e-07
6.09644 1.83899e-07
6.1077 1.81942e-07
6.11898 1.76658e-07
6.13028 1.74591e-07
6.1416 1.69477e-07
6.15294 1.67312e-07
6.1643 1.62549e-07
6.17569 1.60696e-07
6.18709 1.57087e-07
6.19851 1.55091e-07
6.20996 1.51753e-07
6.22143 1.49518e-07
6.23292 1.46357e-07
6.24443 1.43799e-07
6.25596 1.40925e-07
6.26751 1.37895e-07
6.27908 1.3544e-07
6.29068 1.31747e-07
6.30229 1.29985e-07
6.31393 1.2541e-07
6.32559 1.24545e-07
6.33727 1.20068e-07
6.34897 1.19375e-07
6.3607 1.15932e-07
6.37244 1.15242e-07
6.38421 1.11933e-07
6.396 1.11198e-07
6.40781 1.07903e-07
6.41964 1.07146e-07
6.4315 1.03841e-07
6.44338 1.0305e-07
6.45527 9.97252e-08
6.46719 9.89079e-08
6.47914 9.56131e-08
6.4911 9.47827e-08
6.50309 9.1522e-08
6.5151 9.07017e-08
6.52713 8.75429e-08
6.53918 8.68684e-08
6.55126 8.44261e-08
6.56335 8.37465e-08
6.57547 8.14436e-08
6.58761 8.0701e-08
6.59978 7.84269e-08
6.61197 7.7636e-08
6.62418 7.53933e-08
6.63641 7.45199e-08
6.64866 7.23251e-08
6.66094 7.13551e-08
6.67324 6.92603e-08
6.68556 6.82117e-08
6.69791 6.62011e-08
6.71028 6.50571e-08
6.72267 6.32668e-08
6.73508 6.22541e-08
6.74752 6.09405e-08
6.75998 5.98426e-08
6.77246 5.8726e-08
6.78497 5.73999e-08
6.7975 5.64907e-08
6.81005 5.45869e-08
6.82263 5.42362e-08
6.83522 5.23247e-08
6.84785 5.19631e-08
6.86049 5.00548e-08
6.87316 4.96874e-08
6.88585 4.77914e-08
6.89857 4.74247e-08
6.91131 4.55693e-08
6.92407 4.52796e-08
6.93686 4.38418e-08
6.94967 4.35597e-08
6.9625 4.22236e-08
6.97536 4.19278e-08
6.98824 4.05901e-08
7.00114 4.02826e-08
7.01407 3.89481e-08
7.02702 3.86275e-08
7.04 3.72885e-08
7.053 3.69507e-08
7.06602 3.56239e-08
7.07907 3.5274e-08
7.09214 3.39618e-08
7.10524 3.36055e-08
7.11836 3.23506e-08
7.1315 3.20472e-08
7.14467 3.10836e-08
7.15787 3.07787e-08
7.17108 2.99124e-08
7.18433 2.95728e-08
7.19759 2.87269e-08
7.21088 2.83563e-08
7.2242 2.75351e-08
7.23754 2.71125e-08
7.2509 2.63273e-08
7.26429 2.5846e-08
7.27771 2.51169e-08
7.29115 2.45749e-08
7.30461 2.39155e-08
7.3181 2.32753e-08
7.33161 2.27563e-08
7.34515 2.21318e-08
7.35872 2.18376e-08
7.3723 2.1114e-08
7.38592 2.09904e-08
7.39956 2.02635e-08
7.41322 2.01372e-08
7.42691 1.94079e-08
7.44062 1.92752e-08
7.45436 1.85422e-08
7.46813 1.8405e-08
7.48192 1.76728e-08
7.49574 1.75324e-08
7.50958 1.68056e-08
7.52345 1.66659e-08
7.53734 1.59544e-08
7.55126 1.5841e-08
7.5652 1.52858e-08
7.57917 1.51824e-08
7.59317 1.46845e-08
7.60719 1.45754e-08
7.62124 1.40793e-08
7.63531 1.39622e-08
7.64941 1.34671e-08
7.66353 1.33415e-08
7.67769 1.28497e-08
7.69186 1.27145e-08
7.70607 1.22295e-08
7.7203 1.20827e-08
7.73455 1.16094e-08
7.74884 1.14537e-08
7.76315 1.10076e-08
7.77748 1.08733e-08
7.79184 1.05312e-08
7.80623 1.03969e-08
7.82065 1.01065e-08
7.83509 9.95413e-09
7.84956 9.6792e-09
7.86405 9.50198e-09
7.87857 9.24701e-09
7.89312 9.0383e-09
7.9077 8.80998e-09
7.9223 8.55424e-09
7.93693 8.3718e-09
7.95158 8.02409e-09
7.96627 7.93622e-09
7.98098 7.56082e-09
7.99572 7.51564e-09
8.01048 7.22108e-09
8.02527 7.18021e-09
8.04009 6.92466e-09
8.05494 6.88195e-09
8.06981 6.62634e-09
8.08472 6.58204e-09
8.09965 6.32549e-09
8.1146 6.27902e-09
8.12959 6.02085e-09
8.1446 5.97188e-09
8.15964 5.71486e-09
8.17471 5.66567e-09
8.1898 5.40848e-09
8.20492 5.35944e-09
8.22008 5.10863e-09
8.23526 5.06822e-09
8.25046 4.87139e-09
8.2657 4.83452e-09
8.28096 4.66666e-09
8.29625 4.62724e-09
8.31157 4.46101e-09
8.32692 4.4177e-09
8.3423 4.25345e-09
8.3577 4.2048e-09
8.37314 4.04291e-09
8.3886 3.98876e-09
8.40409 3.83123e-09
8.41961 3.772e-09
8.43516 3.62044e-09
8.45073 3.55435e-09
8.46634 3.41477e-09
8.48197 3.35393e-09
8.49763 3.25103e-09
8.51333 3.19008e-09
8.52905 3.11067e-09
8.5448 3.0372e-09
8.56057 2.96927e-09
8.57638 2.87607e-09
8.59222 2.82663e-09
8.60809 2.70072e-09
8.62398 2.68204e-09
8.63991 2.55602e-09
8.65586 2.53724e-09
8.67185 2.41138e-09
8.68786 2.39258e-09
8.7039 2.26807e-09
8.71997 2.25323e-09
8.73608 2.15413e-09
8.75221 2.14155e-09
8.76837 2.05996e-09
8.78456 2.04666e-09
8.80078 1.96498e-09
8.81704 1.95122e-09
8.83332 1.8692e-09
8.84963 1.85454e-09
8.86597 1.77192e-09
8.88234 1.75657e-09
8.89874 1.67436e-09
8.91518 1.65828e-09
8.93164 1.57683e-09
8.94813 1.56002e-09
8.96466 1.48084e-09
8.98121 1.46665e-09
8.9978 1.40397e-09
9.01441 1.39146e-09
9.03106 1.3408e-09
9.04773 1.32677e-09
9.06444 1.27729e-09
9.08118 1.26135e-09
9.09795 1.21307e-09
9.11475 1.19441e-09
9.13158 1.14822e-09
9.14844 1.12652e-09
9.16534 1.08278e-09
9.18226 1.05763e-09
9.19922 1.01742e-09
9.2162 9.87351e-10
9.23322 9.53851e-10
9.25027 9.2402e-10
9.26736 9.02538e-10
9.28447 8.7066e-10
9.30161 8.6094e-10
9.31879 8.23781e-10
9.336 8.18975e-10
9.35324 7.81678e-10
9.37051 7.766e-10
9.38781 7.39044e-10
9.40515 7.33707e-10
9.42252 6.95923e-10
9.43992 6.90533e-10
9.45735 6.52875e-10
9.47481 6.47493e-10
9.49231 6.10307e-10
9.50984 6.05891e-10
9.5274 5.75747e-10
9.54499 5.72273e-10
9.56262 5.48786e-10
9.58027 5.45103e-10
9.59797 5.21524e-10
9.61569 5.17724e-10
9.63345 4.94118e-10
9.65123 4.89941e-10
9.66906 4.66323e-10
9.68691 4.61622e-10
9.7048 4.38288e-10
9.72272 4.3328e-10
9.74067 4.10297e-10
9.75866 4.0477e-10
9.77668 3.82701e-10
9.79474 3.7768e-10
9.81282 3.60288e-10
9.83094 3.5594e-10
9.8491 3.42915e-10
9.86728 3.37832e-10
9.88551 3.2545e-10
9.90376 3.19478e-10
9.92205 3.07793e-10
9.94037 3.00461e-10
9.95873 2.89873e-10
9.97712 2.80836e-10
9.99554 2.7184e-10
10.014 2.60386e-10
10.0325 2.53818e-10
10.051 2.37714e-10
10.0696 2.3623e-10
10.0882 2.22943e-10
10.1068 2.21845e-10
10.1255 2.11995e-10
10.1442 2.1084e-10
10.1629 2.00941e-10
10.1817 1.9974e-10
10.2005 1.89757e-10
10.2193 1.88525e-10
10.2382 1.78463e-10
10.2571 1.7716e-10
10.276 1.67049e-10
10.295 1.65722e-10
10.314 1.55627e-10
10.333 1.54309e-10
10.3521 1.44321e-10
10.3712 1.43204e-10
10.3904 1.34972e-10
10.4096 1.34165e-10
10.4288 1.28169e-10
10.4481 1.27268e-10
10.4674 1.21303e-10
10.4867 1.20313e-10
10.5061 1.1437e-10
10.5255 1.13213e-10
10.5449 1.07347e-10
10.5644 1.05984e-10
10.5839 1.00249e-10
10.6034 9.87053e-11
10.623 9.31669e-11
10.6426 9.13603e-11
10.6623 8.616e-11
10.682 8.44063e-11
10.7017 8.03739e-11
10.7214 7.89027e-11
10.7412 7.62272e-11
10.7611 7.43972e-11
10.7809 7.20386e-11
10.8008 6.9702e-11
10.8208 6.78096e-11
10.8408 6.46148e-11
10.8608 6.35113e-11
10.8809 5.95625e-11
10.9009 5.91802e-11
10.9211 5.52265e-11
10.9412 5.48501e-11
10.9614 5.0912e-11
10.9817 5.05965e-11
11.002 4.72813e-11
11.0223 4.70949e-11
11.0426 4.4807e-11
11.063 4.45996e-11
11.0835 4.22969e-11
11.1039 4.20869e-11
11.1244 3.97673e-11
11.145 3.95469e-11
11.1655 3.72038e-11
11.1862 3.69598e-11
11.2068 3.46094e-11
11.2275 3.43471e-11
11.2483 3.2003e-11
11.269 3.17348e-11
11.2898 2.94196e-11
11.3107 2.91782e-11
11.3316 2.72434e-11
11.3525 2.70805e-11
11.3735 2.57942e-11
11.3945 2.55978e-11
11.4155 2.43271e-11
11.4366 2.40848e-11
11.4577 2.28443e-11
11.4789 2.25449e-11
11.5001 2.13316e-11
11.5213 2.09561e-11
11.5426 1.98039e-11
11.5639 1.93352e-11
11.5852 1.82709e-11
11.6066 1.76997e-11
11.6281 1.67478e-11
11.6495 1.61276e-11
11.671 1.54742e-11
11.6926 1.49469e-11
11.7142 1.4644e-11
11.7358 1.38343e-11
11.7575 1.38023e-11
11.7792 1.29871e-11
11.801 1.29498e-11
11.8227 1.21267e-11
11.8446 1.20801e-11
11.8664 1.12488e-11
11.8884 1.11999e-11
11.9103 1.03639e-11
11.9323 1.03141e-11
11.9543 9.47939e-12
11.9764 9.43882e-12
11.9985 8.71733e-12
12.0207 8.71014e-12
12.0429 8.25547e-12
12.0651 8.24389e-12
12.0874 7.7853e-12
12.1097 7.77023e-12
12.1321 7.30745e-12
12.1545 7.285e-12
12.1769 6.8196e-12
12.1994 6.7871e-12
12.2219 6.32064e-12
12.2445 6.28091e-12
12.2671 5.81643e-12
12.2898 5.76731e-12
12.3125 5.31359e-12
12.3352 5.26409e-12
12.358 4.88111e-12
12.3808 4.85401e-12
12.4037 4.62734e-12
12.4266 4.58322e-12
12.4495 4.36535e-12
12.4725 4.30578e-12
12.4955 4.0984e-12
12.5186 4.01611e-12
12.5417 3.82427e-12
12.5649 3.71144e-12
12.5881 3.54261e-12
12.6113 3.3907e-12
12.6346 3.25951e-12
12.658 3.04557e-12
12.6813 2.97408e-12
12.7048 2.72534e-12
12.7282 2.72974e-12
12.7517 2.58534e-12
12.7753 2.58727e-12
12.7989 2.44075e-12
12.8225 2.44136e-12
12.8462 2.29233e-12
12.8699 2.29215e-12
12.8937 2.14027e-12
12.9175 2.13725e-12
12.9413 1.98243e-12
12.9652 1.97751e-12
12.9892 1.82156e-12
13.0131 1.81732e-12
13.0372 1.65982e-12
13.0612 1.65523e-12
13.0854 1.51567e-12
13.1095 1.51664e-12
13.1337 1.43647e-12
13.158 1.43589e-12
13.1823 1.35485e-12
13.2066 1.35236e-12
13.231 1.27104e-12
13.2555 1.26625e-12
13.2799 1.18434e-12
13.3045 1.17631e-12
13.329 1.09469e-12
13.3536 1.08345e-12
13.3783 1.00402e-12
13.403 9.8944e-13
13.4277 9.12266e-13
13.4525 8.94984e-13
13.4774 8.30136e-13
13.5023 8.19461e-13
13.5272 7.8526e-13
13.5522 7.70323e-13
13.5772 7.38842e-13
13.6023 7.17899e-13
13.6274 6.91149e-13
13.6526 6.61225e-13
13.6778 6.41992e-13
13.703 5.93444e-13
13.7283 5.91225e-13
13.7537 5.42433e-13
13.7791 5.40252e-13
13.8045 4.90997e-13
13.83 4.8844e-13
13.8556 4.42991e-13
13.8811 4.42482e-13
13.9068 4.17746e-13
13.9325 4.16938e-13
13.9582 3.91798e-13
13.984 3.90799e-13
14.0098 3.65363e-13
14.0357 3.64166e-13
14.0616 3.38195e-13
14.0875 3.36674e-13
14.1136 3.10227e-13
14.1396 3.0855e-13
14.1657 2.8207e-13
14.1919 2.80321e-13
14.2181 2.5353e-13
14.2443 2.51619e-13
14.2706 2.27135e-13
14.297 2.26204e-13
14.3234 2.13186e-13
14.3499 2.11899e-13
14.3763 1.98921e-13
14.4029 1.9726e-13
14.4295 1.84491e-13
14.4561 1.82318e-13
14.4828 1.69738e-13
14.5096 1.66894e-13
14.5364 1.54616e-13
14.5632 1.51066e-13
14.5901 1.39525e-13
14.617 1.34998e-13
14.644 1.24232e-13
14.6711 1.18753e-13
14.6982 1.10211e-13
14.7253 1.06515e-13
14.7525 1.02844e-13
14.7797 9.76866e-14
14.807 9.53894e-14
14.8344 8.8382e-14
14.8618 8.78847e-14
14.8892 8.07982e-14
14.9167 8.02426e-14
14.9443 7.30276e-14
14.9719 7.24572e-14
14.9995 6.5235e-14
15.0272 6.47233e-14
15.055 5.74476e-14
15.0828 5.6878e-14
15.1106 4.99401e-14
15.1385 4.97258e-14
15.1665 4.62885e-14
15.1945 4.60634e-14
15.2225 4.25861e-14
15.2506 4.23896e-14
15.2788 3.89031e-14
15.307 3.86982e-14
15.3353 3.51593e-14
15.3636 3.48877e-14
15.392 3.12953e-14
15.4204 3.09919e-14
15.4489 2.74597e-14
15.4774 2.71416e-14
15.506 2.36193e-14
15.5346 2.32628e-14
15.5633 2.00391e-14
15.592 1.98947e-14
15.6208 1.87059e-14
15.6497 1.84759e-14
15.6786 1.72971e-14
15.7075 1.70365e-14
15.7365 1.59744e-14
15.7656 1.57057e-14
15.7947 1.4683e-14
15.8239 1.41666e-14
15.8531 1.31144e-14
15.8824 1.25064e-14
15.9117 1.17858e-14
15.9411 1.07871e-14
15.9705 9.47068e-15
16 0
