# 1:pT 2:PhotonSpectrum=dN/d^2xT d^2pT dy
0.01 5.83745
0.0100185 5.82963
0.010037 5.81439
0.0100555 5.80621
0.0100741 5.79081
0.0100927 5.78227
0.0101113 5.76692
0.01013 5.758
0.0101487 5.74255
0.0101674 5.73319
0.0101862 5.71742
0.010205 5.70765
0.0102239 5.69172
0.0102427 5.68154
0.0102617 5.66518
0.0102806 5.6542
0.0102996 5.63725
0.0103186 5.625
0.0103377 5.60528
0.0103567 5.59286
0.0103759 5.57318
0.010395 5.56047
0.0104142 5.54096
0.0104335 5.52768
0.0104527 5.50848
0.010472 5.49508
0.0104914 5.47611
0.0105107 5.46234
0.0105301 5.44388
0.0105496 5.42956
0.0105691 5.41144
0.0105886 5.397
0.0106081 5.37964
0.0106277 5.36521
0.0106474 5.34891
0.010667 5.33375
0.0106867 5.31807
0.0107065 5.30239
0.0107262 5.28729
0.010746 5.27049
0.0107659 5.25627
0.0107858 5.23811
0.0108057 5.22534
0.0108256 5.20471
0.0108456 5.19428
0.0108656 5.17395
0.0108857 5.1635
0.0109058 5.14315
0.0109259 5.13298
0.0109461 5.114
0.0109663 5.10348
0.0109866 5.08474
0.0110069 5.07404
0.0110272 5.05533
0.0110476 5.0445
0.011068 5.02593
0.0110884 5.015
0.0111089 4.99643
0.0111294 4.9853
0.0111499 4.96687
0.0111705 4.95562
0.0111912 4.93747
0.0112118 4.92604
0.0112325 4.90838
0.0112533 4.89707
0.0112741 4.88036
0.0112949 4.86872
0.0113157 4.85218
0.0113366 4.8403
0.0113576 4.82412
0.0113785 4.81189
0.0113995 4.79596
0.0114206 4.78337
0.0114417 4.7675
0.0114628 4.75454
0.011484 4.73934
0.0115052 4.72592
0.0115264 4.71112
0.0115477 4.69722
0.011569 4.68337
0.0115904 4.6693
0.0116118 4.65651
0.0116332 4.64154
0.0116547 4.62966
0.0116762 4.61258
0.0116978 4.60287
0.0117194 4.58498
0.0117411 4.57583
0.0117627 4.55804
0.0117845 4.54885
0.0118062 4.5311
0.011828 4.52176
0.0118499 4.50436
0.0118717 4.49485
0.0118937 4.47756
0.0119156 4.46818
0.0119376 4.4519
0.0119597 4.4424
0.0119818 4.42643
0.0120039 4.41667
0.0120261 4.40063
0.0120483 4.39081
0.0120705 4.37483
0.0120928 4.36487
0.0121151 4.34906
0.0121375 4.33887
0.0121599 4.32323
0.0121824 4.31272
0.0122049 4.2974
0.0122274 4.28692
0.01225 4.27206
0.0122726 4.26149
0.0122953 4.2475
0.012318 4.23663
0.0123407 4.223
0.0123635 4.21189
0.0123863 4.19844
0.0124092 4.187
0.0124321 4.17383
0.0124551 4.16183
0.0124781 4.14932
0.0125011 4.1368
0.0125242 4.12468
0.0125473 4.11135
0.0125705 4.1001
0.0125937 4.08582
0.012617 4.07594
0.0126403 4.06027
0.0126636 4.05242
0.012687 4.03707
0.0127104 4.02903
0.0127339 4.01374
0.0127574 4.00548
0.012781 3.99031
0.0128046 3.98194
0.0128282 3.96683
0.0128519 3.95838
0.0128756 3.94333
0.0128994 3.93473
0.0129232 3.91993
0.0129471 3.91136
0.012971 3.89673
0.012995 3.88816
0.0130189 3.87423
0.013043 3.86556
0.0130671 3.85196
0.0130912 3.84318
0.0131154 3.82966
0.0131396 3.82059
0.0131639 3.80733
0.0131882 3.79799
0.0132125 3.78474
0.0132369 3.77548
0.0132614 3.76235
0.0132859 3.75281
0.0133104 3.74007
0.013335 3.73025
0.0133596 3.7178
0.0133843 3.70797
0.013409 3.69637
0.0134337 3.68632
0.0134585 3.67503
0.0134834 3.66449
0.0135083 3.65367
0.0135332 3.64252
0.0135582 3.63226
0.0135833 3.62028
0.0136083 3.61073
0.0136335 3.59735
0.0136587 3.58926
0.0136839 3.57499
0.0137091 3.56783
0.0137345 3.55366
0.0137598 3.54662
0.0137852 3.53314
0.0138107 3.52605
0.0138362 3.51293
0.0138617 3.5056
0.0138873 3.49246
0.013913 3.48502
0.0139387 3.47204
0.0139644 3.46452
0.0139902 3.45164
0.014016 3.44389
0.0140419 3.43112
0.0140678 3.42343
0.0140938 3.4106
0.0141198 3.40288
0.0141459 3.39036
0.014172 3.38267
0.0141982 3.3708
0.0142244 3.36292
0.0142507 3.35135
0.014277 3.34339
0.0143034 3.33205
0.0143298 3.32375
0.0143563 3.31255
0.0143828 3.30397
0.0144093 3.29308
0.0144359 3.28417
0.0144626 3.27343
0.0144893 3.26438
0.0145161 3.254
0.0145429 3.24462
0.0145697 3.2347
0.0145966 3.22519
0.0146236 3.21595
0.0146506 3.20601
0.0146776 3.19741
0.0147047 3.18668
0.0147319 3.17877
0.0147591 3.16636
0.0147863 3.16014
0.0148136 3.14775
0.014841 3.14138
0.0148684 3.12907
0.0148959 3.1226
0.0149234 3.11049
0.0149509 3.10391
0.0149785 3.09194
0.0150062 3.08543
0.0150339 3.07391
0.0150617 3.06745
0.0150895 3.05622
0.0151173 3.04963
0.0151453 3.03846
0.0151732 3.0317
0.0152012 3.02063
0.0152293 3.01369
0.0152574 3.00265
0.0152856 2.99569
0.0153138 2.98482
0.0153421 2.97771
0.0153705 2.96705
0.0153988 2.95976
0.0154273 2.94926
0.0154558 2.94206
0.0154843 2.93204
0.0155129 2.92477
0.0155415 2.91513
0.0155702 2.90763
0.015599 2.89815
0.0156278 2.89041
0.0156567 2.88111
0.0156856 2.87308
0.0157145 2.86408
0.0157435 2.85569
0.0157726 2.84708
0.0158017 2.83817
0.0158309 2.83007
0.0158602 2.82068
0.0158894 2.81325
0.0159188 2.80313
0.0159482 2.7969
0.0159776 2.78624
0.0160071 2.78073
0.0160367 2.77008
0.0160663 2.76454
0.016096 2.75391
0.0161257 2.74829
0.0161555 2.73781
0.0161853 2.73197
0.0162152 2.72154
0.0162451 2.71565
0.0162751 2.70528
0.0163052 2.69939
0.0163353 2.68918
0.0163655 2.68327
0.0163957 2.6735
0.016426 2.66767
0.0164563 2.65808
0.0164867 2.65209
0.0165171 2.64258
0.0165476 2.63647
0.0165782 2.62709
0.0166088 2.62085
0.0166395 2.6115
0.0166702 2.60515
0.016701 2.59604
0.0167318 2.58944
0.0167627 2.58051
0.0167937 2.57373
0.0168247 2.5651
0.0168558 2.55834
0.0168869 2.55
0.0169181 2.54322
0.0169493 2.5353
0.0169806 2.52814
0.017012 2.52051
0.0170434 2.51304
0.0170748 2.5057
0.0171064 2.49779
0.017138 2.4909
0.0171696 2.48232
0.0172013 2.47602
0.0172331 2.46608
0.0172649 2.46122
0.0172968 2.45138
0.0173287 2.44653
0.0173607 2.43705
0.0173928 2.43216
0.0174249 2.42306
0.0174571 2.41809
0.0174893 2.40901
0.0175216 2.40388
0.017554 2.39489
0.0175864 2.38971
0.0176189 2.38074
0.0176514 2.37552
0.017684 2.36659
0.0177166 2.36125
0.0177494 2.35246
0.0177821 2.34706
0.017815 2.33835
0.0178479 2.33302
0.0178808 2.32466
0.0179138 2.31935
0.0179469 2.3113
0.0179801 2.30576
0.0180133 2.29777
0.0180465 2.29218
0.0180799 2.2843
0.0181132 2.2785
0.0181467 2.27076
0.0181802 2.26475
0.0182138 2.25715
0.0182474 2.251
0.0182811 2.24359
0.0183149 2.23732
0.0183487 2.23024
0.0183826 2.22371
0.0184165 2.2171
0.0184505 2.21044
0.0184846 2.20427
0.0185187 2.19717
0.0185529 2.19135
0.0185872 2.18358
0.0186215 2.17847
0.0186559 2.16986
0.0186903 2.16549
0.0187248 2.15699
0.0187594 2.15254
0.0187941 2.14402
0.0188288 2.1396
0.0188635 2.13126
0.0188984 2.12675
0.0189333 2.11867
0.0189682 2.11423
0.0190033 2.10643
0.0190384 2.10191
0.0190735 2.09419
0.0191087 2.08957
0.019144 2.08188
0.0191794 2.07724
0.0192148 2.06953
0.0192503 2.06479
0.0192858 2.05722
0.0193214 2.05242
0.0193571 2.04492
0.0193929 2.04001
0.0194287 2.0327
0.0194645 2.02775
0.0195005 2.0207
0.0195365 2.01575
0.0195726 2.00905
0.0196087 2.00389
0.0196449 1.99735
0.0196812 1.99208
0.0197175 1.98556
0.019754 1.9801
0.0197904 1.97379
0.019827 1.96812
0.0198636 1.96198
0.0199003 1.95609
0.019937 1.95024
0.0199738 1.944
0.0200107 1.93858
0.0200477 1.93203
0.0200847 1.9271
0.0201218 1.91967
0.0201589 1.91597
0.0201962 1.90852
0.0202335 1.90475
0.0202708 1.89735
0.0203082 1.89344
0.0203457 1.88614
0.0203833 1.88219
0.020421 1.87492
0.0204587 1.87093
0.0204964 1.86369
0.0205343 1.85961
0.0205722 1.85251
0.0206102 1.84849
0.0206483 1.84156
0.0206864 1.83751
0.0207246 1.83091
0.0207629 1.82681
0.0208012 1.82018
0.0208396 1.81607
0.0208781 1.80947
0.0209166 1.80527
0.0209553 1.79875
0.020994 1.79434
0.0210327 1.78797
0.0210716 1.78354
0.0211105 1.77723
0.0211495 1.77268
0.0211885 1.76657
0.0212277 1.7619
0.0212669 1.75607
0.0213061 1.75147
0.0213455 1.74594
0.0213849 1.74116
0.0214244 1.73575
0.0214639 1.73074
0.0215036 1.72551
0.0215433 1.72025
0.0215831 1.71528
0.0216229 1.70971
0.0216628 1.70504
0.0217028 1.69889
0.0217429 1.69481
0.0217831 1.68799
0.0218233 1.68462
0.0218636 1.67802
0.021904 1.67468
0.0219444 1.66828
0.0219849 1.66494
0.0220255 1.65862
0.0220662 1.65509
0.022107 1.64887
0.0221478 1.64532
0.0221887 1.63907
0.0222297 1.63549
0.0222707 1.6293
0.0223118 1.62563
0.022353 1.61948
0.0223943 1.61585
0.0224357 1.60973
0.0224771 1.6061
0.0225186 1.60017
0.0225602 1.59652
0.0226018 1.5909
0.0226436 1.58718
0.0226854 1.58164
0.0227273 1.57776
0.0227692 1.57226
0.0228113 1.56831
0.0228534 1.56292
0.0228956 1.55884
0.0229379 1.55357
0.0229803 1.54937
0.0230227 1.54414
0.0230652 1.53986
0.0231078 1.53484
0.0231505 1.53049
0.0231932 1.52571
0.023236 1.52131
0.023279 1.51688
0.0233219 1.5122
0.023365 1.50801
0.0234082 1.50299
0.0234514 1.49908
0.0234947 1.49326
0.0235381 1.49019
0.0235815 1.48426
0.0236251 1.48125
0.0236687 1.47534
0.0237124 1.4723
0.0237562 1.46651
0.0238001 1.46346
0.023844 1.45781
0.0238881 1.4548
0.0239322 1.44938
0.0239764 1.44629
0.0240206 1.44093
0.024065 1.4378
0.0241094 1.43249
0.0241539 1.42927
0.0241985 1.42395
0.0242432 1.42071
0.024288 1.41542
0.0243329 1.41215
0.0243778 1.40692
0.0244228 1.40359
0.0244679 1.39843
0.0245131 1.39501
0.0245583 1.39003
0.0246037 1.3867
0.0246491 1.382
0.0246946 1.37855
0.0247402 1.37394
0.0247859 1.37035
0.0248317 1.36578
0.0248776 1.3621
0.0249235 1.35766
0.0249695 1.35384
0.0250156 1.34951
0.0250618 1.34553
0.0251081 1.34135
0.0251545 1.33723
0.0252009 1.33329
0.0252475 1.32895
0.0252941 1.3253
0.0253408 1.32079
0.0253876 1.31762
0.0254345 1.31248
0.0254814 1.30986
0.0255285 1.30477
0.0255756 1.30212
0.0256229 1.29698
0.0256702 1.29431
0.0257176 1.28925
0.0257651 1.28651
0.0258126 1.28149
0.0258603 1.27872
0.0259081 1.27376
0.0259559 1.27098
0.0260038 1.26612
0.0260518 1.26341
0.0261 1.2588
0.0261482 1.25601
0.0261964 1.25141
0.0262448 1.24857
0.0262933 1.24401
0.0263418 1.24111
0.0263905 1.23661
0.0264392 1.23363
0.026488 1.22919
0.0265369 1.22613
0.0265859 1.22174
0.026635 1.21863
0.0266842 1.21435
0.0267335 1.21122
0.0267829 1.20707
0.0268323 1.20395
0.0268819 1.20003
0.0269315 1.19683
0.0269812 1.19303
0.0270311 1.18967
0.027081 1.18595
0.027131 1.18245
0.0271811 1.17891
0.0272313 1.1752
0.0272816 1.17183
0.0273319 1.16786
0.0273824 1.16475
0.027433 1.16025
0.0274836 1.15774
0.0275344 1.15305
0.0275852 1.15079
0.0276362 1.14638
0.0276872 1.1441
0.0277383 1.13969
0.0277896 1.13737
0.0278409 1.13301
0.0278923 1.1306
0.0279438 1.12625
0.0279954 1.12381
0.0280471 1.1195
0.0280989 1.11705
0.0281508 1.11279
0.0282027 1.11026
0.0282548 1.10603
0.028307 1.10352
0.0283593 1.09936
0.0284116 1.09691
0.0284641 1.093
0.0285167 1.09049
0.0285693 1.0866
0.0286221 1.08399
0.0286749 1.08016
0.0287279 1.07751
0.0287809 1.07376
0.0288341 1.071
0.0288873 1.06731
0.0289407 1.06446
0.0289941 1.06085
0.0290477 1.05794
0.0291013 1.05441
0.029155 1.05145
0.0292089 1.04805
0.0292628 1.04509
0.0293168 1.04197
0.029371 1.03885
0.0294252 1.03584
0.0294796 1.03252
0.029534 1.02966
0.0295885 1.02609
0.0296432 1.02351
0.0296979 1.01937
0.0297527 1.01733
0.0298077 1.01323
0.0298627 1.01115
0.0299179 1.00709
0.0299731 1.00498
0.0300285 1.001
0.0300839 0.998911
0.0301395 0.995164
0.0301951 0.993068
0.0302509 0.989336
0.0303068 0.987184
0.0303627 0.983498
0.0304188 0.981335
0.030475 0.977653
0.0305312 0.975422
0.0305876 0.971766
0.0306441 0.969505
0.0307007 0.965873
0.0307574 0.963591
0.0308142 0.960034
0.0308711 0.957714
0.0309281 0.954245
0.0309852 0.951933
0.0310424 0.948648
0.0310997 0.946343
0.0311572 0.943096
0.0312147 0.940709
0.0312723 0.937514
0.0313301 0.935046
0.0313879 0.93189
0.0314459 0.92934
0.031504 0.926294
0.0315621 0.92366
0.0316204 0.920691
0.0316788 0.917932
0.0317373 0.915111
0.0317959 0.912228
0.0318546 0.909609
0.0319135 0.906641
0.0319724 0.904285
0.0320314 0.900967
0.0320906 0.898977
0.0321498 0.895423
0.0322092 0.89362
0.0322687 0.890073
0.0323283 0.888252
0.032388 0.884732
0.0324478 0.882889
0.0325077 0.879413
0.0325677 0.877518
0.0326279 0.874057
0.0326881 0.872158
0.0327485 0.868764
0.0328089 0.866912
0.0328695 0.863712
0.0329302 0.861802
0.032991 0.858652
0.033052 0.856739
0.033113 0.853551
0.0331741 0.85161
0.0332354 0.848473
0.0332968 0.84648
0.0333583 0.843384
0.0334199 0.841334
0.0334816 0.838262
0.0335434 0.836185
0.0336053 0.833203
0.0336674 0.831072
0.0337296 0.828162
0.0337919 0.826038
0.0338543 0.823315
0.0339168 0.821114
0.0339794 0.818442
0.0340421 0.816185
0.034105 0.813583
0.034168 0.811227
0.0342311 0.808709
0.0342943 0.806232
0.0343576 0.803832
0.0344211 0.801218
0.0344846 0.798942
0.0345483 0.796114
0.0346121 0.794082
0.034676 0.790816
0.0347401 0.789277
0.0348042 0.786192
0.0348685 0.784625
0.0349329 0.781589
0.0349974 0.779992
0.035062 0.776981
0.0351267 0.77533
0.0351916 0.772338
0.0352566 0.770665
0.0353217 0.76768
0.0353869 0.766004
0.0354523 0.763043
0.0355177 0.761347
0.0355833 0.758414
0.035649 0.756691
0.0357149 0.753815
0.0357808 0.752102
0.0358469 0.749353
0.0359131 0.747643
0.0359794 0.744958
0.0360458 0.743206
0.0361124 0.740553
0.0361791 0.738733
0.0362459 0.736098
0.0363128 0.734242
0.0363799 0.731649
0.0364471 0.72974
0.0365144 0.727192
0.0365818 0.725238
0.0366493 0.722759
0.036717 0.720767
0.0367848 0.718363
0.0368527 0.716384
0.0369208 0.71412
0.036989 0.712053
0.0370573 0.709915
0.0371257 0.707727
0.0371943 0.705685
0.0372629 0.703345
0.0373318 0.701441
0.0374007 0.698839
0.0374698 0.6972
0.037539 0.694357
0.0376083 0.692934
0.0376777 0.69012
0.0377473 0.688702
0.037817 0.685915
0.0378868 0.684522
0.0379568 0.681898
0.0380269 0.680465
0.0380971 0.677891
0.0381675 0.676436
0.0382379 0.673861
0.0383085 0.672394
0.0383793 0.669842
0.0384502 0.668329
0.0385212 0.665803
0.0385923 0.664289
0.0386636 0.661759
0.038735 0.660221
0.0388065 0.657726
0.0388781 0.656172
0.0389499 0.653732
0.0390219 0.652192
0.0390939 0.649872
0.0391661 0.648306
0.0392384 0.646066
0.0393109 0.64444
0.0393835 0.642235
0.0394562 0.640547
0.0395291 0.63839
0.0396021 0.63666
0.0396752 0.634522
0.0397485 0.632744
0.0398219 0.630666
0.0398954 0.62882
0.0399691 0.626824
0.0400429 0.624894
0.0401168 0.623015
0.0401909 0.621045
0.0402651 0.619329
0.0403395 0.617232
0.040414 0.615663
0.0404886 0.613204
0.0405633 0.611987
0.0406383 0.609539
0.0407133 0.608299
0.0407885 0.605859
0.0408638 0.604589
0.0409393 0.602179
0.0410149 0.600897
0.0410906 0.598507
0.0411665 0.597198
0.0412425 0.594851
0.0413186 0.593568
0.0413949 0.591325
0.0414714 0.59005
0.041548 0.58785
0.0416247 0.586533
0.0417016 0.584366
0.0417786 0.583016
0.0418557 0.580851
0.041933 0.579502
0.0420104 0.577349
0.042088 0.575973
0.0421657 0.573857
0.0422436 0.572432
0.0423216 0.570344
0.0423998 0.568921
0.042478 0.566884
0.0425565 0.56545
0.0426351 0.563519
0.0427138 0.56205
0.0427927 0.560185
0.0428717 0.558669
0.0429509 0.556838
0.0430302 0.55528
0.0431096 0.553505
0.0431892 0.55184
0.043269 0.550143
0.0433489 0.548408
0.0434289 0.546785
0.0435091 0.544946
0.0435895 0.543429
0.04367 0.541419
0.0437506 0.540125
0.0438314 0.537963
0.0439124 0.536885
0.0439934 0.53481
0.0440747 0.533715
0.0441561 0.531613
0.0442376 0.530509
0.0443193 0.528444
0.0444011 0.527297
0.0444831 0.525243
0.0445653 0.524095
0.0446476 0.522033
0.04473 0.520881
0.0448126 0.518846
0.0448954 0.517673
0.0449783 0.515669
0.0450613 0.51452
0.0451445 0.512591
0.0452279 0.511443
0.0453114 0.509582
0.0453951 0.508391
0.0454789 0.506546
0.0455629 0.505327
0.045647 0.503508
0.0457313 0.50225
0.0458158 0.50045
0.0459004 0.499173
0.0459851 0.497403
0.0460701 0.496088
0.0461551 0.494364
0.0462404 0.49301
0.0463257 0.491332
0.0464113 0.489981
0.046497 0.488398
0.0465829 0.487013
0.0466689 0.485504
0.0467551 0.484057
0.0468414 0.482612
0.0469279 0.481066
0.0470145 0.479708
0.0471014 0.478046
0.0471883 0.476783
0.0472755 0.474825
0.0473628 0.473876
0.0474502 0.471925
0.0475379 0.470969
0.0476256 0.469045
0.0477136 0.468075
0.0478017 0.466245
0.04789 0.465277
0.0479784 0.463504
0.048067 0.462518
0.0481558 0.460742
0.0482447 0.459731
0.0483338 0.457978
0.048423 0.456966
0.0485124 0.455208
0.048602 0.454165
0.0486918 0.452433
0.0487817 0.451385
0.0488718 0.449656
0.048962 0.448607
0.0490524 0.446899
0.049143 0.44586
0.0492338 0.444225
0.0493247 0.443159
0.0494158 0.441596
0.049507 0.440513
0.0495984 0.438964
0.04969 0.43784
0.0497818 0.436326
0.0498737 0.435154
0.0499658 0.43367
0.0500581 0.432474
0.0501505 0.431031
0.0502431 0.429793
0.0503359 0.42838
0.0504288 0.427091
0.050522 0.425752
0.0506153 0.424439
0.0507087 0.423198
0.0508024 0.42184
0.0508962 0.420691
0.0509902 0.4192
0.0510843 0.418174
0.0511786 0.41649
0.0512732 0.415639
0.0513678 0.413974
0.0514627 0.413113
0.0515577 0.41144
0.0516529 0.41058
0.0517483 0.408929
0.0518439 0.408045
0.0519396 0.406417
0.0520355 0.405538
0.0521316 0.403965
0.0522279 0.403092
0.0523243 0.401581
0.0524209 0.400683
0.0525177 0.399184
0.0526147 0.398281
0.0527119 0.396773
0.0528092 0.395859
0.0529067 0.394369
0.0530044 0.393426
0.0531023 0.391956
0.0532004 0.391005
0.0532986 0.389562
0.053397 0.388583
0.0534956 0.387162
0.0535944 0.386183
0.0536934 0.384836
0.0537925 0.383849
0.0538919 0.382564
0.0539914 0.381545
0.0540911 0.380261
0.054191 0.379211
0.054291 0.377969
0.0543913 0.376881
0.0544917 0.375671
0.0545924 0.374525
0.0546932 0.373373
0.0547942 0.372159
0.0548954 0.371075
0.0549967 0.369773
0.0550983 0.368783
0.0552 0.367325
0.055302 0.366562
0.0554041 0.365116
0.0555064 0.364379
0.0556089 0.362935
0.0557116 0.362188
0.0558144 0.360758
0.0559175 0.359991
0.0560208 0.358576
0.0561242 0.357798
0.0562279 0.356379
0.0563317 0.355589
0.0564357 0.354189
0.0565399 0.353396
0.0566443 0.352021
0.0567489 0.351221
0.0568537 0.349885
0.0569587 0.349098
0.0570639 0.347815
0.0571693 0.347019
0.0572748 0.345742
0.0573806 0.344924
0.0574866 0.343656
0.0575927 0.342809
0.0576991 0.341562
0.0578056 0.340702
0.0579124 0.339475
0.0580193 0.338592
0.0581264 0.337393
0.0582338 0.336481
0.0583413 0.33531
0.058449 0.334391
0.058557 0.333278
0.0586651 0.33235
0.0587734 0.331293
0.058882 0.330324
0.0589907 0.3293
0.0590996 0.328285
0.0592088 0.327306
0.0593181 0.326225
0.0594276 0.325299
0.0595374 0.32413
0.0596473 0.323301
0.0597575 0.32196
0.0598678 0.321299
0.0599784 0.319976
0.0600891 0.319318
0.0602001 0.31802
0.0603112 0.317371
0.0604226 0.316148
0.0605342 0.31548
0.060646 0.314264
0.060758 0.313583
0.0608702 0.312368
0.0609826 0.311675
0.0610952 0.310473
0.061208 0.309773
0.061321 0.308575
0.0614343 0.307861
0.0615477 0.306669
0.0616614 0.305951
0.0617752 0.304781
0.0618893 0.30406
0.0620036 0.30293
0.0621181 0.302213
0.0622328 0.30114
0.0623477 0.300396
0.0624628 0.299328
0.0625782 0.298569
0.0626937 0.29752
0.0628095 0.29675
0.0629255 0.295709
0.0630417 0.294906
0.0631581 0.293885
0.0632747 0.293062
0.0633916 0.292077
0.0635086 0.29122
0.0636259 0.290268
0.0637434 0.289386
0.0638611 0.288501
0.063979 0.287603
0.0640972 0.286781
0.0642155 0.285822
0.0643341 0.28505
0.0644529 0.283959
0.0645719 0.283325
0.0646912 0.282166
0.0648106 0.281587
0.0649303 0.280433
0.0650502 0.279849
0.0651703 0.278704
0.0652907 0.278115
0.0654113 0.276985
0.065532 0.276386
0.0656531 0.275286
0.0657743 0.274695
0.0658957 0.273656
0.0660174 0.273057
0.0661393 0.272024
0.0662615 0.271404
0.0663838 0.270375
0.0665064 0.269748
0.0666292 0.268719
0.0667523 0.268093
0.0668755 0.267071
0.066999 0.266432
0.0671227 0.265425
0.0672467 0.264758
0.0673709 0.263774
0.0674953 0.263117
0.0676199 0.262168
0.0677448 0.261503
0.0678699 0.260609
0.0679952 0.259921
0.0681208 0.259043
0.0682466 0.258335
0.0683726 0.257467
0.0684988 0.25674
0.0686253 0.255891
0.0687521 0.255129
0.068879 0.254321
0.0690062 0.253523
0.0691336 0.252747
0.0692613 0.2519
0.0693892 0.251177
0.0695173 0.250276
0.0696457 0.249641
0.0697743 0.248648
0.0699031 0.248149
0.0700322 0.24716
0.0701616 0.246648
0.0702911 0.245664
0.0704209 0.245143
0.070551 0.244167
0.0706812 0.243634
0.0708118 0.242658
0.0709425 0.242124
0.0710735 0.241156
0.0712048 0.240617
0.0713362 0.239664
0.071468 0.239126
0.0716 0.238193
0.0717322 0.237657
0.0718646 0.236776
0.0719973 0.23623
0.0721303 0.235353
0.0722635 0.234798
0.0723969 0.233932
0.0725306 0.233363
0.0726645 0.232505
0.0727987 0.231918
0.0729332 0.231066
0.0730678 0.230477
0.0732028 0.229638
0.0733379 0.229032
0.0734734 0.228213
0.073609 0.227596
0.073745 0.226804
0.0738812 0.226192
0.0740176 0.225454
0.0741543 0.224817
0.0742912 0.224095
0.0744284 0.223425
0.0745658 0.222738
0.0747035 0.222026
0.0748415 0.221371
0.0749797 0.220614
0.0751181 0.220004
0.0752568 0.219154
0.0753958 0.218641
0.075535 0.217728
0.0756745 0.217278
0.0758143 0.21638
0.0759543 0.215943
0.0760945 0.215094
0.076235 0.21465
0.0763758 0.213811
0.0765168 0.21335
0.0766581 0.21251
0.0767997 0.212041
0.0769415 0.21121
0.0770836 0.210738
0.0772259 0.209912
0.0773685 0.209425
0.0775114 0.208608
0.0776545 0.208125
0.0777979 0.207307
0.0779416 0.206821
0.0780855 0.206026
0.0782297 0.205546
0.0783742 0.204799
0.0785189 0.204306
0.0786639 0.203561
0.0788092 0.203057
0.0789547 0.20233
0.0791005 0.201807
0.0792466 0.201087
0.0793929 0.200548
0.0795395 0.199848
0.0796864 0.199289
0.0798335 0.1986
0.0799809 0.198033
0.0801286 0.197362
0.0802766 0.196773
0.0804248 0.196141
0.0805734 0.195554
0.0807221 0.19497
0.0808712 0.194344
0.0810205 0.193789
0.0811702 0.193112
0.08132 0.192607
0.0814702 0.191814
0.0816207 0.191421
0.0817714 0.190632
0.0819224 0.190232
0.0820737 0.189449
0.0822252 0.189044
0.0823771 0.18827
0.0825292 0.18786
0.0826816 0.187099
0.0828342 0.186696
0.0829872 0.185981
0.0831405 0.185577
0.083294 0.184863
0.0834478 0.184451
0.0836019 0.183742
0.0837563 0.183318
0.0839109 0.182615
0.0840659 0.182182
0.0842211 0.181479
0.0843766 0.181046
0.0845325 0.180354
0.0846885 0.179913
0.0848449 0.179234
0.0850016 0.178782
0.0851586 0.178116
0.0853158 0.177673
0.0854734 0.177051
0.0856312 0.176594
0.0857893 0.175979
0.0859478 0.175508
0.0861065 0.174905
0.0862655 0.174421
0.0864248 0.173826
0.0865844 0.173328
0.0867442 0.172751
0.0869044 0.172222
0.0870649 0.171675
0.0872257 0.171119
0.0873868 0.1706
0.0875481 0.170014
0.0877098 0.16954
0.0878718 0.168922
0.088034 0.168523
0.0881966 0.167847
0.0883594 0.167498
0.0885226 0.166828
0.0886861 0.166477
0.0888498 0.165802
0.0890139 0.16545
0.0891783 0.164783
0.089343 0.164419
0.0895079 0.163757
0.0896732 0.16339
0.0898388 0.162732
0.0900047 0.162367
0.0901709 0.161721
0.0903374 0.161357
0.0905043 0.16075
0.0906714 0.160385
0.0908388 0.159778
0.0910066 0.159405
0.0911746 0.158804
0.091343 0.158422
0.0915116 0.157828
0.0916806 0.157437
0.0918499 0.156848
0.0920195 0.156448
0.0921895 0.155871
0.0923597 0.15546
0.0925303 0.154896
0.0927011 0.154475
0.0928723 0.153931
0.0930438 0.153518
0.0932156 0.153001
0.0933877 0.152576
0.0935602 0.152076
0.093733 0.151631
0.0939061 0.151146
0.0940795 0.150679
0.0942532 0.150216
0.0944272 0.149722
0.0946016 0.149284
0.0947763 0.148748
0.0949513 0.148348
0.0951266 0.147721
0.0953023 0.14742
0.0954783 0.146799
0.0956546 0.146502
0.0958312 0.145916
0.0960082 0.145611
0.0961855 0.145035
0.0963631 0.144725
0.0965411 0.144153
0.0967193 0.143832
0.0968979 0.143263
0.0970769 0.142941
0.0972561 0.142374
0.0974357 0.142052
0.0976156 0.141485
0.0977959 0.141155
0.0979765 0.140601
0.0981574 0.140265
0.0983387 0.139717
0.0985203 0.139395
0.0987022 0.138874
0.0988845 0.138544
0.0990671 0.138035
0.09925 0.137691
0.0994333 0.137188
0.0996169 0.136841
0.0998008 0.136343
0.0999851 0.135985
0.10017 0.135498
0.100355 0.135124
0.10054 0.134647
0.100726 0.134264
0.100912 0.133801
0.101098 0.13341
0.101285 0.132967
0.101472 0.132571
0.101659 0.132159
0.101847 0.131746
0.102035 0.131356
0.102223 0.130916
0.102412 0.130546
0.102601 0.130063
0.102791 0.129741
0.102981 0.129199
0.103171 0.128927
0.103361 0.128394
0.103552 0.128118
0.103743 0.127582
0.103935 0.127307
0.104127 0.126785
0.104319 0.126508
0.104512 0.126014
0.104705 0.125738
0.104898 0.125249
0.105092 0.124971
0.105286 0.124484
0.10548 0.124198
0.105675 0.123715
0.10587 0.123427
0.106066 0.122945
0.106262 0.122654
0.106458 0.122178
0.106654 0.121879
0.106851 0.12141
0.107049 0.12111
0.107246 0.120652
0.107444 0.120349
0.107643 0.119915
0.107841 0.11961
0.108041 0.119187
0.10824 0.118872
0.10844 0.118457
0.10864 0.11813
0.108841 0.117721
0.109042 0.117385
0.109243 0.116986
0.109445 0.116635
0.109647 0.116251
0.10985 0.115886
0.110052 0.115519
0.110256 0.115136
0.110459 0.114796
0.110663 0.114397
0.110868 0.114091
0.111072 0.113627
0.111277 0.113396
0.111483 0.112932
0.111689 0.112698
0.111895 0.112236
0.112102 0.111995
0.112309 0.111538
0.112516 0.111294
0.112724 0.110841
0.112932 0.110593
0.11314 0.110142
0.113349 0.10989
0.113559 0.109448
0.113768 0.109204
0.113978 0.10878
0.114189 0.10853
0.1144 0.108118
0.114611 0.107865
0.114823 0.107452
0.115035 0.107198
0.115247 0.106787
0.11546 0.106527
0.115673 0.10612
0.115887 0.10585
0.116101 0.105451
0.116315 0.105179
0.11653 0.104785
0.116745 0.104507
0.116961 0.104128
0.117177 0.103846
0.117393 0.103487
0.11761 0.103203
0.117827 0.102858
0.118045 0.102563
0.118263 0.102223
0.118481 0.101913
0.1187 0.101586
0.118919 0.101261
0.119139 0.100952
0.119359 0.100606
0.119579 0.100314
0.1198 0.0999373
0.120021 0.0996797
0.120243 0.0992565
0.120465 0.09905
0.120687 0.0986478
0.12091 0.0984422
0.121133 0.0980455
0.121357 0.0978382
0.121581 0.0974456
0.121806 0.0972304
0.12203 0.0968412
0.122256 0.0966231
0.122482 0.0962344
0.122708 0.0960142
0.122934 0.0956288
0.123161 0.0954051
0.123389 0.0950237
0.123617 0.0948004
0.123845 0.0944206
0.124074 0.0942004
0.124303 0.0938394
0.124532 0.0936152
0.124762 0.0932667
0.124993 0.0930383
0.125223 0.0926937
0.125455 0.0924573
0.125686 0.0921141
0.125918 0.0918729
0.126151 0.0915377
0.126384 0.0912894
0.126617 0.0909611
0.126851 0.0907061
0.127085 0.0903805
0.12732 0.0901204
0.127555 0.0898098
0.127791 0.0895482
0.128027 0.0892546
0.128263 0.088984
0.1285 0.0887087
0.128737 0.0884206
0.128975 0.0881595
0.129213 0.0878508
0.129452 0.0876058
0.129691 0.0872537
0.12993 0.0870573
0.13017 0.0866881
0.130411 0.0865038
0.130651 0.0861369
0.130893 0.085952
0.131134 0.0855914
0.131376 0.0854075
0.131619 0.0850634
0.131862 0.0848773
0.132106 0.0845423
0.13235 0.0843535
0.132594 0.084021
0.132839 0.0838285
0.133084 0.0835002
0.13333 0.0833022
0.133576 0.0829735
0.133823 0.0827756
0.13407 0.0824483
0.134317 0.0822484
0.134565 0.0819251
0.134814 0.0817222
0.135063 0.0814049
0.135312 0.0811998
0.135562 0.0808972
0.135812 0.0806951
0.136063 0.0804023
0.136315 0.0801917
0.136566 0.0799057
0.136818 0.0796869
0.137071 0.0794043
0.137324 0.0791795
0.137578 0.0789041
0.137832 0.078673
0.138086 0.078403
0.138341 0.0781607
0.138597 0.077904
0.138853 0.0776523
0.139109 0.0774089
0.139366 0.0771488
0.139623 0.0769261
0.139881 0.0766521
0.14014 0.0764548
0.140398 0.0761385
0.140658 0.0759781
0.140917 0.0756648
0.141177 0.075503
0.141438 0.0751878
0.141699 0.0750237
0.141961 0.0747128
0.142223 0.074546
0.142486 0.074238
0.142749 0.0740693
0.143013 0.0737645
0.143277 0.0735967
0.143541 0.0733048
0.143806 0.0731384
0.144072 0.0728561
0.144338 0.0726855
0.144604 0.0724033
0.144871 0.0722292
0.145139 0.0719503
0.145407 0.0717726
0.145675 0.0714967
0.145944 0.0713155
0.146214 0.0710435
0.146484 0.0708574
0.146754 0.0705872
0.147025 0.0704012
0.147297 0.0701365
0.147569 0.0699511
0.147841 0.0696984
0.148114 0.0695089
0.148388 0.0692665
0.148662 0.0690718
0.148937 0.0688365
0.149212 0.0686338
0.149487 0.0684028
0.149763 0.0681903
0.15004 0.0679699
0.150317 0.0677438
0.150594 0.0675371
0.150872 0.0672957
0.151151 0.0671026
0.15143 0.0668321
0.15171 0.066675
0.15199 0.0663942
0.152271 0.0662563
0.152552 0.0659853
0.152833 0.0658456
0.153116 0.0655757
0.153398 0.0654333
0.153682 0.0651653
0.153965 0.065018
0.15425 0.0647518
0.154535 0.0646026
0.15482 0.0643391
0.155106 0.0641891
0.155392 0.0639281
0.155679 0.0637745
0.155967 0.0635169
0.156255 0.0633648
0.156543 0.0631146
0.156832 0.0629662
0.157122 0.0627263
0.157412 0.0625737
0.157703 0.0623354
0.157994 0.0621765
0.158286 0.0619414
0.158578 0.0617819
0.158871 0.0615505
0.159164 0.0613831
0.159458 0.0611565
0.159753 0.0609849
0.160048 0.0607638
0.160343 0.0605881
0.160639 0.0603716
0.160936 0.0601959
0.161233 0.0599898
0.161531 0.0598121
0.161829 0.0596191
0.162128 0.059431
0.162427 0.0592457
0.162727 0.059045
0.163028 0.0588706
0.163329 0.0586551
0.16363 0.0584956
0.163933 0.0582451
0.164235 0.05812
0.164539 0.0578714
0.164842 0.0577448
0.165147 0.0574989
0.165452 0.0573727
0.165757 0.0571354
0.166063 0.057009
0.16637 0.0567808
0.166677 0.056653
0.166985 0.0564259
0.167293 0.0562966
0.167602 0.0560705
0.167912 0.055939
0.168222 0.0557143
0.168532 0.0555792
0.168844 0.055357
0.169155 0.0552199
0.169468 0.0549984
0.169781 0.0548613
0.170094 0.0546443
0.170408 0.0545066
0.170723 0.054298
0.171038 0.0541585
0.171354 0.0539584
0.171671 0.0538185
0.171988 0.0536196
0.172305 0.0534754
0.172623 0.0532798
0.172942 0.0531309
0.173261 0.0529388
0.173581 0.0527844
0.173902 0.0525975
0.174223 0.0524383
0.174545 0.0522574
0.174867 0.0520905
0.17519 0.05192
0.175514 0.0517471
0.175838 0.0515883
0.176162 0.0514111
0.176488 0.0512663
0.176814 0.051067
0.17714 0.0509435
0.177467 0.0507286
0.177795 0.0506182
0.178123 0.0504036
0.178452 0.0502933
0.178782 0.0500791
0.179112 0.0499679
0.179443 0.0497567
0.179774 0.0496423
0.180106 0.0494329
0.180438 0.0493186
0.180772 0.0491164
0.181105 0.0490038
0.18144 0.0488109
0.181775 0.0486948
0.182111 0.0485034
0.182447 0.0483874
0.182784 0.048195
0.183121 0.0480762
0.183459 0.0478857
0.183798 0.0477649
0.184138 0.047577
0.184478 0.0474538
0.184818 0.0472674
0.18516 0.0471424
0.185502 0.0469612
0.185844 0.0468345
0.186187 0.0466595
0.186531 0.0465329
0.186876 0.0463682
0.187221 0.0462377
0.187566 0.0460737
0.187913 0.0459395
0.18826 0.0457798
0.188607 0.0456383
0.188956 0.0454849
0.189305 0.0453377
0.189654 0.0451905
0.190004 0.0450341
0.190355 0.044896
0.190707 0.0447272
0.191059 0.0446033
0.191412 0.0444092
0.191765 0.0443161
0.192119 0.0441324
0.192474 0.0440367
0.192829 0.0438537
0.193186 0.0437565
0.193542 0.0435746
0.1939 0.0434759
0.194258 0.0432947
0.194616 0.0431934
0.194976 0.0430132
0.195336 0.0429123
0.195697 0.0427336
0.196058 0.0426311
0.19642 0.0424548
0.196783 0.042352
0.197146 0.0421799
0.19751 0.0420778
0.197875 0.0419135
0.19824 0.0418107
0.198606 0.0416486
0.198973 0.0415432
0.199341 0.0413829
0.199709 0.0412737
0.200077 0.0411144
0.200447 0.0410038
0.200817 0.0408471
0.201188 0.0407336
0.201559 0.040579
0.201932 0.0404621
0.202304 0.040312
0.202678 0.0401942
0.203052 0.0400494
0.203427 0.0399326
0.203803 0.0397978
0.204179 0.039673
0.204556 0.0395435
0.204934 0.0394124
0.205312 0.0392888
0.205692 0.0391495
0.206071 0.0390334
0.206452 0.0388797
0.206833 0.0387786
0.207215 0.0386093
0.207598 0.0385226
0.207981 0.0383561
0.208365 0.03827
0.20875 0.0381044
0.209135 0.0380208
0.209522 0.0378655
0.209908 0.0377786
0.210296 0.0376241
0.210684 0.0375363
0.211073 0.0373811
0.211463 0.0372926
0.211854 0.0371393
0.212245 0.0370483
0.212637 0.0368962
0.21303 0.0368051
0.213423 0.0366527
0.213817 0.0365602
0.214212 0.0364109
0.214607 0.0363175
0.215004 0.0361721
0.215401 0.03608
0.215799 0.0359428
0.216197 0.0358481
0.216596 0.0357128
0.216996 0.0356154
0.217397 0.0354821
0.217798 0.0353811
0.218201 0.0352505
0.218603 0.0351477
0.219007 0.0350181
0.219412 0.034912
0.219817 0.0347869
0.220223 0.034677
0.220629 0.0345562
0.221037 0.0344431
0.221445 0.0343297
0.221854 0.0342146
0.222263 0.0341113
0.222674 0.0339867
0.223085 0.0338912
0.223497 0.0337448
0.22391 0.0336714
0.224323 0.033525
0.224737 0.0334504
0.225152 0.0333049
0.225568 0.0332281
0.225985 0.0330844
0.226402 0.0330073
0.22682 0.0328651
0.227239 0.032787
0.227659 0.032647
0.228079 0.0325705
0.2285 0.032439
0.228922 0.0323623
0.229345 0.0322306
0.229768 0.0321515
0.230193 0.0320217
0.230618 0.0319404
0.231044 0.0318107
0.23147 0.03173
0.231898 0.0316007
0.232326 0.0315189
0.232755 0.0313912
0.233185 0.031306
0.233615 0.0311816
0.234047 0.0310965
0.234479 0.0309746
0.234912 0.0308906
0.235346 0.0307768
0.23578 0.0306889
0.236216 0.030577
0.236652 0.0304866
0.237089 0.0303768
0.237527 0.0302839
0.237965 0.0301772
0.238405 0.030079
0.238845 0.0299762
0.239286 0.0298733
0.239728 0.0297761
0.240171 0.029667
0.240614 0.029576
0.241058 0.0294578
0.241504 0.0293797
0.24195 0.0292545
0.242396 0.0291895
0.242844 0.0290659
0.243292 0.0289998
0.243742 0.0288748
0.244192 0.0288088
0.244643 0.0286856
0.245094 0.0286164
0.245547 0.0284946
0.246 0.0284256
0.246455 0.0283038
0.24691 0.0282343
0.247366 0.0281134
0.247822 0.0280436
0.24828 0.0279245
0.248739 0.0278571
0.249198 0.0277442
0.249658 0.0276752
0.250119 0.0275641
0.250581 0.0274926
0.251044 0.0273826
0.251507 0.0273102
0.251972 0.0272016
0.252437 0.0271265
0.252903 0.0270187
0.25337 0.0269427
0.253838 0.0268371
0.254307 0.0267591
0.254776 0.0266562
0.255247 0.0265767
0.255718 0.0264763
0.25619 0.0263975
0.256663 0.0263041
0.257137 0.0262229
0.257612 0.0261321
0.258088 0.026046
0.258565 0.0259592
0.259042 0.0258686
0.25952 0.0257863
0.26 0.0256889
0.26048 0.0256121
0.260961 0.0254967
0.261443 0.025439
0.261925 0.025324
0.262409 0.0252664
0.262894 0.0251527
0.263379 0.0250955
0.263865 0.0249894
0.264353 0.0249311
0.264841 0.0248262
0.26533 0.0247668
0.26582 0.0246617
0.266311 0.0246014
0.266803 0.024497
0.267295 0.0244363
0.267789 0.0243324
0.268283 0.0242703
0.268779 0.0241675
0.269275 0.0241049
0.269772 0.0240027
0.27027 0.0239402
0.27077 0.02384
0.27127 0.0237784
0.27177 0.0236834
0.272272 0.0236199
0.272775 0.023527
0.273279 0.0234625
0.273783 0.0233704
0.274289 0.0233041
0.274796 0.023214
0.275303 0.0231443
0.275811 0.0230559
0.276321 0.0229855
0.276831 0.0228992
0.277342 0.0228261
0.277854 0.0227424
0.278367 0.0226662
0.278881 0.022587
0.279396 0.0225114
0.279912 0.0224379
0.280429 0.0223575
0.280947 0.0222885
0.281466 0.0222016
0.281986 0.0221394
0.282506 0.0220404
0.283028 0.0219891
0.283551 0.0218909
0.284074 0.0218396
0.284599 0.0217407
0.285124 0.0216892
0.285651 0.021592
0.286178 0.0215393
0.286707 0.0214438
0.287236 0.0213919
0.287767 0.0213013
0.288298 0.0212491
0.28883 0.0211601
0.289364 0.0211068
0.289898 0.0210181
0.290433 0.0209643
0.29097 0.0208755
0.291507 0.0208207
0.292045 0.0207329
0.292585 0.0206768
0.293125 0.0205904
0.293666 0.0205338
0.294208 0.0204488
0.294752 0.0203908
0.295296 0.0203073
0.295841 0.0202501
0.296388 0.0201718
0.296935 0.0201136
0.297483 0.0200371
0.298033 0.0199772
0.298583 0.0199008
0.299134 0.019839
0.299687 0.0197656
0.30024 0.0197012
0.300795 0.0196294
0.30135 0.0195622
0.301906 0.0194939
0.302464 0.0194232
0.303022 0.0193584
0.303582 0.0192833
0.304143 0.0192243
0.304704 0.0191423
0.305267 0.0190951
0.305831 0.0190104
0.306395 0.0189661
0.306961 0.0188816
0.307528 0.0188369
0.308096 0.0187525
0.308665 0.0187071
0.309235 0.0186238
0.309806 0.0185773
0.310378 0.0184941
0.310951 0.0184473
0.311525 0.0183651
0.312101 0.0183181
0.312677 0.0182378
0.313254 0.0181908
0.313833 0.0181138
0.314412 0.018067
0.314993 0.0179914
0.315574 0.0179439
0.316157 0.0178689
0.316741 0.0178202
0.317326 0.0177459
0.317912 0.0176956
0.318499 0.0176225
0.319087 0.0175719
0.319676 0.0175
0.320267 0.0174476
0.320858 0.0173771
0.321451 0.0173235
0.322044 0.0172551
0.322639 0.0172021
0.323235 0.0171372
0.323832 0.0170833
0.32443 0.0170205
0.325029 0.0169638
0.325629 0.0169038
0.32623 0.0168443
0.326833 0.0167863
0.327436 0.0167232
0.328041 0.0166686
0.328646 0.0166006
0.329253 0.0165517
0.329861 0.0164738
0.33047 0.0164345
0.331081 0.0163578
0.331692 0.0163189
0.332305 0.0162454
0.332918 0.0162061
0.333533 0.0161345
0.334149 0.0160946
0.334766 0.0160234
0.335384 0.0159828
0.336003 0.0159118
0.336624 0.0158705
0.337246 0.0158002
0.337868 0.0157587
0.338492 0.0156887
0.339117 0.0156463
0.339743 0.0155769
0.340371 0.0155341
0.340999 0.0154661
0.341629 0.0154241
0.34226 0.0153593
0.342892 0.0153164
0.343525 0.0152539
0.344159 0.0152099
0.344795 0.0151474
0.345432 0.0151032
0.34607 0.0150413
0.346709 0.014996
0.347349 0.0149352
0.34799 0.0148884
0.348633 0.0148283
0.349277 0.0147802
0.349922 0.0147225
0.350568 0.0146732
0.351215 0.0146172
0.351864 0.0145673
0.352513 0.0145154
0.353164 0.0144635
0.353817 0.014415
0.35447 0.0143592
0.355125 0.0143139
0.35578 0.014251
0.356437 0.0142128
0.357095 0.0141461
0.357755 0.0141114
0.358416 0.0140448
0.359077 0.01401
0.35974 0.0139439
0.360405 0.013909
0.36107 0.0138438
0.361737 0.0138089
0.362405 0.0137465
0.363074 0.0137113
0.363745 0.013651
0.364416 0.0136155
0.365089 0.0135556
0.365763 0.0135189
0.366439 0.0134593
0.367116 0.0134225
0.367793 0.0133627
0.368473 0.0133256
0.369153 0.0132667
0.369835 0.0132288
0.370518 0.0131707
0.371202 0.0131321
0.371887 0.0130751
0.372574 0.0130372
0.373262 0.0129831
0.373951 0.012944
0.374642 0.012892
0.375334 0.0128517
0.376027 0.0128006
0.376721 0.0127593
0.377417 0.0127087
0.378114 0.0126664
0.378812 0.0126172
0.379511 0.012573
0.380212 0.0125255
0.380914 0.0124794
0.381618 0.0124341
0.382322 0.0123853
0.383028 0.0123435
0.383736 0.0122928
0.384444 0.0122553
0.385154 0.0121982
0.385866 0.0121686
0.386578 0.0121116
0.387292 0.0120814
0.388007 0.0120245
0.388724 0.0119938
0.389441 0.0119375
0.390161 0.011906
0.390881 0.0118502
0.391603 0.0118185
0.392326 0.0117629
0.39305 0.0117314
0.393776 0.0116764
0.394503 0.0116452
0.395232 0.0115926
0.395962 0.011561
0.396693 0.0115102
0.397425 0.0114779
0.398159 0.0114272
0.398895 0.0113946
0.399631 0.0113447
0.400369 0.0113113
0.401108 0.0112621
0.401849 0.0112278
0.402591 0.0111788
0.403335 0.0111443
0.404079 0.011096
0.404826 0.0110609
0.405573 0.0110138
0.406322 0.0109786
0.407072 0.0109337
0.407824 0.0108982
0.408577 0.0108552
0.409332 0.0108183
0.410088 0.0107765
0.410845 0.0107377
0.411604 0.0106978
0.412364 0.0106567
0.413125 0.0106187
0.413888 0.0105752
0.414652 0.0105397
0.415418 0.0104914
0.416185 0.0104609
0.416954 0.010409
0.417723 0.0103826
0.418495 0.0103324
0.419268 0.0103065
0.420042 0.010258
0.420818 0.0102318
0.421595 0.0101838
0.422373 0.0101566
0.423153 0.0101089
0.423934 0.0100813
0.424717 0.0100338
0.425502 0.010006
0.426287 0.00995892
0.427075 0.00993066
0.427863 0.00988417
0.428653 0.00985593
0.429445 0.00980967
0.430238 0.00978141
0.431032 0.00973694
0.431828 0.00970879
0.432626 0.00966626
0.433425 0.00963758
0.434225 0.00959511
0.435027 0.00956584
0.43583 0.0095242
0.436635 0.00949385
0.437441 0.00945288
0.438249 0.00942157
0.439058 0.00938145
0.439869 0.0093496
0.440681 0.00930996
0.441495 0.00927753
0.44231 0.00923938
0.443127 0.00920609
0.443945 0.00917044
0.444765 0.00913673
0.445586 0.00910314
0.446409 0.00906737
0.447234 0.00903567
0.448059 0.00899701
0.448887 0.00896785
0.449716 0.00892302
0.450546 0.00890005
0.451378 0.00885546
0.452212 0.00883216
0.453047 0.00878778
0.453883 0.00876431
0.454722 0.00872062
0.455561 0.00869719
0.456402 0.00865492
0.457245 0.00863133
0.45809 0.00859094
0.458935 0.00856722
0.459783 0.00852687
0.460632 0.00850277
0.461483 0.00846272
0.462335 0.0084381
0.463189 0.00839834
0.464044 0.00837328
0.464901 0.00833358
0.465759 0.00830848
0.466619 0.00826945
0.467481 0.00824396
0.468344 0.00820581
0.469209 0.00818014
0.470076 0.00814311
0.470944 0.00811764
0.471813 0.00808246
0.472684 0.00805623
0.473557 0.00802149
0.474432 0.00799445
0.475308 0.0079601
0.476186 0.0079324
0.477065 0.00789881
0.477946 0.00787038
0.478828 0.00783792
0.479713 0.0078077
0.480598 0.00777672
0.481486 0.00774528
0.482375 0.00771612
0.483266 0.00768349
0.484158 0.00765666
0.485052 0.00762227
0.485948 0.00759901
0.486845 0.00756111
0.487744 0.00754079
0.488645 0.00750338
0.489547 0.00748289
0.490451 0.00744504
0.491357 0.00742459
0.492264 0.00738726
0.493173 0.00736623
0.494084 0.0073292
0.494996 0.00730822
0.495911 0.00727138
0.496826 0.00725054
0.497744 0.00721493
0.498663 0.00719413
0.499584 0.00716018
0.500506 0.00713924
0.50143 0.00710516
0.502356 0.00708372
0.503284 0.00705014
0.504213 0.0070282
0.505144 0.00699503
0.506077 0.00697277
0.507012 0.00693995
0.507948 0.00691718
0.508886 0.00688482
0.509826 0.0068616
0.510767 0.00683012
0.51171 0.00680652
0.512655 0.00677642
0.513602 0.00675319
0.51455 0.0067243
0.515501 0.00670019
0.516453 0.00667213
0.517406 0.00664708
0.518362 0.00661972
0.519319 0.00659366
0.520278 0.00656747
0.521239 0.00653976
0.522201 0.00651516
0.523165 0.00648557
0.524131 0.00646269
0.525099 0.0064281
0.526069 0.00641091
0.52704 0.00637711
0.528014 0.00636007
0.528989 0.00632796
0.529966 0.00631039
0.530944 0.0062786
0.531925 0.00626083
0.532907 0.0062292
0.533891 0.00621121
0.534877 0.0061795
0.535865 0.00616119
0.536854 0.00612998
0.537845 0.00611164
0.538839 0.00608042
0.539834 0.00606178
0.54083 0.00603124
0.541829 0.00601254
0.54283 0.00598263
0.543832 0.00596435
0.544836 0.0059359
0.545842 0.00591728
0.54685 0.00588911
0.54786 0.00586973
0.548872 0.00584203
0.549885 0.00582244
0.550901 0.00579499
0.551918 0.00577488
0.552937 0.00574797
0.553958 0.0057271
0.554981 0.00570084
0.556006 0.00567972
0.557033 0.00565407
0.558061 0.00563275
0.559092 0.00560832
0.560124 0.00558658
0.561159 0.0055639
0.562195 0.00554112
0.563233 0.00551944
0.564273 0.00549528
0.565315 0.0054748
0.566359 0.0054484
0.567405 0.00543024
0.568453 0.00540081
0.569502 0.00538545
0.570554 0.00535641
0.571608 0.00534096
0.572663 0.00531179
0.573721 0.00529671
0.57478 0.0052684
0.575842 0.00525298
0.576905 0.00522643
0.57797 0.00521095
0.579037 0.00518431
0.580107 0.00516866
0.581178 0.00514222
0.582251 0.00512615
0.583326 0.00509976
0.584404 0.00508386
0.585483 0.00505751
0.586564 0.00504134
0.587647 0.00501541
0.588732 0.0049988
0.589819 0.0049734
0.590908 0.00495683
0.592 0.00493224
0.593093 0.00491565
0.594188 0.00489231
0.595285 0.00487543
0.596385 0.00485257
0.597486 0.00483512
0.598589 0.00481258
0.599694 0.00479472
0.600802 0.00477242
0.601911 0.0047541
0.603023 0.00473247
0.604136 0.00471355
0.605252 0.00469254
0.60637 0.00467263
0.607489 0.00465277
0.608611 0.00463214
0.609735 0.00461373
0.610861 0.00459268
0.611989 0.00457589
0.613119 0.00455149
0.614251 0.00453823
0.615386 0.00451339
0.616522 0.00450032
0.61766 0.00447552
0.618801 0.00446225
0.619944 0.0044378
0.621088 0.00442434
0.622235 0.00440009
0.623384 0.00438655
0.624535 0.00436236
0.625689 0.00434881
0.626844 0.00432519
0.628002 0.00431197
0.629161 0.00428986
0.630323 0.00427614
0.631487 0.0042541
0.632653 0.00424032
0.633821 0.0042183
0.634992 0.00420436
0.636164 0.00418259
0.637339 0.00416833
0.638516 0.00414675
0.639695 0.00413213
0.640876 0.00411094
0.64206 0.00409622
0.643246 0.00407546
0.644433 0.0040605
0.645623 0.00404046
0.646816 0.00402554
0.64801 0.00400665
0.649207 0.0039914
0.650405 0.00397295
0.651606 0.00395712
0.65281 0.00393909
0.654015 0.00392258
0.655223 0.0039051
0.656433 0.00388795
0.657645 0.0038713
0.658859 0.00385296
0.660076 0.00383736
0.661295 0.00381768
0.662516 0.00380379
0.66374 0.00378162
0.664965 0.00377059
0.666193 0.00374998
0.667423 0.00373883
0.668656 0.00371796
0.669891 0.00370676
0.671128 0.00368617
0.672367 0.00367464
0.673608 0.00365418
0.674852 0.00364251
0.676099 0.00362218
0.677347 0.00361042
0.678598 0.00359026
0.679851 0.00357849
0.681106 0.00355845
0.682364 0.00354659
0.683624 0.00352694
0.684887 0.00351528
0.686151 0.00349689
0.687418 0.00348494
0.688688 0.00346687
0.689959 0.00345469
0.691233 0.00343676
0.69251 0.00342424
0.693789 0.00340642
0.69507 0.00339368
0.696353 0.00337627
0.697639 0.00336323
0.698928 0.00334611
0.700218 0.00333281
0.701511 0.00331597
0.702807 0.00330248
0.704104 0.00328643
0.705405 0.00327295
0.706707 0.00325799
0.708012 0.00324393
0.70932 0.00322964
0.710629 0.00321478
0.711942 0.00320113
0.713256 0.00318527
0.714574 0.00317256
0.715893 0.00315463
0.717215 0.00314413
0.718539 0.00312533
0.719866 0.00311561
0.721196 0.00309695
0.722527 0.00308735
0.723862 0.00306885
0.725198 0.00305936
0.726537 0.00304218
0.727879 0.00303251
0.729223 0.00301533
0.73057 0.00300553
0.731919 0.00298852
0.73327 0.00297859
0.734624 0.00296179
0.735981 0.00295159
0.73734 0.00293482
0.738702 0.0029246
0.740066 0.00290796
0.741432 0.00289766
0.742801 0.0028813
0.744173 0.00287089
0.745547 0.00285486
0.746924 0.00284457
0.748303 0.00282956
0.749685 0.00281912
0.75107 0.00280444
0.752456 0.00279359
0.753846 0.00277913
0.755238 0.00276797
0.756633 0.00275373
0.75803 0.00274232
0.75943 0.00272835
0.760832 0.00271666
0.762237 0.00270304
0.763644 0.00269083
0.765055 0.00267794
0.766467 0.00266529
0.767883 0.0026531
0.769301 0.0026402
0.770721 0.00262914
0.772145 0.00261546
0.77357 0.00260543
0.774999 0.00258964
0.77643 0.00258154
0.777864 0.0025659
0.7793 0.00255765
0.780739 0.00254207
0.782181 0.00253373
0.783625 0.00251832
0.785072 0.00250983
0.786522 0.00249453
0.787974 0.00248613
0.78943 0.00247104
0.790887 0.00246273
0.792348 0.0024486
0.793811 0.00244031
0.795277 0.00242634
0.796745 0.00241779
0.798217 0.00240392
0.799691 0.00239522
0.801167 0.00238142
0.802647 0.00237262
0.804129 0.00235905
0.805614 0.00235005
0.807101 0.00233668
0.808592 0.00232747
0.810085 0.00231425
0.811581 0.00230517
0.81308 0.0022922
0.814581 0.00228319
0.816085 0.00227109
0.817592 0.00226186
0.819102 0.00225
0.820615 0.00224043
0.82213 0.00222898
0.823648 0.00221907
0.825169 0.00220782
0.826693 0.00219748
0.828219 0.00218674
0.829749 0.00217582
0.831281 0.0021657
0.832816 0.00215404
0.834354 0.00214472
0.835895 0.00213176
0.837438 0.00212412
0.838985 0.00211098
0.840534 0.00210419
0.842086 0.00209122
0.843641 0.00208441
0.845199 0.00207149
0.84676 0.00206459
0.848323 0.00205179
0.84989 0.00204472
0.851459 0.00203192
0.853031 0.00202481
0.854607 0.00201219
0.856185 0.00200507
0.857766 0.00199259
0.85935 0.00198529
0.860937 0.00197309
0.862526 0.00196605
0.864119 0.00195434
0.865715 0.00194724
0.867313 0.00193587
0.868915 0.00192858
0.87052 0.00191735
0.872127 0.00190987
0.873738 0.0018987
0.875351 0.00189112
0.876967 0.0018802
0.878587 0.00187237
0.880209 0.00186162
0.881835 0.00185361
0.883463 0.00184317
0.885094 0.00183492
0.886729 0.0018248
0.888366 0.0018167
0.890007 0.00180727
0.89165 0.0017989
0.893297 0.00178987
0.894946 0.00178106
0.896599 0.00177246
0.898255 0.00176307
0.899913 0.00175496
0.901575 0.0017449
0.90324 0.00173753
0.904908 0.00172588
0.906579 0.0017201
0.908253 0.00170856
0.90993 0.00170274
0.911611 0.00169135
0.913294 0.00168567
0.91498 0.00167492
0.91667 0.00166911
0.918363 0.00165865
0.920059 0.00165277
0.921758 0.00164231
0.92346 0.00163643
0.925165 0.00162603
0.926873 0.00162006
0.928585 0.00160974
0.9303 0.00160364
0.932018 0.00159347
0.933739 0.00158725
0.935463 0.00157715
0.93719 0.00157097
0.938921 0.00156112
0.940655 0.00155499
0.942392 0.00154574
0.944132 0.0015395
0.945875 0.00153047
0.947622 0.00152412
0.949372 0.00151518
0.951125 0.00150866
0.952881 0.00149986
0.954641 0.00149318
0.956404 0.00148459
0.95817 0.00147769
0.959939 0.00146931
0.961712 0.00146223
0.963488 0.0014541
0.965267 0.00144674
0.967049 0.00143913
0.968835 0.00143164
0.970624 0.00142464
0.972417 0.00141677
0.974212 0.00141039
0.976011 0.00140167
0.977814 0.00139612
0.979619 0.0013866
0.981428 0.00138175
0.983241 0.00137228
0.985056 0.00136746
0.986875 0.00135801
0.988698 0.00135316
0.990523 0.00134387
0.992352 0.00133894
0.994185 0.00132977
0.996021 0.00132491
0.99786 0.00131619
0.999703 0.00131138
1.00155 0.00130291
1.0034 0.00129795
1.00525 0.00128959
1.00711 0.00128461
1.00897 0.00127623
1.01083 0.00127111
1.0127 0.00126286
1.01457 0.00125768
1.01644 0.00124952
1.01832 0.00124428
1.0202 0.00123625
1.02208 0.00123093
1.02397 0.00122314
1.02586 0.00121783
1.02775 0.00121049
1.02965 0.0012051
1.03155 0.00119806
1.03346 0.00119254
1.03537 0.00118557
1.03728 0.00117989
1.03919 0.00117313
1.04111 0.00116719
1.04304 0.00116067
1.04496 0.00115442
1.04689 0.00114823
1.04882 0.00114162
1.05076 0.00113587
1.0527 0.00112879
1.05465 0.00112363
1.05659 0.00111565
1.05854 0.00111183
1.0605 0.00110413
1.06246 0.00110024
1.06442 0.00109255
1.06638 0.00108858
1.06835 0.00108096
1.07033 0.00107695
1.0723 0.00106938
1.07428 0.00106526
1.07627 0.00105778
1.07825 0.00105367
1.08025 0.00104623
1.08224 0.00104215
1.08424 0.00103481
1.08624 0.00103072
1.08825 0.0010238
1.09026 0.00101969
1.09227 0.00101299
1.09429 0.00100886
1.09631 0.00100221
1.09833 0.000997995
1.10036 0.000991428
1.10239 0.000987085
1.10443 0.000980588
1.10647 0.000976204
1.10851 0.00096981
1.11056 0.000965295
1.11261 0.000959057
1.11466 0.00095444
1.11672 0.000948409
1.11878 0.000943793
1.12085 0.000938124
1.12292 0.000933492
1.12499 0.000928149
1.12707 0.000923201
1.12915 0.000918084
1.13124 0.000912873
1.13333 0.000908007
1.13542 0.000902495
1.13751 0.000897929
1.13962 0.000891868
1.14172 0.000887889
1.14383 0.000881146
1.14594 0.000877878
1.14806 0.000871252
1.15018 0.000868049
1.1523 0.000861636
1.15443 0.000858475
1.15656 0.000852389
1.1587 0.000849122
1.16083 0.000843048
1.16298 0.000839767
1.16513 0.000833703
1.16728 0.000830369
1.16943 0.000824363
1.17159 0.000820984
1.17376 0.000815025
1.17592 0.000811633
1.1781 0.000805729
1.18027 0.000802301
1.18245 0.00079652
1.18463 0.000793125
1.18682 0.000787632
1.18901 0.000784237
1.19121 0.00077902
1.19341 0.000775515
1.19561 0.000770347
1.19782 0.000766748
1.20003 0.00076168
1.20225 0.000757979
1.20447 0.000753002
1.20669 0.000749196
1.20892 0.000744337
1.21115 0.000740421
1.21339 0.000735725
1.21563 0.000731657
1.21787 0.000727184
1.22012 0.00072307
1.22238 0.000718958
1.22463 0.000714703
1.2269 0.000710945
1.22916 0.00070636
1.23143 0.000702887
1.2337 0.000697431
1.23598 0.000694848
1.23826 0.000689417
1.24055 0.000686803
1.24284 0.000681406
1.24514 0.000678736
1.24744 0.000673415
1.24974 0.000670747
1.25205 0.000665496
1.25436 0.00066287
1.25668 0.000657822
1.259 0.000655199
1.26132 0.000650424
1.26365 0.000647791
1.26598 0.000643014
1.26832 0.000640293
1.27066 0.000635584
1.27301 0.00063282
1.27536 0.000628123
1.27772 0.000625354
1.28008 0.000620701
1.28244 0.000617889
1.28481 0.000613304
1.28718 0.00061041
1.28956 0.000605981
1.29194 0.000603126
1.29432 0.000598884
1.29671 0.000596035
1.29911 0.000592048
1.30151 0.000589079
1.30391 0.000585175
1.30632 0.000582116
1.30873 0.00057832
1.31115 0.00057513
1.31357 0.000571429
1.31599 0.000568097
1.31842 0.000564543
1.32086 0.000561045
1.3233 0.000557709
1.32574 0.000554007
1.32819 0.000550958
1.33064 0.000546998
1.3331 0.000544405
1.33556 0.000540112
1.33803 0.000538051
1.3405 0.000533796
1.34297 0.000531701
1.34545 0.00052743
1.34794 0.000525339
1.35043 0.000521096
1.35292 0.000518939
1.35542 0.000514753
1.35792 0.000512587
1.36043 0.000508432
1.36294 0.000506253
1.36546 0.000502163
1.36798 0.000499992
1.37051 0.000496074
1.37304 0.000493969
1.37557 0.000490245
1.37811 0.000488098
1.38066 0.000484416
1.38321 0.000482196
1.38576 0.00047856
1.38832 0.000476306
1.39088 0.00047273
1.39345 0.000470394
1.39603 0.00046687
1.3986 0.00046449
1.40119 0.000461049
1.40377 0.000458625
1.40637 0.000455286
1.40896 0.000452851
1.41157 0.000449669
1.41417 0.000447251
1.41678 0.000444307
1.4194 0.000441785
1.42202 0.000438921
1.42465 0.000436254
1.42728 0.000433529
1.42991 0.000430672
1.43255 0.000428119
1.4352 0.00042504
1.43785 0.00042271
1.4405 0.000419131
1.44316 0.000417352
1.44583 0.000413693
1.4485 0.000412043
1.45117 0.000408503
1.45385 0.000406884
1.45654 0.000403591
1.45923 0.000401938
1.46192 0.000398659
1.46462 0.000396991
1.46733 0.000393699
1.47004 0.000392002
1.47275 0.00038874
1.47547 0.000387025
1.47819 0.00038381
1.48092 0.000382047
1.48366 0.000378862
1.4864 0.000377104
1.48914 0.000373966
1.49189 0.000372225
1.49465 0.00036922
1.49741 0.0003675
1.50017 0.000364681
1.50294 0.000362911
1.50572 0.000360133
1.5085 0.00035832
1.51129 0.000355586
1.51408 0.000353722
1.51687 0.000351043
1.51967 0.000349108
1.52248 0.000346477
1.52529 0.000344486
1.52811 0.000341953
1.53093 0.000339884
1.53376 0.000337458
1.53659 0.000335355
1.53943 0.000333082
1.54227 0.000330984
1.54512 0.000328933
1.54797 0.000326669
1.55083 0.000324748
1.55369 0.000322251
1.55656 0.00032057
1.55944 0.00031769
1.56231 0.00031638
1.5652 0.00031353
1.56809 0.000312207
1.57099 0.000309353
1.57389 0.000308042
1.57679 0.000305237
1.5797 0.000303933
1.58262 0.000301216
1.58554 0.000299945
1.58847 0.000297427
1.59141 0.000296121
1.59434 0.000293621
1.59729 0.000292303
1.60024 0.000289815
1.60319 0.000288457
1.60615 0.000285986
1.60912 0.000284605
1.61209 0.00028217
1.61507 0.000280761
1.61805 0.000278366
1.62104 0.00027694
1.62403 0.0002746
1.62703 0.000273167
1.63003 0.000270916
1.63304 0.000269511
1.63606 0.000267437
1.63908 0.00026601
1.64211 0.000263952
1.64514 0.000262458
1.64818 0.00026045
1.65122 0.000258897
1.65427 0.000256965
1.65733 0.000255328
1.66039 0.000253455
1.66345 0.000251742
1.66652 0.000249976
1.6696 0.000248164
1.67268 0.000246523
1.67577 0.000244597
1.67887 0.000243167
1.68197 0.000241109
1.68507 0.000239996
1.68819 0.000237797
1.6913 0.000236806
1.69443 0.00023461
1.69756 0.000233612
1.70069 0.000231428
1.70383 0.000230414
1.70698 0.000228241
1.71013 0.00022721
1.71329 0.000225062
1.71645 0.000224025
1.71962 0.000221907
1.7228 0.000220884
1.72598 0.000218836
1.72916 0.000217826
1.73236 0.000215947
1.73556 0.000214917
1.73876 0.000213044
1.74197 0.000211998
1.74519 0.000210146
1.74841 0.00020907
1.75164 0.00020724
1.75487 0.000206132
1.75812 0.000204326
1.76136 0.000203201
1.76461 0.00020144
1.76787 0.00020028
1.77114 0.000198567
1.77441 0.000197392
1.77768 0.00019576
1.78097 0.000194616
1.78426 0.000193125
1.78755 0.000191935
1.79085 0.00019048
1.79416 0.000189222
1.79747 0.000187841
1.80079 0.000186505
1.80412 0.000185187
1.80745 0.000183749
1.81079 0.000182532
1.81413 0.000180956
1.81748 0.000179895
1.82084 0.000178042
1.8242 0.000177278
1.82757 0.000175475
1.83094 0.000174732
1.83432 0.000173093
1.83771 0.000172339
1.8411 0.000170707
1.8445 0.000169933
1.84791 0.000168303
1.85132 0.000167523
1.85474 0.000165902
1.85816 0.000165103
1.8616 0.000163505
1.86503 0.000162705
1.86848 0.000161113
1.87193 0.000160297
1.87538 0.000158737
1.87885 0.000157921
1.88232 0.000156401
1.88579 0.00015562
1.88928 0.000154245
1.89276 0.000153437
1.89626 0.000152075
1.89976 0.000151241
1.90327 0.000149891
1.90678 0.000149044
1.9103 0.000147714
1.91383 0.000146834
1.91737 0.000145532
1.92091 0.000144626
1.92445 0.000143359
1.92801 0.000142412
1.93157 0.000141209
1.93514 0.000140234
1.93871 0.000139094
1.94229 0.000138145
1.94588 0.000137134
1.94947 0.000136116
1.95307 0.000135167
1.95667 0.000134059
1.96029 0.000133195
1.96391 0.000131918
1.96753 0.000131219
1.97117 0.000129827
1.97481 0.000129239
1.97845 0.000127855
1.98211 0.000127269
1.98577 0.000125901
1.98943 0.00012532
1.99311 0.00012398
1.99679 0.000123422
2.00048 0.000122207
2.00417 0.000121634
2.00787 0.000120436
2.01158 0.000119854
2.01529 0.00011866
2.01902 0.000118058
2.02274 0.000116877
2.02648 0.000116274
2.03022 0.000115094
2.03397 0.000114476
2.03773 0.000113319
2.04149 0.000112689
2.04526 0.000111557
2.04904 0.000110924
2.05282 0.00010982
2.05661 0.000109212
2.06041 0.000108225
2.06421 0.000107594
2.06802 0.000106622
2.07184 0.000105967
2.07567 0.000105021
2.0795 0.000104329
2.08334 0.000103408
2.08719 0.000102689
2.09104 0.000101801
2.0949 0.000101046
2.09877 0.000100199
2.10265 9.94065e-05
2.10653 9.86097e-05
2.11042 9.7764e-05
2.11432 9.70535e-05
2.11822 9.61917e-05
2.12213 9.56097e-05
2.12605 9.45839e-05
2.12998 9.41653e-05
2.13391 9.31436e-05
2.13785 9.27156e-05
2.1418 9.17001e-05
2.14576 9.12661e-05
2.14972 9.02553e-05
2.15369 8.98123e-05
2.15766 8.88128e-05
2.16165 8.83656e-05
2.16564 8.73781e-05
2.16964 8.69396e-05
2.17365 8.59696e-05
2.17766 8.55481e-05
2.18168 8.46717e-05
2.18571 8.42401e-05
2.18975 8.33826e-05
2.19379 8.29361e-05
2.19784 8.20808e-05
2.2019 8.16273e-05
2.20597 8.07846e-05
2.21004 8.0318e-05
2.21412 7.94875e-05
2.21821 7.90079e-05
2.2223 7.8189e-05
2.22641 7.76977e-05
2.23052 7.6902e-05
2.23464 7.63997e-05
2.23876 7.56355e-05
2.2429 7.51563e-05
2.24704 7.44702e-05
2.25119 7.39722e-05
2.25535 7.3309e-05
2.25951 7.27846e-05
2.26368 7.21434e-05
2.26786 7.15865e-05
2.27205 7.09796e-05
2.27625 7.03795e-05
2.28045 6.98126e-05
2.28466 6.91598e-05
2.28888 6.86507e-05
2.29311 6.79051e-05
2.29734 6.74977e-05
2.30158 6.66718e-05
2.30583 6.63697e-05
2.31009 6.56242e-05
2.31436 6.53219e-05
2.31863 6.45879e-05
2.32291 6.42802e-05
2.3272 6.3552e-05
2.3315 6.32359e-05
2.33581 6.25106e-05
2.34012 6.21891e-05
2.34444 6.14676e-05
2.34877 6.11418e-05
2.35311 6.04289e-05
2.35745 6.00967e-05
2.36181 5.93957e-05
2.36617 5.9067e-05
2.37054 5.83815e-05
2.37491 5.80631e-05
2.3793 5.7443e-05
2.38369 5.71209e-05
2.38809 5.65201e-05
2.3925 5.6188e-05
2.39692 5.55924e-05
2.40135 5.52482e-05
2.40578 5.46639e-05
2.41023 5.43059e-05
2.41468 5.3734e-05
2.41914 5.3361e-05
2.4236 5.28055e-05
2.42808 5.2421e-05
2.43256 5.18843e-05
2.43705 5.14868e-05
2.44155 5.09821e-05
2.44606 5.0594e-05
2.45058 5.01446e-05
2.4551 4.97368e-05
2.45964 4.93223e-05
2.46418 4.88813e-05
2.46873 4.84952e-05
2.47329 4.80023e-05
2.47786 4.76656e-05
2.48243 4.70619e-05
2.48702 4.6836e-05
2.49161 4.62371e-05
2.49621 4.60112e-05
2.50082 4.54177e-05
2.50544 4.51894e-05
2.51006 4.46084e-05
2.5147 4.4391e-05
2.51934 4.38633e-05
2.52399 4.36418e-05
2.52866 4.31334e-05
2.53333 4.29082e-05
2.538 4.23999e-05
2.54269 4.21718e-05
2.54739 4.16647e-05
2.55209 4.1429e-05
2.5568 4.09306e-05
2.56152 4.06867e-05
2.56625 4.01944e-05
2.57099 3.99498e-05
2.57574 3.94636e-05
2.5805 3.92173e-05
2.58526 3.87475e-05
2.59004 3.85094e-05
2.59482 3.80832e-05
2.59961 3.78444e-05
2.60441 3.74361e-05
2.60922 3.71854e-05
2.61404 3.6787e-05
2.61886 3.65233e-05
2.6237 3.61344e-05
2.62855 3.58572e-05
2.6334 3.54801e-05
2.63826 3.51905e-05
2.64313 3.48314e-05
2.64801 3.4521e-05
2.6529 3.41841e-05
2.6578 3.38587e-05
2.66271 3.35522e-05
2.66763 3.32222e-05
2.67255 3.29632e-05
2.67749 3.25993e-05
2.68243 3.23915e-05
2.68739 3.19707e-05
2.69235 3.18146e-05
2.69732 3.13969e-05
2.7023 3.12372e-05
2.70729 3.0819e-05
2.71229 3.06573e-05
2.7173 3.0245e-05
2.72232 3.008e-05
2.72735 2.96727e-05
2.73238 2.95098e-05
2.73743 2.91096e-05
2.74248 2.8954e-05
2.74755 2.85885e-05
2.75262 2.84324e-05
2.7577 2.80851e-05
2.7628 2.79252e-05
2.7679 2.75802e-05
2.77301 2.74166e-05
2.77813 2.70746e-05
2.78326 2.6904e-05
2.7884 2.6566e-05
2.79355 2.63924e-05
2.79871 2.60607e-05
2.80387 2.58795e-05
2.80905 2.55556e-05
2.81424 2.53734e-05
2.81944 2.50613e-05
2.82464 2.48839e-05
2.82986 2.46025e-05
2.83508 2.44212e-05
2.84032 2.41597e-05
2.84556 2.39686e-05
2.85082 2.37142e-05
2.85608 2.35099e-05
2.86136 2.32669e-05
2.86664 2.30488e-05
2.87193 2.28206e-05
2.87724 2.25817e-05
2.88255 2.23741e-05
2.88787 2.21097e-05
2.89321 2.19304e-05
2.89855 2.16016e-05
2.9039 2.14973e-05
2.90926 2.11971e-05
2.91464 2.10947e-05
2.92002 2.08105e-05
2.92541 2.07035e-05
2.93081 2.04221e-05
2.93623 2.03123e-05
2.94165 2.00316e-05
2.94708 1.99204e-05
2.95252 1.96402e-05
2.95797 1.95257e-05
2.96344 1.92493e-05
2.96891 1.91345e-05
2.97439 1.88605e-05
2.97988 1.87444e-05
2.98539 1.84781e-05
2.9909 1.83676e-05
2.99642 1.81237e-05
3.00195 1.80144e-05
3.0075 1.77845e-05
3.01305 1.7672e-05
3.01862 1.74442e-05
3.02419 1.73267e-05
3.02977 1.71032e-05
3.03537 1.69802e-05
3.04097 1.67606e-05
3.04659 1.66327e-05
3.05222 1.64199e-05
3.05785 1.62856e-05
3.0635 1.60796e-05
3.06916 1.59425e-05
3.07482 1.57478e-05
3.0805 1.5612e-05
3.08619 1.54376e-05
3.09189 1.52996e-05
3.0976 1.51415e-05
3.10332 1.49921e-05
3.10905 1.48458e-05
3.11479 1.46803e-05
3.12054 1.45476e-05
3.1263 1.43586e-05
3.13208 1.42493e-05
3.13786 1.40266e-05
3.14365 1.39512e-05
3.14946 1.37305e-05
3.15528 1.36556e-05
3.1611 1.34382e-05
3.16694 1.33672e-05
3.17279 1.31678e-05
3.17865 1.3098e-05
3.18452 1.29124e-05
3.1904 1.28401e-05
3.19629 1.26559e-05
3.20219 1.25816e-05
3.2081 1.2398e-05
3.21403 1.23212e-05
3.21996 1.21393e-05
3.22591 1.20619e-05
3.23187 1.18809e-05
3.23783 1.18017e-05
3.24381 1.16242e-05
3.2498 1.15435e-05
3.2558 1.1371e-05
3.26182 1.12937e-05
3.26784 1.11368e-05
3.27387 1.10604e-05
3.27992 1.09153e-05
3.28598 1.08348e-05
3.29204 1.06928e-05
3.29812 1.06084e-05
3.30421 1.04696e-05
3.31031 1.03812e-05
3.31643 1.02454e-05
3.32255 1.01515e-05
3.32869 1.00218e-05
3.33483 9.92299e-06
3.34099 9.79979e-06
3.34716 9.6944e-06
3.35334 9.58194e-06
3.35953 9.47401e-06
3.36574 9.37875e-06
3.37195 9.26601e-06
3.37818 9.18699e-06
3.38442 9.04952e-06
3.39067 8.99547e-06
3.39693 8.85029e-06
3.4032 8.80228e-06
3.40949 8.65722e-06
3.41578 8.60795e-06
3.42209 8.46499e-06
3.42841 8.41478e-06
3.43474 8.27318e-06
3.44108 8.22342e-06
3.44744 8.084e-06
3.4538 8.03635e-06
3.46018 7.90794e-06
3.46657 7.8615e-06
3.47297 7.745e-06
3.47939 7.69674e-06
3.48581 7.58023e-06
3.49225 7.5311e-06
3.4987 7.41536e-06
3.50516 7.36435e-06
3.51163 7.25012e-06
3.51811 7.19715e-06
3.52461 7.08436e-06
3.53112 7.02995e-06
3.53764 6.91971e-06
3.54417 6.86441e-06
3.55072 6.75758e-06
3.55727 6.70345e-06
3.56384 6.60711e-06
3.57042 6.55395e-06
3.57702 6.46685e-06
3.58362 6.41039e-06
3.59024 6.32653e-06
3.59687 6.26583e-06
3.60351 6.18498e-06
3.61017 6.12017e-06
3.61683 6.04347e-06
3.62351 5.97279e-06
3.6302 5.90174e-06
3.63691 5.82394e-06
3.64362 5.7609e-06
3.65035 5.67282e-06
3.65709 5.62293e-06
3.66384 5.52285e-06
3.67061 5.49429e-06
3.67739 5.40441e-06
3.68418 5.37484e-06
3.69098 5.28491e-06
3.6978 5.25461e-06
3.70463 5.16475e-06
3.71147 5.13407e-06
3.71832 5.04459e-06
3.72519 5.01293e-06
3.73207 4.92412e-06
3.73896 4.89166e-06
3.74586 4.80423e-06
3.75278 4.77175e-06
3.75971 4.68588e-06
3.76665 4.65446e-06
3.77361 4.57507e-06
3.78058 4.54497e-06
3.78756 4.47411e-06
3.79455 4.44269e-06
3.80156 4.37251e-06
3.80858 4.33972e-06
3.81561 4.27036e-06
3.82266 4.23633e-06
3.82972 4.16792e-06
3.83679 4.13225e-06
3.84387 4.06532e-06
3.85097 4.02875e-06
3.85808 3.96346e-06
3.86521 3.92496e-06
3.87234 3.86313e-06
3.87949 3.82494e-06
3.88666 3.76969e-06
3.89384 3.73256e-06
3.90103 3.68415e-06
3.90823 3.64389e-06
3.91545 3.59834e-06
3.92268 3.55353e-06
3.92992 3.51223e-06
3.93718 3.46182e-06
3.94445 3.42555e-06
3.95173 3.36433e-06
3.95903 3.33914e-06
3.96634 3.27247e-06
3.97366 3.25314e-06
3.981 3.18736e-06
3.98835 3.16884e-06
3.99572 3.10764e-06
4.0031 3.09021e-06
4.01049 3.03614e-06
4.01789 3.01805e-06
4.02531 2.96438e-06
4.03275 2.94567e-06
4.04019 2.89218e-06
4.04765 2.87291e-06
4.05513 2.8198e-06
4.06262 2.79986e-06
4.07012 2.74724e-06
4.07763 2.72681e-06
4.08516 2.67485e-06
4.09271 2.65444e-06
4.10027 2.60359e-06
4.10784 2.58364e-06
4.11542 2.53666e-06
4.12302 2.51763e-06
4.13064 2.47674e-06
4.13826 2.45696e-06
4.14591 2.41675e-06
4.15356 2.39558e-06
4.16123 2.35619e-06
4.16892 2.33378e-06
4.17661 2.29545e-06
4.18433 2.2718e-06
4.19205 2.23466e-06
4.19979 2.20949e-06
4.20755 2.17405e-06
4.21532 2.14711e-06
4.2231 2.1147e-06
4.2309 2.08698e-06
4.23871 2.0588e-06
4.24654 2.03163e-06
4.25438 2.00885e-06
4.26224 1.97735e-06
4.27011 1.95868e-06
4.278 1.91942e-06
4.2859 1.90815e-06
4.29381 1.86902e-06
4.30174 1.85743e-06
4.30968 1.81856e-06
4.31764 1.80681e-06
4.32561 1.76819e-06
4.3336 1.75638e-06
4.3416 1.71825e-06
4.34962 1.70696e-06
4.35765 1.6712e-06
4.3657 1.66083e-06
4.37376 1.63019e-06
4.38184 1.61939e-06
4.38993 1.58883e-06
4.39804 1.57749e-06
4.40616 1.54729e-06
4.41429 1.53551e-06
4.42245 1.50536e-06
4.43061 1.49328e-06
4.43879 1.46358e-06
4.44699 1.451e-06
4.4552 1.42179e-06
4.46343 1.40886e-06
4.47167 1.3806e-06
4.47993 1.3679e-06
4.4882 1.34174e-06
4.49649 1.32992e-06
4.50479 1.30781e-06
4.51311 1.29525e-06
4.52144 1.27378e-06
4.52979 1.26007e-06
4.53816 1.23942e-06
4.54654 1.22467e-06
4.55493 1.20486e-06
4.56335 1.18888e-06
4.57177 1.17046e-06
4.58021 1.15272e-06
4.58867 1.13603e-06
4.59715 1.11622e-06
4.60564 1.1022e-06
4.61414 1.0793e-06
4.62266 1.07037e-06
4.6312 1.0486e-06
4.63975 1.0426e-06
4.64832 1.0208e-06
4.6569 1.01468e-06
4.6655 9.92905e-07
4.67411 9.86538e-07
4.68275 9.64839e-07
4.69139 9.583e-07
4.70006 9.36678e-07
4.70874 9.29924e-07
4.71743 9.08593e-07
4.72614 9.01821e-07
4.73487 8.80815e-07
4.74361 8.74136e-07
4.75237 8.54357e-07
4.76115 8.48459e-07
4.76994 8.3188e-07
4.77875 8.25666e-07
4.78757 8.09246e-07
4.79641 8.0272e-07
4.80527 7.86497e-07
4.81414 7.79664e-07
4.82303 7.63555e-07
4.83194 7.56337e-07
4.84086 7.40671e-07
4.8498 7.33091e-07
4.85876 7.17737e-07
4.86773 7.09839e-07
4.87672 6.95168e-07
4.88572 6.87002e-07
4.89475 6.73654e-07
4.90378 6.66365e-07
4.91284 6.5545e-07
4.92191 6.47381e-07
4.931 6.37098e-07
4.94011 6.28234e-07
4.94923 6.18605e-07
4.95837 6.08635e-07
4.96752 6.00055e-07
4.9767 5.8843e-07
4.98589 5.81448e-07
4.99509 5.66531e-07
5.00432 5.6289e-07
5.01356 5.48138e-07
5.02282 5.44592e-07
5.03209 5.30489e-07
5.04138 5.27389e-07
5.05069 5.15956e-07
5.06002 5.12687e-07
5.06936 5.01308e-07
5.07873 4.97907e-07
5.0881 4.86535e-07
5.0975 4.83075e-07
5.10691 4.71722e-07
5.11634 4.68103e-07
5.12579 4.56854e-07
5.13526 4.53133e-07
5.14474 4.42017e-07
5.15424 4.38186e-07
5.16376 4.27252e-07
5.17329 4.2349e-07
5.18285 4.13141e-07
5.19242 4.09835e-07
5.202 4.01518e-07
5.21161 3.98018e-07
5.22123 3.89778e-07
5.23088 3.86039e-07
5.24054 3.77973e-07
5.25021 3.7402e-07
5.25991 3.6606e-07
5.26962 3.61814e-07
5.27935 3.54183e-07
5.2891 3.49636e-07
5.29887 3.42273e-07
5.30865 3.37414e-07
5.31846 3.30539e-07
5.32828 3.25353e-07
5.33812 3.19284e-07
5.34797 3.14636e-07
5.35785 3.10045e-07
5.36774 3.04715e-07
5.37765 3.00744e-07
5.38758 2.94325e-07
5.39753 2.91361e-07
5.4075 2.83795e-07
5.41749 2.81929e-07
5.42749 2.74394e-07
5.43751 2.72493e-07
5.44755 2.64975e-07
5.45761 2.63063e-07
5.46769 2.55637e-07
5.47779 2.5375e-07
5.4879 2.46552e-07
5.49804 2.44967e-07
5.50819 2.39318e-07
5.51836 2.37645e-07
5.52855 2.32032e-07
5.53876 2.30286e-07
5.54899 2.24692e-07
5.55923 2.22865e-07
5.5695 2.17311e-07
5.57979 2.1539e-07
5.59009 2.09892e-07
5.60041 2.07899e-07
5.61075 2.02483e-07
5.62111 2.00421e-07
5.63149 1.95129e-07
5.64189 1.9304e-07
5.65231 1.88012e-07
5.66275 1.86219e-07
5.67321 1.8233e-07
5.68368 1.80394e-07
5.69418 1.76612e-07
5.70469 1.74526e-07
5.71523 1.70856e-07
5.72578 1.68577e-07
5.73635 1.65062e-07
5.74695 1.62582e-07
5.75756 1.59243e-07
5.76819 1.56473e-07
5.77884 1.53442e-07
5.78951 1.50362e-07
5.8002 1.47685e-07
5.81092 1.44146e-07
5.82165 1.42173e-07
5.8324 1.38522e-07
5.84317 1.37721e-07
5.85396 1.34112e-07
5.86477 1.3328e-07
5.8756 1.29674e-07
5.88645 1.28797e-07
5.89732 1.252e-07
5.90821 1.24295e-07
5.91912 1.20713e-07
5.93005 1.19777e-07
5.941 1.16213e-07
5.95197 1.15256e-07
5.96296 1.11739e-07
5.97397 1.10802e-07
5.985 1.07387e-07
5.99605 1.06594e-07
6.00713 1.0396e-07
6.01822 1.03129e-07
6.02933 1.00565e-07
6.04047 9.97058e-08
6.05162 9.71393e-08
6.06279 9.62186e-08
6.07399 9.3697e-08
6.08521 9.27205e-08
6.09644 9.02433e-08
6.1077 8.92122e-08
6.11898 8.67761e-08
6.13028 8.56872e-08
6.1416 8.33462e-08
6.15294 8.22129e-08
6.1643 8.00246e-08
6.17569 7.90448e-08
6.18709 7.7373e-08
6.19851 7.63292e-08
6.20996 7.47827e-08
6.22143 7.3626e-08
6.23292 7.21582e-08
6.24443 7.08564e-08
6.25596 6.95224e-08
6.26751 6.80169e-08
6.27908 6.68725e-08
6.29068 6.50711e-08
6.30229 6.42317e-08
6.31393 6.20379e-08
6.32559 6.16083e-08
6.33727 5.94641e-08
6.34897 5.91038e-08
6.3607 5.74424e-08
6.37244 5.70799e-08
6.38421 5.54857e-08
6.396 5.50964e-08
6.40781 5.35113e-08
6.41964 5.3108e-08
6.4315 5.15249e-08
6.44338 5.11037e-08
6.45527 4.95208e-08
6.46719 4.90831e-08
6.47914 4.75195e-08
6.4911 4.70671e-08
6.50309 4.55292e-08
6.5151 4.50825e-08
6.52713 4.35932e-08
6.53918 4.32143e-08
6.55126 4.20611e-08
6.56335 4.16782e-08
6.57547 4.05929e-08
6.58761 4.01751e-08
6.59978 3.91063e-08
6.61197 3.86637e-08
6.62418 3.76135e-08
6.63641 3.71343e-08
6.64866 3.61119e-08
6.66094 3.55861e-08
6.67324 3.46103e-08
6.68556 3.40471e-08
6.69791 3.3116e-08
6.71028 3.25098e-08
6.72267 3.16779e-08
6.73508 3.1143e-08
6.74752 3.05266e-08
6.75998 2.99556e-08
6.77246 2.94279e-08
6.78497 2.87532e-08
6.7975 2.83176e-08
6.81005 2.73834e-08
6.82263 2.72007e-08
6.83522 2.62675e-08
6.84785 2.608e-08
6.86049 2.51499e-08
6.87316 2.4956e-08
6.88585 2.40359e-08
6.89857 2.38431e-08
6.91131 2.29441e-08
6.92407 2.27858e-08
6.93686 2.20866e-08
6.94967 2.19299e-08
6.9625 2.12805e-08
6.97536 2.1114e-08
6.98824 2.0467e-08
7.00114 2.0291e-08
7.01407 1.96483e-08
7.02702 1.94654e-08
7.04 1.88255e-08
7.053 1.86323e-08
7.06602 1.8e-08
7.07907 1.77983e-08
7.09214 1.71766e-08
7.10524 1.69719e-08
7.11836 1.63781e-08
7.1315 1.62014e-08
7.14467 1.57436e-08
7.15787 1.55662e-08
7.17108 1.51551e-08
7.18433 1.49596e-08
7.19759 1.45586e-08
7.21088 1.43482e-08
7.2242 1.39604e-08
7.23754 1.37258e-08
7.2509 1.33565e-08
7.26429 1.30948e-08
7.27771 1.27508e-08
7.29115 1.24617e-08
7.30461 1.21518e-08
7.3181 1.18187e-08
7.33161 1.15727e-08
7.34515 1.12544e-08
7.35872 1.11101e-08
7.3723 1.07493e-08
7.38592 1.06825e-08
7.39956 1.03208e-08
7.41322 1.0251e-08
7.42691 9.88919e-09
7.44062 9.81623e-09
7.45436 9.45502e-09
7.46813 9.37926e-09
7.48192 9.01927e-09
7.49574 8.94019e-09
7.50958 8.58493e-09
7.52345 8.50598e-09
7.53734 8.15913e-09
7.55126 8.09261e-09
7.5652 7.82185e-09
7.57917 7.75942e-09
7.59317 7.517e-09
7.60719 7.45021e-09
7.62124 7.20955e-09
7.63531 7.1377e-09
7.64941 6.89888e-09
7.66353 6.82276e-09
7.67769 6.58724e-09
7.69186 6.5058e-09
7.70607 6.27415e-09
7.7203 6.18628e-09
7.73455 5.96185e-09
7.74884 5.86982e-09
7.76315 5.65861e-09
7.77748 5.57922e-09
7.79184 5.41639e-09
7.80623 5.33785e-09
7.82065 5.19927e-09
7.83509 5.11192e-09
7.84956 4.98052e-09
7.86405 4.88132e-09
7.87857 4.7597e-09
7.89312 4.64633e-09
7.9077 4.53725e-09
7.9223 4.40267e-09
7.93693 4.31409e-09
7.95158 4.13749e-09
7.96627 4.09304e-09
7.98098 3.90436e-09
7.99572 3.8795e-09
8.01048 3.73118e-09
8.02527 3.70803e-09
8.04009 3.57962e-09
8.05494 3.55491e-09
8.06981 3.42673e-09
8.08472 3.40068e-09
8.09965 3.27266e-09
8.1146 3.2452e-09
8.12959 3.11733e-09
8.1446 3.08817e-09
8.15964 2.96158e-09
8.17471 2.93159e-09
8.1898 2.80561e-09
8.20492 2.77539e-09
8.22008 2.65323e-09
8.23526 2.62756e-09
8.25046 2.5316e-09
8.2657 2.50774e-09
8.28096 2.42607e-09
8.29625 2.40039e-09
8.31157 2.31972e-09
8.32692 2.29195e-09
8.3423 2.2125e-09
8.3577 2.18208e-09
8.37314 2.10436e-09
8.3886 2.0711e-09
8.40409 1.99565e-09
8.41961 1.95978e-09
8.43516 1.88761e-09
8.45073 1.84849e-09
8.46634 1.78218e-09
8.48197 1.7468e-09
8.49763 1.69769e-09
8.51333 1.6631e-09
8.52905 1.62493e-09
8.5448 1.58446e-09
8.56057 1.55147e-09
8.57638 1.50198e-09
8.59222 1.47744e-09
8.60809 1.41307e-09
8.62398 1.40278e-09
8.63991 1.33861e-09
8.65586 1.32791e-09
8.67185 1.26406e-09
8.68786 1.25334e-09
8.7039 1.1905e-09
8.71997 1.18172e-09
8.73608 1.13169e-09
8.75221 1.12389e-09
8.76837 1.08274e-09
8.78456 1.07431e-09
8.80078 1.03335e-09
8.81704 1.02442e-09
8.83332 9.83484e-10
8.84963 9.73942e-10
8.86597 9.33152e-10
8.88234 9.23031e-10
8.89874 8.82646e-10
8.91518 8.71913e-10
8.93164 8.32166e-10
8.94813 8.2103e-10
8.96466 7.82608e-10
8.98121 7.73059e-10
8.9978 7.42644e-10
9.01441 7.34181e-10
9.03106 7.0963e-10
9.04773 7.00288e-10
9.06444 6.76356e-10
9.08118 6.6599e-10
9.09795 6.4273e-10
9.11475 6.31051e-10
9.13158 6.0891e-10
9.14844 5.95807e-10
9.16534 5.74827e-10
9.18226 5.60046e-10
9.19922 5.40838e-10
9.2162 5.2381e-10
9.23322 5.07823e-10
9.25027 4.91449e-10
9.26736 4.80981e-10
9.28447 4.64106e-10
9.30161 4.5905e-10
9.31879 4.39746e-10
9.336 4.36887e-10
9.35324 4.17552e-10
9.37051 4.14513e-10
9.38781 3.95189e-10
9.40515 3.91981e-10
9.42252 3.72641e-10
9.43992 3.69268e-10
9.45735 3.50113e-10
9.47481 3.46692e-10
9.49231 3.27869e-10
9.50984 3.2498e-10
9.5274 3.09755e-10
9.54499 3.07312e-10
9.56262 2.95489e-10
9.58027 2.92846e-10
9.59797 2.81062e-10
9.61569 2.78269e-10
9.63345 2.66519e-10
9.65123 2.6349e-10
9.66906 2.51858e-10
9.68691 2.4851e-10
9.7048 2.3708e-10
9.72272 2.33525e-10
9.74067 2.22335e-10
9.75866 2.18493e-10
9.77668 2.0782e-10
9.79474 2.04379e-10
9.81282 1.95951e-10
9.83094 1.93005e-10
9.8491 1.86675e-10
9.86728 1.83342e-10
9.88551 1.77323e-10
9.90376 1.73543e-10
9.92205 1.67868e-10
9.94037 1.63458e-10
9.95873 1.58323e-10
9.97712 1.53132e-10
9.99554 1.48727e-10
10.014 1.42425e-10
10.0325 1.39143e-10
10.051 1.30698e-10
10.0696 1.29825e-10
10.0882 1.22853e-10
10.1068 1.22137e-10
10.1255 1.16966e-10
10.1442 1.16199e-10
10.1629 1.11015e-10
10.1817 1.10194e-10
10.2005 1.04998e-10
10.2193 1.0413e-10
10.2382 9.89362e-11
10.2571 9.80179e-11
10.276 9.28372e-11
10.295 9.18601e-11
10.314 8.67196e-11
10.333 8.57239e-11
10.3521 8.06756e-11
10.3712 7.98021e-11
10.3904 7.56494e-11
10.4096 7.49591e-11
10.4288 7.19411e-11
10.4481 7.11807e-11
10.4674 6.81924e-11
10.4867 6.73631e-11
10.5061 6.44017e-11
10.5255 6.34788e-11
10.5449 6.05807e-11
10.5644 5.95516e-11
10.5839 5.67293e-11
10.6034 5.55968e-11
10.623 5.28813e-11
10.6426 5.16164e-11
10.6623 4.90869e-11
10.682 4.79009e-11
10.7017 4.59257e-11
10.7214 4.49472e-11
10.7412 4.36174e-11
10.7611 4.24638e-11
10.7809 4.12792e-11
10.8008 3.98904e-11
10.8208 3.89199e-11
10.8408 3.71354e-11
10.8608 3.65369e-11
10.8809 3.44082e-11
10.9009 3.41393e-11
10.9211 3.20143e-11
10.9412 3.17412e-11
10.9614 2.96378e-11
10.9817 2.93993e-11
11.002 2.76283e-11
11.0223 2.74518e-11
11.0426 2.62229e-11
11.063 2.60275e-11
11.0835 2.48006e-11
11.1039 2.45932e-11
11.1244 2.33647e-11
11.145 2.31439e-11
11.1655 2.19167e-11
11.1862 2.16774e-11
11.2068 2.04573e-11
11.2275 2.01991e-11
11.2483 1.89901e-11
11.269 1.87197e-11
11.2898 1.75402e-11
11.3107 1.72948e-11
11.3316 1.63058e-11
11.3525 1.61196e-11
11.3735 1.54573e-11
11.3945 1.52506e-11
11.4155 1.45991e-11
11.4366 1.43658e-11
11.4577 1.3731e-11
11.4789 1.34694e-11
11.5001 1.28541e-11
11.5213 1.25566e-11
11.5426 1.19726e-11
11.5639 1.16271e-11
11.5852 1.10873e-11
11.6066 1.06946e-11
11.6281 1.02145e-11
11.6495 9.81365e-12
11.671 9.47384e-12
11.6926 9.1432e-12
11.7142 8.96685e-12
11.7358 8.50432e-12
11.7575 8.45427e-12
11.7792 7.99065e-12
11.801 7.93629e-12
11.8227 7.47227e-12
11.8446 7.41405e-12
11.8664 6.94936e-12
11.8884 6.88764e-12
11.9103 6.42405e-12
11.9323 6.35854e-12
11.9543 5.901e-12
11.9764 5.84287e-12
11.9985 5.4466e-12
12.0207 5.40656e-12
12.0429 5.15265e-12
12.0651 5.10957e-12
12.0874 4.85566e-12
12.1097 4.80811e-12
12.1321 4.55485e-12
12.1545 4.50308e-12
12.1769 4.25182e-12
12.1994 4.19494e-12
12.2219 3.94618e-12
12.2445 3.884e-12
12.2671 3.63869e-12
12.2898 3.57041e-12
12.3125 3.33391e-12
12.3352 3.26926e-12
12.358 3.0678e-12
12.3808 3.02236e-12
12.4037 2.89814e-12
12.4266 2.84521e-12
12.4495 2.72622e-12
12.4725 2.66533e-12
12.4955 2.55293e-12
12.5186 2.48133e-12
12.5417 2.37744e-12
12.5649 2.29282e-12
12.5881 2.20057e-12
12.6113 2.09784e-12
12.6346 2.02303e-12
12.658 1.89217e-12
12.6813 1.84751e-12
12.7048 1.70361e-12
12.7282 1.69509e-12
12.7517 1.60814e-12
12.7753 1.59882e-12
12.7989 1.51156e-12
12.8225 1.50143e-12
12.8462 1.41401e-12
12.8699 1.40296e-12
12.8937 1.31545e-12
12.9175 1.30363e-12
12.9413 1.21607e-12
12.9652 1.20312e-12
12.9892 1.1159e-12
13.0131 1.10254e-12
13.0372 1.01614e-12
13.0612 1.00355e-12
13.0854 9.26797e-13
13.1095 9.18746e-13
13.1337 8.73555e-13
13.158 8.64669e-13
13.1823 8.19784e-13
13.2066 8.09873e-13
13.231 7.65446e-13
13.2555 7.54376e-13
13.2799 7.10459e-13
13.3045 6.97936e-13
13.329 6.55072e-13
13.3536 6.40882e-13
13.3783 5.99287e-13
13.403 5.83505e-13
13.4277 5.43854e-13
13.4525 5.27529e-13
13.4774 4.94073e-13
13.5023 4.83391e-13
13.5272 4.64909e-13
13.5522 4.52348e-13
13.5772 4.35478e-13
13.6023 4.20158e-13
13.6274 4.05674e-13
13.6526 3.86334e-13
13.6778 3.75557e-13
13.703 3.47726e-13
13.7283 3.45173e-13
13.7537 3.17319e-13
13.7791 3.14638e-13
13.8045 2.8689e-13
13.83 2.84343e-13
13.8556 2.58843e-13
13.8811 2.57393e-13
13.9068 2.43298e-13
13.9325 2.41711e-13
13.9582 2.27573e-13
13.984 2.25794e-13
14.0098 2.11685e-13
14.0357 2.09751e-13
14.0616 1.95607e-13
14.0875 1.93495e-13
14.1136 1.79401e-13
14.1396 1.77079e-13
14.1657 1.63074e-13
14.1919 1.60633e-13
14.2181 1.4673e-13
14.2443 1.44314e-13
14.2706 1.31599e-13
14.297 1.3015e-13
14.3234 1.23422e-13
14.3499 1.21786e-13
14.3763 1.15137e-13
14.4029 1.13259e-13
14.4295 1.06777e-13
14.4561 1.04615e-13
14.4828 9.83124e-14
14.5096 9.58559e-14
14.5364 8.97664e-14
14.5632 8.69224e-14
14.5901 8.11813e-14
14.617 7.78326e-14
14.644 7.25908e-14
14.6711 6.88461e-14
14.6982 6.46524e-14
14.7253 6.22634e-14
14.7525 6.04259e-14
14.7797 5.73289e-14
14.807 5.61428e-14
14.8344 5.21363e-14
14.8618 5.1813e-14
14.8892 4.77936e-14
14.9167 4.74361e-14
14.9443 4.34059e-14
14.9719 4.30177e-14
14.9995 3.8985e-14
15.0272 3.85582e-14
15.055 3.45488e-14
15.0828 3.41298e-14
15.1106 3.03015e-14
15.1385 3.00917e-14
15.1665 2.81815e-14
15.1945 2.79451e-14
15.2225 2.60356e-14
15.2506 2.57803e-14
15.2788 2.38678e-14
15.307 2.35838e-14
15.3353 2.16776e-14
15.3636 2.1358e-14
15.392 1.94622e-14
15.4204 1.91078e-14
15.4489 1.72328e-14
15.4774 1.6828e-14
15.506 1.49951e-14
15.5346 1.45749e-14
15.5633 1.28665e-14
15.592 1.26959e-14
15.6208 1.20695e-14
15.6497 1.18703e-14
15.6786 1.12632e-14
15.7075 1.1025e-14
15.7365 1.04445e-14
15.7656 1.01622e-14
15.7947 9.61159e-15
15.8239 9.25655e-15
15.8531 8.74917e-15
15.8824 8.30561e-15
15.9117 7.83049e-15
15.9411 7.17671e-15
15.9705 6.45103e-15
16 0
