# 1:pT 2:PhotonSpectrum=dN/d^2xT d^2pT dy
0.01 50.9487
0.0100185 50.8564
0.010037 50.7241
0.0100555 50.6288
0.0100741 50.4953
0.0100927 50.3971
0.0101113 50.2643
0.01013 50.1632
0.0101487 50.0297
0.0101674 49.9248
0.0101862 49.7886
0.010205 49.6808
0.0102239 49.5437
0.0102427 49.4334
0.0102617 49.2929
0.0102806 49.177
0.0102996 49.0322
0.0103186 48.9088
0.0103377 48.7492
0.0103567 48.6259
0.0103759 48.4664
0.010395 48.3418
0.0104142 48.1838
0.0104335 48.0548
0.0104527 47.8991
0.010472 47.7713
0.0104914 47.6169
0.0105107 47.4867
0.0105301 47.3362
0.0105496 47.2026
0.0105691 47.0537
0.0105886 46.9206
0.0106081 46.7763
0.0106277 46.6442
0.0106474 46.5051
0.010667 46.3689
0.0106867 46.2336
0.0107065 46.0956
0.0107262 45.963
0.010746 45.8201
0.0107659 45.6913
0.0107858 45.5423
0.0108057 45.421
0.0108256 45.2595
0.0108456 45.1503
0.0108656 44.9915
0.0108857 44.8828
0.0109058 44.7234
0.0109259 44.6169
0.0109461 44.4662
0.0109663 44.3568
0.0109866 44.208
0.0110069 44.0979
0.0110272 43.9487
0.0110476 43.8383
0.011068 43.6906
0.0110884 43.5799
0.0111089 43.4322
0.0111294 43.3204
0.0111499 43.1732
0.0111705 43.0617
0.0111912 42.9164
0.0112118 42.8041
0.0112325 42.6624
0.0112533 42.551
0.0112741 42.4145
0.0112949 42.3008
0.0113157 42.1651
0.0113366 42.0514
0.0113576 41.9182
0.0113785 41.8024
0.0113995 41.671
0.0114206 41.5537
0.0114417 41.4215
0.0114628 41.3034
0.011484 41.1758
0.0115052 41.0558
0.0115264 40.9303
0.0115477 40.8084
0.011569 40.6892
0.0115904 40.5667
0.0116118 40.4528
0.0116332 40.3264
0.0116547 40.2163
0.0116762 40.0793
0.0116978 39.9814
0.0117194 39.8403
0.0117411 39.7447
0.0117627 39.6047
0.0117845 39.509
0.0118062 39.3695
0.011828 39.2731
0.0118499 39.1368
0.0118717 39.039
0.0118937 38.9034
0.0119156 38.8069
0.0119376 38.6775
0.0119597 38.5808
0.0119818 38.4534
0.0120039 38.355
0.0120261 38.2269
0.0120483 38.1289
0.0120705 38.001
0.0120928 37.903
0.0121151 37.7761
0.0121375 37.6772
0.0121599 37.5516
0.0121824 37.4499
0.0122049 37.3268
0.0122274 37.2267
0.01225 37.1066
0.0122726 37.0056
0.0122953 36.8904
0.012318 36.7877
0.0123407 36.6745
0.0123635 36.5712
0.0123863 36.4587
0.0124092 36.3544
0.0124321 36.2432
0.0124551 36.1359
0.0124781 36.029
0.0125011 35.9197
0.0125242 35.8144
0.0125473 35.7015
0.0125705 35.6006
0.0125937 35.4841
0.012617 35.3907
0.0126403 35.2669
0.0126636 35.1839
0.012687 35.0622
0.0127104 34.978
0.0127339 34.8569
0.0127574 34.771
0.012781 34.6514
0.0128046 34.5648
0.0128282 34.4458
0.0128519 34.3592
0.0128756 34.2405
0.0128994 34.1532
0.0129232 34.0364
0.0129471 33.9498
0.012971 33.8344
0.012995 33.7478
0.0130189 33.6356
0.013043 33.5489
0.0130671 33.4386
0.0130912 33.3517
0.0131154 33.2423
0.0131396 33.1538
0.0131639 33.0463
0.0131882 32.9559
0.0132125 32.8479
0.0132369 32.7594
0.0132614 32.6522
0.0132859 32.5623
0.0133104 32.4579
0.013335 32.3664
0.0133596 32.2635
0.0133843 32.1731
0.013409 32.0752
0.0134337 31.9843
0.0134585 31.8878
0.0134834 31.7943
0.0135083 31.7006
0.0135332 31.6041
0.0135582 31.5137
0.0135833 31.4133
0.0136083 31.3261
0.0136335 31.219
0.0136587 31.1399
0.0136839 31.0286
0.0137091 30.9541
0.0137345 30.8435
0.0137598 30.7698
0.0137852 30.6632
0.0138107 30.5893
0.0138362 30.4854
0.0138617 30.4093
0.0138873 30.3052
0.013913 30.2289
0.0139387 30.1261
0.0139644 30.0495
0.0139902 29.9475
0.014016 29.8695
0.0140419 29.7683
0.0140678 29.6915
0.0140938 29.5894
0.0141198 29.5131
0.0141459 29.4134
0.014172 29.3376
0.0141982 29.2414
0.0142244 29.1641
0.0142507 29.0699
0.014277 28.993
0.0143034 28.9002
0.0143298 28.8211
0.0143563 28.7295
0.0143828 28.6489
0.0144093 28.5594
0.0144359 28.4772
0.0144626 28.3879
0.0144893 28.3061
0.0145161 28.2189
0.0145429 28.1354
0.0145697 28.051
0.0145966 27.9676
0.0146236 27.8867
0.0146506 27.8011
0.0146776 27.7236
0.0147047 27.6345
0.0147319 27.56
0.0147591 27.4624
0.0147863 27.397
0.0148136 27.2997
0.014841 27.2332
0.0148684 27.1367
0.0148959 27.0697
0.0149234 26.9749
0.0149509 26.9072
0.0149785 26.8136
0.0150062 26.7466
0.0150339 26.6556
0.0150617 26.5893
0.0150895 26.5002
0.0151173 26.4334
0.0151453 26.3447
0.0151732 26.2768
0.0152012 26.1888
0.0152293 26.12
0.0152574 26.0321
0.0152856 25.9639
0.0153138 25.8772
0.0153421 25.8084
0.0153705 25.7232
0.0153988 25.653
0.0154273 25.5689
0.0154558 25.5
0.0154843 25.4181
0.0155129 25.3491
0.0155415 25.2693
0.0155702 25.1989
0.015599 25.1199
0.0156278 25.0487
0.0156567 24.9705
0.0156856 24.8983
0.0157145 24.8217
0.0157435 24.7474
0.0157726 24.6735
0.0158017 24.5968
0.0158309 24.5256
0.0158602 24.447
0.0158894 24.3792
0.0159188 24.2973
0.0159482 24.2361
0.0159776 24.1516
0.0160071 24.0936
0.0160367 24.0094
0.0160663 23.9514
0.016096 23.8674
0.0161257 23.8093
0.0161555 23.7268
0.0161853 23.6667
0.0162152 23.5847
0.0162451 23.5246
0.0162751 23.443
0.0163052 23.3833
0.0163353 23.303
0.0163655 23.2433
0.0163957 23.1656
0.016426 23.1067
0.0164563 23.0294
0.0164867 22.97
0.0165171 22.8932
0.0165476 22.8333
0.0165782 22.7575
0.0166088 22.6969
0.0166395 22.6213
0.0166702 22.5603
0.016701 22.4866
0.0167318 22.4242
0.0167627 22.3517
0.0167937 22.2884
0.0168247 22.218
0.0168558 22.1552
0.0168869 22.0858
0.0169181 22.0236
0.0169493 21.9565
0.0169806 21.8923
0.017012 21.8268
0.0170434 21.7612
0.0170748 21.6973
0.0171064 21.6297
0.017138 21.5681
0.0171696 21.4973
0.0172013 21.4386
0.0172331 21.361
0.0172649 21.31
0.0172968 21.2333
0.0173287 21.1822
0.0173607 21.1077
0.0173928 21.0565
0.0174249 20.9844
0.0174571 20.9326
0.0174893 20.8607
0.0175216 20.808
0.017554 20.7368
0.0175864 20.684
0.0176189 20.6132
0.0176514 20.5603
0.017684 20.4897
0.0177166 20.4363
0.0177494 20.3667
0.0177821 20.3132
0.017815 20.2439
0.0178479 20.1915
0.0178808 20.1243
0.0179138 20.0722
0.0179469 20.0069
0.0179801 19.9532
0.0180133 19.8882
0.0180465 19.8346
0.0180799 19.7706
0.0181132 19.7159
0.0181467 19.6528
0.0181802 19.5968
0.0182138 19.5342
0.0182474 19.4782
0.0182811 19.4168
0.0183149 19.3606
0.0183487 19.3012
0.0183826 19.2434
0.0184165 19.1868
0.0184505 19.1287
0.0184846 19.0745
0.0185187 19.0145
0.0185529 18.9614
0.0185872 18.8985
0.0186215 18.8493
0.0186559 18.7821
0.0186903 18.7363
0.0187248 18.6703
0.0187594 18.6241
0.0187941 18.5578
0.0188288 18.5121
0.0188635 18.4474
0.0188984 18.4008
0.0189333 18.3376
0.0189682 18.2918
0.0190033 18.2297
0.0190384 18.1837
0.0190735 18.1223
0.0191087 18.0757
0.019144 18.0145
0.0191794 17.9682
0.0192148 17.9066
0.0192503 17.8599
0.0192858 17.7993
0.0193214 17.7522
0.0193571 17.6922
0.0193929 17.6447
0.0194287 17.586
0.0194645 17.5382
0.0195005 17.481
0.0195365 17.4335
0.0195726 17.3783
0.0196087 17.3295
0.0196449 17.2756
0.0196812 17.2265
0.0197175 17.1721
0.019754 17.1224
0.0197904 17.0693
0.019827 17.0186
0.0198636 16.9664
0.0199003 16.915
0.019937 16.8646
0.0199738 16.8115
0.0200107 16.7635
0.0200477 16.7091
0.0200847 16.6634
0.0201218 16.6047
0.0201589 16.5655
0.0201962 16.5068
0.0202335 16.4672
0.0202708 16.4089
0.0203082 16.3682
0.0203457 16.311
0.0203833 16.2702
0.020421 16.2133
0.0204587 16.1723
0.0204964 16.1156
0.0205343 16.0742
0.0205722 16.0186
0.0206102 15.978
0.0206483 15.9234
0.0206864 15.8826
0.0207246 15.8298
0.0207629 15.7889
0.0208012 15.7358
0.0208396 15.6951
0.0208781 15.6422
0.0209166 15.6013
0.0209553 15.5489
0.020994 15.5063
0.0210327 15.455
0.0210716 15.4129
0.0211105 15.362
0.0211495 15.3192
0.0211885 15.2696
0.0212277 15.2262
0.0212669 15.1782
0.0213061 15.1355
0.0213455 15.0892
0.0213849 15.0458
0.0214244 14.9999
0.0214639 14.9552
0.0215036 14.9105
0.0215433 14.8647
0.0215831 14.8214
0.0216229 14.7744
0.0216628 14.7324
0.0217028 14.6826
0.0217429 14.6438
0.0217831 14.5909
0.0218233 14.5555
0.0218636 14.5041
0.021904 14.469
0.0219444 14.4185
0.0219849 14.3836
0.0220255 14.3338
0.0220662 14.2975
0.022107 14.2486
0.0221478 14.2123
0.0221887 14.163
0.0222297 14.1268
0.0222707 14.078
0.0223118 14.0412
0.022353 13.9927
0.0223943 13.9565
0.0224357 13.908
0.0224771 13.8721
0.0225186 13.8249
0.0225602 13.7889
0.0226018 13.7434
0.0226436 13.7071
0.0226854 13.6623
0.0227273 13.6249
0.0227692 13.5803
0.0228113 13.5428
0.0228534 13.499
0.0228956 13.4607
0.0229379 13.4177
0.0229803 13.3789
0.0230227 13.3357
0.0230652 13.297
0.0231078 13.2552
0.0231505 13.2163
0.0231932 13.1757
0.023236 13.1366
0.023279 13.0981
0.0233219 13.0576
0.023365 13.0203
0.0234082 12.9783
0.0234514 12.9422
0.0234947 12.8963
0.0235381 12.8647
0.0235815 12.8183
0.0236251 12.7869
0.0236687 12.7408
0.0237124 12.7093
0.0237562 12.6642
0.0238001 12.6328
0.023844 12.5886
0.0238881 12.5574
0.0239322 12.5143
0.0239764 12.4826
0.0240206 12.4401
0.024065 12.4085
0.0241094 12.3663
0.0241539 12.334
0.0241985 12.2918
0.0242432 12.2597
0.024288 12.2176
0.0243329 12.1855
0.0243778 12.1439
0.0244228 12.1116
0.0244679 12.0705
0.0245131 12.0375
0.0245583 11.9976
0.0246037 11.9657
0.0246491 11.9274
0.0246946 11.8946
0.0247402 11.8569
0.0247859 11.8233
0.0248317 11.7858
0.0248776 11.7519
0.0249235 11.7151
0.0249695 11.6806
0.0250156 11.6443
0.0250618 11.6091
0.0251081 11.5737
0.0251545 11.5381
0.0252009 11.5039
0.0252475 11.4674
0.0252941 11.4346
0.0253408 11.3975
0.0253876 11.3673
0.0254345 11.3269
0.0254814 11.2994
0.0255285 11.2596
0.0255756 11.232
0.0256229 11.1917
0.0256702 11.164
0.0257176 11.1246
0.0257651 11.0964
0.0258126 11.0573
0.0258603 11.0291
0.0259081 10.9904
0.0259559 10.9623
0.0260038 10.9243
0.0260518 10.8967
0.0261 10.8601
0.0261482 10.832
0.0261964 10.7954
0.0262448 10.7673
0.0262933 10.7309
0.0263418 10.7024
0.0263905 10.6665
0.0264392 10.6378
0.026488 10.6022
0.0265369 10.5729
0.0265859 10.5376
0.026635 10.5084
0.0266842 10.4739
0.0267335 10.4445
0.0267829 10.4108
0.0268323 10.3817
0.0268819 10.3488
0.0269315 10.3194
0.0269812 10.2874
0.0270311 10.2572
0.027081 10.2255
0.027131 10.1946
0.0271811 10.1641
0.0272313 10.1321
0.0272816 10.1025
0.0273319 10.0694
0.0273824 10.0409
0.027433 10.0053
0.0274836 9.98017
0.0275344 9.94373
0.0275852 9.91987
0.0276362 9.8851
0.0276872 9.86115
0.0277383 9.82642
0.0277896 9.80228
0.0278409 9.7681
0.0278923 9.74334
0.0279438 9.70917
0.0279954 9.68427
0.0280471 9.65055
0.0280989 9.62573
0.0281508 9.59239
0.0282027 9.56718
0.0282548 9.53398
0.028307 9.50906
0.0283593 9.47627
0.0284116 9.45195
0.0284641 9.42044
0.0285167 9.39587
0.0285693 9.36454
0.0286221 9.33918
0.0286749 9.30831
0.0287279 9.28301
0.0287809 9.25259
0.0288341 9.22659
0.0288873 9.19664
0.0289407 9.17015
0.0289941 9.14072
0.0290477 9.11408
0.0291013 9.08499
0.029155 9.05843
0.0292089 9.03008
0.0292628 9.0036
0.0293168 8.97676
0.029371 8.94953
0.0294252 8.92322
0.0294796 8.895
0.029534 8.86947
0.0295885 8.84022
0.0296432 8.8161
0.0296979 8.78387
0.0297527 8.76254
0.0298077 8.73067
0.0298627 8.70913
0.0299179 8.67761
0.0299731 8.6559
0.0300285 8.62508
0.0300839 8.60342
0.0301395 8.57385
0.0301951 8.5523
0.0302509 8.5228
0.0303068 8.50094
0.0303627 8.47182
0.0304188 8.45001
0.030475 8.42098
0.0305312 8.39878
0.0305876 8.36985
0.0306441 8.34759
0.0307007 8.31887
0.0307574 8.29665
0.0308142 8.26849
0.0308711 8.24613
0.0309281 8.21859
0.0309852 8.1962
0.0310424 8.16947
0.0310997 8.1474
0.0311572 8.1209
0.0312147 8.09842
0.0312723 8.07224
0.0313301 8.04927
0.0313879 8.02321
0.0314459 7.99999
0.031504 7.97457
0.0315621 7.95106
0.0316204 7.9261
0.0316788 7.90189
0.0317373 7.87784
0.0317959 7.85313
0.0318546 7.83025
0.0319135 7.80532
0.0319724 7.78365
0.0320314 7.757
0.0320906 7.73736
0.0321498 7.70954
0.0322092 7.6907
0.0322687 7.66297
0.0323283 7.64406
0.032388 7.61658
0.0324478 7.59759
0.0325077 7.57057
0.0325677 7.55112
0.0326279 7.5242
0.0326881 7.50489
0.0327485 7.47846
0.0328089 7.45953
0.0328695 7.43416
0.0329302 7.41487
0.032991 7.38981
0.033052 7.37063
0.033113 7.34515
0.0331741 7.32599
0.0332354 7.30092
0.0332968 7.28147
0.0333583 7.25669
0.0334199 7.23686
0.0334816 7.2123
0.0335434 7.19251
0.0336053 7.16854
0.0336674 7.14845
0.0337296 7.12499
0.0337919 7.10497
0.0338543 7.08258
0.0339168 7.06223
0.0339794 7.03996
0.0340421 7.01951
0.034105 6.99762
0.034168 6.97666
0.0342311 6.95527
0.0342943 6.9338
0.0343576 6.91305
0.0344211 6.89095
0.0344846 6.87085
0.0345483 6.84782
0.0346121 6.82892
0.034676 6.80377
0.0347401 6.78753
0.0348042 6.76339
0.0348685 6.74698
0.0349329 6.72315
0.0349974 6.70655
0.035062 6.68303
0.0351267 6.66606
0.0351916 6.64267
0.0352566 6.62565
0.0353217 6.60232
0.0353869 6.58537
0.0354523 6.56223
0.0355177 6.54524
0.0355833 6.52232
0.035649 6.50517
0.0357149 6.48266
0.0357808 6.46567
0.0358469 6.44375
0.0359131 6.42695
0.0359794 6.40541
0.0360458 6.38842
0.0361124 6.36712
0.0361791 6.34963
0.0362459 6.32844
0.0363128 6.31089
0.0363799 6.28996
0.0364471 6.27219
0.0365144 6.25153
0.0365818 6.23355
0.0366493 6.21328
0.036717 6.19525
0.0367848 6.1754
0.0368527 6.15761
0.0369208 6.13848
0.036989 6.12016
0.0370573 6.10185
0.0371257 6.08296
0.0371943 6.06511
0.0372629 6.04554
0.0373318 6.02834
0.0374007 6.00752
0.0374698 5.99174
0.037539 5.96976
0.0376083 5.95497
0.0376777 5.93329
0.0377473 5.91859
0.037817 5.89712
0.0378868 5.88267
0.0379568 5.86216
0.0380269 5.84737
0.0380971 5.82713
0.0381675 5.81226
0.0382379 5.79199
0.0383085 5.77714
0.0383793 5.75707
0.0384502 5.74191
0.0385212 5.72203
0.0385923 5.707
0.0386636 5.68697
0.038735 5.6719
0.0388065 5.65212
0.0388781 5.637
0.0389499 5.61762
0.0390219 5.60263
0.0390939 5.5839
0.0391661 5.56882
0.0392384 5.55064
0.0393109 5.5352
0.0393835 5.51723
0.0394562 5.50144
0.0395291 5.48381
0.0396021 5.46789
0.0396752 5.45023
0.0397485 5.43421
0.0398219 5.41691
0.0398954 5.40058
0.0399691 5.38377
0.0400429 5.36709
0.0401168 5.35096
0.0401909 5.33418
0.0402651 5.31885
0.0403395 5.30148
0.040414 5.28685
0.0404886 5.26766
0.0405633 5.2549
0.0406383 5.23581
0.0407133 5.22291
0.0407885 5.2039
0.0408638 5.19081
0.0409393 5.17212
0.0410149 5.15899
0.0410906 5.14046
0.0411665 5.12716
0.0412425 5.10895
0.0413186 5.09589
0.0413949 5.07828
0.0414714 5.06536
0.041548 5.04795
0.0416247 5.03475
0.0417016 5.01758
0.0417786 5.00426
0.0418557 4.98702
0.041933 4.97383
0.0420104 4.95669
0.042088 4.94338
0.0421657 4.92652
0.0422436 4.91286
0.0423216 4.89617
0.0423998 4.8827
0.042478 4.86636
0.0425565 4.85284
0.0426351 4.83712
0.0427138 4.82336
0.0427927 4.80797
0.0428717 4.79409
0.0429509 4.77887
0.0430302 4.76488
0.0431096 4.74995
0.0431892 4.73532
0.043269 4.72088
0.0433489 4.70596
0.0434289 4.69192
0.0435091 4.67659
0.0435895 4.663
0.04367 4.64694
0.0437506 4.63458
0.0438314 4.61779
0.0439124 4.60645
0.0439934 4.59027
0.0440747 4.57886
0.0441561 4.56243
0.0442376 4.55103
0.0443193 4.53495
0.0444011 4.5232
0.0444831 4.50723
0.0445653 4.49556
0.0446476 4.47948
0.04473 4.4679
0.0448126 4.45206
0.0448954 4.44036
0.0449783 4.4247
0.0450613 4.41326
0.0451445 4.39793
0.0452279 4.38654
0.0453114 4.37167
0.0453951 4.36001
0.0454789 4.34525
0.0455629 4.33346
0.045647 4.31886
0.0457313 4.30685
0.0458158 4.29238
0.0459004 4.28033
0.0459851 4.26607
0.0460701 4.25383
0.0461551 4.23991
0.0462404 4.22751
0.0463257 4.21373
0.0464113 4.20148
0.046497 4.18826
0.0465829 4.17588
0.0466689 4.16302
0.0467551 4.15035
0.0468414 4.13787
0.0469279 4.12472
0.0470145 4.11271
0.0471014 4.09903
0.0471883 4.0874
0.0472755 4.07229
0.0473628 4.06236
0.0474502 4.0473
0.0475379 4.03733
0.0476256 4.02251
0.0477136 4.01243
0.0478017 3.99822
0.04789 3.98821
0.0479784 3.97432
0.048067 3.96417
0.0481558 3.95025
0.0482447 3.93999
0.0483338 3.92627
0.048423 3.91606
0.0485124 3.90227
0.048602 3.89189
0.0486918 3.87829
0.0487817 3.86795
0.0488718 3.85435
0.048962 3.84412
0.0490524 3.83065
0.049143 3.82054
0.0492338 3.80751
0.0493247 3.79716
0.0494158 3.78454
0.049507 3.77423
0.0495984 3.76167
0.04969 3.75112
0.0497818 3.7388
0.0498737 3.72796
0.0499658 3.71584
0.0500581 3.70496
0.0501505 3.69308
0.0502431 3.68204
0.0503359 3.67029
0.0504288 3.659
0.050522 3.64771
0.0506153 3.63641
0.0507087 3.62563
0.0508024 3.61416
0.0508962 3.6038
0.0509902 3.5917
0.0510843 3.58198
0.0511786 3.56893
0.0512732 3.56004
0.0513678 3.54718
0.0514627 3.53827
0.0515577 3.52531
0.0516529 3.51646
0.0517483 3.50372
0.0518439 3.49466
0.0519396 3.48212
0.0520355 3.47315
0.0521316 3.46088
0.0522279 3.45202
0.0523243 3.44012
0.0524209 3.43111
0.0525177 3.41928
0.0526147 3.41029
0.0527119 3.39836
0.0528092 3.38936
0.0529067 3.37756
0.0530044 3.3684
0.0531023 3.35676
0.0532004 3.3476
0.0532986 3.33615
0.053397 3.3268
0.0534956 3.31547
0.0535944 3.30622
0.0536934 3.29536
0.0537925 3.28608
0.0538919 3.27556
0.0539914 3.26612
0.0540911 3.2555
0.054191 3.24599
0.054291 3.23565
0.0543913 3.22599
0.0544917 3.2158
0.0545924 3.20585
0.0546932 3.19603
0.0547942 3.18579
0.0548954 3.17633
0.0549967 3.16568
0.0550983 3.15667
0.0552 3.14532
0.055302 3.13754
0.0554041 3.12624
0.0555064 3.11856
0.0556089 3.1073
0.0557116 3.09958
0.0558144 3.08844
0.0559175 3.08058
0.0560208 3.0696
0.0561242 3.06166
0.0562279 3.05063
0.0563317 3.04265
0.0564357 3.0318
0.0565399 3.02385
0.0566443 3.01317
0.0567489 3.00518
0.0568537 2.9947
0.0569587 2.98684
0.0570639 2.97661
0.0571693 2.96877
0.0572748 2.95856
0.0573806 2.95061
0.0574866 2.94047
0.0575927 2.93231
0.0576991 2.92231
0.0578056 2.91419
0.0579124 2.90432
0.0580193 2.89606
0.0581264 2.8864
0.0582338 2.87798
0.0583413 2.8685
0.058449 2.86012
0.058557 2.85094
0.0586651 2.84258
0.0587734 2.8337
0.058882 2.82512
0.0589907 2.81645
0.0590996 2.80769
0.0592088 2.79922
0.0593181 2.79017
0.0594276 2.78194
0.0595374 2.77253
0.0596473 2.76481
0.0597575 2.75453
0.0598678 2.74766
0.0599784 2.73752
0.0600891 2.73071
0.0602001 2.72068
0.0603112 2.71394
0.0604226 2.70439
0.0605342 2.69749
0.060646 2.68801
0.060758 2.68106
0.0608702 2.67156
0.0609826 2.66457
0.0610952 2.65518
0.061208 2.64818
0.061321 2.63882
0.0614343 2.63175
0.0615477 2.62241
0.0616614 2.61537
0.0617752 2.60618
0.0618893 2.59916
0.0620036 2.59022
0.0621181 2.58325
0.0622328 2.57463
0.0623477 2.56748
0.0624628 2.55886
0.0625782 2.5517
0.0626937 2.54322
0.0628095 2.53603
0.0629255 2.5276
0.0630417 2.52022
0.0631581 2.51186
0.0632747 2.50446
0.0633916 2.49633
0.0635086 2.48879
0.0636259 2.48084
0.0637434 2.47319
0.0638611 2.46566
0.063979 2.45796
0.0640972 2.45075
0.0642155 2.44278
0.0643341 2.43575
0.0644529 2.42714
0.0645719 2.42088
0.0646912 2.41193
0.0648106 2.40592
0.0649303 2.39701
0.0650502 2.39099
0.0651703 2.38216
0.0652907 2.37613
0.0654113 2.36745
0.065532 2.36132
0.0656531 2.35281
0.0657743 2.34676
0.0658957 2.33861
0.0660174 2.33255
0.0661393 2.32445
0.0662615 2.31825
0.0663838 2.31016
0.0665064 2.30397
0.0666292 2.29587
0.0667523 2.28975
0.0668755 2.28168
0.066999 2.27552
0.0671227 2.26756
0.0672467 2.2612
0.0673709 2.25341
0.0674953 2.24719
0.0676199 2.23961
0.0677448 2.23333
0.0678699 2.22605
0.0679952 2.21965
0.0681208 2.21246
0.0682466 2.20597
0.0683726 2.1988
0.0684988 2.19227
0.0686253 2.1852
0.0687521 2.17851
0.068879 2.17169
0.0690062 2.16483
0.0691336 2.15819
0.0692613 2.15111
0.0693892 2.14472
0.0695173 2.13747
0.0696457 2.13153
0.0697743 2.12381
0.0699031 2.11858
0.0700322 2.1109
0.0701616 2.10559
0.0702911 2.09795
0.0704209 2.09259
0.070551 2.08503
0.0706812 2.07958
0.0708118 2.07204
0.0709425 2.06662
0.0710735 2.05913
0.0712048 2.05371
0.0713362 2.04634
0.071468 2.04095
0.0716 2.03371
0.0717322 2.02833
0.0718646 2.02135
0.0719973 2.01593
0.0721303 2.00898
0.0722635 2.00354
0.0723969 1.99666
0.0725306 1.99118
0.0726645 1.98435
0.0727987 1.97875
0.0729332 1.97194
0.0730678 1.9664
0.0732028 1.95968
0.0733379 1.95407
0.0734734 1.94748
0.073609 1.94181
0.073745 1.93536
0.0738812 1.92979
0.0740176 1.92362
0.0741543 1.91794
0.0742912 1.91186
0.0744284 1.90599
0.0745658 1.90013
0.0747035 1.89406
0.0748415 1.88835
0.0749797 1.88209
0.0751181 1.87659
0.0752568 1.86989
0.0753958 1.86492
0.075535 1.85792
0.0756745 1.85324
0.0758143 1.84635
0.0759543 1.84178
0.0760945 1.83516
0.076235 1.83057
0.0763758 1.82405
0.0765168 1.81931
0.0766581 1.81278
0.0767997 1.80803
0.0769415 1.80158
0.0770836 1.79682
0.0772259 1.79041
0.0773685 1.78558
0.0775114 1.77923
0.0776545 1.77446
0.0777979 1.76808
0.0779416 1.76334
0.0780855 1.75712
0.0782297 1.75243
0.0783742 1.74645
0.0785189 1.74168
0.0786639 1.73571
0.0788092 1.73091
0.0789547 1.72506
0.0791005 1.72015
0.0792466 1.71435
0.0793929 1.70935
0.0795395 1.70369
0.0796864 1.69861
0.0798335 1.69298
0.0799809 1.68791
0.0801286 1.68237
0.0802766 1.67721
0.0804248 1.6719
0.0805734 1.6668
0.0807221 1.66175
0.0808712 1.65644
0.0810205 1.65152
0.0811702 1.646
0.08132 1.64132
0.0814702 1.63522
0.0816207 1.63112
0.0817714 1.62505
0.0819224 1.62092
0.0820737 1.6149
0.0822252 1.61074
0.0823771 1.60481
0.0825292 1.60063
0.0826816 1.59478
0.0828342 1.59065
0.0829872 1.58506
0.0831405 1.58095
0.083294 1.57537
0.0834478 1.57123
0.0836019 1.56567
0.0837563 1.56146
0.0839109 1.55595
0.0840659 1.5517
0.0842211 1.54618
0.0843766 1.54197
0.0845325 1.53652
0.0846885 1.5323
0.0848449 1.52695
0.0850016 1.52264
0.0851586 1.51737
0.0853158 1.51316
0.0854734 1.50812
0.0856312 1.50384
0.0857893 1.49884
0.0859478 1.49449
0.0861065 1.48954
0.0862655 1.48516
0.0864248 1.48025
0.0865844 1.47583
0.0867442 1.47102
0.0869044 1.46642
0.0870649 1.46181
0.0872257 1.45709
0.0873868 1.45262
0.0875481 1.4478
0.0877098 1.44355
0.0878718 1.4386
0.088034 1.43473
0.0881966 1.42948
0.0883594 1.42585
0.0885226 1.42066
0.0886861 1.41702
0.0888498 1.41179
0.0890139 1.40817
0.0891783 1.40303
0.089343 1.39931
0.0895079 1.3942
0.0896732 1.39049
0.0898388 1.3854
0.0900047 1.38174
0.0901709 1.37675
0.0903374 1.3731
0.0905043 1.36832
0.0906714 1.36469
0.0908388 1.35989
0.0910066 1.35623
0.0911746 1.35147
0.091343 1.34777
0.0915116 1.34306
0.0916806 1.33931
0.0918499 1.33464
0.0920195 1.33085
0.0921895 1.32626
0.0923597 1.32243
0.0925303 1.31793
0.0927011 1.31405
0.0928723 1.30967
0.0930438 1.30588
0.0932156 1.30159
0.0933877 1.29776
0.0935602 1.29358
0.093733 1.28964
0.0939061 1.28555
0.0940795 1.28152
0.0942532 1.27754
0.0944272 1.27339
0.0946016 1.26955
0.0947763 1.26521
0.0949513 1.26153
0.0951266 1.25675
0.0953023 1.25361
0.0954783 1.24887
0.0956546 1.24576
0.0958312 1.24121
0.0960082 1.23804
0.0961855 1.23358
0.0963631 1.23039
0.0965411 1.22595
0.0967193 1.22269
0.0968979 1.21828
0.0970769 1.21502
0.0972561 1.21063
0.0974357 1.2074
0.0976156 1.20301
0.0977959 1.19973
0.0979765 1.19543
0.0981574 1.19213
0.0983387 1.18785
0.0985203 1.18468
0.0987022 1.18054
0.0988845 1.17734
0.0990671 1.17327
0.09925 1.16997
0.0994333 1.16593
0.0996169 1.16264
0.0998008 1.15864
0.0999851 1.15531
0.10017 1.15137
0.100355 1.14793
0.10054 1.14406
0.100726 1.14062
0.100912 1.13682
0.101098 1.13336
0.101285 1.12968
0.101472 1.1262
0.101659 1.12269
0.101847 1.11913
0.102035 1.11574
0.102223 1.11208
0.102412 1.10875
0.102601 1.10489
0.102791 1.10183
0.102981 1.09767
0.103171 1.09484
0.103361 1.09077
0.103552 1.08793
0.103743 1.08383
0.103935 1.08102
0.104127 1.07703
0.104319 1.07419
0.104512 1.07035
0.104705 1.06754
0.104898 1.06371
0.105092 1.06091
0.105286 1.05711
0.10548 1.05426
0.105675 1.05047
0.10587 1.04763
0.106066 1.04385
0.106262 1.041
0.106458 1.03727
0.106654 1.03438
0.106851 1.03069
0.107049 1.02782
0.107246 1.02421
0.107444 1.02131
0.107643 1.01782
0.107841 1.01494
0.108041 1.01152
0.10824 1.00859
0.10844 1.00522
0.10864 1.00223
0.108841 0.998866
0.109042 0.995848
0.109243 0.992554
0.109445 0.989468
0.109647 0.986255
0.10985 0.983118
0.110052 0.979998
0.110256 0.976786
0.110459 0.97382
0.110663 0.970545
0.110868 0.967722
0.111072 0.964128
0.111277 0.961707
0.111483 0.958111
0.111689 0.955674
0.111895 0.952097
0.112102 0.949615
0.112309 0.946088
0.112516 0.943594
0.112724 0.940102
0.112932 0.937585
0.11314 0.934107
0.113349 0.931574
0.113559 0.928171
0.113768 0.925714
0.113978 0.922402
0.114189 0.919905
0.1144 0.916666
0.114611 0.914163
0.114823 0.910905
0.115035 0.908421
0.115247 0.905177
0.11546 0.902669
0.115673 0.899447
0.115887 0.896873
0.116101 0.893705
0.116315 0.891158
0.11653 0.888021
0.116745 0.885435
0.116961 0.8824
0.117177 0.879793
0.117393 0.876856
0.11761 0.874267
0.117827 0.871407
0.118045 0.868761
0.118263 0.86592
0.118481 0.863199
0.1187 0.860434
0.118919 0.857653
0.119139 0.854979
0.119359 0.852107
0.119579 0.849514
0.1198 0.846509
0.120021 0.844092
0.120243 0.840868
0.120465 0.838709
0.120687 0.835612
0.12091 0.833473
0.121133 0.830384
0.121357 0.828245
0.121581 0.825203
0.121806 0.822998
0.12203 0.819994
0.122256 0.817786
0.122482 0.814771
0.122708 0.812567
0.122934 0.809586
0.123161 0.80737
0.123389 0.804416
0.123617 0.802211
0.123845 0.799256
0.124074 0.79709
0.124303 0.794243
0.124532 0.792052
0.124762 0.789283
0.124993 0.787072
0.125223 0.78433
0.125455 0.782071
0.125686 0.779327
0.125918 0.777063
0.126151 0.774376
0.126384 0.772077
0.126617 0.769433
0.126851 0.767107
0.127085 0.764457
0.12732 0.762132
0.127555 0.759579
0.127791 0.757256
0.128027 0.754787
0.128263 0.752421
0.1285 0.750058
0.128737 0.747609
0.128975 0.745315
0.129213 0.74277
0.129452 0.740543
0.129691 0.737797
0.12993 0.735831
0.13017 0.732997
0.130411 0.731088
0.130651 0.728276
0.130893 0.726377
0.131134 0.723609
0.131376 0.721721
0.131619 0.719061
0.131862 0.717151
0.132106 0.714531
0.13235 0.712614
0.132594 0.710021
0.132839 0.708092
0.133084 0.70553
0.13333 0.703565
0.133576 0.700997
0.133823 0.699049
0.13407 0.696488
0.134317 0.694546
0.134565 0.692009
0.134814 0.690059
0.135063 0.687564
0.135312 0.685595
0.135562 0.683184
0.135812 0.681262
0.136063 0.6789
0.136315 0.676922
0.136566 0.674608
0.136818 0.672585
0.137071 0.670285
0.137324 0.668244
0.137578 0.665981
0.137832 0.663919
0.138086 0.661684
0.138341 0.659565
0.138597 0.657412
0.138853 0.655267
0.139109 0.653177
0.139366 0.651
0.139623 0.649011
0.139881 0.646785
0.14014 0.644928
0.140398 0.64248
0.140658 0.640805
0.140917 0.638382
0.141177 0.636711
0.141438 0.634268
0.141699 0.632584
0.141961 0.630187
0.142223 0.628481
0.142486 0.626114
0.142749 0.624403
0.143013 0.622056
0.143277 0.620364
0.143541 0.618093
0.143806 0.616418
0.144072 0.6142
0.144338 0.612501
0.144604 0.610276
0.144871 0.608566
0.145139 0.606367
0.145407 0.604643
0.145675 0.602465
0.145944 0.600729
0.146214 0.598581
0.146484 0.596815
0.146754 0.59467
0.147025 0.592926
0.147297 0.59082
0.147569 0.589093
0.147841 0.587049
0.148114 0.585301
0.148388 0.583298
0.148662 0.581536
0.148937 0.579579
0.149212 0.57778
0.149487 0.575844
0.149763 0.573995
0.15004 0.572123
0.150317 0.57021
0.150594 0.568414
0.150872 0.566434
0.151151 0.564695
0.15143 0.562581
0.15171 0.561044
0.15199 0.558884
0.152271 0.557442
0.152552 0.555334
0.152833 0.553888
0.153116 0.551788
0.153398 0.550327
0.153682 0.548252
0.153965 0.546752
0.15425 0.54469
0.154535 0.543185
0.15482 0.541147
0.155106 0.539648
0.155392 0.537629
0.155679 0.536107
0.155967 0.53411
0.156255 0.532608
0.156543 0.530645
0.156832 0.52918
0.157122 0.527273
0.157412 0.525787
0.157703 0.523888
0.157994 0.522363
0.158286 0.520485
0.158578 0.518972
0.158871 0.51712
0.159164 0.515557
0.159458 0.513737
0.159753 0.512158
0.160048 0.510371
0.160343 0.508779
0.160639 0.507013
0.160936 0.505442
0.161233 0.503732
0.161531 0.502151
0.161829 0.500513
0.162128 0.498885
0.162427 0.497286
0.162727 0.495596
0.163028 0.494052
0.163329 0.492302
0.16363 0.490827
0.163933 0.488902
0.164235 0.487607
0.164539 0.485698
0.164842 0.484396
0.165147 0.482506
0.165452 0.48121
0.165757 0.47938
0.166063 0.478079
0.16637 0.476296
0.166677 0.474992
0.166985 0.473219
0.167293 0.471912
0.167602 0.470146
0.167912 0.468832
0.168222 0.467078
0.168532 0.465742
0.168844 0.464002
0.169155 0.462661
0.169468 0.460928
0.169781 0.459598
0.170094 0.457897
0.170408 0.45657
0.170723 0.454921
0.171038 0.453582
0.171354 0.451969
0.171671 0.450643
0.171988 0.449035
0.172305 0.44769
0.172623 0.446102
0.172942 0.444734
0.173261 0.443161
0.173581 0.441774
0.173902 0.440232
0.174223 0.438828
0.174545 0.437322
0.174867 0.435878
0.17519 0.434438
0.175514 0.432969
0.175838 0.431591
0.176162 0.430111
0.176488 0.428796
0.176814 0.427209
0.17714 0.42601
0.177467 0.424346
0.177795 0.423205
0.178123 0.421546
0.178452 0.420411
0.178782 0.418755
0.179112 0.417623
0.179443 0.415996
0.179774 0.414835
0.180106 0.413223
0.180438 0.412069
0.180772 0.410502
0.181105 0.409365
0.18144 0.407849
0.181775 0.406689
0.182111 0.405183
0.182447 0.404032
0.182784 0.402514
0.183121 0.401352
0.183459 0.399848
0.183798 0.398678
0.184138 0.397193
0.184478 0.396012
0.184818 0.394537
0.18516 0.393355
0.185502 0.391913
0.185844 0.390724
0.186187 0.389319
0.186531 0.388134
0.186876 0.386785
0.187221 0.385585
0.187566 0.38423
0.187913 0.383019
0.18826 0.381689
0.188607 0.38044
0.188956 0.379146
0.189305 0.377877
0.189654 0.376618
0.190004 0.375305
0.190355 0.374091
0.190707 0.372726
0.191059 0.371585
0.191412 0.370097
0.191765 0.369121
0.192119 0.367688
0.192474 0.366694
0.192829 0.365265
0.193186 0.364264
0.193542 0.36285
0.1939 0.361839
0.194258 0.360432
0.194616 0.359407
0.194976 0.358008
0.195336 0.356992
0.195697 0.355606
0.196058 0.354586
0.19642 0.353218
0.196783 0.352196
0.197146 0.350853
0.19751 0.349842
0.197875 0.348534
0.19824 0.347527
0.198606 0.346236
0.198973 0.345216
0.199341 0.343941
0.199709 0.342896
0.200077 0.341624
0.200447 0.340581
0.200817 0.339326
0.201188 0.33827
0.201559 0.337029
0.201932 0.335957
0.202304 0.334738
0.202678 0.333674
0.203052 0.332486
0.203427 0.331437
0.203803 0.330299
0.204179 0.329201
0.204556 0.328097
0.204934 0.326971
0.205312 0.325897
0.205692 0.324739
0.206071 0.323696
0.206452 0.32247
0.206833 0.321509
0.207215 0.320206
0.207598 0.319311
0.207981 0.318035
0.208365 0.317149
0.20875 0.315872
0.209135 0.315008
0.209522 0.313794
0.209908 0.312903
0.210296 0.311697
0.210684 0.310805
0.211073 0.309591
0.211463 0.308704
0.211854 0.307506
0.212245 0.3066
0.212637 0.305413
0.21303 0.304516
0.213423 0.303321
0.213817 0.302421
0.214212 0.301251
0.214607 0.300347
0.215004 0.299204
0.215401 0.298311
0.215799 0.297208
0.216197 0.296301
0.216596 0.295211
0.216996 0.294292
0.217397 0.293214
0.217798 0.292275
0.218201 0.291214
0.218603 0.290275
0.219007 0.28921
0.219412 0.28826
0.219817 0.287226
0.220223 0.286256
0.220629 0.285246
0.221037 0.284269
0.221445 0.283301
0.221854 0.282317
0.222263 0.281402
0.222674 0.280376
0.223085 0.279492
0.223497 0.278358
0.22391 0.277594
0.224323 0.276459
0.224737 0.275689
0.225152 0.274562
0.225568 0.273777
0.225985 0.272667
0.226402 0.271883
0.22682 0.270787
0.227239 0.269997
0.227659 0.268917
0.228079 0.268142
0.2285 0.267105
0.228922 0.266335
0.229345 0.265298
0.229768 0.264511
0.230193 0.263487
0.230618 0.262689
0.231044 0.261663
0.23147 0.260876
0.231898 0.259855
0.232326 0.259066
0.232755 0.258056
0.233185 0.257245
0.233615 0.256256
0.234047 0.255455
0.234479 0.254483
0.234912 0.25369
0.235346 0.252761
0.23578 0.251944
0.236216 0.251026
0.236652 0.250203
0.237089 0.249295
0.237527 0.248466
0.237965 0.247573
0.238405 0.246711
0.238845 0.245845
0.239286 0.244964
0.239728 0.24413
0.240171 0.243226
0.240614 0.242415
0.241058 0.241473
0.241504 0.240736
0.24195 0.239761
0.242396 0.239083
0.242844 0.238122
0.243292 0.23744
0.243742 0.236466
0.244192 0.23579
0.244643 0.234834
0.245094 0.234132
0.245547 0.233188
0.246 0.232492
0.246455 0.231545
0.24691 0.230852
0.247366 0.229915
0.247822 0.229222
0.24828 0.228296
0.248739 0.227624
0.249198 0.226725
0.249658 0.226044
0.250119 0.22516
0.250581 0.224464
0.251044 0.223589
0.251507 0.222892
0.251972 0.222027
0.252437 0.221314
0.252903 0.220453
0.25337 0.219738
0.253838 0.218893
0.254307 0.218171
0.254776 0.217342
0.255247 0.216617
0.255718 0.215798
0.25619 0.215083
0.256663 0.214303
0.257137 0.213577
0.257612 0.212811
0.258088 0.212061
0.258565 0.211316
0.259042 0.210546
0.25952 0.209827
0.26 0.209026
0.26048 0.20833
0.260961 0.207442
0.261443 0.206846
0.261925 0.205963
0.262409 0.205369
0.262894 0.204495
0.263379 0.203906
0.263865 0.203074
0.264353 0.202479
0.264841 0.201656
0.26533 0.201053
0.26582 0.200229
0.266311 0.199623
0.266803 0.198807
0.267295 0.198202
0.267789 0.197389
0.268283 0.196774
0.268779 0.19597
0.269275 0.195357
0.269772 0.194555
0.27027 0.193948
0.27077 0.193161
0.27127 0.192562
0.27177 0.191803
0.272272 0.19119
0.272775 0.190445
0.273279 0.189833
0.273783 0.189091
0.274289 0.188469
0.274796 0.187741
0.275303 0.1871
0.275811 0.186381
0.276321 0.185742
0.276831 0.185036
0.277342 0.184386
0.277854 0.183694
0.278367 0.183029
0.278881 0.182364
0.279396 0.181708
0.279912 0.181071
0.280429 0.180394
0.280947 0.179777
0.281466 0.179072
0.281986 0.17849
0.282506 0.177723
0.283028 0.177195
0.283551 0.176437
0.284074 0.175913
0.284599 0.175146
0.285124 0.174623
0.285651 0.173873
0.286178 0.17334
0.286707 0.172606
0.287236 0.17208
0.287767 0.171368
0.288298 0.170844
0.28883 0.170144
0.289364 0.169615
0.289898 0.168916
0.290433 0.168384
0.29097 0.167684
0.291507 0.16715
0.292045 0.166457
0.292585 0.165915
0.293125 0.165234
0.293666 0.164693
0.294208 0.164022
0.294752 0.163472
0.295296 0.162809
0.295841 0.16227
0.296388 0.161638
0.296935 0.161093
0.297483 0.160469
0.298033 0.159919
0.298583 0.159291
0.299134 0.158733
0.299687 0.158125
0.30024 0.157556
0.300795 0.156955
0.30135 0.156373
0.301906 0.155795
0.302464 0.155195
0.303022 0.154636
0.303582 0.15402
0.304143 0.153489
0.304704 0.15284
0.305267 0.152373
0.305831 0.151712
0.306395 0.151256
0.306961 0.150598
0.307528 0.150142
0.308096 0.149485
0.308665 0.149026
0.309235 0.14838
0.309806 0.147913
0.310378 0.147267
0.310951 0.1468
0.311525 0.146164
0.312101 0.1457
0.312677 0.145078
0.313254 0.144612
0.313833 0.144007
0.314412 0.143545
0.314993 0.142947
0.315574 0.142484
0.316157 0.141889
0.316741 0.141422
0.317326 0.140832
0.317912 0.140353
0.318499 0.139773
0.319087 0.139297
0.319676 0.138725
0.320267 0.138238
0.320858 0.137676
0.321451 0.137184
0.322044 0.136633
0.322639 0.136149
0.323235 0.135615
0.323832 0.135131
0.32443 0.134607
0.325029 0.134106
0.325629 0.133601
0.32623 0.133089
0.326833 0.132592
0.327436 0.132063
0.328041 0.131583
0.328646 0.131036
0.329253 0.130585
0.329861 0.129987
0.33047 0.129586
0.331081 0.128998
0.331692 0.128602
0.332305 0.12803
0.332918 0.127631
0.333533 0.127073
0.334149 0.126669
0.334766 0.126116
0.335384 0.125709
0.336003 0.125157
0.336624 0.124748
0.337246 0.124202
0.337868 0.123794
0.338492 0.12325
0.339117 0.122838
0.339743 0.122298
0.340371 0.121885
0.340999 0.121355
0.341629 0.120948
0.34226 0.120437
0.342892 0.120026
0.343525 0.119529
0.344159 0.11911
0.344795 0.118611
0.345432 0.118197
0.34607 0.117701
0.346709 0.117283
0.347349 0.116794
0.34799 0.116368
0.348633 0.11588
0.349277 0.115451
0.349922 0.114981
0.350568 0.114548
0.351215 0.114086
0.351864 0.113651
0.352513 0.113213
0.353164 0.112769
0.353817 0.112349
0.35447 0.111888
0.355125 0.111481
0.35578 0.110985
0.356437 0.110618
0.357095 0.110104
0.357755 0.109753
0.358416 0.10924
0.359077 0.108891
0.35974 0.108382
0.360405 0.108033
0.36107 0.107534
0.361737 0.107183
0.362405 0.106698
0.363074 0.106349
0.363745 0.105877
0.364416 0.105527
0.365089 0.105058
0.365763 0.104699
0.366439 0.104235
0.367116 0.103877
0.367793 0.103408
0.368473 0.103053
0.369153 0.102591
0.369835 0.102231
0.370518 0.101776
0.371202 0.101413
0.371887 0.100966
0.372574 0.100609
0.373262 0.100179
0.373951 0.0998159
0.374642 0.0993967
0.375334 0.0990276
0.376027 0.0986145
0.376721 0.0982412
0.377417 0.0978293
0.378114 0.0974548
0.378812 0.0970511
0.379511 0.0966663
0.380212 0.0962729
0.380914 0.0958808
0.381618 0.0954997
0.382322 0.0950958
0.383028 0.0947339
0.383736 0.0943246
0.384444 0.0939829
0.385154 0.0935424
0.385866 0.0932417
0.386578 0.0928026
0.387292 0.0924988
0.388007 0.0920602
0.388724 0.0917545
0.389441 0.0913223
0.390161 0.0910104
0.390881 0.0905826
0.391603 0.0902709
0.392326 0.0898448
0.39305 0.0895376
0.393776 0.0891161
0.394503 0.0888121
0.395232 0.0884041
0.395962 0.0880977
0.396693 0.0876999
0.397425 0.0873893
0.398159 0.0869922
0.398895 0.0866813
0.399631 0.0862903
0.400369 0.0859763
0.401108 0.0855909
0.401849 0.0852715
0.402591 0.0848864
0.403335 0.0845685
0.404079 0.0841883
0.404826 0.0838688
0.405573 0.0834963
0.406322 0.0831778
0.407072 0.0828168
0.407824 0.0824995
0.408577 0.0821484
0.409332 0.0818257
0.410088 0.0814807
0.410845 0.0811467
0.411604 0.0808144
0.412364 0.0804701
0.413125 0.0801473
0.413888 0.079793
0.414652 0.0794828
0.415418 0.0791062
0.416185 0.0788227
0.416954 0.0784297
0.417723 0.0781658
0.418495 0.0777834
0.419268 0.0775245
0.420042 0.0771496
0.420818 0.0768903
0.421595 0.076522
0.422373 0.0762544
0.423153 0.0758876
0.423934 0.0756195
0.424717 0.0752541
0.425502 0.0749871
0.426287 0.0746254
0.427075 0.0743543
0.427863 0.0739986
0.428653 0.0737302
0.429445 0.0733747
0.430238 0.0731074
0.431032 0.0727628
0.431828 0.0724971
0.432626 0.0721638
0.433425 0.0718961
0.434225 0.0715633
0.435027 0.0712928
0.43583 0.0709661
0.436635 0.0706897
0.437441 0.0703672
0.438249 0.0700861
0.439058 0.069769
0.439869 0.0694875
0.440681 0.0691719
0.441495 0.0688899
0.44231 0.0685835
0.443127 0.0682976
0.443945 0.0680056
0.444765 0.067719
0.445586 0.0674382
0.446409 0.0671417
0.447234 0.0668702
0.448059 0.0665614
0.448887 0.0663016
0.449716 0.0659622
0.450546 0.065735
0.451378 0.0653983
0.452212 0.0651692
0.453047 0.064834
0.453883 0.0646049
0.454722 0.064276
0.455561 0.0640476
0.456402 0.0637276
0.457245 0.0634987
0.45809 0.0631892
0.458935 0.0629611
0.459783 0.0626521
0.460632 0.0624225
0.461483 0.0621161
0.462335 0.0618831
0.463189 0.0615791
0.464044 0.0613446
0.464901 0.0610401
0.465759 0.0608075
0.466619 0.0605087
0.467481 0.0602743
0.468344 0.0599823
0.469209 0.0597473
0.470076 0.0594611
0.470944 0.0592291
0.471813 0.0589532
0.472684 0.0587169
0.473557 0.058444
0.474432 0.0582039
0.475308 0.0579325
0.476186 0.0576911
0.477065 0.0574239
0.477946 0.0571807
0.478828 0.0569202
0.479713 0.0566662
0.480598 0.0564154
0.481486 0.0561571
0.482375 0.0559164
0.483266 0.0556545
0.484158 0.0554245
0.485052 0.0551564
0.485948 0.0549447
0.486845 0.0546592
0.487744 0.054461
0.488645 0.0541803
0.489547 0.0539821
0.490451 0.0536973
0.491357 0.0535008
0.492264 0.0532211
0.493173 0.0530208
0.494084 0.0527435
0.494996 0.0525446
0.495911 0.0522688
0.496826 0.0520727
0.497744 0.0518048
0.498663 0.0516088
0.499584 0.0513506
0.500506 0.0511553
0.50143 0.0508953
0.502356 0.0506974
0.503284 0.0504417
0.504213 0.0502411
0.505144 0.0499886
0.506077 0.0497873
0.507012 0.0495372
0.507948 0.0493334
0.508886 0.0490867
0.509826 0.0488812
0.510767 0.0486405
0.51171 0.0484335
0.512655 0.0482012
0.513602 0.0479988
0.51455 0.0477709
0.515501 0.0475646
0.516453 0.0473421
0.517406 0.0471312
0.518362 0.0469124
0.519319 0.0466972
0.520278 0.0464854
0.521239 0.0462623
0.522201 0.0460592
0.523165 0.0458285
0.524131 0.0456327
0.525099 0.0453786
0.526069 0.0452132
0.52704 0.0449641
0.528014 0.0448
0.528989 0.04456
0.529966 0.0443925
0.530944 0.0441556
0.531925 0.0439874
0.532907 0.0437521
0.533891 0.0435833
0.534877 0.0433473
0.535865 0.0431772
0.536854 0.0429453
0.537845 0.0427764
0.538839 0.0425446
0.539834 0.042374
0.54083 0.0421477
0.541829 0.0419775
0.54283 0.0417546
0.543832 0.0415882
0.544836 0.0413735
0.545842 0.0412057
0.54685 0.0409931
0.54786 0.0408208
0.548872 0.0406112
0.549885 0.0404391
0.550901 0.0402311
0.551918 0.0400567
0.552937 0.039852
0.553958 0.0396735
0.554981 0.0394734
0.556006 0.039295
0.557033 0.0390985
0.558061 0.038921
0.559092 0.0387314
0.560124 0.0385517
0.561159 0.0383718
0.562195 0.0381875
0.563233 0.0380127
0.564273 0.0378229
0.565315 0.0376532
0.566359 0.0374536
0.567405 0.0372959
0.568453 0.0370819
0.569502 0.0369377
0.570554 0.0367273
0.571608 0.0365834
0.572663 0.0363716
0.573721 0.0362316
0.57478 0.0360262
0.575842 0.0358835
0.576905 0.0356881
0.57797 0.0355459
0.579037 0.03535
0.580107 0.0352074
0.581178 0.0350133
0.582251 0.0348684
0.583326 0.0346745
0.584404 0.0345321
0.585483 0.0343386
0.586564 0.0341949
0.587647 0.0340046
0.588732 0.0338586
0.589819 0.0336726
0.590908 0.0335278
0.592 0.0333472
0.593093 0.0332028
0.594188 0.0330282
0.595285 0.0328828
0.596385 0.0327116
0.597486 0.0325634
0.598589 0.0323941
0.599694 0.0322445
0.600802 0.032076
0.601911 0.031925
0.603023 0.031761
0.604136 0.0316076
0.605252 0.0314467
0.60637 0.0312889
0.607489 0.031135
0.608611 0.0309746
0.609735 0.0308287
0.610861 0.0306679
0.611989 0.030529
0.613119 0.0303523
0.614251 0.0302318
0.615386 0.0300533
0.616522 0.0299335
0.61766 0.0297555
0.618801 0.0296349
0.619944 0.0294599
0.621088 0.0293386
0.622235 0.0291654
0.623384 0.0290441
0.624535 0.0288713
0.625689 0.0287505
0.626844 0.0285821
0.628002 0.0284644
0.629161 0.0283042
0.630323 0.0281829
0.631487 0.0280237
0.632653 0.0279029
0.633821 0.0277435
0.634992 0.0276226
0.636164 0.0274651
0.637339 0.0273428
0.638516 0.0271866
0.639695 0.0270624
0.640876 0.0269091
0.64206 0.0267858
0.643246 0.0266353
0.644433 0.0265109
0.645623 0.0263654
0.646816 0.0262418
0.64801 0.0261021
0.649207 0.0259776
0.650405 0.0258404
0.651606 0.0257134
0.65281 0.0255783
0.654015 0.025448
0.655223 0.0253161
0.656433 0.0251836
0.657645 0.0250562
0.658859 0.0249185
0.660076 0.024796
0.661295 0.0246534
0.662516 0.0245397
0.66374 0.0243855
0.664965 0.0242863
0.666193 0.0241413
0.667423 0.0240419
0.668656 0.0238947
0.669891 0.0237956
0.671128 0.0236509
0.672367 0.0235496
0.673608 0.0234062
0.674852 0.0233047
0.676099 0.0231622
0.677347 0.0230606
0.678598 0.0229196
0.679851 0.0228188
0.681106 0.0226787
0.682364 0.0225779
0.683624 0.0224406
0.684887 0.0223414
0.686151 0.0222108
0.687418 0.0221102
0.688688 0.0219821
0.689959 0.0218806
0.691233 0.0217534
0.69251 0.0216501
0.693789 0.0215236
0.69507 0.0214199
0.696353 0.0212961
0.697639 0.0211912
0.698928 0.0210692
0.700218 0.0209639
0.701511 0.0208433
0.702807 0.0207378
0.704104 0.0206226
0.705405 0.0205178
0.706707 0.0204077
0.708012 0.0203004
0.70932 0.0201942
0.710629 0.0200831
0.711942 0.01998
0.713256 0.019865
0.714574 0.0197661
0.715893 0.0196415
0.717215 0.0195541
0.718539 0.019426
0.719866 0.019342
0.721196 0.0192152
0.722527 0.0191327
0.723862 0.0190071
0.725198 0.0189256
0.726537 0.0188078
0.727879 0.0187254
0.729223 0.0186072
0.73057 0.0185244
0.731919 0.0184078
0.73327 0.0183248
0.734624 0.0182097
0.735981 0.0181249
0.73734 0.0180103
0.738702 0.0179261
0.740066 0.0178123
0.741432 0.0177283
0.742801 0.0176166
0.744173 0.0175325
0.745547 0.017423
0.746924 0.0173401
0.748303 0.0172362
0.749685 0.0171528
0.75107 0.017051
0.752456 0.0169655
0.753846 0.0168651
0.755238 0.0167782
0.756633 0.016679
0.75803 0.0165914
0.75943 0.0164938
0.760832 0.0164055
0.762237 0.0163097
0.763644 0.0162192
0.765055 0.0161278
0.766467 0.0160358
0.767883 0.0159482
0.769301 0.0158557
0.770721 0.0157735
0.772145 0.0156783
0.77357 0.015601
0.774999 0.0154958
0.77643 0.0154278
0.777864 0.0153239
0.7793 0.0152551
0.780739 0.0151518
0.782181 0.0150828
0.783625 0.014981
0.785072 0.0149113
0.786522 0.0148104
0.787974 0.0147418
0.78943 0.0146425
0.790887 0.014575
0.792348 0.014481
0.793811 0.0144139
0.795277 0.0143208
0.796745 0.0142525
0.798217 0.0141602
0.799691 0.0140911
0.801167 0.0139993
0.802647 0.0139301
0.804129 0.01384
0.805614 0.01377
0.807101 0.0136814
0.808592 0.0136105
0.810085 0.0135227
0.811581 0.0134535
0.81308 0.0133672
0.814581 0.0132989
0.816085 0.0132173
0.817592 0.0131481
0.819102 0.0130677
0.820615 0.012997
0.82213 0.0129191
0.823648 0.0128471
0.825169 0.0127698
0.826693 0.012696
0.828219 0.0126217
0.829749 0.0125454
0.831281 0.0124744
0.832816 0.0123952
0.834354 0.012328
0.835895 0.0122432
0.837438 0.0121846
0.838985 0.0121
0.840534 0.0120451
0.842086 0.0119614
0.843641 0.0119067
0.845199 0.0118234
0.84676 0.0117685
0.848323 0.0116862
0.84989 0.0116304
0.851459 0.0115482
0.853031 0.0114924
0.854607 0.0114116
0.856185 0.0113563
0.857766 0.0112765
0.85935 0.0112203
0.860937 0.0111426
0.862526 0.0110884
0.864119 0.0110131
0.865715 0.0109588
0.867313 0.0108856
0.868915 0.0108305
0.87052 0.0107581
0.872127 0.0107022
0.873738 0.0106302
0.875351 0.0105741
0.876967 0.0105038
0.878587 0.0104466
0.880209 0.0103773
0.881835 0.0103196
0.883463 0.0102523
0.885094 0.0101937
0.886729 0.0101282
0.888366 0.0100711
0.890007 0.0100092
0.89165 0.00995097
0.893297 0.00989099
0.894946 0.00983102
0.896599 0.00977321
0.898255 0.00971062
0.899913 0.00965514
0.901575 0.00959011
0.90324 0.00953794
0.904908 0.00946593
0.906579 0.0094212
0.908253 0.00935015
0.90993 0.00930544
0.911611 0.00923542
0.913294 0.00919193
0.91498 0.00912553
0.91667 0.00908142
0.918363 0.00901663
0.920059 0.00897229
0.921758 0.00890765
0.92346 0.00886356
0.925165 0.00879932
0.926873 0.00875502
0.928585 0.00869132
0.9303 0.00864642
0.932018 0.00858391
0.933739 0.00853858
0.935463 0.00847649
0.93719 0.0084318
0.938921 0.00837144
0.940655 0.00832734
0.942392 0.00827019
0.944132 0.00822567
0.945875 0.00816965
0.947622 0.00812485
0.949372 0.00806927
0.951125 0.00802382
0.952881 0.00796902
0.954641 0.00792309
0.956404 0.00786952
0.95817 0.00782264
0.959939 0.0077703
0.961712 0.00772297
0.963488 0.00767193
0.965267 0.0076236
0.967049 0.00757547
0.968835 0.00752697
0.970624 0.00748173
0.972417 0.00743202
0.974212 0.00738954
0.976011 0.00733611
0.977814 0.00729748
0.979619 0.00724082
0.981428 0.00720507
0.983241 0.0071488
0.985056 0.00711356
0.986875 0.00705749
0.988698 0.00702235
0.990523 0.00696744
0.992352 0.00693204
0.994185 0.00687803
0.996021 0.00684319
0.99786 0.00679169
0.999703 0.00675743
1.00155 0.00670719
1.0034 0.00667217
1.00525 0.00662273
1.00711 0.00658788
1.00897 0.00653834
1.01083 0.0065028
1.0127 0.00645409
1.01457 0.00641846
1.01644 0.00637031
1.01832 0.00633473
1.0202 0.00628736
1.02208 0.00625156
1.02397 0.00620582
1.02586 0.00617032
1.02775 0.00612681
1.02965 0.00609111
1.03155 0.00604916
1.03346 0.006013
1.03537 0.00597136
1.03728 0.00593468
1.03919 0.00589408
1.04111 0.00585635
1.04304 0.00581697
1.04496 0.00577805
1.04689 0.00574028
1.04882 0.00570005
1.05076 0.00566439
1.0527 0.00562247
1.05465 0.00558957
1.05659 0.00554422
1.05854 0.0055173
1.0605 0.00547352
1.06246 0.00544629
1.06442 0.00540263
1.06638 0.0053751
1.06835 0.00533192
1.07033 0.00530432
1.0723 0.00526148
1.07428 0.00523341
1.07627 0.0051912
1.07825 0.00516341
1.08025 0.00512154
1.08224 0.00509413
1.08424 0.00505289
1.08624 0.00502565
1.08825 0.00498679
1.09026 0.00495951
1.09227 0.00492171
1.09429 0.00489453
1.09631 0.004857
1.09833 0.00482954
1.10036 0.0047925
1.10239 0.0047645
1.10443 0.00472788
1.10647 0.00469989
1.10851 0.00466387
1.11056 0.00463543
1.11261 0.0046003
1.11466 0.00457161
1.11672 0.00453766
1.11878 0.00450927
1.12085 0.00447708
1.12292 0.0044489
1.12499 0.00441823
1.12707 0.00438863
1.12915 0.00435902
1.13124 0.00432844
1.13333 0.00429994
1.13542 0.00426825
1.13751 0.00424105
1.13962 0.00420731
1.14172 0.0041826
1.14383 0.00414618
1.14594 0.00412455
1.14806 0.00408895
1.15018 0.00406786
1.1523 0.00403332
1.15443 0.00401264
1.15656 0.0039798
1.1587 0.00395864
1.16083 0.00392591
1.16298 0.00390478
1.16513 0.00387217
1.16728 0.00385088
1.16943 0.00381864
1.17159 0.00379724
1.17376 0.00376534
1.17592 0.00374407
1.1781 0.00371254
1.18027 0.00369121
1.18245 0.00366047
1.18463 0.0036395
1.18682 0.00361024
1.18901 0.00358944
1.19121 0.0035615
1.19341 0.00354024
1.19561 0.00351256
1.19782 0.00349096
1.20003 0.00346378
1.20225 0.00344179
1.20447 0.00341511
1.20669 0.00339282
1.20892 0.00336671
1.21115 0.00334404
1.21339 0.00331879
1.21563 0.00329567
1.21787 0.0032715
1.22012 0.00324848
1.22238 0.00322601
1.22463 0.00320259
1.2269 0.00318163
1.22916 0.00315701
1.23143 0.00313715
1.2337 0.00310908
1.23598 0.00309291
1.23826 0.00306505
1.24055 0.00304879
1.24284 0.00302119
1.24514 0.00300472
1.24744 0.00297762
1.24974 0.00296129
1.25205 0.00293465
1.25436 0.0029187
1.25668 0.00289308
1.259 0.00287726
1.26132 0.00285296
1.26365 0.00283718
1.26598 0.00281288
1.26832 0.00279672
1.27066 0.00277283
1.27301 0.00275652
1.27536 0.00273273
1.27772 0.00271653
1.28008 0.00269299
1.28244 0.0026767
1.28481 0.00265355
1.28718 0.00263699
1.28956 0.0026147
1.29194 0.0025985
1.29432 0.00257712
1.29671 0.0025611
1.29911 0.00254087
1.30151 0.00252437
1.30391 0.00250453
1.30632 0.0024877
1.30873 0.00246838
1.31115 0.00245108
1.31357 0.00243216
1.31599 0.00241438
1.31842 0.00239609
1.32086 0.00237778
1.3233 0.00236047
1.32574 0.00234149
1.32819 0.00232545
1.33064 0.00230572
1.3331 0.00229156
1.33556 0.00227072
1.33803 0.00225865
1.3405 0.00223806
1.34297 0.00222587
1.34545 0.00220523
1.34794 0.00219313
1.35043 0.00217265
1.35292 0.00216031
1.35542 0.00214017
1.35792 0.00212786
1.36043 0.00210793
1.36294 0.00209564
1.36546 0.0020761
1.36798 0.00206398
1.37051 0.0020453
1.37304 0.00203361
1.37557 0.0020158
1.37811 0.00200395
1.38066 0.00198636
1.38321 0.00197423
1.38576 0.00195687
1.38832 0.00194465
1.39088 0.0019276
1.39345 0.00191509
1.39603 0.00189829
1.3986 0.00188568
1.40119 0.00186931
1.40377 0.00185663
1.40637 0.00184077
1.40896 0.00182818
1.41157 0.00181306
1.41417 0.00180068
1.41678 0.00178658
1.4194 0.00177385
1.42202 0.00176005
1.42465 0.00174679
1.42728 0.00173356
1.42991 0.00171962
1.43255 0.00170708
1.4352 0.00169239
1.43785 0.00168069
1.4405 0.00166422
1.44316 0.00165468
1.44583 0.00163801
1.4485 0.00162904
1.45117 0.00161297
1.45385 0.00160421
1.45654 0.00158927
1.45923 0.00158039
1.46192 0.00156551
1.46462 0.00155662
1.46733 0.0015417
1.47004 0.0015327
1.47275 0.00151795
1.47547 0.00150893
1.47819 0.00149443
1.48092 0.00148525
1.48366 0.00147092
1.4864 0.00146184
1.48914 0.00144779
1.49189 0.00143888
1.49465 0.00142546
1.49741 0.00141673
1.50017 0.00140408
1.50294 0.00139517
1.50572 0.00138272
1.5085 0.00137368
1.51129 0.00136142
1.51408 0.00135221
1.51687 0.00134021
1.51967 0.00133075
1.52248 0.00131895
1.52529 0.00130935
1.52811 0.00129798
1.53093 0.00128815
1.53376 0.00127726
1.53659 0.00126741
1.53943 0.00125718
1.54227 0.00124751
1.54512 0.00123814
1.54797 0.00122788
1.55083 0.00121898
1.55369 0.00120794
1.55656 0.00119991
1.55944 0.0011875
1.56231 0.00118082
1.5652 0.00116859
1.56809 0.00116189
1.57099 0.00114967
1.57389 0.00114308
1.57679 0.00113111
1.5797 0.00112461
1.58262 0.00111308
1.58554 0.00110679
1.58847 0.0010961
1.59141 0.00108968
1.59434 0.00107908
1.59729 0.00107264
1.60024 0.0010621
1.60319 0.00105552
1.60615 0.00104506
1.60912 0.00103842
1.61209 0.00102814
1.61507 0.00102143
1.61805 0.00101135
1.62104 0.00100462
1.62403 0.000994807
1.62703 0.00098813
1.63003 0.000978724
1.63304 0.000972235
1.63606 0.00096353
1.63908 0.000956995
1.64211 0.000948349
1.64514 0.000941592
1.64818 0.00093314
1.65122 0.000926176
1.65427 0.000918042
1.65733 0.000910804
1.66039 0.00090288
1.66345 0.000895425
1.66652 0.000887926
1.6696 0.000880181
1.67268 0.00087316
1.67577 0.000865108
1.67887 0.000858903
1.68197 0.00085051
1.68507 0.00084542
1.68819 0.000836566
1.6913 0.000831889
1.69443 0.00082306
1.69756 0.000818371
1.70069 0.000809604
1.70383 0.000804874
1.70698 0.000796163
1.71013 0.000791395
1.71329 0.000782816
1.71645 0.000778059
1.71962 0.000769628
1.7228 0.00076497
1.72598 0.000756872
1.72916 0.000752325
1.73236 0.000744889
1.73556 0.000740286
1.73876 0.000732875
1.74197 0.000728227
1.74519 0.000720905
1.74841 0.00071616
1.75164 0.000708928
1.75487 0.000704088
1.75812 0.000696952
1.76136 0.000692075
1.76461 0.000685147
1.76787 0.000680177
1.77114 0.000673447
1.77441 0.000668475
1.77768 0.000662092
1.78097 0.000657313
1.78426 0.000651455
1.78755 0.000646526
1.79085 0.000640794
1.79416 0.00063565
1.79747 0.000630183
1.80079 0.000624792
1.80412 0.000619534
1.80745 0.000613818
1.81079 0.000608917
1.81413 0.000602783
1.81748 0.000598416
1.82084 0.000591398
1.8242 0.000588043
1.82757 0.00058126
1.83094 0.000578026
1.83432 0.000571881
1.83771 0.000568613
1.8411 0.000562499
1.8445 0.000559166
1.84791 0.000553057
1.85132 0.000549723
1.85474 0.000543656
1.85816 0.000540261
1.8616 0.000534296
1.86503 0.000530919
1.86848 0.000524985
1.87193 0.000521573
1.87538 0.000515782
1.87885 0.000512403
1.88232 0.0005068
1.88579 0.000503599
1.88928 0.000498534
1.89276 0.000495245
1.89626 0.000490227
1.89976 0.000486863
1.90327 0.000481888
1.90678 0.000478494
1.9103 0.000473585
1.91383 0.000470091
1.91737 0.000465291
1.92091 0.000461728
1.92445 0.000457062
1.92801 0.000453385
1.93157 0.000448955
1.93514 0.000445223
1.93871 0.000441044
1.94229 0.000437464
1.94588 0.000433721
1.94947 0.000429924
1.95307 0.000426383
1.95667 0.000422311
1.96029 0.000419043
1.96391 0.000414444
1.96753 0.0004117
1.97117 0.00040676
1.97481 0.000404368
1.97845 0.000399464
1.98211 0.0003971
1.98577 0.000392276
1.98943 0.000389943
1.99311 0.000385242
1.99679 0.000383037
2.00048 0.000378787
2.00417 0.00037653
2.00787 0.000372345
2.01158 0.000370065
2.01529 0.000365896
2.01902 0.000363552
2.02274 0.000359433
2.02648 0.000357098
2.03022 0.000352986
2.03397 0.000350612
2.03773 0.000346588
2.04149 0.000344192
2.04526 0.000340267
2.04904 0.000337884
2.05282 0.000334078
2.05661 0.000331821
2.06041 0.000328425
2.06421 0.000326093
2.06802 0.000322746
2.07184 0.000320346
2.07567 0.000317084
2.0795 0.00031457
2.08334 0.000311391
2.08719 0.000308801
2.09104 0.000305727
2.0949 0.000303041
2.09877 0.000300106
2.10265 0.000297319
2.10653 0.000294553
2.11042 0.000291627
2.11432 0.000289157
2.11822 0.000286233
2.12213 0.000284166
2.12605 0.000280758
2.12998 0.000279178
2.13391 0.000275789
2.13785 0.000274182
2.1418 0.000270818
2.14576 0.000269196
2.14972 0.00026585
2.15369 0.000264205
2.15766 0.000260904
2.16165 0.000259257
2.16564 0.000256004
2.16964 0.000254402
2.17365 0.000251225
2.17766 0.000249703
2.18168 0.000246846
2.18571 0.000245297
2.18975 0.000242505
2.19379 0.000240911
2.19784 0.000238125
2.2019 0.000236515
2.20597 0.000233772
2.21004 0.000232125
2.21412 0.000229423
2.21821 0.000227745
2.2223 0.000225085
2.22641 0.000223382
2.23052 0.000220804
2.23464 0.000219082
2.23876 0.000216621
2.2429 0.000215
2.24704 0.000212792
2.25119 0.00021112
2.25535 0.00020898
2.25951 0.000207231
2.26368 0.000205158
2.26786 0.000203319
2.27205 0.000201349
2.27625 0.000199386
2.28045 0.000197535
2.28466 0.000195427
2.28888 0.000193751
2.29311 0.000191385
2.29734 0.00019001
2.30158 0.00018743
2.30583 0.000186381
2.31009 0.000184068
2.31436 0.000183023
2.31863 0.00018075
2.32291 0.00017969
2.3272 0.000177434
2.3315 0.000176352
2.33581 0.000174108
2.34012 0.000173012
2.34444 0.00017078
2.34877 0.000169675
2.35311 0.000167473
2.35745 0.000166357
2.36181 0.000164197
2.36617 0.0001631
2.37054 0.000161001
2.37491 0.000159952
2.3793 0.00015806
2.38369 0.000157006
2.38809 0.000155173
2.3925 0.000154091
2.39692 0.000152273
2.40135 0.000151158
2.40578 0.000149374
2.41023 0.000148222
2.41468 0.000146475
2.41914 0.000145283
2.4236 0.000143589
2.42808 0.00014237
2.43256 0.000140736
2.43705 0.000139491
2.44155 0.000137962
2.44606 0.000136762
2.45058 0.000135402
2.4551 0.000134153
2.45964 0.000132891
2.46418 0.000131551
2.46873 0.000130368
2.47329 0.000128885
2.47786 0.00012784
2.48243 0.000126054
2.48702 0.000125314
2.49161 0.000123546
2.49621 0.000122811
2.50082 0.000121064
2.50544 0.000120326
2.51006 0.000118623
2.5147 0.000117931
2.51934 0.000116395
2.52399 0.000115694
2.52866 0.000114218
2.53333 0.000113508
2.538 0.000112031
2.54269 0.000111316
2.54739 0.000109843
2.55209 0.000109108
2.5568 0.00010766
2.56152 0.000106904
2.56625 0.000105478
2.57099 0.000104724
2.57574 0.000103316
2.5805 0.000102565
2.58526 0.000101212
2.59004 0.000100495
2.59482 9.92739e-05
2.59961 9.85587e-05
2.60441 9.739e-05
2.60922 9.66425e-05
2.61404 9.55015e-05
2.61886 9.47194e-05
2.6237 9.36038e-05
2.62855 9.27862e-05
2.6334 9.17024e-05
2.63826 9.08536e-05
2.64313 8.98221e-05
2.64801 8.89201e-05
2.6529 8.79513e-05
2.6578 8.70162e-05
2.66271 8.61383e-05
2.66763 8.52036e-05
2.67255 8.44588e-05
2.67749 8.34402e-05
2.68243 8.28318e-05
2.68739 8.16629e-05
2.69235 8.11907e-05
2.69732 8.00306e-05
2.7023 7.95491e-05
2.70729 7.83882e-05
2.71229 7.79023e-05
2.7173 7.67587e-05
2.72232 7.62662e-05
2.72735 7.51391e-05
2.73238 7.46557e-05
2.73743 7.35527e-05
2.74248 7.30964e-05
2.74755 7.20943e-05
2.75262 7.16405e-05
2.7577 7.06901e-05
2.7628 7.02267e-05
2.7679 6.92829e-05
2.77301 6.88106e-05
2.77813 6.78742e-05
2.78326 6.73836e-05
2.7884 6.64577e-05
2.79355 6.59608e-05
2.79871 6.50532e-05
2.80387 6.45385e-05
2.80905 6.36532e-05
2.81424 6.31401e-05
2.81944 6.22915e-05
2.82464 6.17983e-05
2.82986 6.10368e-05
2.83508 6.05364e-05
2.84032 5.98293e-05
2.84556 5.93039e-05
2.85082 5.86146e-05
2.85608 5.80559e-05
2.86136 5.73961e-05
2.86664 5.6802e-05
2.87193 5.61805e-05
2.87724 5.55342e-05
2.88255 5.4967e-05
2.88787 5.42572e-05
2.89321 5.37645e-05
2.89855 5.28932e-05
2.9039 5.25981e-05
2.90926 5.18085e-05
2.91464 5.15215e-05
2.92002 5.07769e-05
2.92541 5.04773e-05
2.93081 4.974e-05
2.93623 4.94335e-05
2.94165 4.86979e-05
2.94708 4.83884e-05
2.95252 4.76536e-05
2.95797 4.73359e-05
2.96344 4.66118e-05
2.96891 4.62949e-05
2.97439 4.55773e-05
2.97988 4.52596e-05
2.98539 4.45648e-05
2.9909 4.42661e-05
2.99642 4.36334e-05
3.00195 4.334e-05
3.0075 4.27439e-05
3.01305 4.24432e-05
3.01862 4.18523e-05
3.02419 4.15391e-05
3.02977 4.09593e-05
3.03537 4.0632e-05
3.04097 4.00618e-05
3.04659 3.97232e-05
3.05222 3.91707e-05
3.05785 3.88171e-05
3.0635 3.82825e-05
3.06916 3.7924e-05
3.07482 3.74212e-05
3.0805 3.70704e-05
3.08619 3.66224e-05
3.09189 3.62691e-05
3.0976 3.58622e-05
3.10332 3.54809e-05
3.10905 3.51038e-05
3.11479 3.46826e-05
3.12054 3.43388e-05
3.1263 3.38597e-05
3.13208 3.35736e-05
3.13786 3.30116e-05
3.14365 3.28099e-05
3.14946 3.22535e-05
3.15528 3.20543e-05
3.1611 3.15079e-05
3.16694 3.1321e-05
3.17279 3.08228e-05
3.17865 3.06412e-05
3.18452 3.01791e-05
3.1904 2.99913e-05
3.19629 2.95324e-05
3.20219 2.93399e-05
3.2081 2.88821e-05
3.21403 2.86837e-05
3.21996 2.82298e-05
3.22591 2.80303e-05
3.23187 2.75783e-05
3.23783 2.73758e-05
3.24381 2.69331e-05
3.2498 2.67278e-05
3.2558 2.62988e-05
3.26182 2.61044e-05
3.26784 2.57162e-05
3.27387 2.5526e-05
3.27992 2.51679e-05
3.28598 2.49675e-05
3.29204 2.46166e-05
3.29812 2.44071e-05
3.30421 2.40641e-05
3.31031 2.38447e-05
3.31643 2.35085e-05
3.32255 2.32764e-05
3.32869 2.29549e-05
3.33483 2.27115e-05
3.34099 2.24065e-05
3.34716 2.21483e-05
3.35334 2.18706e-05
3.35953 2.16088e-05
3.36574 2.13748e-05
3.37195 2.11032e-05
3.37818 2.09085e-05
3.38442 2.05782e-05
3.39067 2.0443e-05
3.39693 2.00939e-05
3.4032 1.99733e-05
3.40949 1.96242e-05
3.41578 1.95006e-05
3.42209 1.91564e-05
3.42841 1.9031e-05
3.43474 1.86904e-05
3.44108 1.85669e-05
3.44744 1.82323e-05
3.4538 1.81151e-05
3.46018 1.78086e-05
3.46657 1.76959e-05
3.47297 1.74191e-05
3.47939 1.73022e-05
3.48581 1.7025e-05
3.49225 1.69065e-05
3.4987 1.66307e-05
3.50516 1.65078e-05
3.51163 1.62353e-05
3.51811 1.61079e-05
3.52461 1.58386e-05
3.53112 1.57086e-05
3.53764 1.54455e-05
3.54417 1.53138e-05
3.55072 1.50596e-05
3.55727 1.4932e-05
3.56384 1.47039e-05
3.57042 1.45798e-05
3.57702 1.43738e-05
3.58362 1.42421e-05
3.59024 1.40436e-05
3.59687 1.3902e-05
3.60351 1.37104e-05
3.61017 1.35592e-05
3.61683 1.33771e-05
3.62351 1.32121e-05
3.6302 1.30432e-05
3.63691 1.28618e-05
3.64362 1.2712e-05
3.65035 1.2507e-05
3.65709 1.23886e-05
3.66384 1.21569e-05
3.67061 1.20891e-05
3.67739 1.18819e-05
3.68418 1.18119e-05
3.69098 1.16046e-05
3.6978 1.15329e-05
3.70463 1.13253e-05
3.71147 1.1253e-05
3.71832 1.10461e-05
3.72519 1.09716e-05
3.73207 1.07661e-05
3.73896 1.069e-05
3.74586 1.04877e-05
3.75278 1.04119e-05
3.75971 1.02135e-05
3.76665 1.0141e-05
3.77361 9.95839e-06
3.78058 9.89008e-06
3.78756 9.72792e-06
3.79455 9.65665e-06
3.80156 9.49585e-06
3.80858 9.42148e-06
3.81561 9.2623e-06
3.82266 9.1853e-06
3.82972 9.0281e-06
3.83679 8.9473e-06
3.84387 8.79327e-06
3.85097 8.71068e-06
3.85808 8.56053e-06
3.86521 8.47382e-06
3.87234 8.33182e-06
3.87949 8.2464e-06
3.88666 8.1203e-06
3.89384 8.03781e-06
3.90103 7.92757e-06
3.90823 7.83801e-06
3.91545 7.73416e-06
3.92268 7.6343e-06
3.92992 7.54007e-06
3.93718 7.42736e-06
3.94445 7.34445e-06
3.95173 7.20716e-06
3.95903 7.14942e-06
3.96634 6.99977e-06
3.97366 6.95551e-06
3.981 6.80801e-06
3.98835 6.76587e-06
3.99572 6.62921e-06
4.0031 6.59025e-06
4.01049 6.47015e-06
4.01789 6.42984e-06
4.02531 6.31051e-06
4.03275 6.26889e-06
4.04019 6.14982e-06
4.04765 6.107e-06
4.05513 5.98851e-06
4.06262 5.94434e-06
4.07012 5.82674e-06
4.07763 5.78162e-06
4.08516 5.66538e-06
4.09271 5.6206e-06
4.10027 5.50693e-06
4.10784 5.46351e-06
4.11542 5.35896e-06
4.12302 5.31816e-06
4.13064 5.22755e-06
4.13826 5.1851e-06
4.14591 5.09587e-06
4.15356 5.05045e-06
4.16123 4.96289e-06
4.16892 4.91475e-06
4.17661 4.82942e-06
4.18433 4.77845e-06
4.19205 4.69566e-06
4.19979 4.64141e-06
4.20755 4.56246e-06
4.21532 4.50442e-06
4.2231 4.43226e-06
4.2309 4.37266e-06
4.23871 4.31043e-06
4.24654 4.25233e-06
4.25438 4.20224e-06
4.26224 4.13445e-06
4.27011 4.09351e-06
4.278 4.00856e-06
4.2859 3.98399e-06
4.29381 3.89919e-06
4.30174 3.87389e-06
4.30968 3.78954e-06
4.31764 3.76396e-06
4.32561 3.68013e-06
4.3336 3.65455e-06
4.3416 3.57168e-06
4.34962 3.54742e-06
4.35765 3.46998e-06
4.3657 3.44814e-06
4.37376 3.38211e-06
4.38184 3.3594e-06
4.38993 3.29346e-06
4.39804 3.26967e-06
4.40616 3.20438e-06
4.41429 3.17969e-06
4.42245 3.11435e-06
4.43061 3.08904e-06
4.43879 3.02452e-06
4.44699 2.99821e-06
4.4552 2.93471e-06
4.46343 2.90782e-06
4.47167 2.84635e-06
4.47993 2.82001e-06
4.4882 2.76339e-06
4.49649 2.73918e-06
4.50479 2.69151e-06
4.51311 2.66572e-06
4.52144 2.6194e-06
4.52979 2.59115e-06
4.53816 2.54653e-06
4.54654 2.51599e-06
4.55493 2.47316e-06
4.56335 2.43988e-06
4.57177 2.40001e-06
4.58021 2.36296e-06
4.58867 2.3269e-06
4.59715 2.28531e-06
4.60564 2.25508e-06
4.61414 2.20682e-06
4.62266 2.18791e-06
4.6312 2.14214e-06
4.63975 2.12966e-06
4.64832 2.08377e-06
4.6569 2.07105e-06
4.6655 2.02515e-06
4.67411 2.01194e-06
4.68275 1.96612e-06
4.69139 1.95254e-06
4.70006 1.90675e-06
4.70874 1.89278e-06
4.71743 1.84757e-06
4.72614 1.83365e-06
4.73487 1.78904e-06
4.74361 1.77539e-06
4.75237 1.73351e-06
4.76115 1.7217e-06
4.76994 1.68678e-06
4.77875 1.67438e-06
4.78757 1.63973e-06
4.79641 1.62671e-06
4.80527 1.59241e-06
4.81414 1.57878e-06
4.82303 1.54462e-06
4.83194 1.53017e-06
4.84086 1.49686e-06
4.8498 1.48168e-06
4.85876 1.44903e-06
4.86773 1.43321e-06
4.87672 1.40195e-06
4.88572 1.38559e-06
4.89475 1.3573e-06
4.90378 1.34284e-06
4.91284 1.31983e-06
4.92191 1.30371e-06
4.931 1.28203e-06
4.94011 1.26421e-06
4.94923 1.24393e-06
4.95837 1.22373e-06
4.96752 1.20566e-06
4.9767 1.18184e-06
4.98589 1.16721e-06
4.99509 1.13632e-06
5.00432 1.1289e-06
5.01356 1.09833e-06
5.02282 1.09109e-06
5.03209 1.06191e-06
5.04138 1.05575e-06
5.05069 1.03223e-06
5.06002 1.02573e-06
5.06936 1.00227e-06
5.07873 9.95534e-07
5.0881 9.72034e-07
5.0975 9.65221e-07
5.10691 9.417e-07
5.11634 9.34566e-07
5.12579 9.11183e-07
5.13526 9.0387e-07
5.14474 8.80736e-07
5.15424 8.7326e-07
5.16376 8.50426e-07
5.17329 8.43099e-07
5.18285 8.21546e-07
5.19242 8.15248e-07
5.202 7.98024e-07
5.21161 7.91341e-07
5.22123 7.74245e-07
5.23088 7.67092e-07
5.24054 7.50343e-07
5.25021 7.42743e-07
5.25991 7.26178e-07
5.26962 7.1795e-07
5.27935 7.02029e-07
5.2891 6.93183e-07
5.29887 6.77833e-07
5.30865 6.68334e-07
5.31846 6.53956e-07
5.32828 6.43769e-07
5.33812 6.31166e-07
5.34797 6.2207e-07
5.35785 6.1261e-07
5.36774 6.02061e-07
5.37765 5.9392e-07
5.38758 5.81063e-07
5.39753 5.75069e-07
5.4075 5.59756e-07
5.41749 5.56087e-07
5.42749 5.40789e-07
5.43751 5.37048e-07
5.44755 5.21781e-07
5.45761 5.18052e-07
5.46769 5.02933e-07
5.47779 4.9924e-07
5.4879 4.84602e-07
5.49804 4.81597e-07
5.50819 4.70167e-07
5.51836 4.67009e-07
5.52855 4.55623e-07
5.53876 4.52339e-07
5.54899 4.40967e-07
5.55923 4.37543e-07
5.5695 4.26216e-07
5.57979 4.22604e-07
5.59009 4.11337e-07
5.60041 4.07603e-07
5.61075 3.96493e-07
5.62111 3.92636e-07
5.63149 3.81743e-07
5.64189 3.77827e-07
5.65231 3.67497e-07
5.66275 3.64197e-07
5.67321 3.56258e-07
5.68368 3.52667e-07
5.69418 3.44937e-07
5.70469 3.41047e-07
5.71523 3.3354e-07
5.72578 3.29253e-07
5.73635 3.22049e-07
5.74695 3.17333e-07
5.75756 3.10481e-07
5.76819 3.05163e-07
5.77884 2.98962e-07
5.78951 2.92986e-07
5.8002 2.87497e-07
5.81092 2.80548e-07
5.82165 2.76568e-07
5.8324 2.69326e-07
5.84317 2.67812e-07
5.85396 2.60644e-07
5.86477 2.59075e-07
5.8756 2.51906e-07
5.88645 2.50259e-07
5.89732 2.43092e-07
5.90821 2.41387e-07
5.91912 2.34224e-07
5.93005 2.32465e-07
5.941 2.25328e-07
5.95197 2.23547e-07
5.96296 2.1647e-07
5.97397 2.14727e-07
5.985 2.07859e-07
5.99605 2.06428e-07
6.00713 2.01146e-07
6.01822 1.9965e-07
6.02933 1.94499e-07
6.04047 1.92953e-07
6.05162 1.87785e-07
6.06279 1.86132e-07
6.07399 1.81036e-07
6.08521 1.7927e-07
6.09644 1.74243e-07
6.1077 1.7237e-07
6.11898 1.67426e-07
6.13028 1.65444e-07
6.1416 1.60666e-07
6.15294 1.58592e-07
6.1643 1.54138e-07
6.17569 1.52358e-07
6.18709 1.48979e-07
6.19851 1.47065e-07
6.20996 1.4394e-07
6.22143 1.41799e-07
6.23292 1.38838e-07
6.24443 1.36395e-07
6.25596 1.33705e-07
6.26751 1.30828e-07
6.27908 1.28531e-07
6.29068 1.25034e-07
6.30229 1.2338e-07
6.31393 1.19059e-07
6.32559 1.18247e-07
6.33727 1.1402e-07
6.34897 1.13362e-07
6.3607 1.10108e-07
6.37244 1.09451e-07
6.38421 1.06326e-07
6.396 1.05624e-07
6.40781 1.02511e-07
6.41964 1.01786e-07
6.4315 9.86677e-08
6.44338 9.79115e-08
6.45527 9.47796e-08
6.46719 9.39973e-08
6.47914 9.08953e-08
6.4911 9.00951e-08
6.50309 8.70285e-08
6.5151 8.62379e-08
6.52713 8.32669e-08
6.53918 8.26121e-08
6.55126 8.03134e-08
6.56335 7.96531e-08
6.57547 7.74857e-08
6.58761 7.67628e-08
6.59978 7.46238e-08
6.61197 7.38544e-08
6.62418 7.17471e-08
6.63641 7.09018e-08
6.64866 6.88427e-08
6.66094 6.79061e-08
6.67324 6.59402e-08
6.68556 6.49279e-08
6.69791 6.30432e-08
6.71028 6.19411e-08
6.72267 6.02616e-08
6.73508 5.92867e-08
6.74752 5.80534e-08
6.75998 5.69992e-08
6.77246 5.59501e-08
6.78497 5.46816e-08
6.7975 5.38258e-08
6.81005 5.2017e-08
6.82263 5.1685e-08
6.83522 4.9872e-08
6.84785 4.95305e-08
6.86049 4.77207e-08
6.87316 4.73715e-08
6.88585 4.55747e-08
6.89857 4.5226e-08
6.91131 4.3468e-08
6.92407 4.31902e-08
6.93686 4.18276e-08
6.94967 4.1556e-08
6.9625 4.02898e-08
6.97536 4.00036e-08
6.98824 3.87372e-08
7.00114 3.84378e-08
7.01407 3.71753e-08
7.02702 3.68639e-08
7.04 3.56003e-08
7.053 3.52716e-08
7.06602 3.40199e-08
7.07907 3.36779e-08
7.09214 3.2441e-08
7.10524 3.20925e-08
7.11836 3.09097e-08
7.1315 3.06121e-08
7.14467 2.97034e-08
7.15787 2.94041e-08
7.17108 2.85876e-08
7.18433 2.82546e-08
7.19759 2.74574e-08
7.21088 2.70949e-08
7.2242 2.6322e-08
7.23754 2.59109e-08
7.2509 2.51731e-08
7.26429 2.47069e-08
7.27771 2.40212e-08
7.29115 2.34977e-08
7.30461 2.28783e-08
7.3181 2.22629e-08
7.33161 2.17746e-08
7.34515 2.11764e-08
7.35872 2.08986e-08
7.3723 2.02081e-08
7.38592 2.00905e-08
7.39956 1.93971e-08
7.41322 1.92757e-08
7.42691 1.85804e-08
7.44062 1.84532e-08
7.45436 1.7756e-08
7.46813 1.76243e-08
7.48192 1.6928e-08
7.49574 1.67922e-08
7.50958 1.61016e-08
7.52345 1.5966e-08
7.53734 1.52902e-08
7.55126 1.51794e-08
7.5652 1.46521e-08
7.57917 1.45503e-08
7.59317 1.40777e-08
7.60719 1.39695e-08
7.62124 1.34988e-08
7.63531 1.33826e-08
7.64941 1.29136e-08
7.66353 1.27894e-08
7.67769 1.23245e-08
7.69186 1.2191e-08
7.70607 1.17328e-08
7.7203 1.15877e-08
7.73455 1.11411e-08
7.74884 1.09874e-08
7.76315 1.05664e-08
7.77748 1.04339e-08
7.79184 1.0111e-08
7.80623 9.97862e-09
7.82065 9.70459e-09
7.83509 9.55497e-09
7.84956 9.29542e-09
7.86405 9.12217e-09
7.87857 8.88181e-09
7.89312 8.6792e-09
7.9077 8.4642e-09
7.9223 8.21755e-09
7.93693 8.04527e-09
7.95158 7.71193e-09
7.96627 7.62882e-09
7.98098 7.26961e-09
7.99572 7.22643e-09
8.01048 6.94437e-09
8.02527 6.90508e-09
8.04009 6.66053e-09
8.05494 6.61913e-09
8.06981 6.37453e-09
8.08472 6.33129e-09
8.09965 6.0861e-09
8.1146 6.04071e-09
8.12959 5.79457e-09
8.1446 5.74664e-09
8.15964 5.50187e-09
8.17471 5.45329e-09
8.1898 5.20853e-09
8.20492 5.15988e-09
8.22008 4.92144e-09
8.23526 4.88104e-09
8.25046 4.69398e-09
8.2657 4.65693e-09
8.28096 4.49761e-09
8.29625 4.45777e-09
8.31157 4.30002e-09
8.32692 4.25643e-09
8.3423 4.10067e-09
8.3577 4.05206e-09
8.37314 3.89894e-09
8.3886 3.84505e-09
8.40409 3.69612e-09
8.41961 3.63723e-09
8.43516 3.49407e-09
8.45073 3.42859e-09
8.46634 3.29676e-09
8.48197 3.23668e-09
8.49763 3.13944e-09
8.51333 3.07955e-09
8.52905 3.0045e-09
8.5448 2.9327e-09
8.56057 2.86839e-09
8.57638 2.77801e-09
8.59222 2.73111e-09
8.60809 2.61005e-09
8.62398 2.5923e-09
8.63991 2.47123e-09
8.65586 2.45314e-09
8.67185 2.33228e-09
8.68786 2.31412e-09
8.7039 2.19468e-09
8.71997 2.1802e-09
8.73608 2.08515e-09
8.75221 2.07274e-09
8.76837 1.99453e-09
8.78456 1.98128e-09
8.80078 1.90309e-09
8.81704 1.88925e-09
8.83332 1.81082e-09
8.84963 1.7961e-09
8.86597 1.71736e-09
8.88234 1.70188e-09
8.89874 1.6236e-09
8.91518 1.60727e-09
8.93164 1.52978e-09
8.94813 1.51272e-09
8.96466 1.43744e-09
8.98121 1.42292e-09
8.9978 1.36333e-09
9.01441 1.35051e-09
9.03106 1.30237e-09
9.04773 1.28802e-09
9.06444 1.24101e-09
9.08118 1.22478e-09
9.09795 1.17897e-09
9.11475 1.16018e-09
9.13158 1.11643e-09
9.14844 1.0948e-09
9.16534 1.05336e-09
9.18226 1.02839e-09
9.19922 9.90331e-10
9.2162 9.60686e-10
9.23322 9.28973e-10
9.25027 8.99768e-10
9.26736 8.79358e-10
9.28447 8.4839e-10
9.30161 8.3908e-10
9.31879 8.03121e-10
9.336 7.98412e-10
9.35324 7.62328e-10
9.37051 7.57352e-10
9.38781 7.21115e-10
9.40515 7.15891e-10
9.42252 6.79491e-10
9.43992 6.74136e-10
9.45735 6.37892e-10
9.47481 6.32507e-10
9.49231 5.96737e-10
9.50984 5.92282e-10
9.5274 5.63295e-10
9.54499 5.59705e-10
9.56262 5.37135e-10
9.58027 5.33295e-10
9.59797 5.10675e-10
9.61569 5.0667e-10
9.63345 4.84039e-10
9.65123 4.79662e-10
9.66906 4.57102e-10
9.68691 4.52206e-10
9.7048 4.2994e-10
9.72272 4.24715e-10
9.74067 4.02797e-10
9.75866 3.97044e-10
9.77668 3.76016e-10
9.79474 3.70799e-10
9.81282 3.54211e-10
9.83094 3.49702e-10
9.8491 3.37287e-10
9.86728 3.32058e-10
9.88551 3.2025e-10
9.90376 3.14163e-10
9.92205 3.03025e-10
9.94037 2.95665e-10
9.95873 2.85593e-10
9.97712 2.76633e-10
9.99554 2.68058e-10
10.014 2.5681e-10
10.0325 2.50521e-10
10.051 2.34871e-10
10.0696 2.3341e-10
10.0882 2.20489e-10
10.1068 2.19366e-10
10.1255 2.09776e-10
10.1442 2.08591e-10
10.1629 1.98958e-10
10.1817 1.97712e-10
10.2005 1.88014e-10
10.2193 1.86724e-10
10.2382 1.76979e-10
10.2571 1.75623e-10
10.276 1.65852e-10
10.295 1.64448e-10
10.314 1.547e-10
10.333 1.53286e-10
10.3521 1.43652e-10
10.3712 1.42436e-10
10.3904 1.3449e-10
10.4096 1.33575e-10
10.4288 1.2779e-10
10.4481 1.26774e-10
10.4674 1.21024e-10
10.4867 1.19907e-10
10.5061 1.14185e-10
10.5255 1.12909e-10
10.5449 1.07279e-10
10.5644 1.0581e-10
10.5839 1.0031e-10
10.6034 9.86568e-11
10.623 9.33453e-11
10.6426 9.14368e-11
10.6623 8.6456e-11
10.682 8.46206e-11
10.7017 8.07433e-11
10.7214 7.92039e-11
10.7412 7.66211e-11
10.7611 7.47377e-11
10.7809 7.24526e-11
10.8008 7.00903e-11
10.8208 6.82463e-11
10.8408 6.50757e-11
10.8608 6.39863e-11
10.8809 6.01069e-11
10.9009 5.96981e-11
10.9211 5.58154e-11
10.9412 5.54066e-11
10.9614 5.15435e-11
10.9817 5.11947e-11
11.002 4.79385e-11
11.0223 4.77079e-11
11.0426 4.54506e-11
11.063 4.51975e-11
11.0835 4.29308e-11
11.1039 4.26706e-11
11.1244 4.03912e-11
11.145 4.01173e-11
11.1655 3.78249e-11
11.1862 3.75283e-11
11.2068 3.52352e-11
11.2275 3.4917e-11
11.2483 3.26317e-11
11.269 3.23014e-11
11.2898 3.00508e-11
11.3107 2.97509e-11
11.3316 2.7864e-11
11.3525 2.76464e-11
11.3735 2.63857e-11
11.3945 2.61344e-11
11.4155 2.48906e-11
11.4366 2.45933e-11
11.4577 2.33795e-11
11.4789 2.30291e-11
11.5001 2.18467e-11
11.5213 2.14261e-11
11.5426 2.03034e-11
11.5639 1.97921e-11
11.5852 1.87532e-11
11.6066 1.81445e-11
11.6281 1.72165e-11
11.6495 1.65679e-11
11.671 1.59217e-11
11.6926 1.53728e-11
11.7142 1.50596e-11
11.7358 1.42428e-11
11.7575 1.41875e-11
11.7792 1.33663e-11
11.801 1.33052e-11
11.8227 1.24794e-11
11.8446 1.24116e-11
11.8664 1.15806e-11
11.8884 1.15101e-11
11.9103 1.06761e-11
11.9323 1.06025e-11
11.9543 9.77252e-12
11.9764 9.70948e-12
11.9985 8.99008e-12
12.0207 8.95854e-12
12.0429 8.50064e-12
12.0651 8.46506e-12
12.0874 8.00466e-12
12.1097 7.96472e-12
12.1321 7.50188e-12
12.1545 7.45569e-12
12.1769 6.99272e-12
12.1994 6.93791e-12
12.2219 6.47623e-12
12.2445 6.41389e-12
12.2671 5.95526e-12
12.2898 5.8832e-12
12.3125 5.43682e-12
12.3352 5.36663e-12
12.358 4.98787e-12
12.3808 4.94239e-12
12.4037 4.71438e-12
12.4266 4.65362e-12
12.4495 4.43494e-12
12.4725 4.35946e-12
12.4955 4.15194e-12
12.5186 4.0555e-12
12.5417 3.86407e-12
12.5649 3.74017e-12
12.5881 3.57152e-12
12.6113 3.41075e-12
12.6346 3.2779e-12
12.658 3.05868e-12
12.6813 2.98422e-12
12.7048 2.73367e-12
12.7282 2.73134e-12
12.7517 2.58371e-12
12.7753 2.57957e-12
12.7989 2.43052e-12
12.8225 2.42541e-12
12.8462 2.2747e-12
12.8699 2.26891e-12
12.8937 2.11654e-12
12.9175 2.10892e-12
12.9413 1.95493e-12
12.9652 1.94569e-12
12.9892 1.79111e-12
13.0131 1.78212e-12
13.0372 1.62696e-12
13.0612 1.61843e-12
13.0854 1.48089e-12
13.1095 1.47827e-12
13.1337 1.39905e-12
13.158 1.39511e-12
13.1823 1.31559e-12
13.2066 1.30992e-12
13.231 1.23046e-12
13.2555 1.22276e-12
13.2799 1.14342e-12
13.3045 1.13299e-12
13.329 1.05447e-12
13.3536 1.04103e-12
13.3783 9.64648e-13
13.403 9.4801e-13
13.4277 8.74319e-13
13.4525 8.55453e-13
13.4774 7.93438e-13
13.5023 7.81839e-13
13.5272 7.49429e-13
13.5522 7.33913e-13
13.5772 7.04178e-13
13.6023 6.82921e-13
13.6274 6.57795e-13
13.6526 6.28106e-13
13.6778 6.10374e-13
13.703 5.6313e-13
13.7283 5.61635e-13
13.7537 5.14216e-13
13.7791 5.12577e-13
13.8045 4.6478e-13
13.83 4.6296e-13
13.8556 4.1894e-13
13.8811 4.1899e-13
13.9068 3.9531e-13
13.9325 3.95085e-13
13.9582 3.71124e-13
13.984 3.70594e-13
14.0098 3.46341e-13
14.0357 3.45511e-13
14.0616 3.20836e-13
14.0875 3.19711e-13
14.1136 2.94676e-13
14.1396 2.93343e-13
14.1657 2.68224e-13
14.1919 2.66617e-13
14.2181 2.41319e-13
14.2443 2.39608e-13
14.2706 2.16376e-13
14.297 2.1569e-13
14.3234 2.03627e-13
14.3499 2.02509e-13
14.3763 1.90444e-13
14.4029 1.88911e-13
14.4295 1.77016e-13
14.4561 1.74953e-13
14.4828 1.63245e-13
14.5096 1.60512e-13
14.5364 1.49089e-13
14.5632 1.45627e-13
14.5901 1.34853e-13
14.617 1.30348e-13
14.644 1.20347e-13
14.6711 1.1493e-13
14.6982 1.0695e-13
14.7253 1.03393e-13
14.7525 1.00067e-13
14.7797 9.50833e-14
14.807 9.30391e-14
14.8344 8.62291e-14
14.8618 8.58905e-14
14.8892 7.89804e-14
14.9167 7.85709e-14
14.9443 7.1573e-14
14.9719 7.11203e-14
14.9995 6.40729e-14
15.0272 6.36133e-14
15.055 5.65148e-14
15.0828 5.60115e-14
15.1106 4.92164e-14
15.1385 4.90298e-14
15.1665 4.56876e-14
15.1945 4.54812e-14
15.2225 4.21018e-14
15.2506 4.18964e-14
15.2788 3.84928e-14
15.307 3.82616e-14
15.3353 3.48173e-14
15.3636 3.45242e-14
15.392 3.10449e-14
15.4204 3.07062e-14
15.4489 2.72642e-14
15.4774 2.6886e-14
15.506 2.34758e-14
15.5346 2.30711e-14
15.5633 1.99232e-14
15.592 1.97636e-14
15.6208 1.86093e-14
15.6497 1.83682e-14
15.6786 1.72238e-14
15.7075 1.69452e-14
15.7365 1.59073e-14
15.7656 1.56138e-14
15.7947 1.46181e-14
15.8239 1.40938e-14
15.8531 1.30781e-14
15.8824 1.24598e-14
15.9117 1.17534e-14
15.9411 1.07459e-14
15.9705 9.46164e-15
16 0
