# 1:pT 2:PhotonSpectrum=dN/d^2xT d^2pT dy
0.01 142.283
0.0100185 141.996
0.010037 141.623
0.0100555 141.328
0.0100741 140.952
0.0100927 140.65
0.0101113 140.275
0.01013 139.967
0.0101487 139.591
0.0101674 139.271
0.0101862 138.889
0.010205 138.562
0.0102239 138.178
0.0102427 137.846
0.0102617 137.453
0.0102806 137.108
0.0102996 136.705
0.0103186 136.344
0.0103377 135.907
0.0103567 135.548
0.0103759 135.112
0.010395 134.75
0.0104142 134.318
0.0104335 133.944
0.0104527 133.518
0.010472 133.15
0.0104914 132.727
0.0105107 132.352
0.0105301 131.941
0.0105496 131.558
0.0105691 131.15
0.0105886 130.771
0.0106081 130.373
0.0106277 129.998
0.0106474 129.612
0.010667 129.228
0.0106867 128.851
0.0107065 128.464
0.0107262 128.093
0.010746 127.697
0.0107659 127.332
0.0107858 126.925
0.0108057 126.577
0.0108256 126.143
0.0108456 125.821
0.0108656 125.394
0.0108857 125.073
0.0109058 124.644
0.0109259 124.329
0.0109461 123.921
0.0109663 123.598
0.0109866 123.195
0.0110069 122.871
0.0110272 122.467
0.0110476 122.143
0.011068 121.744
0.0110884 121.42
0.0111089 121.021
0.0111294 120.695
0.0111499 120.297
0.0111705 119.973
0.0111912 119.58
0.0112118 119.255
0.0112325 118.871
0.0112533 118.548
0.0112741 118.175
0.0112949 117.846
0.0113157 117.475
0.0113366 117.149
0.0113576 116.784
0.0113785 116.452
0.0113995 116.093
0.0114206 115.757
0.0114417 115.394
0.0114628 115.059
0.011484 114.706
0.0115052 114.368
0.0115264 114.019
0.0115477 113.677
0.011569 113.344
0.0115904 113.001
0.0116118 112.679
0.0116332 112.328
0.0116547 112.014
0.0116762 111.641
0.0116978 111.355
0.0117194 110.974
0.0117411 110.691
0.0117627 110.313
0.0117845 110.031
0.0118062 109.655
0.011828 109.371
0.0118499 109.005
0.0118717 108.716
0.0118937 108.352
0.0119156 108.067
0.0119376 107.718
0.0119597 107.433
0.0119818 107.088
0.0120039 106.8
0.0120261 106.453
0.0120483 106.167
0.0120705 105.82
0.0120928 105.536
0.0121151 105.191
0.0121375 104.905
0.0121599 104.564
0.0121824 104.27
0.0122049 103.936
0.0122274 103.648
0.01225 103.322
0.0122726 103.031
0.0122953 102.715
0.012318 102.421
0.0123407 102.11
0.0123635 101.816
0.0123863 101.505
0.0124092 101.21
0.0124321 100.903
0.0124551 100.601
0.0124781 100.304
0.0125011 99.9985
0.0125242 99.7045
0.0125473 99.3923
0.0125705 99.1073
0.0125937 98.7886
0.012617 98.5203
0.0126403 98.1865
0.0126636 97.9407
0.012687 97.6119
0.0127104 97.3636
0.0127339 97.0367
0.0127574 96.7839
0.012781 96.4618
0.0128046 96.207
0.0128282 95.8869
0.0128519 95.6327
0.0128756 95.3133
0.0128994 95.0582
0.0129232 94.744
0.0129471 94.4907
0.012971 94.1805
0.012995 93.9273
0.0130189 93.6229
0.013043 93.3704
0.0130671 93.0703
0.0130912 92.8178
0.0131154 92.5202
0.0131396 92.2642
0.0131639 91.9716
0.0131882 91.7107
0.0132125 91.4164
0.0132369 91.1624
0.0132614 90.8706
0.0132859 90.613
0.0133104 90.3283
0.013335 90.0671
0.0133596 89.7848
0.0133843 89.5276
0.013409 89.2562
0.0134337 88.9991
0.0134585 88.731
0.0134834 88.4678
0.0135083 88.2066
0.0135332 87.9372
0.0135582 87.6834
0.0135833 87.4063
0.0136083 87.1584
0.0136335 86.8676
0.0136587 86.6379
0.0136839 86.3384
0.0137091 86.1184
0.0137345 85.8212
0.0137598 85.603
0.0137852 85.3156
0.0138107 85.0975
0.0138362 84.8172
0.0138617 84.5932
0.0138873 84.3128
0.013913 84.089
0.0139387 83.8123
0.0139644 83.5884
0.0139902 83.3136
0.014016 83.0866
0.0140419 82.8137
0.0140678 82.5904
0.0140938 82.3146
0.0141198 82.0935
0.0141459 81.8239
0.014172 81.6041
0.0141982 81.342
0.0142244 81.1177
0.0142507 80.8604
0.014277 80.6383
0.0143034 80.3844
0.0143298 80.1568
0.0143563 79.9062
0.0143828 79.675
0.0144093 79.4296
0.0144359 79.1958
0.0144626 78.95
0.0144893 78.7181
0.0145161 78.4773
0.0145429 78.2419
0.0145697 78.0072
0.0145966 77.7731
0.0146236 77.5458
0.0146506 77.3073
0.0146776 77.0875
0.0147047 76.8422
0.0147319 76.6286
0.0147591 76.3651
0.0147863 76.1717
0.0148136 75.9091
0.014841 75.713
0.0148684 75.4527
0.0148959 75.2554
0.0149234 75.0005
0.0149509 74.8012
0.0149785 74.5494
0.0150062 74.3526
0.0150339 74.1069
0.0150617 73.9121
0.0150895 73.6711
0.0151173 73.4753
0.0151453 73.2357
0.0151732 73.0375
0.0152012 72.7995
0.0152293 72.5998
0.0152574 72.362
0.0152856 72.1648
0.0153138 71.9299
0.0153421 71.7318
0.0153705 71.5012
0.0153988 71.2992
0.0154273 71.0713
0.0154558 70.8733
0.0154843 70.6503
0.0155129 70.4527
0.0155415 70.2342
0.0155702 70.0333
0.015599 69.8164
0.0156278 69.6147
0.0156567 69.3995
0.0156856 69.1964
0.0157145 68.985
0.0157435 68.7766
0.0157726 68.5718
0.0158017 68.3588
0.0158309 68.1598
0.0158602 67.9435
0.0158894 67.7513
0.0159188 67.5283
0.0159482 67.3508
0.0159776 67.1222
0.0160071 66.9509
0.0160367 66.7238
0.0160663 66.5524
0.016096 66.3261
0.0161257 66.1549
0.0161555 65.9329
0.0161853 65.7563
0.0162152 65.5361
0.0162451 65.3602
0.0162751 65.1408
0.0163052 64.9664
0.0163353 64.7504
0.0163655 64.5757
0.0163957 64.3661
0.016426 64.1943
0.0164563 63.9849
0.0164867 63.8125
0.0165171 63.6043
0.0165476 63.431
0.0165782 63.2256
0.0166088 63.0504
0.0166395 62.8458
0.0166702 62.6703
0.016701 62.4704
0.0167318 62.2915
0.0167627 62.0947
0.0167937 61.914
0.0168247 61.7224
0.0168558 61.5436
0.0168869 61.3528
0.0169181 61.176
0.0169493 60.9903
0.0169806 60.8092
0.017012 60.6271
0.0170434 60.4436
0.0170748 60.2653
0.0171064 60.0777
0.017138 59.9042
0.0171696 59.7104
0.0172013 59.5427
0.0172331 59.3346
0.0172649 59.1843
0.0172968 58.9781
0.0173287 58.8276
0.0173607 58.627
0.0173928 58.4761
0.0174249 58.2819
0.0174571 58.1297
0.0174893 57.9362
0.0175216 57.7817
0.017554 57.5901
0.0175864 57.4357
0.0176189 57.2452
0.0176514 57.0909
0.017684 56.901
0.0177166 56.7455
0.0177494 56.5578
0.0177821 56.4028
0.017815 56.2153
0.0178479 56.0633
0.0178808 55.881
0.0179138 55.7299
0.0179469 55.5518
0.0179801 55.3961
0.0180133 55.2188
0.0180465 55.0646
0.0180799 54.8897
0.0181132 54.7331
0.0181467 54.5608
0.0181802 54.4008
0.0182138 54.2297
0.0182474 54.0709
0.0182811 53.9023
0.0183149 53.7438
0.0183487 53.5798
0.0183826 53.4175
0.0184165 53.26
0.0184505 53.0975
0.0184846 52.9451
0.0185187 52.7791
0.0185529 52.6285
0.0185872 52.4569
0.0186215 52.3148
0.0186559 52.1339
0.0186903 51.9989
0.0187248 51.8217
0.0187594 51.6859
0.0187941 51.5077
0.0188288 51.3733
0.0188635 51.1999
0.0188984 51.0631
0.0189333 50.8935
0.0189682 50.7587
0.0190033 50.5914
0.0190384 50.4571
0.0190735 50.2916
0.0191087 50.1558
0.019144 49.9911
0.0191794 49.8567
0.0192148 49.6902
0.0192503 49.5552
0.0192858 49.3917
0.0193214 49.2559
0.0193571 49.0939
0.0193929 48.9571
0.0194287 48.7982
0.0194645 48.6606
0.0195005 48.5052
0.0195365 48.3687
0.0195726 48.2178
0.0196087 48.0781
0.0196449 47.9304
0.0196812 47.7908
0.0197175 47.641
0.019754 47.5003
0.0197904 47.354
0.019827 47.2113
0.0198636 47.0669
0.0199003 46.9231
0.019937 46.7829
0.0199738 46.6356
0.0200107 46.501
0.0200477 46.3516
0.0200847 46.2211
0.0201218 46.0631
0.0201589 45.9473
0.0201962 45.7891
0.0202335 45.6722
0.0202708 45.5156
0.0203082 45.3959
0.0203457 45.2424
0.0203833 45.1227
0.020421 44.9701
0.0204587 44.8501
0.0204964 44.6981
0.0205343 44.5771
0.0205722 44.4281
0.0206102 44.3093
0.0206483 44.1622
0.0206864 44.0429
0.0207246 43.9
0.0207629 43.7808
0.0208012 43.6369
0.0208396 43.5189
0.0208781 43.3753
0.0209166 43.257
0.0209553 43.1152
0.020994 42.9925
0.0210327 42.8532
0.0210716 42.7326
0.0211105 42.5942
0.0211495 42.4722
0.0211885 42.3373
0.0212277 42.2134
0.0212669 42.0825
0.0213061 41.9611
0.0213455 41.8336
0.0213849 41.7108
0.0214244 41.584
0.0214639 41.4588
0.0215036 41.3348
0.0215433 41.2074
0.0215831 41.0864
0.0216229 40.9568
0.0216628 40.8383
0.0217028 40.7027
0.0217429 40.5914
0.0217831 40.4496
0.0218233 40.3451
0.0218636 40.2072
0.021904 40.1036
0.0219444 39.9671
0.0219849 39.8642
0.0220255 39.7303
0.0220662 39.6234
0.022107 39.4919
0.0221478 39.3854
0.0221887 39.2529
0.0222297 39.147
0.0222707 39.0161
0.0223118 38.9091
0.022353 38.7788
0.0223943 38.6738
0.0224357 38.5434
0.0224771 38.4394
0.0225186 38.3121
0.0225602 38.2078
0.0226018 38.0845
0.0226436 37.9796
0.0226854 37.8582
0.0227273 37.7508
0.0227692 37.6295
0.0228113 37.5223
0.0228534 37.4034
0.0228956 37.2944
0.0229379 37.1777
0.0229803 37.0676
0.0230227 36.9498
0.0230652 36.8406
0.0231078 36.7262
0.0231505 36.6172
0.0231932 36.5056
0.023236 36.3962
0.023279 36.2891
0.0233219 36.1769
0.023365 36.0725
0.0234082 35.9572
0.0234514 35.855
0.0234947 35.7317
0.0235381 35.6397
0.0235815 35.5151
0.0236251 35.4233
0.0236687 35.2997
0.0237124 35.2074
0.0237562 35.0864
0.0238001 34.9943
0.023844 34.8757
0.0238881 34.7836
0.0239322 34.6672
0.0239764 34.574
0.0240206 34.4596
0.024065 34.3668
0.0241094 34.2529
0.0241539 34.1587
0.0241985 34.0449
0.0242432 33.9513
0.024288 33.8378
0.0243329 33.7449
0.0243778 33.6322
0.0244228 33.5392
0.0244679 33.4279
0.0245131 33.3329
0.0245583 33.2248
0.0246037 33.1329
0.0246491 33.0282
0.0246946 32.9342
0.0247402 32.8311
0.0247859 32.7352
0.0248317 32.6326
0.0248776 32.5365
0.0249235 32.4355
0.0249695 32.3384
0.0250156 32.2385
0.0250618 32.1397
0.0251081 32.0423
0.0251545 31.9432
0.0252009 31.8482
0.0252475 31.7476
0.0252941 31.6555
0.0253408 31.5541
0.0253876 31.4675
0.0254345 31.3592
0.0254814 31.2783
0.0255285 31.1712
0.0255756 31.0904
0.0256229 30.9823
0.0256702 30.901
0.0257176 30.7955
0.0257651 30.7129
0.0258126 30.6082
0.0258603 30.5258
0.0259081 30.422
0.0259559 30.3399
0.0260038 30.238
0.0260518 30.1574
0.0261 30.0585
0.0261482 29.9769
0.0261964 29.8779
0.0262448 29.7963
0.0262933 29.698
0.0263418 29.6159
0.0263905 29.5188
0.0264392 29.436
0.026488 29.3399
0.0265369 29.2556
0.0265859 29.1603
0.026635 29.0767
0.0266842 28.9831
0.0267335 28.8995
0.0267829 28.8079
0.0268323 28.7246
0.0268819 28.6343
0.0269315 28.5511
0.0269812 28.4629
0.0270311 28.3782
0.027081 28.2905
0.027131 28.2043
0.0271811 28.1195
0.0272313 28.0312
0.0272816 27.9484
0.0273319 27.8578
0.0273824 27.7772
0.027433 27.6815
0.0274836 27.6086
0.0275344 27.5113
0.0275852 27.441
0.0276362 27.3473
0.0276872 27.2768
0.0277383 27.1834
0.0277896 27.1125
0.0278409 27.0207
0.0278923 26.9482
0.0279438 26.8564
0.0279954 26.7836
0.0280471 26.6931
0.0280989 26.6207
0.0281508 26.5312
0.0282027 26.458
0.0282548 26.3688
0.028307 26.2965
0.0283593 26.2082
0.0284116 26.1377
0.0284641 26.0523
0.0285167 25.9814
0.0285693 25.8965
0.0286221 25.8234
0.0286749 25.7398
0.0287279 25.6674
0.0287809 25.5848
0.0288341 25.5107
0.0288873 25.4294
0.0289407 25.3541
0.0289941 25.2742
0.0290477 25.1989
0.0291013 25.1195
0.029155 25.0448
0.0292089 24.967
0.0292628 24.8926
0.0293168 24.8182
0.029371 24.7423
0.0294252 24.669
0.0294796 24.5911
0.029534 24.5193
0.0295885 24.4397
0.0296432 24.371
0.0296979 24.2849
0.0297527 24.2222
0.0298077 24.1371
0.0298627 24.074
0.0299179 23.9899
0.0299731 23.9262
0.0300285 23.8441
0.0300839 23.7807
0.0301395 23.7013
0.0301951 23.6383
0.0302509 23.5591
0.0303068 23.4954
0.0303627 23.4173
0.0304188 23.3539
0.030475 23.2761
0.0305312 23.2118
0.0305876 23.134
0.0306441 23.0698
0.0307007 22.9926
0.0307574 22.9286
0.0308142 22.8528
0.0308711 22.7885
0.0309281 22.7142
0.0309852 22.6497
0.0310424 22.5769
0.0310997 22.5135
0.0311572 22.4413
0.0312147 22.3771
0.0312723 22.3057
0.0313301 22.2403
0.0313879 22.169
0.0314459 22.1034
0.031504 22.0335
0.0315621 21.9676
0.0316204 21.8988
0.0316788 21.8312
0.0317373 21.7647
0.0317959 21.6962
0.0318546 21.6322
0.0319135 21.5636
0.0319724 21.502
0.0320314 21.4299
0.0320906 21.373
0.0321498 21.2984
0.0322092 21.2429
0.0322687 21.1687
0.0323283 21.1132
0.032388 21.0397
0.0324478 20.984
0.0325077 20.912
0.0325677 20.855
0.0326279 20.7833
0.0326881 20.727
0.0327485 20.6565
0.0328089 20.6011
0.0328695 20.5329
0.0329302 20.4768
0.032991 20.4093
0.033052 20.3536
0.033113 20.2849
0.0331741 20.2296
0.0332354 20.1619
0.0332968 20.106
0.0333583 20.0391
0.0334199 19.9821
0.0334816 19.9158
0.0335434 19.8592
0.0336053 19.7944
0.0336674 19.737
0.0337296 19.6734
0.0337919 19.6163
0.0338543 19.5552
0.0339168 19.4975
0.0339794 19.4365
0.0340421 19.3788
0.034105 19.3186
0.034168 19.26
0.0342311 19.201
0.0342943 19.1414
0.0343576 19.0838
0.0344211 19.023
0.0344846 18.9668
0.0345483 18.9042
0.0346121 18.8505
0.034676 18.7836
0.0347401 18.7357
0.0348042 18.671
0.0348685 18.6228
0.0349329 18.5588
0.0349974 18.5101
0.035062 18.4471
0.0351267 18.3975
0.0351916 18.3349
0.0352566 18.2852
0.0353217 18.2228
0.0353869 18.1734
0.0354523 18.1115
0.0355177 18.0622
0.0355833 18.0009
0.035649 17.9512
0.0357149 17.8909
0.0357808 17.8416
0.0358469 17.7825
0.0359131 17.7339
0.0359794 17.6756
0.0360458 17.6268
0.0361124 17.5691
0.0361791 17.5189
0.0362459 17.4615
0.0363128 17.4114
0.0363799 17.3547
0.0364471 17.3041
0.0365144 17.2481
0.0365818 17.197
0.0366493 17.1419
0.036717 17.0911
0.0367848 17.0368
0.0368527 16.9868
0.0369208 16.9341
0.036989 16.8828
0.0370573 16.8321
0.0371257 16.7798
0.0371943 16.73
0.0372629 16.6763
0.0373318 16.6279
0.0374007 16.5717
0.0374698 16.5264
0.037539 16.4678
0.0376083 16.4244
0.0376777 16.3667
0.0377473 16.3235
0.037817 16.2662
0.0378868 16.2238
0.0379568 16.1689
0.0380269 16.1254
0.0380971 16.0712
0.0381675 16.0277
0.0382379 15.9734
0.0383085 15.9301
0.0383793 15.8764
0.0384502 15.8324
0.0385212 15.7792
0.0385923 15.7356
0.0386636 15.6819
0.038735 15.6386
0.0388065 15.5854
0.0388781 15.542
0.0389499 15.4899
0.0390219 15.4467
0.0390939 15.3961
0.0391661 15.3528
0.0392384 15.3034
0.0393109 15.2593
0.0393835 15.2105
0.0394562 15.1656
0.0395291 15.1177
0.0396021 15.0727
0.0396752 15.0244
0.0397485 14.9794
0.0398219 14.932
0.0398954 14.8864
0.0399691 14.8402
0.0400429 14.794
0.0401168 14.7493
0.0401909 14.7031
0.0402651 14.6602
0.0403395 14.6128
0.040414 14.5712
0.0404886 14.52
0.0405633 14.4825
0.0406383 14.4316
0.0407133 14.3938
0.0407885 14.3431
0.0408638 14.3049
0.0409393 14.2551
0.0410149 14.2169
0.0410906 14.1675
0.0411665 14.1288
0.0412425 14.0803
0.0413186 14.0422
0.0413949 13.9951
0.0414714 13.9574
0.041548 13.9107
0.0416247 13.8723
0.0417016 13.8262
0.0417786 13.7877
0.0418557 13.7413
0.041933 13.7033
0.0420104 13.6572
0.042088 13.619
0.0421657 13.5737
0.0422436 13.5345
0.0423216 13.4896
0.0423998 13.4511
0.042478 13.407
0.0425565 13.3685
0.0426351 13.3258
0.0427138 13.2867
0.0427927 13.2446
0.0428717 13.2055
0.0429509 13.1639
0.0430302 13.1246
0.0431096 13.0836
0.0431892 13.0429
0.043269 13.0032
0.0433489 12.962
0.0434289 12.9231
0.0435091 12.8812
0.0435895 12.8431
0.04367 12.7998
0.0437506 12.7644
0.0438314 12.7197
0.0439124 12.6863
0.0439934 12.6431
0.0440747 12.6096
0.0441561 12.5658
0.0442376 12.5324
0.0443193 12.4895
0.0444011 12.4552
0.0444831 12.4126
0.0445653 12.3786
0.0446476 12.3357
0.04473 12.302
0.0448126 12.2598
0.0448954 12.2258
0.0449783 12.184
0.0450613 12.1508
0.0451445 12.1096
0.0452279 12.0766
0.0453114 12.0364
0.0453951 12.0028
0.0454789 11.963
0.0455629 11.9292
0.045647 11.8897
0.0457313 11.8554
0.0458158 11.8163
0.0459004 11.782
0.0459851 11.7434
0.0460701 11.7087
0.0461551 11.6711
0.0462404 11.6361
0.0463257 11.5986
0.0464113 11.5641
0.046497 11.528
0.0465829 11.4933
0.0466689 11.4579
0.0467551 11.4227
0.0468414 11.3882
0.0469279 11.352
0.0470145 11.3185
0.0471014 11.2813
0.0471883 11.2484
0.0472755 11.2083
0.0473628 11.1792
0.0474502 11.1392
0.0475379 11.11
0.0476256 11.0706
0.0477136 11.0412
0.0478017 11.0033
0.04789 10.974
0.0479784 10.9368
0.048067 10.9072
0.0481558 10.87
0.0482447 10.8401
0.0483338 10.8035
0.048423 10.7739
0.0485124 10.7371
0.048602 10.7071
0.0486918 10.6708
0.0487817 10.641
0.0488718 10.6046
0.048962 10.5752
0.0490524 10.5391
0.049143 10.5101
0.0492338 10.475
0.0493247 10.4452
0.0494158 10.4111
0.049507 10.3816
0.0495984 10.3476
0.04969 10.3176
0.0497818 10.2842
0.0498737 10.2534
0.0499658 10.2205
0.0500581 10.1898
0.0501505 10.1574
0.0502431 10.1265
0.0503359 10.0943
0.0504288 10.0629
0.050522 10.0319
0.0506153 10.0006
0.0507087 9.97059
0.0508024 9.93907
0.0508962 9.90991
0.0509902 9.87712
0.0510843 9.84934
0.0511786 9.8146
0.0512732 9.78848
0.0513678 9.75429
0.0514627 9.72821
0.0515577 9.69371
0.0516529 9.66785
0.0517483 9.63399
0.0518439 9.60753
0.0519396 9.57426
0.0520355 9.54812
0.0521316 9.51534
0.0522279 9.48953
0.0523243 9.45766
0.0524209 9.43154
0.0525177 9.39986
0.0526147 9.37386
0.0527119 9.34188
0.0528092 9.31599
0.0529067 9.28437
0.0530044 9.25813
0.0531023 9.22691
0.0532004 9.20073
0.0532986 9.17002
0.053397 9.14337
0.0534956 9.11292
0.0535944 9.08662
0.0536934 9.0573
0.0537925 9.03094
0.0538919 9.00239
0.0539914 8.97566
0.0540911 8.94672
0.054191 8.92
0.054291 8.89175
0.0543913 8.86475
0.0544917 8.83681
0.0545924 8.80924
0.0546932 8.78215
0.0547942 8.75404
0.0548954 8.72775
0.0549967 8.69883
0.0550983 8.67339
0.0552 8.64312
0.055302 8.6204
0.0554041 8.59025
0.0555064 8.5677
0.0556089 8.53769
0.0557116 8.51509
0.0558144 8.48539
0.0559175 8.4625
0.0560208 8.43328
0.0561242 8.41012
0.0562279 8.38076
0.0563317 8.35756
0.0564357 8.32872
0.0565399 8.30567
0.0566443 8.27722
0.0567489 8.25409
0.0568537 8.22608
0.0569587 8.20335
0.0570639 8.17583
0.0571693 8.15324
0.0572748 8.12575
0.0573806 8.10295
0.0574866 8.07566
0.0575927 8.05231
0.0576991 8.0254
0.0578056 8.00231
0.0579124 7.97571
0.0580193 7.95226
0.0581264 7.9262
0.0582338 7.9024
0.0583413 7.87675
0.058449 7.85315
0.058557 7.82815
0.0586651 7.8047
0.0587734 7.78032
0.058882 7.75639
0.0589907 7.73253
0.0590996 7.70833
0.0592088 7.68486
0.0593181 7.66014
0.0594276 7.6371
0.0595374 7.61173
0.0596473 7.58982
0.0597575 7.56261
0.0598678 7.5425
0.0599784 7.51565
0.0600891 7.49575
0.0602001 7.46909
0.0603112 7.44933
0.0604226 7.42385
0.0605342 7.4037
0.060646 7.37844
0.060758 7.35817
0.0608702 7.33285
0.0609826 7.31256
0.0610952 7.2875
0.061208 7.26726
0.061321 7.24232
0.0614343 7.22192
0.0615477 7.19702
0.0616614 7.17678
0.0617752 7.15224
0.0618893 7.13209
0.0620036 7.10814
0.0621181 7.08815
0.0622328 7.06491
0.0623477 7.04447
0.0624628 7.02121
0.0625782 7.00089
0.0626937 6.97797
0.0628095 6.95762
0.0629255 6.93481
0.0630417 6.91403
0.0631581 6.89134
0.0632747 6.87062
0.0633916 6.84846
0.0635086 6.8275
0.0636259 6.80576
0.0637434 6.78457
0.0638611 6.76379
0.063979 6.74256
0.0640972 6.72246
0.0642155 6.70071
0.0643341 6.68089
0.0644529 6.65786
0.0645719 6.63977
0.0646912 6.61604
0.0648106 6.59844
0.0649303 6.57483
0.0650502 6.55725
0.0651703 6.53385
0.0652907 6.51626
0.0654113 6.49331
0.065532 6.47544
0.0656531 6.45285
0.0657743 6.43519
0.0658957 6.41343
0.0660174 6.3958
0.0661393 6.37415
0.0662615 6.3562
0.0663838 6.33457
0.0665064 6.31668
0.0666292 6.29499
0.0667523 6.27738
0.0668755 6.25577
0.066999 6.23814
0.0671227 6.21681
0.0672467 6.19862
0.0673709 6.17774
0.0674953 6.16003
0.0676199 6.13964
0.0677448 6.12178
0.0678699 6.1021
0.0679952 6.08399
0.0681208 6.0645
0.0682466 6.04625
0.0683726 6.02676
0.0684988 6.00855
0.0686253 5.98927
0.0687521 5.97072
0.068879 5.95203
0.0690062 5.93317
0.0691336 5.91486
0.0692613 5.89559
0.0693892 5.87779
0.0695173 5.85825
0.0696457 5.8414
0.0697743 5.82085
0.0699031 5.80553
0.0700322 5.78508
0.0701616 5.76959
0.0702911 5.74925
0.0704209 5.73362
0.070551 5.71354
0.0706812 5.6977
0.0708118 5.67769
0.0709425 5.66195
0.0710735 5.64206
0.0712048 5.62635
0.0713362 5.60678
0.071468 5.59118
0.0716 5.57194
0.0717322 5.55638
0.0718646 5.53763
0.0719973 5.52202
0.0721303 5.50337
0.0722635 5.48777
0.0723969 5.46932
0.0725306 5.45364
0.0726645 5.43533
0.0727987 5.41935
0.0729332 5.40106
0.0730678 5.38533
0.0732028 5.36726
0.0733379 5.35143
0.0734734 5.33366
0.073609 5.3177
0.073745 5.30021
0.0738812 5.28454
0.0740176 5.26764
0.0741543 5.25177
0.0742912 5.23509
0.0744284 5.2188
0.0745658 5.20264
0.0747035 5.18595
0.0748415 5.1701
0.0749797 5.15307
0.0751181 5.13762
0.0752568 5.11971
0.0753958 5.10546
0.075535 5.08694
0.0756745 5.07326
0.0758143 5.05502
0.0759543 5.04163
0.0760945 5.02397
0.076235 5.01058
0.0763758 4.9932
0.0765168 4.97938
0.0766581 4.96203
0.0767997 4.94822
0.0769415 4.93107
0.0770836 4.91729
0.0772259 4.90026
0.0773685 4.88631
0.0775114 4.86941
0.0776545 4.85566
0.0777979 4.83866
0.0779416 4.82503
0.0780855 4.80842
0.0782297 4.79494
0.0783742 4.77885
0.0785189 4.76519
0.0786639 4.74915
0.0788092 4.73547
0.0789547 4.71969
0.0791005 4.70576
0.0792466 4.69013
0.0793929 4.67601
0.0795395 4.6607
0.0796864 4.64649
0.0798335 4.63119
0.0799809 4.61706
0.0801286 4.60199
0.0802766 4.58766
0.0804248 4.57314
0.0805734 4.55901
0.0807221 4.54503
0.0808712 4.53049
0.0810205 4.51677
0.0811702 4.50181
0.08132 4.48858
0.0814702 4.47244
0.0816207 4.46049
0.0817714 4.44442
0.0819224 4.43239
0.0820737 4.41646
0.0822252 4.40438
0.0823771 4.3887
0.0825292 4.37658
0.0826816 4.36111
0.0828342 4.3491
0.0829872 4.33421
0.0831405 4.32226
0.083294 4.3074
0.0834478 4.29541
0.0836019 4.28063
0.0837563 4.26846
0.0839109 4.25378
0.0840659 4.24156
0.0842211 4.22683
0.0843766 4.21479
0.0845325 4.20025
0.0846885 4.1882
0.0848449 4.17389
0.0850016 4.16161
0.0851586 4.1475
0.0853158 4.13552
0.0854734 4.12189
0.0856312 4.10978
0.0857893 4.09626
0.0859478 4.08399
0.0861065 4.07054
0.0862655 4.05827
0.0864248 4.04492
0.0865844 4.03261
0.0867442 4.01948
0.0869044 4.00675
0.0870649 3.99411
0.0872257 3.98117
0.0873868 3.96884
0.0875481 3.95577
0.0877098 3.94384
0.0878718 3.93053
0.088034 3.91945
0.0881966 3.9055
0.0883594 3.89488
0.0885226 3.88112
0.0886861 3.87052
0.0888498 3.85663
0.0890139 3.84611
0.0891783 3.83248
0.089343 3.82167
0.0895079 3.80815
0.0896732 3.79739
0.0898388 3.78391
0.0900047 3.77332
0.0901709 3.7601
0.0903374 3.7495
0.0905043 3.73675
0.0906714 3.72625
0.0908388 3.71337
0.0910066 3.70287
0.0911746 3.69012
0.091343 3.67953
0.0915116 3.6669
0.0916806 3.65621
0.0918499 3.6437
0.0920195 3.63293
0.0921895 3.62062
0.0923597 3.60979
0.0925303 3.59768
0.0927011 3.58674
0.0928723 3.57494
0.0930438 3.56426
0.0932156 3.55257
0.0933877 3.54183
0.0935602 3.53042
0.093733 3.51946
0.0939061 3.50822
0.0940795 3.49711
0.0942532 3.48613
0.0944272 3.47477
0.0946016 3.46409
0.0947763 3.45238
0.0949513 3.44201
0.0951266 3.4294
0.0953023 3.42021
0.0954783 3.40769
0.0956546 3.39859
0.0958312 3.3865
0.0960082 3.37727
0.0961855 3.3654
0.0963631 3.35612
0.0965411 3.34435
0.0967193 3.33489
0.0968979 3.32319
0.0970769 3.31377
0.0972561 3.30213
0.0974357 3.29281
0.0976156 3.28117
0.0977959 3.27173
0.0979765 3.26031
0.0981574 3.25087
0.0983387 3.23947
0.0985203 3.23037
0.0987022 3.21928
0.0988845 3.21013
0.0990671 3.1992
0.09925 3.18979
0.0994333 3.17894
0.0996169 3.16962
0.0998008 3.15887
0.0999851 3.14946
0.10017 3.13887
0.100355 3.12921
0.10054 3.11876
0.100726 3.10916
0.100912 3.09888
0.101098 3.08927
0.101285 3.07923
0.101472 3.06955
0.101659 3.05991
0.101847 3.05011
0.102035 3.04072
0.102223 3.03074
0.102412 3.02143
0.102601 3.01107
0.102791 3.00236
0.102981 2.99135
0.103171 2.9831
0.103361 2.97236
0.103552 2.96409
0.103743 2.95324
0.103935 2.94509
0.104127 2.93455
0.104319 2.92628
0.104512 2.9161
0.104705 2.9079
0.104898 2.89769
0.105092 2.88957
0.105286 2.87945
0.10548 2.87122
0.105675 2.86112
0.10587 2.85295
0.106066 2.84284
0.106262 2.83466
0.106458 2.82471
0.106654 2.81646
0.106851 2.80661
0.107049 2.79841
0.107246 2.78875
0.107444 2.78051
0.107643 2.77112
0.107841 2.76295
0.108041 2.7537
0.10824 2.74542
0.10844 2.73634
0.10864 2.72794
0.108841 2.71881
0.109042 2.7104
0.109243 2.70145
0.109445 2.6929
0.109647 2.68413
0.10985 2.67551
0.110052 2.66694
0.110256 2.65818
0.110459 2.64996
0.110663 2.64108
0.110868 2.63312
0.111072 2.62359
0.111277 2.61651
0.111483 2.60698
0.111689 2.59986
0.111895 2.59039
0.112102 2.58317
0.112309 2.57383
0.112516 2.5666
0.112724 2.55736
0.112932 2.55006
0.11314 2.54086
0.113349 2.53354
0.113559 2.52454
0.113768 2.51743
0.113978 2.50861
0.114189 2.5014
0.1144 2.49274
0.114611 2.48554
0.114823 2.47683
0.115035 2.46971
0.115247 2.46103
0.11546 2.45387
0.115673 2.44525
0.115887 2.43792
0.116101 2.42943
0.116315 2.42222
0.11653 2.4138
0.116745 2.4065
0.116961 2.39833
0.117177 2.39098
0.117393 2.38301
0.11761 2.37574
0.117827 2.36795
0.118045 2.36057
0.118263 2.35281
0.118481 2.34526
0.1187 2.33769
0.118919 2.33005
0.119139 2.32267
0.119359 2.31486
0.119579 2.30764
0.1198 2.29959
0.120021 2.29275
0.120243 2.28425
0.120465 2.27795
0.120687 2.26974
0.12091 2.2635
0.121133 2.25528
0.121357 2.24905
0.121581 2.24097
0.121806 2.23456
0.12203 2.2266
0.122256 2.22021
0.122482 2.21219
0.122708 2.20583
0.122934 2.19793
0.123161 2.19155
0.123389 2.1837
0.123617 2.17736
0.123845 2.16949
0.124074 2.16327
0.124303 2.15565
0.124532 2.14937
0.124762 2.14194
0.124993 2.13562
0.125223 2.12826
0.125455 2.12183
0.125686 2.11445
0.125918 2.10804
0.126151 2.10081
0.126384 2.09433
0.126617 2.08721
0.126851 2.08067
0.127085 2.0735
0.12732 2.06702
0.127555 2.06008
0.127791 2.05362
0.128027 2.04686
0.128263 2.04032
0.1285 2.03381
0.128737 2.0271
0.128975 2.02074
0.129213 2.01384
0.129452 2.0076
0.129691 2.00031
0.12993 1.99465
0.13017 1.98717
0.130411 1.98162
0.130651 1.97421
0.130893 1.9687
0.131134 1.96139
0.131376 1.95591
0.131619 1.94886
0.131862 1.94331
0.132106 1.93634
0.13235 1.93079
0.132594 1.9239
0.132839 1.91832
0.133084 1.91151
0.13333 1.90586
0.133576 1.89903
0.133823 1.89343
0.13407 1.88661
0.134317 1.88105
0.134565 1.87428
0.134814 1.86871
0.135063 1.86205
0.135312 1.85643
0.135562 1.84995
0.135812 1.84448
0.136063 1.83811
0.136315 1.8325
0.136566 1.82624
0.136818 1.82054
0.137071 1.81432
0.137324 1.8086
0.137578 1.80245
0.137832 1.7967
0.138086 1.79063
0.138341 1.78476
0.138597 1.77887
0.138853 1.77299
0.139109 1.76723
0.139366 1.76129
0.139623 1.75574
0.139881 1.74973
0.14014 1.74446
0.140398 1.73797
0.140658 1.73309
0.140917 1.72667
0.141177 1.72182
0.141438 1.71534
0.141699 1.71045
0.141961 1.70411
0.142223 1.69916
0.142486 1.69291
0.142749 1.68796
0.143013 1.68175
0.143277 1.67686
0.143541 1.67082
0.143806 1.66598
0.144072 1.66006
0.144338 1.65516
0.144604 1.64922
0.144871 1.64431
0.145139 1.63843
0.145407 1.63351
0.145675 1.62768
0.145944 1.62274
0.146214 1.617
0.146484 1.61198
0.146754 1.60623
0.147025 1.6013
0.147297 1.59565
0.147569 1.59077
0.147841 1.58525
0.148114 1.58032
0.148388 1.57488
0.148662 1.56994
0.148937 1.56461
0.149212 1.55961
0.149487 1.55432
0.149763 1.54921
0.15004 1.54407
0.150317 1.53883
0.150594 1.53387
0.150872 1.5285
0.151151 1.52364
0.15143 1.51801
0.15171 1.5136
0.15199 1.50788
0.152271 1.50367
0.152552 1.49806
0.152833 1.49385
0.153116 1.48827
0.153398 1.48403
0.153682 1.47853
0.153965 1.47418
0.15425 1.46872
0.154535 1.46437
0.15482 1.45897
0.155106 1.45465
0.155392 1.44931
0.155679 1.44493
0.155967 1.43963
0.156255 1.43531
0.156543 1.43008
0.156832 1.42586
0.157122 1.42075
0.157412 1.41649
0.157703 1.4114
0.157994 1.40705
0.158286 1.40201
0.158578 1.39771
0.158871 1.39273
0.159164 1.38831
0.159458 1.38341
0.159753 1.37896
0.160048 1.37414
0.160343 1.36968
0.160639 1.36489
0.160936 1.36051
0.161233 1.35585
0.161531 1.35144
0.161829 1.34694
0.162128 1.34245
0.162427 1.33803
0.162727 1.33341
0.163028 1.32912
0.163329 1.32439
0.16363 1.32023
0.163933 1.31514
0.164235 1.31138
0.164539 1.30632
0.164842 1.30255
0.165147 1.29754
0.165452 1.29378
0.165757 1.28892
0.166063 1.28514
0.16637 1.28039
0.166677 1.27661
0.166985 1.27189
0.167293 1.26811
0.167602 1.26341
0.167912 1.25962
0.168222 1.25496
0.168532 1.25112
0.168844 1.24649
0.169155 1.24264
0.169468 1.23803
0.169781 1.23423
0.170094 1.2297
0.170408 1.22591
0.170723 1.22151
0.171038 1.21768
0.171354 1.21334
0.171671 1.20957
0.171988 1.20524
0.172305 1.20144
0.172623 1.19716
0.172942 1.1933
0.173261 1.18905
0.173581 1.18518
0.173902 1.18099
0.174223 1.17709
0.174545 1.17299
0.174867 1.169
0.17519 1.16506
0.175514 1.16103
0.175838 1.15721
0.176162 1.15318
0.176488 1.14949
0.176814 1.14523
0.17714 1.1418
0.177467 1.13738
0.177795 1.13406
0.178123 1.12967
0.178452 1.12637
0.178782 1.12198
0.179112 1.11869
0.179443 1.11439
0.179774 1.11102
0.180106 1.10676
0.180438 1.10343
0.180772 1.09926
0.181105 1.09597
0.18144 1.09193
0.181775 1.08858
0.182111 1.08456
0.182447 1.08125
0.182784 1.07719
0.183121 1.07386
0.183459 1.06984
0.183798 1.0665
0.184138 1.06253
0.184478 1.05916
0.184818 1.05522
0.18516 1.05186
0.185502 1.04799
0.185844 1.04463
0.186187 1.04085
0.186531 1.03749
0.186876 1.03384
0.187221 1.03046
0.187566 1.02678
0.187913 1.0234
0.18826 1.01978
0.188607 1.01631
0.188956 1.01277
0.189305 1.00928
0.189654 1.00582
0.190004 1.00223
0.190355 0.998874
0.190707 0.995198
0.191059 0.991986
0.191412 0.988054
0.191765 0.985203
0.192119 0.981389
0.192474 0.978495
0.192829 0.974692
0.193186 0.971785
0.193542 0.968028
0.1939 0.965099
0.194258 0.961364
0.194616 0.958403
0.194976 0.95469
0.195336 0.95176
0.195697 0.948082
0.196058 0.945149
0.19642 0.941519
0.196783 0.93858
0.197146 0.935002
0.19751 0.932096
0.197875 0.92859
0.19824 0.925701
0.198606 0.922242
0.198973 0.919328
0.199341 0.915909
0.199709 0.912933
0.200077 0.909522
0.200447 0.906566
0.200817 0.903197
0.201188 0.900212
0.201559 0.896877
0.201932 0.893861
0.202304 0.890569
0.202678 0.887591
0.203052 0.884365
0.203427 0.881433
0.203803 0.878316
0.204179 0.875266
0.204556 0.872233
0.204934 0.869134
0.205312 0.866167
0.205692 0.863012
0.206071 0.860098
0.206452 0.856811
0.206833 0.854083
0.207215 0.850634
0.207598 0.848039
0.207981 0.844665
0.208365 0.842096
0.20875 0.838712
0.209135 0.8362
0.209522 0.832968
0.209908 0.830385
0.210296 0.827177
0.210684 0.824597
0.211073 0.821364
0.211463 0.81881
0.211854 0.815623
0.212245 0.813021
0.212637 0.809865
0.21303 0.807293
0.213423 0.804108
0.213817 0.801538
0.214212 0.798423
0.214607 0.795842
0.215004 0.792791
0.215401 0.790239
0.215799 0.787276
0.216197 0.784692
0.216596 0.781761
0.216996 0.779155
0.217397 0.776254
0.217798 0.773608
0.218201 0.770747
0.218603 0.768115
0.219007 0.765231
0.219412 0.762584
0.219817 0.759777
0.220223 0.757091
0.220629 0.75434
0.221037 0.751649
0.221445 0.748991
0.221854 0.746291
0.222263 0.743747
0.222674 0.740966
0.223085 0.73848
0.223497 0.735473
0.22391 0.733251
0.224323 0.730242
0.224737 0.728008
0.225152 0.72502
0.225568 0.722749
0.225985 0.719812
0.226402 0.717546
0.22682 0.714647
0.227239 0.712365
0.227659 0.709503
0.228079 0.707261
0.2285 0.704495
0.228922 0.702272
0.229345 0.699506
0.229768 0.697241
0.230193 0.694511
0.230618 0.692225
0.231044 0.689482
0.23147 0.687233
0.231898 0.684512
0.232326 0.68226
0.232755 0.679569
0.233185 0.677265
0.233615 0.674624
0.234047 0.672353
0.234479 0.669752
0.234912 0.667507
0.235346 0.664997
0.23578 0.662693
0.236216 0.660209
0.236652 0.657906
0.237089 0.655443
0.237527 0.653136
0.237965 0.650705
0.238405 0.648322
0.238845 0.645959
0.239286 0.643541
0.239728 0.641247
0.240171 0.638794
0.240614 0.63654
0.241058 0.634017
0.241504 0.631929
0.24195 0.629335
0.242396 0.627364
0.242844 0.624812
0.243292 0.622832
0.243742 0.620243
0.244192 0.618287
0.244643 0.615751
0.245094 0.613724
0.245547 0.611222
0.246 0.609219
0.246455 0.606707
0.24691 0.604716
0.247366 0.602234
0.247822 0.600246
0.24828 0.597787
0.248739 0.595855
0.249198 0.593451
0.249658 0.591502
0.250119 0.589141
0.250581 0.587153
0.251044 0.584818
0.251507 0.582834
0.251972 0.580526
0.252437 0.578503
0.252903 0.576201
0.25337 0.574184
0.253838 0.571922
0.254307 0.569891
0.254776 0.567672
0.255247 0.565642
0.255718 0.563435
0.25619 0.561438
0.256663 0.559316
0.257137 0.557296
0.257612 0.555205
0.258088 0.553138
0.258565 0.551096
0.259042 0.548989
0.25952 0.547005
0.26 0.544841
0.26048 0.542898
0.260961 0.540554
0.261443 0.538833
0.261925 0.536501
0.262409 0.534783
0.262894 0.532475
0.263379 0.53077
0.263865 0.528557
0.264353 0.526838
0.264841 0.524652
0.26533 0.522912
0.26582 0.520722
0.266311 0.51898
0.266803 0.516814
0.267295 0.515082
0.267789 0.512927
0.268283 0.511166
0.268779 0.509036
0.269275 0.507286
0.269772 0.505157
0.27027 0.503431
0.27077 0.501339
0.27127 0.499632
0.27177 0.497603
0.272272 0.495862
0.272775 0.493866
0.273279 0.492137
0.273783 0.490148
0.274289 0.488394
0.274796 0.486441
0.275303 0.484646
0.275811 0.482714
0.276321 0.48093
0.276831 0.479026
0.277342 0.477228
0.277854 0.475354
0.278367 0.473521
0.278881 0.471714
0.279396 0.469908
0.279912 0.468159
0.280429 0.466314
0.280947 0.464601
0.281466 0.462706
0.281986 0.461069
0.282506 0.459044
0.283028 0.45752
0.283551 0.455519
0.284074 0.45401
0.284599 0.451983
0.285124 0.45048
0.285651 0.448505
0.286178 0.44697
0.286707 0.445036
0.287236 0.443526
0.287767 0.441634
0.288298 0.440133
0.28883 0.438275
0.289364 0.436763
0.289898 0.434906
0.290433 0.433391
0.29097 0.431532
0.291507 0.430014
0.292045 0.428175
0.292585 0.426639
0.293125 0.424837
0.293666 0.423309
0.294208 0.421528
0.294752 0.419979
0.295296 0.418217
0.295841 0.416697
0.296388 0.415006
0.296935 0.413475
0.297483 0.411802
0.298033 0.410262
0.298583 0.408572
0.299134 0.407025
0.299687 0.405384
0.30024 0.403814
0.300795 0.402187
0.30135 0.400592
0.301906 0.399023
0.302464 0.397392
0.303022 0.395864
0.303582 0.394206
0.304143 0.392732
0.304704 0.391011
0.305267 0.389678
0.305831 0.387934
0.306395 0.386622
0.306961 0.384886
0.307528 0.383577
0.308096 0.381845
0.308665 0.380529
0.309235 0.378829
0.309806 0.377493
0.310378 0.375791
0.310951 0.37446
0.311525 0.372785
0.312101 0.371465
0.312677 0.369826
0.313254 0.368499
0.313833 0.366896
0.314412 0.365582
0.314993 0.363992
0.315574 0.362681
0.316157 0.361101
0.316741 0.359779
0.317326 0.358215
0.317912 0.356867
0.318499 0.355329
0.319087 0.353994
0.319676 0.352475
0.320267 0.351115
0.320858 0.34962
0.321451 0.348253
0.322044 0.346784
0.322639 0.345441
0.323235 0.344008
0.323832 0.34267
0.32443 0.341258
0.325029 0.339883
0.325629 0.338516
0.32623 0.337123
0.326833 0.335773
0.327436 0.334345
0.328041 0.33303
0.328646 0.331572
0.329253 0.33032
0.329861 0.328756
0.33047 0.327608
0.331081 0.326072
0.331692 0.324939
0.332305 0.323432
0.332918 0.322294
0.333533 0.320825
0.334149 0.319671
0.334766 0.318217
0.335384 0.31706
0.336003 0.315608
0.336624 0.31445
0.337246 0.313013
0.337868 0.31186
0.338492 0.310431
0.339117 0.309269
0.339743 0.30785
0.340371 0.306687
0.340999 0.305292
0.341629 0.304146
0.34226 0.302797
0.342892 0.301645
0.343525 0.300328
0.344159 0.299157
0.344795 0.297833
0.345432 0.29668
0.34607 0.295367
0.346709 0.294204
0.347349 0.292907
0.34799 0.291729
0.348633 0.290434
0.349277 0.289256
0.349922 0.288003
0.350568 0.28682
0.351215 0.285584
0.351864 0.284399
0.352513 0.283218
0.353164 0.282014
0.353817 0.280873
0.35447 0.279637
0.355125 0.278521
0.35578 0.277215
0.356437 0.276184
0.357095 0.274844
0.357755 0.273848
0.358416 0.27251
0.359077 0.271521
0.35974 0.270194
0.360405 0.269207
0.36107 0.267908
0.361737 0.266916
0.362405 0.265647
0.363074 0.264659
0.363745 0.263424
0.364416 0.262437
0.365089 0.261212
0.365763 0.260203
0.366439 0.258987
0.367116 0.257986
0.367793 0.256759
0.368473 0.255767
0.369153 0.25456
0.369835 0.253558
0.370518 0.252366
0.371202 0.251358
0.371887 0.250189
0.372574 0.2492
0.373262 0.248066
0.373951 0.247062
0.374642 0.245955
0.375334 0.244938
0.376027 0.243846
0.376721 0.242823
0.377417 0.241731
0.378114 0.240711
0.378812 0.239639
0.379511 0.238596
0.380212 0.237548
0.380914 0.236494
0.381618 0.235473
0.382322 0.234397
0.383028 0.233419
0.383736 0.232337
0.384444 0.231399
0.385154 0.230253
0.385866 0.229404
0.386578 0.228263
0.387292 0.227407
0.388007 0.226267
0.388724 0.225409
0.389441 0.224288
0.390161 0.223413
0.390881 0.222305
0.391603 0.221433
0.392326 0.22033
0.39305 0.219472
0.393776 0.218381
0.394503 0.217532
0.395232 0.216473
0.395962 0.215618
0.396693 0.214582
0.397425 0.213719
0.398159 0.212685
0.398895 0.211824
0.399631 0.210806
0.400369 0.20994
0.401108 0.208938
0.401849 0.208059
0.402591 0.207057
0.403335 0.206186
0.404079 0.205196
0.404826 0.204324
0.405573 0.203352
0.406322 0.202483
0.407072 0.201536
0.407824 0.200674
0.408577 0.199749
0.409332 0.198879
0.410088 0.197966
0.410845 0.197071
0.411604 0.196189
0.412364 0.195274
0.413125 0.194413
0.413888 0.19348
0.414652 0.192645
0.415418 0.191669
0.416185 0.190892
0.416954 0.189885
0.417723 0.189147
0.418495 0.188165
0.419268 0.187441
0.420042 0.186474
0.420818 0.185752
0.421595 0.184803
0.422373 0.18406
0.423153 0.183116
0.423934 0.182374
0.424717 0.181434
0.425502 0.180697
0.426287 0.179768
0.427075 0.179021
0.427863 0.178108
0.428653 0.17737
0.429445 0.176457
0.430238 0.175723
0.431032 0.174835
0.431828 0.174106
0.432626 0.173244
0.433425 0.172513
0.434225 0.171653
0.435027 0.170916
0.43583 0.170072
0.436635 0.169323
0.437441 0.168489
0.438249 0.167731
0.439058 0.16691
0.439869 0.166155
0.440681 0.165336
0.441495 0.164583
0.44231 0.163787
0.443127 0.163026
0.443945 0.162261
0.444765 0.161502
0.445586 0.160762
0.446409 0.159983
0.447234 0.159263
0.448059 0.158462
0.448887 0.157764
0.449716 0.156901
0.450546 0.156274
0.451378 0.155418
0.452212 0.154787
0.453047 0.153935
0.453883 0.153306
0.454722 0.152471
0.455561 0.151844
0.456402 0.15103
0.457245 0.150402
0.45809 0.149613
0.458935 0.148989
0.459783 0.148202
0.460632 0.147576
0.461483 0.146796
0.462335 0.146162
0.463189 0.145389
0.464044 0.144754
0.464901 0.143979
0.465759 0.143351
0.466619 0.142591
0.467481 0.14196
0.468344 0.141218
0.469209 0.140586
0.470076 0.139857
0.470944 0.139234
0.471813 0.138527
0.472684 0.137895
0.473557 0.137197
0.474432 0.136557
0.475308 0.135862
0.476186 0.135223
0.477065 0.134537
0.477946 0.133897
0.478828 0.133226
0.479713 0.132562
0.480598 0.131914
0.481486 0.131244
0.482375 0.130619
0.483266 0.129944
0.484158 0.12934
0.485052 0.128657
0.485948 0.128091
0.486845 0.127373
0.487744 0.126833
0.488645 0.126129
0.489547 0.125591
0.490451 0.124876
0.491357 0.124344
0.492264 0.123643
0.493173 0.123102
0.494084 0.122408
0.494996 0.121872
0.495911 0.121181
0.496826 0.120654
0.497744 0.119983
0.498663 0.119455
0.499584 0.118806
0.500506 0.118283
0.50143 0.117628
0.502356 0.1171
0.503284 0.116457
0.504213 0.115923
0.505144 0.115289
0.506077 0.114755
0.507012 0.114127
0.507948 0.113588
0.508886 0.112969
0.509826 0.112428
0.510767 0.111823
0.51171 0.11128
0.512655 0.110694
0.513602 0.110164
0.51455 0.109587
0.515501 0.10905
0.516453 0.108485
0.517406 0.107939
0.518362 0.107383
0.519319 0.106829
0.520278 0.106289
0.521239 0.10572
0.522201 0.105199
0.523165 0.104618
0.524131 0.10411
0.525099 0.103483
0.526069 0.10304
0.52704 0.102425
0.528014 0.101986
0.528989 0.101391
0.529966 0.100944
0.530944 0.100358
0.531925 0.0999108
0.532907 0.0993291
0.533891 0.0988812
0.534877 0.0982983
0.535865 0.0978483
0.536854 0.097276
0.537845 0.0968308
0.538839 0.0962591
0.539834 0.0958101
0.54083 0.095253
0.541829 0.0948058
0.54283 0.094256
0.543832 0.0938193
0.544836 0.0932879
0.545842 0.0928491
0.54685 0.0923231
0.54786 0.0918744
0.548872 0.0913558
0.549885 0.0909095
0.550901 0.0903949
0.551918 0.0899442
0.552937 0.0894375
0.553958 0.0889786
0.554981 0.0884832
0.556006 0.0880265
0.557033 0.0875395
0.558061 0.0870871
0.559092 0.086615
0.560124 0.0861584
0.561159 0.0857076
0.562195 0.0852426
0.563233 0.084803
0.564273 0.0843289
0.565315 0.0838985
0.566359 0.0834068
0.567405 0.0830016
0.568453 0.082482
0.569502 0.0821035
0.570554 0.0815939
0.571608 0.0812173
0.572663 0.0807041
0.573721 0.0803384
0.57478 0.079841
0.575842 0.0794689
0.576905 0.078994
0.57797 0.0786241
0.579037 0.0781482
0.580107 0.0777785
0.581178 0.0773077
0.582251 0.0769334
0.583326 0.0764636
0.584404 0.0760965
0.585483 0.0756278
0.586564 0.0752585
0.587647 0.0747982
0.588732 0.0744243
0.589819 0.0739748
0.590908 0.0736048
0.592 0.0731682
0.593093 0.0727999
0.594188 0.0723758
0.595285 0.0720063
0.596385 0.0715904
0.597486 0.0712156
0.598589 0.0708043
0.599694 0.0704278
0.600802 0.0700179
0.601911 0.06964
0.603023 0.0692407
0.604136 0.0688589
0.605252 0.0684665
0.60637 0.0680766
0.607489 0.0676998
0.608611 0.0673062
0.609735 0.0669465
0.610861 0.0665549
0.611989 0.0662083
0.613119 0.0657858
0.614251 0.0654773
0.615386 0.0650524
0.616522 0.0647449
0.61766 0.0643215
0.618801 0.0640134
0.619944 0.0635976
0.621088 0.0632885
0.622235 0.0628778
0.623384 0.0625694
0.624535 0.0621597
0.625689 0.0618535
0.626844 0.0614548
0.628002 0.0611567
0.629161 0.0607759
0.630323 0.0604697
0.631487 0.0600921
0.632653 0.059788
0.633821 0.0594098
0.634992 0.0591065
0.636164 0.0587334
0.637339 0.0584276
0.638516 0.0580577
0.639695 0.0577485
0.640876 0.0573859
0.64206 0.0570799
0.643246 0.056724
0.644433 0.0564164
0.645623 0.0560722
0.646816 0.0557671
0.64801 0.055435
0.649207 0.0551291
0.650405 0.0548025
0.651606 0.0544924
0.65281 0.0541705
0.654015 0.0538541
0.655223 0.0535391
0.656433 0.0532197
0.657645 0.0529141
0.658859 0.0525856
0.660076 0.0522898
0.661295 0.0519536
0.662516 0.0516757
0.66374 0.0513177
0.664965 0.0510691
0.666193 0.0507316
0.667423 0.050483
0.668656 0.0501406
0.669891 0.0498934
0.671128 0.0495574
0.672367 0.0493057
0.673608 0.0489731
0.674852 0.0487216
0.676099 0.0483915
0.677347 0.0481408
0.678598 0.0478146
0.679851 0.0475662
0.681106 0.0472426
0.682364 0.046995
0.683624 0.0466785
0.684887 0.046435
0.686151 0.0461329
0.687418 0.045887
0.688688 0.045591
0.689959 0.0453439
0.691233 0.04505
0.69251 0.0447996
0.693789 0.0445074
0.69507 0.0442572
0.696353 0.0439713
0.697639 0.0437193
0.698928 0.0434377
0.700218 0.0431857
0.701511 0.0429073
0.702807 0.042656
0.704104 0.0423898
0.705405 0.0421411
0.706707 0.0418848
0.708012 0.0416318
0.70932 0.0413841
0.710629 0.041124
0.711942 0.0408824
0.713256 0.0406161
0.714574 0.0403824
0.715893 0.0400983
0.717215 0.0398878
0.718539 0.0395981
0.719866 0.039394
0.721196 0.0391078
0.722527 0.0389078
0.723862 0.0386247
0.725198 0.0384277
0.726537 0.0381615
0.727879 0.0379627
0.729223 0.0376958
0.73057 0.0374968
0.731919 0.0372339
0.73327 0.0370349
0.734624 0.0367757
0.735981 0.0365731
0.73734 0.0363157
0.738702 0.0361149
0.740066 0.0358595
0.741432 0.0356601
0.742801 0.0354096
0.744173 0.0352106
0.745547 0.0349653
0.746924 0.0347694
0.748303 0.0345361
0.749685 0.0343398
0.75107 0.034111
0.752456 0.033911
0.753846 0.0336855
0.755238 0.0334831
0.756633 0.0332602
0.75803 0.033057
0.75943 0.0328379
0.760832 0.0326342
0.762237 0.0324189
0.763644 0.0322115
0.765055 0.0320054
0.766467 0.0317961
0.767883 0.0315984
0.769301 0.0313893
0.770721 0.0312019
0.772145 0.030989
0.77357 0.0308109
0.774999 0.0305794
0.77643 0.0304188
0.777864 0.0301909
0.7793 0.030029
0.780739 0.0298024
0.782181 0.0296407
0.783625 0.0294178
0.785072 0.029255
0.786522 0.0290344
0.787974 0.0288747
0.78943 0.028658
0.790887 0.0285007
0.792348 0.0282953
0.793811 0.0281397
0.795277 0.0279363
0.796745 0.0277782
0.798217 0.027577
0.799691 0.0274174
0.801167 0.0272175
0.802647 0.0270583
0.804129 0.0268624
0.805614 0.026702
0.807101 0.0265096
0.808592 0.0263479
0.810085 0.0261572
0.811581 0.026
0.81308 0.0258129
0.814581 0.0256582
0.816085 0.0254808
0.817592 0.0253248
0.819102 0.0251497
0.820615 0.0249912
0.82213 0.0248217
0.823648 0.0246612
0.825169 0.0244927
0.826693 0.0243294
0.828219 0.0241672
0.829749 0.0239994
0.831281 0.0238437
0.832816 0.0236718
0.834354 0.0235232
0.835895 0.0233417
0.837438 0.02321
0.838985 0.02303
0.840534 0.0229049
0.842086 0.0227271
0.843641 0.0226028
0.845199 0.022426
0.84676 0.0223016
0.848323 0.0221273
0.84989 0.0220012
0.851459 0.0218272
0.853031 0.0217018
0.854607 0.0215311
0.856185 0.021407
0.857766 0.0212388
0.85935 0.021113
0.860937 0.0209496
0.862526 0.0208288
0.864119 0.0206701
0.865715 0.0205494
0.867313 0.0203953
0.868915 0.0202731
0.87052 0.0201208
0.872127 0.0199974
0.873738 0.0198461
0.875351 0.0197228
0.876967 0.0195751
0.878587 0.0194499
0.880209 0.0193046
0.881835 0.0191788
0.883463 0.0190377
0.885094 0.0189108
0.886729 0.0187736
0.888366 0.0186505
0.890007 0.0185202
0.89165 0.0183954
0.893297 0.0182689
0.894946 0.0181412
0.896599 0.018019
0.898255 0.0178869
0.899913 0.017769
0.901575 0.0176332
0.90324 0.0175213
0.904908 0.0173734
0.906579 0.0172752
0.908253 0.0171296
0.90993 0.0170317
0.911611 0.0168885
0.913294 0.0167935
0.91498 0.0166577
0.91667 0.0165617
0.918363 0.0164292
0.920059 0.016333
0.921758 0.0162011
0.92346 0.0161056
0.925165 0.0159747
0.926873 0.015879
0.928585 0.0157494
0.9303 0.0156528
0.932018 0.015526
0.933739 0.0154288
0.935463 0.0153031
0.93719 0.0152077
0.938921 0.0150856
0.940655 0.0149918
0.942392 0.0148762
0.944132 0.0147819
0.945875 0.0146686
0.947622 0.0145741
0.949372 0.0144617
0.951125 0.0143662
0.952881 0.0142555
0.954641 0.0141595
0.956404 0.0140513
0.95817 0.0139537
0.959939 0.0138481
0.961712 0.0137502
0.963488 0.0136471
0.965267 0.0135479
0.967049 0.0134505
0.968835 0.0133516
0.970624 0.0132596
0.972417 0.0131592
0.974212 0.0130721
0.976011 0.0129654
0.977814 0.0128853
0.979619 0.0127733
0.981428 0.012698
0.983241 0.012587
0.985056 0.0125129
0.986875 0.0124025
0.988698 0.0123289
0.990523 0.012221
0.992352 0.0121471
0.994185 0.0120412
0.996021 0.0119687
0.99786 0.0118679
0.999703 0.0117967
1.00155 0.0116984
1.0034 0.0116259
1.00525 0.0115293
1.00711 0.0114575
1.00897 0.0113608
1.01083 0.0112877
1.0127 0.0111928
1.01457 0.0111198
1.01644 0.0110262
1.01832 0.0109536
1.0202 0.0108616
1.02208 0.0107889
1.02397 0.0107003
1.02586 0.0106285
1.02775 0.0105442
1.02965 0.0104724
1.03155 0.010391
1.03346 0.0103186
1.03537 0.0102378
1.03728 0.0101647
1.03919 0.0100859
1.04111 0.0100112
1.04304 0.0099347
1.04496 0.00985816
1.04689 0.00978464
1.04882 0.0097062
1.05076 0.00963651
1.0527 0.00955565
1.05465 0.00949091
1.05659 0.0094049
1.05854 0.00935044
1.0605 0.00926751
1.06246 0.00921257
1.06442 0.00912998
1.06638 0.00907461
1.06835 0.00899308
1.07033 0.00893773
1.0723 0.00885697
1.07428 0.00880092
1.07627 0.00872151
1.07825 0.00866618
1.08025 0.00858757
1.08224 0.00853317
1.08424 0.00845592
1.08624 0.00840207
1.08825 0.00832946
1.09026 0.00827571
1.09227 0.00820512
1.09429 0.00815173
1.09631 0.00808173
1.09833 0.00802797
1.10036 0.00795895
1.10239 0.00790438
1.10443 0.0078362
1.10647 0.00778185
1.10851 0.00771489
1.11056 0.00765995
1.11261 0.00759473
1.11466 0.00753959
1.11672 0.00747667
1.11878 0.00742238
1.12085 0.0073627
1.12292 0.00730911
1.12499 0.00725211
1.12707 0.0071962
1.12915 0.00714108
1.13124 0.00708371
1.13333 0.0070305
1.13542 0.00697152
1.13751 0.00692048
1.13962 0.00685848
1.14172 0.00681157
1.14383 0.00674543
1.14594 0.00670365
1.14806 0.0066392
1.15018 0.00659859
1.1523 0.00653617
1.15443 0.00649649
1.15656 0.00643719
1.1587 0.00639673
1.16083 0.00633771
1.16298 0.00629742
1.16513 0.0062387
1.16728 0.00619822
1.16943 0.00614028
1.17159 0.00609969
1.17376 0.00604246
1.17592 0.00600228
1.1781 0.00594586
1.18027 0.00590571
1.18245 0.00585086
1.18463 0.00581156
1.18682 0.00575943
1.18901 0.00572062
1.19121 0.00567087
1.19341 0.00563135
1.19561 0.00558212
1.19782 0.00554215
1.20003 0.00549382
1.20225 0.0054533
1.20447 0.00540592
1.20669 0.00536505
1.20892 0.00531868
1.21115 0.00527734
1.21339 0.00523255
1.21563 0.00519068
1.21787 0.00514782
1.22012 0.00510642
1.22238 0.00506647
1.22463 0.00502469
1.2269 0.00498724
1.22916 0.0049437
1.23143 0.00490797
1.2337 0.00485913
1.23598 0.00482925
1.23826 0.00478086
1.24055 0.00475093
1.24284 0.00470308
1.24514 0.00467285
1.24744 0.004626
1.24974 0.00459615
1.25205 0.0045502
1.25436 0.00452114
1.25668 0.00447709
1.259 0.00444836
1.26132 0.00440665
1.26365 0.00437807
1.26598 0.00433641
1.26832 0.00430723
1.27066 0.00426634
1.27301 0.00423698
1.27536 0.00419632
1.27772 0.00416725
1.28008 0.00412709
1.28244 0.00409796
1.28481 0.00405853
1.28718 0.0040291
1.28956 0.00399123
1.29194 0.00396257
1.29432 0.00392632
1.29671 0.00389811
1.29911 0.00386382
1.30151 0.00383491
1.30391 0.00380128
1.30632 0.00377192
1.30873 0.0037392
1.31115 0.00370915
1.31357 0.00367708
1.31599 0.00364641
1.31842 0.00361539
1.32086 0.00358403
1.3233 0.00355463
1.32574 0.0035224
1.32819 0.00349507
1.33064 0.00346196
1.3331 0.00343758
1.33556 0.00340305
1.33803 0.00338187
1.3405 0.00334779
1.34297 0.00332643
1.34545 0.00329233
1.34794 0.0032712
1.35043 0.00323739
1.35292 0.00321592
1.35542 0.00318274
1.35792 0.00316138
1.36043 0.00312864
1.36294 0.00310739
1.36546 0.00307537
1.36798 0.0030545
1.37051 0.00302399
1.37304 0.00300393
1.37557 0.00297488
1.37811 0.00295461
1.38066 0.00292597
1.38321 0.00290528
1.38576 0.00287704
1.38832 0.00285628
1.39088 0.00282857
1.39345 0.00280741
1.39603 0.00278015
1.3986 0.00275889
1.40119 0.00273237
1.40377 0.00271111
1.40637 0.00268547
1.40896 0.00266448
1.41157 0.00264008
1.41417 0.00261957
1.41678 0.0025968
1.4194 0.0025758
1.42202 0.0025535
1.42465 0.00253174
1.42728 0.00251034
1.42991 0.00248763
1.43255 0.00246725
1.4352 0.00244354
1.43785 0.00242443
1.4405 0.00239821
1.44316 0.00238231
1.44583 0.00235592
1.4485 0.00234095
1.45117 0.00231558
1.45385 0.00230102
1.45654 0.00227751
1.45923 0.00226277
1.46192 0.00223939
1.46462 0.00222467
1.46733 0.00220125
1.47004 0.0021864
1.47275 0.00216327
1.47547 0.00214843
1.47819 0.00212573
1.48092 0.00211067
1.48366 0.00208831
1.4864 0.00207347
1.48914 0.00205158
1.49189 0.00203709
1.49465 0.00201627
1.49741 0.00200214
1.50017 0.00198255
1.50294 0.00196816
1.50572 0.0019489
1.5085 0.00193436
1.51129 0.0019154
1.51408 0.00190064
1.51687 0.00188209
1.51967 0.00186701
1.52248 0.00184878
1.52529 0.00183356
1.52811 0.00181602
1.53093 0.00180051
1.53376 0.00178373
1.53659 0.00176829
1.53943 0.00175256
1.54227 0.00173752
1.54512 0.00172306
1.54797 0.0017072
1.55083 0.00169342
1.55369 0.0016765
1.55656 0.00166394
1.55944 0.00164515
1.56231 0.0016345
1.5652 0.00161601
1.56809 0.00160535
1.57099 0.00158691
1.57389 0.00157646
1.57679 0.00155845
1.5797 0.0015482
1.58262 0.0015309
1.58554 0.00152101
1.58847 0.00150504
1.59141 0.00149497
1.59434 0.00147914
1.59729 0.00146907
1.60024 0.00145335
1.60319 0.00144308
1.60615 0.00142751
1.60912 0.00141718
1.61209 0.00140189
1.61507 0.00139148
1.61805 0.00137651
1.62104 0.00136613
1.62403 0.0013516
1.62703 0.00134134
1.63003 0.00132746
1.63304 0.00131754
1.63606 0.00130471
1.63908 0.00129476
1.64211 0.00128202
1.64514 0.00127176
1.64818 0.00125931
1.65122 0.00124878
1.65427 0.0012368
1.65733 0.00122591
1.66039 0.00121423
1.66345 0.00120309
1.66652 0.00119202
1.6696 0.00118053
1.67268 0.00117017
1.67577 0.00115832
1.67887 0.00114914
1.68197 0.00113694
1.68507 0.0011293
1.68819 0.0011165
1.6913 0.00110941
1.69443 0.00109666
1.69756 0.00108957
1.70069 0.00107693
1.70383 0.00106979
1.70698 0.00105724
1.71013 0.00105007
1.71329 0.00103774
1.71645 0.0010306
1.71962 0.00101851
1.7228 0.00101155
1.72598 0.000999983
1.72916 0.000993227
1.73236 0.000982647
1.73556 0.000975822
1.73876 0.000965287
1.74197 0.000958411
1.74519 0.000948011
1.74841 0.000941008
1.75164 0.000930746
1.75487 0.000923627
1.75812 0.000913513
1.76136 0.000906361
1.76461 0.000896565
1.76787 0.00088931
1.77114 0.000879812
1.77441 0.000872595
1.77768 0.000863614
1.78097 0.000856719
1.78426 0.000848483
1.78755 0.000841397
1.79085 0.000833332
1.79416 0.000825971
1.79747 0.000818271
1.80079 0.000810593
1.80412 0.000803173
1.80745 0.000795078
1.81079 0.000788144
1.81413 0.000779528
1.81748 0.000773311
1.82084 0.000763558
1.8242 0.000758699
1.82757 0.000749303
1.83094 0.000744642
1.83432 0.000736167
1.83771 0.000731466
1.8411 0.000723039
1.8445 0.000718254
1.84791 0.000709841
1.85132 0.00070506
1.85474 0.000696714
1.85816 0.000691859
1.8616 0.000683662
1.86503 0.000678842
1.86848 0.000670701
1.87193 0.000665847
1.87538 0.000657924
1.87885 0.000653134
1.88232 0.000645494
1.88579 0.000640982
1.88928 0.000634099
1.89276 0.000629472
1.89626 0.000622656
1.89976 0.000617936
1.90327 0.000611182
1.90678 0.00060643
1.9103 0.000599769
1.91383 0.000594893
1.91737 0.000588384
1.92091 0.000583432
1.92445 0.000577113
1.92801 0.000572025
1.93157 0.000566034
1.93514 0.000560898
1.93871 0.000555263
1.94229 0.000550377
1.94588 0.00054533
1.94947 0.000540172
1.95307 0.000535385
1.95667 0.000529882
1.96029 0.000525448
1.96391 0.000519279
1.96753 0.000515514
1.97117 0.000508924
1.97481 0.000505607
1.97845 0.000499076
1.98211 0.000495806
1.98577 0.000489393
1.98943 0.000486177
1.99311 0.000479944
1.99679 0.000476923
2.00048 0.000471313
2.00417 0.000468224
2.00787 0.000462705
2.01158 0.000459587
2.01529 0.000454093
2.01902 0.000450896
2.02274 0.000445472
2.02648 0.000442291
2.03022 0.000436881
2.03397 0.000433655
2.03773 0.00042837
2.04149 0.000425124
2.04526 0.000419979
2.04904 0.000416765
2.05282 0.000411791
2.05661 0.000408763
2.06041 0.000404338
2.06421 0.000401217
2.06802 0.000396858
2.07184 0.000393653
2.07567 0.000389405
2.0795 0.000386058
2.08334 0.000381917
2.08719 0.00037848
2.09104 0.000374476
2.0949 0.000370924
2.09877 0.000367104
2.10265 0.000363437
2.10653 0.000359836
2.11042 0.000356011
2.11432 0.000352799
2.11822 0.000349015
2.12213 0.000346313
2.12605 0.000341939
2.12998 0.000339838
2.13391 0.000335488
2.13785 0.000333355
2.1418 0.000329043
2.14576 0.000326892
2.14972 0.000322606
2.15369 0.000320429
2.15766 0.000316205
2.16165 0.00031403
2.16564 0.000309875
2.16964 0.000307767
2.17365 0.00030372
2.17766 0.000301728
2.18168 0.000298103
2.18571 0.000296079
2.18975 0.000292539
2.19379 0.00029046
2.19784 0.00028693
2.2019 0.000284832
2.20597 0.000281359
2.21004 0.000279217
2.21412 0.000275798
2.21821 0.000273621
2.2223 0.000270259
2.22641 0.000268055
2.23052 0.000264802
2.23464 0.000262582
2.23876 0.000259484
2.2429 0.000257408
2.24704 0.000254636
2.25119 0.000252499
2.25535 0.000249812
2.25951 0.000247583
2.26368 0.000244979
2.26786 0.000242642
2.27205 0.000240164
2.27625 0.000237678
2.28045 0.000235348
2.28466 0.00023269
2.28888 0.000230576
2.29311 0.000227612
2.29734 0.000225867
2.30158 0.000222654
2.30583 0.000221314
2.31009 0.000218446
2.31436 0.000217114
2.31863 0.000214299
2.32291 0.000212947
2.3272 0.000210156
2.3315 0.000208779
2.33581 0.000206002
2.34012 0.000204608
2.34444 0.000201848
2.34877 0.000200445
2.35311 0.000197725
2.35745 0.00019631
2.36181 0.000193646
2.36617 0.000192261
2.37054 0.000189678
2.37491 0.00018836
2.3793 0.000186041
2.38369 0.000184719
2.38809 0.000182474
2.3925 0.000181119
2.39692 0.000178893
2.40135 0.000177499
2.40578 0.000175316
2.41023 0.000173877
2.41468 0.00017174
2.41914 0.000170255
2.4236 0.000168184
2.42808 0.00016667
2.43256 0.000164674
2.43705 0.000163133
2.44155 0.00016127
2.44606 0.000159793
2.45058 0.000158138
2.4551 0.000156607
2.45964 0.00015507
2.46418 0.000153432
2.46873 0.000151988
2.47329 0.000150182
2.47786 0.000148902
2.48243 0.000146739
2.48702 0.000145819
2.49161 0.000143679
2.49621 0.000142768
2.50082 0.000140655
2.50544 0.000139742
2.51006 0.000137689
2.5147 0.000136836
2.51934 0.000134991
2.52399 0.00013413
2.52866 0.000132357
2.53333 0.000131486
2.538 0.000129714
2.54269 0.000128836
2.54739 0.000127068
2.55209 0.000126168
2.5568 0.000124432
2.56152 0.000123506
2.56625 0.000121797
2.57099 0.000120875
2.57574 0.000119191
2.5805 0.000118274
2.58526 0.000116659
2.59004 0.000115789
2.59482 0.000114336
2.59961 0.00011347
2.60441 0.00011208
2.60922 0.000111177
2.61404 0.00010982
2.61886 0.000108877
2.6237 0.00010755
2.62855 0.000106565
2.6334 0.000105275
2.63826 0.000104255
2.64313 0.000103028
2.64801 0.000101947
2.6529 0.000100795
2.6578 9.96781e-05
2.66271 9.86363e-05
2.66763 9.7526e-05
2.67255 9.66418e-05
2.67749 9.54376e-05
2.68243 9.4712e-05
2.68739 9.33339e-05
2.69235 9.27657e-05
2.69732 9.13982e-05
2.7023 9.08192e-05
2.70729 8.94512e-05
2.71229 8.8867e-05
2.7173 8.75202e-05
2.72232 8.69292e-05
2.72735 8.56031e-05
2.73238 8.50241e-05
2.73743 8.37288e-05
2.74248 8.31847e-05
2.74755 8.20114e-05
2.75262 8.14716e-05
2.7577 8.03605e-05
2.7628 7.98094e-05
2.7679 7.87063e-05
2.77301 7.81452e-05
2.77813 7.70507e-05
2.78326 7.64681e-05
2.7884 7.53859e-05
2.79355 7.47963e-05
2.79871 7.37361e-05
2.80387 7.31266e-05
2.80905 7.20933e-05
2.81424 7.14871e-05
2.81944 7.04985e-05
2.82464 6.99185e-05
2.82986 6.90337e-05
2.83508 6.84466e-05
2.84032 6.76258e-05
2.84556 6.70101e-05
2.85082 6.62098e-05
2.85608 6.55561e-05
2.86136 6.47895e-05
2.86664 6.40953e-05
2.87193 6.33727e-05
2.87724 6.26191e-05
2.88255 6.1959e-05
2.88787 6.11336e-05
2.89321 6.05596e-05
2.89855 5.95512e-05
2.9039 5.92049e-05
2.90926 5.82937e-05
2.91464 5.79577e-05
2.92002 5.71001e-05
2.92541 5.67493e-05
2.93081 5.59002e-05
2.93623 5.55417e-05
2.94165 5.46946e-05
2.94708 5.43326e-05
2.95252 5.34864e-05
2.95797 5.3115e-05
2.96344 5.22815e-05
2.96891 5.19113e-05
2.97439 5.10857e-05
2.97988 5.07156e-05
2.98539 4.99176e-05
2.9909 4.95708e-05
2.99642 4.8846e-05
3.00195 4.85063e-05
3.0075 4.78243e-05
3.01305 4.74764e-05
3.01862 4.68005e-05
3.02419 4.64383e-05
3.02977 4.57751e-05
3.03537 4.53966e-05
3.04097 4.47442e-05
3.04659 4.43531e-05
3.05222 4.37212e-05
3.05785 4.33133e-05
3.0635 4.27022e-05
3.06916 4.22895e-05
3.07482 4.17156e-05
3.0805 4.13134e-05
3.08619 4.08028e-05
3.09189 4.03989e-05
3.0976 3.99353e-05
3.10332 3.94999e-05
3.10905 3.90699e-05
3.11479 3.85894e-05
3.12054 3.8197e-05
3.1263 3.76513e-05
3.13208 3.73237e-05
3.13786 3.66848e-05
3.14365 3.64524e-05
3.14946 3.582e-05
3.15528 3.55909e-05
3.1611 3.49707e-05
3.16694 3.47565e-05
3.17279 3.41924e-05
3.17865 3.39849e-05
3.18452 3.34627e-05
3.1904 3.3248e-05
3.19629 3.27297e-05
3.20219 3.25099e-05
3.2081 3.19926e-05
3.21403 3.1766e-05
3.21996 3.1253e-05
3.22591 3.10252e-05
3.23187 3.05144e-05
3.23783 3.02834e-05
3.24381 2.97834e-05
3.2498 2.95497e-05
3.2558 2.90658e-05
3.26182 2.88451e-05
3.26784 2.84083e-05
3.27387 2.81932e-05
3.27992 2.77907e-05
3.28598 2.75641e-05
3.29204 2.71698e-05
3.29812 2.6933e-05
3.30421 2.65475e-05
3.31031 2.62995e-05
3.31643 2.59214e-05
3.32255 2.56594e-05
3.32869 2.52978e-05
3.33483 2.50233e-05
3.34099 2.46804e-05
3.34716 2.43897e-05
3.35334 2.40779e-05
3.35953 2.3784e-05
3.36574 2.35216e-05
3.37195 2.32175e-05
3.37818 2.2999e-05
3.38442 2.26296e-05
3.39067 2.24773e-05
3.39693 2.2087e-05
3.4032 2.19508e-05
3.40949 2.15604e-05
3.41578 2.14209e-05
3.42209 2.1036e-05
3.42841 2.08945e-05
3.43474 2.05138e-05
3.44108 2.03745e-05
3.44744 2.00007e-05
3.4538 1.98691e-05
3.46018 1.95273e-05
3.46657 1.9401e-05
3.47297 1.90928e-05
3.47939 1.89619e-05
3.48581 1.86533e-05
3.49225 1.85206e-05
3.4987 1.82136e-05
3.50516 1.80759e-05
3.51163 1.77724e-05
3.51811 1.76298e-05
3.52461 1.73297e-05
3.53112 1.71843e-05
3.53764 1.68914e-05
3.54417 1.67442e-05
3.55072 1.64614e-05
3.55727 1.63192e-05
3.56384 1.60661e-05
3.57042 1.59282e-05
3.57702 1.56998e-05
3.58362 1.55536e-05
3.59024 1.53334e-05
3.59687 1.51763e-05
3.60351 1.49637e-05
3.61017 1.47959e-05
3.61683 1.45938e-05
3.62351 1.44106e-05
3.6302 1.42231e-05
3.63691 1.4022e-05
3.64362 1.38556e-05
3.65035 1.36286e-05
3.65709 1.34972e-05
3.66384 1.32411e-05
3.67061 1.31657e-05
3.67739 1.29374e-05
3.68418 1.28596e-05
3.69098 1.2631e-05
3.6978 1.25514e-05
3.70463 1.23225e-05
3.71147 1.22423e-05
3.71832 1.2014e-05
3.72519 1.19312e-05
3.73207 1.17044e-05
3.73896 1.162e-05
3.74586 1.13968e-05
3.75278 1.13129e-05
3.75971 1.10942e-05
3.76665 1.1014e-05
3.77361 1.0813e-05
3.78058 1.07378e-05
3.78756 1.05596e-05
3.79455 1.04812e-05
3.80156 1.03045e-05
3.80858 1.02227e-05
3.81561 1.00478e-05
3.82266 9.96306e-06
3.82972 9.79022e-06
3.83679 9.70127e-06
3.84387 9.53185e-06
3.85097 9.44099e-06
3.85808 9.27594e-06
3.86521 9.18065e-06
3.87234 9.0246e-06
3.87949 8.93091e-06
3.88666 8.79258e-06
3.89384 8.70228e-06
3.90103 8.5814e-06
3.90823 8.48338e-06
3.91545 8.36946e-06
3.92268 8.26021e-06
3.92992 8.15681e-06
3.93718 8.03342e-06
3.94445 7.94234e-06
3.95173 7.79201e-06
3.95903 7.72847e-06
3.96634 7.56462e-06
3.97366 7.5159e-06
3.981 7.35451e-06
3.98835 7.30818e-06
3.99572 7.15882e-06
4.0031 7.11617e-06
4.01049 6.98515e-06
4.01789 6.94104e-06
4.02531 6.81084e-06
4.03275 6.76533e-06
4.04019 6.63539e-06
4.04765 6.58857e-06
4.05513 6.45919e-06
4.06262 6.41087e-06
4.07012 6.28243e-06
4.07763 6.23311e-06
4.08516 6.10613e-06
4.09271 6.05726e-06
4.10027 5.93314e-06
4.10784 5.88584e-06
4.11542 5.77182e-06
4.12302 5.72754e-06
4.13064 5.6289e-06
4.13826 5.58281e-06
4.14591 5.48568e-06
4.15356 5.43638e-06
4.16123 5.34103e-06
4.16892 5.28877e-06
4.17661 5.19581e-06
4.18433 5.14041e-06
4.19205 5.05018e-06
4.19979 4.99125e-06
4.20755 4.90523e-06
4.21532 4.84222e-06
4.2231 4.76362e-06
4.2309 4.69898e-06
4.23871 4.63131e-06
4.24654 4.56845e-06
4.25438 4.51402e-06
4.26224 4.44063e-06
4.27011 4.39615e-06
4.278 4.30413e-06
4.2859 4.27741e-06
4.29381 4.18552e-06
4.30174 4.15798e-06
4.30968 4.06652e-06
4.31764 4.03868e-06
4.32561 3.9478e-06
4.3336 3.92e-06
4.3416 3.83015e-06
4.34962 3.80383e-06
4.35765 3.71994e-06
4.3657 3.69636e-06
4.37376 3.62493e-06
4.38184 3.60042e-06
4.38993 3.52906e-06
4.39804 3.50341e-06
4.40616 3.43274e-06
4.41429 3.40612e-06
4.42245 3.33535e-06
4.43061 3.30803e-06
4.43879 3.23812e-06
4.44699 3.20972e-06
4.4552 3.14092e-06
4.46343 3.11196e-06
4.47167 3.04535e-06
4.47993 3.017e-06
4.4882 2.95573e-06
4.49649 2.92976e-06
4.50479 2.87826e-06
4.51311 2.8506e-06
4.52144 2.80056e-06
4.52979 2.77025e-06
4.53816 2.72204e-06
4.54654 2.68924e-06
4.55493 2.64293e-06
4.56335 2.60714e-06
4.57177 2.56401e-06
4.58021 2.52416e-06
4.58867 2.48517e-06
4.59715 2.44041e-06
4.60564 2.40774e-06
4.61414 2.3558e-06
4.62266 2.33542e-06
4.6312 2.28624e-06
4.63975 2.2728e-06
4.64832 2.2235e-06
4.6569 2.20981e-06
4.6655 2.16048e-06
4.67411 2.14628e-06
4.68275 2.09701e-06
4.69139 2.08238e-06
4.70006 2.0331e-06
4.70874 2.01807e-06
4.71743 1.96942e-06
4.72614 1.95448e-06
4.73487 1.90646e-06
4.74361 1.89183e-06
4.75237 1.84678e-06
4.76115 1.83419e-06
4.76994 1.79666e-06
4.77875 1.78344e-06
4.78757 1.74621e-06
4.79641 1.73234e-06
4.80527 1.69548e-06
4.81414 1.68095e-06
4.82303 1.64422e-06
4.83194 1.6288e-06
4.84086 1.59294e-06
4.8498 1.57675e-06
4.85876 1.54162e-06
4.86773 1.52476e-06
4.87672 1.49111e-06
4.88572 1.47367e-06
4.89475 1.44325e-06
4.90378 1.42788e-06
4.91284 1.40319e-06
4.92191 1.38604e-06
4.931 1.36276e-06
4.94011 1.3438e-06
4.94923 1.32203e-06
4.95837 1.30048e-06
4.96752 1.28108e-06
4.9767 1.25562e-06
4.98589 1.2399e-06
4.99509 1.20685e-06
5.00432 1.19889e-06
5.01356 1.16619e-06
5.02282 1.15843e-06
5.03209 1.12721e-06
5.04138 1.12064e-06
5.05069 1.09552e-06
5.06002 1.08859e-06
5.06936 1.06353e-06
5.07873 1.05637e-06
5.0881 1.03126e-06
5.0975 1.02401e-06
5.10691 9.98865e-07
5.11634 9.91273e-07
5.12579 9.66244e-07
5.13526 9.58464e-07
5.14474 9.33706e-07
5.15424 9.25778e-07
5.16376 9.01326e-07
5.17329 8.93558e-07
5.18285 8.705e-07
5.19242 8.63864e-07
5.202 8.45458e-07
5.21161 8.3842e-07
5.22123 8.20144e-07
5.23088 8.12609e-07
5.24054 7.94704e-07
5.25021 7.86689e-07
5.25991 7.68971e-07
5.26962 7.60274e-07
5.27935 7.43227e-07
5.2891 7.33874e-07
5.29887 7.17451e-07
5.30865 7.07402e-07
5.31846 6.92004e-07
5.32828 6.81217e-07
5.33812 6.67738e-07
5.34797 6.58118e-07
5.35785 6.48012e-07
5.36774 6.36835e-07
5.37765 6.28145e-07
5.38758 6.14503e-07
5.39753 6.08114e-07
5.4075 5.91835e-07
5.41749 5.87927e-07
5.42749 5.71648e-07
5.43751 5.67659e-07
5.44755 5.51415e-07
5.45761 5.47456e-07
5.46769 5.31364e-07
5.47779 5.27441e-07
5.4879 5.11867e-07
5.49804 5.08696e-07
5.50819 4.96551e-07
5.51836 4.93224e-07
5.52855 4.8112e-07
5.53876 4.77668e-07
5.54899 4.65577e-07
5.55923 4.61981e-07
5.5695 4.49928e-07
5.57979 4.46129e-07
5.59009 4.34123e-07
5.60041 4.30201e-07
5.61075 4.18362e-07
5.62111 4.14317e-07
5.63149 4.02703e-07
5.64189 3.98589e-07
5.65231 3.87579e-07
5.66275 3.84129e-07
5.67321 3.75675e-07
5.68368 3.71917e-07
5.69418 3.63685e-07
5.70469 3.59612e-07
5.71523 3.51616e-07
5.72578 3.47122e-07
5.73635 3.39443e-07
5.74695 3.34485e-07
5.75756 3.27176e-07
5.76819 3.21576e-07
5.77884 3.14967e-07
5.78951 3.08669e-07
5.8002 3.02813e-07
5.81092 2.95477e-07
5.82165 2.91244e-07
5.8324 2.83589e-07
5.84317 2.8199e-07
5.85396 2.74413e-07
5.86477 2.72759e-07
5.8756 2.65181e-07
5.88645 2.63447e-07
5.89732 2.55867e-07
5.90821 2.54068e-07
5.91912 2.46481e-07
5.93005 2.44627e-07
5.941 2.37067e-07
5.95197 2.35199e-07
5.96296 2.27698e-07
5.97397 2.2587e-07
5.985 2.1859e-07
5.99605 2.17099e-07
6.00713 2.11504e-07
6.01822 2.09947e-07
6.02933 2.04487e-07
6.04047 2.02881e-07
6.05162 1.97401e-07
6.06279 1.95685e-07
6.07399 1.90278e-07
6.08521 1.8844e-07
6.09644 1.83098e-07
6.1077 1.81147e-07
6.11898 1.75896e-07
6.13028 1.73833e-07
6.1416 1.68752e-07
6.15294 1.66592e-07
6.1643 1.61859e-07
6.17569 1.60008e-07
6.18709 1.56423e-07
6.19851 1.5443e-07
6.20996 1.51113e-07
6.22143 1.48883e-07
6.23292 1.45742e-07
6.24443 1.4319e-07
6.25596 1.40335e-07
6.26751 1.37317e-07
6.27908 1.34879e-07
6.29068 1.31201e-07
6.30229 1.29451e-07
6.31393 1.24897e-07
6.32559 1.24038e-07
6.33727 1.19583e-07
6.34897 1.18894e-07
6.3607 1.15466e-07
6.37244 1.14779e-07
6.38421 1.11485e-07
6.396 1.10753e-07
6.40781 1.07473e-07
6.41964 1.06718e-07
6.4315 1.03429e-07
6.44338 1.02641e-07
6.45527 9.93334e-08
6.46719 9.85188e-08
6.47914 9.52413e-08
6.4911 9.44123e-08
6.50309 9.11692e-08
6.5151 9.03501e-08
6.52713 8.72084e-08
6.53918 8.65339e-08
6.55126 8.41051e-08
6.56335 8.34254e-08
6.57547 8.11353e-08
6.58761 8.03921e-08
6.59978 7.81308e-08
6.61197 7.73394e-08
6.62418 7.51099e-08
6.63641 7.4237e-08
6.64866 7.20559e-08
6.66094 7.10868e-08
6.67324 6.9005e-08
6.68556 6.79573e-08
6.69791 6.59595e-08
6.71028 6.48167e-08
6.72267 6.30373e-08
6.73508 6.20259e-08
6.74752 6.07203e-08
6.75998 5.96242e-08
6.77246 5.85143e-08
6.78497 5.71913e-08
6.7975 5.62873e-08
6.81005 5.43904e-08
6.82263 5.40416e-08
6.83522 5.2138e-08
6.84785 5.17787e-08
6.86049 4.98782e-08
6.87316 4.95126e-08
6.88585 4.76246e-08
6.89857 4.72596e-08
6.91131 4.54121e-08
6.92407 4.51234e-08
6.93686 4.36917e-08
6.94967 4.34102e-08
6.9625 4.20798e-08
6.97536 4.17844e-08
6.98824 4.04526e-08
7.00114 4.01451e-08
7.01407 3.88167e-08
7.02702 3.84963e-08
7.04 3.71643e-08
7.053 3.68266e-08
7.06602 3.55068e-08
7.07907 3.51567e-08
7.09214 3.38515e-08
7.10524 3.34949e-08
7.11836 3.22467e-08
7.1315 3.19429e-08
7.14467 3.09846e-08
7.15787 3.06791e-08
7.17108 2.98177e-08
7.18433 2.94775e-08
7.19759 2.86363e-08
7.21088 2.82652e-08
7.2242 2.74489e-08
7.23754 2.70262e-08
7.2509 2.6246e-08
7.26429 2.5765e-08
7.27771 2.50404e-08
7.29115 2.44989e-08
7.30461 2.38437e-08
7.3181 2.32047e-08
7.33161 2.26888e-08
7.34515 2.20657e-08
7.35872 2.17731e-08
7.3723 2.10517e-08
7.38592 2.09287e-08
7.39956 2.02041e-08
7.41322 2.00781e-08
7.42691 1.93512e-08
7.44062 1.92189e-08
7.45436 1.84886e-08
7.46813 1.83519e-08
7.48192 1.76225e-08
7.49574 1.74824e-08
7.50958 1.67584e-08
7.52345 1.66188e-08
7.53734 1.591e-08
7.55126 1.57966e-08
7.5652 1.52437e-08
7.57917 1.51401e-08
7.59317 1.46443e-08
7.60719 1.45348e-08
7.62124 1.40408e-08
7.63531 1.39233e-08
7.64941 1.34305e-08
7.66353 1.33046e-08
7.67769 1.28154e-08
7.69186 1.26798e-08
7.70607 1.21975e-08
7.7203 1.20503e-08
7.73455 1.15796e-08
7.74884 1.14235e-08
7.76315 1.09798e-08
7.77748 1.08452e-08
7.79184 1.0505e-08
7.80623 1.03703e-08
7.82065 1.00815e-08
7.83509 9.92887e-09
7.84956 9.65544e-09
7.86405 9.478e-09
7.87857 9.22453e-09
7.89312 9.01587e-09
7.9077 8.78898e-09
7.9223 8.53363e-09
7.93693 8.35225e-09
7.95158 8.00539e-09
7.96627 7.91805e-09
7.98098 7.54368e-09
7.99572 7.4987e-09
8.01048 7.20488e-09
8.02527 7.16415e-09
8.04009 6.90927e-09
8.05494 6.86661e-09
8.06981 6.61166e-09
8.08472 6.56736e-09
8.09965 6.31154e-09
8.1146 6.26508e-09
8.12959 6.00781e-09
8.1446 5.95884e-09
8.15964 5.70277e-09
8.17471 5.65349e-09
8.1898 5.39727e-09
8.20492 5.34809e-09
8.22008 5.09828e-09
8.23526 5.05769e-09
8.25046 4.86168e-09
8.2657 4.82461e-09
8.28096 4.65751e-09
8.29625 4.6178e-09
8.31157 4.45233e-09
8.32692 4.40874e-09
8.3423 4.24527e-09
8.3577 4.19638e-09
8.37314 4.03537e-09
8.3886 3.98101e-09
8.40409 3.82434e-09
8.41961 3.76488e-09
8.43516 3.61415e-09
8.45073 3.54783e-09
8.46634 3.40901e-09
8.48197 3.34799e-09
8.49763 3.24564e-09
8.51333 3.18456e-09
8.52905 3.10558e-09
8.5448 3.03202e-09
8.56057 2.96445e-09
8.57638 2.87127e-09
8.59222 2.82209e-09
8.60809 2.69644e-09
8.62398 2.6779e-09
8.63991 2.55217e-09
8.65586 2.53347e-09
8.67185 2.4079e-09
8.68786 2.38916e-09
8.7039 2.26496e-09
8.71997 2.25014e-09
8.73608 2.15128e-09
8.75221 2.13869e-09
8.76837 2.0573e-09
8.78456 2.04395e-09
8.80078 1.96251e-09
8.81704 1.94866e-09
8.83332 1.86689e-09
8.84963 1.85216e-09
8.86597 1.76986e-09
8.88234 1.75443e-09
8.89874 1.67255e-09
8.91518 1.65635e-09
8.93164 1.57524e-09
8.94813 1.55832e-09
8.96466 1.47947e-09
8.98121 1.46516e-09
8.9978 1.40275e-09
9.01441 1.39014e-09
9.03106 1.33971e-09
9.04773 1.32556e-09
9.06444 1.27631e-09
9.08118 1.26023e-09
9.09795 1.21219e-09
9.11475 1.19342e-09
9.13158 1.14748e-09
9.14844 1.12571e-09
9.16534 1.0822e-09
9.18226 1.05697e-09
9.19922 1.01699e-09
9.2162 9.86844e-10
9.23322 9.53528e-10
9.25027 9.23665e-10
9.26736 9.02288e-10
9.28447 8.70419e-10
9.30161 8.60739e-10
9.31879 8.23615e-10
9.336 8.18813e-10
9.35324 7.81551e-10
9.37051 7.76479e-10
9.38781 7.38985e-10
9.40515 7.33659e-10
9.42252 6.95951e-10
9.43992 6.90555e-10
9.45735 6.52976e-10
9.47481 6.47576e-10
9.49231 6.10468e-10
9.50984 6.0603e-10
9.5274 5.75951e-10
9.54499 5.72442e-10
9.56262 5.49009e-10
9.58027 5.45279e-10
9.59797 5.21763e-10
9.61569 5.17905e-10
9.63345 4.94363e-10
9.65123 4.90129e-10
9.66906 4.666e-10
9.68691 4.61844e-10
9.7048 4.38601e-10
9.72272 4.33532e-10
9.74067 4.1064e-10
9.75866 4.05044e-10
9.77668 3.83064e-10
9.79474 3.77981e-10
9.81282 3.60654e-10
9.83094 3.56254e-10
9.8491 3.43283e-10
9.86728 3.38145e-10
9.88551 3.25812e-10
9.90376 3.19787e-10
9.92205 3.0815e-10
9.94037 3.00777e-10
9.95873 2.90241e-10
9.97712 2.81175e-10
9.99554 2.72222e-10
10.014 2.6075e-10
10.0325 2.54208e-10
10.051 2.38108e-10
10.0696 2.36628e-10
10.0882 2.23345e-10
10.1068 2.22241e-10
10.1255 2.12392e-10
10.1442 2.1123e-10
10.1629 2.01333e-10
10.1817 2.00121e-10
10.2005 1.90143e-10
10.2193 1.88897e-10
10.2382 1.78849e-10
10.2571 1.77535e-10
10.276 1.67443e-10
10.295 1.661e-10
10.314 1.56025e-10
10.333 1.54686e-10
10.3521 1.44719e-10
10.3712 1.4358e-10
10.3904 1.35363e-10
10.4096 1.34533e-10
10.4288 1.2855e-10
10.4481 1.27624e-10
10.4674 1.21672e-10
10.4867 1.20653e-10
10.5061 1.14726e-10
10.5255 1.13542e-10
10.5449 1.07696e-10
10.5644 1.06309e-10
10.5839 1.00594e-10
10.6034 9.90247e-11
10.623 9.35054e-11
10.6426 9.16718e-11
10.6623 8.64904e-11
10.682 8.47141e-11
10.7017 8.06935e-11
10.7214 7.92036e-11
10.7412 7.65351e-11
10.7611 7.46873e-11
10.7809 7.23331e-11
10.8008 6.99813e-11
10.8208 6.80912e-11
10.8408 6.4887e-11
10.8608 6.3784e-11
10.8809 5.98313e-11
10.9009 5.94454e-11
10.9211 5.54875e-11
10.9412 5.51057e-11
10.9614 5.1164e-11
10.9817 5.0843e-11
11.002 4.75239e-11
11.0223 4.73301e-11
11.0426 4.50381e-11
11.063 4.48228e-11
11.0835 4.25169e-11
11.1039 4.22978e-11
11.1244 3.99759e-11
11.145 3.97458e-11
11.1655 3.74028e-11
11.1862 3.71499e-11
11.2068 3.48016e-11
11.2275 3.45295e-11
11.2483 3.21873e-11
11.269 3.19077e-11
11.2898 2.95956e-11
11.3107 2.93435e-11
11.3316 2.74099e-11
11.3525 2.72373e-11
11.3735 2.59514e-11
11.3945 2.57448e-11
11.4155 2.44747e-11
11.4366 2.42218e-11
11.4577 2.29818e-11
11.4789 2.26727e-11
11.5001 2.14613e-11
11.5213 2.10771e-11
11.5426 1.9927e-11
11.5639 1.94495e-11
11.5852 1.83867e-11
11.6066 1.78069e-11
11.6281 1.68568e-11
11.6495 1.62295e-11
11.671 1.55759e-11
11.6926 1.50433e-11
11.7142 1.47386e-11
11.7358 1.3925e-11
11.7575 1.38898e-11
11.7792 1.30707e-11
11.801 1.30301e-11
11.8227 1.2204e-11
11.8446 1.21547e-11
11.8664 1.13211e-11
11.8884 1.12695e-11
11.9103 1.04312e-11
11.9323 1.0378e-11
11.9543 9.54156e-12
11.9764 9.49788e-12
11.9985 8.7745e-12
12.0207 8.76382e-12
12.0429 8.3076e-12
12.0651 8.29247e-12
12.0874 7.83248e-12
12.1097 7.81359e-12
12.1321 7.34969e-12
12.1545 7.32356e-12
12.1769 6.8576e-12
12.1994 6.82179e-12
12.2219 6.35527e-12
12.2445 6.31207e-12
12.2671 5.84752e-12
12.2898 5.79471e-12
12.3125 5.34125e-12
12.3352 5.28851e-12
12.358 4.90539e-12
12.3808 4.87543e-12
12.4037 4.64829e-12
12.4266 4.60151e-12
12.4495 4.38324e-12
12.4725 4.32101e-12
12.4955 4.11333e-12
12.5186 4.02865e-12
12.5417 3.83676e-12
12.5649 3.72202e-12
12.5881 3.55322e-12
12.6113 3.3996e-12
12.6346 3.26814e-12
12.658 3.05274e-12
12.6813 2.98101e-12
12.7048 2.73127e-12
12.7282 2.73495e-12
12.7517 2.58971e-12
12.7753 2.591e-12
12.7989 2.44373e-12
12.8225 2.44371e-12
12.8462 2.29403e-12
12.8699 2.2932e-12
12.8937 2.1409e-12
12.9175 2.13744e-12
12.9413 1.98247e-12
12.9652 1.97712e-12
12.9892 1.82105e-12
13.0131 1.81623e-12
13.0372 1.65874e-12
13.0612 1.6537e-12
13.0854 1.51413e-12
13.1095 1.51468e-12
13.1337 1.43457e-12
13.158 1.43358e-12
13.1823 1.35269e-12
13.2066 1.34977e-12
13.231 1.26862e-12
13.2555 1.26344e-12
13.2799 1.18184e-12
13.3045 1.1735e-12
13.329 1.09232e-12
13.3536 1.08077e-12
13.3783 1.0017e-12
13.403 9.86793e-13
13.4277 9.10061e-13
13.4525 8.92513e-13
13.4774 8.28008e-13
13.5023 8.17189e-13
13.5272 7.83241e-13
13.5522 7.68184e-13
13.5772 7.36946e-13
13.6023 7.15883e-13
13.6274 6.89341e-13
13.6526 6.59351e-13
13.6778 6.40343e-13
13.703 5.91862e-13
13.7283 5.8981e-13
13.7537 5.4107e-13
13.7791 5.38984e-13
13.8045 4.89781e-13
13.83 4.8736e-13
13.8556 4.41958e-13
13.8811 4.41526e-13
13.9068 4.16859e-13
13.9325 4.16124e-13
13.9582 3.9106e-13
13.984 3.90107e-13
14.0098 3.64737e-13
14.0357 3.63561e-13
14.0616 3.37679e-13
14.0875 3.36195e-13
14.1136 3.09869e-13
14.1396 3.08218e-13
14.1657 2.81841e-13
14.1919 2.80075e-13
14.2181 2.53407e-13
14.2443 2.51495e-13
14.2706 2.27101e-13
14.297 2.26177e-13
14.3234 2.13249e-13
14.3499 2.1196e-13
14.3763 1.99067e-13
14.4029 1.97393e-13
14.4295 1.84702e-13
14.4561 1.82517e-13
14.4828 1.70021e-13
14.5096 1.67169e-13
14.5364 1.54977e-13
14.5632 1.51407e-13
14.5901 1.39927e-13
14.617 1.35358e-13
14.644 1.24656e-13
14.6711 1.19137e-13
14.6982 1.10624e-13
14.7253 1.06908e-13
14.7525 1.03252e-13
14.7797 9.80776e-14
14.807 9.57848e-14
14.8344 8.87581e-14
14.8618 8.82566e-14
14.8892 8.11523e-14
14.9167 8.05952e-14
14.9443 7.33691e-14
14.9719 7.27912e-14
14.9995 6.55476e-14
15.0272 6.50093e-14
15.055 5.77059e-14
15.0828 5.71116e-14
15.1106 5.01417e-14
15.1385 4.99015e-14
15.1665 4.64443e-14
15.1945 4.62004e-14
15.2225 4.2713e-14
15.2506 4.2502e-14
15.2788 3.90075e-14
15.307 3.87841e-14
15.3353 3.52358e-14
15.3636 3.49459e-14
15.392 3.13441e-14
15.4204 3.10171e-14
15.4489 2.74749e-14
15.4774 2.71389e-14
15.506 2.36229e-14
15.5346 2.32653e-14
15.5633 2.00514e-14
15.592 1.99076e-14
15.6208 1.8717e-14
15.6497 1.84759e-14
15.6786 1.7287e-14
15.7075 1.7021e-14
15.7365 1.59658e-14
15.7656 1.57101e-14
15.7947 1.46964e-14
15.8239 1.41728e-14
15.8531 1.31057e-14
15.8824 1.24948e-14
15.9117 1.1795e-14
15.9411 1.07965e-14
15.9705 9.46094e-15
16 0
