# 1:pT 2:PhotonSpectrum=dN/d^2xT d^2pT dy
0.01 71.3878
0.0100185 71.2537
0.010037 71.068
0.0100555 70.9296
0.0100741 70.7424
0.0100927 70.6002
0.0101113 70.4139
0.01013 70.2677
0.0101487 70.0805
0.0101674 69.929
0.0101862 69.738
0.010205 69.5825
0.0102239 69.3904
0.0102427 69.2316
0.0102617 69.0348
0.0102806 68.8687
0.0102996 68.6662
0.0103186 68.4903
0.0103377 68.2685
0.0103567 68.0931
0.0103759 67.8713
0.010395 67.6942
0.0104142 67.4746
0.0104335 67.2912
0.0104527 67.0748
0.010472 66.8937
0.0104914 66.6791
0.0105107 66.4945
0.0105301 66.2854
0.0105496 66.0964
0.0105691 65.8893
0.0105886 65.7014
0.0106081 65.5003
0.0106277 65.3139
0.0106474 65.1194
0.010667 64.9278
0.0106867 64.7383
0.0107065 64.5448
0.0107262 64.3588
0.010746 64.1592
0.0107659 63.9778
0.0107858 63.7706
0.0108057 63.5991
0.0108256 63.3759
0.0108456 63.2198
0.0108656 63.0005
0.0108857 62.8451
0.0109058 62.6249
0.0109259 62.4725
0.0109461 62.2639
0.0109663 62.1075
0.0109866 61.9016
0.0110069 61.7444
0.0110272 61.5379
0.0110476 61.3805
0.011068 61.1761
0.0110884 61.0184
0.0111089 60.814
0.0111294 60.655
0.0111499 60.4511
0.0111705 60.2926
0.0111912 60.0914
0.0112118 59.932
0.0112325 59.7357
0.0112533 59.5776
0.0112741 59.3878
0.0112949 59.2265
0.0113157 59.0378
0.0113366 58.8767
0.0113576 58.6915
0.0113785 58.5277
0.0113995 58.3449
0.0114206 58.1791
0.0114417 57.9949
0.0114628 57.8283
0.011484 57.6502
0.0115052 57.4813
0.0115264 57.3058
0.0115477 57.1345
0.011569 56.9671
0.0115904 56.7952
0.0116118 56.6349
0.0116332 56.458
0.0116547 56.3023
0.0116762 56.1122
0.0116978 55.9725
0.0117194 55.7772
0.0117411 55.6403
0.0117627 55.4465
0.0117845 55.3096
0.0118062 55.1167
0.011828 54.979
0.0118499 54.7907
0.0118717 54.651
0.0118937 54.4638
0.0119156 54.3261
0.0119376 54.1473
0.0119597 54.0095
0.0119818 53.8333
0.0120039 53.6933
0.0120261 53.5161
0.0120483 53.3768
0.0120705 53.1998
0.0120928 53.0607
0.0121151 52.8851
0.0121375 52.745
0.0121599 52.5712
0.0121824 52.4272
0.0122049 52.257
0.0122274 52.1155
0.01225 51.949
0.0122726 51.8062
0.0122953 51.646
0.012318 51.501
0.0123407 51.3434
0.0123635 51.1976
0.0123863 51.0408
0.0124092 50.8941
0.0124321 50.7388
0.0124551 50.5881
0.0124781 50.4385
0.0125011 50.2853
0.0125242 50.1377
0.0125473 49.98
0.0125705 49.838
0.0125937 49.6759
0.012617 49.5436
0.0126403 49.3723
0.0126636 49.2534
0.012687 49.0849
0.0127104 48.9645
0.0127339 48.7969
0.0127574 48.6742
0.012781 48.5089
0.0128046 48.3853
0.0128282 48.2209
0.0128519 48.0975
0.0128756 47.9335
0.0128994 47.8093
0.0129232 47.648
0.0129471 47.5246
0.012971 47.3653
0.012995 47.2419
0.0130189 47.0863
0.013043 46.9629
0.0130671 46.8098
0.0130912 46.6862
0.0131154 46.5342
0.0131396 46.4084
0.0131639 46.2589
0.0131882 46.1305
0.0132125 45.9803
0.0132369 45.8549
0.0132614 45.7059
0.0132859 45.5785
0.0133104 45.4333
0.013335 45.304
0.0133596 45.1606
0.0133843 45.033
0.013409 44.8961
0.0134337 44.7682
0.0134585 44.6332
0.0134834 44.5018
0.0135083 44.3707
0.0135332 44.2355
0.0135582 44.1086
0.0135833 43.9686
0.0136083 43.8456
0.0136335 43.697
0.0136587 43.5845
0.0136839 43.4306
0.0137091 43.3239
0.0137345 43.1711
0.0137598 43.0655
0.0137852 42.9181
0.0138107 42.8123
0.0138362 42.6685
0.0138617 42.5598
0.0138873 42.4158
0.013913 42.3069
0.0139387 42.1648
0.0139644 42.0557
0.0139902 41.9146
0.014016 41.8037
0.0140419 41.6637
0.0140678 41.5546
0.0140938 41.4133
0.0141198 41.305
0.0141459 41.167
0.014172 41.0593
0.0141982 40.9259
0.0142244 40.816
0.0142507 40.6851
0.014277 40.576
0.0143034 40.4471
0.0143298 40.335
0.0143563 40.2077
0.0143828 40.0935
0.0144093 39.969
0.0144359 39.853
0.0144626 39.7286
0.0144893 39.6132
0.0145161 39.4917
0.0145429 39.3742
0.0145697 39.2563
0.0145966 39.1391
0.0146236 39.0255
0.0146506 38.9057
0.0146776 38.7964
0.0147047 38.6723
0.0147319 38.5669
0.0147591 38.4317
0.0147863 38.3381
0.0148136 38.2034
0.014841 38.1083
0.0148684 37.9747
0.0148959 37.879
0.0149234 37.748
0.0149509 37.6512
0.0149785 37.5218
0.0150062 37.4263
0.0150339 37.3003
0.0150617 37.2057
0.0150895 37.0822
0.0151173 36.9869
0.0151453 36.8641
0.0151732 36.7675
0.0152012 36.6456
0.0152293 36.5479
0.0152574 36.4261
0.0152856 36.3294
0.0153138 36.2092
0.0153421 36.1117
0.0153705 35.9937
0.0153988 35.8942
0.0154273 35.7776
0.0154558 35.68
0.0154843 35.5663
0.0155129 35.4687
0.0155415 35.3578
0.0155702 35.2583
0.015599 35.1484
0.0156278 35.0481
0.0156567 34.9391
0.0156856 34.8377
0.0157145 34.7309
0.0157435 34.6265
0.0157726 34.5233
0.0158017 34.416
0.0158309 34.3163
0.0158602 34.2066
0.0158894 34.1112
0.0159188 33.9973
0.0159482 33.9103
0.0159776 33.7931
0.0160071 33.7101
0.0160367 33.5935
0.0160663 33.5104
0.016096 33.3942
0.0161257 33.311
0.0161555 33.1968
0.0161853 33.1109
0.0162152 32.9976
0.0162451 32.9119
0.0162751 32.799
0.0163052 32.7139
0.0163353 32.6029
0.0163655 32.5177
0.0163957 32.4102
0.016426 32.3264
0.0164563 32.2193
0.0164867 32.1349
0.0165171 32.0284
0.0165476 31.9434
0.0165782 31.8384
0.0166088 31.7524
0.0166395 31.6478
0.0166702 31.5614
0.016701 31.4593
0.0167318 31.371
0.0167627 31.2705
0.0167937 31.181
0.0168247 31.0833
0.0168558 30.9947
0.0168869 30.898
0.0169181 30.8101
0.0169493 30.7164
0.0169806 30.6261
0.017012 30.5345
0.0170434 30.4425
0.0170748 30.353
0.0171064 30.2584
0.017138 30.1718
0.0171696 30.0733
0.0172013 29.9903
0.0172331 29.8831
0.0172649 29.8102
0.0172968 29.7041
0.0173287 29.6311
0.0173607 29.528
0.0173928 29.4548
0.0174249 29.355
0.0174571 29.2811
0.0174893 29.1816
0.0175216 29.1064
0.017554 29.0079
0.0175864 28.9326
0.0176189 28.8346
0.0176514 28.7593
0.017684 28.6616
0.0177166 28.5856
0.0177494 28.4892
0.0177821 28.4132
0.017815 28.3172
0.0178479 28.2428
0.0178808 28.1497
0.0179138 28.0758
0.0179469 27.9851
0.0179801 27.9089
0.0180133 27.8187
0.0180465 27.7429
0.0180799 27.654
0.0181132 27.5768
0.0181467 27.4892
0.0181802 27.4102
0.0182138 27.3233
0.0182474 27.2445
0.0182811 27.159
0.0183149 27.08
0.0183487 26.9972
0.0183826 26.916
0.0184165 26.8369
0.0184505 26.7554
0.0184846 26.6793
0.0185187 26.5955
0.0185529 26.5207
0.0185872 26.4333
0.0186215 26.3635
0.0186559 26.2706
0.0186903 26.2051
0.0187248 26.1139
0.0187594 26.048
0.0187941 25.9564
0.0188288 25.8911
0.0188635 25.8018
0.0188984 25.7354
0.0189333 25.6482
0.0189682 25.5827
0.0190033 25.4968
0.0190384 25.4313
0.0190735 25.3464
0.0191087 25.28
0.019144 25.1954
0.0191794 25.1296
0.0192148 25.0442
0.0192503 24.9778
0.0192858 24.894
0.0193214 24.8272
0.0193571 24.7441
0.0193929 24.6767
0.0194287 24.5952
0.0194645 24.5274
0.0195005 24.448
0.0195365 24.3807
0.0195726 24.3039
0.0196087 24.2348
0.0196449 24.1597
0.0196812 24.0905
0.0197175 24.0146
0.019754 23.9445
0.0197904 23.8705
0.019827 23.7991
0.0198636 23.7262
0.0199003 23.654
0.019937 23.5834
0.0199738 23.5091
0.0200107 23.4418
0.0200477 23.366
0.0200847 23.3014
0.0201218 23.2203
0.0201589 23.1643
0.0201962 23.0831
0.0202335 23.0265
0.0202708 22.9461
0.0203082 22.8879
0.0203457 22.8089
0.0203833 22.7508
0.020421 22.6722
0.0204587 22.6138
0.0204964 22.5355
0.0205343 22.4765
0.0205722 22.3998
0.0206102 22.3419
0.0206483 22.2663
0.0206864 22.2082
0.0207246 22.135
0.0207629 22.0768
0.0208012 22.0031
0.0208396 21.9454
0.0208781 21.8719
0.0209166 21.8139
0.0209553 21.7413
0.020994 21.681
0.0210327 21.6098
0.0210716 21.5503
0.0211105 21.4796
0.0211495 21.4193
0.0211885 21.3504
0.0212277 21.2891
0.0212669 21.2224
0.0213061 21.1621
0.0213455 21.0975
0.0213849 21.0363
0.0214244 20.9722
0.0214639 20.9095
0.0215036 20.8469
0.0215433 20.7828
0.0215831 20.722
0.0216229 20.6564
0.0216628 20.5972
0.0217028 20.528
0.0217429 20.473
0.0217831 20.3999
0.0218233 20.3492
0.0218636 20.2782
0.021904 20.2281
0.0219444 20.1581
0.0219849 20.1082
0.0220255 20.0395
0.0220662 19.9876
0.022107 19.9201
0.0221478 19.8683
0.0221887 19.8002
0.0222297 19.7486
0.0222707 19.6814
0.0223118 19.6291
0.022353 19.5622
0.0223943 19.5109
0.0224357 19.4439
0.0224771 19.393
0.0225186 19.3278
0.0225602 19.2767
0.0226018 19.2137
0.0226436 19.1622
0.0226854 19.1002
0.0227273 19.0473
0.0227692 18.9854
0.0228113 18.9324
0.0228534 18.8717
0.0228956 18.8177
0.0229379 18.7581
0.0229803 18.7033
0.0230227 18.6433
0.0230652 18.5888
0.0231078 18.5306
0.0231505 18.476
0.0231932 18.4194
0.023236 18.3645
0.023279 18.3106
0.0233219 18.2539
0.023365 18.2016
0.0234082 18.143
0.0234514 18.0921
0.0234947 18.0286
0.0235381 17.9837
0.0235815 17.9194
0.0236251 17.8747
0.0236687 17.8109
0.0237124 17.766
0.0237562 17.7036
0.0238001 17.6587
0.023844 17.5977
0.0238881 17.553
0.0239322 17.4933
0.0239764 17.448
0.0240206 17.3893
0.024065 17.344
0.0241094 17.2857
0.0241539 17.2397
0.0241985 17.1813
0.0242432 17.1355
0.024288 17.0773
0.0243329 17.0317
0.0243778 16.974
0.0244228 16.9283
0.0244679 16.8713
0.0245131 16.8246
0.0245583 16.7693
0.0246037 16.7241
0.0246491 16.6709
0.0246946 16.6245
0.0247402 16.5721
0.0247859 16.5247
0.0248317 16.4725
0.0248776 16.4249
0.0249235 16.3736
0.0249695 16.3253
0.0250156 16.2747
0.0250618 16.2253
0.0251081 16.1761
0.0251545 16.1263
0.0252009 16.0786
0.0252475 16.0277
0.0252941 15.9818
0.0253408 15.9302
0.0253876 15.8875
0.0254345 15.8318
0.0254814 15.7925
0.0255285 15.7374
0.0255756 15.6981
0.0256229 15.6424
0.0256702 15.6029
0.0257176 15.5485
0.0257651 15.5083
0.0258126 15.4543
0.0258603 15.4141
0.0259081 15.3605
0.0259559 15.3205
0.0260038 15.268
0.0260518 15.2287
0.0261 15.1779
0.0261482 15.138
0.0261964 15.0873
0.0262448 15.0473
0.0262933 14.9969
0.0263418 14.9565
0.0263905 14.9067
0.0264392 14.866
0.026488 14.8167
0.0265369 14.7751
0.0265859 14.7262
0.026635 14.6848
0.0266842 14.6369
0.0267335 14.5954
0.0267829 14.5486
0.0268323 14.5073
0.0268819 14.4615
0.0269315 14.4201
0.0269812 14.3754
0.0270311 14.333
0.027081 14.2887
0.027131 14.2454
0.0271811 14.2027
0.0272313 14.1581
0.0272816 14.1165
0.0273319 14.0704
0.0273824 14.0303
0.027433 13.9811
0.0274836 13.9454
0.0275344 13.8952
0.0275852 13.8611
0.0276362 13.813
0.0276872 13.7788
0.0277383 13.7308
0.0277896 13.6963
0.0278409 13.6491
0.0278923 13.6138
0.0279438 13.5665
0.0279954 13.531
0.0280471 13.4844
0.0280989 13.4491
0.0281508 13.403
0.0282027 13.3672
0.0282548 13.3213
0.028307 13.2859
0.0283593 13.2405
0.0284116 13.2059
0.0284641 13.1622
0.0285167 13.1273
0.0285693 13.0839
0.0286221 13.0479
0.0286749 13.0051
0.0287279 12.9693
0.0287809 12.9271
0.0288341 12.8903
0.0288873 12.8488
0.0289407 12.8114
0.0289941 12.7706
0.0290477 12.733
0.0291013 12.6926
0.029155 12.6553
0.0292089 12.6158
0.0292628 12.5786
0.0293168 12.5411
0.029371 12.503
0.0294252 12.4662
0.0294796 12.4268
0.029534 12.391
0.0295885 12.3504
0.0296432 12.3163
0.0296979 12.2719
0.0297527 12.2415
0.0298077 12.1975
0.0298627 12.1668
0.0299179 12.1234
0.0299731 12.0924
0.0300285 12.05
0.0300839 12.0191
0.0301395 11.9782
0.0301951 11.9475
0.0302509 11.9068
0.0303068 11.8757
0.0303627 11.8354
0.0304188 11.8044
0.030475 11.7643
0.0305312 11.7327
0.0305876 11.6927
0.0306441 11.6611
0.0307007 11.6214
0.0307574 11.5899
0.0308142 11.551
0.0308711 11.5193
0.0309281 11.4812
0.0309852 11.4494
0.0310424 11.4123
0.0310997 11.381
0.0311572 11.3443
0.0312147 11.3125
0.0312723 11.2761
0.0313301 11.2437
0.0313879 11.2075
0.0314459 11.1748
0.031504 11.1394
0.0315621 11.1064
0.0316204 11.0716
0.0316788 11.0376
0.0317373 11.004
0.0317959 10.9695
0.0318546 10.9374
0.0319135 10.9026
0.0319724 10.8721
0.0320314 10.8351
0.0320906 10.8072
0.0321498 10.7687
0.0322092 10.7418
0.0322687 10.7035
0.0323283 10.6765
0.032388 10.6385
0.0324478 10.6114
0.0325077 10.5741
0.0325677 10.5464
0.0326279 10.5093
0.0326881 10.4818
0.0327485 10.4453
0.0328089 10.4183
0.0328695 10.3833
0.0329302 10.3558
0.032991 10.3211
0.033052 10.2939
0.033113 10.2586
0.0331741 10.2314
0.0332354 10.1967
0.0332968 10.1691
0.0333583 10.1348
0.0334199 10.1067
0.0334816 10.0727
0.0335434 10.0447
0.0336053 10.0115
0.0336674 9.98313
0.0337296 9.95061
0.0337919 9.92232
0.0338543 9.89121
0.0339168 9.86252
0.0339794 9.83152
0.0340421 9.80275
0.034105 9.77225
0.034168 9.74285
0.0342311 9.713
0.0342943 9.68299
0.0343576 9.65397
0.0344211 9.62316
0.0344846 9.59499
0.0345483 9.56303
0.0346121 9.53639
0.034676 9.50174
0.0347401 9.47855
0.0348042 9.44522
0.0348685 9.4218
0.0349329 9.3889
0.0349974 9.36522
0.035062 9.33277
0.0351267 9.30859
0.0351916 9.27632
0.0352566 9.25208
0.0353217 9.2199
0.0353869 9.19578
0.0354523 9.16386
0.0355177 9.1397
0.0355833 9.10808
0.035649 9.08371
0.0357149 9.05263
0.0357808 9.02848
0.0358469 8.99813
0.0359131 8.97425
0.0359794 8.9444
0.0360458 8.9203
0.0361124 8.89078
0.0361791 8.86599
0.0362459 8.83662
0.0363128 8.81179
0.0363799 8.78278
0.0364471 8.75767
0.0365144 8.72901
0.0365818 8.70364
0.0366493 8.67549
0.036717 8.6501
0.0367848 8.62249
0.0368527 8.59747
0.0369208 8.57079
0.036989 8.54507
0.0370573 8.51946
0.0371257 8.49303
0.0371943 8.46801
0.0372629 8.44073
0.0373318 8.41652
0.0374007 8.38766
0.0374698 8.36531
0.037539 8.33497
0.0376083 8.31385
0.0376777 8.28395
0.0377473 8.26295
0.037817 8.23332
0.0378868 8.21268
0.0379568 8.18434
0.0380269 8.16321
0.0380971 8.13523
0.0381675 8.11402
0.0382379 8.08602
0.0383085 8.06488
0.0383793 8.03716
0.0384502 8.0156
0.0385212 7.98816
0.0385923 7.9668
0.0386636 7.93914
0.038735 7.91778
0.0388065 7.89045
0.0388781 7.86904
0.0389499 7.84226
0.0390219 7.82102
0.0390939 7.79511
0.0391661 7.77377
0.0392384 7.74859
0.0393109 7.72678
0.0393835 7.70188
0.0394562 7.67962
0.0395291 7.65518
0.0396021 7.63277
0.0396752 7.60824
0.0397485 7.58576
0.0398219 7.56171
0.0398954 7.53883
0.0399691 7.51545
0.0400429 7.49215
0.0401168 7.46964
0.0401909 7.44623
0.0402651 7.42473
0.0403395 7.40058
0.040414 7.37994
0.0404886 7.35348
0.0405633 7.33525
0.0406383 7.30892
0.0407133 7.29052
0.0407885 7.2643
0.0408638 7.24563
0.0409393 7.21987
0.0410149 7.20115
0.0410906 7.1756
0.0411665 7.15666
0.0412425 7.13155
0.0413186 7.11295
0.0413949 7.08863
0.0414714 7.07023
0.041548 7.04618
0.0416247 7.02741
0.0417016 7.00368
0.0417786 6.98478
0.0418557 6.96093
0.041933 6.94223
0.0420104 6.91853
0.042088 6.89968
0.0421657 6.87637
0.0422436 6.85703
0.0423216 6.83395
0.0423998 6.8149
0.042478 6.79228
0.0425565 6.77318
0.0426351 6.75135
0.0427138 6.73193
0.0427927 6.71052
0.0428717 6.69099
0.0429509 6.6698
0.0430302 6.65015
0.0431096 6.62934
0.0431892 6.60884
0.043269 6.58869
0.0433489 6.56784
0.0434289 6.54821
0.0435091 6.52688
0.0435895 6.50778
0.04367 6.48555
0.0437506 6.46806
0.0438314 6.4449
0.0439124 6.42867
0.0439934 6.40634
0.0440747 6.39003
0.0441561 6.36733
0.0442376 6.35106
0.0443193 6.32888
0.0444011 6.31212
0.0444831 6.29008
0.0445653 6.27344
0.0446476 6.25125
0.04473 6.23477
0.0448126 6.21292
0.0448954 6.19628
0.0449783 6.17468
0.0450613 6.15841
0.0451445 6.13722
0.0452279 6.12105
0.0453114 6.10047
0.0453951 6.08394
0.0454789 6.06352
0.0455629 6.04683
0.045647 6.02661
0.0457313 6.00964
0.0458158 5.9896
0.0459004 5.97259
0.0459851 5.95284
0.0460701 5.93559
0.0461551 5.91631
0.0462404 5.89887
0.0463257 5.87974
0.0464113 5.86252
0.046497 5.84414
0.0465829 5.82677
0.0466689 5.80883
0.0467551 5.79111
0.0468414 5.77368
0.0469279 5.75534
0.0470145 5.73852
0.0471014 5.71953
0.0471883 5.70316
0.0472755 5.68236
0.0473628 5.66819
0.0474502 5.64744
0.0475379 5.63322
0.0476256 5.6128
0.0477136 5.59843
0.0478017 5.57882
0.04789 5.56454
0.0479784 5.54535
0.048067 5.53088
0.0481558 5.51167
0.0482447 5.49705
0.0483338 5.47811
0.048423 5.46361
0.0485124 5.44457
0.048602 5.42983
0.0486918 5.41107
0.0487817 5.3964
0.0488718 5.37762
0.048962 5.36313
0.0490524 5.34452
0.049143 5.33021
0.0492338 5.31217
0.0493247 5.2975
0.0494158 5.28001
0.049507 5.26543
0.0495984 5.24803
0.04969 5.23312
0.0497818 5.21603
0.0498737 5.20075
0.0499658 5.18391
0.0500581 5.16859
0.0501505 5.15209
0.0502431 5.13658
0.0503359 5.12021
0.0504288 5.1044
0.050522 5.08866
0.0506153 5.07285
0.0507087 5.05776
0.0508024 5.04176
0.0508962 5.0272
0.0509902 5.01042
0.0510843 4.99666
0.0511786 4.97868
0.0512732 4.96597
0.0513678 4.94826
0.0514627 4.93554
0.0515577 4.91768
0.0516529 4.90507
0.0517483 4.88751
0.0518439 4.87459
0.0519396 4.85733
0.0520355 4.84456
0.0521316 4.82763
0.0522279 4.81501
0.0523243 4.79857
0.0524209 4.78576
0.0525177 4.76944
0.0526147 4.75667
0.0527119 4.74019
0.0528092 4.72744
0.0529067 4.71115
0.0530044 4.69819
0.0531023 4.68211
0.0532004 4.66916
0.0532986 4.65337
0.053397 4.64017
0.0534956 4.62452
0.0535944 4.61147
0.0536934 4.59645
0.0537925 4.58338
0.0538919 4.56881
0.0539914 4.55552
0.0540911 4.54078
0.054191 4.52743
0.054291 4.51307
0.0543913 4.49952
0.0544917 4.48534
0.0545924 4.47143
0.0546932 4.45772
0.0547942 4.44345
0.0548954 4.4302
0.0549967 4.41542
0.0550983 4.40273
0.0552 4.38706
0.055302 4.37596
0.0554041 4.36035
0.0555064 4.34936
0.0556089 4.33382
0.0557116 4.32279
0.0558144 4.3074
0.0559175 4.2962
0.0560208 4.28105
0.0561242 4.26973
0.0562279 4.25451
0.0563317 4.24314
0.0564357 4.22817
0.0565399 4.21686
0.0566443 4.20211
0.0567489 4.19074
0.0568537 4.17627
0.0569587 4.16511
0.0570639 4.15096
0.0571693 4.13983
0.0572748 4.12571
0.0573806 4.11445
0.0574866 4.10043
0.0575927 4.08888
0.0576991 4.07506
0.0578056 4.06359
0.0579124 4.04994
0.0580193 4.03828
0.0581264 4.02492
0.0582338 4.01306
0.0583413 3.99994
0.058449 3.98815
0.058557 3.97542
0.0586651 3.96367
0.0587734 3.9513
0.058882 3.93927
0.0589907 3.92719
0.0590996 3.91495
0.0592088 3.90311
0.0593181 3.89052
0.0594276 3.87897
0.0595374 3.86594
0.0596473 3.85505
0.0597575 3.84091
0.0598678 3.83111
0.0599784 3.81717
0.0600891 3.80745
0.0602001 3.79364
0.0603112 3.78401
0.0604226 3.77084
0.0605342 3.76101
0.060646 3.74794
0.060758 3.73803
0.0608702 3.72494
0.0609826 3.71499
0.0610952 3.70204
0.061208 3.6921
0.061321 3.6792
0.0614343 3.66917
0.0615477 3.65629
0.0616614 3.64631
0.0617752 3.63363
0.0618893 3.62369
0.0620036 3.61135
0.0621181 3.60148
0.0622328 3.58956
0.0623477 3.57945
0.0624628 3.56753
0.0625782 3.55743
0.0626937 3.54569
0.0628095 3.53556
0.0629255 3.52387
0.0630417 3.5135
0.0631581 3.50191
0.0632747 3.49152
0.0633916 3.48023
0.0635086 3.46968
0.0636259 3.45862
0.0637434 3.44793
0.0638611 3.43741
0.063979 3.42666
0.0640972 3.41655
0.0642155 3.40546
0.0643341 3.39557
0.0644529 3.38368
0.0645719 3.37478
0.0646912 3.36246
0.0648106 3.35388
0.0649303 3.34161
0.0650502 3.33302
0.0651703 3.32087
0.0652907 3.31227
0.0654113 3.30033
0.065532 3.2916
0.0656531 3.27988
0.0657743 3.27125
0.0658957 3.26
0.0660174 3.25137
0.0661393 3.24018
0.0662615 3.23137
0.0663838 3.2202
0.0665064 3.2114
0.0666292 3.20021
0.0667523 3.19153
0.0668755 3.18038
0.066999 3.17166
0.0671227 3.16066
0.0672467 3.15165
0.0673709 3.14088
0.0674953 3.13209
0.0676199 3.1216
0.0677448 3.11272
0.0678699 3.10263
0.0679952 3.0936
0.0681208 3.08363
0.0682466 3.0745
0.0683726 3.06454
0.0684988 3.05539
0.0686253 3.04555
0.0687521 3.03619
0.068879 3.02669
0.0690062 3.01713
0.0691336 3.00785
0.0692613 2.99802
0.0693892 2.98907
0.0695173 2.97903
0.0696457 2.97066
0.0697743 2.96002
0.0699031 2.95256
0.0700322 2.94197
0.0701616 2.93441
0.0702911 2.92387
0.0704209 2.91623
0.070551 2.90582
0.0706812 2.89807
0.0708118 2.88768
0.0709425 2.87997
0.0710735 2.86965
0.0712048 2.86194
0.0713362 2.85179
0.071468 2.84413
0.0716 2.83416
0.0717322 2.82652
0.0718646 2.81685
0.0719973 2.80916
0.0721303 2.79955
0.0722635 2.79184
0.0723969 2.78233
0.0725306 2.77457
0.0726645 2.76513
0.0727987 2.75721
0.0729332 2.74779
0.0730678 2.73996
0.0732028 2.73066
0.0733379 2.72276
0.0734734 2.71363
0.073609 2.70566
0.073745 2.69671
0.0738812 2.68887
0.0740176 2.68029
0.0741543 2.67233
0.0742912 2.66386
0.0744284 2.65565
0.0745658 2.64747
0.0747035 2.63901
0.0748415 2.63103
0.0749797 2.62234
0.0751181 2.61461
0.0752568 2.60536
0.0753958 2.59833
0.075535 2.58871
0.0756745 2.58203
0.0758143 2.57256
0.0759543 2.56603
0.0760945 2.5569
0.076235 2.55035
0.0763758 2.54135
0.0765168 2.53459
0.0766581 2.5256
0.0767997 2.51883
0.0769415 2.50994
0.0770836 2.50317
0.0772259 2.49434
0.0773685 2.48747
0.0775114 2.47872
0.0776545 2.47195
0.0777979 2.46315
0.0779416 2.45643
0.0780855 2.44785
0.0782297 2.44121
0.0783742 2.43294
0.0785189 2.42619
0.0786639 2.41795
0.0788092 2.41117
0.0789547 2.40307
0.0791005 2.39615
0.0792466 2.38813
0.0793929 2.38109
0.0795395 2.37325
0.0796864 2.36613
0.0798335 2.35831
0.0799809 2.35121
0.0801286 2.34352
0.0802766 2.33629
0.0804248 2.32891
0.0805734 2.32177
0.0807221 2.31471
0.0808712 2.30731
0.0810205 2.30042
0.0811702 2.29274
0.08132 2.28615
0.0814702 2.27776
0.0816207 2.27191
0.0817714 2.26356
0.0819224 2.25767
0.0820737 2.24938
0.0822252 2.24346
0.0823771 2.2353
0.0825292 2.22935
0.0826816 2.22131
0.0828342 2.21543
0.0829872 2.20774
0.0831405 2.20189
0.083294 2.19419
0.0834478 2.18831
0.0836019 2.18066
0.0837563 2.17468
0.0839109 2.16709
0.0840659 2.16106
0.0842211 2.15345
0.0843766 2.14749
0.0845325 2.13998
0.0846885 2.13401
0.0848449 2.12662
0.0850016 2.12053
0.0851586 2.11326
0.0853158 2.1073
0.0854734 2.10031
0.0856312 2.09427
0.0857893 2.08734
0.0859478 2.08121
0.0861065 2.07433
0.0862655 2.06817
0.0864248 2.06135
0.0865844 2.05514
0.0867442 2.04845
0.0869044 2.04201
0.0870649 2.03559
0.0872257 2.029
0.0873868 2.02276
0.0875481 2.01607
0.0877098 2.01009
0.0878718 2.00323
0.088034 1.99776
0.0881966 1.99052
0.0883594 1.98533
0.0885226 1.97818
0.0886861 1.973
0.0888498 1.96579
0.0890139 1.96064
0.0891783 1.95355
0.089343 1.94826
0.0895079 1.94123
0.0896732 1.93595
0.0898388 1.92895
0.0900047 1.92375
0.0901709 1.91689
0.0903374 1.91169
0.0905043 1.90511
0.0906714 1.89996
0.0908388 1.89332
0.0910066 1.88815
0.0911746 1.88157
0.091343 1.87634
0.0915116 1.86983
0.0916806 1.86454
0.0918499 1.85809
0.0920195 1.85275
0.0921895 1.84641
0.0923597 1.84101
0.0925303 1.83478
0.0927011 1.82932
0.0928723 1.82326
0.0930438 1.81792
0.0932156 1.81196
0.0933877 1.80657
0.0935602 1.80076
0.093733 1.79524
0.0939061 1.78953
0.0940795 1.7839
0.0942532 1.77834
0.0944272 1.77256
0.0946016 1.76717
0.0947763 1.76115
0.0949513 1.75598
0.0951266 1.74941
0.0953023 1.74492
0.0954783 1.7384
0.0956546 1.73397
0.0958312 1.72771
0.0960082 1.72319
0.0961855 1.71705
0.0963631 1.7125
0.0965411 1.7064
0.0967193 1.70176
0.0968979 1.69569
0.0970769 1.69107
0.0972561 1.68503
0.0974357 1.68044
0.0976156 1.6744
0.0977959 1.66975
0.0979765 1.66383
0.0981574 1.65916
0.0983387 1.65326
0.0985203 1.64877
0.0987022 1.64305
0.0988845 1.63851
0.0990671 1.63289
0.09925 1.62822
0.0994333 1.62263
0.0996169 1.618
0.0998008 1.61247
0.0999851 1.60777
0.10017 1.60233
0.100355 1.5975
0.10054 1.59214
0.100726 1.58731
0.100912 1.58205
0.101098 1.5772
0.101285 1.57209
0.101472 1.56721
0.101659 1.56232
0.101847 1.55736
0.102035 1.55262
0.102223 1.54752
0.102412 1.54286
0.102601 1.53752
0.102791 1.5332
0.102981 1.52747
0.103171 1.52344
0.103361 1.51784
0.103552 1.5138
0.103743 1.50815
0.103935 1.50416
0.104127 1.49866
0.104319 1.49462
0.104512 1.48934
0.104705 1.48533
0.104898 1.48005
0.105092 1.47606
0.105286 1.47082
0.10548 1.46677
0.105675 1.46155
0.10587 1.45752
0.106066 1.4523
0.106262 1.44826
0.106458 1.44311
0.106654 1.43902
0.106851 1.43394
0.107049 1.42987
0.107246 1.42488
0.107444 1.42079
0.107643 1.41597
0.107841 1.41191
0.108041 1.40716
0.10824 1.40303
0.10844 1.39838
0.10864 1.39417
0.108841 1.3895
0.109042 1.38527
0.109243 1.3807
0.109445 1.37639
0.109647 1.37192
0.10985 1.36755
0.110052 1.3632
0.110256 1.35873
0.110459 1.35458
0.110663 1.35004
0.110868 1.34606
0.111072 1.34111
0.111277 1.33766
0.111483 1.33271
0.111689 1.32923
0.111895 1.3243
0.112102 1.32077
0.112309 1.31591
0.112516 1.31236
0.112724 1.30756
0.112932 1.30397
0.11314 1.29919
0.113349 1.29559
0.113559 1.29091
0.113768 1.28741
0.113978 1.28285
0.114189 1.2793
0.1144 1.27483
0.114611 1.27128
0.114823 1.26678
0.115035 1.26326
0.115247 1.25878
0.11546 1.25524
0.115673 1.25079
0.115887 1.24715
0.116101 1.24277
0.116315 1.23918
0.11653 1.23484
0.116745 1.2312
0.116961 1.227
0.117177 1.22333
0.117393 1.21926
0.11761 1.21562
0.117827 1.21164
0.118045 1.20793
0.118263 1.20398
0.118481 1.20017
0.1187 1.19632
0.118919 1.19244
0.119139 1.18871
0.119359 1.18472
0.119579 1.18109
0.1198 1.17693
0.120021 1.17352
0.120243 1.1691
0.120465 1.16602
0.120687 1.16176
0.12091 1.15871
0.121133 1.15445
0.121357 1.1514
0.121581 1.14721
0.121806 1.14407
0.12203 1.13994
0.122256 1.1368
0.122482 1.13265
0.122708 1.12952
0.122934 1.12542
0.123161 1.12227
0.123389 1.11821
0.123617 1.11508
0.123845 1.11101
0.124074 1.10794
0.124303 1.10401
0.124532 1.10091
0.124762 1.09708
0.124993 1.09395
0.125223 1.09016
0.125455 1.08697
0.125686 1.08317
0.125918 1.07998
0.126151 1.07626
0.126384 1.07302
0.126617 1.06936
0.126851 1.06609
0.127085 1.06241
0.12732 1.05915
0.127555 1.05561
0.127791 1.05235
0.128027 1.04892
0.128263 1.04561
0.1285 1.04231
0.128737 1.0389
0.128975 1.03569
0.129213 1.03216
0.129452 1.02903
0.129691 1.02525
0.12993 1.02246
0.13017 1.01856
0.130411 1.01584
0.130651 1.01198
0.130893 1.00928
0.131134 1.00547
0.131376 1.00279
0.131619 0.999124
0.131862 0.996404
0.132106 0.992795
0.13235 0.990068
0.132594 0.986498
0.132839 0.983756
0.133084 0.980228
0.13333 0.977439
0.133576 0.973903
0.133823 0.971141
0.13407 0.967612
0.134317 0.964863
0.134565 0.961366
0.134814 0.95861
0.135063 0.95517
0.135312 0.952385
0.135562 0.949053
0.135812 0.946338
0.136063 0.943067
0.136315 0.940276
0.136566 0.93707
0.136818 0.934222
0.137071 0.931034
0.137324 0.928168
0.137578 0.925026
0.137832 0.922136
0.138086 0.919033
0.138341 0.916069
0.138597 0.913073
0.138853 0.910083
0.139109 0.907167
0.139366 0.904139
0.139623 0.901351
0.139881 0.898267
0.14014 0.895648
0.140398 0.892279
0.140658 0.889892
0.140917 0.886557
0.141177 0.884179
0.141438 0.880815
0.141699 0.878419
0.141961 0.875122
0.142223 0.872695
0.142486 0.869439
0.142749 0.867006
0.143013 0.863777
0.143277 0.861372
0.143541 0.858243
0.143806 0.855862
0.144072 0.852799
0.144338 0.850387
0.144604 0.847313
0.144871 0.844889
0.145139 0.841851
0.145407 0.83941
0.145675 0.836401
0.145944 0.833947
0.146214 0.830979
0.146484 0.828485
0.146754 0.82552
0.147025 0.823061
0.147297 0.820149
0.147569 0.817716
0.147841 0.814885
0.148114 0.812423
0.148388 0.809644
0.148662 0.807169
0.148937 0.804451
0.149212 0.801931
0.149487 0.799238
0.149763 0.796655
0.15004 0.794047
0.150317 0.791383
0.150594 0.788874
0.150872 0.786128
0.151151 0.783687
0.15143 0.780773
0.15171 0.778596
0.15199 0.775625
0.152271 0.773568
0.152552 0.770663
0.152833 0.768603
0.153116 0.765709
0.153398 0.76363
0.153682 0.760774
0.153965 0.758641
0.15425 0.755803
0.154535 0.753664
0.15482 0.75086
0.155106 0.748733
0.155392 0.745955
0.155679 0.743797
0.155967 0.741049
0.156255 0.738918
0.156543 0.73621
0.156832 0.734134
0.157122 0.731499
0.157412 0.729394
0.157703 0.72677
0.157994 0.724613
0.158286 0.722018
0.158578 0.719882
0.158871 0.71732
0.159164 0.715117
0.159458 0.712598
0.159753 0.710378
0.160048 0.707902
0.160343 0.705666
0.160639 0.703215
0.160936 0.701012
0.161233 0.698635
0.161531 0.696419
0.161829 0.694136
0.162128 0.691862
0.162427 0.689628
0.162727 0.687276
0.163028 0.685112
0.163329 0.682686
0.16363 0.68061
0.163933 0.677961
0.164235 0.676117
0.164539 0.673489
0.164842 0.671636
0.165147 0.669035
0.165452 0.667188
0.165757 0.664667
0.166063 0.662813
0.16637 0.660355
0.166677 0.658499
0.166985 0.656053
0.167293 0.654195
0.167602 0.651759
0.167912 0.649892
0.168222 0.647477
0.168532 0.64558
0.168844 0.643182
0.169155 0.641281
0.169468 0.638892
0.169781 0.63701
0.170094 0.634666
0.170408 0.63279
0.170723 0.630515
0.171038 0.628622
0.171354 0.626391
0.171671 0.624519
0.171988 0.622295
0.172305 0.620401
0.172623 0.618203
0.172942 0.616278
0.173261 0.614099
0.173581 0.612154
0.173902 0.610015
0.174223 0.60805
0.174545 0.605958
0.174867 0.60394
0.17519 0.601936
0.175514 0.599889
0.175838 0.597963
0.176162 0.595905
0.176488 0.594058
0.176814 0.591865
0.17714 0.590168
0.177467 0.587877
0.177795 0.586251
0.178123 0.583969
0.178452 0.582352
0.178782 0.580072
0.179112 0.578461
0.179443 0.576224
0.179774 0.574571
0.180106 0.572353
0.180438 0.570713
0.180772 0.568553
0.181105 0.566936
0.18144 0.564843
0.181775 0.563194
0.182111 0.561114
0.182447 0.55948
0.182784 0.557382
0.183121 0.555736
0.183459 0.553659
0.183798 0.552002
0.184138 0.549951
0.184478 0.548282
0.184818 0.546243
0.18516 0.544575
0.185502 0.542582
0.185844 0.540906
0.186187 0.538962
0.186531 0.537292
0.186876 0.535421
0.187221 0.533734
0.187566 0.531854
0.187913 0.530155
0.18826 0.528307
0.188607 0.526559
0.188956 0.52476
0.189305 0.522987
0.189654 0.521234
0.190004 0.519407
0.190355 0.517711
0.190707 0.515821
0.191059 0.514216
0.191412 0.512171
0.191765 0.510779
0.192119 0.508804
0.192474 0.507387
0.192829 0.505418
0.193186 0.503994
0.193542 0.502045
0.1939 0.500608
0.194258 0.49867
0.194616 0.497214
0.194976 0.495288
0.195336 0.493846
0.195697 0.491937
0.196058 0.490491
0.19642 0.488607
0.196783 0.487158
0.197146 0.485307
0.19751 0.483874
0.197875 0.482067
0.19824 0.48064
0.198606 0.478857
0.198973 0.477415
0.199341 0.475652
0.199709 0.474176
0.200077 0.472419
0.200447 0.470949
0.200817 0.469214
0.201188 0.467726
0.201559 0.46601
0.201932 0.464504
0.202304 0.462815
0.202678 0.461322
0.203052 0.459672
0.203427 0.4582
0.203803 0.456616
0.204179 0.455078
0.204556 0.453539
0.204934 0.451968
0.205312 0.450468
0.205692 0.448857
0.206071 0.447393
0.206452 0.445698
0.206833 0.444342
0.207215 0.442548
0.207598 0.441275
0.207981 0.439519
0.208365 0.438259
0.20875 0.4365
0.209135 0.435269
0.209522 0.433595
0.209908 0.432328
0.210296 0.430666
0.210684 0.429397
0.211073 0.427723
0.211463 0.426463
0.211854 0.424812
0.212245 0.423527
0.212637 0.421891
0.21303 0.420619
0.213423 0.418971
0.213817 0.417697
0.214212 0.416084
0.214607 0.414805
0.215004 0.413227
0.215401 0.411964
0.215799 0.410439
0.216197 0.409157
0.216596 0.407648
0.216996 0.406351
0.217397 0.40486
0.217798 0.403538
0.218201 0.402069
0.218603 0.400749
0.219007 0.399273
0.219412 0.39794
0.219817 0.396505
0.220223 0.395149
0.220629 0.393745
0.221037 0.392381
0.221445 0.391031
0.221854 0.38966
0.222263 0.388378
0.222674 0.386953
0.223085 0.385711
0.223497 0.384149
0.22391 0.38306
0.224323 0.381497
0.224737 0.380402
0.225152 0.37885
0.225568 0.377734
0.225985 0.376207
0.226402 0.375093
0.22682 0.373585
0.227239 0.372462
0.227659 0.370975
0.228079 0.369873
0.2285 0.368443
0.228922 0.367349
0.229345 0.365917
0.229768 0.3648
0.230193 0.363389
0.230618 0.362258
0.231044 0.36084
0.23147 0.359727
0.231898 0.358318
0.232326 0.357201
0.232755 0.355809
0.233185 0.354663
0.233615 0.353297
0.234047 0.352166
0.234479 0.350823
0.234912 0.349705
0.235346 0.348417
0.23578 0.347266
0.236216 0.345993
0.236652 0.344837
0.237089 0.343576
0.237527 0.342414
0.237965 0.341173
0.238405 0.339968
0.238845 0.338763
0.239286 0.337534
0.239728 0.336371
0.240171 0.335115
0.240614 0.33398
0.241058 0.332679
0.241504 0.331639
0.24195 0.330294
0.242396 0.329329
0.242844 0.328004
0.243292 0.327033
0.243742 0.32569
0.244192 0.324729
0.244643 0.323411
0.245094 0.322414
0.245547 0.321113
0.246 0.320126
0.246455 0.318822
0.24691 0.317838
0.247366 0.316548
0.247822 0.315566
0.24828 0.31429
0.248739 0.313337
0.249198 0.312096
0.249658 0.311132
0.250119 0.309913
0.250581 0.308928
0.251044 0.307721
0.251507 0.306736
0.251972 0.305543
0.252437 0.304536
0.252903 0.303347
0.25337 0.302341
0.253838 0.301173
0.254307 0.300158
0.254776 0.299013
0.255247 0.297994
0.255718 0.296861
0.25619 0.295857
0.256663 0.294773
0.257137 0.293755
0.257612 0.292689
0.258088 0.291641
0.258565 0.290603
0.259042 0.28953
0.25952 0.288525
0.26 0.287414
0.26048 0.286437
0.260961 0.285215
0.261443 0.284369
0.261925 0.283154
0.262409 0.282309
0.262894 0.281107
0.263379 0.280269
0.263865 0.279122
0.264353 0.278276
0.264841 0.277142
0.26533 0.276285
0.26582 0.275149
0.266311 0.274288
0.266803 0.273163
0.267295 0.272306
0.267789 0.271187
0.268283 0.270315
0.268779 0.269207
0.269275 0.268339
0.269772 0.267233
0.27027 0.266376
0.27077 0.26529
0.27127 0.264442
0.27177 0.263394
0.272272 0.262527
0.272775 0.261497
0.273279 0.260634
0.273783 0.259607
0.274289 0.258731
0.274796 0.257723
0.275303 0.256822
0.275811 0.255827
0.276321 0.254929
0.276831 0.25395
0.277342 0.253041
0.277854 0.25208
0.278367 0.251151
0.278881 0.250227
0.279396 0.24931
0.279912 0.248422
0.280429 0.24748
0.280947 0.246616
0.281466 0.24564
0.281986 0.24482
0.282506 0.243766
0.283028 0.243015
0.283551 0.241972
0.284074 0.241228
0.284599 0.240172
0.285124 0.23943
0.285651 0.2384
0.286178 0.237642
0.286707 0.236634
0.287236 0.235888
0.287767 0.234906
0.288298 0.234164
0.28883 0.233199
0.289364 0.232449
0.289898 0.231485
0.290433 0.230733
0.29097 0.229768
0.291507 0.229013
0.292045 0.228058
0.292585 0.227292
0.293125 0.226355
0.293666 0.225592
0.294208 0.224667
0.294752 0.223892
0.295296 0.222978
0.295841 0.222217
0.296388 0.221343
0.296935 0.220576
0.297483 0.219713
0.298033 0.218939
0.298583 0.218069
0.299134 0.217287
0.299687 0.216444
0.30024 0.215647
0.300795 0.214813
0.30135 0.214
0.301906 0.213198
0.302464 0.212363
0.303022 0.211584
0.303582 0.21073
0.304143 0.209985
0.304704 0.209092
0.305267 0.20843
0.305831 0.20752
0.306395 0.206873
0.306961 0.205967
0.307528 0.20532
0.308096 0.204416
0.308665 0.203765
0.309235 0.202877
0.309806 0.202214
0.310378 0.201326
0.310951 0.200665
0.311525 0.19979
0.312101 0.199134
0.312677 0.198278
0.313254 0.19762
0.313833 0.196786
0.314412 0.196133
0.314993 0.195307
0.315574 0.194654
0.316157 0.193833
0.316741 0.193173
0.317326 0.192361
0.317912 0.191686
0.318499 0.190886
0.319087 0.190216
0.319676 0.189427
0.320267 0.188743
0.320858 0.187966
0.321451 0.187276
0.322044 0.186515
0.322639 0.185836
0.323235 0.185097
0.323832 0.184418
0.32443 0.183691
0.325029 0.182991
0.325629 0.182289
0.32623 0.181576
0.326833 0.180884
0.327436 0.18015
0.328041 0.17948
0.328646 0.178723
0.329253 0.17809
0.329861 0.17727
0.33047 0.1767
0.331081 0.175895
0.331692 0.175332
0.332305 0.174545
0.332918 0.17398
0.333533 0.173213
0.334149 0.17264
0.334766 0.17188
0.335384 0.171304
0.336003 0.170545
0.336624 0.169967
0.337246 0.169215
0.337868 0.16864
0.338492 0.167892
0.339117 0.167311
0.339743 0.166568
0.340371 0.165985
0.340999 0.165256
0.341629 0.164682
0.34226 0.163979
0.342892 0.163401
0.343525 0.162715
0.344159 0.162126
0.344795 0.161438
0.345432 0.160857
0.34607 0.160173
0.346709 0.159586
0.347349 0.158911
0.34799 0.158314
0.348633 0.157642
0.349277 0.157042
0.349922 0.156392
0.350568 0.155788
0.351215 0.155149
0.351864 0.154543
0.352513 0.153934
0.353164 0.153316
0.353817 0.152731
0.35447 0.152092
0.355125 0.151524
0.35578 0.15084
0.356437 0.150322
0.357095 0.149617
0.357755 0.149121
0.358416 0.148417
0.359077 0.147923
0.35974 0.147224
0.360405 0.146731
0.36107 0.146047
0.361737 0.145552
0.362405 0.144885
0.363074 0.144391
0.363745 0.143743
0.364416 0.143249
0.365089 0.142606
0.365763 0.1421
0.366439 0.141461
0.367116 0.140957
0.367793 0.140314
0.368473 0.139814
0.369153 0.13918
0.369835 0.138674
0.370518 0.138048
0.371202 0.137538
0.371887 0.136924
0.372574 0.136423
0.373262 0.13583
0.373951 0.135321
0.374642 0.134744
0.375334 0.134227
0.376027 0.133657
0.376721 0.133135
0.377417 0.132566
0.378114 0.132044
0.378812 0.131486
0.379511 0.13095
0.380212 0.130406
0.380914 0.129862
0.381618 0.129334
0.382322 0.128775
0.383028 0.128271
0.383736 0.127707
0.384444 0.127229
0.385154 0.126624
0.385866 0.126199
0.386578 0.125597
0.387292 0.125168
0.388007 0.124566
0.388724 0.124135
0.389441 0.123543
0.390161 0.123103
0.390881 0.122517
0.391603 0.122077
0.392326 0.121494
0.39305 0.121061
0.393776 0.120484
0.394503 0.120056
0.395232 0.119497
0.395962 0.119065
0.396693 0.118519
0.397425 0.118083
0.398159 0.117538
0.398895 0.117101
0.399631 0.116564
0.400369 0.116124
0.401108 0.115595
0.401849 0.115148
0.402591 0.114619
0.403335 0.114175
0.404079 0.113653
0.404826 0.113206
0.405573 0.112694
0.406322 0.11225
0.407072 0.111753
0.407824 0.11131
0.408577 0.110826
0.409332 0.110377
0.410088 0.109901
0.410845 0.109437
0.411604 0.108978
0.412364 0.108501
0.413125 0.108054
0.413888 0.107566
0.414652 0.107134
0.415418 0.106618
0.416185 0.106221
0.416954 0.105684
0.417723 0.105312
0.418495 0.10479
0.419268 0.104424
0.420042 0.103911
0.420818 0.103546
0.421595 0.103042
0.422373 0.102666
0.423153 0.102164
0.423934 0.101787
0.424717 0.101288
0.425502 0.100913
0.426287 0.100418
0.427075 0.100038
0.427863 0.0995518
0.428653 0.0991754
0.429445 0.0986893
0.430238 0.0983146
0.431032 0.0978428
0.431828 0.0974703
0.432626 0.0970134
0.433425 0.0966387
0.434225 0.0961825
0.435027 0.0958043
0.43583 0.0953565
0.436635 0.0949706
0.437441 0.0945285
0.438249 0.0941367
0.439058 0.0937018
0.439869 0.0933102
0.440681 0.0928771
0.441495 0.0924856
0.44231 0.0920647
0.443127 0.0916684
0.443945 0.0912662
0.444765 0.0908696
0.445586 0.0904819
0.446409 0.0900728
0.447234 0.0896971
0.448059 0.0892731
0.448887 0.0889118
0.449716 0.0884491
0.450546 0.0881298
0.451378 0.0876709
0.452212 0.0873491
0.453047 0.0868923
0.453883 0.0865709
0.454722 0.0861229
0.455561 0.0858024
0.456402 0.0853662
0.457245 0.0850452
0.45809 0.0846228
0.458935 0.0843031
0.459783 0.0838817
0.460632 0.0835603
0.461483 0.0831424
0.462335 0.0828165
0.463189 0.082402
0.464044 0.0820745
0.464901 0.0816592
0.465759 0.0813347
0.466619 0.0809272
0.467481 0.0806006
0.468344 0.0802025
0.469209 0.0798751
0.470076 0.0794844
0.470944 0.0791614
0.471813 0.078784
0.472684 0.0784556
0.473557 0.0780824
0.474432 0.077749
0.475308 0.0773776
0.476186 0.0770432
0.477065 0.0766774
0.477946 0.0763411
0.478828 0.0759841
0.479713 0.0756338
0.480598 0.0752895
0.481486 0.0749343
0.482375 0.0746031
0.483266 0.0742439
0.484158 0.0739262
0.485052 0.0735599
0.485948 0.0732654
0.486845 0.0728772
0.487744 0.0725995
0.488645 0.072218
0.489547 0.0719408
0.490451 0.0715536
0.491357 0.0712789
0.492264 0.0708989
0.493173 0.0706191
0.494084 0.0702425
0.494996 0.0699648
0.495911 0.0695902
0.496826 0.0693168
0.497744 0.0689527
0.498663 0.0686792
0.499584 0.068328
0.500506 0.0680559
0.50143 0.0677021
0.502356 0.0674267
0.503284 0.0670789
0.504213 0.0668
0.505144 0.0664567
0.506077 0.0661772
0.507012 0.0658372
0.507948 0.0655545
0.508886 0.0652191
0.509826 0.0649346
0.510767 0.0646072
0.51171 0.0643208
0.512655 0.0640046
0.513602 0.0637248
0.51455 0.0634138
0.515501 0.0631292
0.516453 0.0628255
0.517406 0.0625352
0.518362 0.0622362
0.519319 0.0619408
0.520278 0.0616509
0.521239 0.0613456
0.522201 0.0610671
0.523165 0.0607527
0.524131 0.0604832
0.525099 0.0601395
0.526069 0.059909
0.52704 0.0595721
0.528014 0.0593433
0.528989 0.0590181
0.529966 0.0587849
0.530944 0.0584639
0.531925 0.05823
0.532907 0.0579114
0.533891 0.0576767
0.534877 0.0573573
0.535865 0.057121
0.536854 0.0568071
0.537845 0.0565728
0.538839 0.0562591
0.539834 0.0560225
0.54083 0.0557164
0.541829 0.0554805
0.54283 0.0551787
0.543832 0.0549481
0.544836 0.0546571
0.545842 0.0544249
0.54685 0.0541367
0.54786 0.0538985
0.548872 0.0536145
0.549885 0.053377
0.550901 0.0530951
0.551918 0.0528546
0.552937 0.0525771
0.553958 0.0523315
0.554981 0.0520602
0.556006 0.0518152
0.557033 0.0515486
0.558061 0.0513053
0.559092 0.0510477
0.560124 0.0508016
0.561159 0.0505564
0.562195 0.0503047
0.563233 0.0500663
0.564273 0.049808
0.565315 0.0495757
0.566359 0.0493054
0.567405 0.0490885
0.568453 0.0488002
0.569502 0.0486003
0.570554 0.0483171
0.571608 0.0481177
0.572663 0.0478326
0.573721 0.0476388
0.57478 0.0473623
0.575842 0.0471648
0.576905 0.0469016
0.57797 0.0467049
0.579037 0.0464409
0.580107 0.046244
0.581178 0.0459826
0.582251 0.0457827
0.583326 0.0455216
0.584404 0.0453253
0.585483 0.0450647
0.586564 0.0448669
0.587647 0.0446108
0.588732 0.0444099
0.589819 0.0441596
0.590908 0.0439606
0.592 0.0437175
0.593093 0.0435191
0.594188 0.0432836
0.595285 0.043084
0.596385 0.0428531
0.597486 0.0426501
0.598589 0.0424216
0.599694 0.042217
0.600802 0.0419896
0.601911 0.0417836
0.603023 0.041562
0.604136 0.0413531
0.605252 0.0411358
0.60637 0.0409215
0.607489 0.0407131
0.608611 0.0404959
0.609735 0.0402978
0.610861 0.0400806
0.611989 0.0398912
0.613119 0.0396541
0.614251 0.0394882
0.615386 0.039249
0.616522 0.0390839
0.61766 0.0388454
0.618801 0.0386794
0.619944 0.0384451
0.621088 0.0382782
0.622235 0.0380464
0.623384 0.0378797
0.624535 0.0376484
0.625689 0.0374825
0.626844 0.0372572
0.628002 0.0370956
0.629161 0.0368809
0.630323 0.0367146
0.631487 0.0365013
0.632653 0.0363358
0.633821 0.0361222
0.634992 0.0359568
0.636164 0.0357459
0.637339 0.0355787
0.638516 0.0353695
0.639695 0.0352
0.640876 0.0349948
0.64206 0.0348267
0.643246 0.0346253
0.644433 0.0344559
0.645623 0.034261
0.646816 0.0340928
0.64801 0.0339054
0.649207 0.0337362
0.650405 0.033552
0.651606 0.0333798
0.65281 0.0331985
0.654015 0.0330222
0.655223 0.0328449
0.656433 0.0326661
0.657645 0.0324945
0.658859 0.0323094
0.660076 0.0321441
0.661295 0.0319532
0.662516 0.031799
0.66374 0.0315938
0.664965 0.031458
0.666193 0.0312648
0.667423 0.0311287
0.668656 0.0309326
0.669891 0.0307971
0.671128 0.0306044
0.672367 0.0304661
0.673608 0.0302752
0.674852 0.0301366
0.676099 0.029947
0.677347 0.0298086
0.678598 0.029621
0.679851 0.0294837
0.681106 0.0292974
0.682364 0.0291601
0.683624 0.0289777
0.684887 0.0288426
0.686151 0.0286689
0.687418 0.0285321
0.688688 0.0283617
0.689959 0.0282239
0.691233 0.0280547
0.69251 0.0279147
0.693789 0.0277464
0.69507 0.0276061
0.696353 0.0274413
0.697639 0.0272996
0.698928 0.0271374
0.700218 0.0269952
0.701511 0.0268348
0.702807 0.0266927
0.704104 0.0265394
0.705405 0.0263985
0.706707 0.0262515
0.708012 0.0261075
0.70932 0.0259656
0.710629 0.0258169
0.711942 0.0256789
0.713256 0.0255256
0.714574 0.0253928
0.715893 0.0252276
0.717215 0.0251094
0.718539 0.0249401
0.719866 0.0248261
0.721196 0.0246586
0.722527 0.0245466
0.723862 0.0243808
0.725198 0.0242704
0.726537 0.0241146
0.727879 0.0240029
0.729223 0.0238467
0.73057 0.0237347
0.731919 0.0235807
0.73327 0.0234684
0.734624 0.0233164
0.735981 0.0232019
0.73734 0.0230507
0.738702 0.022937
0.740066 0.0227869
0.741432 0.0226738
0.742801 0.0225264
0.744173 0.0224132
0.745547 0.0222688
0.746924 0.0221572
0.748303 0.0220201
0.749685 0.021908
0.75107 0.0217736
0.752456 0.0216589
0.753846 0.0215263
0.755238 0.02141
0.756633 0.0212789
0.75803 0.0211618
0.75943 0.0210329
0.760832 0.0209151
0.762237 0.0207885
0.763644 0.020668
0.765055 0.020547
0.766467 0.0204249
0.767883 0.0203089
0.769301 0.0201863
0.770721 0.020077
0.772145 0.0199513
0.77357 0.0198481
0.774999 0.0197101
0.77643 0.0196184
0.777864 0.0194822
0.7793 0.0193896
0.780739 0.0192541
0.782181 0.0191614
0.783625 0.019028
0.785072 0.0189344
0.786522 0.0188022
0.787974 0.0187103
0.78943 0.0185803
0.790887 0.0184897
0.792348 0.0183666
0.793811 0.0182768
0.795277 0.0181548
0.796745 0.0180633
0.798217 0.0179425
0.799691 0.01785
0.801167 0.0177299
0.802647 0.0176374
0.804129 0.0175196
0.805614 0.0174261
0.807101 0.0173103
0.808592 0.0172158
0.810085 0.017101
0.811581 0.0170089
0.81308 0.0168961
0.814581 0.0168053
0.816085 0.0166985
0.817592 0.0166066
0.819102 0.0165013
0.820615 0.0164076
0.82213 0.0163056
0.823648 0.0162104
0.825169 0.0161092
0.826693 0.0160119
0.828219 0.0159145
0.829749 0.0158141
0.831281 0.0157208
0.832816 0.0156172
0.834354 0.0155286
0.835895 0.0154182
0.837438 0.0153404
0.838985 0.0152304
0.840534 0.0151572
0.842086 0.0150485
0.843641 0.0149756
0.845199 0.0148674
0.84676 0.0147942
0.848323 0.0146875
0.84989 0.0146132
0.851459 0.0145064
0.853031 0.0144324
0.854607 0.0143275
0.856185 0.0142541
0.857766 0.0141507
0.85935 0.0140761
0.860937 0.0139754
0.862526 0.0139037
0.864119 0.0138059
0.865715 0.0137341
0.867313 0.0136391
0.868915 0.0135662
0.87052 0.0134723
0.872127 0.0133985
0.873738 0.0133051
0.875351 0.0132312
0.876967 0.01314
0.878587 0.0130647
0.880209 0.012975
0.881835 0.0128991
0.883463 0.0128119
0.885094 0.012735
0.886729 0.0126501
0.888366 0.0125754
0.890007 0.012495
0.89165 0.0124189
0.893297 0.012341
0.894946 0.0122628
0.896599 0.0121877
0.898255 0.0121063
0.899913 0.012034
0.901575 0.0119498
0.90324 0.0118816
0.904908 0.011789
0.906579 0.0117299
0.908253 0.0116386
0.90993 0.0115796
0.911611 0.0114896
0.913294 0.0114323
0.91498 0.0113469
0.91667 0.0112889
0.918363 0.0112056
0.920059 0.0111473
0.921758 0.0110642
0.92346 0.0110063
0.925165 0.0109237
0.926873 0.0108656
0.928585 0.0107838
0.9303 0.0107249
0.932018 0.0106447
0.933739 0.0105854
0.935463 0.0105058
0.93719 0.0104473
0.938921 0.01037
0.940655 0.0103123
0.942392 0.0102391
0.944132 0.0101809
0.945875 0.0101091
0.947622 0.0100507
0.949372 0.00997945
0.951125 0.00992031
0.952881 0.00985004
0.954641 0.00979037
0.956404 0.00972169
0.95817 0.00966089
0.959939 0.00959378
0.961712 0.00953253
0.963488 0.00946707
0.965267 0.00940467
0.967049 0.0093429
0.968835 0.00928044
0.970624 0.00922224
0.972417 0.00915844
0.974212 0.00910362
0.976011 0.00903532
0.977814 0.00898523
0.979619 0.0089131
0.981428 0.00886646
0.983241 0.00879485
0.985056 0.00874891
0.986875 0.0086776
0.988698 0.00863184
0.990523 0.00856205
0.992352 0.008516
0.994185 0.0084474
0.996021 0.00840212
0.99786 0.00833671
0.999703 0.00829222
1.00155 0.00822841
1.0034 0.00818296
1.00525 0.0081202
1.00711 0.00807505
1.00897 0.00801217
1.01083 0.00796617
1.0127 0.00790439
1.01457 0.00785834
1.01644 0.0077973
1.01832 0.00775136
1.0202 0.00769133
1.02208 0.0076452
1.02397 0.00758728
1.02586 0.00754158
1.02775 0.00748645
1.02965 0.00744057
1.03155 0.00738741
1.03346 0.00734101
1.03537 0.00728823
1.03728 0.00724123
1.03919 0.00718976
1.04111 0.00714154
1.04304 0.00709157
1.04496 0.00704196
1.04689 0.00699399
1.04882 0.00694286
1.05076 0.0068975
1.0527 0.00684443
1.05465 0.00680247
1.05659 0.0067454
1.05854 0.00671068
1.0605 0.00665558
1.06246 0.0066205
1.06442 0.00656558
1.06638 0.00653015
1.06835 0.00647588
1.07033 0.00644038
1.0723 0.00638655
1.07428 0.00635051
1.07627 0.00629751
1.07825 0.00626187
1.08025 0.00620932
1.08224 0.0061742
1.08424 0.00612248
1.08624 0.00608761
1.08825 0.00603891
1.09026 0.00600403
1.09227 0.00595666
1.09429 0.00592194
1.09631 0.00587493
1.09833 0.00583989
1.10036 0.00579351
1.10239 0.00575784
1.10443 0.00571199
1.10647 0.00567638
1.10851 0.0056313
1.11056 0.00559518
1.11261 0.00555123
1.11466 0.00551485
1.11672 0.0054724
1.11878 0.00543646
1.12085 0.00539619
1.12292 0.00536059
1.12499 0.00532217
1.12707 0.00528487
1.12915 0.00524776
1.13124 0.00520931
1.13333 0.00517355
1.13542 0.00513382
1.13751 0.00509961
1.13962 0.00505752
1.14172 0.0050263
1.14383 0.00498105
1.14594 0.00495354
1.14806 0.00490935
1.15018 0.00488255
1.1523 0.0048397
1.15443 0.00481346
1.15656 0.00477271
1.1587 0.00474589
1.16083 0.0047053
1.16298 0.00467854
1.16513 0.00463812
1.16728 0.00461117
1.16943 0.00457124
1.17159 0.00454417
1.17376 0.00450468
1.17592 0.00447782
1.1781 0.00443882
1.18027 0.00441191
1.18245 0.00437391
1.18463 0.00434749
1.18682 0.00431133
1.18901 0.00428516
1.19121 0.00425062
1.19341 0.00422391
1.19561 0.00418971
1.19782 0.00416262
1.20003 0.00412904
1.20225 0.00410149
1.20447 0.00406854
1.20669 0.00404067
1.20892 0.00400841
1.21115 0.00398013
1.21339 0.00394894
1.21563 0.00392016
1.21787 0.00389031
1.22012 0.00386172
1.22238 0.00383393
1.22463 0.00380493
1.2269 0.00377895
1.22916 0.00374855
1.23143 0.00372388
1.2337 0.00368943
1.23598 0.00366912
1.23826 0.00363494
1.24055 0.00361456
1.24284 0.00358072
1.24514 0.00356008
1.24744 0.00352689
1.24974 0.00350646
1.25205 0.00347385
1.25436 0.00345391
1.25668 0.00342258
1.259 0.00340282
1.26132 0.00337313
1.26365 0.00335344
1.26598 0.00332375
1.26832 0.00330361
1.27066 0.00327444
1.27301 0.00325414
1.27536 0.0032251
1.27772 0.00320495
1.28008 0.00317624
1.28244 0.003156
1.28481 0.00312777
1.28718 0.00310725
1.28956 0.00308009
1.29194 0.00306004
1.29432 0.00303399
1.29671 0.00301419
1.29911 0.00298954
1.30151 0.00296918
1.30391 0.00294501
1.30632 0.00292428
1.30873 0.00290074
1.31115 0.00287946
1.31357 0.0028564
1.31599 0.00283459
1.31842 0.0028123
1.32086 0.00278989
1.3233 0.00276878
1.32574 0.00274562
1.32819 0.00272603
1.33064 0.00270206
1.3331 0.00268469
1.33556 0.00265949
1.33803 0.00264458
1.3405 0.00261969
1.34297 0.00260462
1.34545 0.00257969
1.34794 0.00256476
1.35043 0.00254003
1.35292 0.00252482
1.35542 0.0025005
1.35792 0.00248534
1.36043 0.00246131
1.36294 0.0024462
1.36546 0.00242265
1.36798 0.00240776
1.37051 0.00238526
1.37304 0.00237091
1.37557 0.00234947
1.37811 0.00233494
1.38066 0.00231378
1.38321 0.00229892
1.38576 0.00227804
1.38832 0.00226309
1.39088 0.00224259
1.39345 0.00222731
1.39603 0.00220712
1.3986 0.00219173
1.40119 0.00217206
1.40377 0.00215663
1.40637 0.00213759
1.40896 0.00212229
1.41157 0.00210415
1.41417 0.00208914
1.41678 0.00207221
1.4194 0.0020568
1.42202 0.00204023
1.42465 0.0020242
1.42728 0.00200831
1.42991 0.00199151
1.43255 0.00197641
1.4352 0.00195877
1.43785 0.00194465
1.4405 0.00192497
1.44316 0.00191337
1.44583 0.00189349
1.4485 0.00188257
1.45117 0.00186342
1.45385 0.00185277
1.45654 0.00183498
1.45923 0.00182419
1.46192 0.00180648
1.46462 0.00179568
1.46733 0.00177793
1.47004 0.00176702
1.47275 0.00174948
1.47547 0.00173855
1.47819 0.00172131
1.48092 0.0017102
1.48366 0.00169319
1.4864 0.00168221
1.48914 0.00166553
1.49189 0.00165478
1.49465 0.00163888
1.49741 0.00162835
1.50017 0.00161337
1.50294 0.00160264
1.50572 0.0015879
1.5085 0.00157703
1.51129 0.00156251
1.51408 0.00155145
1.51687 0.00153724
1.51967 0.0015259
1.52248 0.00151193
1.52529 0.00150045
1.52811 0.001487
1.53093 0.00147526
1.53376 0.00146237
1.53659 0.00145065
1.53943 0.00143855
1.54227 0.00142706
1.54512 0.00141596
1.54797 0.0014038
1.55083 0.00139325
1.55369 0.00138021
1.55656 0.00137064
1.55944 0.00135605
1.56231 0.00134803
1.5652 0.00133366
1.56809 0.00132562
1.57099 0.00131126
1.57389 0.00130337
1.57679 0.00128933
1.5797 0.00128156
1.58262 0.00126803
1.58554 0.00126052
1.58847 0.001248
1.59141 0.00124033
1.59434 0.00122792
1.59729 0.00122024
1.60024 0.0012079
1.60319 0.00120006
1.60615 0.00118783
1.60912 0.00117992
1.61209 0.0011679
1.61507 0.00115992
1.61805 0.00114814
1.62104 0.00114016
1.62403 0.00112869
1.62703 0.00112078
1.63003 0.0011098
1.63304 0.00110213
1.63606 0.00109197
1.63908 0.00108425
1.64211 0.00107416
1.64514 0.00106619
1.64818 0.00105633
1.65122 0.00104813
1.65427 0.00103864
1.65733 0.00103013
1.66039 0.00102088
1.66345 0.00101213
1.66652 0.00100338
1.6696 0.000994315
1.67268 0.000986116
1.67577 0.000976725
1.67887 0.000969469
1.68197 0.000959722
1.68507 0.000953732
1.68819 0.000943471
1.6913 0.000937948
1.69443 0.000927719
1.69756 0.000922185
1.70069 0.000912033
1.70383 0.000906454
1.70698 0.000896369
1.71013 0.000890753
1.71329 0.000880829
1.71645 0.000875231
1.71962 0.000865485
1.7228 0.000860011
1.72598 0.000850663
1.72916 0.000845332
1.73236 0.000836757
1.73556 0.000831364
1.73876 0.000822821
1.74197 0.000817379
1.74519 0.000808941
1.74841 0.00080339
1.75164 0.000795059
1.75487 0.000789404
1.75812 0.000781185
1.76136 0.000775493
1.76461 0.000767522
1.76787 0.000761732
1.77114 0.000753993
1.77441 0.000748212
1.77768 0.000740879
1.78097 0.000735333
1.78426 0.000728604
1.78755 0.000722892
1.79085 0.000716306
1.79416 0.000710356
1.79747 0.000704071
1.80079 0.000697846
1.80412 0.000691796
1.80745 0.00068521
1.81079 0.000679565
1.81413 0.00067252
1.81748 0.000667476
1.82084 0.000659448
1.8242 0.000655545
1.82757 0.000647794
1.83094 0.000644037
1.83432 0.000637021
1.83771 0.000633228
1.8411 0.00062625
1.8445 0.000622383
1.84791 0.000615412
1.85132 0.000611546
1.85474 0.000604626
1.85816 0.000600694
1.8616 0.000593893
1.86503 0.000589984
1.86848 0.000583223
1.87193 0.000579278
1.87538 0.000572687
1.87885 0.000568785
1.88232 0.000562416
1.88579 0.000558727
1.88928 0.000552975
1.89276 0.000549189
1.89626 0.000543491
1.89976 0.000539622
1.90327 0.000533974
1.90678 0.000530073
1.9103 0.000524501
1.91383 0.00052049
1.91737 0.000515042
1.92091 0.000510958
1.92445 0.000505665
1.92801 0.000501457
1.93157 0.000496433
1.93514 0.000492171
1.93871 0.000487436
1.94229 0.00048336
1.94588 0.000479118
1.94947 0.000474804
1.95307 0.000470786
1.95667 0.000466168
1.96029 0.000462455
1.96391 0.000457254
1.96753 0.000454122
1.97117 0.000448548
1.97481 0.000445806
1.97845 0.000440275
1.98211 0.000437567
1.98577 0.000432131
1.98943 0.000429462
1.99311 0.000424169
1.99679 0.000421652
2.00048 0.000416872
2.00417 0.000414297
2.00787 0.000409592
2.01158 0.000406991
2.01529 0.000402305
2.01902 0.000399634
2.02274 0.000395006
2.02648 0.000392346
2.03022 0.000387727
2.03397 0.000385025
2.03773 0.000380507
2.04149 0.000377784
2.04526 0.000373381
2.04904 0.000370676
2.05282 0.000366412
2.05661 0.000363855
2.06041 0.000360053
2.06421 0.000357414
2.06802 0.000353668
2.07184 0.000350954
2.07567 0.000347303
2.0795 0.000344463
2.08334 0.000340904
2.08719 0.000337984
2.09104 0.000334542
2.0949 0.000331516
2.09877 0.000328232
2.10265 0.000325099
2.10653 0.000322002
2.11042 0.000318721
2.11432 0.000315956
2.11822 0.00031269
2.12213 0.00031037
2.12605 0.000306576
2.12998 0.00030479
2.13391 0.000301016
2.13785 0.000299201
2.1418 0.000295457
2.14576 0.000293626
2.14972 0.000289903
2.15369 0.000288048
2.15766 0.000284376
2.16165 0.000282519
2.16564 0.000278903
2.16964 0.0002771
2.17365 0.000273572
2.17766 0.000271863
2.18168 0.000268694
2.18571 0.000266956
2.18975 0.00026386
2.19379 0.000262072
2.19784 0.000258984
2.2019 0.000257178
2.20597 0.000254139
2.21004 0.000252293
2.21412 0.0002493
2.21821 0.000247422
2.2223 0.000244476
2.22641 0.000242572
2.23052 0.000239718
2.23464 0.000237795
2.23876 0.000235074
2.2429 0.000233269
2.24704 0.000230829
2.25119 0.000228967
2.25535 0.000226603
2.25951 0.000224659
2.26368 0.000222368
2.26786 0.000220326
2.27205 0.000218146
2.27625 0.00021597
2.28045 0.000213922
2.28466 0.000211589
2.28888 0.000209733
2.29311 0.000207121
2.29734 0.000205594
2.30158 0.000202752
2.30583 0.000201585
2.31009 0.000199041
2.31436 0.000197878
2.31863 0.000195379
2.32291 0.0001942
2.3272 0.000191722
2.3315 0.000190518
2.33581 0.000188052
2.34012 0.000186834
2.34444 0.000184382
2.34877 0.000183154
2.35311 0.000180736
2.35745 0.000179497
2.36181 0.000177126
2.36617 0.00017591
2.37054 0.000173609
2.37491 0.000172449
2.3793 0.000170377
2.38369 0.000169211
2.38809 0.000167204
2.3925 0.000166009
2.39692 0.000164019
2.40135 0.000162788
2.40578 0.000160836
2.41023 0.000159564
2.41468 0.000157652
2.41914 0.000156338
2.4236 0.000154485
2.42808 0.000153143
2.43256 0.000151356
2.43705 0.000149986
2.44155 0.000148315
2.44606 0.000146998
2.45058 0.000145512
2.4551 0.000144144
2.45964 0.000142764
2.46418 0.000141298
2.46873 0.000140003
2.47329 0.000138383
2.47786 0.000137237
2.48243 0.00013529
2.48702 0.000134474
2.49161 0.000132547
2.49621 0.000131737
2.50082 0.000129833
2.50544 0.000129021
2.51006 0.000127168
2.5147 0.000126407
2.51934 0.000124738
2.52399 0.000123969
2.52866 0.000122365
2.53333 0.000121586
2.538 0.000119982
2.54269 0.000119197
2.54739 0.000117597
2.55209 0.000116791
2.5568 0.00011522
2.56152 0.000114391
2.56625 0.000112842
2.57099 0.000112017
2.57574 0.00011049
2.5805 0.000109667
2.58526 0.000108201
2.59004 0.000107418
2.59482 0.000106095
2.59961 0.000105315
2.60441 0.000104049
2.60922 0.000103234
2.61404 0.000101998
2.61886 0.000101146
2.6237 9.99379e-05
2.62855 9.90476e-05
2.6334 9.78736e-05
2.63826 9.695e-05
2.64313 9.58329e-05
2.64801 9.48528e-05
2.6529 9.38036e-05
2.6578 9.27889e-05
2.66271 9.18389e-05
2.66763 9.08272e-05
2.67255 9.0021e-05
2.67749 8.89206e-05
2.68243 8.82608e-05
2.68739 8.69996e-05
2.69235 8.64855e-05
2.69732 8.52339e-05
2.7023 8.47098e-05
2.70729 8.34576e-05
2.71229 8.29287e-05
2.7173 8.16955e-05
2.72232 8.11599e-05
2.72735 7.99449e-05
2.73238 7.94197e-05
2.73743 7.82316e-05
2.74248 7.77367e-05
2.74755 7.66584e-05
2.75262 7.61667e-05
2.7577 7.51447e-05
2.7628 7.46425e-05
2.7679 7.36277e-05
2.77301 7.31162e-05
2.77813 7.21093e-05
2.78326 7.15781e-05
2.7884 7.05825e-05
2.79355 7.00446e-05
2.79871 6.90688e-05
2.80387 6.85123e-05
2.80905 6.75608e-05
2.81424 6.70064e-05
2.81944 6.6095e-05
2.82464 6.55632e-05
2.82986 6.47461e-05
2.83508 6.42069e-05
2.84032 6.34485e-05
2.84556 6.28827e-05
2.85082 6.21433e-05
2.85608 6.1542e-05
2.86136 6.0834e-05
2.86664 6.0195e-05
2.87193 5.9528e-05
2.87724 5.88335e-05
2.88255 5.82245e-05
2.88787 5.74626e-05
2.89321 5.69333e-05
2.89855 5.60001e-05
2.9039 5.5682e-05
2.90926 5.48373e-05
2.91464 5.45283e-05
2.92002 5.37324e-05
2.92541 5.34098e-05
2.93081 5.26217e-05
2.93623 5.22919e-05
2.94165 5.15057e-05
2.94708 5.11726e-05
2.95252 5.03872e-05
2.95797 5.00454e-05
2.96344 4.92716e-05
2.96891 4.89307e-05
2.97439 4.81641e-05
2.97988 4.78228e-05
2.98539 4.7081e-05
2.9909 4.67604e-05
2.99642 4.60856e-05
3.00195 4.57711e-05
3.0075 4.51356e-05
3.01305 4.48135e-05
3.01862 4.41835e-05
3.02419 4.3848e-05
3.02977 4.32299e-05
3.03537 4.28793e-05
3.04097 4.22715e-05
3.04659 4.1909e-05
3.05222 4.132e-05
3.05785 4.09416e-05
3.0635 4.03719e-05
3.06916 3.99887e-05
3.07482 3.94532e-05
3.0805 3.90789e-05
3.08619 3.8602e-05
3.09189 3.82254e-05
3.0976 3.77923e-05
3.10332 3.73861e-05
3.10905 3.69846e-05
3.11479 3.6536e-05
3.12054 3.61698e-05
3.1263 3.566e-05
3.13208 3.53548e-05
3.13786 3.47573e-05
3.14365 3.45415e-05
3.14946 3.395e-05
3.15528 3.37371e-05
3.1611 3.31566e-05
3.16694 3.29571e-05
3.17279 3.24283e-05
3.17865 3.22348e-05
3.18452 3.17448e-05
3.1904 3.15445e-05
3.19629 3.1058e-05
3.20219 3.08528e-05
3.2081 3.03674e-05
3.21403 3.0156e-05
3.21996 2.96746e-05
3.22591 2.9462e-05
3.23187 2.89827e-05
3.23783 2.87669e-05
3.24381 2.82976e-05
3.2498 2.80791e-05
3.2558 2.76245e-05
3.26182 2.74179e-05
3.26784 2.7007e-05
3.27387 2.68052e-05
3.27992 2.64263e-05
3.28598 2.62136e-05
3.29204 2.58424e-05
3.29812 2.56202e-05
3.30421 2.52573e-05
3.31031 2.50245e-05
3.31643 2.46687e-05
3.32255 2.44227e-05
3.32869 2.40824e-05
3.33483 2.38245e-05
3.34099 2.35017e-05
3.34716 2.32283e-05
3.35334 2.29346e-05
3.35953 2.26577e-05
3.36574 2.24103e-05
3.37195 2.21234e-05
3.37818 2.19175e-05
3.38442 2.15687e-05
3.39067 2.14255e-05
3.39693 2.10569e-05
3.4032 2.0929e-05
3.40949 2.05604e-05
3.41578 2.04293e-05
3.42209 2.00659e-05
3.42841 1.9933e-05
3.43474 1.95734e-05
3.44108 1.94425e-05
3.44744 1.90893e-05
3.4538 1.89654e-05
3.46018 1.86421e-05
3.46657 1.85229e-05
3.47297 1.82312e-05
3.47939 1.81077e-05
3.48581 1.78155e-05
3.49225 1.76902e-05
3.4987 1.73996e-05
3.50516 1.72697e-05
3.51163 1.69825e-05
3.51811 1.68479e-05
3.52461 1.65639e-05
3.53112 1.64266e-05
3.53764 1.61494e-05
3.54417 1.60103e-05
3.55072 1.57425e-05
3.55727 1.5608e-05
3.56384 1.5368e-05
3.57042 1.52374e-05
3.57702 1.50207e-05
3.58362 1.4882e-05
3.59024 1.46732e-05
3.59687 1.45242e-05
3.60351 1.43226e-05
3.61017 1.41635e-05
3.61683 1.39718e-05
3.62351 1.37982e-05
3.6302 1.36204e-05
3.63691 1.34297e-05
3.64362 1.32719e-05
3.65035 1.30565e-05
3.65709 1.29318e-05
3.66384 1.26884e-05
3.67061 1.2617e-05
3.67739 1.23996e-05
3.68418 1.23259e-05
3.69098 1.21083e-05
3.6978 1.20328e-05
3.70463 1.18149e-05
3.71147 1.17388e-05
3.71832 1.15216e-05
3.72519 1.14431e-05
3.73207 1.12274e-05
3.73896 1.11473e-05
3.74586 1.09349e-05
3.75278 1.08553e-05
3.75971 1.06471e-05
3.76665 1.05709e-05
3.77361 1.03794e-05
3.78058 1.03078e-05
3.78756 1.01379e-05
3.79455 1.00632e-05
3.80156 9.8947e-06
3.80858 9.81672e-06
3.81561 9.64995e-06
3.82266 9.56921e-06
3.82972 9.40448e-06
3.83679 9.31975e-06
3.84387 9.15831e-06
3.85097 9.07172e-06
3.85808 8.9144e-06
3.86521 8.82353e-06
3.87234 8.67476e-06
3.87949 8.58531e-06
3.88666 8.45329e-06
3.89384 8.36697e-06
3.90103 8.25155e-06
3.90823 8.15785e-06
3.91545 8.0491e-06
3.92268 7.94464e-06
3.92992 7.84595e-06
3.93718 7.72802e-06
3.94445 7.64116e-06
3.95173 7.4975e-06
3.95903 7.43696e-06
3.96634 7.28038e-06
3.97366 7.23397e-06
3.981 7.07968e-06
3.98835 7.03551e-06
3.99572 6.89263e-06
4.0031 6.85187e-06
4.01049 6.7264e-06
4.01789 6.68423e-06
4.02531 6.55956e-06
4.03275 6.51603e-06
4.04019 6.39161e-06
4.04765 6.34683e-06
4.05513 6.223e-06
4.06262 6.17679e-06
4.07012 6.05387e-06
4.07763 6.0067e-06
4.08516 5.88519e-06
4.09271 5.83839e-06
4.10027 5.7196e-06
4.10784 5.67426e-06
4.11542 5.56506e-06
4.12302 5.52253e-06
4.13064 5.42797e-06
4.13826 5.38371e-06
4.14591 5.2906e-06
4.15356 5.24325e-06
4.16123 5.15187e-06
4.16892 5.10168e-06
4.17661 5.01261e-06
4.18433 4.95945e-06
4.19205 4.87302e-06
4.19979 4.81646e-06
4.20755 4.73404e-06
4.21532 4.67354e-06
4.2231 4.59823e-06
4.2309 4.53614e-06
4.23871 4.47125e-06
4.24654 4.41078e-06
4.25438 4.35857e-06
4.26224 4.288e-06
4.27011 4.24533e-06
4.278 4.15687e-06
4.2859 4.13125e-06
4.29381 4.04295e-06
4.30174 4.01656e-06
4.30968 3.9287e-06
4.31764 3.90202e-06
4.32561 3.81471e-06
4.3336 3.78805e-06
4.3416 3.70173e-06
4.34962 3.67646e-06
4.35765 3.59583e-06
4.3657 3.57312e-06
4.37376 3.50442e-06
4.38184 3.48081e-06
4.38993 3.41218e-06
4.39804 3.38747e-06
4.40616 3.3195e-06
4.41429 3.29385e-06
4.42245 3.22583e-06
4.43061 3.19952e-06
4.43879 3.13234e-06
4.44699 3.10499e-06
4.4552 3.03887e-06
4.46343 3.01095e-06
4.47167 2.94694e-06
4.47993 2.9196e-06
4.4882 2.86068e-06
4.49649 2.83558e-06
4.50479 2.78601e-06
4.51311 2.75928e-06
4.52144 2.71112e-06
4.52979 2.68183e-06
4.53816 2.63543e-06
4.54654 2.60376e-06
4.55493 2.55921e-06
4.56335 2.52467e-06
4.57177 2.4832e-06
4.58021 2.44474e-06
4.58867 2.40723e-06
4.59715 2.36406e-06
4.60564 2.33262e-06
4.61414 2.28252e-06
4.62266 2.26287e-06
4.6312 2.21539e-06
4.63975 2.20243e-06
4.64832 2.15482e-06
4.6569 2.1416e-06
4.6655 2.09398e-06
4.67411 2.08027e-06
4.68275 2.03271e-06
4.69139 2.0186e-06
4.70006 1.97106e-06
4.70874 1.95656e-06
4.71743 1.90962e-06
4.72614 1.89518e-06
4.73487 1.84886e-06
4.74361 1.83471e-06
4.75237 1.79124e-06
4.76115 1.77903e-06
4.76994 1.7428e-06
4.77875 1.72998e-06
4.78757 1.69404e-06
4.79641 1.68058e-06
4.80527 1.645e-06
4.81414 1.63091e-06
4.82303 1.59547e-06
4.83194 1.58052e-06
4.84086 1.54594e-06
4.8498 1.53025e-06
4.85876 1.49636e-06
4.86773 1.48001e-06
4.87672 1.44757e-06
4.88572 1.43065e-06
4.89475 1.4013e-06
4.90378 1.38638e-06
4.91284 1.36253e-06
4.92191 1.34588e-06
4.931 1.3234e-06
4.94011 1.30499e-06
4.94923 1.28397e-06
4.95837 1.26308e-06
4.96752 1.24435e-06
4.9767 1.2197e-06
4.98589 1.20452e-06
4.99509 1.17255e-06
5.00432 1.16486e-06
5.01356 1.13321e-06
5.02282 1.12571e-06
5.03209 1.0955e-06
5.04138 1.08914e-06
5.05069 1.0648e-06
5.06002 1.05809e-06
5.06936 1.03381e-06
5.07873 1.02686e-06
5.0881 1.00254e-06
5.0975 9.95509e-07
5.10691 9.71164e-07
5.11634 9.63796e-07
5.12579 9.39583e-07
5.13526 9.32031e-07
5.14474 9.08076e-07
5.15424 9.00365e-07
5.16376 8.76714e-07
5.17329 8.69158e-07
5.18285 8.46844e-07
5.19242 8.40367e-07
5.202 8.22543e-07
5.21161 8.15671e-07
5.22123 7.97976e-07
5.23088 7.9062e-07
5.24054 7.73283e-07
5.25021 7.65464e-07
5.25991 7.48314e-07
5.26962 7.39841e-07
5.27935 7.23352e-07
5.2891 7.14241e-07
5.29887 6.98348e-07
5.30865 6.88562e-07
5.31846 6.73669e-07
5.32828 6.6317e-07
5.33812 6.50124e-07
5.34797 6.40753e-07
5.35785 6.30966e-07
5.36774 6.20089e-07
5.37765 6.11669e-07
5.38758 5.98405e-07
5.39753 5.92209e-07
5.4075 5.76398e-07
5.41749 5.72608e-07
5.42749 5.56806e-07
5.43751 5.5294e-07
5.44755 5.37171e-07
5.45761 5.33325e-07
5.46769 5.17707e-07
5.47779 5.13897e-07
5.4879 4.98779e-07
5.49804 4.95689e-07
5.50819 4.83893e-07
5.51836 4.80648e-07
5.52855 4.68895e-07
5.53876 4.65524e-07
5.54899 4.53785e-07
5.55923 4.50271e-07
5.5695 4.38574e-07
5.57979 4.34865e-07
5.59009 4.23224e-07
5.60041 4.19392e-07
5.61075 4.07911e-07
5.62111 4.03955e-07
5.63149 3.92696e-07
5.64189 3.88676e-07
5.65231 3.78e-07
5.66275 3.74619e-07
5.67321 3.66419e-07
5.68368 3.62737e-07
5.69418 3.54753e-07
5.70469 3.50765e-07
5.71523 3.4301e-07
5.72578 3.38612e-07
5.73635 3.31167e-07
5.74695 3.26323e-07
5.75756 3.19241e-07
5.76819 3.13774e-07
5.77884 3.07366e-07
5.78951 3.01221e-07
5.8002 2.95547e-07
5.81092 2.88396e-07
5.82165 2.84288e-07
5.8324 2.7683e-07
5.84317 2.75273e-07
5.85396 2.67891e-07
5.86477 2.66278e-07
5.8756 2.58895e-07
5.88645 2.57203e-07
5.89732 2.49821e-07
5.90821 2.48068e-07
5.91912 2.40685e-07
5.93005 2.38877e-07
5.941 2.31521e-07
5.95197 2.29693e-07
5.96296 2.22398e-07
5.97397 2.20609e-07
5.985 2.13527e-07
5.99605 2.12063e-07
6.00713 2.06617e-07
6.01822 2.05087e-07
6.02933 1.99774e-07
6.04047 1.98194e-07
6.05162 1.92863e-07
6.06279 1.91174e-07
6.07399 1.85916e-07
6.08521 1.84109e-07
6.09644 1.7892e-07
6.1077 1.77003e-07
6.11898 1.71901e-07
6.13028 1.69873e-07
6.1416 1.6494e-07
6.15294 1.62818e-07
6.1643 1.58221e-07
6.17569 1.56402e-07
6.18709 1.52918e-07
6.19851 1.50962e-07
6.20996 1.4774e-07
6.22143 1.45551e-07
6.23292 1.42498e-07
6.24443 1.39997e-07
6.25596 1.37224e-07
6.26751 1.34273e-07
6.27908 1.31904e-07
6.29068 1.28313e-07
6.30229 1.2661e-07
6.31393 1.22168e-07
6.32559 1.21332e-07
6.33727 1.16986e-07
6.34897 1.16312e-07
6.3607 1.12966e-07
6.37244 1.12292e-07
6.38421 1.09077e-07
6.396 1.08359e-07
6.40781 1.05157e-07
6.41964 1.04415e-07
6.4315 1.01206e-07
6.44338 1.00432e-07
6.45527 9.72079e-08
6.46719 9.64076e-08
6.47914 9.32134e-08
6.4911 9.23966e-08
6.50309 8.92377e-08
6.5151 8.84307e-08
6.52713 8.53706e-08
6.53918 8.47044e-08
6.55126 8.2338e-08
6.56335 8.16664e-08
6.57547 7.94352e-08
6.58761 7.87003e-08
6.59978 7.64979e-08
6.61197 7.57155e-08
6.62418 7.35451e-08
6.63641 7.2684e-08
6.64866 7.05622e-08
6.66094 6.96072e-08
6.67324 6.75817e-08
6.68556 6.65491e-08
6.69791 6.46063e-08
6.71028 6.3481e-08
6.72267 6.17499e-08
6.73508 6.07544e-08
6.74752 5.94838e-08
6.75998 5.84062e-08
6.77246 5.73257e-08
6.78497 5.60272e-08
6.7975 5.51464e-08
6.81005 5.32905e-08
6.82263 5.29498e-08
6.83522 5.10886e-08
6.84785 5.0738e-08
6.86049 4.888e-08
6.87316 4.85222e-08
6.88585 4.66771e-08
6.89857 4.63199e-08
6.91131 4.45145e-08
6.92407 4.42308e-08
6.93686 4.28318e-08
6.94967 4.25548e-08
6.9625 4.12547e-08
6.97536 4.09633e-08
6.98824 3.96626e-08
7.00114 3.93584e-08
7.01407 3.80614e-08
7.02702 3.77448e-08
7.04 3.64458e-08
7.053 3.61118e-08
7.06602 3.48249e-08
7.07907 3.44778e-08
7.09214 3.32057e-08
7.10524 3.28521e-08
7.11836 3.16354e-08
7.1315 3.13338e-08
7.14467 3.03992e-08
7.15787 3.00959e-08
7.17108 2.92559e-08
7.18433 2.89182e-08
7.19759 2.8098e-08
7.21088 2.773e-08
7.2242 2.69344e-08
7.23754 2.65163e-08
7.2509 2.57565e-08
7.26429 2.52817e-08
7.27771 2.45758e-08
7.29115 2.40418e-08
7.30461 2.34039e-08
7.3181 2.27752e-08
7.33161 2.22726e-08
7.34515 2.16607e-08
7.35872 2.13753e-08
7.3723 2.06681e-08
7.38592 2.05477e-08
7.39956 1.98374e-08
7.41322 1.97136e-08
7.42691 1.90012e-08
7.44062 1.88713e-08
7.45436 1.81564e-08
7.46813 1.80221e-08
7.48192 1.73081e-08
7.49574 1.71699e-08
7.50958 1.64615e-08
7.52345 1.63236e-08
7.53734 1.56302e-08
7.55126 1.55177e-08
7.5652 1.49768e-08
7.57917 1.48738e-08
7.59317 1.4389e-08
7.60719 1.42797e-08
7.62124 1.37968e-08
7.63531 1.36795e-08
7.64941 1.3198e-08
7.66353 1.30725e-08
7.67769 1.2595e-08
7.69186 1.246e-08
7.70607 1.19892e-08
7.7203 1.18426e-08
7.73455 1.13835e-08
7.74884 1.1228e-08
7.76315 1.07952e-08
7.77748 1.06611e-08
7.79184 1.03293e-08
7.80623 1.01952e-08
7.82065 9.91355e-09
7.83509 9.76189e-09
7.84956 9.49511e-09
7.86405 9.3192e-09
7.87857 9.07204e-09
7.89312 8.86583e-09
7.9077 8.64469e-09
7.9223 8.3931e-09
7.93693 8.21608e-09
7.95158 7.87528e-09
7.96627 7.78996e-09
7.98098 7.42247e-09
7.99572 7.37833e-09
8.01048 7.08977e-09
8.02527 7.0497e-09
8.04009 6.79943e-09
8.05494 6.75731e-09
8.06981 6.50696e-09
8.08472 6.46308e-09
8.09965 6.21203e-09
8.1146 6.16599e-09
8.12959 5.91379e-09
8.1446 5.86523e-09
8.15964 5.61434e-09
8.17471 5.56526e-09
8.1898 5.31429e-09
8.20492 5.26521e-09
8.22008 5.02063e-09
8.23526 4.97997e-09
8.25046 4.78813e-09
8.2657 4.7509e-09
8.28096 4.58748e-09
8.29625 4.5475e-09
8.31157 4.38568e-09
8.32692 4.34189e-09
8.3423 4.18207e-09
8.3577 4.13312e-09
8.37314 3.97589e-09
8.3886 3.92157e-09
8.40409 3.76861e-09
8.41961 3.7092e-09
8.43516 3.56212e-09
8.45073 3.49598e-09
8.46634 3.36055e-09
8.48197 3.2998e-09
8.49763 3.19993e-09
8.51333 3.13927e-09
8.52905 3.0622e-09
8.5448 2.98932e-09
8.56057 2.92332e-09
8.57638 2.83131e-09
8.59222 2.78324e-09
8.60809 2.65963e-09
8.62398 2.6415e-09
8.63991 2.51785e-09
8.65586 2.49945e-09
8.67185 2.37599e-09
8.68786 2.35752e-09
8.7039 2.23545e-09
8.71997 2.22077e-09
8.73608 2.12359e-09
8.75221 2.11104e-09
8.76837 2.03104e-09
8.78456 2.01769e-09
8.80078 1.93767e-09
8.81704 1.92376e-09
8.83332 1.84348e-09
8.84963 1.82869e-09
8.86597 1.748e-09
8.88234 1.73248e-09
8.89874 1.65225e-09
8.91518 1.6359e-09
8.93164 1.55646e-09
8.94813 1.53937e-09
8.96466 1.46216e-09
8.98121 1.44766e-09
8.9978 1.38655e-09
9.01441 1.37376e-09
9.03106 1.32439e-09
9.04773 1.31006e-09
9.06444 1.26185e-09
9.08118 1.2456e-09
9.09795 1.1986e-09
9.11475 1.17973e-09
9.13158 1.13482e-09
9.14844 1.11304e-09
9.16534 1.07051e-09
9.18226 1.0453e-09
9.19922 1.00624e-09
9.2162 9.76233e-10
9.23322 9.43681e-10
9.25027 9.14056e-10
9.26736 8.93142e-10
9.28447 8.61648e-10
9.30161 8.5215e-10
9.31879 8.15529e-10
9.336 8.10768e-10
9.35324 7.74013e-10
9.37051 7.68984e-10
9.38781 7.32042e-10
9.40515 7.26762e-10
9.42252 6.89633e-10
9.43992 6.84242e-10
9.45735 6.47254e-10
9.47481 6.41842e-10
9.49231 6.05329e-10
9.50984 6.00863e-10
9.5274 5.71268e-10
9.54499 5.67699e-10
9.56262 5.44648e-10
9.58027 5.4084e-10
9.59797 5.17724e-10
9.61569 5.13767e-10
9.63345 4.90632e-10
9.65123 4.86299e-10
9.66906 4.63216e-10
9.68691 4.58361e-10
9.7048 4.35572e-10
9.72272 4.30394e-10
9.74067 4.07956e-10
9.75866 4.02245e-10
9.77668 3.80708e-10
9.79474 3.75528e-10
9.81282 3.58542e-10
9.83094 3.54062e-10
9.8491 3.4135e-10
9.86728 3.36137e-10
9.88551 3.24048e-10
9.90376 3.17961e-10
9.92205 3.06558e-10
9.94037 2.9916e-10
9.95873 2.88844e-10
9.97712 2.798e-10
9.99554 2.71026e-10
10.014 2.59631e-10
10.0325 2.53208e-10
10.051 2.37291e-10
10.0696 2.3582e-10
10.0882 2.22684e-10
10.1068 2.21567e-10
10.1255 2.11821e-10
10.1442 2.10644e-10
10.1629 2.00852e-10
10.1817 1.99618e-10
10.2005 1.89754e-10
10.2193 1.8848e-10
10.2382 1.78561e-10
10.2571 1.77219e-10
10.276 1.67267e-10
10.295 1.65885e-10
10.314 1.55951e-10
10.333 1.54565e-10
10.3521 1.44743e-10
10.3712 1.43557e-10
10.3904 1.35458e-10
10.4096 1.34578e-10
10.4288 1.28682e-10
10.4481 1.27702e-10
10.4674 1.2184e-10
10.4867 1.20763e-10
10.5061 1.14927e-10
10.5255 1.13688e-10
10.5449 1.07939e-10
10.5644 1.06502e-10
10.5839 1.00885e-10
10.6034 9.92631e-11
10.623 9.38379e-11
10.6426 9.19547e-11
10.6623 8.68653e-11
10.682 8.50486e-11
10.7017 8.10921e-11
10.7214 7.95675e-11
10.7412 7.69367e-11
10.7611 7.50612e-11
10.7809 7.27365e-11
10.8008 7.03679e-11
10.8208 6.84971e-11
10.8408 6.52978e-11
10.8608 6.41987e-11
10.8809 6.02714e-11
10.9009 5.98721e-11
10.9211 5.59402e-11
10.9412 5.55426e-11
10.9614 5.1628e-11
10.9817 5.1292e-11
11.002 4.79937e-11
11.0223 4.77798e-11
11.0426 4.54977e-11
11.063 4.52618e-11
11.0835 4.29683e-11
11.1039 4.2726e-11
11.1244 4.04186e-11
11.145 4.01639e-11
11.1655 3.78398e-11
11.1862 3.75626e-11
11.2068 3.52366e-11
11.2275 3.49377e-11
11.2483 3.26185e-11
11.269 3.23098e-11
11.2898 3.00228e-11
11.3107 2.97434e-11
11.3316 2.7828e-11
11.3525 2.76298e-11
11.3735 2.63534e-11
11.3945 2.6121e-11
11.4155 2.48604e-11
11.4366 2.45817e-11
11.4577 2.33512e-11
11.4789 2.30179e-11
11.5001 2.18177e-11
11.5213 2.14116e-11
11.5426 2.02725e-11
11.5639 1.9774e-11
11.5852 1.87202e-11
11.6066 1.81215e-11
11.6281 1.71797e-11
11.6495 1.6537e-11
11.671 1.58845e-11
11.6926 1.53401e-11
11.7142 1.50292e-11
11.7358 1.42099e-11
11.7575 1.4163e-11
11.7792 1.33389e-11
11.801 1.32863e-11
11.8227 1.24563e-11
11.8446 1.23962e-11
11.8664 1.15603e-11
11.8884 1.14975e-11
11.9103 1.06576e-11
11.9323 1.05924e-11
11.9543 9.75554e-12
11.9764 9.7004e-12
11.9985 8.97567e-12
12.0207 8.9528e-12
12.0429 8.49307e-12
12.0651 8.46577e-12
12.0874 8.00296e-12
12.1097 7.97159e-12
12.1321 7.50562e-12
12.1545 7.46728e-12
12.1769 7.00048e-12
12.1994 6.95326e-12
12.2219 6.48683e-12
12.2445 6.432e-12
12.2671 5.96815e-12
12.2898 5.90355e-12
12.3125 5.45141e-12
12.3352 5.3878e-12
12.358 5.00476e-12
12.3808 4.96506e-12
12.4037 4.73563e-12
12.4266 4.67995e-12
12.4495 4.45965e-12
12.4725 4.3888e-12
12.4955 4.17945e-12
12.5186 4.08686e-12
12.5417 3.89359e-12
12.5649 3.77232e-12
12.5881 3.60211e-12
12.6113 3.44288e-12
12.6346 3.30917e-12
12.658 3.0899e-12
12.6813 3.01549e-12
12.7048 2.76343e-12
12.7282 2.7629e-12
12.7517 2.61487e-12
12.7753 2.61241e-12
12.7989 2.46269e-12
12.8225 2.45902e-12
12.8462 2.30734e-12
12.8699 2.30283e-12
12.8937 2.14914e-12
12.9175 2.14258e-12
12.9413 1.98683e-12
12.9652 1.97855e-12
12.9892 1.82199e-12
13.0131 1.81408e-12
13.0372 1.65661e-12
13.0612 1.64897e-12
13.0854 1.50925e-12
13.1095 1.50741e-12
13.1337 1.42684e-12
13.158 1.42365e-12
13.1823 1.34259e-12
13.2066 1.33762e-12
13.231 1.25652e-12
13.2555 1.24944e-12
13.2799 1.16826e-12
13.3045 1.15821e-12
13.329 1.0778e-12
13.3536 1.06471e-12
13.3783 9.86439e-13
13.403 9.7008e-13
13.4277 8.94396e-13
13.4525 8.75685e-13
13.4774 8.12048e-13
13.5023 8.00421e-13
13.5272 7.66829e-13
13.5522 7.51156e-13
13.5772 7.20387e-13
13.6023 6.98882e-13
13.6274 6.72818e-13
13.6526 6.4265e-13
13.6778 6.2405e-13
13.703 5.75928e-13
13.7283 5.74033e-13
13.7537 5.25629e-13
13.7791 5.23704e-13
13.8045 4.74927e-13
13.83 4.7279e-13
13.8556 4.27852e-13
13.8811 4.27593e-13
13.9068 4.03356e-13
13.9325 4.02843e-13
13.9582 3.7825e-13
13.984 3.77495e-13
14.0098 3.52623e-13
14.0357 3.51629e-13
14.0616 3.26332e-13
14.0875 3.25066e-13
14.1136 2.99385e-13
14.1396 2.97911e-13
14.1657 2.72183e-13
14.1919 2.70554e-13
14.2181 2.44588e-13
14.2443 2.42824e-13
14.2706 2.19056e-13
14.297 2.18317e-13
14.3234 2.05886e-13
14.3499 2.04773e-13
14.3763 1.92366e-13
14.4029 1.90843e-13
14.4295 1.78631e-13
14.4561 1.76582e-13
14.4828 1.6457e-13
14.5096 1.61871e-13
14.5364 1.50153e-13
14.5632 1.46721e-13
14.5901 1.35676e-13
14.617 1.3122e-13
14.644 1.20956e-13
14.6711 1.15565e-13
14.6982 1.07405e-13
14.7253 1.03855e-13
14.7525 1.00455e-13
14.7797 9.5451e-14
14.807 9.33719e-14
14.8344 8.65185e-14
14.8618 8.61859e-14
14.8892 7.92369e-14
14.9167 7.88379e-14
14.9443 7.17878e-14
14.9719 7.13468e-14
14.9995 6.42486e-14
15.0272 6.38148e-14
15.055 5.66573e-14
15.0828 5.61704e-14
15.1106 4.93239e-14
15.1385 4.91623e-14
15.1665 4.58042e-14
15.1945 4.56248e-14
15.2225 4.22252e-14
15.2506 4.20527e-14
15.2788 3.86283e-14
15.307 3.8431e-14
15.3353 3.49542e-14
15.3636 3.46863e-14
15.392 3.11614e-14
15.4204 3.08457e-14
15.4489 2.73608e-14
15.4774 2.70147e-14
15.506 2.35561e-14
15.5346 2.31828e-14
15.5633 2.00007e-14
15.592 1.98542e-14
15.6208 1.86833e-14
15.6497 1.84443e-14
15.6786 1.72765e-14
15.7075 1.70049e-14
15.7365 1.59575e-14
15.7656 1.56838e-14
15.7947 1.46774e-14
15.8239 1.41515e-14
15.8531 1.31058e-14
15.8824 1.24906e-14
15.9117 1.17904e-14
15.9411 1.07842e-14
15.9705 9.46669e-15
16 0
