#0.523885600730037 1.00616785294232 -0.5626545849568 0.409656251896285 1.00982197167286 -0.456364780403179 0.525257088316781 1.00670120637664 -0.569676952030483 0.994471785779496 1.00205498451271 -0.365926222046564 0.402959057813933 1.00739687886363 -0.358912131769152 0.522273016062935 1.0043383778889 -0.436032331484247
0 0 1.14441 1.01398e-17 0 0 0
0.1 0.108922 1.14337 -0.0031225 0.0307579 0.0372039 0.000222134
0.2 0.215398 1.14022 -0.0101656 0.0609702 0.0741984 -0.000452152
0.3 0.322138 1.13505 -0.023054 0.0912326 0.110881 -0.00073826
0.4 0.425084 1.12779 -0.0401908 0.120719 0.14708 -0.00243601
0.5 0.526938 1.11855 -0.0626251 0.149927 0.182653 -0.00402815
0.6 0.623576 1.10731 -0.0892329 0.178096 0.217445 -0.00752741
0.7 0.717799 1.09418 -0.120459 0.205665 0.251308 -0.0111901
0.8 0.805517 1.07913 -0.155541 0.231948 0.284107 -0.0171831
0.9 0.889562 1.0623 -0.194447 0.257326 0.315696 -0.0235982
1 0.966032 1.04371 -0.236743 0.281206 0.345962 -0.0326599
1.1 1.03775 1.02347 -0.281919 0.303913 0.374763 -0.0423288
1.2 1.10101 1.00162 -0.32986 0.324936 0.402012 -0.0548674
1.3 1.15861 0.978298 -0.379646 0.344547 0.427574 -0.0681425
1.4 1.2071 0.953555 -0.431495 0.362328 0.451391 -0.0844114
1.5 1.24922 0.92753 -0.484099 0.378503 0.473337 -0.101465
1.6 1.28185 0.900289 -0.537981 0.392743 0.493384 -0.121514
1.7 1.30765 0.871975 -0.591495 0.405227 0.511416 -0.142315
1.8 1.32381 0.842666 -0.645449 0.415712 0.527434 -0.166
1.9 1.33289 0.812506 -0.697918 0.424337 0.54134 -0.190329
2 1.33244 0.781581 -0.749977 0.43094 0.553165 -0.217321
2.1 1.32491 0.750036 -0.799467 0.435625 0.562822 -0.244779
2.2 1.30821 0.717966 -0.847723 0.438309 0.570373 -0.274571
2.3 1.28463 0.685507 -0.89239 0.439063 0.57575 -0.304582
2.4 1.2525 0.652761 -0.93505 0.437878 0.579038 -0.336503
2.5 1.21389 0.619859 -0.973203 0.434799 0.580189 -0.368338
2.6 1.16756 0.586904 -1.00865 0.429886 0.579315 -0.401575
2.7 1.11539 0.554019 -1.03881 0.423156 0.576383 -0.434369
2.8 1.0565 0.521308 -1.06568 0.414735 0.571529 -0.467989
2.9 0.992577 0.488882 -1.08661 0.40462 0.564738 -0.500772
3 0.923146 0.456845 -1.10378 0.392991 0.556163 -0.533756
3.1 0.849598 0.425293 -1.11455 0.379824 0.545807 -0.565486
3.2 0.771881 0.394325 -1.12125 0.365352 0.533844 -0.596761
3.3 0.69109 0.364027 -1.12124 0.34953 0.520284 -0.626367
3.4 0.607554 0.33449 -1.11702 0.332636 0.505319 -0.654856
3.5 0.522059 0.305783 -1.10599 0.314607 0.488972 -0.681275
3.6 0.43529 0.277992 -1.09076 0.295755 0.471443 -0.70593
3.7 0.347709 0.251168 -1.06883 0.276004 0.452768 -0.728149
3.8 0.260328 0.225388 -1.04285 0.25569 0.433149 -0.747998
3.9 0.173273 0.200687 -1.01046 0.234727 0.412633 -0.765098
4 0.0878558 0.177133 -0.974362 0.213466 0.391424 -0.779278
4.1 0.00385767 0.15474 -0.932326 0.191809 0.369575 -0.790466
4.2 -0.0771495 0.13357 -0.88704 0.170121 0.347286 -0.798264
4.3 -0.155729 0.113617 -0.836464 0.148289 0.324614 -0.80291
4.4 -0.230082 0.0949331 -0.783233 0.126681 0.301754 -0.803789
4.5 -0.301116 0.0774962 -0.725501 0.105176 0.278764 -0.80145
4.6 -0.366842 0.0613465 -0.665812 0.0841358 0.25583 -0.795077
4.7 -0.428502 0.0464465 -0.602529 0.0634307 0.233008 -0.785522
4.8 -0.483955 0.0328263 -0.538066 0.0434103 0.210468 -0.771784
4.9 -0.534763 0.0204331 -0.471009 0.0239385 0.188266 -0.755005
5 -0.57867 0.00928742 -0.4036 0.00534652 0.166557 -0.734017
5.1 -0.617537 -0.000677244 -0.334655 -0.0125081 0.145391 -0.710235
5.2 -0.649027 -0.00944896 -0.266206 -0.0293175 0.124901 -0.682341
5.3 -0.675279 -0.0171063 -0.197303 -0.045229 0.105136 -0.652007
5.4 -0.693905 -0.0236455 -0.129734 -0.059963 0.0862037 -0.617777
5.5 -0.707291 -0.0291549 -0.0627862 -0.0736703 0.0681475 -0.581553
5.6 -0.713033 -0.0336373 0.00202943 -0.0861031 0.0510532 -0.541764
5.7 -0.713727 -0.0371897 0.0651931 -0.0974144 0.034956 -0.500512
5.8 -0.706982 -0.0398204 0.125496 -0.107391 0.0199165 -0.45613
5.9 -0.69556 -0.0416312 0.183186 -0.116185 0.00596167 -0.41088
6 -0.677116 -0.0426361 0.237382 -0.123622 -0.00687016 -0.363025
6.1 -0.654534 -0.042941 0.288109 -0.129851 -0.0185616 -0.314952
6.2 -0.625531 -0.0425599 0.334823 -0.134735 -0.0291024 -0.264862
6.3 -0.593077 -0.0416025 0.377335 -0.138421 -0.0384745 -0.21524
6.4 -0.554966 -0.0400881 0.415462 -0.14081 -0.0466981 -0.164241
6.5 -0.514196 -0.038117 0.448788 -0.142038 -0.0537663 -0.114394
6.6 -0.468685 -0.0357134 0.477499 -0.142053 -0.0597091 -0.0638496
6.7 -0.421393 -0.0329822 0.500995 -0.140978 -0.0645348 -0.015131
6.8 -0.370352 -0.029935 0.51979 -0.13879 -0.0683014 0.0336135
6.9 -0.318478 -0.026674 0.533104 -0.135615 -0.0710045 0.0798805
7 -0.263924 -0.0232203 0.541823 -0.131459 -0.0727337 0.125516
7.1 -0.209477 -0.0196589 0.544963 -0.12643 -0.0734904 0.168095
7.2 -0.153457 -0.0160092 0.543749 -0.120575 -0.0733723 0.209411
7.3 -0.0984774 -0.0123517 0.537037 -0.113982 -0.0723882 0.247164
7.4 -0.0430191 -0.0087034 0.526369 -0.10673 -0.0706479 0.283087
7.5 0.0105243 -0.00513613 0.510446 -0.0988865 -0.0681651 0.315039
7.6 0.0634939 -0.00165645 0.491083 -0.090558 -0.0650589 0.344667
7.7 0.113741 0.00166838 0.466855 -0.0817984 -0.0613348 0.370013
7.8 0.162444 0.00483153 0.439843 -0.0727306 -0.0571324 0.392641
7.9 0.207737 0.00778333 0.408476 -0.0633896 -0.0524492 0.410803
8 0.250608 0.0105182 0.375062 -0.0539184 -0.0474302 0.425946
8.1 0.289511 0.0130009 0.337913 -0.0443314 -0.0420669 0.436565
8.2 0.325243 0.0152225 0.299534 -0.0347871 -0.0365076 0.443973
8.3 0.356611 0.0171618 0.258126 -0.025273 -0.0307461 0.44694
8.4 0.384201 0.0188171 0.21633 -0.0159632 -0.0249222 0.446617
8.5 0.407186 0.0201756 0.17227 -0.00682272 -0.0190242 0.442056
8.6 0.425949 0.021239 0.128681 0.00196694 -0.013189 0.434239
8.7 0.44004 0.0220011 0.0836267 0.0104645 -0.0074003 0.422517
8.8 0.449639 0.0224705 0.0398827 0.0184868 -0.00179322 0.407691
8.9 0.454664 0.0226524 -0.00454059 0.0261096 0.00366501 0.3894
9 0.455088 0.0225535 -0.0468538 0.0331509 0.008843 0.368251
9.1 0.451206 0.0221901 -0.0890831 0.0397066 0.0137828 0.344185
9.2 0.442786 0.0215656 -0.128471 0.0456004 0.0183571 0.317602
9.3 0.430486 0.0207113 -0.167073 0.050947 0.0226177 0.288737
9.4 0.413853 0.0196268 -0.202205 0.0555722 0.026453 0.257763
9.5 0.393903 0.0183525 -0.235917 0.0596095 0.0299198 0.225204
9.6 0.369965 0.0168841 -0.265643 0.0628922 0.0329196 0.191005
9.7 0.343399 0.0152691 -0.293411 0.0655722 0.0355095 0.155972
9.8 0.313311 0.0135043 -0.316821 0.0674905 0.0376091 0.119805
9.9 0.281366 0.0116399 -0.337843 0.0688105 0.0392817 0.0835659
10 0.246457 0.00967189 -0.354276 0.069384 0.040462 0.0467177
10.1 0.210526 0.00765036 -0.36801 0.0693843 0.041216 0.0105586
10.2 0.17227 0.00557102 -0.377076 0.0686795 0.0414877 -0.0256818
10.3 0.133861 0.00348676 -0.383266 0.0674461 0.04135 -0.0604988
10.4 0.0937989 0.00138952 -0.384861 0.0655668 0.0407593 -0.0948956
10.5 0.0544536 -0.000666287 -0.38353 0.0632179 0.0397946 -0.127188
10.6 0.0141422 -0.00269626 -0.37782 0.0602987 0.0384213 -0.158599
10.7 -0.0246043 -0.00464208 -0.369258 0.0569852 0.0367173 -0.187291
10.8 -0.0636421 -0.00652613 -0.356677 0.053192 0.0346597 -0.214699
10.9 -0.100324 -0.00828688 -0.341441 0.0490899 0.0323251 -0.23886
11 -0.136668 -0.00995537 -0.322667 0.0446055 0.029706 -0.261414
11.1 -0.169948 -0.0114705 -0.30153 0.0399043 0.0268719 -0.280301
11.2 -0.202323 -0.0128695 -0.277446 0.0349255 0.0238274 -0.297338
11.3 -0.231027 -0.0140922 -0.251378 0.029827 0.0206311 -0.3104
11.4 -0.258339 -0.0151786 -0.223048 0.0245592 0.0173015 -0.321464
11.5 -0.281502 -0.0160732 -0.193178 0.0192666 0.0138881 -0.328371
11.6 -0.30289 -0.0168195 -0.161791 0.0139112 0.0104207 -0.333232
11.7 -0.319788 -0.0173687 -0.12935 0.00862154 0.00693781 -0.333881
11.8 -0.334634 -0.0177651 -0.096172 0.00337288 0.00347497 -0.332531
11.9 -0.344796 -0.0179648 -0.0624543 -0.00172501 6.04898e-05 -0.327041
12 -0.352746 -0.0180124 -0.0287951 -0.00668509 -0.003265 -0.319693
12.1 -0.355977 -0.0178701 0.00488816 -0.0114206 -0.00648129 -0.308401
12.2 -0.356952 -0.0175854 0.0377397 -0.0159326 -0.00954518 -0.295483
12.3 -0.353322 -0.017125 0.0701248 -0.0201575 -0.0124472 -0.278928
12.4 -0.34751 -0.0165384 0.100947 -0.0240845 -0.0151439 -0.261053
12.5 -0.337344 -0.0157943 0.130849 -0.0276741 -0.0176373 -0.23995
12.6 -0.325181 -0.0149431 0.158516 -0.0309064 -0.0198811 -0.217899
12.7 -0.309052 -0.0139564 0.18487 -0.0337661 -0.0218893 -0.193115
12.8 -0.291207 -0.0128874 0.208408 -0.0362258 -0.0236134 -0.167806
12.9 -0.269895 -0.0117104 0.230321 -0.0382921 -0.0250824 -0.140323
13 -0.247231 -0.0104786 0.248939 -0.0399311 -0.0262454 -0.112768
13.1 -0.221696 -0.00916784 0.265706 -0.0411703 -0.0271469 -0.0836438
13.2 -0.195234 -0.00782875 0.278808 -0.0419714 -0.0277315 -0.054915
13.3 -0.166574 -0.00644063 0.289932 -0.0423821 -0.0280579 -0.025252
13.4 -0.137457 -0.00505126 0.297146 -0.0423603 -0.0280672 0.00355434
13.5 -0.106862 -0.00364507 0.302363 -0.0419715 -0.0278326 0.0326572
13.6 -0.0762958 -0.00226435 0.303556 -0.041169 -0.0272939 0.0604696
13.7 -0.0449979 -0.000897632 0.302831 -0.0400352 -0.0265363 0.0879574
13.8 -0.0142132 0.000420708 0.298094 -0.0385192 -0.0254975 0.113763
13.9 0.0165562 0.00169751 0.291618 -0.03672 -0.024271 0.138656
14 0.0463508 0.00290581 0.281265 -0.034582 -0.022794 0.161534
14.1 0.0754086 0.00404697 0.269444 -0.0322182 -0.0211667 0.182966
14.2 0.103078 0.00510161 0.253998 -0.029567 -0.0193289 0.202124
14.3 0.12934 0.00606736 0.237436 -0.0267531 -0.0173846 0.219375
14.4 0.153865 0.00693331 0.217606 -0.0237095 -0.0152755 0.23418
14.5 0.176379 0.0076947 0.197071 -0.0205711 -0.0131059 0.246696
14.6 0.196883 0.00834789 0.173708 -0.0172661 -0.0108188 0.256682
14.7 0.214861 0.00888548 0.150102 -0.0139365 -0.00851752 0.26409
14.8 0.230647 0.00930985 0.124184 -0.0105052 -0.00614764 0.268984
14.9 0.243499 0.00961197 0.0985095 -0.00711732 -0.00381161 0.271111
15 0.254078 0.00980056 0.0710871 -0.0036913 -0.00145658 0.270838
15.1 0.261425 0.00986614 0.0444046 -0.00037261 0.000818241 0.267713
15.2 0.266522 0.0098234 0.0165626 0.00292231 0.00306651 0.262393
15.3 0.268206 0.00966179 -0.0100564 0.00605058 0.00519359 0.254232
15.4 0.267763 0.00940099 -0.0372383 0.00909718 0.00725387 0.244169
15.5 0.263847 0.00902871 -0.062744 0.0119258 0.00915644 0.231374
15.6 0.258032 0.00856994 -0.0882314 0.0146225 0.0109558 0.217051
15.7 0.248802 0.00801082 -0.111641 0.0170602 0.0125659 0.200193
15.8 0.23799 0.0073822 -0.134489 0.0193242 0.0140425 0.182245
15.9 0.223929 0.00666787 -0.154923 0.0212977 0.0153068 0.162033
16 0.208684 0.00590387 -0.174307 0.023064 0.0164163 0.14122
16.1 0.19045 0.00507038 -0.191024 0.0245188 0.0172998 0.118475
16.2 0.171494 0.00420823 -0.206264 0.025743 0.0180144 0.0956513
16.3 0.149899 0.00329385 -0.218677 0.0266468 0.018497 0.0712763
16.4 0.128091 0.00237314 -0.229272 0.0273084 0.0188026 0.0473606
16.5 0.104058 0.00141896 -0.236975 0.0276523 0.0188783 0.0223039
16.6 0.0803539 0.000481446 -0.242612 0.0277527 0.0187768 -0.00175911
16.7 0.0548831 -0.000470703 -0.2454 0.027548 0.0184576 -0.026542
16.8 0.0302871 -0.00138463 -0.245962 0.0271078 0.0179693 -0.0498206
16.9 0.00441235 -0.00229578 -0.243817 0.0263847 0.0172835 -0.0734025
17 -0.0200538 -0.00314937 -0.239382 0.0254437 0.0164422 -0.0950092
17.1 -0.0453019 -0.00398384 -0.232485 0.0242519 0.0154292 -0.116524
17.2 -0.06864 -0.00474321 -0.223327 0.0228686 0.0142794 -0.135648
17.3 -0.092275 -0.00546816 -0.212041 0.0212742 0.0129894 -0.154321
17.4 -0.113553 -0.00610321 -0.198611 0.0195205 0.0115866 -0.170262
17.5 -0.134673 -0.00669127 -0.183469 0.0176007 0.0100802 -0.185443
17.6 -0.153059 -0.00717899 -0.166373 0.0155583 0.00848954 -0.197636
17.7 -0.170879 -0.00761062 -0.148043 0.0133992 0.00683444 -0.208817
17.8 -0.185672 -0.00793551 -0.128015 0.011158 0.00512494 -0.216846
17.9 -0.19955 -0.00819791 -0.107282 0.00885226 0.0033906 -0.223682
18 -0.210202 -0.00835016 -0.0851565 0.00650657 0.00163249 -0.227298
18.1 -0.219663 -0.00843605 -0.0628885 0.00414926 -0.00011104 -0.22961
18.2 -0.225802 -0.00841219 -0.0395704 0.00179307 -0.00184697 -0.228741
18.3 -0.230553 -0.00832187 -0.0166798 -0.000523692 -0.00352976 -0.226531
18.4 -0.231994 -0.00812655 0.00690168 -0.0028003 -0.00517533 -0.221274
18.5 -0.231933 -0.00786878 0.0294961 -0.00498928 -0.00673257 -0.214715
18.6 -0.22868 -0.0075144 0.0524214 -0.00710228 -0.00822617 -0.205337
18.7 -0.22389 -0.00710383 0.073826 -0.00908346 -0.0096014 -0.194761
18.8 -0.216132 -0.00660715 0.0952143 -0.0109577 -0.0108903 -0.181681
18.9 -0.206884 -0.00606289 0.114594 -0.0126622 -0.0120349 -0.167573
19 -0.194985 -0.00544513 0.13364 -0.0142348 -0.013075 -0.15135
19.1 -0.181721 -0.00479061 0.150254 -0.0156076 -0.0139498 -0.134318
19.2 -0.166207 -0.00407828 0.166261 -0.0168304 -0.0147071 -0.115623
19.3 -0.149513 -0.00334252 0.17949 -0.0178305 -0.0152859 -0.0963778
19.4 -0.131041 -0.00256545 0.191892 -0.018669 -0.0157402 -0.075967
19.5 -0.11163 -0.00177914 0.20126 -0.0192709 -0.0160088 -0.0552911
19.6 -0.0909618 -0.000968776 0.209643 -0.0197064 -0.0161533 -0.0339746
19.7 -0.0696358 -0.000162394 0.214827 -0.0199 -0.0161107 -0.0126923
19.8 -0.0476147 0.000651127 0.21894 -0.0199311 -0.0159482 0.0086916
19.9 -0.02524 0.00144679 0.219788 -0.0197235 -0.0156036 0.029745
20 -0.00274658 0.00223292 0.21955 -0.0193636 -0.0151497 0.0503688
20.1 0.0197864 0.00298803 0.216086 -0.0187767 -0.014524 0.0703811
20.2 0.0418658 0.00371729 0.211591 -0.0180536 -0.0138052 0.0894575
20.3 0.0636793 0.00440404 0.204006 -0.0171219 -0.0129316 0.107672
20.4 0.0844894 0.00505062 0.19551 -0.0160753 -0.0119857 0.124485
20.5 0.104749 0.00564581 0.184151 -0.0148455 -0.0109056 0.140227
20.6 0.123495 0.00618879 0.172064 -0.0135274 -0.00977576 0.154154
20.7 0.141442 0.00667337 0.157425 -0.0120569 -0.00853531 0.166853
20.8 0.15742 0.00709594 0.142288 -0.0105278 -0.00727056 0.177392
20.9 0.1724 0.00745561 0.12498 -0.00888119 -0.00592108 0.186605
21 0.185027 0.0077452 0.10745 -0.00720765 -0.00457406 0.193389
21.1 0.196515 0.00797018 0.0881854 -0.00545332 -0.00317125 0.198817
21.2 0.20535 0.00812032 0.0689966 -0.00370407 -0.00179831 0.201633
21.3 0.212972 0.00820735 0.048552 -0.00191191 -0.000398665 0.203129
21.4 0.217728 0.00821777 0.0284933 -0.00015691 0.00094583 0.201915
21.5 0.221265 0.00816897 0.00768037 0.00160296 0.00228942 0.199488
21.6 0.221818 0.00804453 -0.0124386 0.00329528 0.00355462 0.19434
21.7 0.221217 0.00786725 -0.0328045 0.00495593 0.00479335 0.188148
21.8 0.21761 0.00761715 -0.0521834 0.00652145 0.00593368 0.179311
21.9 0.212983 0.00732252 -0.0713129 0.00802242 0.0070233 0.169661
22 0.205424 0.0069607 -0.089195 0.00940507 0.00799753 0.157522
22.1 0.197044 0.006565 -0.106361 0.0106946 0.00889968 0.14485
22.2 0.185892 0.0061102 -0.122063 0.0118472 0.00967424 0.129917
22.3 0.174174 0.00563327 -0.136623 0.0128827 0.0103602 0.114772
22.4 0.159924 0.00510687 -0.14956 0.013768 0.0109111 0.0976568
22.5 0.145409 0.0045711 -0.160984 0.0145172 0.0113619 0.0806765
22.6 0.128669 0.00399624 -0.170686 0.0151087 0.011676 0.0620626
22.7 0.111997 0.0034246 -0.178573 0.0155515 0.0118825 0.0439472
22.8 0.093465 0.00282484 -0.184708 0.0158354 0.0119551 0.0245715
22.9 0.0753558 0.0022412 -0.1888 0.0159647 0.0119165 0.00605781
23 0.0557908 0.00164153 -0.191184 0.0159403 0.0117516 -0.0133229
23.1 0.0370072 0.00107043 -0.191377 0.0157612 0.0114773 -0.0314929
23.2 0.0171972 0.000495037 -0.189981 0.0154391 0.0110888 -0.0501309
23.3 -0.00148464 -4.04319e-05 -0.186327 0.014968 0.0105974 -0.067239
23.4 -0.0207553 -0.000569323 -0.18127 0.0143699 0.0100081 -0.0844258
23.5 -0.0385769 -0.00104863 -0.173968 0.0136334 0.00932694 -0.0998058
23.6 -0.056558 -0.0015122 -0.165516 0.0127905 0.00856759 -0.114898
23.7 -0.0728067 -0.00191864 -0.154906 0.0118251 0.00772952 -0.127958
23.8 -0.0888088 -0.00230119 -0.143452 0.0107783 0.00683519 -0.140401
23.9 -0.102847 -0.00262056 -0.130001 0.00962871 0.00587808 -0.15065
24 -0.11627 -0.00290912 -0.11606 0.00842516 0.00488869 -0.159998
24.1 -0.127561 -0.00313064 -0.10034 0.00714112 0.00385474 -0.167061
24.2 -0.137916 -0.00331651 -0.0845172 0.00583259 0.00281312 -0.172995
24.3 -0.146043 -0.00343378 -0.0671832 0.0044675 0.00174662 -0.17663
24.4 -0.152973 -0.00351306 -0.0501512 0.00310783 0.000697386 -0.178966
24.5 -0.157654 -0.00352488 -0.0319108 0.00171642 -0.000356978 -0.179068
24.6 -0.160942 -0.00349887 -0.0143798 0.000360179 -0.0013706 -0.177767
24.7 -0.162038 -0.00340883 0.00403436 -0.00100262 -0.00237128 -0.17437
24.8 -0.161614 -0.00328257 0.0213415 -0.00230204 -0.00330949 -0.169532
24.9 -0.159134 -0.00309747 0.0391978 -0.00358429 -0.00421766 -0.16281
25 -0.155081 -0.00287935 0.0555747 -0.00477771 -0.00504364 -0.154671
25.1 -0.149179 -0.00260942 0.0721723 -0.00593255 -0.00582434 -0.144928
25.2 -0.141722 -0.00231143 0.0869585 -0.00697651 -0.00650647 -0.133853
25.3 -0.132694 -0.00197021 0.101655 -0.00796352 -0.0071305 -0.121508
25.4 -0.122191 -0.00160778 0.114264 -0.00882193 -0.00764303 -0.107969
25.5 -0.110456 -0.00121226 0.126505 -0.0096083 -0.00808819 -0.0935429
25.6 -0.0973821 -0.000803625 0.136442 -0.0102528 -0.00841359 -0.0781007
25.7 -0.0834593 -0.000372737 0.145774 -0.0108137 -0.00866678 -0.0621884
25.8 -0.0683871 6.29784e-05 0.152659 -0.0112245 -0.00879612 -0.0454718
25.9 -0.0528838 0.000509788 0.158749 -0.0115448 -0.00885156 -0.028721
26 -0.036458 0.000953048 0.162327 -0.0117127 -0.00878276 -0.0114008
26.1 -0.0200399 0.00139612 0.164976 -0.0117875 -0.0086417 0.00551227
26.2 -0.00295265 0.00182737 0.165126 -0.0117131 -0.00838029 0.0227498
26.3 0.0136828 0.00224752 0.164272 -0.0115475 -0.0080516 0.0391485
26.4 0.0307207 0.00264769 0.161015 -0.0112409 -0.00761043 0.055629
26.5 0.0468738 0.00302635 0.156737 -0.0108489 -0.00711047 0.0708635
26.6 0.0631624 0.00337753 0.150228 -0.0103288 -0.00651002 0.0859513
26.7 0.0781607 0.00369814 0.142741 -0.00973222 -0.0058629 0.0994254
26.8 0.0930393 0.00398536 0.133266 -0.00902443 -0.00513038 0.112548
26.9 0.106262 0.00423453 0.122904 -0.00825254 -0.00436525 0.12374
27 0.119132 0.0044459 0.110862 -0.00739023 -0.00353173 0.134408
27.1 0.130032 0.00461301 0.0980738 -0.00647891 -0.00268076 0.142889
27.2 0.140381 0.00473953 0.0839657 -0.00550078 -0.00178009 0.150716
27.3 0.148509 0.00481734 0.0692871 -0.00449056 -0.000878121 0.156166
27.4 0.155932 0.00485331 0.0536914 -0.0034389 5.37095e-05 0.160881
27.5 0.160954 0.00483795 0.0377303 -0.00237297 0.000970597 0.163104
27.6 0.165163 0.00478103 0.021281 -0.00129159 0.00189653 0.164561
27.7 0.166871 0.00467222 0.00468752 -0.000213542 0.00279093 0.163491
27.8 0.167714 0.00452427 -0.0119525 0.000854045 0.00367429 0.161675
27.9 0.166038 0.00432627 -0.0285124 0.00190136 0.00451065 0.157376
28 0.163495 0.00409326 -0.0446806 0.00291296 0.0053171 0.1524
28.1 0.158493 0.00381347 -0.0605489 0.00388845 0.00606367 0.14506
28.2 0.152682 0.00350413 -0.0756041 0.00480479 0.00676367 0.13716
28.3 0.144549 0.00315261 -0.0901576 0.00567112 0.00739258 0.127085
28.4 0.135711 0.00277827 -0.103507 0.00645745 0.00796062 0.11661
28.5 0.124762 0.00236768 -0.11618 0.00718252 0.00844999 0.104211
28.6 0.11326 0.00194171 -0.127303 0.00781022 0.00886607 0.0916068
28.7 0.0999217 0.0014868 -0.137612 0.00836858 0.00919817 0.0773838
28.8 0.0862201 0.00102479 -0.146078 0.00881629 0.00944827 0.0631745
28.9 0.0710116 0.000541984 -0.153639 0.00919008 0.00961221 0.0476963
29 0.0556561 6.12724e-05 -0.15913 0.00944364 0.00968847 0.0324642
29.1 0.0391647 -0.00043113 -0.163673 0.0096221 0.00968067 0.0163414
29.2 0.0227617 -0.000913169 -0.165989 0.009675 0.00958384 0.000701618
29.3 0.00562226 -0.00139813 -0.167367 0.00965528 0.00940725 -0.0154329
29.4 -0.0111889 -0.00186419 -0.166432 0.00950903 0.00914356 -0.0308573
29.5 -0.028321 -0.00232517 -0.16462 0.00929608 0.00880825 -0.0463765
29.6 -0.0448875 -0.00275986 -0.160487 0.00896027 0.00839022 -0.0609745
29.7 -0.0613611 -0.00318137 -0.155593 0.00856684 0.00791113 -0.0752797
29.8 -0.0770496 -0.00357004 -0.148439 0.00805806 0.00735709 -0.0884826
29.9 -0.0922432 -0.00393842 -0.140686 0.00750384 0.00675452 -0.101026
30 -0.106458 -0.00426834 -0.13081 0.00684568 0.00608676 -0.112324
30.1 -0.119806 -0.00457148 -0.120536 0.00615604 0.00538552 -0.122633
30.2 -0.13202 -0.00483184 -0.108337 0.00537646 0.00463166 -0.131601
30.3 -0.143034 -0.0050604 -0.0959772 0.00458123 0.00386074 -0.139294
30.4 -0.152803 -0.005244 -0.0819432 0.00371247 0.00305125 -0.145601
30.5 -0.161087 -0.00539225 -0.0680079 0.0028451 0.00224081 -0.150401
30.6 -0.16807 -0.00549472 -0.0526927 0.00192242 0.00140693 -0.153827
30.7 -0.173339 -0.0055602 -0.0377474 0.00101874 0.000588215 -0.155572
30.8 -0.177303 -0.00558072 -0.0217516 7.92893e-05 -0.000239356 -0.156012
30.9 -0.179393 -0.00556379 -0.00639811 -0.000824186 -0.00103603 -0.154659
31 -0.18023 -0.00550421 0.00965828 -0.00174378 -0.00182682 -0.152129
31.1 -0.179099 -0.00540811 0.0248098 -0.00261122 -0.00257253 -0.147759
31.2 -0.176824 -0.00527304 0.0403077 -0.00347556 -0.00329851 -0.142391
31.3 -0.172557 -0.00510363 0.0546602 -0.00427372 -0.00396664 -0.1352
31.4 -0.167312 -0.00490024 0.0690099 -0.00505098 -0.00460201 -0.127242
31.5 -0.160115 -0.00466628 0.0820078 -0.00575036 -0.00516847 -0.117536
31.6 -0.152152 -0.00440489 0.0946711 -0.00641251 -0.00569165 -0.107333
31.7 -0.142342 -0.00411759 0.105818 -0.00698755 -0.00613845 -0.0955119
31.8 -0.13202 -0.00381004 0.116328 -0.00751142 -0.00653333 -0.0834978
31.9 -0.12001 -0.00348218 0.125209 -0.00794175 -0.00684755 -0.0700388
32 -0.107773 -0.00314161 0.13319 -0.0083095 -0.00710378 -0.0567122
32.1 -0.0940571 -0.00278693 0.139482 -0.00858088 -0.00727817 -0.0421531
32.2 -0.0804207 -0.00242717 0.144655 -0.00878138 -0.0073911 -0.0280622
32.3 -0.0655525 -0.00205976 0.148147 -0.00888638 -0.00742339 -0.0129788
32.4 -0.0510788 -0.00169497 0.150352 -0.00891526 -0.00739332 0.00130336
32.5 -0.0356501 -0.00132893 0.150943 -0.00885313 -0.00728704 0.0163206
32.6 -0.0209293 -0.000972864 0.150137 -0.00871317 -0.00711967 0.0302168
32.7 -0.0055455 -0.000622125 0.147844 -0.00849013 -0.00688308 0.0445856
32.8 0.0088335 -0.000288421 0.144105 -0.0081903 -0.00658931 0.0575404
32.9 0.0235791 3.39065e-05 0.139067 -0.00781818 -0.00623631 0.0707108
33 0.03705 0.000333299 0.132583 -0.00737312 -0.00583281 0.0822119
33.1 0.0505981 0.000616392 0.125041 -0.00686929 -0.00538215 0.0936868
33.2 0.0626404 0.000871687 0.11611 -0.00629896 -0.004889 0.103284
33.3 0.074489 0.00110654 0.106406 -0.00568543 -0.00436254 0.112639
33.4 0.0846465 0.00131022 0.0954148 -0.00501418 -0.00380291 0.119962
33.5 0.0943662 0.00149017 0.0839743 -0.00431731 -0.00322494 0.126857
33.6 0.102266 0.00163699 0.0713881 -0.00357316 -0.00262376 0.13163
33.7 0.109521 0.00175768 0.0587028 -0.00282195 -0.00201938 0.135828
33.8 0.114888 0.00184454 0.0450459 -0.00203503 -0.00140253 0.137879
33.9 0.119443 0.00190412 0.0316521 -0.00126022 -0.000797573 0.13925
34 0.12211 0.0019305 0.0174846 -0.00046173 -0.000190976 0.138515
34.1 0.123845 0.00192946 0.00394474 0.000306031 0.000388813 0.137044
34.2 0.123758 0.00189716 -0.0101593 0.00108559 0.000959706 0.133575
34.3 0.12267 0.0018388 -0.0232847 0.00181682 0.00148991 0.129358
34.4 0.119888 0.00175306 -0.0367636 0.00254834 0.00200176 0.123316
34.5 0.116082 0.00164355 -0.0489357 0.00321495 0.00246095 0.116554
34.6 0.110777 0.00151133 -0.061258 0.00387152 0.00289395 0.108201
34.7 0.104473 0.00135874 -0.0719822 0.00444914 0.00326439 0.0991954
34.8 0.0969178 0.00118885 -0.0826688 0.00500735 0.0036023 0.0888829
34.9 0.0884303 0.00100239 -0.091511 0.0054748 0.00386979 0.0780206
35 0.0789871 0.00080507 -0.100154 0.00591576 0.00410069 0.0661775
35.1 0.0687178 0.00059527 -0.10676 0.00625727 0.00425606 0.0539144
35.2 0.057827 0.000381167 -0.113037 0.00656715 0.0043722 0.0410292
35.3 0.0462446 0.00015912 -0.117147 0.00677206 0.00441024 0.0278723
35.4 0.0344023 -5.99302e-05 -0.120836 0.00694278 0.00440877 0.0144717
35.5 0.0220239 -0.000282516 -0.122293 0.00700612 0.00432943 0.000957929
35.6 0.00976362 -0.000494978 -0.123276 0.0070352 0.00421166 -0.0124116
35.7 -0.00286533 -0.000706057 -0.122034 0.00695804 0.00401959 -0.0257362
35.8 -0.0149993 -0.000900335 -0.120308 0.00684818 0.00379342 -0.038536
35.9 -0.0273319 -0.00108894 -0.11643 0.00663607 0.00349861 -0.0511399
36 -0.0388017 -0.00125436 -0.112098 0.00639535 0.00317544 -0.0628548
36.1 -0.0503073 -0.00141071 -0.105753 0.00605969 0.00279223 -0.0742405
36.2 -0.0606047 -0.00153869 -0.0990219 0.0057014 0.0023875 -0.084401
36.3 -0.0707909 -0.00165457 -0.0904779 0.00525822 0.00193254 -0.094123
36.4 -0.0794585 -0.00173767 -0.0816511 0.00480003 0.0014644 -0.102324
36.5 -0.0878914 -0.00180676 -0.0712659 0.00426936 0.000957731 -0.110008
36.6 -0.0945399 -0.00183985 -0.0607278 0.00373261 0.000446785 -0.115922
36.7 -0.10086 -0.00185779 -0.0489326 0.00313798 -9.02698e-05 -0.121278
36.8 -0.105185 -0.00183745 -0.0371346 0.00254675 -0.000622298 -0.124671
36.9 -0.109124 -0.00180175 -0.0244162 0.0019132 -0.00116676 -0.127507
37 -0.110917 -0.00172687 -0.0118572 0.00129288 -0.00169668 -0.128248
37.1 -0.112308 -0.00163751 0.00126145 0.000646551 -0.00222522 -0.128472
37.2 -0.111465 -0.00150928 0.0140552 2.32626e-05 -0.00273033 -0.126533
37.3 -0.110246 -0.00136874 0.0270362 -0.000609897 -0.00321974 -0.124163
37.4 -0.106773 -0.00119129 0.0395353 -0.00121117 -0.003678 -0.119625
37.5 -0.102989 -0.00100422 0.0518486 -0.00180593 -0.00410775 -0.114777
37.6 -0.0969971 -0.000783278 0.0635379 -0.00236067 -0.00449983 -0.10782
37.7 -0.090798 -0.000556257 0.0746792 -0.00289351 -0.00485202 -0.100712
37.8 -0.0825027 -0.000299432 0.0850781 -0.00337993 -0.00516173 -0.0916135
37.9 -0.0741377 -4.06913e-05 0.0945915 -0.00383039 -0.00542146 -0.0825507
38 -0.0638476 0.000243191 0.103277 -0.00422971 -0.00563567 -0.0716703
38.1 -0.0536543 0.000524451 0.11077 -0.0045808 -0.00579171 -0.0610356
38.2 -0.0417606 0.000825037 0.117387 -0.00487841 -0.00590124 -0.0488019
38.3 -0.0301511 0.00111826 0.122552 -0.00511766 -0.00594624 -0.0370381
38.4 -0.0171108 0.00142494 0.126833 -0.0053033 -0.00594569 -0.0239322
38.5 -0.00455449 0.00171924 0.129451 -0.00542308 -0.00587659 -0.0115243
38.6 0.0091279 0.00202028 0.131227 -0.00549155 -0.00576469 0.0019406
38.7 0.0221236 0.00230399 0.131183 -0.00548881 -0.00558252 0.0144844
38.8 0.0359158 0.002588 0.130383 -0.00543942 -0.00536355 0.0277835
38.9 0.0488264 0.00285017 0.127665 -0.00531603 -0.00507461 0.0399538
39 0.0621922 0.00310615 0.124325 -0.0051526 -0.00475585 0.052571
39.1 0.0744959 0.00333665 0.119028 -0.0049153 -0.0043705 0.0638764
39.2 0.0869116 0.00355525 0.113283 -0.00464653 -0.00396474 0.0753249
39.3 0.0981122 0.00374551 0.105601 -0.00430604 -0.00349584 0.0853107
39.4 0.109091 0.00391832 0.0976813 -0.00394469 -0.00301732 0.0951499
39.5 0.118733 0.00406107 0.0878996 -0.00351645 -0.00248251 0.103417
39.6 0.127841 0.00418156 0.0781266 -0.00307929 -0.00194876 0.111272
39.7 0.135535 0.00427077 0.0666155 -0.00258122 -0.00136612 0.117494
39.8 0.14241 0.004334 0.0553778 -0.00208735 -0.000796992 0.123068
39.9 0.147841 0.00436634 0.0425718 -0.00154076 -0.000187471 0.126998
40 0.152207 0.00436929 0.0303198 -0.00101164 0.000396785 0.130086
40.1 0.15515 0.00434207 0.0167029 -0.000438804 0.00101155 0.131577
40.2 0.156826 0.0042841 0.00392314 0.000103227 0.0015889 0.132069
40.3 0.157155 0.00419847 -0.00999043 0.000679553 0.00218748 0.131066
40.4 0.156065 0.00408052 -0.0227915 0.0012121 0.00273689 0.128958
40.5 0.153755 0.00393861 -0.0364804 0.00176882 0.00329761 0.12551
40.6 0.149923 0.00376507 -0.0487981 0.00226982 0.00379953 0.120895
40.7 0.145053 0.00357189 -0.0617509 0.00278504 0.00430406 0.115145
40.8 0.138611 0.00334805 -0.0731027 0.00323396 0.00474121 0.108213
40.9 0.131358 0.00310986 -0.0848386 0.00368763 0.00517302 0.100399
41 0.122532 0.0028429 -0.0947807 0.00406593 0.00553043 0.0914275
41.1 0.113165 0.00256785 -0.104868 0.00444057 0.00587576 0.0818637
41.2 0.102273 0.00226623 -0.113014 0.00473331 0.00614222 0.0712099
41.3 0.0911433 0.0019628 -0.121089 0.00501504 0.00639036 0.0602841
41.4 0.0785765 0.00163614 -0.127127 0.0052106 0.00655682 0.0483651
41.5 0.0661001 0.0013147 -0.132902 0.00538952 0.00670118 0.0365138
41.6 0.0523125 0.000973016 -0.136603 0.00548053 0.00676368 0.0237945
41.7 0.0389559 0.00064365 -0.139886 0.00555069 0.00680075 0.0114903
41.8 0.0244398 0.000297859 -0.141114 0.00553378 0.00675837 -0.00154019
41.9 0.0107032 -2.86324e-05 -0.141805 0.00549388 0.00668937 -0.0138071
42 -0.00402283 -0.000367656 -0.140526 0.00537035 0.00654548 -0.0266498
42.1 -0.017633 -0.000681255 -0.138629 0.00522287 0.00637538 -0.0383967
42.2 -0.0320502 -0.00100359 -0.134904 0.00499761 0.00613772 -0.0505664
42.3 -0.0450331 -0.00129435 -0.130519 0.00474916 0.00587601 -0.0613316
42.4 -0.0586404 -0.00159097 -0.124506 0.00443123 0.0055552 -0.0723743
42.5 -0.070525 -0.00185114 -0.117827 0.00409242 0.00521319 -0.0817374
42.6 -0.0828555 -0.00211401 -0.109773 0.00369472 0.0048228 -0.0912454
42.7 -0.0932145 -0.00233629 -0.101084 0.00327991 0.00441532 -0.0988433
42.8 -0.103859 -0.00255894 -0.0913116 0.00281808 0.0039708 -0.106476
42.9 -0.112331 -0.00273759 -0.0809658 0.00234389 0.00351367 -0.112017
43 -0.120945 -0.00291513 -0.0698684 0.00183654 0.00303226 -0.117507
43.1 -0.127242 -0.00304634 -0.0582822 0.00132207 0.00254324 -0.120783
43.2 -0.133569 -0.00317503 -0.046297 0.000788718 0.00204349 -0.123954
43.3 -0.137491 -0.0032568 -0.0339263 0.000254356 0.0015414 -0.124847
43.4 -0.14136 -0.00333558 -0.0215274 -0.000284297 0.0010414 -0.125611
43.5 -0.142805 -0.00336722 -0.00885258 -0.000818379 0.0005443 -0.124098
43.6 -0.144145 -0.00339645 0.00347908 -0.00134192 6.31658e-05 -0.122467
43.7 -0.143102 -0.00337995 0.0159715 -0.00185513 -0.000410758 -0.118622
43.8 -0.141938 -0.00336198 0.0277577 -0.00234381 -0.000856386 -0.114698
43.9 -0.138496 -0.00330087 0.0395973 -0.00281721 -0.00129155 -0.108683
44 -0.134949 -0.00323972 0.0503888 -0.0032528 -0.0016865 -0.102661
44.1 -0.129289 -0.0031391 0.0611404 -0.00366886 -0.00206823 -0.0947245
44.2 -0.123568 -0.00304031 0.0705275 -0.00403522 -0.0024003 -0.0868763
44.3 -0.115955 -0.00290611 0.0798001 -0.00437901 -0.00271813 -0.0773414
44.4 -0.10835 -0.00277579 0.0874353 -0.00466288 -0.00297745 -0.0680093
44.5 -0.099121 -0.00261494 0.094906 -0.00492261 -0.00322238 -0.0572607
44.6 -0.0899884 -0.00246017 0.100512 -0.00511411 -0.00340197 -0.0468418
44.7 -0.079538 -0.00228057 0.105933 -0.00528161 -0.00356835 -0.0353091
44.8 -0.0692874 -0.00210929 0.109316 -0.0053749 -0.00366535 -0.0242383
44.9 -0.0580549 -0.00191879 0.112529 -0.00544566 -0.00375143 -0.0123805
45 -0.0471276 -0.00173892 0.113586 -0.00543819 -0.00376502 -0.00111309
45.1 -0.0355725 -0.00154589 0.114518 -0.00541112 -0.00377187 0.0106029
45.2 -0.0244311 -0.00136563 0.113239 -0.00530492 -0.00370578 0.0216076
45.3 -0.0130229 -0.00117806 0.111915 -0.00518369 -0.00363836 0.0327216
45.4 -0.00212207 -0.00100474 0.108385 -0.00498373 -0.00349893 0.0430237
45.5 0.00868751 -0.000829964 0.104917 -0.00477432 -0.00336445 0.0531033
45.6 0.01891 -0.000670555 0.0993075 -0.00448944 -0.00316144 0.0622942
45.7 0.0286979 -0.000514885 0.0938962 -0.00420211 -0.00297064 0.0709505
45.8 0.0378439 -0.000374757 0.0864612 -0.00384442 -0.00271607 0.0786732
45.9 0.0462373 -0.000243318 0.0793803 -0.00349164 -0.00248093 0.0855766
46 0.0539636 -0.000127176 0.0704431 -0.00307543 -0.00218764 0.0915366
46.1 0.0606493 -2.34116e-05 0.0620331 -0.00267285 -0.001922 0.0964276
46.2 0.0666771 6.60967e-05 0.0519771 -0.00221513 -0.00160454 0.100405
46.3 0.0714198 0.000139156 0.0426251 -0.00177931 -0.00132209 0.103107
46.4 0.0755478 0.000200043 0.0318725 -0.00129836 -0.000996074 0.104966
46.5 0.0781943 0.000241874 0.0220044 -0.000847443 -0.00071169 0.105389
46.6 0.0803108 0.00027374 0.0110036 -0.000361201 -0.0003917 0.105083
46.7 0.0807956 0.000284668 0.00105561 8.67975e-05 -0.000120695 0.103229
46.8 0.0808733 0.000289011 -0.00973958 0.000559692 0.000177963 0.100798
46.9 0.0792248 0.000270926 -0.0193308 0.000987467 0.000422497 0.0967604
47 0.0773258 0.000250216 -0.029478 0.00142939 0.000686328 0.092335
47.1 0.0736599 0.000206791 -0.0382957 0.00182057 0.000892318 0.0862913
47.2 0.069932 0.000164757 -0.0473848 0.00221572 0.00110943 0.0800805
47.3 0.0644465 0.000100581 -0.0550501 0.00255549 0.00126615 0.072288
47.4 0.0591178 4.23986e-05 -0.0627132 0.00289007 0.00142771 0.0645756
47.5 0.0520886 -3.71784e-05 -0.068901 0.00316643 0.00152772 0.0553604
47.6 0.0454499 -0.000105829 -0.0748352 0.00342874 0.00162651 0.0464873
47.7 0.0372121 -0.00019445 -0.0792829 0.00363185 0.00166514 0.036228
47.8 0.0296131 -0.00026755 -0.083255 0.00381369 0.00169806 0.0265828
47.9 0.0205532 -0.000359064 -0.0857763 0.0039373 0.00167336 0.0156994
48 0.0123826 -0.00043054 -0.0876353 0.00403354 0.00163889 0.00570186
48.1 0.00291758 -0.000518734 -0.0881291 0.00407474 0.00155147 -0.0053653
48.2 -0.00541322 -0.000582036 -0.0878105 0.00408396 0.00145173 -0.0152844
48.3 -0.0148502 -0.000659787 -0.0862597 0.00404296 0.00130506 -0.0260879
48.4 -0.0229213 -0.000709434 -0.0837899 0.00396745 0.00114526 -0.035501
48.5 -0.0318996 -0.000771732 -0.0802684 0.00384805 0.000945688 -0.0456072
48.6 -0.0393076 -0.000801517 -0.0757615 0.00369267 0.000732064 -0.0541095
48.7 -0.0474178 -0.000842034 -0.0704243 0.00350209 0.000488883 -0.0631166
48.8 -0.053785 -0.000848069 -0.0640762 0.0032752 0.000232397 -0.0703424
48.9 -0.0606549 -0.000863112 -0.0571565 0.00302256 -4.40347e-05 -0.0778918
49 -0.0656482 -0.00084166 -0.0492397 0.00273526 -0.000331683 -0.0835269
49.1 -0.070959 -0.000828123 -0.0410388 0.00243267 -0.000628402 -0.0893231
49.2 -0.0743083 -0.000776921 -0.031887 0.00209761 -0.000934537 -0.0931212
49.3 -0.0778054 -0.000732827 -0.0227602 0.00175891 -0.00123785 -0.096938
49.4 -0.0793069 -0.000651458 -0.012759 0.00139118 -0.00154799 -0.0987275
49.5 -0.080813 -0.000576649 -0.00310304 0.00103155 -0.00184377 -0.10042
49.6 -0.0803443 -0.000465584 0.00732959 0.000646846 -0.00214388 -0.100112
49.7 -0.0797672 -0.000361377 0.0170954 0.000281773 -0.00241865 -0.0996212
49.8 -0.0772897 -0.000222649 0.0275251 -0.000103896 -0.00269527 -0.0972117
49.9 -0.0746196 -9.07812e-05 0.036973 -0.000458022 -0.00293561 -0.0945644
50 -0.0701814 7.2033e-05 0.0469628 -0.000828503 -0.00317527 -0.0901378
50.1 -0.0655006 0.000227262 0.0556755 -0.00115709 -0.00336944 -0.085448
50.2 -0.0592369 0.00041053 0.0648082 -0.00149783 -0.00356082 -0.0791709
50.3 -0.0527105 0.000584862 0.0723974 -0.00178702 -0.00369757 -0.0726347
50.4 -0.0448329 0.000782541 0.0802902 -0.00208459 -0.00383012 -0.0647481
50.5 -0.0367055 0.000970034 0.08641 -0.00232263 -0.00390145 -0.0566345
50.6 -0.0275008 0.00117571 0.0927307 -0.00256596 -0.00396793 -0.0474475
50.7 -0.0180833 0.00136945 0.0970938 -0.00274313 -0.00396748 -0.0380864
50.8 -0.00789606 0.00157625 0.101573 -0.00292302 -0.00396274 -0.0279611
50.9 0.00244536 0.00176952 0.103962 -0.00303229 -0.00388771 -0.0177302
51 0.0132282 0.00197003 0.106404 -0.00314274 -0.00380979 -0.00706209
51.1 0.024134 0.00215592 0.106682 -0.00318002 -0.00365946 0.00367442
