#-0.0941336708159027 1.03217219066608 0.117900865513494 0.0210574730667312 1.01927030215671 -1.22766535003691 -0.0865629765133207 1.02941237021243 0.355464848423162 0.487313939869915 1.01325054087729 -2.11765667477244 0.0213135189547787 1.01814322706872 -1.08904757759398 -0.0367979839482904 1.29054517772795 0.613370307326646
0 0 1.55076 3.49321e-16 0 0 0
0.1 0.134322 1.55009 -0.00333914 0.042558 0.0201041 -6.98841e-07
0.2 0.266335 1.54802 -0.0117834 0.0843556 0.0401483 -0.000203066
0.3 0.398211 1.5446 -0.0256333 0.126209 0.0600899 -0.000592126
0.4 0.526842 1.53981 -0.045078 0.167103 0.079876 -0.00147677
0.5 0.65375 1.53369 -0.0695375 0.207582 0.0994563 -0.00276629
0.6 0.776279 1.52624 -0.0994389 0.246826 0.118781 -0.00483194
0.7 0.895591 1.51747 -0.13391 0.285213 0.1378 -0.007515
0.8 1.00947 1.50742 -0.173438 0.322098 0.156467 -0.0112151
0.9 1.11874 1.49611 -0.216985 0.357724 0.174734 -0.015725
1 1.2216 1.48355 -0.26505 0.39159 0.192558 -0.0214511
1.1 1.31864 1.46979 -0.316488 0.423838 0.209894 -0.0281496
1.2 1.4084 1.45486 -0.371773 0.454094 0.226704 -0.0362146
1.3 1.49131 1.43879 -0.4297 0.482421 0.242944 -0.0453771
1.4 1.56622 1.42163 -0.490702 0.508555 0.258583 -0.0560027
1.5 1.63342 1.40341 -0.553536 0.532502 0.273582 -0.0678056
1.6 1.6921 1.38419 -0.618591 0.554095 0.287912 -0.081111
1.7 1.74242 1.364 -0.684614 0.573296 0.30154 -0.095623
1.8 1.78387 1.34288 -0.75195 0.590026 0.314444 -0.111619
1.9 1.81653 1.32091 -0.819359 0.604214 0.326594 -0.128797
2 1.84016 1.29811 -0.887147 0.615861 0.337975 -0.14738
2.1 1.85482 1.27454 -0.954104 0.624879 0.348563 -0.167071
2.2 1.86047 1.25027 -1.0205 0.631332 0.358348 -0.18803
2.3 1.85717 1.22533 -1.08518 0.635124 0.367311 -0.209969
2.4 1.84513 1.19979 -1.14839 0.636379 0.375448 -0.232987
2.5 1.82437 1.17371 -1.20903 0.635001 0.382748 -0.256804
2.6 1.7953 1.14712 -1.26733 0.631164 0.389211 -0.281464
2.7 1.75795 1.12011 -1.32228 0.624774 0.394832 -0.306702
2.8 1.71292 1.09272 -1.3741 0.61605 0.399619 -0.332503
2.9 1.66024 1.065 -1.42187 0.604909 0.40357 -0.358623
3 1.60066 1.03702 -1.46581 0.591602 0.406699 -0.384991
3.1 1.53423 1.00882 -1.50509 0.57606 0.409009 -0.411391
3.2 1.46184 0.980477 -1.53994 0.558562 0.41052 -0.437702
3.3 1.38353 0.952024 -1.56967 0.539051 0.41124 -0.463736
3.4 1.30032 0.923524 -1.59449 0.517829 0.411195 -0.48933
3.5 1.21225 0.895023 -1.61383 0.494855 0.410396 -0.514329
3.6 1.12041 0.866576 -1.62793 0.470442 0.408873 -0.538531
3.7 1.02486 0.83823 -1.63635 0.444567 0.406644 -0.561823
3.8 0.926742 0.810033 -1.63933 0.41755 0.403739 -0.583969
3.9 0.826112 0.78203 -1.63656 0.38938 0.400181 -0.6049
4 0.724145 0.754266 -1.62829 0.360379 0.396005 -0.624356
4.1 0.62089 0.726781 -1.61435 0.330552 0.391234 -0.642312
4.2 0.517525 0.699618 -1.595 0.300214 0.385908 -0.658493
4.3 0.414084 0.672812 -1.5702 0.26938 0.380051 -0.672919
4.4 0.311728 0.646401 -1.54023 0.238356 0.373704 -0.685309
4.5 0.21047 0.620417 -1.50515 0.207166 0.366897 -0.69573
4.6 0.111428 0.594893 -1.46525 0.176098 0.359667 -0.703903
4.7 0.0145884 0.569854 -1.42072 0.145187 0.352047 -0.709938
4.8 -0.0789934 0.545332 -1.37184 0.1147 0.344076 -0.713563
4.9 -0.169367 0.521347 -1.31891 0.0846728 0.335786 -0.714941
5 -0.255554 0.497925 -1.26221 0.05535 0.327214 -0.713806
5.1 -0.337643 0.475082 -1.20212 0.0267704 0.318395 -0.710367
5.2 -0.414754 0.452837 -1.13893 -0.000849766 0.309366 -0.704378
5.3 -0.487016 0.431203 -1.07308 -0.0274721 0.300158 -0.696091
5.4 -0.553659 0.410197 -1.00486 -0.0529116 0.290807 -0.685281
5.5 -0.614857 0.389825 -0.934773 -0.0771316 0.281345 -0.672237
5.6 -0.669957 0.370099 -0.863075 -0.0999801 0.271805 -0.656765
5.7 -0.71918 0.351021 -0.790332 -0.121424 0.262217 -0.639182
5.8 -0.761995 0.332599 -0.716765 -0.141346 0.252612 -0.619325
5.9 -0.79867 0.314832 -0.642978 -0.159719 0.243018 -0.597542
6 -0.828805 0.297723 -0.569155 -0.176459 0.233463 -0.573697
6.1 -0.852705 0.281268 -0.495917 -0.191547 0.223972 -0.548161
6.2 -0.870103 0.265465 -0.42341 -0.204935 0.214572 -0.520827
6.3 -0.881339 0.250307 -0.35226 -0.216609 0.205284 -0.492082
6.4 -0.886271 0.235789 -0.282562 -0.226556 0.196131 -0.46185
6.5 -0.885273 0.221901 -0.214934 -0.234771 0.187132 -0.430524
6.6 -0.878324 0.208636 -0.149421 -0.241273 0.178305 -0.398059
6.7 -0.865823 0.19598 -0.0866189 -0.246064 0.169671 -0.364846
6.8 -0.847862 0.183924 -0.0265143 -0.249195 0.16124 -0.330867
6.9 -0.824854 0.172452 0.0303271 -0.250677 0.153029 -0.296507
7 -0.796996 0.161553 0.0839788 -0.250586 0.145048 -0.261767
7.1 -0.764706 0.151208 0.133916 -0.248942 0.137309 -0.227021
7.2 -0.728276 0.141406 0.180274 -0.245846 0.12982 -0.192291
7.3 -0.688118 0.132126 0.222575 -0.241324 0.12259 -0.157925
7.4 -0.644604 0.123355 0.261015 -0.235499 0.115622 -0.123964
7.5 -0.59813 0.115073 0.295174 -0.228401 0.108923 -0.0907249
7.6 -0.549137 0.107263 0.325301 -0.220173 0.102494 -0.0582637
7.7 -0.497995 0.0999072 0.351041 -0.210848 0.0963383 -0.0268587
7.8 -0.445194 0.092987 0.372694 -0.200581 0.0904537 0.00342251
7.9 -0.391067 0.0864845 0.389969 -0.189409 0.0848435 0.0323449
8 -0.336146 0.080381 0.403214 -0.177497 0.0795008 0.0598337
8.1 -0.280718 0.0746587 0.412199 -0.164882 0.0744274 0.0857016
8.2 -0.225337 0.069299 0.417315 -0.151737 0.0696145 0.10987
8.3 -0.170233 0.0642845 0.418399 -0.138096 0.0650618 0.132203
8.4 -0.115974 0.0595969 0.415871 -0.124134 0.0607587 0.152622
8.5 -0.0627277 0.0552199 0.409631 -0.109883 0.0567037 0.171043
8.6 -0.0110552 0.0511352 0.400121 -0.0955168 0.0528844 0.187391
8.7 0.03894 0.0473278 0.387299 -0.081064 0.0492982 0.201637
8.8 0.086713 0.0437801 0.371624 -0.0666906 0.0459317 0.213709
8.9 0.132232 0.0404782 0.353105 -0.0524217 0.0427811 0.223635
9 0.174976 0.0374054 0.332204 -0.0384147 0.0398326 0.231346
9.1 0.214988 0.034549 0.308978 -0.0246881 0.0370815 0.236924
9.2 0.251781 0.0318933 0.283884 -0.0113882 0.0345138 0.240308
9.3 0.285472 0.0294271 0.257018 0.00147425 0.0321243 0.241631
9.4 0.31562 0.0271357 0.22882 0.0137666 0.029899 0.240836
9.5 0.342407 0.0250091 0.199423 0.0254861 0.0278324 0.238109
9.6 0.365443 0.0230338 0.169237 0.0365158 0.0259109 0.233396
9.7 0.384979 0.0212014 0.138422 0.0468614 0.0241287 0.226925
9.8 0.400674 0.0194993 0.107354 0.0564233 0.0224732 0.21865
9.9 0.412845 0.0179206 0.0762101 0.0652155 0.0209385 0.208836
10 0.421203 0.0164539 0.0453228 0.0731567 0.0195128 0.197442
10.1 0.426118 0.0150932 0.0148846 0.0802691 0.0181906 0.184765
10.2 0.427358 0.0138284 -0.0148266 0.08649 0.0169609 0.170765
10.3 0.425342 0.0126549 -0.0436109 0.0918498 0.0158188 0.155766
10.4 0.419887 0.0115636 -0.0712481 0.0963047 0.0147541 0.139727
10.5 0.41145 0.0105507 -0.0975379 0.0998917 0.0137626 0.122991
10.6 0.3999 0.00960823 -0.122322 0.102586 0.0128354 0.105514
10.7 0.38572 0.00873354 -0.145406 0.10443 0.0119686 0.0876518
10.8 0.368826 0.00791934 -0.166694 0.105417 0.0111546 0.069357
10.9 0.349716 0.00716392 -0.186001 0.105595 0.01039 0.0509856
11 0.328347 0.00646079 -0.203299 0.104973 0.00966871 0.0324875
11.1 0.305223 0.00580898 -0.218415 0.103602 0.00898766 0.0142135
11.2 0.280338 0.00520264 -0.231385 0.101505 0.00834211 -0.00389322
11.3 0.254188 0.00464146 -0.242051 0.0987387 0.00772935 -0.0214935
11.4 0.226798 0.00412017 -0.250514 0.0953389 0.00714596 -0.0386519
11.5 0.198644 0.00363894 -0.256631 0.091359 0.00658956 -0.0550481
11.6 0.169776 0.00319303 -0.260563 0.0868494 0.00605796 -0.0707556
11.7 0.140645 0.00278298 -0.262184 0.0818619 0.00554907 -0.0854782
11.8 0.111316 0.00240448 -0.261713 0.0764563 0.0050618 -0.0992988
11.9 0.0822003 0.00205831 -0.259036 0.0706814 0.00459425 -0.111951
12 0.0533789 0.00174055 -0.254421 0.0646046 0.00414639 -0.123527
12.1 0.0252148 0.00145207 -0.247773 0.0582705 0.00371637 -0.133795
12.2 -0.00220353 0.00118928 -0.2394 0.0517519 0.00330508 -0.142855
12.3 -0.028567 0.000953113 -0.229218 0.0450879 0.00291062 -0.150513
12.4 -0.0537846 0.000740211 -0.217572 0.0383542 0.0025347 -0.156876
12.5 -0.0776068 0.000551493 -0.20439 0.0315837 0.00217525 -0.161791
12.6 -0.0999439 0.000383835 -0.19004 0.0248531 0.0018347 -0.165372
12.7 -0.120611 0.00023805 -0.174457 0.0181875 0.00151072 -0.167507
12.8 -0.139523 0.00011124 -0.158031 0.011663 0.00120634 -0.168312
12.9 -0.156559 4.04543e-06 -0.140697 0.00529617 0.000918922 -0.167717
13 -0.171643 -8.6216e-05 -0.122855 -0.000839203 0.000651928 -0.165841
13.1 -0.184723 -0.000159116 -0.104444 -0.00673538 0.000402349 -0.162655
13.2 -0.195727 -0.000217121 -0.08586 -0.0123226 0.000174005 -0.158277
13.3 -0.204671 -0.000260059 -0.0670425 -0.0176022 -3.65624e-05 -0.152717
13.4 -0.211493 -0.000290152 -0.0483787 -0.0225097 -0.000225294 -0.146088
13.5 -0.216271 -0.000307499 -0.0298048 -0.0270552 -0.000396105 -0.138439
13.6 -0.218951 -0.000314059 -0.0116908 -0.0311808 -0.000544788 -0.129874
13.7 -0.219673 -0.000310208 0.00603241 -0.0349053 -0.000675715 -0.120477
13.8 -0.218388 -0.000297618 0.0230194 -0.0381779 -0.000784614 -0.110339
13.9 -0.215292 -0.000276941 0.039346 -0.0410256 -0.000876291 -0.0995772
14 -0.210342 -0.000249536 0.0546975 -0.043405 -0.000946472 -0.088269
14.1 -0.203782 -0.000216332 0.0691577 -0.0453509 -0.00100037 -0.076556
14.2 -0.195571 -0.000178349 0.0824484 -0.0468277 -0.00103377 -0.0644987
14.3 -0.185995 -0.00013678 0.0946611 -0.0478764 -0.00105224 -0.0522615
14.4 -0.175014 -9.22736e-05 0.105558 -0.0484696 -0.00105168 -0.0398843
14.5 -0.162946 -4.62714e-05 0.115238 -0.0486538 -0.00103794 -0.0275493
14.6 -0.149749 9.67047e-07 0.123509 -0.0484089 -0.00100709 -0.0152737
14.7 -0.135768 4.77873e-05 0.130475 -0.0477858 -0.00096516 -0.00325266
14.8 -0.120955 9.43361e-05 0.135986 -0.0467717 -0.000908405 0.00852122
14.9 -0.10567 0.000138772 0.140157 -0.0454204 -0.000842945 0.0198444
15 -0.089858 0.000181656 0.142882 -0.0437257 -0.000765241 0.0307501
15.1 -0.0738886 0.00022098 0.144277 -0.0417428 -0.000681396 0.0410309
15.2 -0.0576933 0.000257721 0.144284 -0.0394717 -0.000588091 0.0507466
15.3 -0.0416442 0.000289734 0.143018 -0.0369677 -0.000491307 0.0596904
15.4 -0.0256592 0.0003184 0.140467 -0.0342361 -0.000387951 0.0679482
15.5 -0.010103 0.000341457 0.136741 -0.0313306 -0.000283778 0.0753175
15.6 0.00512098 0.000360678 0.131872 -0.0282611 -0.000175942 0.0819102
15.7 0.0196627 0.000373714 0.125962 -0.0250787 -6.98679e-05 0.0875313
15.8 0.0336341 0.000382702 0.119081 -0.0217967 3.70485e-05 0.0923168
15.9 0.0467061 0.000385238 0.111324 -0.0184624 0.000139811 0.0960824
16 0.0590061 0.000383789 0.102794 -0.0150917 0.000240781 0.0989862
16.1 0.0702316 0.000375909 0.0935735 -0.0117271 0.000335476 0.100857
16.2 0.0805249 0.000364363 0.0837959 -0.00838628 0.000426017 0.101872
16.3 0.0896145 0.000346679 0.0735257 -0.00510579 0.000508518 0.101875
16.4 0.0976562 0.000325872 0.0629235 -0.00190433 0.000584855 0.101058
16.5 0.104414 0.000299457 0.0520335 0.00118809 0.000651803 0.0992823
16.6 0.110053 0.000270639 0.041037 0.00415252 0.000710972 0.0967525
16.7 0.114376 0.000236937 0.0299555 0.00696613 0.000759845 0.0933457
16.8 0.117559 0.000201697 0.0189862 0.00961028 0.000799762 0.0892744
16.9 0.11944 0.000162452 0.00812553 0.0120697 0.000828943 0.0844335
17 0.120201 0.000122627 -0.00241864 0.0143265 0.000848445 0.0790385
17.1 0.11972 7.9787e-05 -0.0126762 0.0163732 0.000857238 0.0730016
17.2 0.118181 3.73763e-05 -0.0224335 0.0181932 0.000856083 0.0665369
17.3 0.1155 -6.99766e-06 -0.0317477 0.0197864 0.000844704 0.0595734
17.4 0.111858 -4.99238e-05 -0.0404041 0.0211379 0.000823553 0.052319
17.5 0.107209 -9.3747e-05 -0.0484871 0.0222549 0.000793094 0.044719
17.6 0.101727 -0.000135149 -0.0557848 0.0231242 0.000753452 0.0369703
17.7 0.0954017 -0.000176417 -0.0624084 0.0237599 0.000705802 0.0290336
17.8 0.0883951 -0.00021438 -0.0681528 0.0241505 0.000649918 0.0210902
17.9 0.080729 -0.000251255 -0.0731542 0.0243165 0.000587641 0.013115
18 0.072551 -0.000284072 -0.0772173 0.0242482 0.000518378 0.0052702
18.1 0.0639114 -0.000314964 -0.0805016 0.0239716 0.000444578 -0.00245654
18.2 0.0549388 -0.000341204 -0.0828239 0.0234783 0.000365267 -0.00992588
18.3 0.0457084 -0.000364826 -0.0843642 0.0227993 0.000283432 -0.0171387
18.4 0.0363258 -0.000383382 -0.0849534 0.0219277 0.000197705 -0.0239813
18.5 0.0268882 -0.00039879 -0.0847884 0.0208981 0.000111544 -0.0304445
18.6 0.0174745 -0.000408909 -0.083716 0.0197047 2.31874e-05 -0.036443
18.7 0.00819974 -0.000415531 -0.0819459 0.0183849 -6.35126e-05 -0.0419579
18.8 -0.000885989 -0.000416842 -0.0793412 0.0169337 -0.000150717 -0.0469344
18.9 -0.00965398 -0.000414489 -0.0761203 0.0153904 -0.000234259 -0.0513452
19 -0.0180849 -0.000407004 -0.0721632 0.0137504 -0.00031669 -0.0551666
19.1 -0.0260397 -0.00039587 -0.0676922 0.0120536 -0.000393606 -0.0583638
19.2 -0.0335312 -0.000379976 -0.0626041 0.0102959 -0.000467943 -0.0609445
19.3 -0.0404137 -0.000360625 -0.0571201 0.00851675 -0.00053514 -0.0628674
19.4 -0.046732 -0.000337063 -0.0511535 0.006712 -0.000598502 -0.0641708
19.5 -0.0523371 -0.000310392 -0.0449197 0.00491987 -0.00065339 -0.0648072
19.6 -0.0573054 -0.000280212 -0.0383477 0.00313594 -0.000703439 -0.0648448
19.7 -0.0614871 -0.000247399 -0.0316425 0.0013963 -0.000744013 -0.06423
19.8 -0.0649893 -0.000211895 -0.0247477 -0.00030397 -0.000779042 -0.0630592
19.9 -0.0676636 -0.000174342 -0.0178532 -0.00193168 -0.000803947 -0.0612727
20 -0.0696455 -0.000135002 -0.0109163 -0.00349235 -0.00082291 -0.0589926
20.1 -0.0707901 -9.42626e-05 -0.00410796 -0.0049564 -0.000831483 -0.0561534
20.2 -0.0712584 -5.26877e-05 0.00260207 -0.00633003 -0.000834028 -0.0528998
20.3 -0.0709104 -1.04061e-05 0.0090657 -0.00758779 -0.000826271 -0.0491607
20.4 -0.0699295 3.17475e-05 0.0153016 -0.00873659 -0.000812725 -0.0450997
20.5 -0.0681815 7.39197e-05 0.0211878 -0.00975551 -0.000789316 -0.0406401
20.6 -0.065868 0.000115011 0.0267324 -0.0106521 -0.000760628 -0.0359607
20.7 -0.0628615 0.000155447 0.0318417 -0.0114103 -0.000722866 -0.0309791
20.8 -0.0593773 0.000193926 0.0365143 -0.012038 -0.000680609 -0.0258854
20.9 -0.0552953 0.000231137 0.0406866 -0.0125242 -0.000630323 -0.0205914
21 -0.0508393 0.000265574 0.0443488 -0.0128772 -0.000576553 -0.0152942
21.1 -0.0458968 0.00029823 0.0474679 -0.0130909 -0.000516076 -0.00990038
21.2 -0.0406956 0.000327434 0.0500259 -0.0131735 -0.000453264 -0.00460974
21.3 -0.0351304 0.000354423 0.0520216 -0.0131239 -0.000385237 0.000676551
21.4 -0.029428 0.000377416 0.0534291 -0.0129502 -0.00031618 0.00575977
21.5 -0.0234901 0.000397916 0.0542779 -0.0126557 -0.000243506 0.0107435
21.6 -0.0175379 0.000414021 0.0545346 -0.0122482 -0.000171127 0.0154343
21.7 -0.01148 0.000427476 0.0542588 -0.011735 -9.68031e-05 0.0199399
21.8 -0.00552664 0.00043631 0.0534093 -0.0111233 -2.40975e-05 0.0240758
21.9 0.000406567 0.000442478 0.0520735 -0.0104242 4.89028e-05 0.0279526
22 0.00612439 0.000443965 0.050203 -0.00964366 0.000119032 0.0313985
22.1 0.0117047 0.000442899 0.0479105 -0.00879622 0.00018788 0.0345258
22.2 0.0169712 0.000437243 0.04514 -0.00788643 0.000252706 0.0371782
22.3 0.0219952 0.000429297 0.0420266 -0.00693153 0.000314802 0.0394684
22.4 0.0266227 0.000416999 0.0385067 -0.00593442 0.000371921 0.0412581
22.5 0.0309184 0.000402769 0.0347345 -0.00491452 0.000425024 0.042659
22.6 0.0347533 0.000384572 0.0306383 -0.00387281 0.000472378 0.0435526
22.7 0.0381855 0.00036491 0.0263875 -0.0028303 0.000514659 0.0440474
22.8 0.0411128 0.000341776 0.021903 -0.00178587 0.00055067 0.0440468
22.9 0.0435864 0.000317722 0.0173652 -0.00076154 0.000580799 0.0436543
23 0.0455327 0.000290777 0.0126873 0.000246045 0.000604388 0.0427957
23.1 0.0469948 0.000263518 0.00805671 0.00121441 0.000621545 0.0415675
23.2 0.0479287 0.000234023 0.00337924 0.00214923 0.000632187 0.0399185
23.3 0.0483691 0.000204832 -0.00115452 0.00302811 0.000636137 0.0379364
23.4 0.048301 0.000174095 -0.00564593 0.00385901 0.000633834 0.0355929
23.5 0.0477502 0.000144287 -0.00990535 0.00462011 0.000624858 0.032964
23.6 0.04673 0.000113629 -0.0140405 0.00532159 0.000610159 0.0300445
23.7 0.0452562 8.44952e-05 -0.0178664 0.00594266 0.000589074 0.0268971
23.8 0.0433696 5.51773e-05 -0.0214963 0.00649554 0.000563025 0.0235382
23.9 0.0410749 2.79262e-05 -0.0247536 0.00696083 0.000531093 0.0200155
24 0.0384383 1.12164e-06 -0.0277555 0.00735257 0.000495153 0.0163656
24.1 0.0354528 -2.31542e-05 -0.0303373 0.0076531 0.000454058 0.0126197
24.2 0.0322075 -4.64269e-05 -0.0326188 0.00787798 0.000410065 0.00883321
24.3 0.0286831 -6.68011e-05 -0.0344494 0.00801149 0.000361803 0.00501917
24.4 0.0249888 -8.56999e-05 -0.0359502 0.00807039 0.000311858 0.00125011
24.5 0.0210919 -0.000101432 -0.0369873 0.00804107 0.000258659 -0.00248017
24.6 0.0171192 -0.000115325 -0.037681 0.00794113 0.000205074 -0.00608407
24.7 0.0130244 -0.000125909 -0.0379156 0.00775916 0.000149317 -0.00958761
24.8 0.00894778 -0.000134398 -0.0378086 0.00751313 9.4477e-05 -0.0128903
24.9 0.00482943 -0.000139557 -0.0372644 0.00719393 3.85743e-05 -0.0160382
25 0.000820105 -0.000142479 -0.0363952 0.00681944 -1.51386e-05 -0.0189202
25.1 -0.00315377 -0.000142181 -0.0351262 0.00638284 -6.88105e-05 -0.0216024
25.2 -0.00693458 -0.000139631 -0.0335619 0.00590147 -0.000119119 -0.0239649
25.3 -0.0106091 -0.000134086 -0.031649 0.00537073 -0.00016836 -0.0260931
25.4 -0.0140162 -0.000126384 -0.0294822 0.00480697 -0.000213185 -0.0278612
25.5 -0.0172551 -0.000116023 -0.0270292 0.00420774 -0.000256026 -0.0293724
25.6 -0.0201647 -0.00010371 -0.0243727 0.00358797 -0.000293566 -0.0304969
25.7 -0.0228553 -8.91729e-05 -0.0215013 0.00294718 -0.000328357 -0.0313544
25.8 -0.0251686 -7.29691e-05 -0.0184834 0.00229847 -0.000357171 -0.031813
25.9 -0.0272249 -5.50492e-05 -0.0153275 0.00164324 -0.000382633 -0.0320072
26 -0.0288719 -3.58278e-05 -0.0120858 0.000992388 -0.000401659 -0.0318048
26.1 -0.0302377 -1.54593e-05 -0.00878586 0.000348999 -0.000416921 -0.0313526
26.2 -0.0311782 5.79161e-06 -0.00546182 -0.000278535 -0.000425537 -0.0305197
26.3 -0.0318273 2.75924e-05 -0.00215897 -0.000885619 -0.000430187 -0.0294628
26.4 -0.0320517 4.9828e-05 0.00110803 -0.00146661 -0.000428201 -0.0280541
26.5 -0.0319885 7.20036e-05 0.0042778 -0.00201558 -0.000422252 -0.0264567
26.6 -0.0315172 9.41495e-05 0.00735604 -0.00252981 -0.00040992 -0.0245476
26.7 -0.0307751 0.000115626 0.010267 -0.00300221 -0.000393822 -0.0224932
26.8 -0.0296561 0.000136629 0.0130373 -0.0034331 -0.000371818 -0.0201763
26.9 -0.0282952 0.0001564 0.0155788 -0.00381439 -0.000346434 -0.0177638
27 -0.0266012 0.000175268 0.0179391 -0.00414946 -0.000315817 -0.0151452
27.1 -0.0247043 0.000192386 0.0200193 -0.00442933 -0.000282359 -0.0124842
27.2 -0.0225294 0.000208235 0.0218879 -0.00466047 -0.000244534 -0.00967837
27.3 -0.0201984 0.000221894 0.0234371 -0.00483312 -0.000204548 -0.00688485
27.4 -0.0176529 0.000233969 0.0247554 -0.00495667 -0.00016117 -0.00401006
27.5 -0.0150039 0.000243511 0.0257279 -0.00502077 -0.000116425 -0.00120145
27.6 -0.0122094 0.000251248 0.0264617 -0.0050375 -6.93673e-05 0.00162495
27.7 -0.00936692 0.000256184 0.026837 -0.00499597 -2.17793e-05 0.00433443
27.8 -0.00645106 0.000259171 0.0269774 -0.0049108 2.69591e-05 0.0070007
27.9 -0.00354332 0.000259236 0.02676 -0.00477064 7.53612e-05 0.00950448
28 -0.000634342 0.000257304 0.026323 -0.00459223 0.000123792 0.0119087
28.1 0.00221262 0.0002524 0.0255413 -0.00436391 0.000171015 0.0141118
28.2 0.00499115 0.000245551 0.0245656 -0.00410424 0.000217131 0.0161654
28.3 0.00765821 0.000235826 0.0232707 -0.00380124 0.00026127 0.0179881
28.4 0.0101924 0.000224269 0.0218161 -0.00347486 0.000303262 0.0196193
28.5 0.0125721 0.000210018 0.0200779 -0.00311296 0.000342521 0.0209994
28.6 0.0147619 0.000194175 0.018222 -0.00273643 0.00037873 0.0221555
28.7 0.0167627 0.000175899 0.0161268 -0.00233295 0.000411631 0.0230507
28.8 0.0185256 0.000156308 0.013961 -0.001924 0.000440654 0.0236994
28.9 0.0200746 0.00013466 0.0116067 -0.00149716 0.000465895 0.0240882
29 0.0213484 0.00011205 0.00923234 -0.00107397 0.000486664 0.0242184
29.1 0.0223942 8.77977e-05 0.00672481 -0.000642026 0.000503357 0.0241004
29.2 0.0231391 6.29806e-05 0.00424848 -0.000222521 0.000515128 0.0237221
29.3 0.0236528 3.69939e-05 0.00169639 0.00019686 0.000522678 0.0231173
29.4 0.0238523 1.08681e-05 -0.000774346 0.000595724 0.000525069 0.0222606
29.5 0.0238283 -1.59197e-05 -0.00326366 0.000986207 0.000523299 0.0212083
29.6 0.0234886 -4.24215e-05 -0.00562486 0.00134909 0.000516326 0.0199215
29.7 0.0229439 -6.90645e-05 -0.00794984 0.00169618 0.000505386 0.0184781
29.8 0.0220938 -9.49849e-05 -0.0101053 0.00200983 0.000489423 0.0168253
29.9 0.0210668 -0.000120561 -0.012174 0.00230145 0.000469887 0.0150611
30 0.0197551 -0.000145015 -0.0140389 0.0025552 0.000445643 0.0131195
30.1 0.0183028 -0.000168637 -0.0157728 0.00278195 0.000418349 0.0111163
30.2 0.0165962 -0.00019078 -0.0172768 0.00296801 0.000386871 0.00897222
30.3 0.0147921 -0.000211667 -0.018613 0.00312352 0.000352994 0.00681897
30.4 0.0127718 -0.000230784 -0.0197029 0.00323715 0.000315586 0.00456474
30.5 0.0107016 -0.000248276 -0.0205969 0.00331814 0.000276494 0.00235428
30.6 0.00845916 -0.000263749 -0.0212381 0.00335769 0.000234633 8.39547e-05
30.7 0.00621744 -0.000277311 -0.0216644 0.00336403 0.000191915 -0.00209105
30.8 0.00385142 -0.000288711 -0.021842 0.00333095 0.000147267 -0.00428528
30.9 0.00153711 -0.000297982 -0.0217953 0.00326546 0.000102576 -0.006336
31 -0.000851735 -0.000305011 -0.0215139 0.00316403 5.68476e-05 -0.00836754
31.1 -0.00313936 -0.000309791 -0.0210083 0.00303231 1.1901e-05 -0.0102125
31.2 -0.00545202 -0.000312338 -0.0202916 0.00286944 -3.31853e-05 -0.0120036
31.3 -0.00761755 -0.000312609 -0.0193594 0.00267949 -7.6707e-05 -0.0135717
31.4 -0.00976082 -0.000310725 -0.0182485 0.00246425 -0.000119502 -0.0150563
31.5 -0.0117165 -0.000306613 -0.0169389 0.0022261 -0.000159999 -0.0162896
31.6 -0.0136066 -0.000300528 -0.01549 0.00196934 -0.00019895 -0.0174159
31.7 -0.0152758 -0.000292358 -0.0138663 0.00169453 -0.000235002 -0.0182714
31.8 -0.0168417 -0.000282441 -0.0121481 0.00140833 -0.000268771 -0.0190034
31.9 -0.0181618 -0.000270644 -0.0102847 0.00110939 -0.00029915 -0.0194545
32 -0.0193474 -0.000257397 -0.00837571 0.000806589 -0.000326617 -0.019773
32.1 -0.0202717 -0.00024257 -0.00635455 0.000496559 -0.000350325 -0.0198103
32.2 -0.0210382 -0.000226628 -0.00433899 0.000190155 -0.000370664 -0.0197133
32.3 -0.0215378 -0.000209425 -0.00224663 -0.000118038 -0.000387048 -0.0193445
32.4 -0.0218645 -0.000191483 -0.00021092 -0.00041537 -0.000399698 -0.0188469
32.5 -0.0219287 -0.00017265 0.0018656 -0.000709335 -0.000408363 -0.0180959
32.6 -0.0218135 -0.000153466 0.00383624 -0.000985768 -0.000413119 -0.0172283
32.7 -0.0214501 -0.000133793 0.00581278 -0.00125417 -0.000414016 -0.0161343
32.8 -0.0209089 -0.000114153 0.0076379 -0.00149914 -0.000410968 -0.0149416
32.9 -0.0201431 -9.44039e-05 0.00943669 -0.00173212 -0.000404352 -0.0135565
33 -0.0192087 -7.50607e-05 0.0110438 -0.0019367 -0.000393904 -0.0120957
33.1 -0.0180817 -5.60159e-05 0.0125963 -0.00212616 -0.000380317 -0.0104824
33.2 -0.0168022 -3.77045e-05 0.0139237 -0.00228339 -0.000363181 -0.00881981
33.3 -0.0153693 -2.00265e-05 0.0151734 -0.00242333 -0.000343445 -0.00704905
33.4 -0.0138054 -3.39054e-06 0.0161723 -0.00252834 -0.000320496 -0.00525761
33.5 -0.0121328 1.22585e-05 0.0170764 -0.00261492 -0.00029566 -0.00340496
33.6 -0.0103557 2.66622e-05 0.0177129 -0.00266521 -0.000268115 -0.00156098
33.7 -0.00851807 3.98169e-05 0.0182441 -0.00269688 -0.000239359 0.000296235
33.8 -0.00660498 5.15282e-05 0.0184999 -0.00269215 -0.000208471 0.00211615
33.9 -0.00468198 6.17817e-05 0.0186468 -0.00266967 -0.000177187 0.0039021
34 -0.00271393 7.05093e-05 0.01852 -0.00261184 -0.000144346 0.00562421
34.1 -0.000786619 7.76039e-05 0.0182872 -0.00253804 -0.00011192 0.0072675
34.2 0.00115538 8.31511e-05 0.0177914 -0.00243115 -7.86079e-05 0.00882385
34.3 0.00300769 8.70002e-05 0.0171993 -0.00231087 -4.64865e-05 0.0102604
34.4 0.00484615 8.93549e-05 0.0163633 -0.00216071 -1.40771e-05 0.0115914
34.5 0.00654937 8.99751e-05 0.0154463 -0.00200043 1.63852e-05 0.0127669
34.6 0.00821312 8.9233e-05 0.0143122 -0.00181437 4.64959e-05 0.0138237
34.7 0.00970101 8.68083e-05 0.0131173 -0.00162199 7.39844e-05 0.0146954
34.8 0.0111283 8.32234e-05 0.0117388 -0.00140858 0.000100589 0.0154413
34.9 0.0123453 7.80646e-05 0.0103233 -0.00119294 0.000124029 0.0159798
35 0.0134857 7.19846e-05 0.00876261 -0.000961504 0.000146081 0.016392
35.1 0.014389 6.45082e-05 0.00719135 -0.000732129 0.000164475 0.016582
35.2 0.0152054 5.64317e-05 0.00551717 -0.000492419 0.000181141 0.0166516
35.3 0.0157662 4.71389e-05 0.00385985 -0.000258957 0.000193863 0.0164922
35.4 0.0162363 3.75898e-05 0.00214391 -2.07211e-05 0.000204548 0.0162248
35.5 0.0164406 2.70736e-05 0.000472036 0.000207292 0.000211111 0.0157292
35.6 0.0165568 1.66564e-05 -0.0012137 0.000434696 0.000215487 0.0151441
35.7 0.0164062 5.54841e-06 -0.00282984 0.000648325 0.000215742 0.014339
35.8 0.0161762 -5.09747e-06 -0.00441618 0.000856297 0.000213772 0.013468
35.9 0.0156865 -1.61858e-05 -0.00591041 0.0010475 0.000207807 0.0123921
36 0.0151324 -2.64225e-05 -0.00733381 0.0012285 0.000199698 0.0112782
36.1 0.0143337 -3.68411e-05 -0.00864663 0.00139044 0.000187892 0.00998047
36.2 0.0134902 -4.60892e-05 -0.00985159 0.00153825 0.000174102 0.00867578
36.3 0.0124247 -5.52573e-05 -0.0109325 0.00166549 0.000157044 0.00721306
36.4 0.0113382 -6.29237e-05 -0.0118737 0.00177547 0.000138295 0.00577646
36.5 0.0100581 -7.03139e-05 -0.0126834 0.00186422 0.000116831 0.0042113
36.6 0.00878393 -7.59726e-05 -0.0133275 0.00193336 9.40244e-05 0.00270585
36.7 0.00734957 -8.11411e-05 -0.0138387 0.00198149 6.91239e-05 0.0011037
36.8 0.00594938 -8.43419e-05 -0.0141651 0.00200851 4.32938e-05 -0.000405902
36.9 0.00442609 -8.69512e-05 -0.0143639 0.00201564 1.61243e-05 -0.00197936
37 0.00296558 -8.74733e-05 -0.0143659 0.00200106 -1.1526e-05 -0.00342961
37.1 0.00142094 -8.72809e-05 -0.0142519 0.00196846 -3.97624e-05 -0.00491111
37.2 -3.33622e-05 -8.49332e-05 -0.0139361 0.00191439 -6.79817e-05 -0.00624218
37.3 -0.00153231 -8.18599e-05 -0.0135221 0.00184493 -9.60217e-05 -0.00757346
37.4 -0.00291587 -7.66043e-05 -0.0129084 0.00175497 -0.000123604 -0.00873158
37.5 -0.00430528 -7.06492e-05 -0.0122195 0.00165298 -0.000150133 -0.00986156
37.6 -0.00555794 -6.26352e-05 -0.0113396 0.00153212 -0.000175815 -0.0108012
37.7 -0.00678027 -5.39537e-05 -0.0104123 0.00140297 -0.000199778 -0.011688
37.8 -0.00784903 -4.33303e-05 -0.00930831 0.00125724 -0.000222421 -0.0123734
37.9 -0.00885445 -3.21962e-05 -0.00818835 0.0011074 -0.000242604 -0.0129857
38 -0.00969542 -1.93539e-05 -0.006911 0.000943615 -0.000261253 -0.0133925
38.1 -0.0104447 -6.14059e-06 -0.00565142 0.000780063 -0.000276836 -0.0137109
38.2 -0.0110247 8.52258e-06 -0.0042576 0.000605545 -0.000290618 -0.0138266
38.3 -0.0114899 2.33541e-05 -0.00291636 0.000435666 -0.000300821 -0.0138437
38.4 -0.0117878 3.93058e-05 -0.00146675 0.00025792 -0.000309136 -0.0136683
38.5 -0.0119536 5.52124e-05 -0.000104278 8.90761e-05 -0.000313482 -0.0133894
38.6 -0.0119608 7.18842e-05 0.00133919 -8.44998e-05 -0.000315915 -0.0129347
38.7 -0.0118248 8.82915e-05 0.0026626 -0.000245194 -0.000314098 -0.0123771
38.8 -0.0115457 0.000105059 0.00403937 -0.000407633 -0.000310483 -0.0116663
38.9 -0.0111185 0.000121325 0.00526608 -0.000553666 -0.000302525 -0.0108581
39 -0.0105695 0.000137604 0.0065195 -0.000698716 -0.000292963 -0.00992503
39.1 -0.00987361 0.000153148 0.00759694 -0.000824332 -0.000279006 -0.0089041
39.2 -0.00908298 0.000168274 0.00867632 -0.000946605 -0.000263786 -0.00779103
39.3 -0.00815193 0.000182496 0.00955902 -0.00104714 -0.000244319 -0.00660324
39.4 -0.00715791 0.000195926 0.0104219 -0.00114242 -0.000224009 -0.00535935
39.5 -0.00603472 0.000208261 0.0110733 -0.00121435 -0.000199683 -0.00405656
39.6 -0.00488371 0.000219463 0.0116868 -0.0012796 -0.000174957 -0.00273584
39.7 -0.00361885 0.000229463 0.0120808 -0.00132072 -0.000146618 -0.00137361
39.8 -0.00236371 0.000238011 0.0124231 -0.00135433 -0.00011844 -3.23827e-05
39.9 -0.0010128 0.000245248 0.0125444 -0.00136373 -8.70266e-05 0.0013322
40 0.00028978 0.000250746 0.0126051 -0.00136538 -5.64164e-05 0.00263743
40.1 0.00166804 0.000254972 0.0124507 -0.00134362 -2.31191e-05 0.00394833
40.2 0.00296005 0.000257247 0.0122312 -0.0013143 8.88711e-06 0.00516326
40.3 0.00430684 0.000258197 0.0118095 -0.0012631 4.29692e-05 0.0063675
40.4 0.0055309 0.000257067 0.011323 -0.00120514 7.5084e-05 0.00744233
40.5 0.00678936 0.000254758 0.0106535 -0.00112747 0.000108753 0.00849226
40.6 0.00789175 0.00025022 0.00992385 -0.00104425 0.00013988 0.00938347
40.7 0.00900933 0.000244657 0.00903629 -0.000944112 0.000171935 0.0102386
40.8 0.00994192 0.000236847 0.00809712 -0.000839945 0.000201005 0.0109108
40.9 0.0108728 0.000228183 0.00703008 -0.00072215 0.000230376 0.0115393
41 0.0115945 0.000217298 0.00592307 -0.000602193 0.000256271 0.0119663
41.1 0.0123009 0.000205832 0.00472229 -0.000472211 0.000281956 0.0123461
41.2 0.0127805 0.000192226 0.00349554 -0.00034204 0.000303852 0.0125125
41.3 0.0132344 0.000178311 0.00221182 -0.000205684 0.000325034 0.0126322
41.4 0.0134506 0.000162366 0.000917551 -7.11813e-05 0.000342196 0.0125329
41.5 0.0136347 0.000146455 -0.000395296 6.55598e-05 0.000358175 0.0123919
41.6 0.0135771 0.000128705 -0.00170278 0.000198444 0.00037 0.0120331
41.7 0.0134858 0.00011131 -0.00299025 0.000329755 0.000380391 0.0116414
41.8 0.0131557 9.22444e-05 -0.00425699 0.000455383 0.000386622 0.0110395
41.9 0.0127941 7.39083e-05 -0.00546605 0.000575673 0.000391023 0.0104174
42 0.0122039 5.41813e-05 -0.00664039 0.000688764 0.000391477 0.00959881
42.1 0.0115888 3.54942e-05 -0.00772178 0.000793209 0.000390045 0.00877556
42.2 0.0107613 1.56091e-05 -0.00875681 0.000889187 0.000384835 0.00777497
42.3 0.00991908 -2.86237e-06 -0.00966684 0.000973506 0.000377584 0.00678779
42.4 0.00888693 -2.22578e-05 -0.0105219 0.00104859 0.000367012 0.00564696
42.5 0.00785316 -3.9971e-05 -0.0112243 0.00110957 0.000354437 0.00453912
42.6 0.0066569 -5.83524e-05 -0.0118667 0.00116095 0.00033896 0.00330502
42.7 0.0054743 -7.47695e-05 -0.0123341 0.00119632 0.000321585 0.0021241
42.8 0.00416096 -9.16771e-05 -0.0127405 0.00122225 0.000301916 0.00084693
42.9 0.00287785 -0.000106364 -0.0129551 0.00123084 0.00028046 -0.000357167
43 0.00149861 -0.00012129 -0.0131118 0.00123063 0.00025738 -0.00162605
43.1 0.000166739 -0.00013387 -0.0130664 0.00121242 0.000232727 -0.00280328
43.2 -0.0012249 -0.000146525 -0.0129706 0.00118651 0.000207119 -0.00401337
43.3 -0.00255257 -0.000156701 -0.0126683 0.00114252 0.000180214 -0.00511549
43.4 -0.00390302 -0.000166798 -0.0123273 0.00109239 0.000153113 -0.00621932
43.5 -0.00517439 -0.000174376 -0.0117817 0.00102472 0.00012497 -0.00720191
43.6 -0.00643234 -0.000181772 -0.0112128 0.000952809 9.73358e-05 -0.00815672
43.7 -0.00759849 -0.000186633 -0.0104471 0.000864408 6.89207e-05 -0.00898089
43.8 -0.00871659 -0.000191257 -0.0096764 0.000774046 4.1823e-05 -0.00975049
43.9 -0.00973324 -0.000193455 -0.00872228 0.000668756 1.42241e-05 -0.0103845
44 -0.0106704 -0.000195344 -0.0077841 0.000563901 -1.14448e-05 -0.0109405
44.1 -0.0115004 -0.00019496 -0.00668041 0.000446055 -3.73809e-05 -0.0113606
44.2 -0.0122231 -0.000194272 -0.00561521 0.000331221 -6.07493e-05 -0.0116836
44.3 -0.0128369 -0.000191456 -0.0044063 0.000205651 -8.41491e-05 -0.0118755
44.4 -0.0133202 -0.000188402 -0.00325905 8.5713e-05 -0.000104372 -0.0119555
44.5 -0.013698 -0.000183493 -0.00199298 -4.25533e-05 -0.000124573 -0.0119144
44.6 -0.0139271 -0.000178378 -0.000811443 -0.000162695 -0.000141152 -0.0117512
44.7 -0.0140583 -0.000171697 0.000462138 -0.000288582 -0.000157558 -0.0114819
44.8 -0.0140283 -0.000164842 0.00162968 -0.000404049 -0.000170008 -0.0110853
44.9 -0.0139129 -0.000156763 0.00286157 -0.000522707 -0.000182266 -0.0106018
45 -0.0136291 -0.000148635 0.00396804 -0.000628899 -0.000190314 -0.0099905
45.1 -0.0132768 -0.00013957 0.00511127 -0.000735835 -0.000198243 -0.0093156
45.2 -0.0127546 -0.000130545 0.00611294 -0.000828638 -0.000201828 -0.00851673
45.3 -0.0121844 -0.000120954 0.00712486 -0.000919901 -0.000205392 -0.00768075
45.4 -0.0114479 -0.000111483 0.00798289 -0.000995786 -0.000204586 -0.00672843
45.5 -0.0106877 -0.000101797 0.00882666 -0.00106816 -0.000204002 -0.00576797
45.6 -0.00976932 -9.22635e-05 0.00950892 -0.00112438 -0.000199112 -0.00470203
45.7 -0.00885322 -8.28889e-05 0.010155 -0.00117534 -0.000194605 -0.00365825
45.8 -0.00779195 -7.37662e-05 0.0106368 -0.00121 -0.000186112 -0.00252241
45.9 -0.00676072 -6.50324e-05 0.0110641 -0.00123808 -0.0001783 -0.00143946
46 -0.00559993 -5.65676e-05 0.0113298 -0.0012501 -0.000166645 -0.000279617
46.1 -0.00449748 -4.88848e-05 0.0115261 -0.00125459 -0.000156027 0.000797303
46.2 -0.00328414 -4.14416e-05 0.0115687 -0.00124393 -0.000142052 0.00193508
46.3 -0.00215675 -3.49945e-05 0.0115315 -0.0012252 -0.000129401 0.00296162
46.4 -0.000938502 -2.87665e-05 0.0113538 -0.00119265 -0.000113805 0.00403283
46.5 0.000167751 -2.37147e-05 0.0110899 -0.00115184 -9.98103e-05 0.00496715
46.6 0.00134416 -1.88809e-05 0.0107034 -0.00109903 -8.33383e-05 0.00593068
46.7 0.00238476 -1.54281e-05 0.0102282 -0.00103822 -6.89282e-05 0.00673535
46.8 0.00347484 -1.199e-05 0.00965329 -0.000967684 -5.25627e-05 0.00755514
46.9 0.00440943 -1.00639e-05 0.00899098 -0.000889581 -3.83732e-05 0.00819843
47 0.00537388 -8.07935e-06 0.00825498 -0.000804315 -2.27789e-05 0.00884476
47.1 0.00616685 -7.65133e-06 0.00743642 -0.000712329 -9.65887e-06 0.00930192
47.2 0.00697192 -7.02065e-06 0.00657331 -0.000615983 4.36558e-06 0.00975256
47.3 0.0075946 -7.97301e-06 0.00563514 -0.000513938 1.57181e-05 0.0100069
47.4 0.00821388 -8.48566e-06 0.00468361 -0.000410504 2.74909e-05 0.0102479
47.5 0.0086454 -1.05908e-05 0.00366666 -0.000302487 3.6564e-05 0.0102912
47.6 0.00906092 -1.2099e-05 0.00266829 -0.000196102 4.55744e-05 0.0103174
47.7 0.00928861 -1.5092e-05 0.00161574 -8.63918e-05 5.18421e-05 0.0101501
47.8 0.00949101 -1.72718e-05 0.000613747 1.87411e-05 5.76983e-05 0.00996503
47.9 0.00951154 -2.08791e-05 -0.000430776 0.000126006 6.09069e-05 0.00959645
48 0.0095004 -2.34373e-05 -0.00139394 0.000225817 6.33036e-05 0.00921226
48.1 0.00931867 -2.72991e-05 -0.00238777 0.000326568 6.31796e-05 0.00865976
48.2 0.00910275 -2.99225e-05 -0.0032718 0.000417346 6.20765e-05 0.00809649
48.3 0.00873282 -3.3701e-05 -0.00417548 0.00050805 5.87381e-05 0.00738486
48.4 0.00832883 -3.6028e-05 -0.00494383 0.000586462 5.41463e-05 0.00666951
48.5 0.00779225 -3.93678e-05 -0.00572233 0.000663991 4.77139e-05 0.00582988
48.6 0.00722462 -4.11212e-05 -0.00634409 0.000727335 3.98928e-05 0.00499518
48.7 0.00654958 -4.37138e-05 -0.00696821 0.000789133 3.05897e-05 0.00406362
48.8 0.00584912 -4.45569e-05 -0.00741881 0.000835366 1.99575e-05 0.00314674
48.9 0.00506955 -4.61183e-05 -0.00786659 0.000879675 8.29324e-06 0.0021627
49 0.00427159 -4.57887e-05 -0.00812902 0.00090741 -4.74532e-06 0.00120349
49.1 0.0034255 -4.60395e-05 -0.00838603 0.000933199 -1.8169e-05 0.000208333
49.2 0.00256919 -4.44106e-05 -0.00845171 0.000941946 -3.29345e-05 -0.000752214
49.3 0.0016964 -4.32024e-05 -0.00851207 0.000948873 -4.75813e-05 -0.00171719
49.4 0.000822213 -4.0052e-05 -0.00838042 0.000938826 -6.33921e-05 -0.0026387
49.5 -3.63121e-05 -3.72348e-05 -0.00824652 0.000927418 -7.84656e-05 -0.00353367
49.6 -0.000887844 -3.25376e-05 -0.00792569 0.000899581 -9.45407e-05 -0.00437807
49.7 -0.00169262 -2.81117e-05 -0.00760816 0.000871032 -0.000109329 -0.00516654
49.8 -0.002483 -2.18682e-05 -0.00711405 0.000827026 -0.000124975 -0.00589948
49.9 -0.00319723 -1.5835e-05 -0.00663115 0.000783206 -0.000138712 -0.00654959
50 -0.00389112 -8.11169e-06 -0.00598692 0.000725353 -0.000153096 -0.00714195
50.1 -0.00448246 -5.84465e-07 -0.00536365 0.000668679 -0.00016507 -0.00762778
50.2 -0.00504965 8.44266e-06 -0.00459858 0.000599735 -0.000177511 -0.00805675
50.3 -0.00549126 1.7277e-05 -0.00386553 0.000533104 -0.000187018 -0.0083593
50.4 -0.00590756 2.73568e-05 -0.00301394 0.000456236 -0.000196881 -0.00860921
50.5 -0.00617969 3.72568e-05 -0.002206 0.000382797 -0.00020342 -0.00871719
50.6 -0.00642783 4.81637e-05 -0.00130541 0.000301437 -0.000210101 -0.00878007
50.7 -0.00651801 5.87964e-05 -0.000460255 0.000224601 -0.000213157 -0.00869023
50.8 -0.00658876 7.01529e-05 0.000449844 0.000142223 -0.000216287 -0.00856619
50.9 -0.00649267 8.11634e-05 0.0012936 6.53755e-05 -0.00021555 -0.00828331
51 -0.00638433 9.26037e-05 0.00217404 -1.45919e-05 -0.000214834 -0.00797988
51.1 -0.0061043 0.00010369 0.00298223 -8.84859e-05 -0.000210107 -0.00751424
