#-0.0519267946769931 1.01973914766941 -0.872435523450959 0.00271613141353626 1.02125281167124 -1.60290107469713 -0.0465110535876385 1.03701372651502 -1.32587910302866 -0.440039741204734 1.0040188475848 0.0325253662322001 0.00276117057519028 1.02356020548 -1.52726754197796 -0.0441195448650758 1.01608825040981 -0.258084380145978
0 0 1.77594 2.6876e-16 0 0 0
0.1 0.149115 1.77539 -0.00341856 0.0481265 0.0158479 -1.38942e-05
0.2 0.296062 1.77368 -0.0126039 0.0955313 0.0316621 -0.000163076
0.3 0.442566 1.77084 -0.0272857 0.142869 0.0474159 -0.00050632
0.4 0.586155 1.76688 -0.0480795 0.189322 0.0630786 -0.0012136
0.5 0.727611 1.76179 -0.0741654 0.235191 0.0786198 -0.00231272
0.6 0.865067 1.7556 -0.106112 0.279886 0.0940104 -0.00399513
0.7 0.998848 1.7483 -0.143013 0.323533 0.10922 -0.00625885
0.8 1.12754 1.73992 -0.185337 0.365702 0.124222 -0.00929909
0.9 1.25116 1.73048 -0.232166 0.406404 0.138987 -0.0130935
1 1.36865 1.71997 -0.283853 0.445335 0.153489 -0.017828
1.1 1.47986 1.70845 -0.33948 0.482431 0.1677 -0.0234641
1.2 1.584 1.6959 -0.399281 0.517484 0.181596 -0.0301688
1.3 1.6808 1.68238 -0.462353 0.550384 0.19515 -0.0378912
1.4 1.76972 1.66788 -0.528823 0.580998 0.208342 -0.0467722
1.5 1.85045 1.65246 -0.597814 0.609193 0.221147 -0.05675
1.6 1.92265 1.63612 -0.669354 0.634899 0.233545 -0.0679347
1.7 1.98597 1.6189 -0.742596 0.657974 0.245516 -0.0802549
1.8 2.04028 1.60085 -0.817486 0.678402 0.257041 -0.0937864
1.9 2.08526 1.58196 -0.893212 0.696042 0.268103 -0.108449
2 2.12092 1.5623 -0.969656 0.710925 0.278684 -0.124283
2.1 2.147 1.5419 -1.04604 0.722925 0.288772 -0.1412
2.2 2.16368 1.52078 -1.12222 0.73211 0.298353 -0.159205
2.3 2.17072 1.49898 -1.19744 0.738372 0.307414 -0.178202
2.4 2.16846 1.47655 -1.27153 0.741815 0.315946 -0.198161
2.5 2.15673 1.45351 -1.34379 0.742353 0.323941 -0.218978
2.6 2.13597 1.4299 -1.41402 0.740121 0.33139 -0.240593
2.7 2.10612 1.40579 -1.48161 0.73506 0.338287 -0.262896
2.8 2.06772 1.38118 -1.54632 0.727329 0.344629 -0.285795
2.9 2.02078 1.35612 -1.60764 0.716896 0.350413 -0.309181
3 1.96593 1.33067 -1.66532 0.703943 0.355637 -0.332933
3.1 1.90327 1.30484 -1.71891 0.688465 0.360302 -0.356941
3.2 1.83348 1.27869 -1.7682 0.670661 0.364409 -0.381061
3.3 1.75677 1.25225 -1.81282 0.650555 0.36796 -0.405186
3.4 1.67387 1.22558 -1.85257 0.628358 0.370962 -0.429154
3.5 1.58504 1.19868 -1.88718 0.60412 0.373417 -0.452862
3.6 1.49106 1.17163 -1.91648 0.578061 0.375335 -0.476136
3.7 1.39226 1.14443 -1.94028 0.550253 0.376724 -0.498878
3.8 1.28945 1.11716 -1.95846 0.520924 0.377591 -0.520908
3.9 1.18299 1.08982 -1.97091 0.490165 0.37795 -0.542138
4 1.0737 1.06247 -1.97756 0.458206 0.377808 -0.562385
4.1 0.961987 1.03513 -1.97838 0.425155 0.377182 -0.581572
4.2 0.848666 1.00783 -1.97336 0.391239 0.376083 -0.599523
4.3 0.73415 0.980628 -1.96255 0.356579 0.374526 -0.616172
4.4 0.619247 0.953538 -1.94598 0.321396 0.372526 -0.63135
4.5 0.504375 0.926596 -1.92379 0.285822 0.3701 -0.645014
4.6 0.390305 0.899832 -1.89605 0.250069 0.367263 -0.657003
4.7 0.27745 0.873274 -1.86298 0.214272 0.364034 -0.667293
4.8 0.166529 0.846953 -1.82471 0.178629 0.36043 -0.675741
4.9 0.0579421 0.820893 -1.78151 0.143278 0.356468 -0.682344
5 -0.0476571 0.79512 -1.73356 0.108403 0.35217 -0.686978
5.1 -0.149895 0.769659 -1.68118 0.0741394 0.347551 -0.689662
5.2 -0.248194 0.744533 -1.62459 0.0406506 0.342633 -0.690296
5.3 -0.342216 0.719761 -1.56419 0.00806667 0.337435 -0.688919
5.4 -0.431469 0.695364 -1.50019 -0.0234689 0.331977 -0.685459
5.5 -0.515663 0.671362 -1.43304 -0.0538356 0.326276 -0.679976
5.6 -0.594393 0.647771 -1.36301 -0.0829125 0.320354 -0.672423
5.7 -0.667423 0.624607 -1.29053 -0.110591 0.31423 -0.662883
5.8 -0.734446 0.601884 -1.2159 -0.136774 0.307923 -0.651336
5.9 -0.795284 0.579617 -1.1396 -0.161365 0.301453 -0.637886
6 -0.849727 0.557815 -1.06192 -0.184295 0.294837 -0.622539
6.1 -0.897661 0.536491 -0.983331 -0.205484 0.288095 -0.605417
6.2 -0.938974 0.515652 -0.904131 -0.224885 0.281246 -0.586553
6.3 -0.973618 0.495307 -0.824805 -0.242438 0.274306 -0.566086
6.4 -1.00158 0.475462 -0.745632 -0.258121 0.267293 -0.544074
6.5 -1.02286 0.456124 -0.667082 -0.271889 0.260225 -0.520664
6.6 -1.03755 0.437294 -0.589421 -0.283748 0.253116 -0.495941
6.7 -1.04573 0.418978 -0.513096 -0.293672 0.245985 -0.470062
6.8 -1.04755 0.401175 -0.438351 -0.301689 0.238843 -0.44313
6.9 -1.04316 0.383888 -0.365597 -0.307791 0.231709 -0.415309
7 -1.03279 0.367116 -0.295054 -0.312027 0.224592 -0.386718
7.1 -1.01663 0.350857 -0.22709 -0.31441 0.21751 -0.357525
7.2 -0.994999 0.335111 -0.161891 -0.315008 0.210472 -0.327859
7.3 -0.968128 0.319871 -0.0997802 -0.313848 0.203493 -0.297888
7.4 -0.936392 0.305137 -0.0409029 -0.311018 0.196582 -0.267752
7.5 -0.90006 0.290902 0.0144696 -0.306562 0.189749 -0.237611
7.6 -0.859557 0.27716 0.0662326 -0.30058 0.183005 -0.207609
7.7 -0.815181 0.263906 0.114172 -0.293131 0.176359 -0.177899
7.8 -0.767393 0.251133 0.158225 -0.284326 0.169819 -0.148626
7.9 -0.716513 0.238833 0.198238 -0.274235 0.163392 -0.119929
8 -0.663026 0.226998 0.234192 -0.262982 0.157085 -0.0919525
8.1 -0.60726 0.21562 0.265991 -0.250644 0.150905 -0.064817
8.2 -0.549713 0.20469 0.293662 -0.23735 0.144857 -0.0386597
8.3 -0.490716 0.194197 0.317166 -0.223185 0.138946 -0.0135839
8.4 -0.430765 0.184134 0.336571 -0.208281 0.133176 0.0102837
8.5 -0.370182 0.174487 0.351896 -0.192727 0.127552 0.0328611
8.6 -0.309453 0.16525 0.363247 -0.176656 0.122075 0.0540346
8.7 -0.248883 0.156409 0.370699 -0.160159 0.116748 0.0737458
8.8 -0.188934 0.147954 0.374391 -0.143365 0.111573 0.091896
8.9 -0.129885 0.139875 0.374443 -0.126365 0.106553 0.108452
9 -0.0721692 0.132161 0.37103 -0.109282 0.101685 0.123332
9.1 -0.0160312 0.1248 0.364314 -0.0922051 0.0969737 0.136527
9.2 0.038136 0.117781 0.35449 -0.0752506 0.0924162 0.147977
9.3 0.0901259 0.111092 0.341763 -0.0584999 0.088013 0.157696
9.4 0.139593 0.104724 0.326345 -0.0420605 0.0837629 0.165643
9.5 0.186373 0.0986644 0.308467 -0.0260071 0.0796649 0.171859
9.6 0.230174 0.0929022 0.288356 -0.0104354 0.0757171 0.17632
9.7 0.270877 0.0874271 0.266267 0.00458856 0.0719179 0.179092
9.8 0.308247 0.0822277 0.242431 0.0189826 0.0682649 0.18017
9.9 0.342214 0.0772938 0.217116 0.03269 0.0647557 0.179641
10 0.372601 0.0726147 0.190555 0.0456435 0.0613875 0.17752
10.1 0.399385 0.0681803 0.163023 0.0577967 0.0581577 0.173912
10.2 0.42245 0.0639803 0.134745 0.0690977 0.0550629 0.168847
10.3 0.441821 0.0600051 0.105996 0.0795116 0.0521002 0.162449
10.4 0.45744 0.0562448 0.0769876 0.0890019 0.0492661 0.154765
10.5 0.469376 0.0526903 0.0479889 0.0975452 0.0465571 0.145927
10.6 0.47763 0.0493321 0.0191916 0.105121 0.0439697 0.135997
10.7 0.482309 0.0461617 -0.0091476 0.111717 0.0415003 0.125117
10.8 0.483467 0.0431701 -0.0368607 0.117328 0.0391453 0.113359
10.9 0.48125 0.0403493 -0.0637098 0.121953 0.036901 0.10087
11 0.475759 0.0376909 -0.0895542 0.1256 0.0347636 0.08773
11.1 0.467172 0.0351874 -0.114179 0.128281 0.0327294 0.0740894
11.2 0.45563 0.0328307 -0.137475 0.130017 0.0307948 0.0600319
11.3 0.441337 0.0306142 -0.159254 0.130827 0.0289561 0.0457059
11.4 0.42447 0.0285303 -0.17944 0.130746 0.0272098 0.031197
11.5 0.405252 0.0265726 -0.197873 0.129802 0.0255521 0.0166485
11.6 0.383889 0.0247342 -0.214512 0.128039 0.0239797 0.00214501
11.7 0.360613 0.0230096 -0.229232 0.125493 0.0224889 -0.0121791
11.8 0.335652 0.021392 -0.242022 0.122218 0.0210767 -0.0262425
11.9 0.309242 0.0198763 -0.252791 0.118255 0.0197395 -0.0399231
12 0.281627 0.0184566 -0.261561 0.113665 0.0184742 -0.053145
12.1 0.253038 0.017128 -0.268274 0.108493 0.0172777 -0.065801
12.2 0.223726 0.0158851 -0.272983 0.102803 0.016147 -0.0778233
12.3 0.193912 0.0147236 -0.275662 0.0966463 0.015079 -0.0891215
12.4 0.163846 0.0136385 -0.276394 0.0900906 0.0140712 -0.0996372
12.5 0.133736 0.0126258 -0.275182 0.0831849 0.0131204 -0.109299
12.6 0.103824 0.011681 -0.272132 0.0760002 0.0122245 -0.11806
12.7 0.0742936 0.0108004 -0.267278 0.0685853 0.0113805 -0.125868
12.8 0.0453765 0.00998014 -0.260746 0.0610102 0.0105863 -0.132687
12.9 0.017232 0.00921672 -0.252594 0.0533221 0.00983919 -0.138489
13 -0.0099288 0.00850663 -0.242966 0.0455891 0.00913733 -0.143246
13.1 -0.0359752 0.00784675 -0.23194 0.0378554 0.00847802 -0.146952
13.2 -0.0607191 0.00723392 -0.219673 0.0301849 0.00785976 -0.149595
13.3 -0.0840613 0.00666529 -0.206259 0.0226179 0.00727995 -0.151185
13.4 -0.10584 0.00613806 -0.191861 0.0152134 0.00673728 -0.151723
13.5 -0.12599 0.00564962 -0.176587 0.00800672 0.00622927 -0.151239
13.6 -0.144377 0.00519749 -0.160604 0.00105035 0.00575482 -0.149745
13.7 -0.160972 0.0047793 -0.144026 -0.00562613 0.00531154 -0.147288
13.8 -0.175669 0.00439284 -0.127017 -0.0119773 0.00489851 -0.143891
13.9 -0.188472 0.00403595 -0.109696 -0.01798 0.00451345 -0.139618
14 -0.199307 0.00370671 -0.09222 -0.0235966 0.00415558 -0.1345
14.1 -0.20821 0.00340312 -0.074709 -0.0288103 0.00382274 -0.128612
14.2 -0.215137 0.00312354 -0.0573076 -0.0335922 0.00351427 -0.121995
14.3 -0.220155 0.0028661 -0.0401318 -0.0379321 0.00322812 -0.114735
14.4 -0.223249 0.00262942 -0.0233117 -0.0418094 0.00296372 -0.106877
14.5 -0.224509 0.00241177 -0.00695614 -0.0452208 0.00271913 -0.0985174
14.6 -0.223951 0.00221197 0.00882293 -0.048154 0.00249389 -0.0897024
14.7 -0.221688 0.00202847 0.0239267 -0.0506118 0.00228614 -0.0805347
14.8 -0.217758 0.00186022 0.0382637 -0.0525906 0.0020955 -0.071062
14.9 -0.212294 0.00170582 0.0517474 -0.0540988 0.00192021 -0.0613895
15 -0.205356 0.00156443 0.064309 -0.0551405 0.00175995 -0.0515642
15.1 -0.19709 0.00143473 0.0758759 -0.0557295 0.00161307 -0.0416913
15.2 -0.187572 0.00131605 0.0864026 -0.0558768 0.00147929 -0.0318152
15.3 -0.176962 0.00120717 0.0958321 -0.0556008 0.00135708 -0.0220382
15.4 -0.165345 0.00110758 0.104142 -0.0549188 0.00124619 -0.0124004
15.5 -0.152885 0.00101616 0.111292 -0.0538529 0.00114518 -0.00299879
15.6 -0.139681 0.00093252 0.117284 -0.0524258 0.00105385 0.00613221
15.7 -0.125894 0.000855623 0.122091 -0.0506625 0.000970872 0.0149032
15.8 -0.111627 0.000785234 0.125739 -0.0485899 0.000896056 0.023287
15.9 -0.0970383 0.000720374 0.128217 -0.046235 0.00082822 0.0312036
16 -0.082232 0.000660923 0.129569 -0.043628 0.00076716 0.0386338
16.1 -0.0673576 0.000605979 0.129801 -0.0407969 0.000711832 0.0455088
16.2 -0.0525162 0.000555521 0.128976 -0.0377742 0.000662035 0.051818
16.3 -0.0378449 0.000508718 0.127111 -0.0345877 0.000616858 0.057505
16.4 -0.0234393 0.000465632 0.124286 -0.0312714 0.000576101 0.062568
16.5 -0.0094205 0.0004255 0.120529 -0.0278521 0.000538987 0.066964
16.6 0.0041244 0.000388456 0.115933 -0.024364 0.000505311 0.0706999
16.7 0.0170927 0.0003538 0.110536 -0.0208324 0.000474436 0.0737465
16.8 0.029408 0.000321725 0.104439 -0.0172905 0.000446149 0.0761189
16.9 0.0409884 0.000291591 0.097688 -0.0137614 0.00041995 0.0778019
17 0.0517697 0.000263637 0.0903915 -0.0102768 0.000395616 0.0788182
17.1 0.0616918 0.000237281 0.082598 -0.00685675 0.000372787 0.079166
17.2 0.0707043 0.000212795 0.0744207 -0.0035305 0.000351224 0.0788751
17.3 0.0787696 0.00018965 0.0659097 -0.000314733 0.000330706 0.077956
17.4 0.0858514 0.000168142 0.0571785 0.00276423 0.000310979 0.0764443
17.5 0.0919345 0.000147791 0.0482766 0.00569352 0.000291948 0.0743623
17.6 0.0969968 0.000128903 0.0393148 0.0084503 0.000273345 0.0717498
17.7 0.101045 0.000111047 0.0303402 0.0110257 0.0002552 0.0686396
17.8 0.10407 9.45291e-05 0.0214577 0.0134007 0.000237223 0.0650743
17.9 0.106101 7.89628e-05 0.0127102 0.0155705 0.000219564 0.0610955
18 0.10714 6.46435e-05 0.00419423 0.0175203 0.000201906 0.0567473
18.1 0.107233 5.12287e-05 -0.00405333 0.0192491 0.00018451 0.0520785
18.2 0.106397 3.89939e-05 -0.0119465 0.0207464 0.000167033 0.0471326
18.3 0.104693 2.76379e-05 -0.0194556 0.022015 0.00014983 0.0419642
18.4 0.102147 1.7411e-05 -0.0265067 0.0230485 0.000132539 0.0366148
18.5 0.0988349 8.04833e-06 -0.0330785 0.0238533 0.000115594 0.0311428
18.6 0.094789 -2.31209e-07 -0.0391107 0.0244269 9.86033e-05 0.0255863
18.7 0.090097 -7.65448e-06 -0.0445903 0.0247791 8.20814e-05 0.0200055
18.8 0.0847968 -1.40427e-05 -0.0494718 0.0249108 6.56033e-05 0.0144339
18.9 0.0789838 -1.95876e-05 -0.0537509 0.0248347 4.97409e-05 0.00893194
19 0.0726992 -2.41496e-05 -0.0573971 0.024555 3.40418e-05 0.00352707
19.1 0.0660434 -2.78883e-05 -0.0604143 0.0240866 1.91279e-05 -0.0017215
19.2 0.0590587 -3.07109e-05 -0.0627873 0.0234368 4.51141e-06 -0.00679328
19.3 0.0518473 -3.274e-05 -0.0645279 0.0226218 -9.15202e-06 -0.0116318
19.4 0.0444506 -3.39306e-05 -0.065635 0.0216515 -2.23744e-05 -0.0162244
19.5 0.0369695 -3.43748e-05 -0.0661278 0.0205433 -3.44831e-05 -0.0205185
19.6 0.029443 -3.4073e-05 -0.0660187 0.0193089 -4.60203e-05 -0.0245094
19.7 0.0219677 -3.30833e-05 -0.065333 0.0179661 -5.63019e-05 -0.02815
19.8 0.0145782 -3.14549e-05 -0.0640955 0.0165281 -6.58952e-05 -0.0314437
19.9 0.00736487 -2.92121e-05 -0.0623359 0.0150125 -7.41213e-05 -0.0343494
20 0.000356343 -2.64498e-05 -0.0600903 0.0134336 -8.15677e-05 -0.0368787
20.1 -0.00636552 -2.31583e-05 -0.0573915 0.0118081 -8.75718e-05 -0.0389969
20.2 -0.012779 -1.94754e-05 -0.0542848 0.0101506 -9.27346e-05 -0.0407236
20.3 -0.0188125 -1.53597e-05 -0.0508046 0.00847677 -9.64182e-05 -0.0420311
20.4 -0.024452 -1.09883e-05 -0.0470036 0.00680122 -9.9237e-05 -0.0429461
20.5 -0.0296376 -6.28426e-06 -0.0429164 0.00513776 -0.000100583 -0.0434478
20.6 -0.0343631 -1.46296e-06 -0.0386012 0.0035006 -0.000101074 -0.0435695
20.7 -0.0385815 3.58556e-06 -0.0340911 0.00190152 -0.000100144 -0.0432971
20.8 -0.0422943 8.61446e-06 -0.0294479 0.000353844 -9.84054e-05 -0.0426696
20.9 -0.0454676 1.37666e-05 -0.0247014 -0.00113297 -9.53396e-05 -0.0416793
21 -0.0481109 1.87683e-05 -0.0199154 -0.00254679 -9.15475e-05 -0.0403693
21.1 -0.0502033 2.37935e-05 -0.0151154 -0.00388067 -8.65588e-05 -0.038738
21.2 -0.0517614 2.8545e-05 -0.0103649 -0.00512391 -8.09584e-05 -0.0368317
21.3 -0.0527771 3.32304e-05 -0.00568423 -0.00627224 -7.43284e-05 -0.0346541
21.4 -0.0532734 3.75337e-05 -0.00113475 -0.00731656 -6.72242e-05 -0.0322529
21.5 -0.0532542 4.16914e-05 0.00326933 -0.00825525 -5.92852e-05 -0.0296366
21.6 -0.0527474 4.53747e-05 0.00747004 -0.00908094 -5.10298e-05 -0.0268531
21.7 -0.0517686 4.88477e-05 0.01146 -0.00979466 -4.21551e-05 -0.023915
21.8 -0.0503493 5.17748e-05 0.0151861 -0.0103908 -3.31353e-05 -0.0208685
21.9 -0.0485149 5.44445e-05 0.0186481 -0.0108728 -2.37206e-05 -0.0177295
22 -0.0462994 5.65163e-05 0.0217985 -0.0112369 -1.43363e-05 -0.0145416
22.1 -0.0437369 5.83017e-05 0.0246446 -0.0114888 -4.78737e-06 -0.0113228
22.2 -0.040862 5.94603e-05 0.0271454 -0.0116264 4.55996e-06 -0.00811306
22.3 -0.037716 6.03226e-05 0.0293153 -0.0116574 1.38471e-05 -0.00493168
22.4 -0.0343326 6.0552e-05 0.0311203 -0.0115811 2.27735e-05 -0.0018135
22.5 -0.0307585 6.04921e-05 0.0325818 -0.0114071 3.14278e-05 0.00122139
22.6 -0.0270257 5.9815e-05 0.033673 -0.011136 3.95773e-05 0.00414417
22.7 -0.0231841 5.88744e-05 0.0344211 -0.0107788 4.72644e-05 0.00693476
22.8 -0.0192623 5.73521e-05 0.0348069 -0.0103372 5.4328e-05 0.00957106
22.9 -0.0153124 5.56079e-05 0.0348628 -0.00982312 6.07654e-05 0.0120336
23 -0.0113581 5.33349e-05 0.0345766 -0.00923929 6.64886e-05 0.0143076
23.1 -0.00745218 5.08944e-05 0.0339851 -0.00859819 7.14514e-05 0.0163746
23.2 -0.00361268 4.79948e-05 0.0330826 -0.00790323 7.56427e-05 0.0182276
23.3 0.000108732 4.49925e-05 0.0319087 -0.00716709 7.89766e-05 0.0198492
23.4 0.00370048 4.16124e-05 0.0304643 -0.00639365 8.15155e-05 0.0212405
23.5 0.00711309 3.82014e-05 0.0287905 -0.00559541 8.31369e-05 0.0223859
23.6 0.010342 3.45023e-05 0.0268935 -0.00477649 8.39743e-05 0.0232936
23.7 0.0133412 3.08489e-05 0.0248149 -0.00394884 8.38734e-05 0.02395
23.8 0.0161133 2.70011e-05 0.0225657 -0.00311661 8.30361e-05 0.0243708
23.9 0.0186165 2.32752e-05 0.0201863 -0.00229089 8.12763e-05 0.024544
24 0.0208608 1.94495e-05 0.0176916 -0.00147567 7.88591e-05 0.024492
24.1 0.0228093 1.58177e-05 0.0151197 -0.00068087 7.55694e-05 0.0242044
24.2 0.024479 1.21785e-05 0.0124886 8.98091e-05 7.17314e-05 0.0237099
24.3 0.0258386 8.79855e-06 0.0098329 0.000827858 6.7104e-05 0.0229995
24.4 0.0269114 5.49569e-06 0.00717274 0.00153001 6.20605e-05 0.0221072
24.5 0.0276717 2.50722e-06 0.00453798 0.00218934 5.6337e-05 0.0210248
24.6 0.0281488 -3.29023e-07 0.00195028 0.0028031 5.03469e-05 0.0197909
24.7 0.0283227 -2.80761e-06 -0.000566104 0.0033661 4.38065e-05 0.0183981
24.8 0.0282275 -5.07192e-06 -0.00298883 0.00387614 3.71635e-05 0.0168883
24.9 0.0278487 -6.94942e-06 -0.00529996 0.00432985 3.01144e-05 0.0152545
25 0.0272244 -8.5649e-06 -0.00747714 0.00472563 2.31303e-05 0.0135406
25.1 0.0263452 -9.78105e-06 -0.00950929 0.00506191 1.58905e-05 0.0117399
25.2 0.0252519 -1.07011e-05 -0.0113746 0.00533767 8.88338e-06 0.00989732
25.3 0.02394 -1.12248e-05 -0.0130691 0.00555312 1.77428e-06 0.00800592
25.4 0.0224515 -1.14369e-05 -0.0145719 0.00570779 -4.94472e-06 0.00611046
25.5 0.0207864 -1.12715e-05 -0.0158864 0.00580359 -1.1618e-05 0.00420354
25.6 0.0189867 -1.07934e-05 -0.016993 0.00584049 -1.77569e-05 0.00232877
25.7 0.017056 -9.97218e-06 -0.0179023 0.005822 -2.37148e-05 0.000477943
25.8 0.0150353 -8.85337e-06 -0.0185959 0.00574846 -2.90152e-05 -0.0013075
25.9 0.0129311 -7.43796e-06 -0.0190915 0.00562478 -3.4014e-05 -0.00303665
26 0.0107821 -5.75492e-06 -0.0193721 0.00545154 -3.82537e-05 -0.0046712
26.1 0.00859716 -3.83647e-06 -0.0194617 0.00523494 -4.20979e-05 -0.00622125
26.2 0.00641128 -1.68888e-06 -0.019345 0.00497561 -4.51129e-05 -0.00765238
26.3 0.00423538 6.24684e-07 -0.0190516 0.0046808 -4.76549e-05 -0.0089757
26.4 0.00209973 3.11501e-06 -0.0185674 0.00435116 -4.93292e-05 -0.0101614
26.5 1.65144e-05 5.69624e-06 -0.0179268 0.00399471 -5.04883e-05 -0.0112214
26.6 -0.00198948 8.39779e-06 -0.0171171 0.00361195 -5.0769e-05 -0.012131
26.7 -0.00390525 1.11088e-05 -0.0161766 0.00321149 -5.05155e-05 -0.012903
26.8 -0.00571227 1.38786e-05 -0.0150934 0.00279356 -4.94125e-05 -0.013518
26.9 -0.0073971 1.65804e-05 -0.0139088 0.0023671 -4.77848e-05 -0.0139894
27 -0.00894797 1.92775e-05 -0.0126115 0.00193198 -4.53597e-05 -0.0143035
27.1 -0.0103513 2.18278e-05 -0.0112446 0.00149723 -4.24488e-05 -0.0144735
27.2 -0.0116024 2.43137e-05 -0.00979717 0.00106227 -3.88249e-05 -0.0144919
27.3 -0.0126879 2.65822e-05 -0.00831311 0.000636021 -3.47766e-05 -0.0143715
27.4 -0.0136102 2.87309e-05 -0.00678157 0.000217371 -3.0123e-05 -0.0141103
27.5 -0.0143561 3.05988e-05 -0.00524613 -0.000185071 -2.51246e-05 -0.0137206
27.6 -0.0149351 3.22977e-05 -0.00369582 -0.000572978 -1.96512e-05 -0.0132057
27.7 -0.0153342 3.36651e-05 -0.00217283 -0.000938237 -1.39314e-05 -0.0125769
27.8 -0.0155699 3.48245e-05 -0.000665892 -0.0012831 -7.87729e-06 -0.0118426
27.9 -0.0156293 3.56115e-05 0.000785139 -0.0016001 -1.68662e-06 -0.0110122
28 -0.015535 3.61626e-05 0.0021919 -0.00189206 4.68449e-06 -0.0100992
28.1 -0.0152744 3.63175e-05 0.00351781 -0.00215229 1.10782e-05 -0.00911075
28.2 -0.0148759 3.62194e-05 0.0047749 -0.00238413 1.7498e-05 -0.00806445
28.3 -0.0143267 3.57135e-05 0.00593057 -0.00258177 2.38231e-05 -0.00696485
28.4 -0.01366 3.49505e-05 0.00699725 -0.00274901 3.00208e-05 -0.00583337
28.5 -0.0128626 3.37847e-05 0.00794696 -0.00288097 3.60103e-05 -0.00467146
28.6 -0.0119722 3.23723e-05 0.00879239 -0.00298186 4.173e-05 -0.00350366
28.7 -0.010975 3.05744e-05 0.00951064 -0.00304775 4.71404e-05 -0.00232803
28.8 -0.00991144 2.85494e-05 0.0101145 -0.00308314 5.21472e-05 -0.00117161
28.9 -0.00876729 2.61727e-05 0.0105865 -0.00308507 5.67552e-05 -2.88156e-05
29 -0.00758521 2.36008e-05 0.0109391 -0.00305822 6.0848e-05 0.00107146
29.1 -0.00634987 2.07218e-05 0.0111607 -0.00300059 6.44703e-05 0.00213859
29.2 -0.00510512 1.76887e-05 0.0112631 -0.00291689 6.74873e-05 0.00314245
29.3 -0.00383457 1.44028e-05 0.0112403 -0.00280606 6.99807e-05 0.00409628
29.4 -0.00258221 1.1013e-05 0.0111034 -0.0026727 7.18043e-05 0.0049693
29.5 -0.00133047 7.43284e-06 0.0108517 -0.00251664 7.30774e-05 0.00577856
29.6 -0.000122579 3.80243e-06 0.0104952 -0.00234222 7.36413e-05 0.00649321
29.7 0.00106027 4.99388e-08 0.0100386 -0.00215007 7.36474e-05 0.00713389
29.8 0.00217656 -3.6949e-06 0.00948984 -0.00194418 7.29348e-05 0.0076702
29.9 0.00324624 -7.49069e-06 0.00885906 -0.00172589 7.16841e-05 0.00812615
30 0.00423028 -1.12207e-05 0.00815176 -0.00149868 6.97326e-05 0.00847221
30.1 0.00514967 -1.49332e-05 0.00738281 -0.00126453 6.72823e-05 0.00873535
30.2 0.00596859 -1.85231e-05 0.00655508 -0.00102629 6.41724e-05 0.00888732
30.3 0.00670885 -2.20259e-05 0.00568767 -0.000786521 6.06255e-05 0.00895757
30.4 0.00733846 -2.53552e-05 0.00478035 -0.000547331 5.64875e-05 0.00891944
30.5 0.00787972 -2.8536e-05 0.00385596 -0.000311704 5.19921e-05 0.00880433
30.6 0.00830495 -3.14973e-05 0.00291088 -8.09803e-05 4.69927e-05 0.00858745
30.7 0.00863659 -3.42551e-05 0.00197105 0.000141505 4.17252e-05 0.00830147
30.8 0.00885165 -3.67559e-05 0.00102927 0.000355275 3.60605e-05 0.00792366
30.9 0.00897226 -3.90089e-05 0.000113949 0.000556718 3.02318e-05 0.00748735
31 0.00898036 -4.09752e-05 -0.000785871 0.000746253 2.412e-05 0.006972
31.1 0.00889724 -4.26602e-05 -0.00163987 0.000920075 1.79534e-05 0.00641084
31.2 0.00870992 -4.4042e-05 -0.00246285 0.00107951 1.16277e-05 0.00578564
31.3 0.00843837 -4.51184e-05 -0.00322317 0.00122062 5.35538e-06 0.00512884
31.4 0.00807464 -4.58844e-05 -0.00393945 0.00134564 -9.45843e-07 0.00442456
31.5 0.00763685 -4.6338e-05 -0.00457931 0.00145056 -7.08829e-06 0.00370368
31.6 0.007122 -4.64853e-05 -0.00516501 0.00153847 -1.31405e-05 0.00295274
31.7 0.00654578 -4.63194e-05 -0.00566392 0.00160535 -1.89338e-05 0.0022004
31.8 0.00591002 -4.58631e-05 -0.00610175 0.00165509 -2.45135e-05 0.00143557
31.9 0.00522742 -4.51123e-05 -0.00644614 0.00168369 -2.9752e-05 0.000684041
32 0.00450436 -4.40947e-05 -0.00672584 0.00169575 -3.46744e-05 -6.28936e-05
32.1 0.00375008 -4.28057e-05 -0.00690919 0.00168736 -3.91802e-05 -0.000782941
32.2 0.0029752 -4.12861e-05 -0.00702752 0.00166372 -4.32786e-05 -0.00148242
32.3 0.00218504 -3.9531e-05 -0.00705028 0.00162098 -4.69131e-05 -0.00214304
32.4 0.00139414 -3.75839e-05 -0.00701088 0.00156491 -5.00622e-05 -0.00276879
32.5 0.000603519 -3.5448e-05 -0.00688013 0.00149169 -5.2713e-05 -0.00334577
32.6 -0.00016881 -3.31665e-05 -0.00669295 0.0014075 -5.483e-05 -0.00387569
32.7 -0.00092636 -3.07443e-05 -0.00642183 0.00130866 -5.64384e-05 -0.00434939
32.8 -0.00164805 -2.82267e-05 -0.00610246 0.00120156 -5.74803e-05 -0.00476626
32.9 -0.00234212 -2.56227e-05 -0.00570924 0.00108264 -5.80231e-05 -0.00512211
33 -0.00298485 -2.29743e-05 -0.00527798 0.000958422 -5.79895e-05 -0.0054141
33.1 -0.00358927 -2.02962e-05 -0.00478517 0.00082546 -5.74939e-05 -0.00564304
33.2 -0.00412945 -1.76205e-05 -0.00426597 0.000690256 -5.64328e-05 -0.00580388
33.3 -0.00462315 -1.49706e-05 -0.00369911 0.000549487 -5.49573e-05 -0.00590245
33.4 -0.00504265 -1.23724e-05 -0.00311842 0.000409505 -5.29492e-05 -0.0059315
33.5 -0.00541031 -9.8525e-06 -0.00250494 0.00026711 -5.06009e-05 -0.00590174
33.6 -0.00569696 -7.42261e-06 -0.00189048 0.000128374 -4.77697e-05 -0.00580373
33.7 -0.0059293 -5.12043e-06 -0.00125846 -9.76212e-06 -4.46789e-05 -0.00565286
33.8 -0.00607711 -2.94272e-06 -0.000637988 -0.000141623 -4.11706e-05 -0.00543749
33.9 -0.00617102 -9.3509e-07 -1.49889e-05 -0.000270123 -3.74984e-05 -0.00517737
34 -0.0061801 9.21275e-07 0.000584781 -0.000390089 -3.34891e-05 -0.0048587
34.1 -0.00613847 2.57375e-06 0.00117287 -0.000504274 -2.94169e-05 -0.00450518
34.2 -0.00601479 4.05807e-06 0.00172738 -0.000608094 -2.50909e-05 -0.00410089
34.3 -0.00584607 5.31231e-06 0.0022573 -0.000704123 -2.08099e-05 -0.00367299
34.4 -0.0056009 6.39332e-06 0.00274508 -0.000788446 -1.63662e-05 -0.0032035
34.5 -0.0053185 7.22607e-06 0.00319708 -0.000863425 -1.20663e-05 -0.00272248
34.6 -0.00496766 7.8871e-06 0.00360044 -0.000925874 -7.69897e-06 -0.00220999
34.7 -0.00458917 8.29371e-06 0.0039589 -0.000977921 -3.57502e-06 -0.00169841
34.8 -0.00415222 8.5412e-06 0.00426457 -0.00101714 5.29757e-07 -0.00116597
34.9 -0.00369844 8.53865e-06 0.00451852 -0.00104541 4.30296e-06 -0.000646696
35 -0.00319766 8.39875e-06 0.00471796 -0.00106107 7.97433e-06 -0.000117171
35.1 -0.00269157 8.01646e-06 0.00486127 -0.00106571 1.124e-05 0.000387548
35.2 -0.00215091 7.52815e-06 0.00495083 -0.00105845 1.43289e-05 0.000892354
35.3 -0.00161664 6.81964e-06 0.00498231 -0.00104055 1.69522e-05 0.0013618
35.4 -0.00106061 6.04227e-06 0.00496319 -0.00101193 1.93406e-05 0.00182202
35.5 -0.000522348 5.06847e-06 0.00488637 -0.000973439 2.12266e-05 0.00223779
35.6 2.49818e-05 4.06555e-06 0.0047643 -0.000925774 2.28257e-05 0.00263619
35.7 0.000544006 2.90232e-06 0.00458715 -0.000869387 2.38992e-05 0.00298287
35.8 0.00106004 1.75755e-06 0.00437203 -0.000805662 2.46614e-05 0.0033055
35.9 0.00153853 4.83744e-07 0.00410637 -0.000734627 2.48997e-05 0.00357116
36 0.00200301 -7.24865e-07 0.00381161 -0.000658325 2.48073e-05 0.00380778
36.1 0.00242235 -2.02121e-06 0.00347249 -0.000576322 2.42165e-05 0.00398435
36.2 0.00281812 -3.20865e-06 0.00311434 -0.00049125 2.32968e-05 0.00412867
36.3 0.00316311 -4.44622e-06 0.00271925 -0.000402211 2.19148e-05 0.00421212
36.4 0.00347667 -5.5275e-06 0.00231597 -0.000312345 2.0225e-05 0.00426194
36.5 0.003736 -6.62381e-06 0.00188403 -0.000220268 1.8137e-05 0.00425232
36.6 0.00395794 -7.52659e-06 0.00145504 -0.000129566 1.57678e-05 0.00420947
36.7 0.00412449 -8.40855e-06 0.00100612 -3.83714e-05 1.30787e-05 0.00411071
36.8 0.00424975 -9.06395e-06 0.000571144 4.93766e-05 1.0152e-05 0.00398077
36.9 0.00432069 -9.66944e-06 0.000124988 0.000136015 6.9943e-06 0.0038004
37 0.00434851 -1.00235e-05 -0.000296824 0.000217333 3.64985e-06 0.00359238
37.1 0.00432531 -1.03037e-05 -0.000721425 0.000296118 1.7412e-07 0.00334108
37.2 0.00425913 -1.03136e-05 -0.00111225 0.000367972 -3.42712e-06 0.00306691
37.3 0.00414725 -1.02324e-05 -0.0014982 0.000436104 -7.05053e-06 0.00275796
37.4 0.00399438 -9.8769e-06 -0.00184229 0.000496003 -1.07415e-05 0.00243183
37.5 0.00380288 -9.41902e-06 -0.00217485 0.000551258 -1.43482e-05 0.00208046
37.6 0.00357398 -8.6862e-06 -0.00245909 0.000597324 -1.79607e-05 0.00171823
37.7 0.00331503 -7.84906e-06 -0.00272641 0.000638126 -2.13743e-05 0.00134089
37.8 0.00302358 -6.75204e-06 -0.00294078 0.000669154 -2.4736e-05 0.000959311
37.9 0.00271175 -5.55264e-06 -0.00313428 0.000694593 -2.78016e-05 0.00057301
38 0.00237331 -4.11706e-06 -0.00327218 0.000710046 -3.07642e-05 0.000189
38.1 0.00202484 -2.58864e-06 -0.00338679 0.000719897 -3.33341e-05 -0.0001895
38.2 0.00165636 -8.52126e-07 -0.00344519 0.000719915 -3.57527e-05 -0.000559535
38.3 0.00128847 9.55874e-07 -0.00347944 0.000714609 -3.76967e-05 -0.000914363
38.4 0.000907376 2.93059e-06 -0.00345886 0.000699956 -3.94661e-05 -0.00125524
38.5 0.00053741 4.96018e-06 -0.00341477 0.000680516 -4.06892e-05 -0.00157206
38.6 0.000161003 7.10989e-06 -0.00331915 0.000652534 -4.1714e-05 -0.00187037
38.7 -0.000194318 9.28738e-06 -0.00320206 0.000620522 -4.21452e-05 -0.00213693
38.8 -0.000549724 1.15353e-05 -0.00303845 0.000581028 -4.23741e-05 -0.00238157
38.9 -0.000874961 1.37834e-05 -0.00285662 0.000538448 -4.19725e-05 -0.00258815
39 -0.00119463 1.6045e-05 -0.00263479 0.000489661 -4.13774e-05 -0.00277067
39.1 -0.00147631 1.82774e-05 -0.00239899 0.00043885 -4.01427e-05 -0.00291039
39.2 -0.00174773 2.04695e-05 -0.00213087 0.000383255 -3.87404e-05 -0.00302533
39.3 -0.00197478 2.26062e-05 -0.00185376 0.000326777 -3.66964e-05 -0.00309437
39.4 -0.00218803 2.46433e-05 -0.00155292 0.000267035 -3.45231e-05 -0.00313928
39.5 -0.00235226 2.66001e-05 -0.00124849 0.00020756 -3.1739e-05 -0.00313692
39.6 -0.00250044 2.8405e-05 -0.000929454 0.000146371 -2.88703e-05 -0.00311246
39.7 -0.00259671 3.01052e-05 -0.00061236 8.65678e-05 -2.54289e-05 -0.00304103
39.8 -0.00267604 3.16043e-05 -0.000289956 2.65649e-05 -2.19689e-05 -0.00295079
39.9 -0.00270246 3.29818e-05 2.51411e-05 -3.10234e-05 -1.79897e-05 -0.00281547
40 -0.00271239 3.41125e-05 0.000336417 -8.73762e-05 -1.40591e-05 -0.00266572
40.1 -0.00267023 3.51129e-05 0.000635479 -0.000140424 -9.68249e-06 -0.00247423
40.2 -0.0026133 3.58274e-05 0.000922092 -0.000190933 -5.42465e-06 -0.00227361
40.3 -0.00250684 3.64058e-05 0.00119228 -0.000237413 -7.9865e-07 -0.00203579
40.4 -0.0023885 3.66689e-05 0.00144219 -0.00028023 3.63139e-06 -0.00179484
40.5 -0.00222477 3.67985e-05 0.00167238 -0.000318498 8.34238e-06 -0.00152224
40.6 -0.00205302 3.65922e-05 0.00187552 -0.000352184 1.27828e-05 -0.00125285
40.7 -0.00184138 3.62645e-05 0.00205676 -0.000381019 1.74148e-05 -0.000958127
40.8 -0.00162632 3.55862e-05 0.00220542 -0.000404581 2.1709e-05 -0.0006731
40.9 -0.00137798 3.48016e-05 0.0023312 -0.000423221 2.61004e-05 -0.000369469
41 -0.00113133 3.36639e-05 0.00242025 -0.000436138 3.00912e-05 -8.18481e-05
41.1 -0.00085882 3.24475e-05 0.00248673 -0.000444293 3.40907e-05 0.000217466
41.2 -0.000593314 3.08843e-05 0.00251385 -0.000446524 3.76346e-05 0.000494913
41.3 -0.000309863 2.92736e-05 0.00251993 -0.000444362 4.11108e-05 0.00077726
41.4 -3.8661e-05 2.73231e-05 0.0024855 -0.000436303 4.40942e-05 0.00103257
41.5 0.000242343 2.53609e-05 0.00243278 -0.000424433 4.69215e-05 0.00128636
41.6 0.000506185 2.30891e-05 0.00233992 -0.000406917 4.92336e-05 0.0015089
41.7 0.000771869 2.08439e-05 0.00223261 -0.000386332 5.13296e-05 0.00172409
41.8 0.00101605 1.83109e-05 0.00208684 -0.000360544 5.28978e-05 0.00190491
41.9 0.00125452 1.58507e-05 0.00193139 -0.00033257 5.41976e-05 0.00207336
42 0.00146799 1.31375e-05 0.00174043 -0.000300002 5.49776e-05 0.00220559
42.1 0.00166888 1.05392e-05 0.00154529 -0.000266227 5.54461e-05 0.00232137
42.2 0.00184224 7.72394e-06 0.0013186 -0.000228592 5.54208e-05 0.00240041
42.3 0.00199706 5.06871e-06 0.00109371 -0.00019079 5.50557e-05 0.00245997
42.4 0.00212302 2.23518e-06 0.00084207 -0.000149951 5.42357e-05 0.00248365
42.5 0.00222552 -3.95852e-07 0.000598469 -0.000109996 5.30626e-05 0.00248592
42.6 0.00229907 -3.16373e-06 0.000333473 -6.78712e-05 5.14961e-05 0.00245453
42.7 0.00234549 -5.69399e-06 8.27001e-05 -2.76485e-05 4.95736e-05 0.0024009
42.8 0.00236408 -8.32046e-06 -0.000183763 1.3859e-05 4.73242e-05 0.00231708
42.9 0.00235315 -1.06735e-05 -0.000430108 5.25191e-05 4.47326e-05 0.00221126
43 0.00231682 -1.30863e-05 -0.000686378 9.16162e-05 4.18992e-05 0.00207987
43.1 0.00224981 -1.51998e-05 -0.000917188 0.000127026 3.87423e-05 0.00192768
43.2 0.00216097 -1.7338e-05 -0.00115231 0.000162084 3.54342e-05 0.00175554
43.3 0.00204159 -1.91556e-05 -0.00135741 0.000192761 3.18342e-05 0.00156461
43.4 0.00190502 -2.0966e-05 -0.00156161 0.000222394 2.8185e-05 0.0013601
43.5 0.00173916 -2.24477e-05 -0.0017322 0.000247115 2.42767e-05 0.00113952
43.6 0.00156158 -2.38932e-05 -0.00189725 0.000270212 2.04185e-05 0.000912263
43.7 0.00135703 -2.50059e-05 -0.00202622 0.000288058 1.63476e-05 0.000672128
43.8 0.00114692 -2.60657e-05 -0.00214578 0.000303838 1.24254e-05 0.000432503
43.9 0.00091296 -2.67962e-05 -0.00222801 0.000314219 8.32956e-06 0.000183486
44 0.000680036 -2.74561e-05 -0.0022978 0.000322237 4.48669e-06 -5.78085e-05
44.1 0.000427049 -2.78039e-05 -0.00233033 0.000324912 5.12208e-07 -0.000304921
44.2 0.000181844 -2.80714e-05 -0.00234832 0.000325071 -3.11956e-06 -0.000537348
44.3 -7.92066e-05 -2.80492e-05 -0.00233042 0.000320134 -6.84801e-06 -0.000772121
44.4 -0.000325808 -2.79401e-05 -0.00229682 0.000312675 -1.01499e-05 -0.000985727
44.5 -0.000583811 -2.75717e-05 -0.00222996 0.000300555 -1.35105e-05 -0.00119851
44.6 -0.000821042 -2.71177e-05 -0.00214717 0.000286041 -1.63723e-05 -0.00138434
44.7 -0.00106525 -2.64412e-05 -0.00203494 0.000267464 -1.92651e-05 -0.00156665
44.8 -0.00128295 -2.56855e-05 -0.00190742 0.000246735 -2.16046e-05 -0.00171713
44.9 -0.00150342 -2.47493e-05 -0.0017553 0.000222678 -2.39589e-05 -0.00186195
45 -0.00169247 -2.37381e-05 -0.00158928 0.00019681 -2.57158e-05 -0.00197117
45.1 -0.00188047 -2.25939e-05 -0.00140436 0.000168462 -2.74761e-05 -0.00207328
45.2 -0.0020331 -2.13853e-05 -0.00120759 0.000138721 -2.861e-05 -0.00213714
45.3 -0.00218141 -2.00913e-05 -0.000998249 0.000107424 -2.97458e-05 -0.00219323
45.4 -0.00229157 -1.87462e-05 -0.00077958 7.51957e-05 -3.02475e-05 -0.00220969
45.5 -0.00239484 -1.73675e-05 -0.000555118 4.23762e-05 -3.07599e-05 -0.0022185
45.6 -0.00245841 -1.59477e-05 -0.000324141 9.10557e-06 -3.06489e-05 -0.00218756
45.7 -0.00251327 -1.45416e-05 -9.43004e-05 -2.37865e-05 -3.05643e-05 -0.00214981
45.8 -0.00252815 -1.31052e-05 0.000139109 -5.66487e-05 -2.98714e-05 -0.00207345
45.9 -0.0025333 -1.17339e-05 0.000364494 -8.8187e-05 -2.92293e-05 -0.00199187
46 -0.00249953 -1.03401e-05 0.000590576 -0.00011926 -2.80246e-05 -0.001874
46.1 -0.00245581 -9.05476e-06 0.000802065 -0.000148126 -2.69001e-05 -0.00175307
46.2 -0.00237547 -7.75396e-06 0.00101161 -0.000176145 -2.52645e-05 -0.00159924
46.3 -0.00228571 -6.59986e-06 0.00120051 -0.00020116 -2.37387e-05 -0.00144504
46.4 -0.00216276 -5.43728e-06 0.0013852 -0.000225014 -2.17581e-05 -0.00126222
46.5 -0.00203166 -4.45549e-06 0.00154395 -0.000245197 -1.99359e-05 -0.00108209
46.6 -0.00187186 -3.46009e-06 0.00169675 -0.000264007 -1.77306e-05 -0.000878362
46.7 -0.00170571 -2.67664e-06 0.00181918 -0.000278598 -1.57147e-05 -0.000680539
46.8 -0.00151617 -1.87503e-06 0.00193454 -0.000291705 -1.33943e-05 -0.000464723
46.9 -0.00132255 -1.30638e-06 0.00201616 -0.0003002 -1.12956e-05 -0.000258037
47 -0.00111154 -7.11359e-07 0.00209026 -0.00030721 -8.97637e-06 -3.92867e-05
47.1 -0.000898996 -3.60655e-07 0.00212836 -0.000309377 -6.91344e-06 0.000167266
47.2 -0.000675473 2.82097e-08 0.00215923 -0.00031016 -4.70481e-06 0.000379831
47.3 -0.000453095 1.65127e-07 0.002153 -0.000306028 -2.77858e-06 0.000577463
47.4 -0.000226372 3.58536e-07 0.00214053 -0.00030072 -7.84858e-07 0.000775146
47.5 -3.40879e-06 2.99273e-07 0.00209104 -0.000290579 9.0896e-07 0.000955652
47.6 0.00021726 3.15486e-07 0.00203696 -0.000279568 2.59014e-06 0.00113053
47.7 0.000431779 8.70015e-08 0.00194708 -0.000263956 3.96608e-06 0.00128662
47.8 0.00063764 -4.29867e-08 0.00185486 -0.000247848 5.26628e-06 0.00143187
47.9 0.00083531 -4.05797e-07 0.00172909 -0.000227505 6.26146e-06 0.00155745
48 0.0010184 -6.46675e-07 0.00160371 -0.000207108 7.1221e-06 0.0016676
48.1 0.00119176 -1.10083e-06 0.001448 -0.000182954 7.69185e-06 0.00175802
48.2 0.00134526 -1.41032e-06 0.00129575 -0.000159224 8.07715e-06 0.00182916
48.3 0.00148812 -1.91211e-06 0.00111715 -0.000132309 8.19937e-06 0.00188138
48.4 0.00160661 -2.24599e-06 0.000945267 -0.000106313 8.09831e-06 0.00191133
48.5 0.00171422 -2.74779e-06 0.00075167 -7.77743e-05 7.76832e-06 0.001924
48.6 0.00179391 -3.05983e-06 0.000568078 -5.06416e-05 7.18752e-06 0.00191226
48.7 0.00186318 -3.51126e-06 0.000367838 -2.16521e-05 6.42547e-06 0.00188576
48.8 0.00190197 -3.75333e-06 0.000180755 5.48035e-06 5.40342e-06 0.00183365
48.9 0.00193158 -4.11108e-06 -1.7682e-05 3.37694e-05 4.25723e-06 0.00177004
49 0.00192916 -4.24551e-06 -0.000200117 5.97951e-05 2.83984e-06 0.00168049
49.1 0.00191948 -4.46915e-06 -0.00038855 8.62843e-05 1.36751e-06 0.00158337
49.2 0.00187729 -4.46119e-06 -0.000558603 0.000110182 -3.72856e-07 0.00146082
49.3 0.00183039 -4.51199e-06 -0.00072942 0.000133874 -2.10007e-06 0.00133517
49.4 0.00175154 -4.3273e-06 -0.000880078 0.000154743 -4.07364e-06 0.00118535
49.5 0.00167106 -4.18327e-06 -0.0010266 0.000174793 -5.96032e-06 0.00103729
49.6 0.00156011 -3.80391e-06 -0.00115189 0.000191886 -8.07279e-06 0.000866936
49.7 0.00145102 -3.4469e-06 -0.0012686 0.000207616 -1.00215e-05 0.000703418
49.8 0.00131377 -2.8636e-06 -0.0013638 0.000220368 -1.2172e-05 0.000520012
49.9 0.00118217 -2.28451e-06 -0.00144655 0.000231293 -1.40823e-05 0.00034853
50 0.00102543 -1.494e-06 -0.00150838 0.00023934 -1.6159e-05 0.000159932
50.1 0.0008782 -6.98983e-07 -0.00155458 0.000245189 -1.79251e-05 -1.18152e-05
50.2 0.000709408 2.88214e-07 -0.00158128 0.000248372 -1.98286e-05 -0.000197678
50.3 0.00055394 1.28747e-06 -0.00158994 0.000249088 -2.1351e-05 -0.000362108
50.4 0.000380881 2.44776e-06 -0.0015814 0.000247465 -2.29782e-05 -0.000537593
50.5 0.000224688 3.62352e-06 -0.00155314 0.000243194 -2.41737e-05 -0.000687585
50.6 5.51071e-05 4.93058e-06 -0.00151077 0.000237016 -2.54389e-05 -0.00084563
50.7 -9.44491e-05 6.25279e-06 -0.00144778 0.000228109 -2.62237e-05 -0.000974794
50.8 -0.00025314 7.66945e-06 -0.00137448 0.000217814 -2.70511e-05 -0.00110921
50.9 -0.000389222 9.09302e-06 -0.0012804 0.000204799 -2.7362e-05 -0.00121218
51 -0.000530367 1.05701e-05 -0.00118028 0.000190971 -2.76985e-05 -0.00131795
51.1 -0.000647486 1.20534e-05 -0.00105929 0.000174423 -2.74999e-05 -0.00139085
