#-0.0543000847941296 1.02415524378119 -0.850581142365343 0.00338369854801421 1.02252573350757 -1.61404545271049 -0.0472364046797348 1.04286711252326 -1.33320407249782 -0.439257894025388 1.00803869236038 0.066084469377482 0.00345659397707467 1.02301782289951 -1.48253347696806 -0.0460490758119105 1.01956324004668 -0.23822857790519
0 0 1.75359 2.83147e-16 0 0 0
0.1 0.147626 1.75302 -0.00341003 0.047584 0.0161851 -1.35071e-05
0.2 0.293072 1.75128 -0.0125225 0.0944414 0.0323347 -0.000166302
0.3 0.438105 1.7484 -0.0271127 0.141245 0.0484208 -0.000514302
0.4 0.580192 1.74436 -0.0477703 0.187155 0.0644112 -0.00123557
0.5 0.720186 1.73918 -0.0736838 0.232498 0.0802741 -0.00235191
0.6 0.856151 1.73289 -0.10542 0.276662 0.0959785 -0.00406551
0.7 0.988482 1.72546 -0.142065 0.319793 0.111494 -0.00636581
0.8 1.1157 1.71694 -0.184103 0.361446 0.12679 -0.00946056
0.9 1.23788 1.70734 -0.230592 0.401649 0.141838 -0.013317
1 1.35392 1.69666 -0.281909 0.440085 0.156608 -0.0181342
1.1 1.46372 1.68494 -0.337105 0.476704 0.171075 -0.023862
1.2 1.56644 1.67219 -0.396447 0.511286 0.18521 -0.0306808
1.3 1.66187 1.65844 -0.458996 0.543734 0.198988 -0.0385272
1.4 1.74942 1.64372 -0.524913 0.573907 0.212385 -0.0475551
1.5 1.82881 1.62805 -0.593282 0.601681 0.225377 -0.0576901
1.6 1.89969 1.61147 -0.66417 0.62698 0.237943 -0.0690543
1.7 1.96174 1.59399 -0.736688 0.649669 0.250061 -0.0815634
1.8 2.0148 1.57566 -0.810823 0.669729 0.261713 -0.0953044
1.9 2.05858 1.55651 -0.885723 0.687022 0.272879 -0.110185
2 2.09309 1.53657 -0.961306 0.701582 0.283545 -0.126254
2.1 2.11806 1.51588 -1.03677 0.713279 0.293694 -0.143412
2.2 2.13368 1.49448 -1.11197 0.722186 0.303314 -0.161672
2.3 2.13973 1.4724 -1.18617 0.728195 0.312391 -0.180926
2.4 2.13653 1.44968 -1.25918 0.731412 0.320916 -0.20115
2.5 2.12394 1.42636 -1.33032 0.73175 0.328881 -0.222233
2.6 2.10239 1.40249 -1.39937 0.729348 0.336278 -0.244113
2.7 2.07183 1.3781 -1.46574 0.724142 0.343101 -0.266679
2.8 2.03281 1.35323 -1.5292 0.7163 0.349347 -0.289836
2.9 1.98532 1.32791 -1.5892 0.705783 0.355013 -0.31347
3 1.93003 1.30221 -1.64555 0.692779 0.360098 -0.337459
3.1 1.86701 1.27616 -1.69776 0.677279 0.364604 -0.361688
3.2 1.79699 1.24979 -1.74565 0.65949 0.368532 -0.386013
3.3 1.72013 1.22314 -1.78883 0.639425 0.371885 -0.410322
3.4 1.63721 1.19626 -1.82714 0.617308 0.37467 -0.434451
3.5 1.54846 1.16919 -1.86028 0.593176 0.376893 -0.458293
3.6 1.4547 1.14197 -1.88811 0.567262 0.378561 -0.481672
3.7 1.35621 1.11465 -1.91042 0.539627 0.379684 -0.504489
3.8 1.25385 1.08724 -1.92712 0.510509 0.380272 -0.526558
3.9 1.14795 1.0598 -1.9381 0.479988 0.380337 -0.547793
4 1.03936 1.03235 -1.9433 0.448303 0.379892 -0.568005
4.1 0.928446 1.00495 -1.94269 0.415554 0.378951 -0.587121
4.2 0.816068 0.977615 -1.93626 0.381974 0.377527 -0.604954
4.3 0.702604 0.950387 -1.92408 0.347677 0.375638 -0.621449
4.4 0.588887 0.923299 -1.90618 0.31289 0.373299 -0.636426
4.5 0.475306 0.896381 -1.88272 0.277735 0.370527 -0.649849
4.6 0.362654 0.869665 -1.85377 0.24243 0.367341 -0.661549
4.7 0.251316 0.843179 -1.81956 0.207104 0.36376 -0.671511
4.8 0.142032 0.816953 -1.78021 0.171959 0.359802 -0.679585
4.9 0.0351721 0.791011 -1.73601 0.137125 0.355487 -0.685775
5 -0.0685922 0.765381 -1.68715 0.10279 0.350834 -0.689951
5.1 -0.168918 0.740085 -1.63396 0.0690821 0.345865 -0.692142
5.2 -0.265211 0.715147 -1.57664 0.0361678 0.340599 -0.692242
5.3 -0.357166 0.690588 -1.51563 0.00417066 0.335058 -0.690302
5.4 -0.444274 0.666425 -1.45112 -0.0267643 0.329261 -0.686239
5.5 -0.526275 0.64268 -1.38359 -0.0565218 0.32323 -0.68013
5.6 -0.602756 0.619368 -1.31327 -0.0849805 0.316986 -0.67192
5.7 -0.673509 0.596503 -1.24065 -0.112036 0.310547 -0.661705
5.8 -0.738218 0.5741 -1.166 -0.137593 0.303936 -0.64946
5.9 -0.796734 0.552173 -1.08981 -0.16156 0.297172 -0.635302
6 -0.848843 0.530731 -1.01235 -0.183866 0.290273 -0.619231
6.1 -0.894455 0.509783 -0.934129 -0.204437 0.283261 -0.601383
6.2 -0.933457 0.489339 -0.855421 -0.223227 0.276154 -0.581787
6.3 -0.965823 0.469406 -0.776724 -0.240179 0.26897 -0.560594
6.4 -0.991538 0.449988 -0.698303 -0.255273 0.261728 -0.537858
6.5 -1.01064 0.43109 -0.62064 -0.268468 0.254443 -0.513742
6.6 -1.0232 0.412715 -0.543984 -0.279772 0.247135 -0.488325
6.7 -1.02932 0.394866 -0.468793 -0.289159 0.239817 -0.461776
6.8 -1.02918 0.377543 -0.395293 -0.296662 0.232505 -0.434196
6.9 -1.02291 0.360746 -0.323905 -0.302274 0.225216 -0.405762
7 -1.01076 0.344473 -0.254827 -0.306048 0.217962 -0.376588
7.1 -0.992954 0.328722 -0.188438 -0.307996 0.210756 -0.346852
7.2 -0.969791 0.31349 -0.124902 -0.308191 0.203612 -0.316684
7.3 -0.941518 0.298772 -0.064548 -0.306659 0.196541 -0.286258
7.4 -0.908518 0.284564 -0.00750078 -0.303493 0.189554 -0.255713
7.5 -0.871066 0.270859 0.0459634 -0.298733 0.18266 -0.225217
7.6 -0.829598 0.257651 0.0957627 -0.292486 0.175871 -0.194914
7.7 -0.784411 0.244933 0.141678 -0.284807 0.169194 -0.164962
7.8 -0.735976 0.232697 0.183672 -0.275815 0.162638 -0.135503
7.9 -0.684609 0.220934 0.221584 -0.265573 0.156209 -0.106683
8 -0.630805 0.209635 0.255421 -0.25421 0.149915 -0.0786423
8.1 -0.574888 0.198791 0.285084 -0.2418 0.14376 -0.0515056
8.2 -0.517362 0.188392 0.310621 -0.228478 0.137749 -0.0254093
8.3 -0.458548 0.178428 0.331994 -0.214322 0.131888 -0.000456581
8.4 -0.398954 0.168887 0.349292 -0.199469 0.12618 0.023226
8.5 -0.338886 0.15976 0.362533 -0.184004 0.120627 0.0455587
8.6 -0.278839 0.151034 0.371846 -0.168063 0.115232 0.0664277
8.7 -0.219098 0.142699 0.377302 -0.15173 0.109998 0.0857785
8.8 -0.160138 0.134744 0.37906 -0.13514 0.104924 0.103513
8.9 -0.102215 0.127156 0.377244 -0.118378 0.100012 0.119602
9 -0.045769 0.119924 0.372042 -0.101569 0.095262 0.133964
9.1 0.00897706 0.113037 0.363618 -0.084796 0.090674 0.1466
9.2 0.0616252 0.106482 0.352184 -0.0681777 0.0862465 0.157445
9.3 0.111992 0.100249 0.337941 -0.0517903 0.0819791 0.166526
9.4 0.159729 0.0943242 0.321117 -0.0357424 0.0778695 0.173797
9.5 0.204695 0.0886986 0.301944 -0.0201034 0.0739166 0.179312
9.6 0.246596 0.0833595 0.280657 -0.00496928 0.0701173 0.183046
9.7 0.28534 0.0782964 0.257511 0.0095988 0.0664698 0.185075
9.8 0.320689 0.0734978 0.232746 0.0235188 0.0629708 0.185394
9.9 0.3526 0.0689533 0.206631 0.036739 0.0596176 0.1841
10 0.380894 0.064652 0.179399 0.0491926 0.0564066 0.181208
10.1 0.405575 0.0605839 0.151328 0.0608381 0.0533349 0.176834
10.2 0.426527 0.0567384 0.122642 0.0716245 0.0503983 0.171008
10.3 0.4438 0.053106 0.0936181 0.0815213 0.0475937 0.163864
10.4 0.457334 0.0496769 0.0644628 0.0904933 0.0449169 0.155447
10.5 0.467227 0.046442 0.0354464 0.0985213 0.0423641 0.145903
10.6 0.473475 0.0433918 0.00675463 0.105586 0.0399315 0.135291
10.7 0.476213 0.0405181 -0.0213561 0.111679 0.0376151 0.123763
10.8 0.475492 0.0378118 -0.0487263 0.116797 0.0354107 0.111389
10.9 0.471482 0.0352652 -0.0751184 0.120942 0.0333146 0.0983292
11 0.464282 0.0328699 -0.100403 0.124125 0.0313226 0.0846576
11.1 0.454089 0.0306188 -0.124366 0.126359 0.0294309 0.0705361
11.2 0.441045 0.0285041 -0.146912 0.127666 0.0276354 0.0560436
11.3 0.42537 0.0265191 -0.167852 0.128071 0.0259325 0.0413385
11.4 0.407242 0.0246567 -0.187127 0.127608 0.0243183 0.0265015
11.5 0.386894 0.0229107 -0.204579 0.126308 0.0227891 0.0116844
11.6 0.364533 0.0212746 -0.220181 0.124216 0.0213413 -0.00303345
11.7 0.3404 0.0197429 -0.233809 0.121369 0.0199713 -0.0175105
11.8 0.314724 0.0183092 -0.245471 0.117823 0.0186759 -0.0316711
11.9 0.287746 0.0169688 -0.255077 0.113619 0.0174515 -0.0453871
12 0.259706 0.015716 -0.262667 0.108821 0.0162951 -0.0585893
12.1 0.230842 0.0145461 -0.268183 0.103471 0.0152034 -0.0711655
12.2 0.201401 0.0134542 -0.271697 0.0976386 0.0141736 -0.0830545
12.3 0.171604 0.0124361 -0.273183 0.0913703 0.0132026 -0.0941629
12.4 0.141698 0.0114872 -0.272743 0.084737 0.0122879 -0.104439
12.5 0.111887 0.0106038 -0.270378 0.077786 0.0114264 -0.113811
12.6 0.0824093 0.00978155 -0.266215 0.0705893 0.0106161 -0.122236
12.7 0.0534448 0.00901725 -0.260284 0.0631934 0.00985395 -0.129663
12.8 0.0252182 0.0083071 -0.25273 0.0556695 0.00913821 -0.136064
12.9 -0.002119 0.007648 -0.243608 0.0480621 0.008466 -0.141409
13 -0.0283608 0.00703664 -0.233078 0.0404399 0.00783582 -0.145682
13.1 -0.0533875 0.00647019 -0.221215 0.0328439 0.00724493 -0.148874
13.2 -0.0770159 0.00594569 -0.208191 0.0253388 0.00669208 -0.150981
13.3 -0.0991601 0.00546057 -0.194096 0.0179614 0.00617464 -0.152016
13.4 -0.119664 0.00501222 -0.179106 0.0107709 0.00569159 -0.151986
13.5 -0.138475 0.00459828 -0.163325 0.00379877 0.0052404 -0.150926
13.6 -0.155468 0.00421646 -0.146928 -0.00290227 0.00482024 -0.14885
13.7 -0.170624 0.0038646 -0.130027 -0.00930655 0.00442871 -0.145815
13.8 -0.183848 0.00354068 -0.112793 -0.0153689 0.00406513 -0.141845
13.9 -0.195157 0.00324273 -0.0953391 -0.0210699 0.0037272 -0.13701
14 -0.204484 0.002969 -0.0778289 -0.0263726 0.00341439 -0.131344
14.1 -0.21188 0.00271768 -0.060375 -0.0312641 0.0031245 -0.124929
14.2 -0.217307 0.00248725 -0.0431265 -0.0357159 0.00285713 -0.117807
14.3 -0.220846 0.00227603 -0.0261919 -0.0397218 0.00261013 -0.110073
14.4 -0.222486 0.00208276 -0.00970345 -0.0432617 0.00238323 -0.10177
14.5 -0.222338 0.00190586 0.00623817 -0.0463361 0.00217438 -0.0930019
14.6 -0.220414 0.00174429 0.0215207 -0.0489335 0.00198337 -0.0838149
14.7 -0.216847 0.00159656 0.0360541 -0.0510602 0.00180824 -0.0743185
14.8 -0.211673 0.00146185 0.0497481 -0.052713 0.00164884 -0.0645582
14.9 -0.205043 0.00133876 0.0625252 -0.053904 0.0015033 -0.0546462
15 -0.197012 0.00122664 0.0743197 -0.0546374 0.00137153 -0.0446262
15.1 -0.187743 0.0011242 0.0850678 -0.0549303 0.00125177 -0.0346101
15.2 -0.17731 0.00103096 0.0947287 -0.0547942 0.00114393 -0.0246374
15.3 -0.165883 0.000945692 0.103254 -0.0542501 0.00104637 -0.014817
15.4 -0.153545 0.000868066 0.110628 -0.0533156 0.000959009 -0.00518301
15.5 -0.140472 0.000796956 0.116816 -0.0520153 0.000880333 0.00416161
15.6 -0.126755 0.000732156 0.121829 -0.0503719 0.000810278 0.0131896
15.7 -0.112565 0.000672615 0.125647 -0.0484124 0.000747434 0.0218062
15.8 -0.097999 0.000618252 0.128304 -0.0461636 0.000691746 0.0299921
15.9 -0.0832226 0.000568088 0.129794 -0.0436539 0.000641931 0.0376626
16 -0.0683303 0.000522152 0.130173 -0.0409137 0.00059793 0.0448072
16.1 -0.0534783 0.000479529 0.129449 -0.0379714 0.000558598 0.0513533
16.2 -0.0387575 0.000440349 0.127695 -0.0348597 0.000523864 0.0572993
16.3 -0.0243093 0.00040376 0.12493 -0.0316066 0.000492729 0.0625857
16.4 -0.0102183 0.000369979 0.121246 -0.0282457 0.000465106 0.06722
16.5 0.00339193 0.000338211 0.116671 -0.0248039 0.000440147 0.0711568
16.6 0.0164458 0.000308745 0.111309 -0.0213148 0.000417749 0.0744126
16.7 0.0288403 0.000280844 0.105196 -0.0178031 0.000397218 0.0769563
16.8 0.0405106 0.000254857 0.0984449 -0.0143017 0.000378431 0.0788129
16.9 0.0513759 0.000230099 0.0910976 -0.0108325 0.00036085 0.0799652
17 0.0613841 0.000206966 0.0832731 -0.0074266 0.00034433 0.0804461
17.1 0.0704779 0.000184823 0.0750162 -0.00410265 0.00032849 0.0802524
17.2 0.0786181 0.000164096 0.0664484 -0.000889328 0.000313158 0.079423
17.3 0.0857715 0.000144202 0.0576151 0.0021985 0.000298111 0.077968
17.4 0.0919125 0.000125585 0.0486371 0.00513517 0.000283145 0.0759314
17.5 0.0970317 0.000107709 0.0395579 0.00790988 0.000268189 0.0733354
17.6 0.101117 9.10231e-05 0.0304946 0.0105005 0.000253008 0.0702272
17.7 0.104181 7.50377e-05 0.0214869 0.0129003 0.000237677 0.0666399
17.8 0.106222 6.01957e-05 0.0126452 0.0150911 0.000221927 0.0626226
17.9 0.107279 4.60508e-05 0.00400363 0.0170704 0.000205969 0.0582173
18 0.10736 3.3029e-05 -0.00433666 0.0188239 0.000189498 0.0534734
18.1 0.10652 2.07261e-05 -0.0123486 0.0203534 0.000172852 0.0484403
18.2 0.104779 9.53998e-06 -0.0199424 0.0216486 0.000155688 0.0431657
18.3 0.102207 -8.92807e-07 -0.0270989 0.0227152 0.000138456 0.0377048
18.4 0.0988353 -1.02095e-05 -0.0337416 0.0235469 0.000120774 0.0321019
18.5 0.0947463 -1.8736e-05 -0.0398601 0.0241528 0.000103195 0.0264162
18.6 0.0899749 -2.61536e-05 -0.0453923 0.0245307 8.52894e-05 0.0206871
18.7 0.0846165 -3.27477e-05 -0.0503365 0.0246926 6.7699e-05 0.0149758
18.8 0.0787092 -3.82511e-05 -0.0546462 0.0246399 4.99504e-05 0.00931549
18.9 0.072356 -4.29126e-05 -0.0583283 0.0243872 3.27543e-05 0.00376776
19 0.0655963 -4.65173e-05 -0.061352 0.0239392 1.55916e-05 -0.0016417
19.1 0.0585375 -4.92757e-05 -0.0637325 0.0233123 -7.66661e-07 -0.00685248
19.2 0.0512184 -5.10343e-05 -0.0654544 0.0225141 -1.68876e-05 -0.0118472
19.3 0.0437473 -5.19629e-05 -0.0665404 0.0215625 -3.19636e-05 -0.0165683
19.4 0.0361608 -5.19668e-05 -0.06699 0.0204673 -4.65991e-05 -0.0210071
19.5 0.0285651 -5.11799e-05 -0.0668322 0.0192471 -5.99624e-05 -0.0251103
19.6 0.0209923 -4.95675e-05 -0.0660807 0.0179134 -7.27032e-05 -0.0288785
19.7 0.013544 -4.72217e-05 -0.0647692 0.0164852 -8.39771e-05 -0.0322631
19.8 0.0062465 -4.417e-05 -0.0629242 0.0149753 -9.44674e-05 -0.0352744
19.9 -0.00080578 -4.04646e-05 -0.060583 0.0134021 -0.000103338 -0.0378694
20 -0.00759375 -3.619e-05 -0.0577831 0.0117791 -0.000111303 -0.0400675
20.1 -0.0140321 -3.13579e-05 -0.0545636 0.0101239 -0.000117543 -0.0418323
20.2 -0.0201098 -2.6108e-05 -0.0509713 0.00845018 -0.000122796 -0.0431916
20.3 -0.0257524 -2.04102e-05 -0.0470457 0.00677395 -0.000126272 -0.0441157
20.4 -0.0309572 -1.44567e-05 -0.0428409 0.00510889 -0.000128729 -0.04464
20.5 -0.0356622 -8.17298e-06 -0.0383947 0.00346895 -0.000129415 -0.0447417
20.6 -0.0398732 -1.79851e-06 -0.033767 0.00186729 -0.000129094 -0.0444631
20.7 -0.0435412 4.7822e-06 -0.0289922 0.000315517 -0.000127064 -0.0437879
20.8 -0.0466803 1.12898e-05 -0.0241339 -0.00117409 -0.000124091 -0.0427638
20.9 -0.0492549 1.78828e-05 -0.0192219 -0.00259253 -0.000119524 -0.041381
21 -0.0512869 2.42455e-05 -0.0143211 -0.00392871 -0.000114117 -0.0396912
21.1 -0.0527543 3.05787e-05 -0.00945556 -0.00517637 -0.000107282 -0.0376903
21.2 -0.0536854 3.65354e-05 -0.00468991 -0.00632584 -9.97494e-05 -0.0354329
21.3 -0.0540716 4.23587e-05 -4.13313e-05 -0.00737372 -9.09955e-05 -0.0329199
21.4 -0.0539468 4.76783e-05 0.00442759 -0.00831189 -8.17174e-05 -0.0302069
21.5 -0.0533147 5.2774e-05 0.00870733 -0.00913978 -7.14577e-05 -0.0272995
21.6 -0.0522132 5.7258e-05 0.0127387 -0.00985091 -6.08714e-05 -0.0242526
21.7 -0.0506575 6.14471e-05 0.0165206 -0.0104475 -4.95673e-05 -0.0210754
21.8 -0.0486883 6.49409e-05 0.0199983 -0.0109246 -3.81478e-05 -0.0178211
21.9 -0.0463306 6.80896e-05 0.0231789 -0.0112872 -2.62872e-05 -0.0145014
22 -0.0436263 7.04844e-05 0.0260139 -0.0115318 -1.45256e-05 -0.011166
22.1 -0.0406089 7.25054e-05 0.0285184 -0.0116657 -2.60589e-06 -0.00782902
22.2 -0.0373196 7.37429e-05 0.0306503 -0.0116871 9.00555e-06 -0.00453501
22.3 -0.033799 7.4601e-05 0.0324327 -0.0116052 2.05014e-05 -0.0012994
22.4 -0.0300859 7.46731e-05 0.0338302 -0.0114195 3.14938e-05 0.0018392
22.5 -0.0262264 7.43825e-05 0.0348735 -0.0111409 4.2114e-05 0.00486476
22.6 -0.0222555 7.33295e-05 0.0355341 -0.0107702 5.20578e-05 0.00774571
22.7 -0.0182227 7.19533e-05 0.035849 -0.0103197 6.13993e-05 0.010466
22.8 -0.0141581 6.98632e-05 0.0357969 -0.00979097 6.99244e-05 0.0130019
22.9 -0.0101133 6.75068e-05 0.03542 -0.00919713 7.76498e-05 0.0153377
23 -0.00611177 6.4507e-05 0.034704 -0.00854065 8.44549e-05 0.0174581
23.1 -0.00220561 6.13135e-05 0.033695 -0.00783513 9.03029e-05 0.0193484
23.2 0.00158879 5.75664e-05 0.0323852 -0.00708354 9.51674e-05 0.0210019
23.3 0.00522041 5.37105e-05 0.0308229 -0.00629957 9.89642e-05 0.0224047
23.4 0.00868079 4.94028e-05 0.0290065 -0.00548645 0.000101757 0.0235591
23.5 0.0119211 4.50789e-05 0.0269855 -0.00465758 0.000103416 0.0244523
23.6 0.0149412 4.04149e-05 0.0247632 -0.00381628 0.000104096 0.0250952
23.7 0.0176955 3.58311e-05 0.0223887 -0.00297524 0.000103623 0.0254762
23.8 0.0201924 3.10238e-05 0.0198699 -0.00213768 0.000102238 0.0256143
23.9 0.0223904 2.63905e-05 0.0172541 -0.00131529 9.97256e-05 0.0254991
24 0.024306 2.16503e-05 0.0145523 -0.000511009 9.64067e-05 0.025157
24.1 0.0259024 1.71731e-05 0.0118089 0.000264765 9.20305e-05 0.0245786
24.2 0.0272041 1.27012e-05 0.00903785 0.00100949 8.69879e-05 0.023797
24.3 0.0281792 8.57215e-06 0.00627853 0.00171432 8.09959e-05 0.0228032
24.4 0.0288595 4.55042e-06 0.00354713 0.00237719 7.4506e-05 0.0216365
24.5 0.0292182 9.38447e-07 0.000877276 0.00299097 6.72044e-05 0.020288
24.6 0.0292933 -2.47599e-06 -0.00171354 0.00355415 5.95962e-05 0.0188015
24.7 0.0290632 -5.4292e-06 -0.0041984 0.00406144 5.1339e-05 0.0171683
24.8 0.0285712 -8.11053e-06 -0.00655913 0.00451191 4.29813e-05 0.0154357
24.9 0.0278006 -1.02986e-05 -0.00877629 0.00490216 3.41541e-05 0.0135947
25 0.0267984 -1.21577e-05 -0.0108315 0.00523182 2.54361e-05 0.0116946
25.1 0.0255526 -1.3511e-05 -0.0127134 0.00549942 1.64363e-05 0.00972583
25.2 0.024113 -1.44986e-05 -0.0144039 0.00570508 7.75309e-06 0.00773887
25.3 0.0224716 -1.49871e-05 -0.0158998 0.00584921 -1.02296e-06 0.00572285
25.4 0.0206791 -1.50935e-05 -0.0171836 0.00593235 -9.28715e-06 0.00372831
25.5 0.0187315 -1.47288e-05 -0.0182606 0.0059567 -1.74651e-05 0.00174306
25.6 0.0166788 -1.39848e-05 -0.0191138 0.00592312 -2.49549e-05 -0.000183686
25.7 0.0145205 -1.28148e-05 -0.0197568 0.00583547 -3.21946e-05 -0.00206557
25.8 0.0123045 -1.12877e-05 -0.0201734 0.00569479 -3.85942e-05 -0.00385576
25.9 0.0100329 -9.39862e-06 -0.0203848 0.00550642 -4.46025e-05 -0.00556941
26 0.00775058 -7.18961e-06 -0.0203758 0.00527149 -4.96525e-05 -0.00716311
26.1 0.0054615 -4.69598e-06 -0.0201746 0.0049966 -5.41949e-05 -0.00865344
26.2 0.00320608 -1.93589e-06 -0.0197667 0.0046828 -5.76982e-05 -0.0100012
26.3 0.000989946 1.02167e-06 -0.0191866 0.00433775 -6.0611e-05 -0.0112245
26.4 -0.00115211 4.18266e-06 -0.0184201 0.00396229 -6.24376e-05 -0.0122889
26.5 -0.0032133 7.44405e-06 -0.0175074 0.0035649 -6.36232e-05 -0.0132136
26.6 -0.0051654 1.08368e-05 -0.0164343 0.00314607 -6.37222e-05 -0.0139698
26.7 -0.0070008 1.42328e-05 -0.0152454 0.00271486 -6.31635e-05 -0.0145774
26.8 -0.00869851 1.76838e-05 -0.0139265 0.00227129 -6.15499e-05 -0.0150136
26.9 -0.0102504 2.10373e-05 -0.0125251 0.00182476 -5.93e-05 -0.0152986
27 -0.0116432 2.43709e-05 -0.0110272 0.00137472 -5.60692e-05 -0.0154158
27.1 -0.0128686 2.75115e-05 -0.00948184 0.000930687 -5.22502e-05 -0.0153851
27.2 -0.0139212 3.05578e-05 -0.00787455 0.000491468 -4.75589e-05 -0.0151963
27.3 -0.0147924 3.33242e-05 -0.00625529 6.64442e-05 -4.23598e-05 -0.0148685
27.4 -0.0154849 3.59298e-05 -0.00460873 -0.000346257 -3.64257e-05 -0.0143978
27.5 -0.0159898 3.81786e-05 -0.00298441 -0.000737577 -3.00874e-05 -0.0138019
27.6 -0.0163179 4.02082e-05 -0.00136612 -0.0011101 -2.31746e-05 -0.0130827
27.7 -0.0164598 4.18176e-05 0.000198154 -0.00145526 -1.59827e-05 -0.0122564
27.8 -0.0164337 4.31625e-05 0.0017256 -0.00177636 -8.39701e-06 -0.0113304
27.9 -0.0162298 4.40417e-05 0.00317084 -0.00206549 -6.67761e-07 -0.0103181
28 -0.0158733 4.46232e-05 0.00455202 -0.0023266 7.26715e-06 -0.00923245
28.1 -0.0153536 4.47091e-05 0.00582731 -0.00255257 1.52002e-05 -0.00808371
28.2 -0.0147023 4.44818e-05 0.00701573 -0.00274795 2.31457e-05 -0.0068894
28.3 -0.0139075 4.37478e-05 0.0080798 -0.00290648 3.09469e-05 -0.00565628
28.4 -0.0130066 4.2699e-05 0.0090392 -0.00303324 3.85717e-05 -0.00440599
28.5 -0.0119862 4.11516e-05 0.00986148 -0.0031229 4.59157e-05 -0.00314119
28.6 -0.010888 3.93035e-05 0.0105668 -0.00318095 5.29054e-05 -0.00188708
28.7 -0.00969736 3.69835e-05 0.0111281 -0.003203 5.94902e-05 -0.00064185
28.8 -0.00845938 3.43907e-05 0.0115657 -0.00319484 6.55626e-05 0.000566412
28.9 -0.00715748 3.13671e-05 0.0118584 -0.00315305 7.11217e-05 0.00174419
29 -0.00583932 2.81141e-05 0.012026 -0.00308352 7.60318e-05 0.00286117
29.1 -0.00448628 2.4488e-05 0.0120537 -0.00298383 8.03456e-05 0.00392867
29.2 -0.00314734 2.06852e-05 0.0119602 -0.00285982 8.3903e-05 0.00491475
29.3 -0.00180179 1.65775e-05 0.011737 -0.00270999 8.68052e-05 0.00583562
29.4 -0.000498894 1.23547e-05 0.0114011 -0.00254002 8.88734e-05 0.0066583
29.5 0.000784176 7.90601e-06 0.0109501 -0.00234925 9.02547e-05 0.00740375
29.6 0.0019989 3.41125e-06 0.0103994 -0.00214303 9.07595e-05 0.00803853
29.7 0.00317019 -1.22596e-06 0.00975222 -0.00192151 9.05766e-05 0.00858809
29.8 0.00425121 -5.83804e-06 0.00902128 -0.00168951 8.95066e-05 0.00901906
29.9 0.00526876 -1.05049e-05 0.0082155 -0.00144795 8.77757e-05 0.00936101
30 0.00617856 -1.50751e-05 0.00734446 -0.001201 8.51828e-05 0.0095811
30.1 0.00700903 -1.96131e-05 0.0064222 -0.000950192 8.19837e-05 0.00971249
30.2 0.00771922 -2.39861e-05 0.00545467 -0.000698968 7.79791e-05 0.0097233
30.3 0.00833881 -2.82446e-05 0.00446061 -0.000449422 7.34456e-05 0.0096497
30.4 0.00883079 -3.22736e-05 0.00344184 -0.000204102 6.81942e-05 0.00946105
30.5 0.00922565 -3.61125e-05 0.00242125 3.44099e-05 6.25155e-05 0.00919589
30.6 0.00949085 -3.96674e-05 0.00139619 0.000264523 5.62275e-05 0.00882509
30.7 0.00965712 -4.29669e-05 0.000393105 0.000483259 4.96302e-05 0.00838878
30.8 0.00969683 -4.59372e-05 -0.000595394 0.000690044 4.25537e-05 0.0078596
30.9 0.0096403 -4.85968e-05 -0.00153988 0.000881573 3.52961e-05 0.00727841
31 0.00946507 -5.0895e-05 -0.00245267 0.00105833 2.77068e-05 0.00661983
31.1 0.00920043 -5.28433e-05 -0.00330196 0.00121675 2.00731e-05 0.00592458
31.2 0.00882921 -5.4411e-05 -0.00410502 0.00135837 1.22586e-05 0.00516941
31.3 0.00837896 -5.56026e-05 -0.00482827 0.00147943 4.53384e-06 0.00439407
31.4 0.00783787 -5.6408e-05 -0.00549381 0.00158251 -3.21287e-06 0.00357752
31.5 0.00723105 -5.68285e-05 -0.00606688 0.0016637 -1.07386e-05 0.00275767
31.6 0.00655196 -5.68706e-05 -0.0065742 0.00172656 -1.81371e-05 0.00191579
31.7 0.00582257 -5.6532e-05 -0.00698033 0.00176708 -2.51935e-05 0.00108716
31.8 0.0050415 -5.58382e-05 -0.00731631 0.00178975 -3.19782e-05 0.000255425
31.9 0.00422692 -5.47847e-05 -0.00754649 0.00179046 -3.83198e-05 -0.000547549
32 0.00338234 -5.34062e-05 -0.00770574 0.00177454 -4.42595e-05 -0.00133566
32.1 0.00252156 -5.17033e-05 -0.00775864 0.00173784 -4.96691e-05 -0.00208115
32.2 0.00165274 -4.97217e-05 -0.00774336 0.00168637 -5.45717e-05 -0.00279541
32.3 0.000784689 -4.74579e-05 -0.00762511 0.00161597 -5.88829e-05 -0.00345536
32.4 -7.00568e-05 -4.49669e-05 -0.00744465 0.00153325 -6.25957e-05 -0.00406984
32.5 -0.00090804 -4.22516e-05 -0.00716819 0.00143402 -6.56811e-05 -0.00462093
32.6 -0.00171281 -3.93679e-05 -0.00683833 0.00132532 -6.81094e-05 -0.00511487
32.7 -0.00248656 -3.63201e-05 -0.00642257 0.00120298 -6.99014e-05 -0.00553928
32.8 -0.00320925 -3.31655e-05 -0.00596458 0.00107431 -7.09979e-05 -0.00589771
32.9 -0.00388897 -2.99143e-05 -0.00543338 0.000935166 -7.1476e-05 -0.00618356
33 -0.00450245 -2.66197e-05 -0.00487285 0.000793003 -7.12498e-05 -0.00639763
33.1 -0.00506372 -2.32982e-05 -0.00425379 0.000643679 -7.0449e-05 -0.00653925
33.2 -0.00554671 -1.99927e-05 -0.00361942 0.000494651 -6.89616e-05 -0.00660639
33.3 -0.00597132 -1.67284e-05 -0.00294253 0.000341808 -6.69661e-05 -0.00660425
33.4 -0.006309 -1.35385e-05 -0.00226478 0.000192446 -6.43284e-05 -0.00652795
33.5 -0.00658532 -1.04528e-05 -0.00156112 4.25077e-05 -6.12717e-05 -0.00638844
33.6 -0.00676965 -7.49127e-06 -0.000870882 -0.000101009 -5.7633e-05 -0.0061779
33.7 -0.00689289 -4.69446e-06 -0.000171303 -0.000242088 -5.36834e-05 -0.00591278
33.8 -0.00692265 -2.06222e-06 0.000501419 -0.000374165 -4.92377e-05 -0.00558231
33.9 -0.00689469 3.55131e-07 0.00116759 -0.000501121 -4.45984e-05 -0.00520805
34 -0.00677519 2.57669e-06 0.00179488 -0.000616935 -3.95592e-05 -0.00477623
34.1 -0.00660422 4.54192e-06 0.002401 -0.000725356 -3.4454e-05 -0.00431313
34.2 -0.00634685 6.29105e-06 0.00295809 -0.00082101 -2.90568e-05 -0.00380197
34.3 -0.00604673 7.75537e-06 0.00348115 -0.000907476 -2.3726e-05 -0.00327318
34.4 -0.00566814 8.99748e-06 0.00394735 -0.000980102 -1.82139e-05 -0.00270704
34.5 -0.00525757 9.93391e-06 0.0043688 -0.00104225 -1.28933e-05 -0.00213748
34.6 -0.00477878 1.06535e-05 0.00472815 -0.00109008 -7.50585e-06 -0.00154198
34.7 -0.0042803 1.10613e-05 0.00503448 -0.00112667 -2.43337e-06 -0.000957317
34.8 -0.00372564 1.127e-05 0.00527623 -0.00114902 2.59744e-06 -0.000358264
34.9 -0.00316448 1.11728e-05 0.00545934 -0.00115992 7.20992e-06 0.000216237
35 -0.00256042 1.0905e-05 0.0055782 -0.00115719 1.16818e-05 0.000793918
35.1 -0.00196338 1.03452e-05 0.00563547 -0.00114327 1.56399e-05 0.00133439
35.2 -0.00133731 9.65405e-06 0.0056316 -0.00111689 1.93692e-05 0.00186763
35.3 -0.000731499 8.69775e-06 0.00556582 -0.00108003 2.2519e-05 0.00235253
35.4 -0.000110554 7.65473e-06 0.00544456 -0.00103226 2.53653e-05 0.002821
35.5 0.000477711 6.38114e-06 0.00526356 -0.000975139 2.75813e-05 0.00323192
35.6 0.00106777 5.07576e-06 0.00503506 -0.000909054 2.94448e-05 0.00361877
35.7 0.00161411 3.57754e-06 0.0047512 -0.000835046 3.06545e-05 0.00394108
35.8 0.00214991 2.1039e-06 0.00442975 -0.00075429 3.14735e-05 0.00423345
35.9 0.00263278 4.83484e-07 0.00405921 -0.000667276 3.16443e-05 0.00445675
36 0.00309428 -1.05481e-06 0.0036625 -0.000575909 3.14105e-05 0.00464623
36.1 0.00349578 -2.69352e-06 0.00322446 -0.000480098 3.05558e-05 0.00476464
36.2 0.00386687 -4.19079e-06 0.00277269 -0.000382416 2.93002e-05 0.00484737
36.3 0.00417338 -5.7423e-06 0.00228838 -0.000282161 2.74806e-05 0.00485961
36.4 0.00444253 -7.1019e-06 0.00180329 -0.000182499 2.52843e-05 0.00483633
36.5 0.00464504 -8.4681e-06 0.00129506 -8.21149e-05 2.2595e-05 0.00474562
36.6 0.00480549 -9.59061e-06 0.000798994 1.53172e-05 1.95725e-05 0.00462143
36.7 0.00489992 -1.06826e-05 0.000289304 0.000111738 1.61583e-05 0.00443519
36.8 0.0049498 -1.14925e-05 -0.000195807 0.000203033 1.24601e-05 0.00421922
36.9 0.00493685 -1.2234e-05 -0.000685334 0.000291755 8.48154e-06 0.0039486
37 0.00487909 -1.26615e-05 -0.00113885 0.000373446 4.28642e-06 0.00365346
37.1 0.00476409 -1.29913e-05 -0.0015883 0.000451241 -6.33759e-08 0.00331278
37.2 0.0046061 -1.2989e-05 -0.00199171 0.000520425 -4.55456e-06 0.00295393
37.3 0.00439859 -1.28713e-05 -0.00238366 0.000584675 -9.06951e-06 0.00255999
37.4 0.0041517 -1.24106e-05 -0.00272133 0.000639098 -1.36516e-05 0.00215497
37.5 0.00386484 -1.18215e-05 -0.00304148 0.000687866 -1.81205e-05 0.00172621
37.6 0.00354375 -1.08966e-05 -0.00330114 0.000725991 -2.25817e-05 0.0012939
37.7 0.00319364 -9.84056e-06 -0.00353882 0.000758075 -2.67966e-05 0.000849631
37.8 0.00281562 -8.46347e-06 -0.00371202 0.000779108 -3.09305e-05 0.000409338
37.9 0.00242047 -6.96238e-06 -0.0038605 0.00079405 -3.46926e-05 -3.1079e-05
38 0.00200451 -5.17009e-06 -0.00394284 0.000797939 -3.83116e-05 -0.000460372
38.1 0.00158379 -3.26826e-06 -0.00399946 0.000796008 -4.14414e-05 -0.000878389
38.2 0.00114974 -1.113e-06 -0.00399059 0.000783408 -4.43796e-05 -0.00127884
38.3 0.000723312 1.12995e-06 -0.00395673 0.000765554 -4.67277e-05 -0.00165742
38.4 0.000290995 3.57403e-06 -0.00386029 0.000737773 -4.88432e-05 -0.00201302
38.5 -0.000121789 6.07992e-06 -0.00374119 0.000705561 -5.02905e-05 -0.00233732
38.6 -0.00053344 8.73219e-06 -0.00356445 0.000664468 -5.14843e-05 -0.00263451
38.7 -0.000914522 1.14119e-05 -0.00336881 0.00061998 -5.19429e-05 -0.00289245
38.8 -0.00128823 1.41723e-05 -0.00312234 0.000567913 -5.2149e-05 -0.00312059
38.9 -0.00162163 1.69281e-05 -0.00286185 0.000513634 -5.15853e-05 -0.00330321
39 -0.00194246 1.96991e-05 -0.00255882 0.000453275 -5.07759e-05 -0.00345498
39.1 -0.00221485 2.24267e-05 -0.00224756 0.000391985 -4.91806e-05 -0.00355681
39.2 -0.00247077 2.51007e-05 -0.00190323 0.000326235 -4.73777e-05 -0.00362834
39.3 -0.002672 2.76997e-05 -0.00155697 0.000260865 -4.47938e-05 -0.00364744
39.4 -0.00285432 3.01741e-05 -0.00118788 0.00019272 -4.2052e-05 -0.00363843
39.5 -0.00297771 3.25426e-05 -0.000823366 0.000126235 -3.85612e-05 -0.00357639
39.6 -0.0030813 3.47231e-05 -0.000446607 5.86548e-05 -3.49703e-05 -0.00348998
39.7 -0.00312384 3.67686e-05 -8.0801e-05 -6.07295e-06 -3.06826e-05 -0.00335179
39.8 -0.00314726 3.85631e-05 0.000286688 -7.02876e-05 -2.63761e-05 -0.00319432
39.9 -0.00310965 4.02045e-05 0.000637362 -0.000130601 -2.1445e-05 -0.00298802
40 -0.00305509 4.15435e-05 0.000979586 -0.000188916 -1.65771e-05 -0.00276868
40.1 -0.00294152 4.27151e-05 0.00129991 -0.000242458 -1.1165e-05 -0.00250494
40.2 -0.00281455 4.35368e-05 0.00160242 -0.000292693 -5.91005e-06 -0.00223526
40.3 -0.00263249 4.41874e-05 0.001879 -0.000337511 -2.13601e-07 -0.00192689
40.4 -0.00244174 4.44501e-05 0.00212947 -0.000377924 5.23123e-06 -0.00162026
40.5 -0.00220149 4.4549e-05 0.00235128 -0.000412521 1.10151e-05 -0.00128157
40.6 -0.00195814 4.42365e-05 0.00254004 -0.000441855 1.64598e-05 -0.000952532
40.7 -0.00167226 4.37694e-05 0.00269879 -0.000465235 2.21255e-05 -0.00059873
40.8 -0.00138953 4.28774e-05 0.00281906 -0.000482757 2.73625e-05 -0.000262402
40.9 -0.00107228 4.18582e-05 0.00290951 -0.000494445 3.27172e-05 9.11019e-05
41 -0.000764712 4.04074e-05 0.00295769 -0.00049994 3.75672e-05 0.000419728
41.1 -0.000431378 3.88595e-05 0.00297774 -0.000499987 4.24198e-05 0.000757931
41.2 -0.000114238 3.68897e-05 0.00295347 -0.000493771 4.67042e-05 0.00106459
41.3 0.000219597 3.48636e-05 0.00290421 -0.000482716 5.08941e-05 0.00137356
41.4 0.000531083 3.2432e-05 0.00281022 -0.000465571 5.44698e-05 0.00164533
41.5 0.000850166 2.99879e-05 0.00269577 -0.000444412 5.78537e-05 0.0019127
41.6 0.0011414 2.71666e-05 0.00253779 -0.000417564 6.05915e-05 0.0021385
41.7 0.00143153 2.43858e-05 0.00236504 -0.000387689 6.30671e-05 0.00235402
41.8 0.00168924 2.12588e-05 0.00215141 -0.00035271 6.48852e-05 0.002525
41.9 0.00193777 1.82265e-05 0.00192964 -0.00031583 6.6371e-05 0.00268084
42 0.00215051 1.48905e-05 0.0016709 -0.000274582 6.7216e-05 0.00279078
42.1 0.00234693 1.17027e-05 0.00141131 -0.000232638 6.76789e-05 0.00288184
42.2 0.00250553 8.25736e-06 0.00111969 -0.000187177 6.75302e-05 0.00292725
42.3 0.00264183 5.01361e-06 0.00083491 -0.00014225 6.69725e-05 0.00295129
42.4 0.00273976 1.55835e-06 0.000523767 -9.47237e-05 6.58539e-05 0.00293156
42.5 0.00281071 -1.64019e-06 0.000227222 -4.89538e-05 6.43072e-05 0.00288922
42.6 0.0028443 -5.00166e-06 -8.95528e-05 -1.51734e-06 6.22775e-05 0.00280656
42.7 0.00284764 -8.06227e-06 -0.00038423 4.30105e-05 5.98198e-05 0.00270124
42.8 0.00281613 -1.12345e-05 -0.000692809 8.8282e-05 5.69629e-05 0.00256052
42.9 0.00275257 -1.40675e-05 -0.000972353 0.000129607 5.36992e-05 0.00239822
43 0.00265814 -1.69702e-05 -0.0012596 0.000170819 5.01384e-05 0.00220669
43.1 0.00253124 -1.94963e-05 -0.00151169 0.000207181 4.61895e-05 0.00199564
43.2 0.0023788 -2.20476e-05 -0.00176564 0.000242669 4.20643e-05 0.00176257
43.3 0.00219482 -2.42016e-05 -0.00197941 0.0002726 3.7594e-05 0.00151286
43.4 0.00199173 -2.63459e-05 -0.00218981 0.000301012 3.30651e-05 0.00124912
43.5 0.00175924 -2.80796e-05 -0.00235629 0.000323358 2.82344e-05 0.000972224
43.6 0.00151499 -2.97703e-05 -0.00251494 0.000343688 2.34729e-05 0.00068979
43.7 0.00124445 -3.10488e-05 -0.00262739 0.000357667 1.84596e-05 0.000398045
43.8 0.000970126 -3.22592e-05 -0.00272849 0.000369285 1.36383e-05 0.000109433
43.9 0.000673448 -3.30634e-05 -0.00278263 0.000374498 8.61862e-06 -0.00018448
44 0.000381308 -3.37847e-05 -0.00282295 0.000377173 3.91593e-06 -0.000466712
44.1 7.12738e-05 -3.41206e-05 -0.00281713 0.000373615 -9.37083e-07 -0.000750334
44.2 -0.000225888 -3.43603e-05 -0.00279607 0.000367499 -5.36255e-06 -0.00101414
44.3 -0.000536176 -3.42417e-05 -0.00273124 0.00035554 -9.89011e-06 -0.00127573
44.4 -0.000825534 -3.40227e-05 -0.00265082 0.000341155 -1.38867e-05 -0.00151008
44.5 -0.00112321 -3.34857e-05 -0.00253049 0.000321517 -1.79471e-05 -0.0017391
44.6 -0.00139248 -3.2851e-05 -0.0023952 0.000299723 -2.1387e-05 -0.00193438
44.7 -0.00166546 -3.1945e-05 -0.00222517 0.000273438 -2.48615e-05 -0.00212192
44.8 -0.00190342 -3.09434e-05 -0.0020417 0.000245372 -2.7649e-05 -0.00227038
44.9 -0.00214088 -2.97214e-05 -0.00182979 0.000213728 -3.04414e-05 -0.00240946
45 -0.0023378 -2.84197e-05 -0.00160678 0.000180773 -3.24964e-05 -0.00250545
45.1 -0.00253066 -2.69571e-05 -0.00136251 0.000145247 -3.45535e-05 -0.00259132
45.2 -0.00267873 -2.54234e-05 -0.00110999 0.000108936 -3.58381e-05 -0.00263148
45.3 -0.0028199 -2.37873e-05 -0.000844076 7.11412e-05 -3.71226e-05 -0.00266172
45.4 -0.00291348 -2.20971e-05 -0.00057314 3.31104e-05 -3.76262e-05 -0.00264513
45.5 -0.00299821 -2.03706e-05 -0.000297054 -5.29258e-06 -3.81429e-05 -0.00261975
45.6 -0.00303406 -1.86019e-05 -1.9333e-05 -4.33859e-05 -3.78895e-05 -0.00254787
45.7 -0.00306003 -1.68546e-05 0.000255244 -8.07512e-05 -3.76705e-05 -0.00246917
45.8 -0.00303739 -1.50793e-05 0.000528116 -0.000117296 -3.67121e-05 -0.00234577
45.9 -0.00300476 -1.33851e-05 0.000789738 -0.000152062 -3.58197e-05 -0.00221833
46 -0.00292533 -1.16751e-05 0.00104657 -0.000185558 -3.42344e-05 -0.00204925
46.1 -0.0028367 -1.01005e-05 0.00128454 -0.000216309 -3.27559e-05 -0.00187954
46.2 -0.00270451 -8.51476e-06 0.0015151 -0.000245429 -3.06456e-05 -0.00167245
46.3 -0.00256475 -7.11476e-06 0.0017199 -0.000270953 -2.86876e-05 -0.0014686
46.4 -0.00238597 -5.70786e-06 0.00191527 -0.000294593 -2.6178e-05 -0.00123264
46.5 -0.0022019 -4.52759e-06 0.00207895 -0.000313924 -2.38636e-05 -0.00100405
46.6 -0.00198451 -3.33808e-06 0.00223191 -0.000331237 -2.10873e-05 -0.000749373
46.7 -0.00176469 -2.40916e-06 0.00234836 -0.000343694 -1.85555e-05 -0.000506304
46.8 -0.00151811 -1.46268e-06 0.00245366 -0.000354122 -1.56515e-05 -0.000243675
46.9 -0.00127228 -8.03441e-07 0.00251888 -0.000359316 -1.30345e-05 3.25124e-06
47 -0.00100698 -1.17759e-07 0.00257336 -0.000362604 -1.01463e-05 0.000262903
47.1 -0.000745782 2.66711e-07 0.00258555 -0.000360463 -7.58879e-06 0.000503118
47.2 -0.000472774 6.96894e-07 0.00258832 -0.000356665 -4.85818e-06 0.000749191
47.3 -0.000207168 8.16757e-07 0.00254794 -0.000347415 -2.48612e-06 0.000972635
47.4 6.24573e-05 1.0054e-06 0.00250028 -0.000336869 -3.63827e-08 0.00119527
47.5 0.00032163 8.83083e-07 0.00240997 -0.000321021 2.03533e-06 0.00139282
47.6 0.000577152 8.54072e-07 0.00231528 -0.000304339 4.09192e-06 0.0015833
47.7 0.000819597 5.25343e-07 0.00217971 -0.000282666 5.75782e-06 0.0017471
47.8 0.00105112 3.17042e-07 0.00204328 -0.000260699 7.32823e-06 0.00189822
47.9 0.00126756 -1.74011e-07 0.00186892 -0.000234184 8.5139e-06 0.00202203
48 0.00146643 -5.12857e-07 0.00169772 -0.000207971 9.53463e-06 0.0021283
48.1 0.00164892 -1.116e-06 0.00149251 -0.000177775 1.01867e-05 0.00220773
48.2 0.00180802 -1.5361e-06 0.00129479 -0.000148504 1.06122e-05 0.00226563
48.3 0.00195032 -2.19027e-06 0.00106784 -0.000115901 1.07068e-05 0.00229825
48.4 0.00206436 -2.6346e-06 0.00085277 -8.48516e-05 1.05244e-05 0.00230633
48.5 0.00216209 -3.28103e-06 0.000613875 -5.11873e-05 1.00554e-05 0.00229174
48.6 0.00222781 -3.69144e-06 0.000391169 -1.96694e-05 9.28458e-06 0.00225067
48.7 0.00227863 -4.27245e-06 0.000150432 1.37124e-05 8.28484e-06 0.00219052
48.8 0.00229488 -4.5903e-06 -7.01192e-05 4.44045e-05 6.96776e-06 0.00210293
48.9 0.00229854 -5.05029e-06 -0.000302736 7.62088e-05 5.49532e-06 0.00200079
49 0.00226621 -5.22983e-06 -0.000511684 0.000104853 3.69184e-06 0.00187122
49.1 0.00222446 -5.514e-06 -0.000726746 0.000133873 1.816e-06 0.00173238
49.2 0.00214657 -5.5074e-06 -0.000915358 0.000159374 -3.77187e-07 0.00156701
49.3 0.00206313 -5.5761e-06 -0.0011044 0.000184565 -2.55255e-06 0.00139825
49.4 0.00194446 -5.351e-06 -0.00126505 0.000205992 -5.02938e-06 0.00120462
49.5 0.00182471 -5.17325e-06 -0.00142086 0.000226483 -7.39775e-06 0.00101387
49.6 0.00167168 -4.70089e-06 -0.00154729 0.000243097 -1.00391e-05 0.000800556
49.7 0.00152246 -4.25428e-06 -0.00166425 0.00025824 -1.24728e-05 0.000596555
49.8 0.00134278 -3.5246e-06 -0.00175187 0.000269534 -1.51445e-05 0.00037277
49.9 0.00117203 -2.80495e-06 -0.00182607 0.00027891 -1.75202e-05 0.000164678
50 0.000974335 -1.82069e-06 -0.00187209 0.000284607 -2.00964e-05 -6.01095e-05
50.1 0.000790704 -8.29003e-07 -0.00190154 0.000288047 -2.22827e-05 -0.000263101
50.2 0.00058421 3.98843e-07 -0.00190506 0.000288118 -2.46318e-05 -0.000479566
50.3 0.000396691 1.64121e-06 -0.00188973 0.000285695 -2.65112e-05 -0.000668646
50.4 0.000190731 3.08679e-06 -0.00185172 0.000280344 -2.85094e-05 -0.000868004
50.5 8.26368e-06 4.54615e-06 -0.00179346 0.000272371 -2.99688e-05 -0.00103508
50.6 -0.000188095 6.17102e-06 -0.00171674 0.000262025 -3.15127e-05 -0.00120944
50.7 -0.000357037 7.80861e-06 -0.00161919 0.000249025 -3.2455e-05 -0.00134751
50.8 -0.000535365 9.55969e-06 -0.00150825 0.000234309 -3.34524e-05 -0.00149017
50.9 -0.000683175 1.13204e-05 -0.00137665 0.000216986 -3.38136e-05 -0.00159357
51 -0.000836111 1.31495e-05 -0.00123725 0.000198671 -3.41965e-05 -0.00169933
51.1 -0.000956802 1.49811e-05 -0.0010773 0.000177781 -3.39151e-05 -0.0017642
