#-0.0631556388695223 1.02875992310046 -0.571816507338916 0.00632417237198937 1.02250246446382 -1.51864906064835 -0.0526792161432455 1.04337972079148 -0.899368312829713 -0.457089260032054 1.01146626156136 0.368886360160503 0.00646633961965444 1.02163356084593 -1.35719286864727 -0.0533027494218615 1.02368035989756 -0.000782840702815311
0 0 1.68751 2.95584e-16 0 0 0
0.1 0.143253 1.68692 -0.00338578 0.0459706 0.0172773 -1.15607e-05
0.2 0.28428 1.68508 -0.0122819 0.0912007 0.0345129 -0.000176649
0.3 0.42499 1.68204 -0.0266125 0.136415 0.0516747 -0.000538758
0.4 0.562656 1.67778 -0.046871 0.180711 0.068725 -0.00130534
0.5 0.698355 1.67232 -0.0722878 0.224491 0.0856275 -0.00247487
0.6 0.829923 1.66568 -0.103412 0.267073 0.102346 -0.00428822
0.7 0.957982 1.65787 -0.139317 0.308675 0.118845 -0.00670285
0.8 1.08084 1.6489 -0.18052 0.348792 0.13509 -0.00997151
0.9 1.19879 1.63879 -0.226022 0.387518 0.151045 -0.0140222
1 1.31055 1.62756 -0.276257 0.42448 0.166681 -0.0191019
1.1 1.41618 1.61524 -0.330201 0.459684 0.181964 -0.0251174
1.2 1.5147 1.60185 -0.388197 0.492869 0.196864 -0.0322975
1.3 1.60605 1.58742 -0.449216 0.523981 0.211351 -0.0405333
1.4 1.68953 1.57197 -0.513507 0.552846 0.225399 -0.0500259
1.5 1.76496 1.55554 -0.580053 0.579375 0.23898 -0.060654
1.6 1.83192 1.53817 -0.64902 0.603469 0.252069 -0.0725844
1.7 1.89019 1.51989 -0.719411 0.625017 0.264643 -0.0856863
1.8 1.93952 1.50072 -0.791319 0.643989 0.276683 -0.100087
1.9 1.97972 1.48072 -0.863779 0.660261 0.288165 -0.115649
2 2.01076 1.45992 -0.936821 0.673863 0.299075 -0.132458
2.1 2.03243 1.43836 -1.00952 0.684671 0.309392 -0.15037
2.2 2.04488 1.41608 -1.08187 0.692765 0.319107 -0.169427
2.3 2.04793 1.39313 -1.15299 0.698031 0.328205 -0.189483
2.4 2.04193 1.36954 -1.22283 0.700589 0.336677 -0.210537
2.5 2.02675 1.34537 -1.2906 0.700344 0.344513 -0.232441
2.6 2.00283 1.32066 -1.35619 0.697449 0.351707 -0.255154
2.7 1.97012 1.29544 -1.41889 0.69183 0.358253 -0.278529
2.8 1.9292 1.26978 -1.47861 0.68367 0.364151 -0.302484
2.9 1.88009 1.2437 -1.5347 0.672918 0.369398 -0.326878
3 1.82345 1.21727 -1.58706 0.659782 0.373997 -0.351595
3.1 1.75937 1.19051 -1.63514 0.644232 0.377949 -0.3765
3.2 1.68861 1.16348 -1.67885 0.6265 0.381261 -0.401445
3.3 1.6113 1.13623 -1.71774 0.606578 0.383936 -0.426306
3.4 1.52831 1.10879 -1.75172 0.584711 0.385986 -0.45091
3.5 1.43978 1.08122 -1.78046 0.560916 0.387417 -0.475144
3.6 1.34664 1.05354 -1.80388 0.535449 0.388245 -0.498819
3.7 1.24909 1.02581 -1.82176 0.508346 0.388477 -0.521834
3.8 1.14807 0.99807 -1.83406 0.479868 0.388133 -0.543987
3.9 1.04384 0.970356 -1.84063 0.450073 0.387225 -0.565198
4 0.937337 0.94271 -1.8415 0.419219 0.385771 -0.585256
4.1 0.828843 0.915169 -1.8366 0.387381 0.383788 -0.604101
4.2 0.719302 0.88777 -1.826 0.354816 0.381297 -0.621522
4.3 0.609 0.860548 -1.80975 0.321608 0.378316 -0.637483
4.4 0.498856 0.833537 -1.78793 0.288008 0.374867 -0.651776
4.5 0.389158 0.806772 -1.7607 0.25411 0.370972 -0.664392
4.6 0.280785 0.780282 -1.72815 0.22015 0.366653 -0.675134
4.7 0.174016 0.754098 -1.69055 0.186232 0.361932 -0.684016
4.8 0.0696696 0.728248 -1.64805 0.152574 0.356834 -0.690859
4.9 -0.0319917 0.702758 -1.60094 0.119282 0.351383 -0.695704
5 -0.130224 0.677653 -1.54942 0.0865564 0.345601 -0.698391
5.1 -0.224795 0.652956 -1.49388 0.0545018 0.339514 -0.69899
5.2 -0.315044 0.628689 -1.43452 0.0232958 0.333146 -0.697364
5.3 -0.400774 0.604872 -1.37176 -0.00695985 0.326522 -0.693611
5.4 -0.481422 0.581523 -1.30587 -0.0361124 0.319666 -0.687618
5.5 -0.556835 0.558659 -1.23729 -0.0640665 0.312603 -0.67951
5.6 -0.626551 0.536295 -1.16629 -0.090696 0.305355 -0.669203
5.7 -0.690466 0.514442 -1.09337 -0.115915 0.297946 -0.656845
5.8 -0.748229 0.493113 -1.01879 -0.139624 0.290401 -0.642383
5.9 -0.799786 0.472317 -0.94308 -0.161749 0.282742 -0.625985
6 -0.844897 0.452065 -0.866483 -0.182221 0.27499 -0.607629
6.1 -0.883564 0.432361 -0.789541 -0.200976 0.267168 -0.587501
6.2 -0.915656 0.413211 -0.712491 -0.217974 0.259295 -0.565607
6.3 -0.941227 0.39462 -0.635869 -0.233166 0.251394 -0.542149
6.4 -0.960257 0.376589 -0.559895 -0.246541 0.243482 -0.517161
6.5 -0.972853 0.359119 -0.48509 -0.258063 0.235579 -0.490855
6.6 -0.979097 0.342212 -0.411646 -0.267749 0.227702 -0.46329
6.7 -0.979146 0.325863 -0.340059 -0.27558 0.219868 -0.434686
6.8 -0.973177 0.310072 -0.27049 -0.281596 0.212094 -0.405122
6.9 -0.961391 0.294834 -0.203398 -0.285794 0.204394 -0.374822
7 -0.944051 0.280145 -0.13891 -0.288238 0.196781 -0.343882
7.1 -0.921399 0.265998 -0.0774391 -0.288938 0.189271 -0.312523
7.2 -0.893772 0.252387 -0.0190728 -0.287982 0.181873 -0.280859
7.3 -0.861443 0.239303 0.0358285 -0.285394 0.1746 -0.2491
7.4 -0.824815 0.226739 0.0872192 -0.281275 0.167462 -0.217373
7.5 -0.784182 0.214686 0.134797 -0.275666 0.160469 -0.185876
7.6 -0.739998 0.203132 0.17856 -0.268684 0.153627 -0.15474
7.7 -0.69257 0.192069 0.218266 -0.260377 0.146946 -0.124146
7.8 -0.642394 0.181485 0.253961 -0.250876 0.140431 -0.0942311
7.9 -0.589777 0.171367 0.285462 -0.240239 0.134087 -0.0651532
8 -0.535241 0.161705 0.312861 -0.228604 0.12792 -0.0370479
8.1 -0.479089 0.152487 0.336039 -0.216036 0.121934 -0.0100485
8.2 -0.421852 0.143698 0.355125 -0.202679 0.116129 0.0157144
8.3 -0.363821 0.135327 0.370068 -0.188601 0.110511 0.0401354
8.4 -0.305525 0.12736 0.381033 -0.17395 0.10508 0.0630923
8.5 -0.24723 0.119785 0.388029 -0.158796 0.0998368 0.0845105
8.6 -0.189455 0.112588 0.391252 -0.143286 0.0947805 0.104279
8.7 -0.132432 0.105755 0.390768 -0.127489 0.0899123 0.122355
8.8 -0.0766567 0.0992745 0.386804 -0.111548 0.0852295 0.138641
8.9 -0.0223228 0.0931321 0.379473 -0.0955288 0.0807318 0.153128
9 0.030109 0.0873145 0.369022 -0.0795686 0.0764156 0.165734
9.1 0.0804871 0.0818094 0.355613 -0.0637313 0.0722799 0.176483
9.2 0.128394 0.0766033 0.339505 -0.0481417 0.0683199 0.18531
9.3 0.173726 0.0716843 0.320898 -0.0328589 0.0645336 0.19227
9.4 0.216116 0.0670391 0.300061 -0.0179956 0.0609161 0.197316
9.5 0.255508 0.0626562 0.27722 -0.00360416 0.0574644 0.200534
9.6 0.291592 0.0585232 0.252646 0.0102166 0.054173 0.201897
9.7 0.324365 0.0546291 0.226589 0.0234229 0.0510385 0.201517
9.8 0.353574 0.0509618 0.199311 0.035931 0.0480551 0.199384
9.9 0.379267 0.0475112 0.171077 0.0477063 0.045219 0.195636
10 0.40125 0.0442657 0.142135 0.0586809 0.0425241 0.190276
10.1 0.41962 0.0412159 0.112757 0.0688305 0.0399662 0.183468
10.2 0.434248 0.0383509 0.08317 0.0781038 0.0375395 0.17523
10.3 0.445273 0.0356621 0.0536455 0.0864865 0.0352396 0.165741
10.4 0.452624 0.0331392 0.0243846 0.0939444 0.0330606 0.15503
10.5 0.456484 0.0307744 -0.00434845 0.100473 0.030998 0.143291
10.6 0.45684 0.0285582 -0.0323844 0.106055 0.0290464 0.130565
10.7 0.453907 0.0264833 -0.0594723 0.110696 0.0272011 0.117054
10.8 0.447724 0.024541 -0.0854786 0.114394 0.0254568 0.102804
10.9 0.438537 0.0227248 -0.110171 0.117163 0.0238092 0.0880224
11 0.426431 0.0210267 -0.133455 0.119019 0.0222534 0.0727606
11.1 0.411674 0.0194408 -0.155121 0.119983 0.020785 0.0572226
11.2 0.394392 0.0179598 -0.175114 0.120082 0.0193995 0.0414642
11.3 0.374866 0.0165784 -0.193253 0.119347 0.0180929 0.0256828
11.4 0.353256 0.0152901 -0.209524 0.117817 0.016861 0.00993386
11.5 0.329849 0.01409 -0.223773 0.115528 0.0156999 -0.00559594
11.6 0.304834 0.0129722 -0.236028 0.112531 0.0146061 -0.0208537
11.7 0.278492 0.0119326 -0.246166 0.108865 0.0135759 -0.0356673
11.8 0.251032 0.0109656 -0.254251 0.104591 0.0126061 -0.0499891
11.9 0.222729 0.0100677 -0.260196 0.0997502 0.0116932 -0.063665
12 0.1938 0.00923395 -0.264099 0.0944099 0.0108347 -0.0766544
12.1 0.164502 0.00846103 -0.265902 0.088614 0.0100271 -0.0888244
12.2 0.135061 0.00774466 -0.265738 0.0824338 0.00926843 -0.100143
12.3 0.105707 0.00708186 -0.263577 0.0759135 0.00855538 -0.110502
12.4 0.0766643 0.00646878 -0.25958 0.0691267 0.00788637 -0.119877
12.5 0.0481341 0.00590279 -0.253744 0.0621164 0.00725834 -0.128187
12.6 0.0203318 0.00538047 -0.246254 0.0549572 0.00667003 -0.135418
12.7 -0.00657509 0.00489944 -0.237129 0.047689 0.00611857 -0.141513
12.8 -0.0323848 0.00445667 -0.226576 0.0403854 0.00560305 -0.146473
12.9 -0.0569681 0.00405 -0.214631 0.0330826 0.0051207 -0.150265
13 -0.0801411 0.00367678 -0.201513 0.0258511 0.00467095 -0.152899
13.1 -0.101815 0.00333503 -0.187277 0.0187224 0.00425112 -0.154373
13.2 -0.121828 0.0030224 -0.172147 0.0117624 0.00386093 -0.154704
13.3 -0.140132 0.0027371 -0.156189 0.00499709 0.00349776 -0.153915
13.4 -0.156591 0.00247706 -0.139629 -0.0015135 0.00316157 -0.152033
13.5 -0.1712 0.00224061 -0.122542 -0.00774961 0.0028498 -0.149104
13.6 -0.183844 0.00202598 -0.105147 -0.013658 0.0025626 -0.145163
13.7 -0.194561 0.00183158 -0.0875233 -0.0192258 0.00229745 -0.14028
13.8 -0.203266 0.00165589 -0.0698794 -0.0244073 0.00205466 -0.134491
13.9 -0.210034 0.00149741 -0.052296 -0.0291963 0.00183174 -0.127887
14 -0.214802 0.00135486 -0.0349644 -0.0335557 0.00162908 -0.12051
14.1 -0.217683 0.0012268 -0.017963 -0.0374858 0.00144427 -0.112464
14.2 -0.218642 0.00111218 -0.00146268 -0.0409582 0.00127776 -0.103794
14.3 -0.21782 0.00100963 0.014464 -0.0439797 0.00112714 -0.0946183
14.4 -0.215205 0.000918272 0.0296704 -0.0465305 0.000992932 -0.0849787
14.5 -0.210968 0.000836802 0.0440922 -0.0486238 0.000872761 -0.075004
14.6 -0.205113 0.000764558 0.0576096 -0.050248 0.000767177 -0.0647335
14.7 -0.197834 0.000700263 0.0701689 -0.0514219 0.000673835 -0.0543019
14.8 -0.189156 0.000643448 0.0816794 -0.052142 0.000593299 -0.0437437
14.9 -0.179283 0.000592873 0.0920987 -0.0524318 0.000523275 -0.0331958
15 -0.168256 0.000548253 0.101366 -0.0522953 0.000464314 -0.022686
15.1 -0.156291 0.000508383 0.109453 -0.05176 0.000414196 -0.0123506
15.2 -0.143437 0.000473149 0.116329 -0.0508367 0.000373449 -0.00220867
15.3 -0.129916 0.000441382 0.121977 -0.0495556 0.000339935 0.0076074
15.4 -0.11578 0.000413134 0.126396 -0.0479338 0.00031415 0.0170883
15.5 -0.10125 0.000387268 0.129582 -0.046003 0.00029407 0.0261087
15.6 -0.0863841 0.000363993 0.131565 -0.0437853 0.000280145 0.03467
15.7 -0.0713938 0.000342208 0.132349 -0.0413136 0.000270485 0.0426564
15.8 -0.0563356 0.000322265 0.13199 -0.0386137 0.000265496 0.0500805
15.9 -0.04141 0.0003031 0.130505 -0.0357185 0.000263441 0.0568384
16 -0.0266695 0.000285197 0.127973 -0.0326565 0.000264678 0.0629543
16.1 -0.0122977 0.000267529 0.124418 -0.0294597 0.000267646 0.0683375
16.2 0.00165922 0.000250695 0.119941 -0.0261583 0.000272652 0.0730236
16.3 0.0150385 0.000233708 0.114572 -0.022782 0.000278326 0.0769369
16.4 0.0278026 0.000217266 0.108428 -0.0193622 0.000284925 0.0801232
16.5 0.0398125 0.000200421 0.101543 -0.0159259 0.000291285 0.0825226
16.6 0.0510405 0.000183959 0.0940489 -0.012504 0.00029761 0.0841906
16.7 0.0613742 0.000166965 0.0859793 -0.00911978 0.000302959 0.0850833
16.8 0.0707968 0.000150295 0.0774763 -0.00580363 0.000307474 0.085264
16.9 0.0792235 0.000133075 0.0685725 -0.00257441 0.000310448 0.084705
17 0.0866492 0.000116208 0.0594151 0.000539198 0.000311962 0.083476
17.1 0.0930176 9.88603e-05 0.0500335 0.0035229 0.000311547 0.0815647
17.2 0.0983342 8.19665e-05 0.0405765 0.00635043 0.00030922 0.0790452
17.3 0.102572 6.47281e-05 0.0310677 0.00901232 0.000304751 0.0759199
17.4 0.105746 4.80946e-05 0.0216539 0.0114852 0.000298092 0.0722652
17.5 0.107857 3.1303e-05 0.0123514 0.0137646 0.000289244 0.0680968
17.6 0.10893 1.52979e-05 0.00330131 0.0158304 0.00027809 0.0634912
17.7 0.108991 -6.48405e-07 -0.005489 0.0176832 0.000264856 0.0584763
17.8 0.108073 -1.56138e-05 -0.0138872 0.0193062 0.000249347 0.0531262
17.9 0.106225 -3.02912e-05 -0.0218956 0.0207049 0.000232007 0.0474791
18 0.103486 -4.37975e-05 -0.0293936 0.0218662 0.000212555 0.0416049
18.1 0.0999275 -5.67903e-05 -0.0363939 0.0228 0.000191634 0.0355499
18.2 0.0955906 -6.84402e-05 -0.0427896 0.0234968 0.000168875 0.0293777
18.3 0.0905645 -7.93678e-05 -0.0486041 0.0239705 0.000145101 0.0231412
18.4 0.0848921 -8.88114e-05 -0.0537458 0.0242153 0.000119851 0.0168956
18.5 0.0786771 -9.7353e-05 -0.0582486 0.0242483 9.41107e-05 0.0106984
18.6 0.0719612 -0.00010431 -0.0620376 0.0240673 6.73177e-05 0.00459442
18.7 0.0648589 -0.000110224 -0.0651561 0.023692 4.05977e-05 -0.00135566
18.8 0.0574085 -0.000114501 -0.0675466 0.0231234 1.32898e-05 -0.00711859
18.9 0.0497319 -0.00011764 -0.0692608 0.0223833 -1.33689e-05 -0.0126326
19 0.0418617 -0.000119143 -0.0702589 0.0214751 -4.0143e-05 -0.0178773
19.1 0.0339236 -0.000119461 -0.0705993 0.0204224 -6.56994e-05 -0.0227912
19.2 0.0259425 -0.000118201 -0.0702594 0.0192307 -9.09079e-05 -0.027367
19.3 0.0180445 -0.000115761 -0.0693028 0.0179242 -0.000114378 -0.0315454
19.4 0.0102453 -0.000111853 -0.0677231 0.0165102 -0.000137071 -0.0353327
19.5 0.00266819 -0.000106823 -0.0655875 0.015013 -0.000157556 -0.0386725
19.6 -0.00468161 -0.000100486 -0.0629044 0.0134411 -0.000176901 -0.0415849
19.7 -0.0116866 -9.31244e-05 -0.0597422 0.011818 -0.00019365 -0.0440173
19.8 -0.0183528 -8.46628e-05 -0.056123 0.0101532 -0.000208955 -0.046003
19.9 -0.0245711 -7.5323e-05 -0.0521139 0.00846888 -0.000221377 -0.0474938
20 -0.030359 -6.51204e-05 -0.047749 0.00677475 -0.000232142 -0.0485357
20.1 -0.0356178 -5.42095e-05 -0.0430923 0.00509104 -0.00023983 -0.0490855
20.2 -0.0403767 -4.27101e-05 -0.0381876 0.00342761 -0.000245737 -0.0492002
20.3 -0.0445489 -3.06966e-05 -0.0330935 0.00180213 -0.000248492 -0.0488422
20.4 -0.0481749 -1.83779e-05 -0.0278618 0.000224135 -0.000249432 -0.0480778
20.5 -0.0511808 -5.75541e-06 -0.0225436 -0.00129158 -0.000247249 -0.0468749
20.6 -0.0536174 6.87974e-06 -0.0171968 -0.00273613 -0.000243314 -0.0453079
20.7 -0.0554245 1.9604e-05 -0.0118632 -0.00409789 -0.000236393 -0.0433494
20.8 -0.0566619 3.20537e-05 -0.00660464 -0.00536892 -0.000227874 -0.0410804
20.9 -0.0572834 4.43886e-05 -0.00145233 -0.00654096 -0.0002166 -0.0384779
21 -0.0573562 5.61727e-05 0.00352989 -0.00760711 -0.000203958 -0.0356268
21.1 -0.0568478 6.76493e-05 0.00832258 -0.00856262 -0.00018889 -0.0325085
21.2 -0.0558309 7.83303e-05 0.0128616 -0.00940177 -0.000172749 -0.0292098
21.3 -0.0542861 8.85354e-05 0.0171401 -0.0101233 -0.000154576 -0.0257158
21.4 -0.0522896 9.77293e-05 0.0210951 -0.0107227 -0.000135685 -0.022113
21.5 -0.0498342 0.000106312 0.0247328 -0.011202 -0.000115215 -0.0183895
21.6 -0.0469973 0.000113709 0.0279928 -0.0115581 -9.44113e-05 -0.0146293
21.7 -0.0437832 0.000120398 0.0308942 -0.0117961 -7.25182e-05 -0.010823
21.8 -0.0402674 0.000125773 0.0333802 -0.0119139 -5.06896e-05 -0.00705019
21.9 -0.0364645 0.00013038 0.0354826 -0.0119199 -2.8282e-05 -0.00330345
22 -0.0324468 0.000133597 0.037149 -0.0118126 -6.34062e-06 0.000344121
22.1 -0.0282368 0.00013603 0.0384231 -0.011603 1.56796e-05 0.00389849
22.2 -0.0239014 0.000137041 0.0392572 -0.0112905 3.68539e-05 0.0072947
22.3 -0.01947 0.000137296 0.0397059 -0.0108884 5.7625e-05 0.0105377
22.4 -0.0150015 0.000136148 0.0397268 -0.0103968 7.72042e-05 0.0135719
22.5 -0.0105312 0.000134311 0.0393839 -0.00983053 9.59352e-05 0.0164018
22.6 -0.00610818 0.000131138 0.0386401 -0.00919017 0.000113186 0.0189824
22.7 -0.00177153 0.000127376 0.0375669 -0.00849176 0.0001292 0.0213175
22.8 0.00244028 0.000122386 0.0361326 -0.00773624 0.000143499 0.023374
22.9 0.00648594 0.000116942 0.0344143 -0.00694035 0.000156237 0.025155
23 0.010339 0.000110415 0.0323853 -0.00610506 0.000167104 0.0266397
23.1 0.013957 0.000103593 0.0301265 -0.0052474 0.000176166 0.0278307
23.2 0.0173264 9.58602e-05 0.0276157 -0.00436819 0.000183277 0.0287193
23.3 0.0204045 8.80093e-05 0.0249353 -0.00348429 0.000188417 0.0293075
23.4 0.0231909 7.94434e-05 0.0220674 -0.00259616 0.00019161 0.0295989
23.5 0.0256441 7.09454e-05 0.0190938 -0.00172005 0.000192754 0.0295946
23.6 0.0277769 6.19397e-05 0.0159998 -0.000855949 0.000192038 0.0293099
23.7 0.0295491 5.31872e-05 0.0128649 -1.91171e-05 0.00018928 0.0287444
23.8 0.0309865 4.41391e-05 0.0096774 0.000791063 0.000184822 0.0279251
23.9 0.0320511 3.55257e-05 0.00651192 0.00156067 0.00017841 0.0268494
24 0.0327807 2.68213e-05 0.00335936 0.002291 0.000170532 0.0255547
24.1 0.0331397 1.87153e-05 0.000287851 0.00296975 0.000160862 0.0240359
24.2 0.033177 1.07099e-05 -0.00270973 0.00359889 0.000150019 0.0223396
24.3 0.0328595 3.44549e-06 -0.00557334 0.00416802 0.000137604 0.0204582
24.4 0.0322458 -3.54427e-06 -0.00830851 0.00467975 0.000124357 0.0184458
24.5 0.0313052 -9.68064e-06 -0.0108646 0.00512573 0.000109814 0.0162917
24.6 0.0301046 -1.53964e-05 -0.013246 0.00550918 9.48118e-05 0.0140562
24.7 0.0286155 -2.01783e-05 -0.0154125 0.00582388 7.88257e-05 0.011725
24.8 0.026911 -2.44239e-05 -0.0173673 0.00607356 6.27688e-05 0.00936343
24.9 0.0249649 -2.76886e-05 -0.0190817 0.00625423 4.60648e-05 0.00695283
25 0.0228543 -3.03365e-05 -0.0205576 0.00636994 2.96858e-05 0.004562
25.1 0.0205551 -3.19974e-05 -0.0217783 0.00641889 1.29989e-05 0.00216793
25.2 0.0181466 -3.29965e-05 -0.0227446 0.00640537 -2.98007e-06 -0.000158852
25.3 0.015606 -3.30375e-05 -0.0234516 0.00632966 -1.89336e-05 -0.00244581
25.4 0.0130131 -3.24059e-05 -0.0238988 0.00619609 -3.3825e-05 -0.00462221
25.5 0.0103459 -3.08849e-05 -0.0240933 0.00600693 -4.83756e-05 -0.00671991
25.6 0.00768275 -2.87165e-05 -0.0240328 0.00576635 -6.15492e-05 -0.00866947
25.7 0.00500245 -2.57597e-05 -0.0237359 0.00547844 -7.4104e-05 -0.0105069
25.8 0.00237942 -2.22155e-05 -0.0231983 0.005147 -8.50254e-05 -0.0121655
25.9 -0.000206691 -1.80105e-05 -0.0224494 0.00477776 -9.50901e-05 -0.0136851
26 -0.00268695 -1.33034e-05 -0.0214825 0.00437398 -0.00010332 -0.0150028
26.1 -0.00508122 -8.09285e-06 -0.0203366 0.00394278 -0.000110518 -0.0161618
26.2 -0.00732758 -2.48919e-06 -0.0190024 0.00348668 -0.000115752 -0.0171041
26.3 -0.00944541 3.44707e-06 -0.0175275 0.00301396 -0.000119831 -0.0178757
26.4 -0.0113811 9.64965e-06 -0.0158992 0.00252624 -0.000121892 -0.0184243
26.5 -0.0131537 1.60016e-05 -0.0141724 0.00203271 -0.000122745 -0.0187977
26.6 -0.0147187 2.24867e-05 -0.0123312 0.00153395 -0.000121591 -0.0189502
26.7 -0.0160945 2.89299e-05 -0.0104362 0.00103981 -0.000119233 -0.0189307
26.8 -0.0172471 3.53646e-05 -0.00846708 0.00054969 -0.00011497 -0.0187004
26.9 -0.0181935 4.15818e-05 -0.00648938 7.38807e-05 -0.000109568 -0.0183081
27 -0.0189105 4.76515e-05 -0.00447854 -0.000389456 -0.000102409 -0.0177223
27.1 -0.0194137 5.3326e-05 -0.00250282 -0.000829858 -9.42395e-05 -0.0169907
27.2 -0.0196911 5.87313e-05 -0.000533391 -0.00125045 -8.45366e-05 -0.0160895
27.3 -0.019756 6.35871e-05 0.00136009 -0.00164078 -7.39875e-05 -0.0150639
27.4 -0.0196075 6.80545e-05 0.0032108 -0.00200525 -6.2173e-05 -0.0138977
27.5 -0.0192563 7.18409e-05 0.00494914 -0.00233366 -4.97344e-05 -0.0126327
27.6 -0.0187121 7.51527e-05 0.00661249 -0.00263162 -3.63337e-05 -0.0112603
27.7 -0.0179826 7.76741e-05 0.00813271 -0.00288935 -2.25441e-05 -0.00981739
27.8 -0.0170876 7.96478e-05 0.00955101 -0.00311359 -8.13749e-06 -0.00830258
27.9 -0.0160309 8.0759e-05 0.010802 -0.0032951 6.39662e-06 -0.00674746
28 -0.0148419 8.12816e-05 0.0119303 -0.00344168 2.11986e-05 -0.00515718
28.1 -0.0135198 8.09013e-05 0.0128744 -0.00354472 3.58617e-05 -0.00355686
28.2 -0.0121025 7.99151e-05 0.0136817 -0.0036129 5.04448e-05 -0.00195796
28.3 -0.0105841 7.80162e-05 0.0142955 -0.00363837 6.4621e-05 -0.000378239
28.4 -0.00901032 7.55315e-05 0.0147652 -0.00363049 7.83764e-05 0.001165
28.5 -0.00736952 7.216e-05 0.0150399 -0.00358221 9.14874e-05 0.00266204
28.6 -0.0057137 6.82413e-05 0.01517 -0.0035034 0.000103858 0.00409032
28.7 -0.00402542 6.3496e-05 0.0151109 -0.00338784 0.000115364 0.00544865
28.8 -0.00236177 5.82754e-05 0.0149132 -0.00324567 0.000125858 0.00670975
28.9 -0.000699077 5.23139e-05 0.0145391 -0.0030715 0.00013531 0.0078813
29 0.000901632 4.59667e-05 0.0140382 -0.00287553 0.000143516 0.00893188
29.1 0.00247035 3.89904e-05 0.0133798 -0.00265323 0.000150541 0.00987809
29.2 0.0039434 3.174e-05 0.0126114 -0.00241456 0.000156139 0.010685
29.3 0.00535704 2.39963e-05 0.0117098 -0.00215583 0.000160481 0.0113779
29.4 0.0066462 1.60975e-05 0.0107191 -0.00188657 0.000163279 0.0119191
29.5 0.00785309 7.84998e-06 0.00962322 -0.00160388 0.000164778 0.0123423
29.6 0.0089124 -4.16695e-07 0.00846213 -0.00131662 0.000164677 0.0126071
29.7 0.0098719 -8.87697e-06 0.00722698 -0.00102264 0.000163303 0.0127554
29.8 0.0106672 -1.72219e-05 0.00595215 -0.000729942 0.000160335 0.0127448
29.9 0.0113509 -2.5604e-05 0.00463583 -0.000437087 0.000156168 0.0126244
30 0.0118606 -3.37408e-05 0.00330595 -0.000150992 0.000150466 0.0123503
30.1 0.0122529 -4.17574e-05 0.00196742 0.00012909 0.000143691 0.0119778
30.2 0.0124683 -4.94058e-05 0.000640807 0.00039749 0.000135507 0.0114622
30.3 0.0125664 -5.6792e-05 -0.00066265 0.00065431 0.000126412 0.0108639
30.4 0.0124915 -6.36974e-05 -0.00193045 0.000895251 0.000116077 0.0101375
30.5 0.0123053 -7.02086e-05 -0.00314543 0.00111982 0.000105032 0.00934766
30.6 0.0119559 -7.61464e-05 -0.00430374 0.00132518 9.29642e-05 0.00844845
30.7 0.0115064 -8.15815e-05 -0.0053828 0.00151029 8.04219e-05 0.00750759
30.8 0.0109094 -8.63723e-05 -0.00638775 0.00167384 6.70974e-05 0.00647914
30.9 0.0102277 -9.05691e-05 -0.00729103 0.00181422 5.35377e-05 0.0054323
31 0.00941911 -9.4072e-05 -0.00810698 0.00193171 3.9471e-05 0.00432158
31.1 0.0085447 -9.69226e-05 -0.00880357 0.00202419 2.54306e-05 0.00321634
31.2 0.00756779 -9.90538e-05 -0.0094043 0.00209346 1.11587e-05 0.00207187
31.3 0.00654648 -0.000100501 -0.00987312 0.00213691 -2.83921e-06 0.000956307
31.4 0.0054498 -0.000101232 -0.0102424 0.00215786 -1.67868e-05 -0.000173914
31.5 0.00433158 -0.000101268 -0.0104728 0.00215318 -3.02221e-05 -0.00125319
31.6 0.0031667 -0.000100617 -0.0106048 0.00212762 -4.3336e-05 -0.00232354
31.7 0.00200348 -9.9297e-05 -0.0105961 0.0020776 -5.57209e-05 -0.00332318
31.8 0.000822732 -9.73421e-05 -0.0104954 0.00200916 -6.75374e-05 -0.00429219
31.9 -0.000333916 -9.47604e-05 -0.0102572 0.00191822 -7.84514e-05 -0.00517376
32 -0.00147965 -9.16151e-05 -0.00993731 0.00181201 -8.85658e-05 -0.0060056
32.1 -0.00258053 -8.79244e-05 -0.0094883 0.00168602 -9.76332e-05 -0.00673694
32.2 -0.00364388 -8.37582e-05 -0.00897192 0.00154845 -0.000105734 -0.00740267
32.3 -0.00464427 -7.91258e-05 -0.0083388 0.00139432 -0.000112682 -0.00795899
32.4 -0.00558311 -7.41282e-05 -0.00765567 0.00123272 -0.000118513 -0.00843749
32.5 -0.0064443 -6.87773e-05 -0.00687181 0.00105819 -0.000123156 -0.00880206
32.6 -0.00722343 -6.31674e-05 -0.0060576 0.000880485 -0.000126586 -0.00908057
32.7 -0.00791414 -5.7321e-05 -0.00516133 0.000693705 -0.000128815 -0.00924519
32.8 -0.00850637 -5.13403e-05 -0.0042558 0.000508065 -0.0001298 -0.00931955
32.9 -0.00900382 -4.52403e-05 -0.00328872 0.000317254 -0.000129642 -0.00928453
33 -0.0093908 -3.91172e-05 -0.00233391 0.000131769 -0.000128225 -0.00915905
33.1 -0.00968117 -3.30086e-05 -0.00133903 -5.5074e-05 -0.000125758 -0.00893292
33.2 -0.00985385 -2.69916e-05 -0.000377531 -0.000232725 -0.000122098 -0.00861989
33.3 -0.00993272 -2.11019e-05 0.0006026 -0.000408186 -0.00011753 -0.00821876
33.4 -0.00989134 -1.54053e-05 0.00152958 -0.000571017 -0.00011185 -0.0077377
33.5 -0.0097633 -9.94956e-06 0.00245457 -0.000728484 -0.000105438 -0.00718438
33.6 -0.00951704 -4.777e-06 0.00330877 -0.000870447 -9.80462e-05 -0.00656098
33.7 -0.00919529 5.09142e-08 0.00414198 -0.00100436 -9.01379e-05 -0.00588376
33.8 -0.00876153 4.53381e-06 0.00488963 -0.00112055 -8.14078e-05 -0.00514866
33.9 -0.00826693 8.58746e-06 0.00559958 -0.00122657 -7.23756e-05 -0.00438004
34 -0.00767024 1.22378e-05 0.00621259 -0.00131337 -6.27153e-05 -0.00356735
34.1 -0.00703021 1.53994e-05 0.00677407 -0.00138849 -5.30023e-05 -0.00274255
34.2 -0.00630106 1.81314e-05 0.00723106 -0.00144363 -4.28511e-05 -0.00188841
34.3 -0.0055481 2.0325e-05 0.00762591 -0.00148623 -3.2888e-05 -0.00104382
34.4 -0.00472135 2.20887e-05 0.00791286 -0.00150884 -2.26905e-05 -0.00018485
34.5 -0.00389155 2.32905e-05 0.00813054 -0.0015187 -1.29185e-05 0.000643487
34.6 -0.00300488 2.40787e-05 0.00824109 -0.00150929 -3.11777e-06 0.00147172
34.7 -0.00213626 2.43032e-05 0.00827881 -0.00148752 6.046e-06 0.00224956
34.8 -0.00122845 2.41531e-05 0.00821426 -0.00144787 1.50471e-05 0.00301394
34.9 -0.000359291 2.34603e-05 0.00807684 -0.0013968 2.32081e-05 0.0037102
35 0.000531421 2.24584e-05 0.00784591 -0.00132985 3.10407e-05 0.00438136
35.1 0.00136426 2.09479e-05 0.00754531 -0.00125289 3.78889e-05 0.00496929
35.2 0.00220176 1.9201e-05 0.00716343 -0.00116255 4.42506e-05 0.00552264
35.3 0.0029642 1.70005e-05 0.00671799 -0.00106402 4.94942e-05 0.00598081
35.4 0.00371592 1.46619e-05 0.00620647 -0.00095498 5.41453e-05 0.00639747
35.5 0.00437817 1.19406e-05 0.00564003 -0.000839855 5.76087e-05 0.00671045
35.6 0.00501633 9.17512e-06 0.00502501 -0.000717379 6.03929e-05 0.00697778
35.7 0.00555391 6.10068e-06 0.00436555 -0.000591081 6.19585e-05 0.00713664
35.8 0.00605653 3.09844e-06 0.00367669 -0.000460741 6.27973e-05 0.00724859
35.9 0.00645111 -1.2986e-07 0.00295518 -0.000328909 6.24337e-05 0.00725106
36 0.00680272 -3.18137e-06 0.00222434 -0.000196355 6.13306e-05 0.0072082
36.1 0.00704275 -6.36785e-06 0.00147329 -6.45876e-05 5.91008e-05 0.00705858
36.2 0.00723483 -9.27865e-06 0.000733086 6.46918e-05 5.61598e-05 0.00686789
36.3 0.0073157 -1.22392e-05 -1.48882e-05 0.000191039 5.21776e-05 0.00657664
36.4 0.0073467 -1.48119e-05 -0.000732428 0.000311898 4.75516e-05 0.00625101
36.5 0.0072709 -1.73673e-05 -0.00144594 0.00042796 4.20556e-05 0.00583419
36.6 0.00714623 -1.94585e-05 -0.00211079 0.000535841 3.59851e-05 0.00539175
36.7 0.00692275 -2.1446e-05 -0.00276098 0.000637353 2.92217e-05 0.0048702
36.8 0.00665419 -2.28971e-05 -0.00334622 0.000728408 2.20092e-05 0.00433334
36.9 0.00629814 -2.41967e-05 -0.00390788 0.000811921 1.43157e-05 0.00373165
37 0.00590313 -2.49059e-05 -0.00439082 0.000883149 6.28952e-06 0.00312604
37.1 0.00543478 -2.54104e-05 -0.00484332 0.00094608 -1.98414e-06 0.00247149
37.2 0.0049356 -2.52948e-05 -0.00520628 0.000995426 -1.04374e-05 0.00182487
37.3 0.00437945 -2.495e-05 -0.00553434 0.00103617 -1.88967e-05 0.00114616
37.4 0.00380195 -2.39756e-05 -0.00576529 0.00106254 -2.74011e-05 0.000487181
37.5 0.00318545 -2.27582e-05 -0.00595941 0.00108047 -3.56639e-05 -0.000186722
37.6 0.00255792 -2.09193e-05 -0.00605224 0.00108377 -4.38365e-05 -0.000829774
37.7 0.00191031 -1.88409e-05 -0.00610893 0.0010792 -5.15212e-05 -0.00147088
37.8 0.00126229 -1.61832e-05 -0.00606366 0.00106028 -5.89787e-05 -0.0020712
37.9 0.000613219 -1.33022e-05 -0.00598545 0.00103446 -6.57306e-05 -0.0026536
38 -2.60103e-05 -9.89798e-06 -0.00580794 0.000995038 -7.2151e-05 -0.00318694
38.1 -0.000647713 -6.31094e-06 -0.00560303 0.000950042 -7.76586e-05 -0.00368788
38.2 -0.00125022 -2.27094e-06 -0.00530466 0.000892607 -8.27505e-05 -0.00413351
38.3 -0.00181777 1.91318e-06 -0.00498642 0.0008312 -8.67458e-05 -0.00453415
38.4 -0.00235813 6.44735e-06 -0.00458339 0.000758885 -9.02677e-05 -0.00487563
38.5 -0.00284788 1.10641e-05 -0.00416971 0.0006844 -9.25595e-05 -0.00516179
38.6 -0.00330427 1.59298e-05 -0.00368229 0.000600812 -9.43461e-05 -0.00538752
38.7 -0.00369665 2.08199e-05 -0.00319457 0.000516974 -9.48084e-05 -0.00555014
38.8 -0.00405163 2.5846e-05 -0.00264605 0.000426035 -9.4762e-05 -0.00565372
38.9 -0.00433177 3.08201e-05 -0.00210832 0.000336825 -9.33126e-05 -0.00568911
39 -0.00457291 3.57982e-05 -0.00152408 0.000242604 -9.14274e-05 -0.00566948
39.1 -0.00473137 4.06755e-05 -0.00096177 0.000152015 -8.81257e-05 -0.00557929
39.2 -0.00485156 4.5434e-05 -0.000368005 5.85651e-05 -8.44211e-05 -0.00544065
39.3 -0.00488432 5.00172e-05 0.000193043 -2.94763e-05 -7.93362e-05 -0.00523174
39.4 -0.00488214 5.43644e-05 0.000770354 -0.000118326 -7.39681e-05 -0.00498321
39.5 -0.00479081 5.84832e-05 0.00130511 -0.000200183 -6.72707e-05 -0.00466719
39.6 -0.00467019 6.22425e-05 0.0018413 -0.000280919 -6.04168e-05 -0.00432235
39.7 -0.00446176 6.57292e-05 0.00232651 -0.000353361 -5.23369e-05 -0.00391502
39.8 -0.00423183 6.87576e-05 0.00279931 -0.000422963 -4.42473e-05 -0.00349117
39.9 -0.00391822 7.14749e-05 0.00321451 -0.000483283 -3.50649e-05 -0.00301171
40 -0.00359267 7.36339e-05 0.00360483 -0.000539303 -2.60428e-05 -0.00252914
40.1 -0.00319012 7.54762e-05 0.00393313 -0.000585418 -1.6084e-05 -0.00199929
40.2 -0.00278656 7.66808e-05 0.00422586 -0.000626064 -6.44937e-06 -0.00148029
40.3 -0.00231477 7.75535e-05 0.00445452 -0.000656561 3.94005e-06 -0.000923388
40.4 -0.00185387 7.77321e-05 0.00463902 -0.000680765 1.3817e-05 -0.000391297
40.5 -0.00133523 7.76022e-05 0.00475999 -0.000694972 2.42524e-05 0.000168763
40.6 -0.000839687 7.67383e-05 0.00483053 -0.000702378 3.40218e-05 0.00069056
40.7 -0.000298033 7.55957e-05 0.00484062 -0.000700312 4.41554e-05 0.0012303
40.8 0.000208362 7.36938e-05 0.00479636 -0.000691289 5.34527e-05 0.00171935
40.9 0.000748595 7.15598e-05 0.00469727 -0.000673677 6.29161e-05 0.00221667
41 0.0012421 6.86702e-05 0.00454233 -0.000649261 7.14109e-05 0.00265239
41.1 0.00175703 6.56181e-05 0.00434052 -0.000617464 7.98821e-05 0.00308747
41.2 0.00221491 6.18236e-05 0.0040836 -0.000579307 8.7266e-05 0.00345194
41.3 0.0026822 5.7942e-05 0.00378981 -0.000535241 9.44523e-05 0.00380799
41.4 0.00308374 5.33562e-05 0.00344377 -0.000485499 0.00010048 0.00408667
41.5 0.0034835 4.87727e-05 0.00307259 -0.00043154 0.000106146 0.00435056
41.6 0.00381081 4.3537e-05 0.0026538 -0.000372793 0.000110605 0.00453284
41.7 0.00412639 3.8396e-05 0.00222285 -0.000311661 0.00011457 0.00469558
41.8 0.00436512 3.26674e-05 0.00175043 -0.000246778 0.000117307 0.00477511
41.9 0.0045838 2.71484e-05 0.00127969 -0.000181407 0.000119471 0.00483212
42 0.00472382 2.11006e-05 0.000774623 -0.000113386 0.000120448 0.00480702
42.1 0.00483712 1.53526e-05 0.000285322 -4.68143e-05 0.00012073 0.00475821
42.2 0.00487256 9.18205e-06 -0.000230376 2.1259e-05 0.000119892 0.00463105
42.3 0.00487678 3.4131e-06 -0.000716421 8.60621e-05 0.000118353 0.00448075
42.4 0.00480658 -2.70909e-06 -0.0012208 0.000151257 0.000115788 0.0042584
42.5 0.00470255 -8.33806e-06 -0.00168236 0.000211462 0.000112494 0.00401504
42.6 0.00453017 -1.42353e-05 -0.00215431 0.000271044 0.00010832 0.00370823
42.7 0.00432336 -1.9542e-05 -0.00257149 0.000324107 0.000103421 0.003384
42.8 0.00405662 -2.50365e-05 -0.0029917 0.000375659 9.78171e-05 0.00300682
42.9 0.00375669 -2.98822e-05 -0.00334684 0.000419417 9.15182e-05 0.00261696
43 0.00340736 -3.4829e-05 -0.00369849 0.000460941 8.4708e-05 0.00218627
43.1 0.00302779 -3.90712e-05 -0.00397679 0.000493688 7.72714e-05 0.00174848
43.2 0.00261104 -4.33478e-05 -0.00424633 0.000523677 6.95303e-05 0.0012831
43.3 0.00216832 -4.6876e-05 -0.00443648 0.000544207 6.12287e-05 0.000816683
43.4 0.00170202 -5.03825e-05 -0.00461402 0.000561687 5.28597e-05 0.000336596
43.5 0.00121509 -5.31236e-05 -0.00470864 0.000569358 4.40136e-05 -0.000138349
43.6 0.000718932 -5.57936e-05 -0.0047883 0.000573893 3.53183e-05 -0.000612854
43.7 0.000208189 -5.76952e-05 -0.00478412 0.00056861 2.62408e-05 -0.00107628
43.8 -0.000297039 -5.9486e-05 -0.00476424 0.000560345 1.75526e-05 -0.00152544
43.9 -0.000810529 -6.05284e-05 -0.0046622 0.000542569 8.56559e-06 -0.00195818
44 -0.00130394 -6.14367e-05 -0.0045453 0.000522168 1.94774e-07 -0.00236361
44.1 -0.00179933 -6.16446e-05 -0.00435047 0.000492883 -8.38615e-06 -0.00274818
44.2 -0.0022608 -6.17022e-05 -0.00414309 0.000461504 -1.61579e-05 -0.00309353
44.3 -0.00271844 -6.11072e-05 -0.00386428 0.000422127 -2.40662e-05 -0.00341481
44.4 -0.0031294 -6.03637e-05 -0.00357656 0.000381353 -3.09792e-05 -0.00368651
44.5 -0.00353144 -5.90448e-05 -0.00322606 0.000333725 -3.79514e-05 -0.00393231
44.6 -0.00387563 -5.75853e-05 -0.00287131 0.000285506 -4.37743e-05 -0.00412001
44.7 -0.00420694 -5.56458e-05 -0.00246418 0.000231743 -4.96287e-05 -0.00428153
44.8 -0.00447112 -5.35727e-05 -0.00205822 0.000178261 -5.42138e-05 -0.0043785
44.9 -0.00471966 -5.11091e-05 -0.00161162 0.0001207 -5.87862e-05 -0.00445063
45 -0.004894 -4.85487e-05 -0.00117214 6.43302e-05 -6.19998e-05 -0.00445399
45.1 -0.00505147 -4.57053e-05 -0.000704686 5.40661e-06 -6.52077e-05 -0.0044355
45.2 -0.00512999 -4.278e-05 -0.000250334 -5.14414e-05 -6.70013e-05 -0.00434622
45.3 -0.00519184 -3.96934e-05 0.000218771 -0.000109273 -6.87963e-05 -0.00423965
45.4 -0.00517258 -3.65504e-05 0.000669031 -0.000164225 -6.91815e-05 -0.00406255
45.5 -0.00513844 -3.33533e-05 0.00112085 -0.000218632 -6.96023e-05 -0.00387406
45.6 -0.0050234 -3.01296e-05 0.00154864 -0.000269445 -6.86241e-05 -0.00361747
45.7 -0.00489669 -2.69589e-05 0.00196519 -0.000318266 -6.77373e-05 -0.00335658
45.8 -0.00469175 -2.37793e-05 0.00235346 -0.00036293 -6.55068e-05 -0.00303191
45.9 -0.00447967 -2.07692e-05 0.00271847 -0.000404281 -6.34404e-05 -0.00271097
46 -0.00419436 -1.77672e-05 0.00305213 -0.000441104 -6.0142e-05 -0.00233232
46.1 -0.00390744 -1.50224e-05 0.00335177 -0.000473459 -5.70756e-05 -0.00196594
46.2 -0.00355419 -1.22996e-05 0.00361832 -0.000501085 -5.28793e-05 -0.00154932
46.3 -0.00320584 -9.92058e-06 0.00384158 -0.000523308 -4.90264e-05 -0.00115382
46.4 -0.0027998 -7.55122e-06 0.00403167 -0.00054083 -4.41846e-05 -0.000716584
46.5 -0.00240548 -5.60477e-06 0.00417091 -0.000552204 -3.97552e-05 -0.000309121
46.6 -0.00196352 -3.66975e-06 0.00427845 -0.000559124 -3.45116e-05 0.000130841
46.7 -0.00154039 -2.21707e-06 0.00432954 -0.000559411 -2.978e-05 0.000532847
46.8 -0.00108057 -7.48137e-07 0.00435211 -0.000555696 -2.44034e-05 0.000957808
46.9 -0.000646478 2.0969e-07 0.00431472 -0.000545102 -1.96192e-05 0.00133753
47 -0.000187108 1.2026e-06 0.00425349 -0.000531138 -1.43439e-05 0.00173069
47.1 0.000240114 1.63986e-06 0.00413073 -0.000510281 -9.75172e-06 0.00207248
47.2 0.000680949 2.16507e-06 0.00399037 -0.000486895 -4.86557e-06 0.0024186
47.3 0.0010842 2.13408e-06 0.00378897 -0.000456811 -6.97971e-07 0.00270875
47.4 0.00148974 2.23427e-06 0.00357736 -0.000425161 3.59733e-06 0.00299477
47.5 0.00185336 1.77485e-06 0.00330703 -0.000387211 7.1449e-06 0.0032219
47.6 0.00220859 1.49093e-06 0.00303489 -0.000348772 1.06549e-05 0.00343744
47.7 0.00251897 6.78797e-07 0.002708 -0.000304617 1.33924e-05 0.00359308
47.8 0.00281127 1.0425e-07 0.00238841 -0.000261115 1.59565e-05 0.00373083
47.9 0.00305743 -9.7016e-07 0.00201942 -0.000212605 1.77611e-05 0.00380963
48 0.0032771 -1.74657e-06 0.00166717 -0.000165909 1.9281e-05 0.00386557
48.1 0.00345107 -2.99106e-06 0.00127198 -0.000115016 2.00808e-05 0.00386552
48.2 0.0035916 -3.87203e-06 0.000902909 -6.70866e-05 2.04886e-05 0.00383905
48.3 0.00368867 -5.17084e-06 0.000498154 -1.58349e-05 2.02445e-05 0.00376148
48.4 0.00374695 -6.0497e-06 0.000128537 3.13605e-05 1.95172e-05 0.00365539
48.5 0.00376584 -7.28048e-06 -0.00026906 8.0993e-05 1.82537e-05 0.00350492
48.6 0.00374235 -8.05224e-06 -0.000623315 0.000125604 1.64681e-05 0.00332519
48.7 0.00368513 -9.12667e-06 -0.000997733 0.000171758 1.4245e-05 0.00310942
48.8 0.00358362 -9.68869e-06 -0.00132165 0.000212057 1.14757e-05 0.00286494
48.9 0.00345563 -1.04913e-05 -0.00165811 0.00025306 8.4066e-06 0.00259414
49 0.00328307 -1.07467e-05 -0.00193834 0.000287554 4.78886e-06 0.00229631
49.1 0.00309259 -1.1195e-05 -0.00222401 0.000322001 1.03881e-06 0.0019829
49.2 0.00285873 -1.10762e-05 -0.00244935 0.000349478 -3.25327e-06 0.00164508
49.3 0.00261652 -1.10873e-05 -0.00267371 0.000376252 -7.50075e-06 0.00130315
49.4 0.00233356 -1.05304e-05 -0.00283554 0.000395841 -1.22339e-05 0.00094009
49.5 0.0020524 -1.00696e-05 -0.00299096 0.000414177 -1.67651e-05 0.000584695
49.6 0.00173408 -9.04262e-06 -0.00308356 0.000425309 -2.17531e-05 0.000211911
49.7 0.00142816 -8.06709e-06 -0.00316539 0.000434793 -2.63382e-05 -0.000141481
49.8 0.00108959 -6.54377e-06 -0.00318613 0.000437311 -3.13078e-05 -0.000508365
49.9 0.000773906 -5.04785e-06 -0.00319293 0.000437903 -3.57081e-05 -0.000844591
50 0.000430595 -3.0461e-06 -0.0031424 0.000431989 -4.04245e-05 -0.0011905
50.1 0.000120208 -1.05453e-06 -0.00307594 0.00042401 -4.4403e-05 -0.00149532
50.2 -0.000212516 1.38788e-06 -0.00295781 0.000410191 -4.86349e-05 -0.00180634
50.3 -0.000503074 3.83811e-06 -0.00282293 0.00039429 -5.19776e-05 -0.00206698
50.4 -0.000810707 6.67384e-06 -0.00264373 0.000373404 -5.55036e-05 -0.00233092
50.5 -0.00106808 9.51364e-06 -0.00244805 0.000350533 -5.80114e-05 -0.00253665
50.6 -0.00133755 1.2664e-05 -0.00221693 0.000323691 -6.06431e-05 -0.00274351
50.7 -0.00155013 1.58062e-05 -0.00197054 0.000295052 -6.21497e-05 -0.00288604
50.8 -0.00177034 1.91731e-05 -0.00169878 0.000263583 -6.37323e-05 -0.00302837
50.9 -0.00192871 2.25197e-05 -0.00141369 0.000230568 -6.41146e-05 -0.00310215
51 -0.00209101 2.5991e-05 -0.00111402 0.000195935 -6.45263e-05 -0.00317538
51.1 -0.00218875 2.94372e-05 -0.000802048 0.00015989 -6.36965e-05 -0.00317771
