#-0.114412084347893 1.03176701043431 0.414023276051924 0.0327972783783719 1.01700698723172 -1.09216276930971 0.0361810688491822 0.750269793424839 -2.1799686228643 0.541949296017537 1.01351801170321 -1.8830075966357 0.0330521266897186 1.01576969209323 -0.960730121189074 0.0998150132120702 1.02355540197703 -2.18057251103916
0 0 1.49711 3.52353e-16 0 0 0
0.1 0.130867 1.49641 -0.00332148 0.0411782 0.021481 8.00825e-06
0.2 0.259396 1.49423 -0.0115877 0.0815936 0.0428922 -0.000215995
0.3 0.387853 1.49064 -0.0252705 0.122089 0.0641857 -0.000612969
0.4 0.512981 1.48562 -0.0443989 0.161613 0.0853009 -0.00155603
0.5 0.636478 1.47919 -0.0685169 0.200759 0.10618 -0.00289614
0.6 0.755497 1.47136 -0.0979561 0.238663 0.126766 -0.00508242
0.7 0.871415 1.46217 -0.131898 0.275759 0.147002 -0.00788191
0.8 0.981777 1.45162 -0.170788 0.311348 0.166835 -0.0117839
0.9 1.08767 1.43976 -0.213606 0.345734 0.18621 -0.0164973
1 1.18704 1.42661 -0.260844 0.378362 0.205078 -0.0225229
1.1 1.28072 1.41221 -0.311337 0.409431 0.223389 -0.0295268
1.2 1.36702 1.39659 -0.365591 0.438521 0.241098 -0.0380008
1.3 1.4466 1.37979 -0.422342 0.465745 0.258159 -0.0475785
1.4 1.51811 1.36186 -0.482082 0.490801 0.274533 -0.0587251
1.5 1.58206 1.34285 -0.543487 0.513735 0.290178 -0.0710536
1.6 1.63743 1.3228 -0.607028 0.534347 0.305064 -0.0849878
1.7 1.68461 1.30176 -0.671352 0.552636 0.319151 -0.10013
1.8 1.72288 1.2798 -0.736906 0.568495 0.332418 -0.116851
1.9 1.75254 1.25695 -0.802333 0.581884 0.344832 -0.134751
2 1.77318 1.23328 -0.868058 0.592781 0.356375 -0.154138
2.1 1.78501 1.20884 -0.932743 0.601121 0.367024 -0.174619
2.2 1.78792 1.18371 -0.996792 0.606955 0.376767 -0.196436
2.3 1.78206 1.15792 -1.05891 0.610203 0.385587 -0.219206
2.4 1.76755 1.13155 -1.11948 0.610981 0.393481 -0.243102
2.5 1.74452 1.10466 -1.17727 0.609201 0.400438 -0.267761
2.6 1.71334 1.0773 -1.23268 0.605036 0.406462 -0.293284
2.7 1.67411 1.04955 -1.28452 0.598395 0.411548 -0.319333
2.8 1.62738 1.02146 -1.33318 0.589499 0.415707 -0.345941
2.9 1.57325 0.993089 -1.3776 0.578262 0.418941 -0.3728
3 1.51245 0.964505 -1.41815 0.564945 0.42127 -0.39988
3.1 1.44505 0.935761 -1.45388 0.549466 0.422698 -0.426906
3.2 1.37199 0.906922 -1.48518 0.532121 0.42325 -0.453786
3.3 1.29327 0.878043 -1.51121 0.512837 0.422943 -0.480292
3.4 1.20997 0.849183 -1.53235 0.491932 0.421803 -0.506272
3.5 1.12209 0.820391 -1.5479 0.469348 0.41985 -0.531547
3.6 1.03079 0.791729 -1.55826 0.445417 0.417119 -0.555918
3.7 0.93607 0.763242 -1.56287 0.420091 0.413632 -0.579256
3.8 0.839151 0.734984 -1.56212 0.393715 0.409431 -0.601319
3.9 0.740018 0.706999 -1.55559 0.36625 0.40454 -0.622035
4 0.639933 0.679336 -1.54369 0.338044 0.399003 -0.641129
4.1 0.53885 0.652034 -1.52613 0.309069 0.39285 -0.658588
4.2 0.43805 0.62514 -1.50333 0.279667 0.386125 -0.674111
4.3 0.337452 0.598685 -1.47515 0.249823 0.378864 -0.687747
4.4 0.238332 0.572712 -1.44198 0.219867 0.37111 -0.699176
4.5 0.140568 0.547247 -1.40382 0.18979 0.362899 -0.708507
4.6 0.0453994 0.522326 -1.36108 0.159908 0.354279 -0.715416
4.7 -0.047336 0.497974 -1.31388 0.13022 0.345286 -0.72007
4.8 -0.136458 0.47422 -1.2626 0.101017 0.335965 -0.722143
4.9 -0.222171 0.451081 -1.20748 0.0723026 0.326356 -0.721864
5 -0.303376 0.428582 -1.14889 0.0443445 0.316502 -0.718911
5.1 -0.380327 0.406735 -1.08718 0.0171494 0.306439 -0.71357
5.2 -0.452016 0.385559 -1.02269 -0.00904709 0.296213 -0.705532
5.3 -0.518752 0.365063 -0.955848 -0.0342365 0.28586 -0.695135
5.4 -0.579634 0.34526 -0.886977 -0.0582161 0.275418 -0.682087
5.5 -0.635021 0.326153 -0.816577 -0.0809778 0.264925 -0.666774
5.6 -0.684133 0.307749 -0.744927 -0.102353 0.254416 -0.648927
5.7 -0.727375 0.290048 -0.672593 -0.122338 0.243925 -0.62897
5.8 -0.764099 0.273052 -0.599805 -0.140799 0.233486 -0.606662
5.9 -0.794752 0.256757 -0.527171 -0.157736 0.223129 -0.582461
6 -0.818819 0.241161 -0.454867 -0.173054 0.212884 -0.556153
6.1 -0.836787 0.226254 -0.383534 -0.186756 0.202779 -0.528221
6.2 -0.848274 0.212033 -0.313285 -0.198782 0.192839 -0.49848
6.3 -0.853798 0.198482 -0.244774 -0.209143 0.183089 -0.467429
6.4 -0.853113 0.185596 -0.178048 -0.217816 0.173549 -0.434914
6.5 -0.846757 0.173356 -0.113765 -0.224813 0.164242 -0.401442
6.6 -0.834615 0.161753 -0.0518961 -0.23015 0.155182 -0.366887
6.7 -0.817236 0.150767 0.00691194 -0.233842 0.146389 -0.331751
6.8 -0.794626 0.140384 0.0627605 -0.235938 0.137874 -0.295938
6.9 -0.767334 0.130586 0.115027 -0.236459 0.129651 -0.259938
7 -0.735484 0.121355 0.163889 -0.23548 0.121727 -0.22368
7.1 -0.699611 0.11267 0.208759 -0.23303 0.114115 -0.187633
7.2 -0.659941 0.104513 0.249886 -0.229209 0.106816 -0.15175
7.3 -0.616987 0.0968624 0.286727 -0.22405 0.0998392 -0.116468
7.4 -0.571066 0.0896987 0.319603 -0.217677 0.0931817 -0.0817597
7.5 -0.522653 0.0829997 0.348023 -0.210121 0.0868509 -0.0480222
7.6 -0.472142 0.0767453 0.372372 -0.201528 0.08084 -0.0152493
7.7 -0.419961 0.0709137 0.392215 -0.19193 0.0751527 0.0162125
7.8 -0.366567 0.0654842 0.407998 -0.181488 0.0697797 0.0463527
7.9 -0.312329 0.0604357 0.419347 -0.170232 0.064722 0.0748802
8 -0.257754 0.0557474 0.426756 -0.158336 0.0599674 0.101772
8.1 -0.203142 0.0513991 0.429916 -0.145825 0.0555151 0.126797
8.2 -0.14903 0.0473704 0.429365 -0.13288 0.0513503 0.149922
8.3 -0.0956427 0.0436423 0.424852 -0.119526 0.0474704 0.170982
8.4 -0.0435387 0.040195 0.416946 -0.105945 0.0438587 0.189935
8.5 0.00714059 0.0370109 0.40546 -0.0921539 0.0405115 0.206684
8.6 0.0558317 0.0340711 0.390981 -0.078336 0.0374106 0.221181
8.7 0.10248 0.0313597 0.373379 -0.064503 0.0345512 0.233398
8.8 0.146529 0.028859 0.353251 -0.0508317 0.0319141 0.243282
8.9 0.188014 0.0265545 0.330518 -0.0373272 0.0294941 0.250876
9 0.226396 0.0244297 0.305774 -0.0241576 0.0272714 0.256123
9.1 0.261801 0.0224722 0.278989 -0.01132 0.0252407 0.259131
9.2 0.293715 0.0206666 0.250737 0.00102851 0.0233818 0.259842
9.3 0.322354 0.0190026 0.221034 0.0128994 0.0216896 0.258428
9.4 0.347237 0.0174657 0.190424 0.0241497 0.0201442 0.25483
9.5 0.368665 0.016048 0.158958 0.0347993 0.0187408 0.249276
9.6 0.386197 0.0147359 0.127143 0.044721 0.0174605 0.241703
9.7 0.400213 0.0135235 0.0950571 0.0539437 0.0162984 0.232398
9.8 0.410315 0.0123984 0.0631577 0.0623579 0.0152371 0.221292
9.9 0.416956 0.0113562 0.0315469 0.0700007 0.0142722 0.208717
10 0.419781 0.010386 0.000621595 0.0767815 0.0133875 0.1946
10.1 0.419307 0.00948521 -0.0294985 0.0827449 0.0125793 0.179314
10.2 0.415226 0.00864362 -0.058484 0.0878195 0.0118332 0.162777
10.3 0.408103 0.00786023 -0.0862032 0.092057 0.0111459 0.145393
10.4 0.397676 0.0071259 -0.1124 0.0954054 0.0105051 0.127074
10.5 0.384551 0.00644091 -0.136937 0.0979217 0.00990804 0.108246
10.6 0.368507 0.00579697 -0.159634 0.0995733 0.00934439 0.0888096
10.7 0.350178 0.00519545 -0.180352 0.100422 0.008812 0.0692061
10.8 0.329382 0.0046289 -0.198994 0.100453 0.00830251 0.0493238
10.9 0.306766 0.00409952 -0.215417 0.099731 0.00781423 0.0296092
11 0.282185 0.00360063 -0.229608 0.0982589 0.00734092 0.00993786
11.1 0.256281 0.00313507 -0.241428 0.0961025 0.00688125 -0.00924782
11.2 0.228946 0.0026968 -0.250943 0.0932803 0.00643106 -0.0280858
11.3 0.200805 0.00228907 -0.258017 0.0898578 0.00598928 -0.0461463
11.4 0.171776 0.00190643 -0.262796 0.0858678 0.00555366 -0.0635806
11.5 0.142458 0.00155232 -0.265147 0.0813733 0.00512329 -0.0799798
11.6 0.11279 0.00122177 -0.26529 0.0764195 0.00469768 -0.0955083
11.7 0.0833337 0.000918274 -0.263098 0.071066 0.0042759 -0.109785
11.8 0.0540439 0.000637276 -0.258853 0.0653679 0.0038591 -0.122987
11.9 0.0254311 0.000382173 -0.252436 0.0593793 0.00344619 -0.134768
12 -0.00253485 0.000148777 -0.244189 0.0531636 0.00303977 -0.145315
12.1 -0.0294047 -5.97573e-05 -0.233992 0.0467682 0.00263852 -0.154322
12.2 -0.0551988 -0.00024731 -0.222238 0.0402622 0.00224626 -0.161984
12.3 -0.0795359 -0.000411073 -0.208808 0.0336848 0.00186129 -0.168039
12.4 -0.10243 -0.000554665 -0.194138 0.0271093 0.00148844 -0.172691
12.5 -0.123574 -0.00067572 -0.178105 0.0205655 0.00112553 -0.175723
12.6 -0.142976 -0.000777609 -0.161175 0.0141287 0.00077816 -0.17734
12.7 -0.160411 -0.000858444 -0.14322 0.00781863 0.000443585 -0.177376
12.8 -0.175883 -0.000921367 -0.12473 0.00171075 0.000127966 -0.176035
12.9 -0.189245 -0.000964994 -0.10557 -0.00418575 -0.000172079 -0.173202
13 -0.200501 -0.00099222 -0.0862371 -0.00979717 -0.000449984 -0.169074
13.1 -0.209587 -0.00100219 -0.0665887 -0.0151252 -0.000709803 -0.163587
13.2 -0.216502 -0.000997547 -0.0471218 -0.0200992 -0.000944751 -0.156929
13.3 -0.221264 -0.000977962 -0.0276834 -0.0247316 -0.00115957 -0.149083
13.4 -0.223869 -0.000945828 -0.00875976 -0.0289565 -0.00134743 -0.140224
13.5 -0.22441 -0.000901305 0.0098136 -0.0327966 -0.00151378 -0.130381
13.6 -0.222877 -0.000846509 0.0275701 -0.0361913 -0.00165184 -0.11971
13.7 -0.219438 -0.000782067 0.0446863 -0.0391735 -0.00176777 -0.108284
13.8 -0.214075 -0.000709762 0.0607237 -0.0416884 -0.00185497 -0.0962371
13.9 -0.20702 -0.000630645 0.0758709 -0.0437784 -0.00192022 -0.0836789
14 -0.198246 -0.000546132 0.089725 -0.0453952 -0.00195717 -0.0707169
14.1 -0.188045 -0.000457644 0.102485 -0.0465893 -0.00197316 -0.0574971
14.2 -0.176376 -0.000366195 0.113792 -0.0473194 -0.00196214 -0.0440959
14.3 -0.163581 -0.000273532 0.123851 -0.0476428 -0.00193189 -0.0306891
14.4 -0.149604 -0.000180244 0.132352 -0.0475253 -0.0018767 -0.0173193
14.5 -0.134827 -8.83585e-05 0.139508 -0.0470295 -0.00180472 -0.00418722
14.6 -0.119176 1.99723e-06 0.145057 -0.0461281 -0.00171059 0.0087005
14.7 -0.103066 8.85611e-05 0.149218 -0.0448875 -0.00160273 0.0211238
14.8 -0.0863977 0.000171697 0.151781 -0.0432871 -0.00147613 0.0331136
14.9 -0.0696109 0.000248955 0.152964 -0.0413955 -0.00133929 0.0444355
15 -0.0525835 0.000321212 0.152612 -0.039198 -0.00118758 0.055159
15.1 -0.0357664 0.000385882 0.150941 -0.0367641 -0.00102948 0.0650403
15.2 -0.0190124 0.000444356 0.147848 -0.0340845 -0.000860654 0.0741873
15.3 -0.00277591 0.000493942 0.143538 -0.0312275 -0.000689396 0.0823516
15.4 0.0131161 0.000536541 0.137963 -0.028189 -0.00051167 0.0896788
15.5 0.0282152 0.000569374 0.131315 -0.0250346 -0.000335456 0.0959201
15.6 0.0427202 0.000594843 0.123595 -0.0217642 -0.000156994 0.101257
15.7 0.0561967 0.000610098 0.114977 -0.0184394 1.61982e-05 0.105444
15.8 0.0688682 0.000618014 0.105509 -0.0150637 0.000187605 0.108695
15.9 0.0803218 0.00061569 0.0953413 -0.0116932 0.000350296 0.110773
16 0.0908043 0.000606444 0.0845638 -0.00833387 0.00050749 0.111922
16.1 0.09993 0.000587343 0.0733015 -0.00503545 0.000652966 0.111911
16.2 0.107966 0.000562103 0.0616805 -0.00180591 0.000789702 0.111012
16.3 0.11456 0.00052776 0.0497945 0.00131254 0.000912282 0.109007
16.4 0.119996 0.000488378 0.0378028 0.00431056 0.00102344 0.106184
16.5 0.123957 0.000440963 0.0257638 0.00715422 0.00111867 0.102343
16.6 0.126742 0.000389863 0.0138644 0.00983334 0.00120045 0.0977852
16.7 0.128072 0.000332045 0.00212524 0.0123228 0.00126523 0.0923254
16.8 0.128254 0.000272071 -0.00924469 0.014612 0.00131523 0.086274
16.9 0.127053 0.00020687 -0.0202646 0.016685 0.00134788 0.0794614
17 0.124775 0.000141146 -0.0307087 0.0185312 0.00136511 0.0722004
17.1 0.121228 7.17925e-05 -0.040637 0.0201437 0.00136536 0.0643382
17.2 0.116715 3.58422e-06 -0.0498119 0.0215122 0.00135022 0.0561831
17.3 0.111087 -6.66173e-05 -0.0583349 0.0226389 0.00131915 0.0475996
17.4 0.104636 -0.000134039 -0.065961 0.0235138 0.00127337 0.038885
17.5 0.0972551 -0.000201847 -0.072832 0.0241477 0.00121335 0.0299211
17.6 0.0892201 -0.000265339 -0.0787005 0.0245311 0.00113988 0.0209882
17.7 0.0804626 -0.000327704 -0.0837464 0.0246828 0.0010544 0.0119845
17.8 0.0712373 -0.000384388 -0.0877235 0.0245937 0.000957259 0.00316797
17.9 0.0615125 -0.000438595 -0.0908473 0.0242898 0.000850796 -0.00554676
18 0.0515152 -0.000485984 -0.0928762 0.0237625 0.000734849 -0.0139297
18.1 0.0412479 -0.000529759 -0.0940575 0.023044 0.000612592 -0.0220503
18.2 0.0309047 -0.000565851 -0.0941569 0.0221259 0.00048331 -0.0297109
18.3 0.0205189 -0.000597441 -0.0934491 0.0210458 0.000350934 -0.036966
18.4 0.0102472 -0.000620786 -0.0917093 0.0197953 0.000214149 -0.0436538
18.5 0.000150385 -0.000639014 -0.0892342 0.0184159 7.75431e-05 -0.0498139
18.6 -0.00965627 -0.000648747 -0.0858107 0.0168993 -6.0819e-05 -0.0553237
18.7 -0.0190879 -0.000653025 -0.0817514 0.01529 -0.000195782 -0.0602084
18.8 -0.0280734 -0.000648872 -0.076856 0.0135791 -0.000329919 -0.0643867
18.9 -0.0365075 -0.000639209 -0.071447 0.011813 -0.000457608 -0.0678693
19 -0.0443648 -0.000621488 -0.0653377 0.00998207 -0.000582067 -0.0706174
19.1 -0.051523 -0.000598475 -0.0588538 0.00813344 -0.000697312 -0.0726276
19.2 -0.0580036 -0.000568067 -0.0518229 0.00625659 -0.000807205 -0.0739035
19.3 -0.0636701 -0.000532837 -0.0445675 0.00439816 -0.000905499 -0.0744278
19.4 -0.0685903 -0.00049114 -0.0369293 0.00254661 -0.000996682 -0.0742459
19.5 -0.0726166 -0.000445311 -0.0292213 0.00074709 -0.00107435 -0.073326
19.6 -0.075862 -0.000394168 -0.0212994 -0.00101305 -0.00114358 -0.0717539
19.7 -0.0781698 -0.000339759 -0.0134606 -0.00269117 -0.00119792 -0.0694835
19.8 -0.0796959 -0.000281356 -0.00557522 -0.00430104 -0.00124298 -0.0666383
19.9 -0.0802769 -0.000220679 0.00208185 -0.00580335 -0.00127232 -0.0631574
20 -0.0801081 -0.000157438 0.0096259 -0.00721297 -0.00129204 -0.059199
20.1 -0.0790212 -9.29938e-05 0.0168094 -0.00849465 -0.00129579 -0.0546875
20.2 -0.0772466 -2.74692e-05 0.0237337 -0.00966425 -0.00129007 -0.0498114
20.3 -0.0746126 3.81673e-05 0.0301832 -0.0106912 -0.00126868 -0.0444806
20.4 -0.0713796 0.000103397 0.0362451 -0.011592 -0.00123844 -0.0389096
20.5 -0.0673739 0.000167674 0.0417395 -0.0123413 -0.00119337 -0.0329934
20.6 -0.0628803 0.000230114 0.0467399 -0.0129562 -0.00114048 -0.026968
20.7 -0.0577236 0.000290602 0.0511053 -0.0134166 -0.00107409 -0.0207136
20.8 -0.0522072 0.000347919 0.0548947 -0.0137397 -0.00100132 -0.0144823
20.9 -0.0461555 0.000402411 0.0580081 -0.013911 -0.000916776 -0.00814023
21 -0.0398835 0.000452546 0.0604902 -0.0139477 -0.000827571 -0.0019503
21.1 -0.0332161 0.000499129 0.0622829 -0.0138404 -0.000728698 0.00423479
21.2 -0.0264736 0.000540372 0.063416 -0.013606 -0.000627121 0.0101468
21.3 -0.0194817 0.000577529 0.0638737 -0.0132406 -0.000518195 0.0159453
21.4 -0.0125594 0.000608565 0.0636705 -0.0127598 -0.000408661 0.0213619
21.5 -0.00553418 0.000635201 0.0628317 -0.0121648 -0.000294284 0.0265673
21.6 0.00128257 0.000655195 0.0613562 -0.0114698 -0.000181404 0.031298
21.7 0.0080611 0.000670674 0.0593091 -0.0106809 -6.62057e-05 0.0357337
21.8 0.0145037 0.000679237 0.0566723 -0.00981037 4.54066e-05 0.0396207
21.9 0.0207773 0.000683414 0.0535487 -0.00886841 0.000156864 0.0431459
22 0.0266034 0.000680637 0.0499029 -0.00786513 0.000262832 0.0460695
22.1 0.0321448 0.000673792 0.0458718 -0.00681449 0.000366289 0.0485831
22.2 0.037147 0.00066021 0.0414025 -0.00572394 0.00046255 0.0504647
22.3 0.0417671 0.000643079 0.0366622 -0.00461062 0.000554184 0.051908
22.4 0.0457796 0.000619635 0.0315799 -0.00347904 0.000637214 0.0527119
22.5 0.049334 0.00059333 0.0263489 -0.00234892 0.000713783 0.0530689
22.6 0.0522368 0.000561333 0.0208798 -0.00122157 0.000780679 0.0528022
22.7 0.0546293 0.000527312 0.0153876 -0.000118681 0.000839621 0.0520996
22.8 0.0563522 0.000488382 0.00976445 0.000961771 0.000888231 0.0508101
22.9 0.0575362 0.000448355 0.0042419 0.00199675 0.000927782 0.0491141
23 0.0580589 0.000404341 -0.0013056 0.00299169 0.000956737 0.0468881
23.1 0.0580381 0.000360234 -0.00663507 0.00392279 0.000975965 0.044301
23.2 0.0573889 0.000313129 -0.0118891 0.00479888 0.000984771 0.0412577
23.3 0.0562146 0.000266948 -0.0168181 0.00559591 0.000983595 0.0379126
23.4 0.0544678 0.000218803 -0.0215806 0.00632605 0.000972584 0.0341991
23.5 0.0522353 0.000172579 -0.0259257 0.0069655 0.000951747 0.0302538
23.6 0.0495064 0.00012542 -0.0300258 0.00752954 0.000922055 0.0260386
23.7 0.0463492 8.11005e-05 -0.0336332 0.00799508 0.000883086 0.0216689
23.8 0.0427884 3.68254e-05 -0.0369327 0.00838021 0.000836562 0.0171345
23.9 0.0388718 -3.77624e-06 -0.0396841 0.00866295 0.000781657 0.0125265
24 0.0346574 -4.34421e-05 -0.0420818 0.00886385 0.000720799 0.00786175
24.1 0.0301704 -7.87447e-05 -0.0438971 0.00896233 0.000652736 0.00320493
24.2 0.0254998 -0.000112333 -0.0453315 0.00898095 0.000580539 -0.00140201
24.3 0.0206472 -0.000141023 -0.0461713 0.00890083 0.000502539 -0.00592279
24.4 0.0157287 -0.00016735 -0.0466216 0.00874599 0.000422384 -0.010292
24.5 0.0107216 -0.000188427 -0.0464868 0.00849944 0.000338005 -0.0145033
24.6 0.00576585 -0.000206668 -0.0459724 0.00818615 0.000253514 -0.0184698
24.7 0.000813542 -0.000219495 -0.0449033 0.0077911 0.000166461 -0.0222159
24.8 -0.00397516 -0.000229177 -0.0434813 0.00733965 8.13439e-05 -0.0256356
24.9 -0.00867365 -0.00023348 -0.0415543 0.00681888 -4.65556e-06 -0.0287843
25 -0.0131055 -0.000234518 -0.0393165 0.00625386 -8.67485e-05 -0.0315387
25.1 -0.017369 -0.000230416 -0.0366398 0.00563382 -0.000168115 -0.0339852
25.2 -0.0212756 -0.000223094 -0.0337076 0.00498297 -0.000243768 -0.035986
25.3 -0.0249475 -0.000211053 -0.0304162 0.00429264 -0.000317197 -0.0376567
25.4 -0.0281878 -0.000196011 -0.0269342 0.00358564 -0.000383332 -0.0388474
25.5 -0.0311414 -0.000176838 -0.0231835 0.00285534 -0.000445942 -0.0397015
25.6 -0.0336068 -0.000155035 -0.0193139 0.00212256 -0.000499967 -0.0400593
25.7 -0.0357491 -0.000129821 -0.0152726 0.00138268 -0.000549406 -0.0400897
25.8 -0.0373664 -0.000102464 -0.0111875 0.000654029 -0.000589275 -0.0396252
25.9 -0.0386413 -7.25357e-05 -0.00703081 -6.60963e-05 -0.000623769 -0.0388575
26 -0.0393743 -4.10516e-05 -0.00290519 -0.000762339 -0.000648073 -0.0376136
26.1 -0.039763 -7.91303e-06 0.00119277 -0.00143556 -0.000666514 -0.036104
26.2 -0.0396135 2.61331e-05 0.0051881 -0.00207373 -0.000674514 -0.0341529
26.3 -0.039134 6.08771e-05 0.00906104 -0.00267598 -0.000676461 -0.0319859
26.4 -0.0381396 9.58337e-05 0.0127663 -0.0032339 -0.000668082 -0.0294257
26.5 -0.0368454 0.000130524 0.0162622 -0.003745 -0.000653786 -0.026709
26.6 -0.0350771 0.000164736 0.0195347 -0.00420469 -0.000629645 -0.0236591
26.7 -0.033053 0.000197743 0.0225216 -0.00460895 -0.000600012 -0.0205191
26.8 -0.0306117 0.000229609 0.0252408 -0.00495711 -0.000561338 -0.0171151
26.9 -0.0279697 0.000259393 0.0276115 -0.00524371 -0.000517871 -0.0136915
27 -0.0249806 0.000287428 0.0296834 -0.00547204 -0.000466496 -0.010079
27.1 -0.0218545 0.000312597 0.0313587 -0.00563525 -0.000411257 -0.00651879
27.2 -0.0184613 0.000335512 0.0327189 -0.00574053 -0.000349478 -0.00284762
27.3 -0.0150006 0.000354902 0.0336504 -0.00577972 -0.000284955 0.000700951
27.4 -0.0113593 0.00037162 0.0342653 -0.00576371 -0.000215459 0.00428259
27.5 -0.00772227 0.000384308 0.0344363 -0.00568311 -0.000144464 0.007676
27.6 -0.00399455 0.000394054 0.034304 -0.00555229 -7.02028e-05 0.0110275
27.7 -0.000341831 0.000399408 0.0337294 -0.00536067 4.22497e-06 0.0141324
27.8 0.00331207 0.000401679 0.0328787 -0.00512575 8.01663e-05 0.0171261
27.9 0.00682422 0.000399386 0.031603 -0.00483583 0.000154951 0.0198244
28 0.0102517 0.000394002 0.0300914 -0.00451117 0.00022947 0.0223502
28.1 0.0134776 0.000384035 0.0281867 -0.00413902 0.000301529 0.0245433
28.2 0.0165399 0.000371139 0.026097 -0.00374193 0.00037164 0.0265127
28.3 0.0193502 0.000353811 0.023659 -0.00330611 0.000438121 0.0281249
28.4 0.0219274 0.000333806 0.0210958 -0.00285599 0.000501062 0.0294738
28.5 0.0242138 0.000309695 0.0182392 -0.00237685 0.000559308 0.0304551
28.6 0.0262093 0.000283312 0.0153233 -0.00189437 0.000612665 0.0311455
28.7 0.0278886 0.000253252 0.012177 -0.00139301 0.000660469 0.0314723
28.8 0.0292325 0.000221433 0.00904053 -0.0008993 0.000702169 0.0314941
28.9 0.0302491 0.000186526 0.00574165 -0.000396895 0.000737732 0.0311697
29 0.0309003 0.00015042 0.00252222 8.74556e-05 0.00076633 0.030539
29.1 0.0312275 0.000111886 -0.000789421 0.000570616 0.000788362 0.0295935
29.2 0.0311745 7.28289e-05 -0.00395452 0.00102614 0.000802804 0.0283524
29.3 0.0308151 3.20748e-05 -0.00714215 0.00147138 0.000810642 0.0268397
29.4 0.0300757 -8.55417e-06 -0.0101215 0.00188064 0.000810571 0.0250534
29.5 0.0290611 -5.00899e-05 -0.0130569 0.00227151 0.000804036 0.0230493
29.6 0.0276809 -9.08093e-05 -0.0157301 0.00261959 0.000789618 0.0208033
29.7 0.026069 -0.00013167 -0.0182988 0.0029425 0.000769175 0.0184015
29.8 0.0241187 -0.000171065 -0.020561 0.00321753 0.000741148 0.0157975
29.9 0.0219906 -0.000209839 -0.0226661 0.00346212 0.000707773 0.0131057
30 0.0195626 -0.000246539 -0.0244322 0.00365563 0.000667376 0.0102571
30.1 0.0170189 -0.000281918 -0.0259982 0.00381509 0.000622546 0.00739221
30.2 0.0142232 -0.000314721 -0.0272055 0.00392224 0.000571515 0.00441967
30.3 0.0113792 -0.000345565 -0.0281806 0.00399338 0.000517074 0.00150294
30.4 0.00833793 -0.000373373 -0.028791 0.00401295 0.000457473 -0.00147111
30.5 0.00531891 -0.000398705 -0.0291488 0.00399628 0.00039568 -0.004319
30.6 0.00216141 -0.000420709 -0.02915 0.00393066 0.00032989 -0.00717487
30.7 -0.000903319 -0.000439809 -0.0288897 0.00383013 0.000263169 -0.00983867
30.8 -0.00404599 -0.000455367 -0.0282943 0.00368501 0.000193751 -0.0124644
30.9 -0.00702811 -0.000467732 -0.0274406 0.0035078 0.000124706 -0.0148388
31 -0.0100285 -0.000476496 -0.0262858 0.0032919 5.43216e-05 -0.0171342
31.1 -0.0128061 -0.000481924 -0.0248867 0.00304796 -1.44255e-05 -0.0191279
31.2 -0.0155457 -0.00048379 -0.023232 0.00277251 -8.31667e-05 -0.0210084
31.3 -0.018008 -0.000482293 -0.0213563 0.00247409 -0.000149035 -0.0225476
31.4 -0.0203816 -0.000477445 -0.0192803 0.00215233 -0.000213603 -0.0239474
31.5 -0.0224334 -0.000469345 -0.017015 0.00181341 -0.000274233 -0.0249779
31.6 -0.0243532 -0.000458184 -0.0146119 0.00145997 -0.000332346 -0.025852
31.7 -0.0259182 -0.000444009 -0.0120575 0.00109563 -0.00038559 -0.0263415
31.8 -0.0273169 -0.000427184 -0.00943289 0.000725939 -0.000435247 -0.0266672
31.9 -0.0283405 -0.000407713 -0.00669937 0.000351756 -0.000479335 -0.0266059
32 -0.0291734 -0.000386077 -0.0039658 -1.86763e-05 -0.000518978 -0.0263829
32.1 -0.0296245 -0.000362215 -0.0011677 -0.000387313 -0.000552532 -0.0257835
32.2 -0.029871 -0.00033675 0.00156031 -0.000743394 -0.000580938 -0.0250337
32.3 -0.0297427 -0.000309581 0.00430843 -0.00109184 -0.000603039 -0.0239304
32.4 -0.0294065 -0.000281416 0.00691884 -0.00141961 -0.000619555 -0.0226965
32.5 -0.0287157 -0.000252104 0.00950719 -0.00173456 -0.000629766 -0.021143
32.6 -0.0278239 -0.000222382 0.0118953 -0.00202161 -0.000634163 -0.0194864
32.7 -0.0266102 -0.000192112 0.0142232 -0.00229153 -0.000632505 -0.0175539
32.8 -0.0252119 -0.000162056 0.0162952 -0.00252747 -0.000625054 -0.0155512
32.9 -0.0235355 -0.000132017 0.0182749 -0.00274308 -0.000612068 -0.0133246
33 -0.0216989 -0.000102753 0.0199524 -0.00291995 -0.00059351 -0.0110653
33.1 -0.0196374 -7.40901e-05 0.0215122 -0.00307438 -0.000570106 -0.00863995
33.2 -0.0174471 -4.67159e-05 0.0227341 -0.00318676 -0.000541572 -0.00622162
33.3 -0.0150926 -2.04552e-05 0.0238217 -0.0032759 -0.000509136 -0.00369894
33.4 -0.0126452 4.08328e-06 0.0245468 -0.00332119 -0.000472169 -0.00122352
33.5 -0.0100993 2.70272e-05 0.0251298 -0.0033436 -0.000432319 0.00129289
33.6 -0.00749933 4.79107e-05 0.0253384 -0.00332188 -0.000388726 0.00372338
33.7 -0.00486938 6.6832e-05 0.0254061 -0.00327889 -0.000343416 0.00613217
33.8 -0.00222522 8.34221e-05 0.0250997 -0.00319293 -0.00029523 0.00841969
33.9 0.000380222 9.77635e-05 0.0246625 -0.00308844 -0.000246617 0.0106257
34 0.00296141 0.000109688 0.0238639 -0.00294349 -0.000196014 0.0126801
34.1 0.00543763 0.000119142 0.0229528 -0.00278362 -0.000146164 0.014598
34.2 0.00785397 0.000126138 0.0217041 -0.00258708 -9.53809e-05 0.0163407
34.3 0.0101033 0.000130608 0.0203689 -0.00238012 -4.6611e-05 0.0178984
34.4 0.0122624 0.000132757 0.0187302 -0.00214122 2.22654e-06 0.019265
34.5 0.0141992 0.000132355 0.0170365 -0.00189691 4.79244e-05 0.0204061
34.6 0.0160215 0.000129844 0.0150824 -0.00162626 9.27419e-05 0.0213489
34.7 0.0175744 0.000124926 0.0131097 -0.00135561 0.000133418 0.022035
34.8 0.0189965 0.000118215 0.0109262 -0.00106474 0.00017245 0.0225245
34.9 0.0201119 0.000109282 0.00876315 -0.000779416 0.000206458 0.0227359
35 0.0210884 9.89828e-05 0.00644415 -0.000480339 0.000238141 0.0227619
35.1 0.0217316 8.67229e-05 0.00418541 -0.000192181 0.000264161 0.0224985
35.2 0.0222367 7.35793e-05 0.00182845 0.000103192 0.000287333 0.0220699
35.3 0.0223936 5.88223e-05 -0.000429503 0.000382594 0.000304392 0.0213508
35.4 0.0224219 4.3699e-05 -0.00272721 0.000662838 0.000318223 0.0204948
35.5 0.0220985 2.73481e-05 -0.0048901 0.000922627 0.000325722 0.0193571
35.6 0.0216647 1.11941e-05 -0.00703561 0.00117733 0.000329877 0.0181181
35.7 0.0208868 -5.81801e-06 -0.00901525 0.00140783 0.000327676 0.0166149
35.8 0.0200245 -2.20322e-05 -0.0109237 0.00162784 0.000322077 0.015052
35.9 0.0188361 -3.86731e-05 -0.0126413 0.00182083 0.000310424 0.0132503
36 0.0175961 -5.39905e-05 -0.014239 0.00199875 0.000295572 0.0114351
36.1 0.0160577 -6.93667e-05 -0.0156286 0.00214785 0.000275132 0.00941272
36.2 0.0145053 -8.28961e-05 -0.0168562 0.00227813 0.000251806 0.00742564
36.3 0.0126902 -9.60858e-05 -0.0178668 0.00237885 0.000223539 0.00526788
36.4 0.0109025 -0.000106954 -0.0186811 0.00245802 0.00019289 0.00319505
36.5 0.00889451 -0.000117219 -0.0192786 0.00250809 0.000158212 0.000991188
36.6 0.006957 -0.000124775 -0.0196543 0.00253486 0.000121706 -0.00107923
36.7 0.00484566 -0.000131435 -0.0198227 0.00253398 8.21292e-05 -0.00323963
36.8 0.002848 -0.000135116 -0.0197527 0.00250913 4.14476e-05 -0.00522109
36.9 0.000725905 -0.000137737 -0.0194944 0.00245923 -1.16059e-06 -0.00725187
37 -0.00124156 -0.00013714 -0.0189904 0.00238558 -4.42017e-05 -0.00906286
37.1 -0.00328337 -0.000135402 -0.0183254 0.00229042 -8.7972e-05 -0.0108845
37.2 -0.00513338 -0.000130402 -0.0174165 0.00217269 -0.000131424 -0.012452
37.3 -0.00700894 -0.000124204 -0.016382 0.00203777 -0.000174424 -0.0139948
37.4 -0.00866111 -0.000114757 -0.0151136 0.00188225 -0.000216366 -0.0152567
37.5 -0.0102929 -0.000104221 -0.0137612 0.00171454 -0.000256651 -0.0164636
37.6 -0.0116769 -9.05688e-05 -0.0121927 0.00152883 -0.000295285 -0.0173717
37.7 -0.0129991 -7.59319e-05 -0.0105869 0.00133637 -0.000331117 -0.0182001
37.8 -0.0140572 -5.84474e-05 -0.00878882 0.00112908 -0.000364663 -0.0187212
37.9 -0.0150181 -4.02439e-05 -0.00700398 0.000920769 -0.000394431 -0.0191444
38 -0.015708 -1.94776e-05 -0.0050552 0.000700989 -0.000421549 -0.0192619
38.1 -0.0162718 1.78961e-06 -0.00317154 0.000486038 -0.000443842 -0.0192702
38.2 -0.0165671 2.50925e-05 -0.00115605 0.000263245 -0.000463166 -0.0189845
38.3 -0.0167157 4.85434e-05 0.00074272 5.08143e-05 -0.000477112 -0.0185851
38.4 -0.0166082 7.36342e-05 0.00273985 -0.000165887 -0.000487876 -0.017913
38.5 -0.0163404 9.85215e-05 0.00457092 -0.000366869 -0.000492566 -0.0171295
38.6 -0.0158388 0.000124459 0.00646658 -0.000568799 -0.000494202 -0.0161035
38.7 -0.0151717 0.000149821 0.00815087 -0.000750267 -0.000489399 -0.0149747
38.8 -0.0143017 0.000175644 0.00986747 -0.000929643 -0.000481718 -0.0136416
38.9 -0.0132686 0.000200548 0.0113332 -0.00108454 -0.000467471 -0.0122197
39 -0.0120716 0.000225331 0.0128018 -0.00123476 -0.000450675 -0.0106382
39.1 -0.0107204 0.000248829 0.0139872 -0.00135726 -0.000427329 -0.00898642
39.2 -0.00925132 0.000271618 0.0151502 -0.00147313 -0.000402007 -0.00722477
39.3 -0.00764309 0.000292829 0.0160059 -0.00155896 -0.000370332 -0.0054145
39.4 -0.0059679 0.000312742 0.0168191 -0.00163681 -0.000337348 -0.00354764
39.5 -0.00417343 0.000330835 0.0173103 -0.00168332 -0.000298455 -0.00165562
39.6 -0.00236656 0.000347144 0.0177445 -0.00172121 -0.00025903 0.000238131
39.7 -0.000463505 0.00036141 0.0178518 -0.00172743 -0.000214228 0.00213308
39.8 0.00139588 0.000373414 0.0178938 -0.00172504 -0.000169743 0.00397514
39.9 0.00332612 0.000383308 0.0176143 -0.00169171 -0.00012063 0.00579533
40 0.00515668 0.000390549 0.0172674 -0.0016505 -7.28234e-05 0.00751009
40.1 0.00703268 0.000395658 0.0166139 -0.00157996 -2.10757e-05 0.00918216
40.2 0.00875538 0.000397788 0.0158974 -0.0015028 2.84768e-05 0.0106999
40.3 0.0104986 0.000397833 0.0148985 -0.00139893 8.09369e-05 0.0121576
40.4 0.0120386 0.000394753 0.0138464 -0.00129029 0.000130274 0.0134175
40.5 0.0135772 0.000389753 0.0125445 -0.00115815 0.000181797 0.0146043
40.6 0.0148685 0.0003814 0.0112042 -0.0010235 0.000229261 0.0155565
40.7 0.016139 0.000371436 0.00965425 -0.000869383 0.000277852 0.0164281
40.8 0.0171258 0.000358171 0.00808439 -0.000715252 0.000321719 0.0170358
40.9 0.0180776 0.000343513 0.00635079 -0.000546012 0.000365925 0.0175608
41 0.0187167 0.000325604 0.00461853 -0.000379521 0.000404654 0.0178014
41.1 0.019312 0.000306798 0.00277297 -0.000202658 0.000442916 0.0179638
41.2 0.019575 0.00028481 0.000951341 -3.12744e-05 0.000475165 0.0178299
41.3 0.0197908 0.00026239 -0.000930661 0.000145575 0.000506172 0.0176281
41.4 0.019665 0.000237067 -0.00276584 0.000314399 0.000530944 0.0171275
41.5 0.0194948 0.000211758 -0.00460775 0.000483864 0.000553869 0.0165751
41.6 0.0189828 0.000183792 -0.00638137 0.000642903 0.000570312 0.0157301
41.7 0.0184351 0.00015642 -0.00810883 0.000797925 0.000584414 0.0148548
41.8 0.0175556 0.000126733 -0.00974901 0.000940531 0.000592055 0.0137015
41.9 0.0166543 9.81779e-05 -0.0112929 0.00107483 0.000597024 0.0125437
42 0.0154406 6.76337e-05 -0.0127342 0.00119526 0.000595815 0.0111304
42.1 0.0142242 3.87685e-05 -0.0140334 0.00130355 0.000591705 0.00974154
42.2 0.0127226 8.27962e-06 -0.0152196 0.001397 0.000581774 0.00812609
42.3 0.011241 -1.9992e-05 -0.016223 0.00147505 0.000568826 0.00656645
42.4 0.00950936 -4.94786e-05 -0.0171087 0.00153802 0.000550764 0.00481442
42.5 0.00782328 -7.63459e-05 -0.017778 0.00158304 0.000529768 0.00315026
42.6 0.00592779 -0.000104079 -0.0183307 0.00161327 0.000504298 0.00133196
42.7 0.00410508 -0.000128688 -0.018641 0.00162372 0.00047607 -0.000366818
42.8 0.00211847 -0.000153854 -0.0188422 0.00162047 0.000444383 -0.00217919
42.9 0.000231799 -0.000175623 -0.0187832 0.00159632 0.000410174 -0.00384248
43 -0.00177069 -0.000197624 -0.018629 0.00156008 0.000373423 -0.00557767
43.1 -0.00364708 -0.000215914 -0.0182051 0.00150263 0.000334535 -0.00713744
43.2 -0.00558968 -0.000234191 -0.0177061 0.00143542 0.000294308 -0.00872814
43.3 -0.00738275 -0.000248666 -0.0169362 0.00134738 0.000252303 -0.0101217
43.4 -0.00919335 -0.000262928 -0.0161168 0.00125224 0.000209937 -0.0115069
43.5 -0.0108347 -0.00027325 -0.0150335 0.00113737 0.000166278 -0.0126789
43.6 -0.0124463 -0.000283214 -0.0139308 0.00101867 0.000123577 -0.0138069
43.7 -0.0138741 -0.000289302 -0.0125785 0.000881855 7.99264e-05 -0.0147119
43.8 -0.0152291 -0.000294994 -0.0112407 0.000744626 3.82235e-05 -0.0155412
43.9 -0.0163913 -0.000296911 -0.00967406 0.000591447 -3.98062e-06 -0.0161453
44 -0.017442 -0.00029832 -0.00815813 0.000441543 -4.31e-05 -0.0166472
44.1 -0.0182977 -0.000296265 -0.00643968 0.000278238 -8.23271e-05 -0.016929
44.2 -0.0190092 -0.000293771 -0.00480919 0.000121824 -0.000117643 -0.017088
44.3 -0.0195307 -0.000287998 -0.00300646 -4.52335e-05 -0.000152812 -0.0170396
44.4 -0.0198814 -0.000281899 -0.00132861 -0.000201712 -0.00018304 -0.016854
44.5 -0.0200545 -0.00027296 0.000488191 -0.000365958 -0.000212998 -0.0164812
44.6 -0.0200378 -0.00026369 0.00214517 -0.000516338 -0.000237413 -0.0159629
44.7 -0.0198623 -0.000252091 0.00390641 -0.000671481 -0.000261294 -0.0152846
44.8 -0.0194854 -0.000240395 0.00547596 -0.000809808 -0.000279188 -0.0144587
44.9 -0.0189757 -0.000226723 0.00711522 -0.000950146 -0.000296636 -0.013506
45 -0.0182597 -0.00021305 0.00853563 -0.00107107 -0.000307561 -0.0124094
45.1 -0.0174428 -0.000198019 0.00999221 -0.00119141 -0.00031817 -0.0112244
45.2 -0.0164218 -0.000183147 0.0112084 -0.00129043 -0.000322113 -0.00990407
45.3 -0.0153366 -0.00016747 0.0124297 -0.00138657 -0.000325958 -0.0085378
45.4 -0.0140562 -0.000152058 0.0133959 -0.00146015 -0.000323221 -0.0070491
45.5 -0.0127519 -0.000136325 0.0143398 -0.00152886 -0.000320558 -0.00555944
45.6 -0.0112662 -0.000121026 0.0150211 -0.0015744 -0.000311447 -0.00396355
45.7 -0.00980003 -0.000105927 0.0156568 -0.00161368 -0.00030293 -0.0024128
45.8 -0.00817051 -9.13507e-05 0.0160305 -0.00162986 -0.000288216 -0.000774176
45.9 -0.00660479 -7.74835e-05 0.01634 -0.00163877 -0.000274571 0.000773521
46 -0.00489747 -6.41472e-05 0.0163961 -0.00162547 -0.000255239 0.00238966
46.1 -0.00329749 -5.19548e-05 0.0163751 -0.00160433 -0.000237409 0.003871
46.2 -0.00157967 -4.03053e-05 0.0161171 -0.00156254 -0.000214502 0.00540136
46.3 -1.08394e-05 -3.01902e-05 0.0157741 -0.00151283 -0.000193612 0.00675643
46.4 0.00165132 -2.05891e-05 0.015218 -0.00144464 -0.000168313 0.00814218
46.5 0.00312602 -1.28301e-05 0.0145745 -0.00136894 -0.000145625 0.00931679
46.6 0.0046698 -5.45341e-06 0.0137486 -0.00127752 -0.000119274 0.0105058
46.7 0.00599287 -1.64576e-07 0.0128375 -0.00117928 -9.59396e-05 0.0114538
46.8 0.0073622 4.86644e-06 0.0117808 -0.00106858 -6.97308e-05 0.0124028
46.9 0.00848318 7.64481e-06 0.0106453 -0.000952137 -4.70556e-05 0.0130875
47 0.00963011 1.03892e-05 0.00940571 -0.000826817 -2.22593e-05 0.0137634
47.1 0.0105083 1.0738e-05 0.00809728 -0.000697031 -1.34204e-06 0.0141597
47.2 0.0113951 1.13302e-05 0.0067295 -0.000562269 2.08425e-05 0.0145412
47.3 0.0120004 9.53831e-06 0.00530549 -0.000424435 3.89609e-05 0.0146355
47.4 0.0126011 8.23146e-06 0.00386898 -0.000285588 5.76345e-05 0.0147133
47.5 0.0129156 4.5662e-06 0.00239034 -0.000145198 7.20013e-05 0.0145049
47.6 0.0132164 1.72151e-06 0.000946517 -7.76145e-06 8.62485e-05 0.0142826
47.7 0.0132348 -3.38894e-06 -0.000524792 0.000129807 9.62292e-05 0.0137829
47.8 0.0132348 -7.32984e-06 -0.00191504 0.000260612 0.000105541 0.0132757
47.9 0.0129643 -1.34144e-05 -0.0033186 0.000390201 0.000110671 0.0125079
48 0.012675 -1.80138e-05 -0.0045973 0.000509407 0.000114556 0.011743
48.1 0.0121349 -2.45268e-05 -0.00587661 0.000626276 0.00011452 0.0107411
48.2 0.0115798 -2.92192e-05 -0.00699122 0.000729593 0.000112922 0.00975523
48.3 0.0108009 -3.56383e-05 -0.00809612 0.000829756 0.00010785 0.00856255
48.4 0.010014 -3.99464e-05 -0.00900165 0.000913586 0.00010088 0.00740124
48.5 0.00903632 -4.57578e-05 -0.00989019 0.000993703 9.09264e-05 0.00606842
48.6 0.00806069 -4.91654e-05 -0.0105508 0.00105528 7.89281e-05 0.00478361
48.7 0.00693255 -5.38048e-05 -0.0111907 0.00111298 6.46248e-05 0.00336658
48.8 0.00581857 -5.58468e-05 -0.0115812 0.00115056 4.8274e-05 0.0020145
48.9 0.00459385 -5.89588e-05 -0.0119516 0.00118442 3.02645e-05 0.000572113
49 0.00339618 -5.92503e-05 -0.0120585 0.00119711 1.01862e-05 -0.000789071
49.1 0.00213252 -6.03447e-05 -0.0121498 0.00120673 -1.05474e-05 -0.00219734
49.2 0.000909072 -5.8582e-05 -0.0119715 0.00119486 -3.32267e-05 -0.00350993
49.3 -0.00033531 -5.74626e-05 -0.0117864 0.00118078 -5.57721e-05 -0.0048266
49.4 -0.00152738 -5.34532e-05 -0.0113334 0.00114547 -8.00644e-05 -0.00603582
49.5 -0.0026955 -4.99092e-05 -0.0108861 0.00110919 -0.000103326 -0.00720744
49.6 -0.00380093 -4.34928e-05 -0.0101803 0.00105258 -0.000128048 -0.00826337
49.7 -0.00483966 -3.74554e-05 -0.00949605 0.000996505 -0.000150815 -0.009243
49.8 -0.0058083 -2.86711e-05 -0.00856972 0.000921491 -0.000174804 -0.0101031
49.9 -0.00667055 -2.02359e-05 -0.00768357 0.00084876 -0.000195884 -0.0108518
50 -0.00745882 -9.30261e-06 -0.00657819 0.000758951 -0.000217965 -0.0114819
50.1 -0.00810591 1.43162e-06 -0.00553322 0.000673161 -0.000236444 -0.0119706
50.2 -0.00867898 1.44441e-05 -0.00429722 0.000572651 -0.000255511 -0.0123467
50.3 -0.00908122 2.71573e-05 -0.00314291 0.000478049 -0.000270183 -0.012557
50.4 -0.00941425 4.17596e-05 -0.00183014 0.000371272 -0.000285281 -0.0126663
50.5 -0.00955291 5.59983e-05 -0.000620197 0.000272245 -0.000295305 -0.0125912
50.6 -0.00963207 7.17763e-05 0.000712523 0.000163765 -0.000305684 -0.0124319
50.7 -0.00950058 8.72322e-05 0.0019229 6.46282e-05 -0.000310549 -0.0120762
50.8 -0.00932306 0.000103769 0.00321859 -4.09184e-05 -0.000315377 -0.0116578
50.9 -0.00892532 0.00011975 0.00437431 -0.0001357 -0.000314371 -0.0110375
51 -0.00850007 0.000136352 0.00557794 -0.000234131 -0.000313429 -0.0103801
51.1 -0.00784919 0.000152429 0.00663222 -0.000321008 -0.000306415 -0.00951744
