#0.180331702492892 1.02004822945216 -1.8101905079631 0.0814301401217898 1.01511373932828 -0.883200523831853 0.182359161198433 1.01766412285041 -1.66500142337425 0.684077719554638 1.01089664807345 -1.34325142244901 0.0813458985217153 1.01356778419963 -0.768454770178364 0.173788168774038 1.01425714781698 -1.41706771696473
0 0 1.37997 3.14571e-16 0 0 0
0.1 0.123429 1.37918 -0.0032814 0.0380383 0.0251977 4.304e-05
0.2 0.244464 1.37674 -0.0111569 0.0753275 0.0502967 -0.000252294
0.3 0.365551 1.37272 -0.0245168 0.112732 0.0752353 -0.000653943
0.4 0.483124 1.36709 -0.0429693 0.149162 0.0999291 -0.00176227
0.5 0.599272 1.3599 -0.0664175 0.185288 0.124302 -0.00321459
0.6 0.710714 1.35116 -0.094857 0.220176 0.148273 -0.00571697
0.7 0.819284 1.34088 -0.127724 0.25435 0.171768 -0.00879402
0.8 0.922024 1.32912 -0.165267 0.287029 0.194713 -0.0132216
0.9 1.02057 1.3159 -0.206591 0.318623 0.217036 -0.0184301
1 1.11231 1.30126 -0.252087 0.348487 0.238671 -0.0252292
1.1 1.19869 1.28525 -0.300615 0.37693 0.259549 -0.0329803
1.2 1.27739 1.26792 -0.352671 0.403436 0.279615 -0.0424986
1.3 1.34973 1.24933 -0.406935 0.428226 0.298803 -0.053097
1.4 1.41374 1.22951 -0.463967 0.450906 0.317069 -0.065567
1.5 1.47055 1.20854 -0.522315 0.471624 0.334352 -0.0791925
1.6 1.51858 1.18648 -0.582592 0.490099 0.350619 -0.0947192
1.7 1.55879 1.16339 -0.643247 0.506417 0.365818 -0.111417
1.8 1.58998 1.13933 -0.704938 0.520405 0.379925 -0.12997
1.9 1.61296 1.11439 -0.766047 0.532098 0.392897 -0.149647
2 1.62688 1.08863 -0.827274 0.541415 0.404722 -0.171056
2.1 1.63244 1.06212 -0.88697 0.548355 0.415363 -0.19348
2.2 1.62912 1.03494 -0.945867 0.552925 0.424823 -0.21744
2.3 1.61752 1.00715 -1.00231 0.55509 0.433073 -0.242246
2.4 1.59743 0.978842 -1.05708 0.554938 0.440125 -0.268326
2.5 1.56934 0.950087 -1.10855 0.55241 0.445962 -0.295026
2.6 1.53337 0.920961 -1.1575 0.547664 0.450606 -0.322677
2.7 1.4899 0.891537 -1.2024 0.540625 0.454048 -0.350675
2.8 1.43931 0.861894 -1.24403 0.531509 0.456322 -0.37925
2.9 1.38192 0.832099 -1.28095 0.520233 0.457426 -0.407862
3 1.31835 0.802233 -1.31398 0.507062 0.457406 -0.436639
3.1 1.24884 0.77236 -1.34174 0.491909 0.456268 -0.465112
3.2 1.17422 0.742556 -1.36511 0.475082 0.454064 -0.493314
3.3 1.09464 0.712881 -1.38281 0.456487 0.450811 -0.520857
3.4 1.01114 0.68341 -1.39575 0.436469 0.446566 -0.547679
3.5 0.923777 0.654195 -1.40279 0.414931 0.441355 -0.573484
3.6 0.833741 0.625305 -1.40483 0.392244 0.43524 -0.598122
3.7 0.741 0.596791 -1.40089 0.368315 0.428253 -0.621394
3.8 0.646878 0.568716 -1.39188 0.343527 0.420463 -0.643074
3.9 0.55125 0.541121 -1.37697 0.317792 0.411906 -0.66306
4 0.455538 0.514063 -1.35705 0.291499 0.402652 -0.681058
4.1 0.359512 0.48758 -1.33146 0.264563 0.392743 -0.697073
4.2 0.264665 0.461721 -1.3011 0.237375 0.382252 -0.710749
4.3 0.170666 0.436513 -1.26546 0.209852 0.371224 -0.722199
4.4 0.0790418 0.412002 -1.22538 0.182376 0.359729 -0.731015
4.5 -0.0106387 0.388208 -1.18056 0.15487 0.347818 -0.737422
4.6 -0.0968501 0.365168 -1.13178 0.127698 0.335561 -0.740967
4.7 -0.180116 0.342894 -1.0789 0.100789 0.323006 -0.74198
4.8 -0.25894 0.321416 -1.02265 0.0744856 0.310222 -0.739981
4.9 -0.33394 0.300741 -0.963039 0.0487179 0.297255 -0.735398
5 -0.403675 0.280892 -0.900743 0.0238023 0.284173 -0.727733
5.1 -0.468853 0.261866 -0.835894 -0.000329154 0.271022 -0.717509
5.2 -0.528106 0.243679 -0.769107 -0.0233906 0.257863 -0.704213
5.3 -0.582228 0.226323 -0.700638 -0.0454481 0.244742 -0.688457
5.4 -0.629946 0.209809 -0.631019 -0.0662512 0.23171 -0.669726
5.5 -0.672133 0.194121 -0.56062 -0.0858658 0.218813 -0.648709
5.6 -0.707626 0.179263 -0.489871 -0.104079 0.206097 -0.624895
5.7 -0.737364 0.165214 -0.419243 -0.120956 0.193602 -0.599035
5.8 -0.760308 0.151973 -0.349061 -0.136323 0.181367 -0.570632
5.9 -0.777449 0.139516 -0.279881 -0.150246 0.16943 -0.54049
6 -0.787885 0.127834 -0.211909 -0.162591 0.15782 -0.508128
6.1 -0.792645 0.1169 -0.145771 -0.173424 0.146572 -0.474389
6.2 -0.79097 0.1067 -0.0815476 -0.182654 0.135707 -0.438812
6.3 -0.783903 0.0972048 -0.0199181 -0.190342 0.125253 -0.402262
6.4 -0.770834 0.0883972 0.039161 -0.196442 0.115227 -0.364303
6.5 -0.752811 0.0802439 0.0949754 -0.201011 0.105649 -0.325811
6.6 -0.729365 0.0727261 0.147697 -0.204045 0.096528 -0.286374
6.7 -0.70153 0.0658084 0.196591 -0.205596 0.0878816 -0.24686
6.8 -0.668979 0.0594697 0.241957 -0.205699 0.0797102 -0.206888
6.9 -0.632709 0.0536734 0.283055 -0.204402 0.0720261 -0.1673
7 -0.592528 0.0483975 0.320305 -0.201775 0.0648223 -0.127747
7.1 -0.549382 0.0436052 0.352971 -0.197863 0.0581076 -0.0890313
7.2 -0.503205 0.0392736 0.381596 -0.192765 0.0518678 -0.0508342
7.3 -0.454872 0.0353667 0.405458 -0.186524 0.0461085 -0.0139055
7.4 -0.404433 0.0318608 0.425213 -0.179265 0.0408086 0.0220431
7.5 -0.352673 0.0287217 0.440162 -0.171022 0.0359709 0.0563293
7.6 -0.299748 0.0259253 0.45106 -0.161945 0.0315681 0.0892097
7.7 -0.24634 0.0234403 0.457241 -0.152062 0.0276008 0.120081
7.8 -0.192695 0.0212425 0.459549 -0.141542 0.0240369 0.149169
7.9 -0.139378 0.0193036 0.457352 -0.130402 0.0208753 0.175959
8 -0.0867155 0.0176 0.451573 -0.118826 0.01808 0.200645
8.1 -0.0351409 0.0161067 0.441619 -0.106823 0.0156481 0.222814
8.2 0.0149536 0.0148006 0.428468 -0.0945859 0.0135408 0.242627
8.3 0.0632741 0.0136606 0.411572 -0.0821117 0.011754 0.259777
8.4 0.109372 0.0126652 0.391948 -0.0695998 0.0102474 0.27439
8.5 0.153102 0.0117968 0.369094 -0.0570356 0.00901633 0.28627
8.6 0.193972 0.0110353 0.344047 -0.0446203 0.00802015 0.295511
8.7 0.231986 0.0103669 0.316351 -0.0323265 0.00725338 0.30203
8.8 0.266622 0.00977306 0.287043 -0.0203529 0.00667602 0.305885
8.9 0.298036 0.00924349 0.255713 -0.00865949 0.00628238 0.307107
9 0.325682 0.0087617 0.223379 0.00256138 0.00603376 0.305719
9.1 0.349865 0.00832084 0.189674 0.0133622 0.00592501 0.301862
9.2 0.370025 0.00790645 0.155579 0.0235599 0.00591951 0.295522
9.3 0.386611 0.00751478 0.120768 0.0332188 0.00601314 0.286945
9.4 0.399055 0.00713323 0.0861678 0.0421686 0.00617163 0.276078
9.5 0.407941 0.00676086 0.051492 0.050485 0.0063921 0.26327
9.6 0.4127 0.00638683 0.0175939 0.0580127 0.00664301 0.248427
9.7 0.414041 0.00601294 -0.015775 0.0648376 0.00692304 0.231989
9.8 0.411397 0.00562989 -0.0478497 0.0708214 0.00720383 0.21382
9.9 0.405586 0.00524205 -0.078843 0.0760584 0.00748601 0.194441
10 0.396048 0.00484131 -0.108091 0.080429 0.00774465 0.173676
10.1 0.383692 0.00443419 -0.135771 0.0840343 0.00798232 0.152113
10.2 0.367972 0.00401338 -0.161332 0.0867741 0.00817756 0.129534
10.3 0.349866 0.00358733 -0.184919 0.0887547 0.00833466 0.106587
10.4 0.328841 0.00314927 -0.206101 0.0898961 0.00843571 0.0830074
10.5 0.305934 0.00270934 -0.224992 0.0903075 0.00848658 0.0594879
10.6 0.280618 0.00226105 -0.241285 0.089929 0.00847313 0.0357227
10.7 0.253966 0.00181593 -0.255065 0.08887 0.00840256 0.0124335
10.8 0.225466 0.00136744 -0.266152 0.0870902 0.00826455 -0.0107273
10.9 0.196201 0.000928095 -0.274599 0.0846977 0.00806723 -0.0330212
11 0.165671 0.000491066 -0.280355 0.0816705 0.00780392 -0.0548357
11.1 0.134956 6.94843e-05 -0.28344 0.0781132 0.00748308 -0.0754286
11.2 0.103567 -0.000343868 -0.28393 0.074021 0.00710158 -0.0952254
11.3 0.0725552 -0.000735532 -0.281811 0.0694928 0.00666771 -0.113493
11.4 0.0414435 -0.00111315 -0.277279 0.0645395 0.00618178 -0.130692
11.5 0.0112401 -0.00146328 -0.270286 0.0592521 0.00565156 -0.146109
11.6 -0.0185221 -0.00179404 -0.261143 0.0536551 0.00508062 -0.160236
11.7 -0.0468965 -0.00209243 -0.249759 0.04783 0.00447569 -0.172393
11.8 -0.0743383 -0.00236704 -0.236554 0.0418132 0.00384328 -0.183093
11.9 -0.0999783 -0.00260562 -0.221394 0.0356746 0.00318856 -0.191703
12 -0.124257 -0.00281714 -0.204793 0.0294607 0.00252059 -0.19875
12.1 -0.146396 -0.0029903 -0.186574 0.0232287 0.00184258 -0.203653
12.2 -0.166823 -0.00313428 -0.167335 0.0170331 0.00116583 -0.206953
12.3 -0.184858 -0.00323896 -0.146852 0.0109167 0.000491356 -0.208123
12.4 -0.200909 -0.00331356 -0.125791 0.00494044 -0.000167644 -0.207707
12.5 -0.214413 -0.00334934 -0.103882 -0.000868152 -0.000812507 -0.205247
12.6 -0.22575 -0.00335547 -0.0818433 -0.00644383 -0.00142857 -0.201276
12.7 -0.234474 -0.00332475 -0.0593567 -0.0117747 -0.00201973 -0.195406
12.8 -0.24094 -0.00326612 -0.0371824 -0.0167928 -0.00257029 -0.188155
12.9 -0.244821 -0.00317391 -0.0149515 -0.021502 -0.00308682 -0.179208
13 -0.246438 -0.00305664 0.00654975 -0.0258333 -0.00355298 -0.169054
13.1 -0.245588 -0.00291018 0.0277382 -0.0298061 -0.00397794 -0.157453
13.2 -0.242552 -0.00274236 0.0478163 -0.0333516 -0.004345 -0.144863
13.3 -0.237248 -0.00255055 0.0672471 -0.0365047 -0.0046658 -0.131112
13.4 -0.229912 -0.00234184 0.0852359 -0.0391975 -0.00492357 -0.116616
13.5 -0.22058 -0.00211504 0.102289 -0.0414795 -0.00513219 -0.101277
13.6 -0.209436 -0.00187632 0.117626 -0.0432854 -0.00527519 -0.0854561
13.7 -0.196627 -0.00162587 0.131794 -0.0446773 -0.00536856 -0.0691256
13.8 -0.182279 -0.00136882 0.144039 -0.0455929 -0.00539627 -0.052585
13.9 -0.166643 -0.00110658 0.15494 -0.0461064 -0.00537617 -0.035874
14 -0.149784 -0.000843047 0.163784 -0.0461585 -0.00529293 -0.0192236
14.1 -0.132048 -0.00058066 0.171172 -0.0458336 -0.00516578 -0.00273642
14.2 -0.113429 -0.000322074 0.176439 -0.0450763 -0.0049801 0.013431
14.3 -0.0943581 -7.05892e-05 0.180206 -0.043979 -0.00475628 0.0291185
14.4 -0.0747596 0.000172471 0.181864 -0.0424904 -0.00448042 0.0442479
14.5 -0.0551366 0.000403029 0.182039 -0.0407088 -0.0041736 0.0586069
14.6 -0.0353384 0.000621088 0.180185 -0.038587 -0.00382282 0.0721993
14.7 -0.0159294 0.000821952 0.176927 -0.0362271 -0.00344949 0.084766
14.8 0.00331798 0.00100698 0.171787 -0.0335858 -0.00304152 0.0963942
14.9 0.0217903 0.00117102 0.165375 -0.0307669 -0.00262027 0.106784
15 0.0397915 0.00131678 0.157285 -0.0277308 -0.00217444 0.116106
15.1 0.0566716 0.00143876 0.148103 -0.0245806 -0.00172504 0.124025
15.2 0.0728097 0.00154103 0.137494 -0.0212804 -0.00126145 0.130792
15.3 0.087531 0.00161785 0.126012 -0.0179305 -0.000803843 0.136044
15.4 0.101286 0.00167449 0.113393 -0.0144982 -0.000342281 0.140109
15.5 0.113388 0.00170503 0.100146 -0.0110793 0.000104183 0.142599
15.6 0.124354 0.0017159 0.0860804 -0.00764421 0.00054487 0.143916
15.7 0.133494 0.00170104 0.0716484 -0.00428184 0.000962138 0.143653
15.8 0.141388 0.0016679 0.0567294 -0.000965323 0.00136473 0.142276
15.9 0.147352 0.00161031 0.0417124 0.00222456 0.00173659 0.139368
16 0.152018 0.0015367 0.0265431 0.00531219 0.00208595 0.135451
16.1 0.154721 0.00144081 0.0115383 0.00822646 0.00239867 0.130096
16.2 0.156135 0.0013319 -0.0032929 0.0109893 0.00268247 0.123875
16.3 0.155618 0.00120363 -0.0177128 0.0135405 0.00292532 0.116357
16.4 0.153878 0.0010659 -0.0316532 0.0158996 0.00313444 0.108149
16.5 0.150303 0.000912307 -0.0449607 0.0180179 0.00330006 0.0988168
16.6 0.145625 0.00075322 -0.0575123 0.0199129 0.00342885 0.0889971
16.7 0.139266 0.000582086 -0.0692429 0.0215481 0.00351335 0.078259
16.8 0.131968 0.000409633 -0.0799793 0.0229384 0.00355965 0.0672517
16.9 0.123193 0.000229154 -0.0897464 0.0240601 0.00356255 0.0555518
17 0.11368 5.15955e-05 -0.0983261 0.0249258 0.00352749 0.0438108
17.1 0.102934 -0.000129921 -0.105834 0.0255237 0.00345162 0.0316147
17.2 0.0916799 -0.000304394 -0.11201 0.0258643 0.00333956 0.0196057
17.3 0.0794681 -0.000478862 -0.11706 0.0259478 0.00319081 0.00738247
17.4 0.066993 -0.000642426 -0.120688 0.0257817 0.0030091 -0.00443391
17.5 0.0538547 -0.000802299 -0.123182 0.0253777 0.00279619 -0.0162291
17.6 0.0407059 -0.000947856 -0.124219 0.0247406 0.00255482 -0.0274144
17.7 0.0271955 -0.0010865 -0.124164 0.0238924 0.00228882 -0.0383565
17.8 0.0139238 -0.001208 -0.122666 0.0228348 0.00199979 -0.0485097
17.9 0.000588711 -0.00131992 -0.120165 0.0215994 0.00169353 -0.0582189
18 -0.0122726 -0.00141256 -0.116285 0.0201841 0.00137035 -0.0669902
18.1 -0.0249127 -0.0014936 -0.111531 0.0186294 0.00103781 -0.0751441
18.2 -0.0368672 -0.00155392 -0.105508 0.0169292 0.000694801 -0.0822467
18.3 -0.0483393 -0.00160126 -0.0987763 0.0151311 0.000350482 -0.0885908
18.4 -0.0589453 -0.00162723 -0.0909222 0.013225 2.25664e-06 -0.0938094
18.5 -0.06884 -0.00163954 -0.0825528 0.0112643 -0.000339304 -0.0981648
18.6 -0.077726 -0.00163057 -0.0732407 0.00923461 -0.000678358 -0.101362
18.7 -0.0857103 -0.00160795 -0.0636259 0.00719363 -0.00100315 -0.10363
18.8 -0.0925866 -0.00156494 -0.0532714 0.00512282 -0.00131948 -0.104748
18.9 -0.0984143 -0.00150898 -0.0428382 0.00308261 -0.00161461 -0.104911
19 -0.103081 -0.00143423 -0.0318828 0.00105026 -0.00189602 -0.103975
19.1 -0.106599 -0.00134785 -0.0210751 -0.000912415 -0.00215023 -0.102094
19.2 -0.10895 -0.00124495 -0.00996852 -0.00283225 -0.00238638 -0.0992048
19.3 -0.110101 -0.00113224 0.000770316 -0.0046474 -0.00259047 -0.0954166
19.4 -0.110126 -0.0010058 0.0115877 -0.00638859 -0.00277324 -0.0907456
19.5 -0.108948 -0.00087177 0.0218318 -0.00799525 -0.00292032 -0.0852553
19.6 -0.10673 -0.000727169 0.0319454 -0.00950171 -0.00304398 -0.0790377
19.7 -0.10335 -0.000577513 0.0413029 -0.0108498 -0.00312964 -0.0721084
19.8 -0.0990553 -0.000420735 0.0503392 -0.012077 -0.00319094 -0.0646314
19.9 -0.0936821 -0.000261591 0.0584659 -0.0131286 -0.00321332 -0.056573
20 -0.087557 -9.89301e-05 0.0661058 -0.0140447 -0.0032116 -0.0481639
20.1 -0.0804717 6.33474e-05 0.0727171 -0.0147749 -0.00317138 -0.0393198
20.2 -0.0728242 0.000225502 0.0787067 -0.0153612 -0.00310851 -0.0303323
20.3 -0.064365 0.000384577 0.0835869 -0.0157582 -0.0030089 -0.0210659
20.4 -0.0555539 0.000540002 0.0877445 -0.0160093 -0.00288921 -0.0118661
20.5 -0.0461015 0.000689865 0.0907534 -0.0160745 -0.00273573 -0.00254611
20.6 -0.0365196 0.000832809 0.0929749 -0.0159976 -0.00256569 0.00650215
20.7 -0.026481 0.000968028 0.0940501 -0.0157447 -0.00236588 0.0155154
20.8 -0.016539 0.00109342 0.0943107 -0.0153591 -0.00215377 0.0240638
20.9 -0.00633108 0.00120932 0.0934685 -0.0148131 -0.00191675 0.0324323
21 0.00355936 0.00131296 0.0918206 -0.0141488 -0.00167224 0.0401612
21.1 0.0135271 0.00140582 0.0891529 -0.0133446 -0.00140832 0.0475811
21.2 0.0229695 0.00148447 0.0857226 -0.0124406 -0.00114204 0.054211
21.3 0.0323102 0.00155155 0.0813903 -0.0114213 -0.00086221 0.0604235
21.4 0.0409386 0.00160307 0.0763698 -0.0103238 -0.000585317 0.0657249
21.5 0.0493031 0.00164273 0.0705959 -0.00913857 -0.000300941 0.0705248
21.6 0.0567955 0.00166604 0.0642341 -0.00789894 -2.47131e-05 0.0743255
21.7 0.0638844 0.0016778 0.0572916 -0.00660088 0.000252958 0.0775681
21.8 0.0699743 0.00167302 0.0498825 -0.00527335 0.000517599 0.0797584
21.9 0.0755484 0.00165752 0.0420835 -0.00391753 0.000777925 0.081363
22 0.0800337 0.0016259 0.0339537 -0.00255719 0.00102081 0.0818986
22.1 0.0839215 0.00158487 0.025635 -0.00119831 0.00125413 0.08185
22.2 0.0866701 0.00152867 0.0171295 0.000141039 0.00146634 0.0807517
22.3 0.0887727 0.00146483 0.00863926 0.0014506 0.00166434 0.0790994
22.4 0.089726 0.00138726 0.000107627 0.00271837 0.00183845 0.0764513
22.5 0.0900185 0.00130412 -0.0082088 0.00393036 0.0019946 0.0733052
22.6 0.0891916 0.00120907 -0.0164262 0.00508099 0.00212495 0.0692492
22.7 0.0877217 0.0011108 -0.0242398 0.00615305 0.00223448 0.0647751
22.8 0.0852007 0.00100272 -0.0318249 0.00714749 0.00231735 0.0595045
22.9 0.0820852 0.000893907 -0.0388358 0.00804445 0.00237747 0.053915
23 0.0780216 0.000777638 -0.0455053 0.00885139 0.00241108 0.0476661
23.1 0.0734394 0.00066318 -0.0514536 0.00954629 0.0024211 0.0412117
23.2 0.0680422 0.000543673 -0.0569685 0.010143 0.00240572 0.034253
23.3 0.0622252 0.000428535 -0.0616435 0.0106177 0.00236681 0.0272119
23.4 0.0557511 0.000310821 -0.065818 0.0109905 0.00230472 0.0198332
23.5 0.0489737 0.000199827 -0.0690657 0.0112363 0.00222012 0.0124992
23.6 0.0417154 8.86333e-05 -0.0717725 0.0113806 0.00211532 0.00499994
23.7 0.034282 -1.36685e-05 -0.0735 0.0113977 0.00199 -0.00232931
23.8 0.0265552 -0.000114027 -0.0746741 0.011318 0.00184827 -0.00965195
23.9 0.0187875 -0.000203682 -0.0748513 0.0111152 0.00168865 -0.0166863
24 0.0109183 -0.000289487 -0.0744911 0.0108244 0.00151701 -0.0235488
24.1 0.00314161 -0.000363182 -0.0731507 0.010419 0.00133074 -0.0300171
24.2 -0.00454706 -0.000431449 -0.0713158 0.0099374 0.00113725 -0.0361606
24.3 -0.0120166 -0.00048665 -0.0685505 0.00935351 0.000932801 -0.0418204
24.4 -0.019218 -0.000535257 -0.0653583 0.00870818 0.000726117 -0.0470197
24.5 -0.0260858 -0.00057027 -0.0613157 0.0079758 0.00051242 -0.0516666
24.6 -0.0325214 -0.000597921 -0.0569347 0.00719892 0.000301573 -0.0557387
24.7 -0.038526 -0.000611964 -0.0518097 0.00635258 8.76866e-05 -0.059213
24.8 -0.0439551 -0.000618265 -0.0464524 0.00548006 -0.000118426 -0.062023
24.9 -0.0488778 -0.000611417 -0.0404788 0.00455725 -0.000323619 -0.0642154
25 -0.0531074 -0.000596892 -0.0343909 0.0036272 -0.000516425 -0.0656809
25.1 -0.0567795 -0.000570129 -0.0278309 0.00266684 -0.000704617 -0.0665353
25.2 -0.0596701 -0.000536181 -0.0212814 0.00171801 -0.000876305 -0.0666286
25.3 -0.0619788 -0.000491322 -0.0144143 0.000758886 -0.00104013 -0.0661431
25.4 -0.0634487 -0.000440114 -0.00768416 -0.000170793 -0.00118391 -0.0648908
25.5 -0.0643399 -0.000379727 -0.000795149 -0.00109149 -0.0013171 -0.0631171
25.6 -0.0643674 -0.000314131 0.00583476 -0.00196638 -0.00142755 -0.0605978
25.7 -0.0638466 -0.000241373 0.0124663 -0.00281441 -0.00152531 -0.0576372
25.8 -0.062469 -0.000164809 0.018726 -0.00360245 -0.00159845 -0.0539779
25.9 -0.0605994 -8.32957e-05 0.0248375 -0.00434771 -0.00165755 -0.049977
26 -0.0579101 4.47252e-07 0.0304787 -0.00502147 -0.00169106 -0.0453465
26.1 -0.0548085 8.68079e-05 0.0358342 -0.00563906 -0.00170991 -0.0404898
26.2 -0.0509526 0.000173754 0.0406395 -0.00617668 -0.00170306 -0.0350919
26.3 -0.0467837 0.000260921 0.0450389 -0.00664765 -0.00168167 -0.0295942
26.4 -0.04195 0.000347007 0.0488302 -0.0070335 -0.00163542 -0.0236582
26.5 -0.0369184 0.000430975 0.0521162 -0.00734533 -0.00157543 -0.0177554
26.6 -0.0313316 0.000512234 0.0547607 -0.00757035 -0.00149227 -0.0115273
26.7 -0.0256727 0.000589183 0.0568244 -0.00771724 -0.00139687 -0.00546662
26.8 -0.0195829 0.000661911 0.0582391 -0.00777904 -0.00128069 0.000801274
26.9 -0.013552 0.000728332 0.059023 -0.00776183 -0.00115442 0.00677158
27 -0.00722437 0.000789239 0.0591769 -0.00766454 -0.00101044 0.0128305
27.1 -0.00108677 0.000842103 0.0586765 -0.00749047 -0.000858987 0.0184707
27.2 0.00520956 0.000888419 0.057591 -0.00724432 -0.000693478 0.0240854
27.3 0.0111904 0.000925302 0.0558532 -0.00692646 -0.000523442 0.0291737
27.4 0.0171934 0.000954904 0.0535993 -0.00654718 -0.000343415 0.0341312
27.5 0.0227662 0.000974092 0.0507201 -0.00610376 -0.00016206 0.0384722
27.6 0.0282311 0.000985593 0.0474152 -0.00561179 2.5046e-05 0.0425896
27.7 0.0331665 0.000986095 0.0435345 -0.00506532 0.000210196 0.0460215
27.8 0.0378755 0.000978855 0.0393366 -0.00448479 0.000396795 0.0491529
27.9 0.0419751 0.000960439 0.0346318 -0.00386101 0.00057822 0.0515535
28 0.0457456 0.000934586 0.0297322 -0.00321876 0.000756858 0.0535948
28.1 0.0488495 0.000897787 0.0244102 -0.00254552 0.000927327 0.0548852
28.2 0.0515406 0.000854162 0.0190251 -0.00186986 0.00109102 0.0557774
28.3 0.0535329 0.000800224 0.0133137 -0.00117596 0.00124388 0.0559248
28.4 0.0550503 0.000740365 0.00767499 -0.000495562 0.00138634 0.0556558
28.5 0.0558632 0.00067118 0.00181303 0.000190388 0.0015157 0.0546736
28.6 0.0561621 0.000597249 -0.00384113 0.00084767 0.0016316 0.0532771
28.7 0.0557777 0.000515286 -0.00961331 0.00149843 0.00173264 0.0512242
28.8 0.0548636 0.000429976 -0.0150487 0.0021066 0.00181768 0.0487783
28.9 0.0533133 0.000338187 -0.0204993 0.00269723 0.00188675 0.0457549
29 0.0512406 0.000244636 -0.025495 0.00323314 0.00193802 0.0423776
29.1 0.0486032 0.000146342 -0.0304092 0.00374195 0.00197282 0.0385215
29.2 0.0454725 4.79285e-05 -0.0347657 0.00418603 0.00198871 0.0343656
29.3 0.04187 -5.33479e-05 -0.0389547 0.00459531 0.00198837 0.0298453
29.4 0.0378226 -0.000153075 -0.0425023 0.00493231 0.00196877 0.0250913
29.5 0.0334142 -0.000253763 -0.0458101 0.00522882 0.00193372 0.0200996
29.6 0.0286259 -0.000351244 -0.0484145 0.00544825 0.00187986 0.0149485
29.7 0.0236016 -0.000447843 -0.0507232 0.00562374 0.00181203 0.00969355
29.8 0.0182748 -0.000539724 -0.0522909 0.00572007 0.00172642 0.00435834
29.9 0.0128463 -0.000628926 -0.0535251 0.00577128 0.00162883 -0.000944269
30 0.00720167 -0.000712072 -0.0540061 0.00574413 0.00151523 -0.00624743
30.1 0.00159383 -0.000790983 -0.0541347 0.00567292 0.00139211 -0.0113836
30.2 -0.00413905 -0.00086267 -0.053524 0.00552678 0.0012551 -0.0164435
30.3 -0.00969748 -0.000928699 -0.0525613 0.00533977 0.00111148 -0.0212091
30.4 -0.0152897 -0.000986715 -0.0508982 0.00508384 0.00095671 -0.0258285
30.5 -0.0205756 -0.00103793 -0.0489018 0.00479201 0.000798284 -0.0300371
30.6 -0.025808 -0.00108047 -0.0462675 0.00443948 0.000631726 -0.0340399
30.7 -0.0306127 -0.00111544 -0.0433357 0.00405772 0.000464849 -0.0375305
30.8 -0.0352844 -0.00114153 -0.0398494 0.00362528 0.00029298 -0.0407684
30.9 -0.0394221 -0.00115948 -0.0361161 0.00317146 0.000123937 -0.0434106
31 -0.0433585 -0.00116857 -0.0319299 0.00267851 -4.67462e-05 -0.0457687
31.1 -0.0466729 -0.00116942 -0.0275585 0.0021729 -0.00021149 -0.0474683
31.2 -0.0497318 -0.0011618 -0.02285 0.00164066 -0.000374703 -0.0488685
31.3 -0.0521024 -0.00114605 -0.0180269 0.00110492 -0.000529127 -0.0495702
31.4 -0.0541798 -0.0011225 -0.0129921 0.000555578 -0.000678975 -0.0499746
31.5 -0.0555259 -0.00109132 -0.00791787 1.19339e-05 -0.00081755 -0.0496634
31.6 -0.0565583 -0.00105331 -0.00276297 -0.000532217 -0.000948824 -0.0490743
31.7 -0.0568415 -0.00100841 0.00235508 -0.00106191 -0.00106688 -0.0477759
31.8 -0.0568089 -0.000957788 0.00742212 -0.00157938 -0.00117524 -0.0462356
31.9 -0.0560339 -0.000901302 0.012379 -0.0020744 -0.00126884 -0.0440147
32 -0.0549589 -0.000840481 0.0171569 -0.00254539 -0.001351 -0.0416024
32.1 -0.0531731 -0.000774915 0.0217578 -0.00298708 -0.00141749 -0.0385594
32.2 -0.0511198 -0.000706451 0.0260601 -0.00339409 -0.00147111 -0.0353885
32.3 -0.04841 -0.000634584 0.0301284 -0.00376637 -0.00150878 -0.031655
32.4 -0.0454801 -0.000561375 0.0337906 -0.00409494 -0.00153279 -0.027867
32.5 -0.0419688 -0.000486157 0.0371741 -0.00438505 -0.00154124 -0.0236003
32.6 -0.0382975 -0.000411074 0.0400598 -0.0046242 -0.00153576 -0.0193593
32.7 -0.0341371 -0.000335413 0.0426373 -0.00482292 -0.00151559 -0.0147355
32.8 -0.0298859 -0.000261412 0.0446435 -0.00496544 -0.00148184 -0.010221
32.9 -0.0252523 -0.000188229 0.0463284 -0.00506749 -0.00143497 -0.0054279
33 -0.0206031 -0.000118013 0.047389 -0.00511019 -0.0013753 -0.000827317
33.1 -0.0156878 -4.99564e-05 0.0481327 -0.00511424 -0.00130448 0.00394305
33.2 -0.0108345 1.39236e-05 0.0482205 -0.00505789 -0.00122218 0.00844194
33.3 -0.00583698 7.44611e-05 0.0480131 -0.00496655 -0.00113122 0.0130016
33.4 -0.000977608 0.00012987 0.0471405 -0.00481583 -0.00103049 0.0172182
33.5 0.00390301 0.000180953 0.0460112 -0.00463535 -0.000923807 0.0213899
33.6 0.00857469 0.000226167 0.0442288 -0.0043984 -0.000809282 0.0251579
33.7 0.0131475 0.000266249 0.0422435 -0.00413846 -0.000691917 0.0287826
33.8 0.0174491 0.000300046 0.0396375 -0.00382671 -0.000568936 0.0319566
33.9 0.0215392 0.000328159 0.0368959 -0.00349983 -0.000446109 0.0348989
34 0.0253079 0.000349863 0.0335848 -0.00312719 -0.000319921 0.0373598
34.1 0.0287632 0.000365523 0.0302156 -0.00274818 -0.000196994 0.0395136
34.2 0.031861 0.000374892 0.0263436 -0.0023307 -7.30747e-05 0.041173
34.3 0.0345576 0.000378236 0.0224985 -0.00191607 4.46613e-05 0.0424652
34.4 0.036877 0.000375718 0.0182307 -0.001471 0.000161259 0.0432683
34.5 0.0387244 0.000367265 0.0140788 -0.00103813 0.000268974 0.0436607
34.6 0.0401926 0.000353668 0.00959318 -0.000583383 0.000373496 0.0435885
34.7 0.0411359 0.000334576 0.00531266 -0.000149957 0.000466761 0.0430796
34.8 0.0417167 0.000311222 0.000793358 0.000296705 0.000555081 0.0421491
34.9 0.0417392 0.000282951 -0.00343516 0.000713543 0.000630218 0.0407729
35 0.0414336 0.000251576 -0.00780537 0.0011352 0.000699031 0.0390353
35.1 0.0405567 0.000216009 -0.0118066 0.00151946 0.000753175 0.0368604
35.2 0.0394027 0.000178615 -0.0158545 0.00190059 0.000799887 0.0343994
35.3 0.0376832 0.000137959 -0.0194653 0.00223794 0.000831055 0.0315242
35.4 0.035754 9.68349e-05 -0.0230329 0.0025652 0.00085435 0.0284518
35.5 0.0332831 5.33206e-05 -0.0261093 0.00284373 0.000861717 0.0250018
35.6 0.0306816 1.08402e-05 -0.0290606 0.00310599 0.000860831 0.021453
35.7 0.0275792 -3.29812e-05 -0.0314823 0.00331634 0.000844413 0.0175747
35.8 0.0244364 -7.44361e-05 -0.0337086 0.00350571 0.000820176 0.0137024
35.9 0.020846 -0.0001163 -0.0353849 0.00364155 0.000781063 0.0095571
36 0.017312 -0.00015439 -0.0368082 0.00375292 0.000734806 0.00552551
36.1 0.0133955 -0.000191994 -0.0376805 0.00381111 0.000675086 0.00128272
36.2 0.00963472 -0.000224575 -0.0382569 0.00384275 0.000609216 -0.00273965
36.3 0.00556407 -0.000255879 -0.0383005 0.00382333 0.000531762 -0.00690907
36.4 0.00174822 -0.000281118 -0.0380207 0.00377673 0.000449534 -0.0107559
36.5 -0.00230068 -0.000304434 -0.0372461 0.00368284 0.000357896 -0.0146864
36.6 -0.00600036 -0.00032079 -0.0361361 0.00356249 0.000263078 -0.0182004
36.7 -0.00985535 -0.00033472 -0.0345875 0.00340024 0.000161379 -0.0217383
36.8 -0.0132752 -0.000341035 -0.0327065 0.00321344 5.82184e-05 -0.0247778
36.9 -0.0167746 -0.000344644 -0.0304595 0.00299155 -4.89713e-05 -0.0277876
37 -0.0197643 -0.000340303 -0.0278974 0.00274809 -0.000155805 -0.0302314
37.1 -0.0227639 -0.00033311 -0.0250566 0.00247737 -0.000263881 -0.0326007
37.2 -0.0251942 -0.000317762 -0.0219293 0.00218892 -0.000369755 -0.0343533
37.3 -0.0275724 -0.000299721 -0.0186221 0.00188197 -0.000473876 -0.035997
37.4 -0.0293384 -0.000273763 -0.0150675 0.00156173 -0.000574124 -0.0369919
37.5 -0.0310007 -0.000245354 -0.0114396 0.00123225 -0.000669813 -0.0378552
37.6 -0.0320275 -0.000209388 -0.00761072 0.000894252 -0.00076015 -0.0380574
37.7 -0.032911 -0.00017147 -0.00381975 0.000556487 -0.000843216 -0.0381176
37.8 -0.0331549 -0.00012669 0.000121118 0.000215194 -0.000919576 -0.0375248
37.9 -0.0332295 -8.06438e-05 0.00391203 -0.000116601 -0.000986399 -0.036792
38 -0.0326814 -2.86059e-05 0.00780029 -0.000447196 -0.00104565 -0.0354337
38.1 -0.0319506 2.39593e-05 0.0114297 -0.000759297 -0.00109316 -0.0339496
38.2 -0.0306343 8.14422e-05 0.015105 -0.00106589 -0.00113264 -0.0318864
38.3 -0.0291357 0.000138597 0.0184194 -0.00134579 -0.00115874 -0.0297226
38.4 -0.0271071 0.000199341 0.0217319 -0.00161635 -0.00117656 -0.027043
38.5 -0.0249091 0.000258835 0.0245916 -0.00185312 -0.00117998 -0.0242972
38.6 -0.0222546 0.000320728 0.0274087 -0.00207762 -0.00117544 -0.0211139
38.7 -0.0194542 0.00038039 0.0296938 -0.00226224 -0.00115558 -0.0179063
38.8 -0.0162855 0.000440977 0.0319038 -0.00243262 -0.00112861 -0.0143516
38.9 -0.0130039 0.000498555 0.0335193 -0.00255854 -0.00108613 -0.0108192
39 -0.00945385 0.000555643 0.0350373 -0.00266921 -0.00103752 -0.00703902
39.1 -0.0058307 0.0006088 0.0359154 -0.00273232 -0.000973665 -0.0033304
39.2 -0.00204823 0.000660143 0.0366856 -0.00278039 -0.000905359 0.000521155
39.3 0.0017634 0.000706979 0.0367897 -0.0027793 -0.00082238 0.00425225
39.4 0.00562096 0.000750664 0.0367874 -0.00276431 -0.000736577 0.00801938
39.5 0.00946209 0.000789195 0.0361125 -0.0027002 -0.000637354 0.0116205
39.6 0.0132336 0.000823431 0.0353443 -0.00262455 -0.000537519 0.0151522
39.7 0.0169446 0.000852233 0.033917 -0.00250124 -0.000425528 0.0184776
39.8 0.0204734 0.000875693 0.0324215 -0.00236954 -0.000315129 0.021633
39.9 0.0239014 0.00089355 0.0302989 -0.00219311 -0.00019437 0.0245501
40 0.0270406 0.000905205 0.0281432 -0.00201231 -7.75687e-05 0.0272048
40.1 0.0300453 0.000911297 0.0254101 -0.00179093 4.76148e-05 0.0295993
40.2 0.0326639 0.000910638 0.0226878 -0.00156983 0.000166498 0.0316496
40.3 0.0351234 0.000904691 0.0194532 -0.0013133 0.000291769 0.0334295
40.4 0.0371116 0.00089147 0.0162797 -0.0010621 0.000408417 0.0347966
40.5 0.0389266 0.0008736 0.0126723 -0.000781527 0.000529373 0.0358959
40.6 0.0402002 0.000848243 0.00918035 -0.000511493 0.000639614 0.0365285
40.7 0.0412978 0.000818814 0.00534276 -0.000218818 0.000751905 0.0369097
40.8 0.0418007 0.000782081 0.00167666 5.81197e-05 0.000851673 0.0367865
40.9 0.0421383 0.000742272 -0.00223946 0.000350846 0.000951797 0.0364413
41 0.0418457 0.000695156 -0.00592987 0.000622881 0.00103778 0.0355706
41.1 0.0414107 0.000646058 -0.00977121 0.000903561 0.00112215 0.0345205
41.2 0.0403286 0.000590171 -0.0133364 0.00115913 0.00119128 0.0329404
41.3 0.0391396 0.000533511 -0.0169531 0.00141649 0.00125732 0.031235
41.4 0.0373057 0.000470512 -0.0202502 0.00164504 0.00130744 0.0290115
41.5 0.0354113 0.00040807 -0.0235023 0.00186886 0.0013531 0.0267266
41.6 0.0328918 0.000340051 -0.0264003 0.00206105 0.00138265 0.0239499
41.7 0.030369 0.000273841 -0.0291631 0.00224271 0.0014069 0.0211841
41.8 0.0272567 0.000202755 -0.0315492 0.00239079 0.00141503 0.0179661
41.9 0.0242054 0.000134971 -0.033718 0.00252327 0.00141725 0.0148361
42 0.0206164 6.30788e-05 -0.0355 0.00262166 0.00140433 0.0113047
42.1 0.0171577 -4.23215e-06 -0.0369944 0.00270018 0.00138492 0.00794136
42.2 0.0132245 -7.47565e-05 -0.0381063 0.00274507 0.00135145 0.00423565
42.3 0.00949471 -0.000139488 -0.0388726 0.00276715 0.00131188 0.000777583
42.4 0.00536345 -0.000206674 -0.0392755 0.00275725 0.00125975 -0.0029578
42.5 0.00150689 -0.000266876 -0.0392896 0.0027223 0.00120142 -0.00636933
42.6 -0.00267099 -0.000328739 -0.0389736 0.00265834 0.00113271 -0.00999018
42.7 -0.00650451 -0.000382708 -0.0382399 0.00256854 0.00105868 -0.0132171
42.8 -0.010576 -0.000437686 -0.0372243 0.00245361 0.00097639 -0.0165848
42.9 -0.0142409 -0.000484006 -0.0357773 0.00231279 0.000889312 -0.0194978
43 -0.0180593 -0.000530679 -0.034109 0.0021518 0.000796597 -0.0224855
43.1 -0.0214174 -0.000568071 -0.0320098 0.00196605 0.000700138 -0.0249691
43.2 -0.0248469 -0.000605519 -0.0297615 0.00176588 0.000600764 -0.0274662
43.3 -0.0277736 -0.00063341 -0.0270967 0.00154281 0.000498518 -0.0294234
43.4 -0.0306949 -0.000660869 -0.0243637 0.00131168 0.000396153 -0.0313393
43.5 -0.0330847 -0.000678755 -0.0212402 0.0010603 0.000291936 -0.0326953
43.6 -0.0353998 -0.000696027 -0.0181363 0.000807533 0.000190242 -0.033964
43.7 -0.0371689 -0.000703777 -0.0146776 0.0005378 8.78989e-05 -0.0346686
43.8 -0.0388032 -0.000711012 -0.0113301 0.000273721 -9.17954e-06 -0.0352498
43.9 -0.0398947 -0.000709145 -0.00767187 -3.9999e-06 -0.000106432 -0.0352798
44 -0.0408018 -0.000706663 -0.00421607 -0.000269092 -0.000195749 -0.0351608
44.1 -0.0411844 -0.000695794 -0.000499079 -0.000543905 -0.000284224 -0.0345204
44.2 -0.0413464 -0.000684548 0.00292593 -0.000799697 -0.00036293 -0.0337162
44.3 -0.0410194 -0.000665547 0.00656035 -0.00106151 -0.000440296 -0.0324363
44.4 -0.0404463 -0.000646422 0.00981935 -0.00129804 -0.000505611 -0.0309888
44.5 -0.0394353 -0.000620689 0.0132349 -0.00153701 -0.000569321 -0.0291262
44.6 -0.0381659 -0.000595232 0.0162 -0.00174538 -0.000619542 -0.0271019
44.7 -0.0365248 -0.000564097 0.0192715 -0.00195313 -0.000668292 -0.0247362
44.8 -0.034624 -0.000533473 0.021829 -0.00212568 -0.000702221 -0.0222235
44.9 -0.0324293 -0.000498568 0.0244465 -0.00229474 -0.000734634 -0.0194541
45 -0.029985 -0.000464685 0.0264996 -0.00242529 -0.000751763 -0.0165594
45.1 -0.0273351 -0.00042759 0.0285728 -0.00255024 -0.000767989 -0.0135006
45.2 -0.0244541 -0.000391829 0.0300471 -0.00263425 -0.000768288 -0.0103442
45.3 -0.0214635 -0.000354313 0.0315088 -0.00271116 -0.000768443 -0.0071216
45.4 -0.018268 -0.000318434 0.0323532 -0.00274619 -0.000753038 -0.00383185
45.5 -0.0150631 -0.000281934 0.0331616 -0.00277329 -0.000738347 -0.000576383
45.6 -0.0116839 -0.000247392 0.0333519 -0.00275852 -0.000708359 0.00271434
45.7 -0.00839757 -0.000213427 0.0334918 -0.00273591 -0.000680563 0.00587174
45.8 -0.00497063 -0.000181491 0.0330303 -0.00267282 -0.000638314 0.0090335
45.9 -0.00173575 -0.000151439 0.0325129 -0.0026023 -0.000599185 0.0119667
46 0.00160466 -0.000123351 0.0314279 -0.00249399 -0.000547038 0.0148761
46.1 0.00465794 -9.79508e-05 0.0302918 -0.00237965 -0.000499599 0.017469
46.2 0.00778472 -7.46187e-05 0.028637 -0.00223089 -0.000440284 0.0200153
46.3 0.0105378 -5.48499e-05 0.0269432 -0.00207788 -0.000386998 0.0221667
46.4 0.0133347 -3.67887e-05 0.0247951 -0.00189511 -0.000323686 0.0242549
46.5 0.0156821 -2.30158e-05 0.0226269 -0.00171033 -0.000267794 0.0258819
46.6 0.0180497 -1.053e-05 0.0200804 -0.00150105 -0.000203528 0.0274372
46.7 0.0199049 -2.96201e-06 0.0175387 -0.00129232 -0.000147973 0.0284788
46.8 0.0217637 3.84322e-06 0.0147044 -0.00106492 -8.57949e-05 0.0294489
46.9 0.0230623 5.56481e-06 0.0119035 -0.000840724 -3.32858e-05 0.029868
47 0.0243554 7.00784e-06 0.00890248 -0.000604245 2.37451e-05 0.0302251
47.1 0.0250566 3.06532e-06 0.00596451 -0.000373659 7.01917e-05 0.0300106
47.2 0.0257523 -2.61782e-07 0.00292293 -0.000137096 0.000119649 0.0297521
47.3 0.0258412 -9.0104e-06 -2.59279e-05 9.09405e-05 0.000157796 0.0289176
47.4 0.0259329 -1.62554e-05 -0.00298077 0.000318487 0.000197192 0.0280666
47.5 0.0254211 -2.87367e-05 -0.00581648 0.000535508 0.000225423 0.0266509
47.6 0.0249288 -3.91604e-05 -0.00856351 0.000745842 0.000253301 0.0252536
47.7 0.0238512 -5.45609e-05 -0.0111692 0.00094355 0.000269519 0.0233189
47.8 0.0228181 -6.6614e-05 -0.0135956 0.00112895 0.000284432 0.021444
47.9 0.0212353 -8.33924e-05 -0.0158655 0.0013007 0.000288465 0.0190725
48 0.0197271 -9.61486e-05 -0.0178741 0.0014548 0.000289796 0.0168069
48.1 0.0177188 -0.000113099 -0.0197184 0.00159465 0.000281072 0.014098
48.2 0.0158209 -0.000125131 -0.0212296 0.00171253 0.000269036 0.011544
48.3 0.0134837 -0.000140865 -0.022578 0.00181607 0.000247748 0.00860963
48.4 0.0112959 -0.000150874 -0.0235333 0.00189411 0.000222795 0.00587988
48.5 0.00874055 -0.000164207 -0.0243377 0.0019588 0.000190318 0.0028404
48.6 0.00637327 -0.00017112 -0.0247024 0.00199504 0.00015345 5.3638e-05
48.7 0.00371753 -0.000180694 -0.0249377 0.00201953 0.000110858 -0.0029669
48.8 0.00128859 -0.000183386 -0.0247017 0.0020141 6.43568e-05 -0.00569126
48.9 -0.00134641 -0.000188385 -0.0243678 0.00199893 1.36393e-05 -0.00857105
49 -0.00371997 -0.000185967 -0.0235459 0.00195301 -4.08617e-05 -0.0111168
49.1 -0.00621397 -0.000185483 -0.0226672 0.00190051 -9.69253e-05 -0.0137405
49.2 -0.00841836 -0.000177505 -0.0212983 0.00181718 -0.000156872 -0.0160005
49.3 -0.0106596 -0.000170955 -0.0199215 0.0017306 -0.000216264 -0.0182633
49.4 -0.0125891 -0.000156896 -0.0180671 0.00161454 -0.000278467 -0.0201433
49.5 -0.0144761 -0.000144173 -0.0162603 0.00149901 -0.000337967 -0.0219564
49.6 -0.0160395 -0.000123979 -0.0140012 0.00135564 -0.000399995 -0.0233785
49.7 -0.0174869 -0.000104925 -0.0118505 0.00121698 -0.000456922 -0.0246712
49.8 -0.0186094 -7.88474e-05 -0.00928422 0.00105302 -0.000515644 -0.0255777
49.9 -0.0195507 -5.3894e-05 -0.00688934 0.00089805 -0.000567025 -0.0263011
50 -0.0201775 -2.23654e-05 -0.00412539 0.000720716 -0.000619756 -0.0266558
50.1 -0.0205683 8.0668e-06 -0.00159582 0.000556638 -0.000663055 -0.0267841
50.2 -0.0206667 4.40863e-05 0.0012483 0.000373705 -0.000707067 -0.0265741
50.3 -0.0204863 7.90284e-05 0.00379695 0.000207913 -0.000740062 -0.0261056
50.4 -0.0200476 0.00011885 0.00660145 2.69829e-05 -0.000773156 -0.0253422
50.5 -0.0192991 0.000157142 0.00905394 -0.000133111 -0.000793706 -0.0242988
50.6 -0.0183384 0.000199413 0.0117005 -0.000304644 -0.000814162 -0.0230158
50.7 -0.0170492 0.000239981 0.013946 -0.000452055 -0.000820641 -0.021443
50.8 -0.0156045 0.000283223 0.0163232 -0.000607253 -0.000827029 -0.0196962
50.9 -0.0138254 0.000324539 0.0182598 -0.000735916 -0.000818781 -0.0176598
51 -0.0119549 0.000367409 0.020269 -0.000868775 -0.000810235 -0.0155221
51.1 -0.00974623 0.000408163 0.0218155 -0.000973745 -0.00078662 -0.013095
