#-0.0583416221465716 1.00043496545042 -0.0371137809934449 -0.00518082468022433 0.995608725905899 0.265000793343039 -0.0636826262556491 0.989824759596596 1.5490484930136 -0.477473189141498 0.990205977381427 1.80815544623693 -0.00495486761130449 0.995881347145576 0.358367630383807 -0.0552909562254058 1.00075452273604 0.0235581645079705
0 0 1.35639 0.001 0 0 0
0.051 0.0617699 1.35621 0.00033 0.0192953 0.00985346 3.92e-06
0.102 0.12345 1.35566 -0.00166 0.0385664 0.0196999 -9e-06
0.153 0.184952 1.35475 -0.00499 0.0577889 0.0295322 -5.55e-05
0.204 0.246185 1.35348 -0.00965 0.0769387 0.0393435 -0.0001523
0.255 0.307063 1.35184 -0.01562 0.0959917 0.0491266 -0.0003159
0.306 0.367495 1.34984 -0.02288 0.114924 0.0588747 -0.0005628
0.357 0.427396 1.34748 -0.03144 0.133712 0.0685808 -0.0009092
0.408 0.486678 1.34476 -0.04127 0.152332 0.0782379 -0.0013708
0.459 0.545257 1.34169 -0.05237 0.170761 0.0878394 -0.0019635
0.51 0.603049 1.33826 -0.06469 0.188975 0.0973783 -0.0027024
0.561 0.659969 1.33447 -0.07821 0.206953 0.106848 -0.003602
0.612 0.715938 1.33034 -0.09293 0.224671 0.116242 -0.004678
0.663 0.770874 1.32586 -0.1088 0.242108 0.125553 -0.005943
0.714 0.8247 1.32104 -0.12581 0.259243 0.134775 -0.007412
0.765 0.87734 1.31587 -0.1439 0.276054 0.143902 -0.009097
0.816 0.928295 1.30997 -0.16381 0.292409 0.152889 -0.011069
0.867 0.978316 1.30414 -0.184 0.308505 0.161804 -0.013227
0.918 1.02693 1.29797 -0.20516 0.324217 0.170605 -0.015636
0.969 1.07408 1.29148 -0.22728 0.339527 0.179286 -0.018308
1.02 1.11969 1.28467 -0.2503 0.354415 0.187842 -0.021253
1.071 1.16371 1.27754 -0.27418 0.368864 0.196266 -0.024479
1.122 1.20606 1.2701 -0.298887 0.382858 0.204552 -0.027994
1.173 1.2467 1.26236 -0.324369 0.396379 0.212696 -0.031807
1.224 1.28557 1.25431 -0.350566 0.409412 0.220692 -0.035925
1.275 1.32261 1.24597 -0.377444 0.421942 0.228535 -0.040353
1.326 1.35779 1.23733 -0.404936 0.433955 0.23622 -0.045096
1.377 1.39105 1.22841 -0.433006 0.445437 0.243742 -0.05016
1.428 1.42234 1.21921 -0.461594 0.456375 0.251096 -0.055548
1.479 1.45164 1.20974 -0.49065 0.466758 0.258278 -0.061261
1.53 1.47891 1.2 -0.520113 0.476575 0.265283 -0.067303
1.581 1.5041 1.19 -0.549932 0.485815 0.272108 -0.073674
1.632 1.52661 1.17937 -0.579997 0.494273 0.278741 -0.080435
1.683 1.54758 1.16887 -0.610344 0.502327 0.285192 -0.087463
1.734 1.5664 1.15813 -0.640877 0.509779 0.29145 -0.094816
1.785 1.58305 1.14716 -0.671539 0.516621 0.297512 -0.102492
1.836 1.59753 1.13596 -0.702266 0.522848 0.303375 -0.110488
1.887 1.60981 1.12454 -0.733003 0.528455 0.309036 -0.118798
1.938 1.61989 1.1129 -0.763684 0.533437 0.314492 -0.127418
1.989 1.62777 1.10107 -0.794273 0.537792 0.31974 -0.13634
2.04 1.63345 1.08903 -0.824686 0.541516 0.324777 -0.145557
2.091 1.63692 1.07681 -0.854886 0.544609 0.329603 -0.155063
2.142 1.63818 1.0644 -0.884799 0.54707 0.334213 -0.164846
2.193 1.63726 1.05182 -0.91438 0.548898 0.338608 -0.174898
2.244 1.63417 1.03908 -0.943575 0.550096 0.342784 -0.185207
2.295 1.62891 1.02617 -0.97231 0.550665 0.34674 -0.195761
2.346 1.62151 1.01311 -1.00054 0.550609 0.350476 -0.20655
2.397 1.61199 0.999915 -1.02823 0.549931 0.353989 -0.217558
2.448 1.60006 0.986518 -1.05509 0.548503 0.35717 -0.228616
2.499 1.58638 0.973061 -1.08149 0.546597 0.360237 -0.240021
2.55 1.57068 0.959485 -1.10718 0.544086 0.36308 -0.251602
2.601 1.55297 0.945798 -1.1321 0.540977 0.365698 -0.263343
2.652 1.53332 0.932009 -1.15622 0.537279 0.368093 -0.275228
2.703 1.51174 0.918125 -1.17947 0.533 0.370264 -0.287241
2.754 1.4883 0.904155 -1.20182 0.52815 0.372211 -0.299361
2.805 1.46303 0.890107 -1.22323 0.522739 0.373935 -0.311572
2.856 1.43599 0.875988 -1.24365 0.516779 0.375437 -0.323855
2.907 1.40723 0.861808 -1.26304 0.510282 0.376718 -0.336191
2.958 1.3768 0.847573 -1.28136 0.503259 0.377778 -0.348558
3.009 1.34476 0.833292 -1.29858 0.495725 0.378619 -0.360937
3.06 1.31118 0.818972 -1.31465 0.487693 0.379244 -0.37331
3.111 1.27611 0.804622 -1.32956 0.479178 0.379652 -0.385652
3.162 1.23961 0.79025 -1.34327 0.470195 0.379847 -0.397945
3.213 1.20176 0.775862 -1.35574 0.46076 0.37983 -0.410166
3.264 1.1747 0.775718 -1.38859 0.454376 0.392347 -0.433037
3.366 1.09138 0.746054 -1.40723 0.43318 0.39108 -0.457497
3.468 1.00372 0.716466 -1.42048 0.410438 0.388974 -0.481303
3.57 0.912333 0.687014 -1.42821 0.3863 0.386056 -0.50428
3.672 0.817844 0.657757 -1.43034 0.360921 0.382352 -0.52625
3.774 0.720891 0.628752 -1.42681 0.334462 0.377893 -0.54704
3.876 0.622122 0.600054 -1.41761 0.307087 0.372713 -0.566484
3.978 0.52219 0.571715 -1.40277 0.278964 0.366845 -0.584418
4.08 0.421744 0.543785 -1.38235 0.250263 0.360326 -0.60069
4.182 0.321431 0.516312 -1.35647 0.221154 0.353195 -0.615154
4.284 0.221885 0.489341 -1.32526 0.191808 0.34549 -0.627674
4.386 0.123729 0.462914 -1.2889 0.162393 0.337252 -0.638127
4.488 0.0275667 0.43707 -1.24761 0.133075 0.328523 -0.646402
4.59 -0.0660203 0.411846 -1.20164 0.104019 0.319347 -0.652403
4.692 -0.156476 0.387275 -1.15126 0.0753828 0.309765 -0.656045
4.794 -0.243274 0.363388 -1.09678 0.04732 0.299822 -0.657262
4.896 -0.3249 0.340453 -1.03845 0.0202297 0.289738 -0.655795
4.998 -0.402872 0.318009 -0.976846 -0.00622702 0.279208 -0.652027
5.1 -0.475821 0.296322 -0.912219 -0.0316903 0.268447 -0.645732
5.202 -0.543369 0.275409 -0.844963 -0.0560363 0.2575 -0.636911
5.304 -0.605181 0.255287 -0.775491 -0.0791502 0.246409 -0.625581
5.406 -0.660968 0.235966 -0.704227 -0.100927 0.235216 -0.611778
5.508 -0.710489 0.217456 -0.631604 -0.121273 0.223963 -0.595554
5.61 -0.753547 0.199764 -0.558063 -0.140103 0.21269 -0.576979
5.712 -0.789996 0.182892 -0.484045 -0.157345 0.201435 -0.556139
5.814 -0.819738 0.166842 -0.409993 -0.172938 0.190236 -0.533136
5.916 -0.842722 0.151611 -0.336343 -0.186832 0.17913 -0.508091
6.018 -0.858949 0.137194 -0.263527 -0.198989 0.168151 -0.481134
6.12 -0.868465 0.123586 -0.191967 -0.209382 0.157332 -0.452414
6.222 -0.871362 0.110775 -0.12207 -0.217999 0.146704 -0.422091
6.324 -0.867778 0.0987511 -0.0542299 -0.224835 0.136296 -0.390335
6.426 -0.857897 0.0874996 0.0111795 -0.2299 0.126134 -0.357328
6.528 -0.843446 0.0766504 0.0745696 -0.232956 0.116541 -0.325252
6.732 -0.794062 0.0578358 0.190431 -0.234465 0.0974976 -0.254287
6.936 -0.723982 0.0418375 0.291448 -0.229476 0.0798183 -0.181558
7.14 -0.63625 0.028468 0.375765 -0.218509 0.0636259 -0.108788
7.344 -0.534298 0.0175225 0.442036 -0.20222 0.049007 -0.0376983
7.548 -0.421833 0.00878304 0.489453 -0.181369 0.0360135 0.0300412
7.752 -0.302724 0.00202365 0.517756 -0.156804 0.0246638 0.0928602
7.956 -0.180872 -0.00298528 0.527231 -0.129426 0.0149451 0.149334
8.16 -0.0601013 -0.00647265 0.51868 -0.100171 0.0068158 0.198226
8.364 0.0559566 -0.00866274 0.493386 -0.0699744 0.000208668 0.238523
8.568 0.163966 -0.00977163 0.453065 -0.0397526 -0.00496581 0.269466
8.772 0.260975 -0.0100042 0.399799 -0.0103736 -0.00881572 0.290565
8.976 0.344496 -0.00955127 0.335963 0.0173637 -0.0114639 0.301616
9.18 0.412561 -0.00858793 0.264147 0.0427485 -0.0130442 0.302703
9.384 0.463766 -0.00727153 0.187066 0.0651752 -0.0136972 0.294192
9.588 0.497291 -0.0057408 0.107479 0.0841553 -0.0135673 0.276715
9.792 0.511893 -0.00415028 0.0286791 0.0990229 -0.0128275 0.250984
9.996 0.510044 -0.00252918 -0.0477686 0.110154 -0.0115663 0.218518
10.2 0.491553 -0.000993484 -0.119045 0.117154 -0.00993923 0.18033
10.404 0.457802 0.00039402 -0.183032 0.120051 -0.0080714 0.137818
10.608 0.410602 0.00158783 -0.23794 0.118996 -0.00607696 0.0924744
10.812 0.352121 0.0025584 -0.282347 0.114249 -0.0040574 0.0458325
11.016 0.284802 0.00329055 -0.315235 0.10617 -0.00210036 -0.00057958
11.22 0.211272 0.00378174 -0.336 0.095202 -0.000278878 -0.0452867
11.424 0.134252 0.00404018 -0.344465 0.0818526 0.00134897 -0.0869114
11.628 0.0564628 0.00408294 -0.340867 0.0666774 0.00273994 -0.124215
11.832 -0.0194608 0.00393399 -0.325834 0.0502594 0.00386512 -0.156133
12.036 -0.091056 0.00362233 -0.300347 0.0331906 0.00470917 -0.181805
12.24 -0.156105 0.00318019 -0.265704 0.0160529 0.00526914 -0.200597
12.444 -0.212699 0.00264137 -0.223453 -0.000599414 0.00555317 -0.212118
12.648 -0.259292 0.00203972 -0.175346 -0.0162558 0.0055789 -0.216223
12.852 -0.294734 0.00140782 -0.12326 -0.0304632 0.00537185 -0.213013
13.056 -0.316912 0.000746128 -0.0692034 -0.0424578 0.00496157 -0.202373
13.464 -0.327612 -0.000411938 0.0370368 -0.0604909 0.00366836 -0.163654
13.872 -0.29289 -0.0012964 0.129422 -0.0686968 0.00203395 -0.106189
14.28 -0.221223 -0.0018168 0.196586 -0.0670455 0.00036196 -0.0386733
14.688 -0.12537 -0.0019551 0.231364 -0.0567605 -0.00109209 0.0293716
15.096 -0.0203625 -0.00175484 0.231478 -0.0400523 -0.00214743 0.0888958
15.504 0.0786714 -0.00130361 0.19951 -0.0197492 -0.00271042 0.132489
15.912 0.158557 -0.000712563 0.142234 0.00111937 -0.00277348 0.155281
16.32 0.209722 -9.60907e-05 0.0694206 0.0197312 -0.00240261 0.155464
16.728 0.227252 0.000445571 -0.00768851 0.0338197 -0.00171692 0.134376
17.136 0.211244 0.000838918 -0.0780201 0.0419222 -0.000863991 0.0961667
17.544 0.166453 0.00104398 -0.132184 0.0435039 5.15323e-06 0.0470864
17.952 0.101317 0.00105524 -0.163665 0.0389502 0.000757996 -0.00546673
18.36 0.0265414 0.000897539 -0.169557 0.0294386 0.00129696 -0.0540188
18.768 -0.0465445 0.000618028 -0.150737 0.016716 0.00156876 -0.0920506
19.176 -0.10762 0.000276138 -0.111523 0.0028169 0.00156631 -0.11485
19.584 -0.146944 -5.97767e-05 -0.0589778 -0.00998094 0.00132144 -0.118969
19.992 -0.163662 -0.00034969 -0.00186526 -0.0203682 0.000910049 -0.107148
20.4 -0.155384 -0.000549609 0.0517442 -0.0269741 0.000407247 -0.0807862
20.808 -0.124983 -0.000639272 0.0943333 -0.0291929 -0.000100336 -0.0444215
21.216 -0.0783319 -0.000617723 0.120422 -0.0270774 -0.000535372 -0.00377234
21.624 -0.0232816 -0.000501146 0.127234 -0.0212807 -0.000840104 0.0351284
22.032 0.0315896 -0.000318423 0.114946 -0.0129204 -0.000982636 0.0668027
22.44 0.078256 -0.000105321 0.0864926 -0.00338749 -0.000958801 0.0870803
22.848 0.110373 0.000101692 0.0469926 0.00586818 -0.0007898 0.0936309
23.256 0.124102 0.000271034 0.00288748 0.0135456 -0.000516396 0.0862122
23.664 0.118523 0.000380277 -0.0390662 0.0186648 -0.000190855 0.0666079
24.072 0.0956087 0.000418574 -0.0727973 0.0206828 0.000131981 0.0382778
24.48 0.0597708 0.000387113 -0.0937717 0.0195389 0.000403107 0.00578367
24.888 0.0170822 0.000297708 -0.0995763 0.01563 0.000586091 -0.0259217
25.296 -0.0257074 0.000169938 -0.0901654 0.00972263 0.000661307 -0.0522295
25.704 -0.0622018 2.74035e-05 -0.0677477 0.00281765 0.000627282 -0.0695306
26.112 -0.084567 -0.000105812 -0.036085 -0.00374665 0.000492921 -0.0737046
26.928 -0.0905666 -0.000269981 0.0308459 -0.0132012 7.87651e-05 -0.0536627
27.744 -0.0446929 -0.000250149 0.0734701 -0.0141339 -0.000311059 -0.00551551
28.56 0.0217749 -8.87274e-05 0.0701696 -0.00715481 -0.000459981 0.0413096
29.376 0.0690846 9.82578e-05 0.027245 0.00288665 -0.000322044 0.0606551
30.192 0.0721952 0.00019895 -0.0271906 0.0100631 -2.03634e-05 0.0439731
31.008 0.0335444 0.000168502 -0.0610367 0.0107429 0.00024813 0.00370631
31.824 -0.0208446 4.42201e-05 -0.0567472 0.00531844 0.000334651 -0.0353603
32.64 -0.0582746 -8.81122e-05 -0.0200773 -0.00247004 0.000215548 -0.0510526
33.456 -0.0586331 -0.000150438 0.025127 -0.00798281 -1.21132e-05 -0.036194
34.272 -0.0248628 -0.000116124 0.0520423 -0.00836324 -0.000202421 -0.00160025
35.088 0.0206168 -1.81666e-05 0.0465147 -0.00394611 -0.000250353 0.031373
35.904 0.0503935 7.7876e-05 0.0142545 0.00226091 -0.000146422 0.0437978
36.72 0.0483098 0.000116037 -0.0239344 0.0065418 3.01063e-05 0.029893
37.536 0.0179926 8.11306e-05 -0.045302 0.00664274 0.000167792 -0.000502339
38.352 -0.0207011 2.48555e-06 -0.038513 0.00290993 0.00019108 -0.0286126
39.168 -0.0422072 -6.60773e-05 -0.00960405 -0.00197551 0.000100101 -0.036457
39.984 -0.0385876 -8.90549e-05 0.021658 -0.00520659 -3.65559e-05 -0.0239102
40.8 -0.0124018 -5.67894e-05 0.0379937 -0.00512321 -0.000136546 0.00187765
41.616 0.0193324 5.53029e-06 0.0307599 -0.00207507 -0.0001454 0.024961
42.432 0.037466 5.78535e-05 0.00575313 0.00190947 -6.77228e-05 0.0319304
43.248 0.0321339 7.03386e-05 -0.0211034 0.00443646 4.18027e-05 0.0196206
44.064 0.00798786 3.97602e-05 -0.0337633 0.004159 0.000115522 -0.00360663
44.88 -0.019447 -1.13767e-05 -0.0255428 0.00147012 0.000113629 -0.0234086
45.696 -0.0336194 -5.06976e-05 -0.00253839 -0.00186512 4.46625e-05 -0.0282321
46.512 -0.0268349 -5.60113e-05 0.0207023 -0.00384331 -4.42214e-05 -0.0159921
47.328 -0.00433022 -2.74048e-05 0.0302804 -0.00340784 -9.86053e-05 0.00516865
48.144 0.0195535 1.49323e-05 0.0211822 -0.000994776 -8.94631e-05 0.0222031
48.96 0.0304112 4.45231e-05 -0.000186345 0.00183101 -2.79194e-05 0.0251387
49.776 0.0223853 4.48557e-05 -0.0203903 0.00337323 4.4896e-05 0.0128687
50.592 0.00124465 1.8285e-05 -0.0273379 0.00280917 8.47449e-05 -0.00658151
51.408 -0.0196375 -1.70107e-05 -0.0174601 0.000614604 7.06884e-05 -0.0212364
52.224 -0.0249111 -3.75203e-05 0.00174562 -0.0015663 1.50106e-05 -0.0204033
53.856 0.000688868 -1.10086e-05 0.0222363 -0.00211295 -6.99516e-05 0.00657819
55.488 0.0224681 3.28461e-05 -0.00354988 0.00152596 -6.15236e-06 0.018087
57.12 -0.00271786 6.01677e-06 -0.0199658 0.00172811 6.03062e-05 -0.00752915
58.752 -0.0202881 -2.8804e-05 0.0050956 -0.00148568 -4.88142e-07 -0.0160313
60.384 0.00445723 -2.23908e-06 0.0179259 -0.00140676 -5.21184e-05 0.00836753
62.016 0.0183107 2.52532e-05 -0.00643245 0.0014455 5.47726e-06 0.0141764
63.648 -0.00595868 -6.5071e-07 -0.0160622 0.00113489 4.50757e-05 -0.009106
65.28 -0.0164843 -2.21119e-05 0.00759671 -0.00140456 -9.23865e-06 -0.0124733
66.912 0.00726609 2.88644e-06 0.0143325 -0.000901284 -3.89442e-05 0.00975734
68.544 0.0147713 1.93373e-05 -0.0086152 0.00136285 1.21009e-05 0.0108848
70.176 -0.00841228 -4.60205e-06 -0.012702 0.000697755 3.35939e-05 -0.0103316
71.808 -0.0131432 -1.68573e-05 0.00951001 -0.00132034 -1.42422e-05 -0.00938274
73.44 0.00941987 5.92096e-06 0.0111442 -0.000518207 -2.88673e-05 0.0108343
75.072 0.011574 1.46255e-05 -0.0102972 0.00127675 1.58284e-05 0.00794195
76.704 -0.0103088 -6.93715e-06 -0.00963739 0.000357729 2.46553e-05 -0.0112717
78.336 -0.00879511 -1.1869e-05 0.0091158 -0.00103911 -1.52414e-05 -0.00583945
79.968 0.00912409 6.84685e-06 0.00716408 -0.000208701 -1.96923e-05 0.00967679
81.6 0.00743785 1.0124e-05 -0.00951694 0.000988923 1.59477e-05 0.00462783
83.232 -0.00958654 -7.34567e-06 -0.00587427 9.57088e-05 1.6453e-05 -0.00982144
84.864 -0.00611949 -8.53351e-06 0.00983077 -0.000937848 -1.63726e-05 -0.00345732
86.496 0.0099553 7.69397e-06 0.00461954 5.77803e-06 -1.35177e-05 0.00990469
88.128 0.00483204 7.08559e-06 -0.0100634 0.000885875 1.65848e-05 0.00231991
89.76 -0.0102343 -7.91456e-06 -0.0033917 -9.75322e-05 1.08559e-05 -0.00992555
91.392 -0.00356591 -5.76054e-06 0.0102182 -0.000832897 -1.66145e-05 -0.00120644
93.024 0.0104289 8.02901e-06 0.00218458 0.000180927 -8.42278e-06 0.00988556
94.656 0.00231637 4.54223e-06 -0.0102962 0.000778752 1.65049e-05 0.000112676
96.288 -0.0105403 -8.05648e-06 -0.000993454 -0.000257032 6.20849e-06 -0.00978303
97.92 -0.00107933 -3.4221e-06 0.0102963 -0.000723212 -1.62551e-05 0.000964803
99.552 0.0105674 8.00492e-06 -0.000186708 0.000326749 -4.16674e-06 0.00961418
101.184 -0.000150058 2.38578e-06 -0.0102169 0.000666102 1.58978e-05 -0.00203028
102.816 -0.0105095 -7.88484e-06 0.00136059 -0.000390771 2.28774e-06 -0.0093764
104.448 0.00067531 -1.32089e-06 0.00728704 -0.000448624 -1.31147e-05 0.00194276
107.712 -0.00151724 5.48104e-07 -0.00699432 0.000398168 1.25404e-05 -0.00264037
110.976 0.00232222 1.58401e-07 0.00664653 -0.000347812 -1.19067e-05 0.00330142
114.24 -0.00309037 -8.03609e-07 -0.00624335 0.000297437 1.12198e-05 -0.0039257
117.504 0.00381995 1.39249e-06 0.00578533 -0.000247102 -1.04845e-05 0.00451161
120.768 -0.00450965 -1.93053e-06 -0.00527189 0.000196783 9.70763e-06 -0.00505773
124.032 0.00515716 2.42085e-06 0.00470445 -0.000146552 -8.89412e-06 0.00556195
127.296 -0.005759 -2.86361e-06 -0.00408183 9.63422e-05 8.04427e-06 -0.00602062
130.56 0.00631219 3.2615e-06 0.00340384 -4.61637e-05 -7.15913e-06 0.00643079
133.824 -0.00681221 -3.61853e-06 -0.00267074 -3.91294e-06 6.24347e-06 -0.00678814
137.088 0.00725382 3.93077e-06 0.00188343 5.37719e-05 -5.30282e-06 0.00708778
140.352 -0.00763181 -4.20076e-06 -0.00104241 -0.00010336 4.33344e-06 -0.00732464
143.616 0.00793796 4.42918e-06 0.000148336 0.000152562 -3.33636e-06 0.00749087
146.88 -0.00816795 -4.61665e-06 0.000797067 -0.000201282 2.31561e-06 -0.00758243
150.144 0.0083117 4.75908e-06 -0.00179245 0.000249253 -1.2754e-06 0.00758996
153.408 -0.00836021 -4.86171e-06 0.00283363 -0.000296145 2.18804e-07 -0.00750538
156.672 0.00534229 3.67781e-06 -0.00225842 0.000207271 3.46956e-07 0.0047447
159.936 -0.00516502 -3.67041e-06 0.00291163 -0.00023131 -1.14302e-06 -0.00449935
163.2 0.00491515 3.59011e-06 -0.00355993 0.000253202 1.93356e-06 0.00418756
166.464 -0.00459109 -3.52389e-06 0.00419762 -0.000272774 -2.71967e-06 -0.00380822
169.728 0.00419043 3.38186e-06 -0.00481852 0.000289801 3.46787e-06 0.00335959
172.992 -0.00370917 -3.20674e-06 0.0054163 -0.000304063 -4.22321e-06 -0.00283826
176.256 0.00314639 3.02453e-06 -0.00598302 0.000315354 4.95176e-06 0.00224392
179.52 -0.00250163 -2.78627e-06 0.00651132 -0.000323499 -5.62551e-06 -0.00157663
182.784 0.00177161 2.49052e-06 -0.00699188 0.00032819 6.28164e-06 0.000833969
186.048 -0.000956649 -2.17511e-06 0.00741586 -0.000329205 -6.91792e-06 -1.68677e-05
189.312 5.71821e-05 1.83941e-06 -0.00777111 0.00032619 7.49457e-06 -0.000873202
192.576 0.000926826 -1.45335e-06 0.00804703 -0.000318846 -7.99739e-06 0.00183543
195.84 -0.0019943 1.00733e-06 -0.00822978 0.000306815 8.44711e-06 -0.00286774
199.104 0.00314128 -5.2667e-07 0.00830769 -0.000289907 -8.85165e-06 0.00396564
202.368 -0.00436385 2.70586e-08 -0.00826593 0.000267774 9.18775e-06 -0.0051242
205.632 0.00565656 5.0021e-07 0.00808965 -0.000240108 -9.42258e-06 0.00633704
