#0.372837678737685 0.995545493914004 -1.2656335398947 -0.106122247599281 0.993955516689106 1.61399380096791 0.363414058762499 0.99535084035029 -1.23852658318097 1.47598863252627 0.993791158883841 -0.714450094704379 0.110925202365727 0.994754726645742 4.74340575082838 0.350445278367647 0.994780186186156 -1.11031563447911
0 0 1.21019 0.00089 0 0 0
0.025 0.02809 1.21013 0.00074 0.00823599 0.00718391 4.97e-06
0.05 0.0561691 1.20996 0.00027 0.0164693 0.0143662 7.3e-06
0.075 0.0842261 1.20968 -0.00053 0.0246974 0.0215452 4.5e-06
0.1 0.11225 1.20928 -0.00163 0.0329176 0.0287194 -6.3e-06
0.125 0.14023 1.20877 -0.00304 0.0411271 0.0358871 -2.76e-05
0.15 0.168155 1.20815 -0.00478 0.0493235 0.0430466 -6.18e-05
0.175 0.196015 1.20742 -0.00683 0.0575041 0.0501964 -0.0001117
0.2 0.223797 1.20657 -0.00918 0.0656663 0.0573349 -0.0001799
0.225 0.251492 1.20561 -0.01185 0.0738074 0.0644604 -0.0002689
0.25 0.279089 1.20453 -0.01482 0.0819249 0.0715713 -0.0003812
0.275 0.306576 1.20335 -0.0181 0.0900161 0.0786661 -0.0005195
0.3 0.333943 1.20205 -0.02169 0.0980785 0.0857431 -0.0006862
0.325 0.36118 1.20064 -0.02558 0.106109 0.0928007 -0.0008839
0.35 0.388275 1.19913 -0.02978 0.114106 0.0998374 -0.0011149
0.375 0.415219 1.1975 -0.03428 0.122067 0.106852 -0.001382
0.4 0.441916 1.19554 -0.03934 0.129959 0.113838 -0.001707
0.425 0.46852 1.19369 -0.04442 0.137837 0.120803 -0.002056
0.45 0.49494 1.19173 -0.0498 0.145671 0.12774 -0.002446
0.475 0.521167 1.18966 -0.05547 0.153459 0.134648 -0.002882
0.5 0.54719 1.18748 -0.06143 0.161197 0.141525 -0.003364
0.525 0.573 1.18519 -0.06766 0.168884 0.148371 -0.003898
0.55 0.598587 1.1828 -0.07419 0.176517 0.155184 -0.004484
0.575 0.623939 1.1803 -0.08098 0.184094 0.161962 -0.005125
0.6 0.649049 1.17769 -0.08805 0.191612 0.168703 -0.005822
0.625 0.673905 1.17497 -0.09539 0.199069 0.175406 -0.006578
0.65 0.698499 1.17215 -0.10299 0.206462 0.18207 -0.007395
0.675 0.722821 1.16922 -0.11086 0.21379 0.188693 -0.008274
0.7 0.746862 1.16619 -0.11898 0.22105 0.195274 -0.009219
0.725 0.770612 1.16306 -0.12737 0.228239 0.201811 -0.010231
0.75 0.794062 1.15982 -0.136 0.235356 0.208303 -0.011312
0.775 0.817204 1.15648 -0.14487 0.242398 0.214748 -0.012464
0.8 0.839882 1.15284 -0.154281 0.249336 0.221123 -0.013736
0.825 0.862376 1.1493 -0.163633 0.256222 0.22747 -0.015036
0.85 0.884536 1.14565 -0.173206 0.263026 0.233767 -0.016412
0.875 0.906353 1.14191 -0.183015 0.269747 0.240011 -0.017866
0.9 0.927818 1.13807 -0.193043 0.276382 0.246202 -0.019399
0.925 0.948924 1.13413 -0.203284 0.28293 0.252338 -0.021014
0.95 0.969663 1.1301 -0.213743 0.289389 0.258418 -0.02271
0.975 0.990028 1.12597 -0.224402 0.295756 0.264441 -0.024492
1 1.01001 1.12174 -0.235257 0.30203 0.270405 -0.026358
1.025 1.0296 1.11742 -0.246309 0.308209 0.276309 -0.02831
1.05 1.0488 1.113 -0.257543 0.31429 0.282152 -0.030351
1.075 1.06759 1.1085 -0.268971 0.320273 0.287933 -0.032481
1.1 1.08596 1.1039 -0.280567 0.326156 0.29365 -0.034702
1.125 1.10393 1.09921 -0.292334 0.331935 0.299302 -0.037013
1.15 1.12146 1.09443 -0.304265 0.337611 0.304888 -0.039417
1.175 1.13857 1.08956 -0.316352 0.343181 0.310407 -0.041914
1.2 1.15499 1.08444 -0.328794 0.34854 0.315805 -0.044435
1.225 1.17121 1.0794 -0.341181 0.353892 0.321186 -0.047121
1.25 1.18698 1.07427 -0.353702 0.359133 0.326496 -0.049902
1.275 1.2023 1.06906 -0.36636 0.364263 0.331735 -0.05278
1.3 1.21716 1.06377 -0.379147 0.369278 0.336901 -0.055755
1.325 1.23155 1.05839 -0.392044 0.374179 0.341994 -0.058828
1.35 1.24548 1.05294 -0.405066 0.378964 0.347012 -0.061999
1.375 1.25893 1.0474 -0.418182 0.383631 0.351955 -0.065269
1.4 1.2719 1.04179 -0.431406 0.388179 0.356821 -0.068637
1.425 1.28439 1.03609 -0.444709 0.392608 0.36161 -0.072104
1.45 1.29639 1.03033 -0.458114 0.396914 0.366321 -0.075672
1.475 1.30789 1.02448 -0.471581 0.401099 0.370952 -0.079338
1.5 1.31891 1.01857 -0.485133 0.40516 0.375503 -0.083103
1.525 1.32942 1.01258 -0.498741 0.409096 0.379974 -0.086969
1.55 1.33943 1.00651 -0.512398 0.412906 0.384363 -0.090934
1.575 1.34894 1.00038 -0.526114 0.41659 0.388669 -0.094998
1.6 1.3683 1.00727 -0.545075 0.420493 0.402718 -0.100895
1.65 1.38481 0.994388 -0.572929 0.427224 0.41108 -0.109655
1.7 1.39924 0.981241 -0.600864 0.433435 0.419089 -0.118812
1.75 1.41158 0.967841 -0.628821 0.43912 0.426739 -0.12836
1.8 1.42181 0.954198 -0.65674 0.444274 0.434026 -0.138293
1.85 1.42993 0.940323 -0.684562 0.448893 0.440945 -0.148605
1.9 1.43593 0.926228 -0.712229 0.452974 0.447492 -0.159288
1.95 1.43981 0.911925 -0.739682 0.456514 0.453663 -0.17033
2 1.44157 0.897424 -0.766862 0.459512 0.459456 -0.181724
2.05 1.44123 0.882738 -0.793712 0.461967 0.464866 -0.193454
2.1 1.43879 0.867878 -0.820174 0.463879 0.469893 -0.205511
2.15 1.43426 0.852856 -0.846192 0.465249 0.474533 -0.217878
2.2 1.42767 0.837683 -0.871708 0.466077 0.478786 -0.230541
2.25 1.41904 0.822373 -0.896669 0.466367 0.48265 -0.243483
2.3 1.40839 0.806936 -0.92102 0.466121 0.486124 -0.256688
2.35 1.39574 0.791384 -0.944708 0.465343 0.48921 -0.270138
2.4 1.38097 0.775696 -0.967529 0.463945 0.491885 -0.283755
2.45 1.36444 0.759954 -0.989734 0.462119 0.494193 -0.297633
2.5 1.34602 0.744133 -1.01112 0.459777 0.496113 -0.311694
2.55 1.32576 0.728245 -1.03165 0.456926 0.497648 -0.325919
2.6 1.3037 0.712303 -1.05127 0.453574 0.498798 -0.340282
2.65 1.27989 0.696318 -1.06994 0.449728 0.499567 -0.354763
2.7 1.25436 0.680302 -1.08762 0.445399 0.499957 -0.369336
2.75 1.22719 0.664266 -1.10427 0.440594 0.499972 -0.383979
2.8 1.19841 0.648222 -1.11983 0.435325 0.499614 -0.398663
2.85 1.1681 0.632183 -1.1343 0.429602 0.498888 -0.413365
2.9 1.13631 0.616158 -1.14761 0.423437 0.497799 -0.428059
2.95 1.1031 0.600159 -1.15976 0.416842 0.49635 -0.442716
3 1.06853 0.584197 -1.17069 0.409829 0.494548 -0.457312
3.05 1.03268 0.568284 -1.18039 0.402411 0.492397 -0.471817
3.1 0.995616 0.55243 -1.18883 0.394602 0.489903 -0.486206
3.15 0.957401 0.536645 -1.19599 0.386417 0.487073 -0.500449
3.2 0.919288 0.522206 -1.20564 0.378026 0.487358 -0.517436
3.3 0.837441 0.490897 -1.21334 0.359895 0.479949 -0.545098
3.4 0.752187 0.460035 -1.21561 0.340501 0.471296 -0.571727
3.5 0.664152 0.429698 -1.2124 0.319975 0.461462 -0.597101
3.6 0.573971 0.399957 -1.20365 0.298452 0.450515 -0.621001
3.7 0.482291 0.370883 -1.18939 0.276072 0.438526 -0.643214
3.8 0.38976 0.342538 -1.16965 0.25298 0.42557 -0.663537
3.9 0.297025 0.314982 -1.14454 0.22932 0.411725 -0.681773
4 0.204727 0.288271 -1.11419 0.205238 0.397072 -0.697742
4.1 0.113495 0.262454 -1.07876 0.180883 0.381693 -0.711271
4.2 0.0239433 0.237578 -1.03847 0.156399 0.365671 -0.722206
4.3 -0.0633338 0.213682 -0.993556 0.131931 0.349093 -0.73041
4.4 -0.147766 0.190801 -0.944306 0.107622 0.332044 -0.735762
4.5 -0.228812 0.168966 -0.89103 0.0836088 0.314609 -0.73816
4.6 -0.305961 0.148201 -0.834067 0.0600265 0.296875 -0.737524
4.7 -0.378738 0.128526 -0.773787 0.0370041 0.278927 -0.733795
4.8 -0.445945 0.110133 -0.710611 0.0148161 0.261052 -0.726748
4.9 -0.508671 0.0926725 -0.644935 -0.00670992 0.242932 -0.716745
5 -0.565848 0.0763303 -0.577177 -0.0273273 0.224844 -0.703606
5.1 -0.61717 0.0611062 -0.507783 -0.0469348 0.206865 -0.687362
5.2 -0.662382 0.0469953 -0.437206 -0.0654394 0.189071 -0.668069
5.3 -0.701275 0.0339881 -0.365907 -0.0827571 0.171533 -0.645802
5.4 -0.733694 0.022071 -0.294351 -0.0988133 0.15432 -0.620661
5.5 -0.759531 0.0112259 -0.223001 -0.113543 0.137498 -0.592771
5.6 -0.778731 0.00143103 -0.152319 -0.126891 0.121127 -0.562272
5.7 -0.791289 -0.00733917 -0.0827569 -0.138812 0.105265 -0.52933
5.8 -0.797252 -0.0151138 -0.014758 -0.149272 0.0899627 -0.494127
5.9 -0.796714 -0.021925 0.0512496 -0.158247 0.0752697 -0.456863
6 -0.789817 -0.0278081 0.114855 -0.165723 0.0612286 -0.417757
6.1 -0.776752 -0.0328009 0.175668 -0.171695 0.0478778 -0.377039
6.2 -0.757751 -0.0369436 0.233321 -0.17617 0.0352509 -0.334956
6.3 -0.733088 -0.0402787 0.287473 -0.179165 0.0233762 -0.291764
6.4 -0.702336 -0.0428823 0.337061 -0.180096 0.0120597 -0.248139
6.6 -0.627791 -0.0458811 0.425074 -0.179 -0.00775424 -0.158647
6.8 -0.536511 -0.0463892 0.494893 -0.172634 -0.0242944 -0.0691445
7 -0.432083 -0.0447965 0.545245 -0.161508 -0.0375508 0.0181114
7.2 -0.318382 -0.041494 0.575458 -0.146234 -0.0475864 0.100921
7.4 -0.199441 -0.0368652 0.585475 -0.127512 -0.054531 0.177207
7.6 -0.0793184 -0.0312786 0.57584 -0.1061 -0.0585746 0.245082
7.8 0.0380316 -0.0250805 0.547673 -0.0827978 -0.0599586 0.302902
8 0.14888 -0.0185895 0.50263 -0.0584159 -0.0589669 0.349323
8.2 0.249836 -0.012091 0.442829 -0.0337559 -0.0559165 0.383342
8.4 0.33795 -0.00583375 0.370782 -0.00958636 -0.0511469 0.404326
8.6 0.41079 -2.74358e-05 0.289307 0.013378 -0.0450105 0.412029
8.8 0.466509 0.00515917 0.201433 0.0344948 -0.037863 0.4066
9 0.50389 0.00959835 0.110293 0.0532097 -0.0300534 0.388579
9.2 0.522363 0.0132028 0.0190267 0.0690694 -0.0219159 0.358877
9.4 0.522008 0.0159239 -0.0693184 0.0817307 -0.0137621 0.318736
9.6 0.502515 0.0176588 -0.150805 0.0906621 -0.006027 0.269622
9.8 0.46739 0.018622 -0.224887 0.0963665 0.00133955 0.213655
10 0.417292 0.0187602 -0.288431 0.0985506 0.0079889 0.152565
10.2 0.354485 0.0181466 -0.339642 0.0973308 0.0137547 0.0884433
10.4 0.281589 0.016874 -0.377191 0.0929257 0.0185137 0.0234331
10.6 0.201486 0.0150501 -0.400251 0.0856448 0.0221866 -0.0403377
10.8 0.117212 0.0127924 -0.408505 0.0758745 0.0247361 -0.100825
11 0.0318498 0.0102235 -0.402153 0.0640633 0.0261656 -0.156136
11.2 -0.051575 0.00746635 -0.381878 0.0507045 0.0265155 -0.204583
11.4 -0.130199 0.00464037 -0.348827 0.0363188 0.0258593 -0.244737
11.6 -0.201413 0.0018574 -0.304548 0.0214364 0.0242988 -0.275478
11.8 -0.262946 -0.000781357 -0.250933 0.00657977 0.0219585 -0.296011
12 -0.312933 -0.00318801 -0.190139 -0.00775321 0.0189804 -0.305905
12.2 -0.349968 -0.00528996 -0.124518 -0.0211041 0.0155178 -0.305086
12.4 -0.373141 -0.0070312 -0.0565218 -0.0330675 0.0117296 -0.293842
12.6 -0.38206 -0.00837306 0.0113823 -0.0433017 0.00777477 -0.272806
12.8 -0.374075 -0.00928557 0.0753079 -0.0509118 0.00376442 -0.241684
13.2 -0.32476 -0.00985342 0.189067 -0.060675 -0.0036271 -0.161259
13.6 -0.23236 -0.0088874 0.269481 -0.061312 -0.0095514 -0.0630698
14 -0.112417 -0.0067286 0.307162 -0.053531 -0.0133723 0.0387708
14.4 0.0165281 -0.00384119 0.299132 -0.0390958 -0.0148162 0.130232
14.8 0.135664 -0.000733488 0.248934 -0.0205146 -0.0139652 0.199255
15.2 0.228548 0.00211734 0.165839 -0.000653133 -0.0112056 0.237325
15.6 0.283299 0.00432728 0.063297 0.0176718 -0.00714168 0.240503
16 0.29405 0.00564789 -0.0431302 0.0320645 -0.00249116 0.209818
16.4 0.261495 0.00598543 -0.138047 0.0408422 0.00202427 0.150952
16.8 0.192487 0.00539694 -0.208388 0.0432116 0.00577739 0.0732917
17.2 0.0987875 0.00406601 -0.245166 0.0393152 0.00831156 -0.0114901
17.6 -0.00483326 0.00226371 -0.244584 0.0301488 0.00938653 -0.0911454
18 -0.102838 0.000301367 -0.208363 0.0173683 0.00899056 -0.154582
18.4 -0.181187 -0.00151748 -0.143283 0.00301944 0.00732047 -0.193383
18.8 -0.229296 -0.00293942 -0.0600068 -0.010769 0.00473491 -0.202914
19.2 -0.23835 -0.00375661 0.0272108 -0.0216752 0.00172711 -0.180908
19.6 -0.214839 -0.00397345 0.10701 -0.0290124 -0.00127703 -0.135956
20 -0.160525 -0.0035785 0.167777 -0.0316999 -0.00383233 -0.0729966
20.4 -0.0846829 -0.00268394 0.201353 -0.0296517 -0.00560734 -0.00172757
20.8 0.000624201 -0.00146495 0.203856 -0.0234567 -0.00641025 0.0672709
21.2 0.0824108 -0.000129063 0.176085 -0.0142566 -0.00620456 0.124081
21.6 0.148703 0.00111645 0.123244 -0.00355288 -0.00510174 0.16085
22 0.190253 0.00209455 0.0540332 0.00702588 -0.00333366 0.172868
22.4 0.201806 0.00268159 -0.0207381 0.0159619 -0.00121017 0.159154
22.8 0.182727 0.00282102 -0.0898051 0.0220578 0.000931141 0.122498
23.2 0.136942 0.00252645 -0.143114 0.0245898 0.00277538 0.0689503
23.6 0.0722044 0.00187425 -0.173263 0.0233861 0.00407391 0.00685819
24 -0.00117214 0.000987822 -0.17651 0.0188228 0.00467537 -0.054411
24.4 -0.0719249 1.60843e-05 -0.153213 0.0117415 0.00454061 -0.105862
24.8 -0.129539 -0.000890105 -0.107661 0.00330571 0.00374057 -0.140178
25.2 -0.165787 -0.00160017 -0.0473262 -0.00518323 0.00243849 -0.152749
25.6 -0.170152 -0.0019857 0.0163431 -0.0119076 0.000861209 -0.138087
26.4 -0.115681 -0.0018449 0.12136 -0.0190873 -0.00208556 -0.0627615
27.2 0.00167501 -0.000687789 0.150923 -0.0149801 -0.00350658 0.0439886
28 0.111163 0.000713836 0.0924509 -0.00291963 -0.00280364 0.120247
28.8 0.150528 0.00154708 -0.0158913 0.00967736 -0.000617876 0.124301
29.6 0.10098 0.00141148 -0.109481 0.0157498 0.00166601 0.05725
30.4 -0.00435127 0.000492676 -0.135339 0.0124611 0.0027646 -0.0394884
31.2 -0.101956 -0.000606626 -0.0818121 0.00242316 0.00219191 -0.10937
32 -0.135809 -0.0012476 0.0166303 -0.00818886 0.000442995 -0.113491
32.8 -0.0892133 -0.0011155 0.101172 -0.0133536 -0.00138183 -0.052087
33.6 0.00730804 -0.000362323 0.123463 -0.0105589 -0.00224928 0.037049
34.4 0.0956017 0.000524952 0.0730446 -0.00195786 -0.00176228 0.101541
35.2 0.124603 0.00103032 -0.0180507 0.00716694 -0.000321563 0.104987
36 0.0796377 0.00090191 -0.0953574 0.0115912 0.00117212 0.0473844
36.8 -0.0103876 0.000269835 -0.114293 0.00909684 0.00186811 -0.03598
37.6 -0.0912907 -0.000461319 -0.0656984 0.00153965 0.00143984 -0.0959361
38.4 -0.110049 -0.000843953 0.0177234 -0.00602221 0.000231644 -0.0935045
39.2 -0.0687783 -0.000724346 0.0857468 -0.00969264 -0.000982526 -0.0417591
40 0.011527 -0.000198913 0.101329 -0.00756888 -0.00153858 0.0328387
40.8 0.0825192 0.00039916 0.0569485 -0.00120815 -0.00117075 0.086164
41.6 0.102792 0.00072124 -0.0196263 0.00549334 -0.000159566 0.0876532
42.4 0.061895 0.000603204 -0.0825524 0.00865792 0.000868735 0.0377444
43.2 -0.0144147 0.000145321 -0.095204 0.00664713 0.00132382 -0.0331183
44 -0.0802434 -0.00036437 -0.051389 0.000886431 0.000985008 -0.0829274
44.8 -0.0970146 -0.000628338 0.0217508 -0.00510707 0.000101439 -0.0829025
45.6 -0.0559695 -0.000510816 0.0804295 -0.00785046 -0.000782212 -0.0340598
46.4 0.0173537 -0.00010486 0.0903069 -0.00590169 -0.00115696 0.0339486
47.2 0.0788948 0.000336148 0.0465036 -0.000600605 -0.000838886 0.080733
48 0.0924264 0.000554595 -0.0240801 0.00482648 -5.43686e-05 0.0790591
48.8 0.0507948 0.000437385 -0.0791869 0.00721392 0.000715029 0.0306532
49.6 -0.0203618 7.24927e-05 -0.0863976 0.00529005 0.00102475 -0.035227
50.4 -0.0783119 -0.000313662 -0.0421373 0.000342141 0.00072125 -0.0793915
51.2 -0.0791559 -0.000463183 0.0222904 -0.00401983 2.56493e-05 -0.0679921
52.8 0.0192587 -4.87026e-05 0.0738069 -0.00428231 -0.000856638 0.0313289
54.4 0.0754898 0.00041523 -0.0243182 0.00384188 4.25873e-06 0.0648031
56 -0.0217556 2.80383e-05 -0.0705797 0.00384523 0.000769873 -0.0325912
57.6 -0.072433 -0.000376086 0.0264549 -0.00371162 -3.01626e-05 -0.0620955
59.2 0.0242966 -1.08171e-05 0.0678588 -0.00347558 -0.00069891 0.0340863
60.8 0.0698528 0.000343915 -0.0287185 0.00361477 5.21149e-05 0.059773
62.4 -0.0269373 -3.38042e-06 -0.0655559 0.00315435 0.00063994 -0.0358197
64 -0.0676861 -0.000316713 0.0311284 -0.00354993 -7.1051e-05 -0.0577782
65.6 0.0296955 1.5733e-05 0.0635957 -0.00287399 -0.000590247 0.0377853
67.2 0.0658566 0.000293753 -0.0337188 0.00351207 8.79471e-05 0.0560476
68.8 -0.0326125 -2.6568e-05 -0.0619349 0.0026273 0.00054803 -0.0400042
70.4 -0.0643221 -0.000274041 0.0365032 -0.00349664 -0.000103534 -0.0545506
72 0.0357049 3.66374e-05 0.0605198 -0.00240756 -0.000512116 0.0424733
73.6 0.0630171 0.000257484 -0.0395114 0.00349907 0.000118082 0.0532321
75.2 -0.0390254 -4.5743e-05 -0.0593104 0.00220494 0.00048131 -0.0452213
76.8 -0.0523795 -0.000218299 0.0347285 -0.00290712 -0.000109498 -0.0442395
78.4 0.0342557 4.37138e-05 0.0490132 -0.00172918 -0.000407144 0.0391392
80 0.0508811 0.000205425 -0.0370925 0.0028995 0.00012046 0.0427588
81.6 -0.036847 -5.06517e-05 -0.0475613 0.0015629 0.000383617 -0.0412608
83.2 -0.0494837 -0.000194639 0.0396138 -0.00290276 -0.000130857 -0.0413491
84.8 0.0395951 5.66512e-05 0.0461911 -0.00140673 -0.000363217 0.0435685
86.4 0.0481549 0.000184875 -0.0423165 0.00291722 0.000140361 0.039978
88 -0.0425384 -6.22437e-05 -0.0448748 0.00125827 0.000344634 -0.0460925
89.6 -0.0468821 -0.000175713 0.0452256 -0.00294236 -0.000149903 -0.0386331
91.2 0.0456967 6.82412e-05 0.0435877 -0.00111465 -0.000327721 0.0488453
92.8 0.0456464 0.000167785 -0.0483693 0.00297939 0.000160035 0.0372926
94.4 -0.0490794 -7.42263e-05 -0.0423198 0.000976197 0.000312894 -0.0518367
96 -0.0444044 -0.000160882 0.0517437 -0.00302547 -0.000170255 -0.0359205
97.6 0.0527199 7.99834e-05 0.0410098 -0.000838766 -0.000299547 0.055089
99.2 0.0431218 0.000154391 -0.0554002 0.00308199 0.000180828 0.0344791
100.8 -0.0566575 -8.61775e-05 -0.0396333 0.000701539 0.000287602 -0.0586386
