#0.849202325670184 0.993162790146548 -0.426103717301565 0.49205985594427 0.993140222008793 -0.667214805859334 0.83524258260423 0.992680024771516 -0.402163033513458 1.65668779892135 0.989432522486739 0.0853007033080908 0.484374662451573 0.992549155289803 -0.602504848744971 0.798125882701937 0.99252034577106 -0.344877253171803
0 0 1.10168 0.00026 0 0 0
0.01 0.010616 1.10167 0.00023 0.00289254 0.0038948 1e-08
0.02 0.0212313 1.10164 0.00016 0.00578493 0.00778943 -1.8e-07
0.03 0.0318452 1.10159 3e-05 0.00867702 0.0116837 -8e-07
0.04 0.0424569 1.10151 -0.00014 0.0115687 0.0155775 -2e-06
0.05 0.0530657 1.10141 -0.00037 0.0144597 0.0194707 -4.1e-06
0.06 0.0636708 1.10129 -0.00064 0.01735 0.023363 -7.2e-06
0.07 0.0742716 1.10115 -0.00097 0.0202394 0.0272543 -1.16e-05
0.08 0.0848673 1.10099 -0.00134 0.0231278 0.0311444 -1.74e-05
0.09 0.0954573 1.10081 -0.00177 0.0260149 0.0350332 -2.48e-05
0.1 0.106041 1.10061 -0.00225 0.0289008 0.0389205 -3.42e-05
0.11 0.116617 1.10038 -0.00277 0.0317851 0.0428061 -4.55e-05
0.12 0.127185 1.10013 -0.00335 0.0346678 0.04669 -5.93e-05
0.13 0.137744 1.09986 -0.00397 0.0375487 0.0505718 -7.55e-05
0.14 0.148295 1.09957 -0.00464 0.0404277 0.0544514 -9.43e-05
0.15 0.158835 1.09926 -0.00537 0.0433045 0.0583287 -0.0001161
0.16 0.169354 1.09884 -0.00622 0.0461717 0.0621973 -0.0001283
0.17 0.179871 1.09848 -0.00703 0.0490435 0.066069 -0.0001556
0.18 0.190376 1.09811 -0.00791 0.0519127 0.069938 -0.0001866
0.19 0.200867 1.09771 -0.00883 0.0547793 0.0738039 -0.0002212
0.2 0.211345 1.09729 -0.0098 0.0576431 0.0776667 -0.0002598
0.21 0.221809 1.09685 -0.01083 0.0605039 0.0815262 -0.0003025
0.22 0.232257 1.09639 -0.0119 0.0633616 0.0853822 -0.0003495
0.23 0.24269 1.09591 -0.01302 0.066216 0.0892346 -0.0004011
0.24 0.253106 1.0954 -0.01418 0.069067 0.0930831 -0.0004574
0.25 0.263504 1.09488 -0.0154 0.0719144 0.0969277 -0.0005187
0.26 0.273885 1.09433 -0.01667 0.0747581 0.100768 -0.000585
0.27 0.284247 1.09376 -0.01798 0.077598 0.104604 -0.000657
0.28 0.294589 1.09317 -0.01934 0.0804339 0.108436 -0.000734
0.29 0.304911 1.09256 -0.02075 0.0832656 0.112263 -0.000817
0.3 0.315213 1.09193 -0.02221 0.0860931 0.116085 -0.000906
0.31 0.325493 1.09128 -0.02372 0.0889161 0.119902 -0.001001
0.32 0.335739 1.09053 -0.02535 0.0917303 0.123703 -0.001093
0.33 0.345974 1.08984 -0.02695 0.0945439 0.12751 -0.001201
0.34 0.356185 1.08912 -0.0286 0.0973526 0.131311 -0.001315
0.35 0.366371 1.08839 -0.03031 0.100156 0.135107 -0.001437
0.36 0.376533 1.08763 -0.03205 0.102955 0.138896 -0.001565
0.37 0.386669 1.08685 -0.03384 0.105748 0.14268 -0.001701
0.38 0.396778 1.08605 -0.03568 0.108536 0.146458 -0.001844
0.39 0.406861 1.08523 -0.03757 0.111318 0.150229 -0.001995
0.4 0.416915 1.08439 -0.0395 0.114095 0.153994 -0.002154
0.41 0.426942 1.08352 -0.04148 0.116865 0.157753 -0.002321
0.42 0.436939 1.08264 -0.04351 0.11963 0.161504 -0.002495
0.43 0.446906 1.08174 -0.04558 0.122388 0.165249 -0.002679
0.44 0.456843 1.08081 -0.0477 0.12514 0.168987 -0.002871
0.45 0.466749 1.07987 -0.04987 0.127886 0.172718 -0.003072
0.46 0.476623 1.0789 -0.05207 0.130625 0.176441 -0.003282
0.47 0.486464 1.07792 -0.05433 0.133358 0.180157 -0.003502
0.48 0.496244 1.07684 -0.05674 0.13607 0.183863 -0.003723
0.49 0.506018 1.07581 -0.05908 0.138789 0.187563 -0.00396
0.5 0.515757 1.07477 -0.06148 0.1415 0.191255 -0.004208
0.51 0.525462 1.0737 -0.06391 0.144204 0.194939 -0.004465
0.52 0.53513 1.07261 -0.06639 0.1469 0.198615 -0.004733
0.53 0.544762 1.0715 -0.06891 0.149589 0.202282 -0.005011
0.54 0.554357 1.07037 -0.071479 0.152271 0.205941 -0.005299
0.55 0.563915 1.06922 -0.074089 0.154944 0.209591 -0.005598
0.56 0.573433 1.06805 -0.076743 0.15761 0.213232 -0.005908
0.57 0.582913 1.06686 -0.07944 0.160267 0.216864 -0.006228
0.58 0.592354 1.06565 -0.08218 0.162917 0.220487 -0.00656
0.59 0.601753 1.06442 -0.084963 0.165557 0.2241 -0.006903
0.6 0.611112 1.06317 -0.087788 0.16819 0.227704 -0.007258
0.61 0.62043 1.0619 -0.090656 0.170814 0.231298 -0.007624
0.62 0.629705 1.06061 -0.093565 0.173429 0.234883 -0.008002
0.63 0.638937 1.0593 -0.096515 0.176035 0.238457 -0.008392
0.64 0.650974 1.06554 -0.099867 0.178252 0.245446 -0.008855
0.66 0.669296 1.06279 -0.106009 0.183408 0.252642 -0.009703
0.68 0.687436 1.05996 -0.112313 0.188527 0.259795 -0.010602
0.7 0.705388 1.05705 -0.118777 0.193607 0.266904 -0.011554
0.72 0.723149 1.05406 -0.125397 0.198647 0.273967 -0.012558
0.74 0.740714 1.051 -0.132181 0.203647 0.280983 -0.013616
0.76 0.758077 1.04786 -0.139116 0.208606 0.287952 -0.014731
0.78 0.775234 1.04464 -0.146198 0.213522 0.294872 -0.015903
0.8 0.792181 1.04134 -0.153425 0.218394 0.301742 -0.017133
0.82 0.808912 1.03797 -0.160804 0.223222 0.308561 -0.018422
0.84 0.825425 1.03452 -0.16832 0.228005 0.315327 -0.01977
0.86 0.841713 1.031 -0.175981 0.232741 0.32204 -0.021181
0.88 0.857774 1.0274 -0.183774 0.23743 0.328698 -0.022653
0.9 0.873602 1.02373 -0.191704 0.24207 0.335301 -0.024188
0.92 0.889194 1.01999 -0.199769 0.246662 0.341847 -0.025788
0.94 0.904545 1.01618 -0.207965 0.251203 0.348336 -0.027453
0.96 0.919557 1.01217 -0.216449 0.255676 0.354746 -0.029211
0.98 0.934413 1.00821 -0.224886 0.260114 0.361115 -0.031009
1 0.949017 1.00418 -0.233442 0.2645 0.367424 -0.032875
1.02 0.963365 1.00009 -0.242124 0.268833 0.37367 -0.034809
1.04 0.977453 0.995922 -0.25091 0.273111 0.379854 -0.036813
1.06 0.991278 0.991688 -0.259808 0.277334 0.385975 -0.038888
1.08 1.00484 0.987387 -0.268814 0.281501 0.39203 -0.041032
1.1 1.01812 0.983018 -0.277921 0.285611 0.398019 -0.043247
1.12 1.03114 0.978583 -0.287129 0.289664 0.403942 -0.045535
1.14 1.04387 0.974083 -0.296434 0.293658 0.409798 -0.047896
1.16 1.05633 0.969519 -0.305833 0.297594 0.415584 -0.050329
1.18 1.0685 0.96489 -0.315321 0.30147 0.421302 -0.052837
1.2 1.08038 0.960198 -0.324894 0.305285 0.426949 -0.055418
1.22 1.09198 0.955444 -0.334551 0.309039 0.432525 -0.058074
1.24 1.10328 0.950628 -0.344287 0.312732 0.438029 -0.060805
1.26 1.11429 0.945752 -0.354099 0.316362 0.44346 -0.063611
1.28 1.12634 0.943082 -0.364681 0.319543 0.451151 -0.066836
1.32 1.14687 0.932986 -0.384672 0.326477 0.461689 -0.072848
1.36 1.16618 0.922659 -0.404907 0.333152 0.471922 -0.079169
1.4 1.18424 0.912107 -0.425355 0.339561 0.481842 -0.085797
1.44 1.20105 0.901337 -0.445985 0.345702 0.491444 -0.092733
1.48 1.21658 0.890356 -0.466768 0.35157 0.500722 -0.099978
1.52 1.23082 0.879172 -0.487673 0.357161 0.509673 -0.107532
1.56 1.24376 0.867791 -0.508668 0.362471 0.518289 -0.115392
1.6 1.2554 0.85622 -0.529721 0.367498 0.526568 -0.123559
1.64 1.26571 0.844468 -0.550802 0.372237 0.534505 -0.132029
1.68 1.2747 0.832542 -0.57188 0.376687 0.542095 -0.140798
1.72 1.28235 0.820449 -0.592922 0.380844 0.549335 -0.149864
1.76 1.28866 0.808197 -0.613896 0.384707 0.556221 -0.159222
1.8 1.29364 0.795793 -0.634771 0.388274 0.562751 -0.168867
1.84 1.29728 0.783246 -0.655515 0.391542 0.568921 -0.178794
1.88 1.29957 0.770562 -0.676097 0.394511 0.574729 -0.188995
1.92 1.30048 0.757622 -0.696197 0.397188 0.580126 -0.199463
1.96 1.30011 0.744692 -0.716358 0.399555 0.585203 -0.210193
2 1.2984 0.731649 -0.736262 0.40162 0.589912 -0.221175
2.04 1.29538 0.718503 -0.755881 0.403383 0.594251 -0.232401
2.08 1.29103 0.705261 -0.775185 0.404845 0.598221 -0.243864
2.12 1.28539 0.691931 -0.794142 0.406004 0.60182 -0.255552
2.16 1.27845 0.678521 -0.812724 0.406863 0.605048 -0.267456
2.2 1.27024 0.66504 -0.830903 0.407422 0.607905 -0.279565
2.24 1.26076 0.651495 -0.848648 0.407682 0.61039 -0.291867
2.28 1.25003 0.637895 -0.865933 0.407644 0.612505 -0.30435
2.32 1.23807 0.624248 -0.882731 0.407311 0.614251 -0.317004
2.36 1.2249 0.610561 -0.899014 0.406685 0.615628 -0.329813
2.4 1.21053 0.596843 -0.914757 0.405767 0.616637 -0.342765
2.44 1.195 0.583102 -0.929933 0.40456 0.617282 -0.355848
2.48 1.17832 0.569345 -0.944519 0.403068 0.617563 -0.369046
2.52 1.16052 0.555582 -0.958492 0.401293 0.617483 -0.382345
2.56 1.14222 0.542161 -0.972561 0.399115 0.618174 -0.396067
2.64 1.10119 0.514631 -0.99725 0.394191 0.616212 -0.423073
2.72 1.05611 0.487197 -1.01913 0.388197 0.61285 -0.450235
2.8 1.00722 0.459919 -1.03804 0.381168 0.608121 -0.477425
2.88 0.954786 0.432858 -1.05386 0.373143 0.602059 -0.504506
2.96 0.899091 0.40607 -1.06645 0.364166 0.594703 -0.53134
3.04 0.840426 0.379613 -1.07571 0.354282 0.586096 -0.557786
3.12 0.779096 0.353539 -1.08156 0.343539 0.576285 -0.583703
3.2 0.715419 0.327902 -1.08392 0.33199 0.565319 -0.608946
3.28 0.649718 0.30275 -1.08275 0.319689 0.553252 -0.633373
3.36 0.582327 0.278131 -1.078 0.306692 0.54014 -0.656843
3.44 0.513584 0.254092 -1.06967 0.293058 0.526041 -0.679214
3.52 0.44383 0.230673 -1.05776 0.278847 0.511018 -0.700351
3.6 0.37341 0.207915 -1.0423 0.264121 0.495134 -0.720118
3.68 0.302669 0.185854 -1.02332 0.248943 0.478455 -0.738388
3.76 0.231949 0.164526 -1.00089 0.233377 0.461048 -0.755035
3.84 0.161067 0.144065 -0.975552 0.217409 0.44307 -0.770396
3.92 0.0913614 0.124293 -0.946458 0.20125 0.424422 -0.783477
4 0.0226811 0.105337 -0.914198 0.184899 0.405257 -0.794604
4.08 -0.0446532 0.08722 -0.878903 0.168419 0.385644 -0.803679
4.16 -0.11033 0.0699614 -0.84072 0.151875 0.365658 -0.810617
4.24 -0.17405 0.053577 -0.799811 0.135333 0.345369 -0.81534
4.32 -0.235525 0.0380797 -0.756352 0.118853 0.324849 -0.817781
4.4 -0.294482 0.0234795 -0.710533 0.102499 0.304169 -0.817883
4.48 -0.350664 0.00978303 -0.662554 0.0863312 0.2834 -0.8156
4.56 -0.403828 -0.00300588 -0.61263 0.0704073 0.262612 -0.810901
4.64 -0.453752 -0.0148865 -0.560984 0.0547844 0.241873 -0.803761
4.72 -0.500231 -0.025861 -0.507849 0.0395172 0.22125 -0.79417
4.8 -0.543079 -0.0359344 -0.453464 0.0246578 0.200807 -0.78213
4.88 -0.582131 -0.0451146 -0.398074 0.0102558 0.180608 -0.767654
4.96 -0.617244 -0.0534121 -0.341933 -0.00364193 0.160714 -0.750771
5.04 -0.648297 -0.0608401 -0.285295 -0.0169914 0.141183 -0.731517
5.12 -0.673714 -0.0673137 -0.22879 -0.0292863 0.12218 -0.709596
5.28 -0.714681 -0.0779702 -0.115525 -0.0528603 0.0854239 -0.659785
5.44 -0.738406 -0.0854583 -0.0044037 -0.0736761 0.0509503 -0.601627
5.6 -0.744916 -0.089982 0.102571 -0.09153 0.019099 -0.535952
5.76 -0.734593 -0.0917734 0.203486 -0.106276 -0.00984458 -0.463749
5.92 -0.708164 -0.0910876 0.296566 -0.117829 -0.0356521 -0.386156
6.08 -0.666679 -0.0881983 0.380199 -0.126161 -0.0581537 -0.304433
6.24 -0.61148 -0.0833921 0.45298 -0.131301 -0.0772388 -0.21994
6.4 -0.544174 -0.0769641 0.513733 -0.133336 -0.0928555 -0.134107
6.56 -0.466586 -0.0692127 0.561537 -0.132402 -0.105009 -0.048407
6.72 -0.380721 -0.0604346 0.595745 -0.128687 -0.11376 0.0356769
6.88 -0.288719 -0.0509203 0.615991 -0.122417 -0.119219 0.116679
7.04 -0.192801 -0.0409499 0.622206 -0.11386 -0.121547 0.193186
7.2 -0.0952245 -0.0307891 0.614601 -0.103312 -0.120947 0.263865
7.36 0.00176901 -0.0206856 0.593679 -0.0910961 -0.117658 0.327491
7.52 0.0960014 -0.0108658 0.560203 -0.0775508 -0.111954 0.382975
7.68 0.184666 -0.00158606 0.514587 -0.0629878 -0.104108 0.428546
7.84 0.267192 0.00707781 0.459393 -0.0478688 -0.0945183 0.465099
8 0.341266 0.0149303 0.395366 -0.0324765 -0.0834613 0.491286
8.16 0.405398 0.02185 0.324109 -0.0171514 -0.0712746 0.506761
8.32 0.458353 0.0277443 0.247351 -0.00221728 -0.0582961 0.51139
8.48 0.499177 0.032549 0.166911 0.0120238 -0.0448581 0.505261
8.64 0.527211 0.0362282 0.0846548 0.0252971 -0.0312811 0.488676
8.8 0.542098 0.0387726 0.0024548 0.0373595 -0.017869 0.462146
8.96 0.543792 0.0401986 -0.0778512 0.0480035 -0.00490389 0.426384
9.12 0.532547 0.040546 -0.154499 0.0570598 0.00735786 0.382283
9.28 0.508909 0.0398758 -0.225836 0.0643995 0.0186895 0.330903
9.44 0.4737 0.0382678 -0.290355 0.0699354 0.0288965 0.273445
9.6 0.427988 0.0358176 -0.346731 0.0736222 0.037819 0.211222
9.76 0.373068 0.0326341 -0.393838 0.0754562 0.045333 0.145638
9.92 0.310419 0.028836 -0.430784 0.0754734 0.0513512 0.0781518
10.08 0.241675 0.0245487 -0.456915 0.0737478 0.0558228 0.010247
10.24 0.168693 0.0198163 -0.46882 0.0700007 0.0584575 -0.0553137
10.56 0.0177077 0.0100087 -0.464918 0.0590845 0.0597132 -0.179443
10.88 -0.128863 0.000283276 -0.418173 0.0436767 0.0553808 -0.283266
11.2 -0.257473 -0.00847434 -0.334396 0.0254792 0.046407 -0.358346
11.52 -0.356717 -0.0155548 -0.222568 0.00631537 0.0340436 -0.398939
11.84 -0.418302 -0.0204687 -0.0939503 -0.0120321 0.0197165 -0.402445
12.16 -0.437725 -0.0229679 0.0390003 -0.027972 0.00489148 -0.369591
12.48 -0.41457 -0.0230447 0.163797 -0.0402299 -0.00905219 -0.30431
12.8 -0.352428 -0.0209113 0.269061 -0.0479391 -0.0209319 -0.21333
13.12 -0.258445 -0.0169616 0.345548 -0.0506926 -0.0298467 -0.105538
13.44 -0.142555 -0.0117209 0.386929 -0.0485513 -0.0352323 0.0088602
13.76 -0.0164757 -0.00578837 0.390318 -0.0420124 -0.0368838 0.119281
14.08 0.107442 0.00022244 0.356454 -0.0319404 -0.0349462 0.215718
14.4 0.217393 0.00573988 0.289538 -0.0194705 -0.0298754 0.289649
14.72 0.303211 0.0102823 0.196778 -0.00589188 -0.0223754 0.334778
15.04 0.357298 0.0134948 0.0876312 0.00747547 -0.0133187 0.347578
15.36 0.371694 0.0150502 -0.0258886 0.0191104 -0.00375702 0.324815
15.68 0.353086 0.0151607 -0.134153 0.0284789 0.00550489 0.275151
16 0.300625 0.0138018 -0.226804 0.034653 0.0136028 0.200788
16.32 0.220213 0.0112049 -0.295354 0.0372208 0.019861 0.109194
16.64 0.120299 0.0077014 -0.333794 0.036124 0.0238175 0.009304
16.96 0.011015 0.0036852 -0.339109 0.0316472 0.0252522 -0.089335
17.28 -0.0968314 -0.00042748 -0.311509 0.0243752 0.0241916 -0.17746
17.6 -0.192803 -0.00423812 -0.25434 0.0151258 0.0208915 -0.246954
17.92 -0.267829 -0.00740168 -0.173716 0.00486372 0.0157997 -0.291587
18.24 -0.315049 -0.00965542 -0.0778823 -0.00539471 0.00950372 -0.307573
18.56 -0.330427 -0.0108383 0.0236144 -0.0146782 0.00266885 -0.293892
18.88 -0.313093 -0.0109003 0.120853 -0.0221489 -0.00402766 -0.252342
19.2 -0.265363 -0.00990014 0.2045 -0.0271745 -0.00995959 -0.187339
19.52 -0.192464 -0.0079942 0.266689 -0.0293792 -0.014607 -0.105455
19.84 -0.101975 -0.00541606 0.301757 -0.0286688 -0.0175985 -0.0147752
20.16 -0.0030551 -0.00245049 0.306752 -0.025228 -0.0187383 0.0758911
20.48 0.0902919 0.000519237 0.274826 -0.0190447 -0.0177217 0.152378
21.12 0.240333 0.00562013 0.152595 -0.00384616 -0.0116427 0.258303
21.76 0.29363 0.00812413 -0.023344 0.0116206 -0.00188841 0.264278
22.4 0.233115 0.00736483 -0.18485 0.0216466 0.00763389 0.170943
23.04 0.0853477 0.0039308 -0.271234 0.0229184 0.0134665 0.0159327
23.68 -0.0907983 -0.000664758 -0.251862 0.0155617 0.0138037 -0.141001
24.32 -0.227303 -0.0046175 -0.136911 0.00286927 0.00899806 -0.24078
24.96 -0.273024 -0.0065152 0.0274777 -0.0101058 0.00124993 -0.247092
25.6 -0.212692 -0.00582097 0.177481 -0.0185145 -0.00634348 -0.159551
26.24 -0.071885 -0.00299877 0.256153 -0.019486 -0.0109869 -0.013169
26.88 0.0936074 0.000735976 0.234893 -0.0130758 -0.0111842 0.135439
27.52 0.219682 0.00392125 0.123771 -0.00208602 -0.00718928 0.229778
28.16 0.258568 0.00540615 -0.0329955 0.00911904 -0.00078651 0.234821
28.8 0.196806 0.00475421 -0.174462 0.0163147 0.00547266 0.149971
29.44 0.0598419 0.00235562 -0.246488 0.0169833 0.00926212 0.00884868
30.08 -0.0983271 -0.000773162 -0.222328 0.0111749 0.00932561 -0.133891
30.72 -0.205834 -0.0032854 -0.109043 0.00147074 0.00576083 -0.213321
31.36 -0.237584 -0.00444211 0.0361216 -0.00800994 0.000466729 -0.216487
32 -0.176757 -0.00383743 0.165267 -0.0140218 -0.00468387 -0.136426
32.64 -0.0481635 -0.00180431 0.228778 -0.0144367 -0.00776295 -0.00483385
33.28 0.0975392 0.000806472 0.202921 -0.00932975 -0.00772964 0.127194
33.92 0.203684 0.00297474 0.0986763 -0.000862144 -0.00476871 0.208882
34.56 0.229517 0.00390316 -0.0428353 0.00761537 -0.000154464 0.209225
35.2 0.165777 0.00330478 -0.166476 0.0128729 0.004284 0.128725
35.84 0.0379907 0.00148423 -0.224463 0.0130192 0.006877 -0.00101366
36.48 -0.103675 -0.000806966 -0.19476 0.00817197 0.00673312 -0.129601
37.12 -0.204009 -0.00267577 -0.0894269 0.000346778 0.0040368 -0.207342
37.76 -0.224172 -0.00343155 0.0502268 -0.0073687 -7.14407e-05 -0.204365
38.4 -0.15668 -0.00283772 0.169756 -0.0120215 -0.00396818 -0.122077
39.04 -0.0281721 -0.00118093 0.222711 -0.011914 -0.00618091 0.00745034
39.68 0.111041 0.000860319 0.188626 -0.00721613 -0.00593801 0.133906
40.32 0.206583 0.00248953 0.0809074 0.000148865 -0.00343183 0.208196
