#0.916293506244877 0.992272596376488 -0.314229526785631 0.592141276546275 0.994541417926934 -0.578307062877771 0.900297079273581 0.992680140017992 -0.312136801285928 1.54305476954962 0.990741047772076 0.103642933809323 0.580314655905463 0.990934228000754 -0.446648380559277 0.861864471778542 0.991341325776123 -0.238833028499753
0 0 1.08507 0.00018 0 0 0
0.008 0.00841628 1.08506 0.00017 0.00226408 0.00324988 -2.7e-07
0.016 0.0168322 1.08504 0.00012 0.00452809 0.00649967 -6.4e-07
0.024 0.0252473 1.085 5e-05 0.00679195 0.00974928 -1.24e-06
0.032 0.0336614 1.08495 -7e-05 0.00905558 0.0129986 -2.2e-06
0.04 0.0420739 1.08489 -0.00021 0.0113189 0.0162476 -3.5e-06
0.048 0.0504846 1.08481 -0.00039 0.0135819 0.0194961 -5.4e-06
0.056 0.0588931 1.08472 -0.0006 0.0158444 0.0227441 -8e-06
0.064 0.0672989 1.08461 -0.00083 0.0181064 0.0259914 -1.13e-05
0.072 0.0757017 1.08449 -0.0011 0.0203678 0.029238 -1.56e-05
0.08 0.0841013 1.08436 -0.00141 0.0226285 0.0324838 -2.08e-05
0.088 0.092497 1.08421 -0.00175 0.0248885 0.0357287 -2.71e-05
0.096 0.100889 1.08405 -0.00212 0.0271477 0.0389725 -3.45e-05
0.104 0.109276 1.08387 -0.00251 0.029406 0.0422153 -4.34e-05
0.112 0.117658 1.08368 -0.00294 0.0316633 0.0454569 -5.36e-05
0.12 0.126035 1.08348 -0.00341 0.0339195 0.0486973 -6.54e-05
0.128 0.134402 1.08319 -0.00396 0.0361686 0.0519332 -6.74e-05
0.136 0.142767 1.08296 -0.00449 0.0384222 0.0551705 -8.18e-05
0.144 0.151126 1.08271 -0.00504 0.0406745 0.0584062 -9.8e-05
0.152 0.159478 1.08245 -0.00563 0.0429255 0.0616404 -0.0001164
0.16 0.167823 1.08217 -0.00625 0.045175 0.0648728 -0.0001367
0.168 0.176161 1.08189 -0.00691 0.0474231 0.0681034 -0.0001593
0.176 0.184491 1.08158 -0.00759 0.0496696 0.0713321 -0.0001841
0.184 0.192813 1.08127 -0.00832 0.0519145 0.0745588 -0.0002113
0.192 0.201126 1.08094 -0.00906 0.0541577 0.0777834 -0.0002411
0.2 0.20943 1.08059 -0.00984 0.0563991 0.0810058 -0.0002734
0.208 0.217725 1.08023 -0.01065 0.0586386 0.084226 -0.0003085
0.216 0.226011 1.07986 -0.0115 0.0608762 0.0874438 -0.0003464
0.224 0.234286 1.07947 -0.01237 0.0631119 0.0906591 -0.0003872
0.232 0.242551 1.07907 -0.01327 0.0653454 0.0938719 -0.0004311
0.24 0.250806 1.07866 -0.01421 0.0675768 0.0970821 -0.0004781
0.248 0.259049 1.07823 -0.01518 0.069806 0.10029 -0.0005288
0.256 0.267276 1.07773 -0.01623 0.0720331 0.103489 -0.000582
0.264 0.275495 1.07727 -0.01725 0.0742576 0.10669 -0.000638
0.272 0.283703 1.0768 -0.01832 0.0764797 0.109889 -0.000699
0.28 0.291898 1.07632 -0.01941 0.0786992 0.113084 -0.000763
0.288 0.30008 1.07582 -0.02053 0.0809162 0.116277 -0.000832
0.296 0.308249 1.07531 -0.02169 0.0831305 0.119466 -0.000904
0.304 0.316404 1.07479 -0.02288 0.0853421 0.122652 -0.00098
0.312 0.324545 1.07425 -0.02409 0.0875509 0.125834 -0.00106
0.32 0.332672 1.07369 -0.02533 0.0897568 0.129013 -0.001144
0.328 0.340784 1.07313 -0.02662 0.0919598 0.132188 -0.001232
0.336 0.348881 1.07255 -0.02792 0.0941597 0.13536 -0.001326
0.344 0.356963 1.07195 -0.02926 0.0963565 0.138527 -0.001423
0.352 0.365028 1.07134 -0.03062 0.0985502 0.141691 -0.001525
0.36 0.373078 1.07072 -0.03202 0.100741 0.144851 -0.001632
0.368 0.381111 1.07009 -0.03346 0.102928 0.148007 -0.001744
0.376 0.389128 1.06944 -0.03491 0.105112 0.151159 -0.00186
0.384 0.397111 1.06872 -0.03648 0.107275 0.154301 -0.001958
0.392 0.405092 1.06804 -0.038 0.109452 0.157445 -0.002085
0.4 0.413055 1.06735 -0.03954 0.111625 0.160583 -0.002215
0.408 0.421 1.06665 -0.04113 0.113794 0.163718 -0.002353
0.416 0.428927 1.06593 -0.04273 0.115959 0.166847 -0.002494
0.424 0.436834 1.0652 -0.04437 0.118121 0.169972 -0.002642
0.432 0.444722 1.06445 -0.04603 0.120279 0.173092 -0.002795
0.44 0.452591 1.0637 -0.04773 0.122433 0.176208 -0.002955
0.448 0.460439 1.06292 -0.04945 0.124582 0.179318 -0.003119
0.456 0.468267 1.06214 -0.05121 0.126728 0.182424 -0.00329
0.464 0.476075 1.06134 -0.05299 0.12887 0.185524 -0.003467
0.472 0.483861 1.06053 -0.0548 0.131007 0.18862 -0.00365
0.48 0.491626 1.0597 -0.05664 0.13314 0.19171 -0.003839
0.488 0.49937 1.05886 -0.05851 0.135269 0.194794 -0.004034
0.496 0.507091 1.05801 -0.060409 0.137393 0.197873 -0.004236
0.504 0.51479 1.05715 -0.062341 0.139513 0.200947 -0.004444
0.512 0.524384 1.06266 -0.064437 0.141297 0.206477 -0.004675
0.528 0.539721 1.06084 -0.068446 0.145503 0.212669 -0.005127
0.544 0.554963 1.05897 -0.072571 0.149691 0.218837 -0.005608
0.56 0.570107 1.05704 -0.076801 0.15386 0.224981 -0.006117
0.576 0.585151 1.05507 -0.081155 0.158008 0.231099 -0.006654
0.592 0.60009 1.05304 -0.085611 0.162135 0.237192 -0.007222
0.608 0.614924 1.05095 -0.090168 0.166242 0.243258 -0.00782
0.624 0.62965 1.04882 -0.094846 0.170326 0.249297 -0.008449
0.64 0.644264 1.04663 -0.099622 0.174389 0.255308 -0.00911
0.656 0.658765 1.04439 -0.104505 0.178428 0.261291 -0.009804
0.672 0.673149 1.0421 -0.109494 0.182445 0.267244 -0.010531
0.688 0.687415 1.03975 -0.114577 0.186437 0.273168 -0.011292
0.704 0.701559 1.03736 -0.119773 0.190406 0.279061 -0.012088
0.72 0.71558 1.03491 -0.125061 0.194349 0.284924 -0.01292
0.736 0.729475 1.03242 -0.130458 0.198268 0.290754 -0.013786
0.752 0.743241 1.02987 -0.135944 0.20216 0.296552 -0.014689
0.768 0.756827 1.02718 -0.141679 0.20602 0.302308 -0.015657
0.784 0.770328 1.02454 -0.147367 0.20986 0.30804 -0.016636
0.8 0.783694 1.02184 -0.153138 0.213672 0.313737 -0.017653
0.816 0.796922 1.01909 -0.159001 0.217456 0.319399 -0.018709
0.832 0.81001 1.0163 -0.164964 0.221212 0.325026 -0.019804
0.848 0.822956 1.01345 -0.171006 0.22494 0.330617 -0.02094
0.864 0.835757 1.01056 -0.177144 0.228638 0.336171 -0.022115
0.88 0.848411 1.00762 -0.183367 0.232306 0.341688 -0.023332
0.896 0.860917 1.00463 -0.189673 0.235945 0.347168 -0.024592
0.912 0.873271 1.0016 -0.196071 0.239553 0.352608 -0.025892
0.928 0.885472 0.998514 -0.202541 0.24313 0.35801 -0.027235
0.944 0.897518 0.995385 -0.209097 0.246676 0.363373 -0.028622
0.96 0.909407 0.992208 -0.21573 0.25019 0.368695 -0.030051
0.976 0.921137 0.988986 -0.222442 0.253671 0.373976 -0.031525
0.992 0.932705 0.985718 -0.229229 0.25712 0.379217 -0.033044
1.008 0.94411 0.982405 -0.236092 0.260536 0.384415 -0.034606
1.024 0.956482 0.981186 -0.243575 0.263649 0.391359 -0.03642
1.056 0.978481 0.974308 -0.257674 0.270304 0.401586 -0.039786
1.088 0.999796 0.967253 -0.272045 0.276821 0.411636 -0.043337
1.12 1.02041 0.960025 -0.286674 0.283196 0.421505 -0.047076
1.152 1.04032 0.952627 -0.301546 0.289425 0.431189 -0.051007
1.184 1.0595 0.945062 -0.316648 0.295507 0.440684 -0.055131
1.216 1.07795 0.937332 -0.331963 0.301437 0.449987 -0.059451
1.248 1.09564 0.929443 -0.34748 0.307214 0.459093 -0.063967
1.28 1.11258 0.921396 -0.363181 0.312834 0.467999 -0.068682
1.312 1.12874 0.913195 -0.379053 0.318296 0.476702 -0.073598
1.344 1.14413 0.904845 -0.39508 0.323596 0.485197 -0.078714
1.376 1.15872 0.896348 -0.411247 0.328732 0.493483 -0.084032
1.408 1.17252 0.887707 -0.427537 0.333702 0.501555 -0.089553
1.44 1.18551 0.878928 -0.443936 0.338503 0.509411 -0.095276
1.472 1.19768 0.870013 -0.460427 0.343135 0.517047 -0.1012
1.504 1.20903 0.860966 -0.476995 0.347594 0.524462 -0.107328
1.536 1.21947 0.851602 -0.493335 0.351876 0.531633 -0.113697
1.568 1.22916 0.842302 -0.510003 0.355984 0.538595 -0.120226
1.6 1.23801 0.832883 -0.5267 0.359916 0.545328 -0.126957
1.632 1.24601 0.823347 -0.543408 0.363668 0.551828 -0.133884
1.664 1.25317 0.813699 -0.560113 0.36724 0.558094 -0.141008
1.696 1.25948 0.803942 -0.576796 0.37063 0.564124 -0.148327
1.728 1.26493 0.794082 -0.593443 0.373837 0.569916 -0.155838
1.76 1.26954 0.784121 -0.610036 0.37686 0.575469 -0.163541
1.792 1.27328 0.774064 -0.626559 0.379698 0.58078 -0.17143
1.824 1.27617 0.763916 -0.642998 0.382351 0.585848 -0.179504
1.856 1.27821 0.75368 -0.659334 0.384817 0.590671 -0.187758
1.888 1.27939 0.74336 -0.675551 0.387095 0.59525 -0.196191
1.92 1.27972 0.732961 -0.691635 0.389186 0.599581 -0.204797
1.952 1.2792 0.722487 -0.707569 0.39109 0.603665 -0.213574
1.984 1.27783 0.711942 -0.723336 0.392805 0.607501 -0.222517
2.016 1.27561 0.701331 -0.738923 0.394331 0.611088 -0.231622
2.048 1.27305 0.691136 -0.754584 0.395444 0.615475 -0.241025
2.112 1.26442 0.66959 -0.784717 0.397556 0.621398 -0.260012
2.176 1.2525 0.647847 -0.813878 0.398919 0.626318 -0.279563
2.24 1.23735 0.625941 -0.841948 0.399534 0.630233 -0.299631
2.304 1.21901 0.603906 -0.868811 0.399408 0.633148 -0.320168
2.368 1.19758 0.581777 -0.894357 0.398547 0.635066 -0.34112
2.432 1.17314 0.559588 -0.91848 0.396962 0.635995 -0.36243
2.496 1.14577 0.537372 -0.941076 0.394662 0.635943 -0.38404
2.56 1.11559 0.515165 -0.96205 0.391661 0.634922 -0.405887
2.624 1.0827 0.492997 -0.981309 0.387972 0.632944 -0.427908
2.688 1.04722 0.470903 -0.998769 0.38361 0.630024 -0.450035
2.752 1.00929 0.448914 -1.01435 0.378594 0.626179 -0.472199
2.816 0.969018 0.427062 -1.02797 0.372942 0.621428 -0.494331
2.88 0.926561 0.405378 -1.03958 0.366673 0.61579 -0.516356
2.944 0.882061 0.383892 -1.0491 0.359809 0.609289 -0.538204
3.008 0.835669 0.362633 -1.05649 0.352374 0.601948 -0.5598
3.072 0.787463 0.341687 -1.06225 0.344423 0.593793 -0.581239
3.136 0.737732 0.320969 -1.06525 0.335912 0.584853 -0.602126
3.2 0.68659 0.300563 -1.06601 0.326902 0.575154 -0.622535
3.264 0.634204 0.280493 -1.06449 0.317423 0.564726 -0.642392
3.328 0.580747 0.260785 -1.06069 0.307501 0.5536 -0.661621
3.392 0.526391 0.241461 -1.05458 0.297165 0.541808 -0.680149
3.456 0.471314 0.222546 -1.04618 0.286446 0.529383 -0.697901
3.52 0.41569 0.204059 -1.03549 0.275373 0.516361 -0.714808
3.584 0.359698 0.186023 -1.02253 0.263977 0.502776 -0.730799
3.648 0.303515 0.168454 -1.00732 0.252289 0.488664 -0.745805
3.712 0.247317 0.151373 -0.989884 0.240342 0.474062 -0.75976
3.776 0.19128 0.134795 -0.970272 0.228168 0.459009 -0.772602
3.84 0.135578 0.118735 -0.948524 0.215798 0.443542 -0.784271
3.904 0.0803813 0.103208 -0.924696 0.203265 0.427699 -0.794707
3.968 0.0258599 0.0882267 -0.898848 0.190602 0.411519 -0.803856
4.032 -0.0278214 0.0738019 -0.871046 0.177841 0.395042 -0.811669
4.096 -0.0802031 0.0599994 -0.841256 0.165118 0.378473 -0.818165
4.224 -0.181886 0.0340202 -0.776599 0.139419 0.344367 -0.826683
4.352 -0.277745 0.010397 -0.705477 0.113839 0.309702 -0.8292
4.48 -0.366682 -0.0108376 -0.628696 0.0886223 0.274789 -0.825495
4.608 -0.447704 -0.0296723 -0.547138 0.0640037 0.23993 -0.81542
4.736 -0.519941 -0.046116 -0.461748 0.0402062 0.205421 -0.798912
4.864 -0.582648 -0.0601972 -0.373527 0.0174378 0.171544 -0.775987
4.992 -0.635222 -0.0719636 -0.283509 -0.00411004 0.138564 -0.746743
5.12 -0.677202 -0.0814804 -0.192757 -0.0242641 0.106732 -0.711364
5.248 -0.708277 -0.0888296 -0.102336 -0.042871 0.0762798 -0.670119
5.376 -0.728284 -0.0941083 -0.0133117 -0.0597988 0.0474158 -0.623353
5.504 -0.737216 -0.0974276 0.073273 -0.0749375 0.0203275 -0.571489
5.632 -0.735212 -0.0989108 0.15641 -0.0882 -0.00482174 -0.515021
5.76 -0.722559 -0.0986916 0.235139 -0.0995229 -0.0278937 -0.454511
5.888 -0.699681 -0.096913 0.30856 -0.108866 -0.0487757 -0.39058
6.016 -0.667137 -0.0937249 0.375849 -0.116213 -0.0673813 -0.323898
6.144 -0.62528 -0.0892172 0.435845 -0.121434 -0.0834316 -0.25537
6.272 -0.575591 -0.0836914 0.488714 -0.12483 -0.0973351 -0.185389
6.4 -0.518607 -0.0772319 0.533521 -0.126317 -0.108861 -0.114891
6.528 -0.455305 -0.0699999 0.569833 -0.125966 -0.118026 -0.044661
6.656 -0.386734 -0.0621549 0.59733 -0.123866 -0.124871 0.024516
6.784 -0.313995 -0.0538535 0.615815 -0.120126 -0.129459 0.0918582
6.912 -0.238232 -0.0452475 0.625206 -0.114868 -0.131874 0.156605
7.04 -0.160609 -0.036483 0.62555 -0.10823 -0.132222 0.218025
7.168 -0.0822955 -0.0276986 0.61701 -0.100361 -0.130624 0.275424
7.296 -0.00445199 -0.0190245 0.599865 -0.0914182 -0.12722 0.328159
7.424 0.0717891 -0.0105812 0.574508 -0.0815692 -0.122161 0.375639
7.552 0.145338 -0.00247904 0.54144 -0.070985 -0.115612 0.417345
7.68 0.215162 0.00518297 0.50126 -0.0598403 -0.107746 0.452827
7.808 0.280299 0.0123176 0.454656 -0.0483103 -0.0987449 0.481716
7.936 0.339874 0.0188497 0.402395 -0.0365692 -0.0887934 0.503725
8.064 0.393105 0.0247167 0.345313 -0.0247872 -0.0780802 0.518659
8.192 0.436874 0.0296755 0.284087 -0.0133475 -0.0667603 0.524442
8.448 0.505889 0.0376841 0.154622 0.00888145 -0.0432703 0.518514
8.704 0.541807 0.0425549 0.0210064 0.0288674 -0.0196618 0.485041
8.96 0.543646 0.0443251 -0.109007 0.0456728 0.00276347 0.426472
9.216 0.512449 0.0431988 -0.228073 0.0585918 0.0228825 0.346542
9.472 0.451165 0.0395209 -0.32966 0.0671737 0.0397919 0.250075
9.728 0.364431 0.0337467 -0.408403 0.0712315 0.0528355 0.142706
9.984 0.258251 0.0264077 -0.460383 0.0708367 0.0616186 0.0305744
10.24 0.139615 0.0180769 -0.483324 0.0663013 0.0660077 -0.080019
10.496 0.0160574 0.00933441 -0.476688 0.0581474 0.0661184 -0.182959
10.752 -0.104797 0.000735087 -0.441672 0.0470676 0.062291 -0.272657
11.008 -0.215688 -0.00721964 -0.381103 0.0338782 0.0550561 -0.344352
11.264 -0.310146 -0.0141054 -0.299243 0.0194679 0.0450934 -0.394374
11.52 -0.382851 -0.0195928 -0.201507 0.00474509 0.0331844 -0.420336
11.776 -0.42993 -0.0234582 -0.0941328 -0.00941377 0.0201636 -0.421254
12.032 -0.449153 -0.0255894 0.0162135 -0.0222111 0.0068695 -0.397588
12.288 -0.437684 -0.0258299 0.121391 -0.0326846 -0.00568602 -0.349758
12.544 -0.401754 -0.0246112 0.217425 -0.0408396 -0.0171776 -0.28421
12.8 -0.341736 -0.0219493 0.297867 -0.0460973 -0.0268517 -0.203391
13.056 -0.26189 -0.0181037 0.358197 -0.0482949 -0.0342587 -0.112321
13.312 -0.167593 -0.0133867 0.395191 -0.0474556 -0.0391079 -0.0165383
13.568 -0.0649903 -0.0081416 0.407096 -0.0437789 -0.0412749 0.0782327
13.824 0.0393928 -0.00272137 0.393706 -0.037621 -0.0407981 0.166413
14.08 0.139056 0.00253289 0.35635 -0.0294672 -0.0378673 0.242896
14.336 0.227917 0.00731092 0.297783 -0.0198988 -0.0328044 0.303342
14.592 0.300681 0.0113496 0.221999 -0.00955436 -0.0260372 0.344422
14.848 0.353141 0.0144455 0.133967 0.000909051 -0.0180692 0.364004
15.104 0.382425 0.0164639 0.0393175 0.0108555 -0.00944641 0.361264
15.36 0.387144 0.017342 -0.0560105 0.0197065 -0.000723447 0.336718
15.616 0.36745 0.0170895 -0.146135 0.0269724 0.00756895 0.29218
15.872 0.325008 0.0157836 -0.225585 0.0322783 0.0149536 0.230633
16.128 0.262862 0.0135612 -0.289632 0.0353811 0.021032 0.156045
16.384 0.183369 0.0105407 -0.328243 0.0355215 0.0251234 0.0731796
16.896 0.00600074 0.0034365 -0.352122 0.030662 0.0286148 -0.0940738
17.408 -0.166867 -0.00379675 -0.289368 0.0188572 0.0249919 -0.233651
17.92 -0.293038 -0.00943036 -0.157885 0.00340942 0.0157758 -0.313049
18.432 -0.342986 -0.0122737 0.00832209 -0.0117595 0.00364225 -0.314879
18.944 -0.306658 -0.0119012 0.167758 -0.0230618 -0.00829252 -0.240666
19.456 -0.195397 -0.00868349 0.281656 -0.0280596 -0.0172269 -0.110105
19.968 -0.0386203 -0.00363255 0.323298 -0.0259628 -0.0212948 0.0440145
20.48 0.123816 0.00188864 0.284216 -0.0177135 -0.0199229 0.183902
20.992 0.25161 0.00651475 0.175865 -0.00566167 -0.0138633 0.275938
21.504 0.313906 0.00920006 0.0264103 0.00707182 -0.00491732 0.298703
22.016 0.296665 0.00944129 -0.126474 0.0173776 0.00456357 0.247942
22.528 0.205782 0.007357 -0.244991 0.0228963 0.0122694 0.137331
23.04 0.0652534 0.00361499 -0.300482 0.0225419 0.0164728 -0.0051027
23.552 -0.0890635 -0.000764638 -0.280303 0.0166966 0.0163979 -0.143981
24.064 -0.218502 -0.00467646 -0.190685 0.0070485 0.0123412 -0.245286
24.576 -0.282073 -0.0070072 -0.054767 -0.00364094 0.00555449 -0.276174
25.088 -0.281186 -0.0076268 0.0882913 -0.0128446 -0.00203881 -0.245941
25.6 -0.209898 -0.00633586 0.20707 -0.0184745 -0.00867065 -0.155385
26.112 -0.087103 -0.00356551 0.2724 -0.019317 -0.0127926 -0.0276418
26.624 0.0557572 -7.96523e-05 0.26877 -0.0153747 -0.0135513 0.105291
27.136 0.182673 0.00322848 0.19799 -0.00781497 -0.0109533 0.210497
27.648 0.262078 0.00555928 0.0785326 0.0013608 -0.00581588 0.262249
28.16 0.274646 0.00639487 -0.0592308 0.00983608 0.000473092 0.248269
28.672 0.21797 0.00560944 -0.180691 0.0155544 0.00631922 0.172644
29.184 0.106984 0.00347929 -0.255641 0.0172103 0.0103168 0.0546844
29.696 -0.0299295 0.000595402 -0.265741 0.0145409 0.0115789 -0.0759541
30.208 -0.158142 -0.00229577 -0.208994 0.0083538 0.00992731 -0.186674
30.72 -0.245483 -0.0044814 -0.100121 0.000293855 0.00590207 -0.250026
31.232 -0.270266 -0.00545451 0.033225 -0.00758636 0.00059801 -0.250481
31.744 -0.226646 -0.00502839 0.157424 -0.0133423 -0.00462591 -0.188235
32.256 -0.125993 -0.00336808 0.241324 -0.0156113 -0.00848853 -0.0791002
