#1:M 2:dN/MdM dy_q d2xT
0.016 1.05107e-06
0.048 9.99898e-07
0.08 9.10054e-07
0.112 8.08214e-07
0.144 7.11975e-07
0.176 6.22465e-07
0.208 5.43226e-07
0.24 4.74236e-07
0.272 4.14535e-07
0.304 3.62744e-07
0.336 3.17965e-07
0.368 2.78852e-07
0.4 2.42978e-07
0.432 2.13647e-07
0.464 1.883e-07
0.496 1.66141e-07
0.528 1.46757e-07
0.56 1.29841e-07
0.592 1.14981e-07
0.624 1.02006e-07
0.656 9.03638e-08
0.688 8.03706e-08
0.72 7.15661e-08
0.752 6.38159e-08
0.784 5.69525e-08
0.816 5.09013e-08
0.848 4.55291e-08
0.88 4.07698e-08
0.912 3.64e-08
0.944 3.26726e-08
0.976 2.93586e-08
1.008 2.64033e-08
1.04 2.37749e-08
1.072 2.14053e-08
1.104 1.93109e-08
1.136 1.74402e-08
1.168 1.5701e-08
1.2 1.42013e-08
1.232 1.2853e-08
1.264 1.16388e-08
1.296 1.05562e-08
1.328 9.57853e-09
1.36 8.69727e-09
1.392 7.90412e-09
1.424 7.16994e-09
1.456 6.53291e-09
1.488 5.94524e-09
1.52 5.42331e-09
1.552 4.94293e-09
1.584 4.51147e-09
1.616 4.12325e-09
1.648 3.76781e-09
1.68 3.41467e-09
1.712 3.12506e-09
1.744 2.86273e-09
1.776 2.62265e-09
1.808 2.40449e-09
1.84 2.20448e-09
1.872 2.02447e-09
1.904 1.85834e-09
1.936 1.70417e-09
1.968 1.56846e-09
2 1.4417e-09
2.032 1.32641e-09
2.064 1.22203e-09
2.096 1.12468e-09
2.128 1.03795e-09
2.16 9.57209e-10
2.192 8.81293e-10
2.224 8.1361e-10
2.256 7.51063e-10
2.288 6.94771e-10
2.32 6.41539e-10
2.352 5.93388e-10
2.384 5.48991e-10
2.416 5.08312e-10
2.448 4.69729e-10
2.48 4.34733e-10
2.512 4.03432e-10
2.544 3.73728e-10
2.576 3.46513e-10
2.608 3.21395e-10
2.64 2.9854e-10
2.672 2.76952e-10
2.704 2.59634e-10
2.736 2.41202e-10
2.768 2.24103e-10
2.8 2.08514e-10
2.832 1.93865e-10
2.864 1.80435e-10
2.896 1.6771e-10
2.928 1.56214e-10
2.96 1.45289e-10
2.992 1.35446e-10
3.024 1.26172e-10
3.056 1.17586e-10
3.088 1.09617e-10
3.12 1.02352e-10
3.152 9.54388e-11
3.184 8.91224e-11
3.216 8.3136e-11
3.248 7.75897e-11
3.28 7.24366e-11
3.312 6.76668e-11
3.344 6.32664e-11
3.376 5.91337e-11
3.408 5.52755e-11
3.44 5.16863e-11
3.472 4.8371e-11
3.504 4.52107e-11
3.536 4.23361e-11
3.568 3.96235e-11
3.6 3.70848e-11
3.632 3.47705e-11
3.664 3.25765e-11
3.696 3.04716e-11
3.728 2.83469e-11
3.76 2.656e-11
3.792 2.49053e-11
3.824 2.33702e-11
3.856 2.19261e-11
3.888 2.05582e-11
3.92 1.92856e-11
3.952 1.81163e-11
3.984 1.69899e-11
4.016 1.59693e-11
4.048 1.49945e-11
4.08 1.40979e-11
4.112 1.32302e-11
4.144 1.24158e-11
4.176 1.16799e-11
4.208 1.0972e-11
4.24 1.03219e-11
4.272 9.70665e-12
4.304 9.10348e-12
4.336 8.57895e-12
4.368 8.0675e-12
4.4 7.58801e-12
4.432 7.1305e-12
4.464 6.71696e-12
4.496 6.35127e-12
4.528 5.96387e-12
4.56 5.6277e-12
4.592 5.29729e-12
4.624 4.98855e-12
4.656 4.69778e-12
4.688 4.4245e-12
4.72 4.16681e-12
4.752 4.17849e-12
4.784 3.93698e-12
4.816 3.70911e-12
4.848 3.49993e-12
4.88 3.29418e-12
4.912 3.10577e-12
4.944 2.93297e-12
4.976 2.76291e-12
5.008 2.54604e-12
5.04 2.40206e-12
5.072 2.26751e-12
5.104 2.13914e-12
5.136 2.02021e-12
5.168 1.90472e-12
5.2 1.79767e-12
5.232 1.69732e-12
5.264 1.60231e-12
5.296 1.51288e-12
5.328 1.42757e-12
5.36 1.34666e-12
5.392 1.27126e-12
5.424 1.20086e-12
5.456 1.13628e-12
5.488 1.07396e-12
5.52 1.01373e-12
5.552 9.57735e-13
5.584 9.04982e-13
5.616 8.55487e-13
5.648 8.08033e-13
5.68 7.6421e-13
5.712 7.22304e-13
5.744 6.82757e-13
5.776 6.45912e-13
5.808 6.10106e-13
5.84 5.7769e-13
5.872 5.45652e-13
5.904 5.16286e-13
5.936 4.88369e-13
5.968 4.61763e-13
6 4.36264e-13
6.032 4.13434e-13
6.064 3.90381e-13
6.096 3.69809e-13
6.128 3.50836e-13
6.16 3.31109e-13
6.192 3.1315e-13
6.224 2.96414e-13
6.256 2.80425e-13
6.288 2.65662e-13
6.32 2.51238e-13
6.352 2.37763e-13
6.384 2.2498e-13
6.416 2.13063e-13
6.448 2.01772e-13
6.48 1.91333e-13
6.512 1.80968e-13
6.544 1.71421e-13
6.576 1.62367e-13
6.608 1.53911e-13
6.64 1.45563e-13
6.672 1.37853e-13
6.704 1.30619e-13
6.736 1.23522e-13
6.768 1.17087e-13
6.8 1.11214e-13
6.832 1.05544e-13
6.864 9.99475e-14
6.896 9.46159e-14
6.928 8.96099e-14
6.96 8.50039e-14
6.992 8.0371e-14
7.024 7.62772e-14
7.056 7.23033e-14
7.088 6.85255e-14
7.12 6.48271e-14
7.152 6.14435e-14
7.184 5.82389e-14
7.216 5.52518e-14
7.248 5.23018e-14
7.28 4.96161e-14
7.312 4.70621e-14
7.344 4.46479e-14
7.376 4.23025e-14
7.408 4.00285e-14
7.44 3.79377e-14
7.472 3.60314e-14
7.504 3.41416e-14
7.536 3.24099e-14
7.568 3.06573e-14
7.6 2.90645e-14
7.632 2.76155e-14
7.664 2.61728e-14
7.696 2.47721e-14
7.728 2.35073e-14
7.76 2.23194e-14
7.792 2.11552e-14
7.824 2.00428e-14
7.856 1.90469e-14
7.888 1.8042e-14
7.92 1.71025e-14
7.952 1.62387e-14
7.984 1.53757e-14
8.016 1.46021e-14
8.048 1.38185e-14
8.08 1.31504e-14
8.112 1.24539e-14
8.144 1.18148e-14
8.176 1.12185e-14
8.208 1.06336e-14
8.24 1.00827e-14
8.272 9.57765e-15
8.304 9.0816e-15
8.336 8.6292e-15
8.368 8.1772e-15
8.4 7.75086e-15
8.432 7.35369e-15
8.464 6.9761e-15
8.496 6.61929e-15
8.528 6.2926e-15
8.56 5.95844e-15
8.592 5.65838e-15
8.624 5.36825e-15
8.656 5.09089e-15
8.688 4.83179e-15
8.72 4.58455e-15
8.752 4.35475e-15
8.784 4.1313e-15
8.816 3.91651e-15
8.848 3.72776e-15
8.88 3.5416e-15
8.912 3.36041e-15
8.944 3.18961e-15
8.976 3.02668e-15
9.008 2.87288e-15
9.04 2.71821e-15
9.072 2.57769e-15
9.104 2.45441e-15
9.136 2.32564e-15
9.168 2.20958e-15
9.2 2.0977e-15
9.232 1.98806e-15
9.264 1.88652e-15
9.296 1.79198e-15
9.328 1.70091e-15
9.36 1.60966e-15
9.392 1.53039e-15
9.424 1.45408e-15
9.456 1.3816e-15
9.488 1.3085e-15
9.52 1.24308e-15
9.552 1.18046e-15
9.584 1.12015e-15
9.616 1.06514e-15
9.648 1.01082e-15
9.68 9.58266e-16
9.712 9.10666e-16
9.744 8.63379e-16
9.776 8.209e-16
9.808 7.81015e-16
9.84 7.3843e-16
9.872 7.0129e-16
9.904 6.65259e-16
9.936 6.3112e-16
9.968 5.99736e-16
10 5.68848e-16
10.032 5.41446e-16
10.064 5.13996e-16
10.096 4.87402e-16
10.128 4.63376e-16
10.16 4.39246e-16
10.192 4.18265e-16
10.224 3.95485e-16
10.256 3.75701e-16
10.288 3.57738e-16
10.32 3.38611e-16
10.352 3.21822e-16
10.384 3.05274e-16
10.416 2.89355e-16
10.448 2.76369e-16
10.48 2.61509e-16
10.512 2.47548e-16
10.544 2.35857e-16
10.576 2.23179e-16
10.608 2.12567e-16
10.64 2.01818e-16
10.672 1.9128e-16
10.704 1.81821e-16
10.736 1.724e-16
10.768 1.63937e-16
10.8 1.55671e-16
10.832 1.47714e-16
10.864 1.40104e-16
10.896 1.33109e-16
10.928 1.26476e-16
10.96 1.20397e-16
10.992 1.14192e-16
11.024 1.08589e-16
11.056 1.03154e-16
11.088 9.77945e-17
11.12 9.27582e-17
11.152 8.82032e-17
11.184 8.36578e-17
11.216 7.94858e-17
11.248 7.54971e-17
11.28 7.1603e-17
11.312 6.81223e-17
11.344 6.46566e-17
11.376 6.12803e-17
11.408 5.82521e-17
11.44 5.52326e-17
11.472 5.25143e-17
11.504 4.98235e-17
11.536 4.73248e-17
11.568 4.50778e-17
11.6 4.27276e-17
11.632 4.04634e-17
11.664 3.85254e-17
11.696 3.66872e-17
11.728 3.46881e-17
11.76 3.2991e-17
11.792 3.13179e-17
11.824 2.97191e-17
11.856 2.82544e-17
11.888 2.68371e-17
11.92 2.54196e-17
11.952 2.41511e-17
11.984 2.30154e-17
12.016 2.17864e-17
12.048 2.07373e-17
12.08 1.96879e-17
12.112 1.86778e-17
12.144 1.77384e-17
12.176 1.68493e-17
12.208 1.5981e-17
12.24 1.5168e-17
12.272 1.4445e-17
12.304 1.36845e-17
12.336 1.30339e-17
12.368 1.23109e-17
12.4 1.1708e-17
12.432 1.11494e-17
12.464 1.05941e-17
12.496 1.00607e-17
12.528 9.53546e-18
12.56 9.05352e-18
12.592 8.60055e-18
12.624 8.16023e-18
12.656 7.76265e-18
12.688 7.36433e-18
12.72 6.97717e-18
12.752 6.63714e-18
12.784 6.32385e-18
12.816 5.99539e-18
12.848 5.69425e-18
12.88 5.39512e-18
12.912 5.11209e-18
12.944 4.88603e-18
12.976 4.62828e-18
13.008 4.40555e-18
13.04 4.16674e-18
13.072 3.96925e-18
13.104 3.75913e-18
13.136 3.57334e-18
13.168 3.3977e-18
13.2 3.23885e-18
13.232 3.07295e-18
13.264 2.91687e-18
13.296 2.78275e-18
13.328 2.63448e-18
13.36 2.50185e-18
13.392 2.38315e-18
13.424 2.25623e-18
13.456 2.13052e-18
13.488 2.03773e-18
13.52 1.93513e-18
13.552 1.8407e-18
13.584 1.74596e-18
13.616 1.65216e-18
13.648 1.5674e-18
13.68 1.4953e-18
13.712 1.41832e-18
13.744 1.34546e-18
13.776 1.27801e-18
13.808 1.21595e-18
13.84 1.15294e-18
13.872 1.09433e-18
13.904 1.03765e-18
13.936 9.85636e-19
13.968 9.3796e-19
14 8.89697e-19
14.032 8.47263e-19
14.064 8.01348e-19
14.096 7.61141e-19
14.128 7.23872e-19
14.16 6.86823e-19
14.192 6.54549e-19
14.224 6.20673e-19
14.256 5.8828e-19
14.288 5.58019e-19
14.32 5.30145e-19
14.352 5.03557e-19
14.384 4.78063e-19
14.416 4.54253e-19
14.448 4.30835e-19
14.48 4.09734e-19
14.512 3.89178e-19
14.544 3.70377e-19
14.576 3.50992e-19
14.608 3.32474e-19
14.64 3.15866e-19
14.672 2.99633e-19
14.704 2.84475e-19
14.736 2.70772e-19
14.768 2.56647e-19
14.8 2.43625e-19
14.832 2.32473e-19
14.864 2.19794e-19
14.896 2.09176e-19
14.928 1.98341e-19
14.96 1.88647e-19
14.992 1.78957e-19
15.024 1.70007e-19
15.056 1.61832e-19
15.088 1.52738e-19
15.12 1.45597e-19
15.152 1.38082e-19
15.184 1.31564e-19
15.216 1.24631e-19
15.248 1.18071e-19
15.28 1.12686e-19
15.312 1.06813e-19
15.344 1.0115e-19
15.376 9.61916e-20
15.408 9.11607e-20
15.44 8.68226e-20
15.472 8.20608e-20
15.504 7.81088e-20
15.536 7.43781e-20
15.568 7.05788e-20
15.6 6.709e-20
15.632 6.36175e-20
15.664 6.04175e-20
15.696 5.71863e-20
15.728 5.44694e-20
15.76 5.17712e-20
15.792 4.91288e-20
15.824 4.6629e-20
15.856 4.40403e-20
15.888 4.19573e-20
15.92 4.00252e-20
15.952 3.7829e-20
15.984 3.58499e-20
16.016 3.4338e-20
16.048 3.24426e-20
16.08 3.08726e-20
16.112 2.923e-20
16.144 2.76759e-20
16.176 2.6296e-20
16.208 2.49657e-20
16.24 2.38811e-20
16.272 2.26153e-20
16.304 2.14025e-20
16.336 2.03598e-20
16.368 1.93457e-20
16.4 1.835e-20
16.432 1.73955e-20
16.464 1.65404e-20
16.496 1.57672e-20
16.528 1.496e-20
16.56 1.41679e-20
16.592 1.34671e-20
16.624 1.27496e-20
16.656 1.21523e-20
16.688 1.14547e-20
16.72 1.09431e-20
16.752 1.03489e-20
16.784 9.88164e-21
16.816 9.3461e-21
16.848 8.88828e-21
16.88 8.4635e-21
16.912 7.99428e-21
16.944 7.60176e-21
16.976 7.22815e-21
17.008 6.88165e-21
17.04 6.48029e-21
17.072 6.18047e-21
17.104 5.85831e-21
17.136 5.57565e-21
17.168 5.287e-21
17.2 5.02215e-21
17.232 4.78142e-21
17.264 4.52334e-21
17.296 4.28415e-21
17.328 4.08381e-21
17.36 3.86247e-21
17.392 3.68997e-21
17.424 3.49378e-21
17.456 3.30764e-21
17.488 3.15573e-21
17.52 2.99014e-21
17.552 2.84237e-21
17.584 2.69e-21
17.616 2.56105e-21
17.648 2.43302e-21
17.68 2.30961e-21
17.712 2.18359e-21
17.744 2.08006e-21
17.776 1.97634e-21
17.808 1.87168e-21
17.84 1.78004e-21
17.872 1.68464e-21
17.904 1.60749e-21
17.936 1.52906e-21
17.968 1.44857e-21
18 1.37791e-21
18.032 1.3008e-21
18.064 1.23807e-21
18.096 1.17697e-21
18.128 1.11659e-21
18.16 1.05746e-21
18.192 1.00906e-21
18.224 9.53302e-22
18.256 9.05856e-22
18.288 8.62367e-22
18.32 8.12058e-22
18.352 7.75206e-22
18.384 7.39975e-22
18.416 6.99265e-22
18.448 6.63871e-22
18.48 6.31617e-22
18.512 5.9909e-22
18.544 5.69013e-22
18.576 5.39447e-22
18.608 5.1019e-22
18.64 4.85045e-22
18.672 4.61168e-22
18.704 4.38505e-22
18.736 4.15218e-22
18.768 3.94468e-22
18.8 3.73487e-22
18.832 3.56475e-22
18.864 3.35864e-22
18.896 3.21288e-22
18.928 3.03913e-22
18.96 2.88815e-22
18.992 2.73785e-22
19.024 2.60271e-22
19.056 2.46976e-22
19.088 2.3528e-22
19.12 2.20378e-22
19.152 2.11259e-22
19.184 2.00183e-22
19.216 1.89816e-22
19.248 1.79317e-22
19.28 1.70481e-22
19.312 1.62638e-22
19.344 1.5466e-22
19.376 1.46974e-22
19.408 1.37997e-22
19.44 1.31994e-22
19.472 1.2453e-22
19.504 1.18211e-22
19.536 1.12483e-22
19.568 1.06973e-22
19.6 1.01224e-22
19.632 9.61428e-23
19.664 9.15488e-23
19.696 8.64372e-23
19.728 8.2393e-23
19.76 7.82006e-23
19.792 7.37415e-23
19.824 7.00982e-23
19.856 6.66124e-23
19.888 6.32013e-23
19.92 5.98707e-23
19.952 5.65692e-23
19.984 5.37706e-23
20.016 5.11926e-23
20.048 4.82486e-23
20.08 4.57343e-23
20.112 4.35957e-23
20.144 4.11366e-23
20.176 3.92087e-23
20.208 3.69362e-23
20.24 3.51832e-23
20.272 3.34961e-23
20.304 3.16662e-23
20.336 2.96846e-23
20.368 2.83771e-23
20.4 2.68714e-23
20.432 2.54024e-23
20.464 2.41491e-23
20.496 2.27746e-23
20.528 2.15663e-23
20.56 2.0441e-23
20.592 1.93706e-23
20.624 1.84588e-23
20.656 1.74067e-23
20.688 1.65004e-23
20.72 1.5596e-23
20.752 1.47231e-23
20.784 1.39434e-23
20.816 1.3252e-23
20.848 1.24615e-23
20.88 1.17894e-23
20.912 1.11413e-23
20.944 1.05258e-23
20.976 9.99494e-24
21.008 9.46351e-24
21.04 8.86486e-24
21.072 8.3475e-24
21.104 7.96169e-24
21.136 7.45021e-24
21.168 7.07636e-24
21.2 6.65813e-24
21.232 6.27104e-24
21.264 5.93461e-24
21.296 5.61108e-24
21.328 5.26828e-24
21.36 4.97301e-24
21.392 4.61185e-24
21.424 4.35021e-24
21.456 4.1057e-24
21.488 3.86359e-24
21.52 3.63746e-24
21.552 3.42605e-24
21.584 3.19384e-24
21.616 3.02967e-24
21.648 2.81626e-24
21.68 2.66223e-24
21.712 2.49135e-24
21.744 2.33042e-24
21.776 2.19397e-24
21.808 2.06464e-24
21.84 1.94905e-24
21.872 1.80886e-24
21.904 1.68831e-24
21.936 1.55985e-24
21.968 1.4671e-24
22 1.38628e-24
22.032 1.27968e-24
22.064 1.19002e-24
22.096 1.11423e-24
22.128 1.03002e-24
22.16 9.73651e-25
22.192 9.03939e-25
22.224 8.33895e-25
22.256 7.8489e-25
22.288 7.13836e-25
22.32 6.69445e-25
22.352 6.26576e-25
22.384 5.76334e-25
22.416 5.40185e-25
22.448 4.97763e-25
22.48 4.57073e-25
22.512 4.30364e-25
22.544 3.93099e-25
22.576 3.68732e-25
22.608 3.46781e-25
22.64 3.21892e-25
22.672 2.93538e-25
22.704 2.77611e-25
22.736 2.59548e-25
22.768 2.39426e-25
22.8 2.25478e-25
22.832 2.15975e-25
22.864 2.08245e-25
22.896 1.97762e-25
22.928 1.87223e-25
22.96 1.77646e-25
22.992 1.73562e-25
23.024 1.67193e-25
23.056 1.66121e-25
23.088 1.62505e-25
23.12 1.61469e-25
23.152 1.60192e-25
23.184 1.64147e-25
23.216 1.64534e-25
23.248 1.67124e-25
23.28 1.66427e-25
23.312 1.73656e-25
23.344 1.80641e-25
23.376 1.83189e-25
23.408 1.90143e-25
23.44 1.94684e-25
23.472 2.00668e-25
23.504 2.095e-25
23.536 2.18516e-25
23.568 2.24176e-25
23.6 2.34676e-25
23.632 2.44459e-25
23.664 2.55701e-25
23.696 2.65117e-25
23.728 2.73852e-25
23.76 2.85801e-25
23.792 2.98677e-25
23.824 3.08084e-25
23.856 3.22165e-25
23.888 3.33367e-25
23.92 3.42731e-25
23.952 3.56499e-25
23.984 3.69852e-25
24.016 3.82925e-25
24.048 3.96604e-25
24.08 4.04871e-25
24.112 4.25175e-25
24.144 4.38376e-25
24.176 4.49904e-25
24.208 4.60805e-25
24.24 4.77689e-25
24.272 4.86911e-25
24.304 5.02774e-25
24.336 5.1665e-25
24.368 5.33334e-25
24.4 5.42749e-25
24.432 5.60666e-25
24.464 5.73402e-25
24.496 5.88727e-25
24.528 6.01604e-25
24.56 6.1443e-25
24.592 6.30141e-25
24.624 6.44585e-25
24.656 6.60606e-25
24.688 6.7128e-25
24.72 6.88005e-25
24.752 7.03398e-25
24.784 7.13543e-25
24.816 7.27415e-25
24.848 7.44898e-25
24.88 7.53493e-25
24.912 7.67934e-25
24.944 7.78217e-25
24.976 7.9588e-25
25.008 8.09037e-25
25.04 8.17941e-25
25.072 8.34006e-25
25.104 8.45714e-25
25.136 8.58923e-25
25.168 8.73883e-25
25.2 8.80212e-25
25.232 8.97847e-25
25.264 9.09531e-25
25.296 9.19779e-25
25.328 9.3093e-25
25.36 9.41907e-25
25.392 9.52997e-25
25.424 9.66935e-25
25.456 9.75638e-25
25.488 9.84601e-25
25.52 9.96919e-25
25.552 1.00796e-24
25.584 1.01895e-24
25.616 1.02921e-24
25.648 1.03504e-24
25.68 1.0501e-24
25.712 1.05839e-24
25.744 1.06699e-24
25.776 1.07293e-24
25.808 1.08545e-24
25.84 1.09499e-24
25.872 1.10196e-24
25.904 1.113e-24
25.936 1.11716e-24
25.968 1.12429e-24
26 1.13286e-24
26.032 1.14163e-24
26.064 1.14679e-24
26.096 1.15505e-24
26.128 1.16179e-24
26.16 1.16391e-24
26.192 1.17356e-24
26.224 1.18277e-24
26.256 1.18256e-24
26.288 1.19003e-24
26.32 1.196e-24
26.352 1.2006e-24
26.384 1.20603e-24
26.416 1.20864e-24
26.448 1.21576e-24
26.48 1.21824e-24
26.512 1.22208e-24
26.544 1.22613e-24
26.576 1.22723e-24
26.608 1.22854e-24
26.64 1.23735e-24
26.672 1.23864e-24
26.704 1.23693e-24
26.736 1.24233e-24
26.768 1.2423e-24
26.8 1.2445e-24
26.832 1.24829e-24
26.864 1.24479e-24
26.896 1.24646e-24
26.928 1.25185e-24
26.96 1.24659e-24
26.992 1.24694e-24
27.024 1.25205e-24
27.056 1.24684e-24
27.088 1.24547e-24
27.12 1.247e-24
27.152 1.2455e-24
27.184 1.24368e-24
27.216 1.24661e-24
27.248 1.24127e-24
27.28 1.24095e-24
27.312 1.23511e-24
27.344 1.23248e-24
27.376 1.23243e-24
27.408 1.22654e-24
27.44 1.22549e-24
27.472 1.22303e-24
27.504 1.2176e-24
27.536 1.21442e-24
27.568 1.21022e-24
27.6 1.205e-24
27.632 1.20277e-24
27.664 1.19679e-24
27.696 1.19195e-24
27.728 1.18784e-24
27.76 1.18105e-24
27.792 1.17407e-24
27.824 1.16751e-24
27.856 1.16436e-24
27.888 1.15937e-24
27.92 1.15266e-24
27.952 1.14617e-24
27.984 1.14215e-24
28.016 1.13224e-24
28.048 1.12183e-24
28.08 1.11965e-24
28.112 1.10921e-24
28.144 1.10575e-24
28.176 1.09556e-24
28.208 1.0899e-24
28.24 1.08148e-24
28.272 1.07411e-24
28.304 1.06371e-24
28.336 1.05359e-24
28.368 1.04631e-24
28.4 1.03508e-24
28.432 1.02836e-24
28.464 1.02171e-24
28.496 1.01205e-24
28.528 1.00219e-24
28.56 9.91854e-25
28.592 9.84659e-25
28.624 9.72272e-25
28.656 9.65093e-25
28.688 9.53295e-25
28.72 9.39833e-25
28.752 9.26675e-25
28.784 9.1724e-25
28.816 9.10031e-25
28.848 9.00087e-25
28.88 8.89958e-25
28.912 8.81279e-25
28.944 8.71867e-25
28.976 8.55697e-25
29.008 8.48467e-25
29.04 8.32784e-25
29.072 8.23588e-25
29.104 8.1283e-25
29.136 8.02592e-25
29.168 7.90219e-25
29.2 7.80384e-25
29.232 7.66067e-25
29.264 7.52022e-25
29.296 7.4164e-25
29.328 7.32761e-25
29.36 7.2021e-25
29.392 7.05949e-25
29.424 6.95792e-25
29.456 6.84582e-25
29.488 6.71426e-25
29.52 6.60209e-25
29.552 6.50679e-25
29.584 6.40603e-25
29.616 6.24563e-25
29.648 6.13432e-25
29.68 6.01398e-25
29.712 5.91165e-25
29.744 5.79086e-25
29.776 5.65233e-25
29.808 5.55576e-25
29.84 5.40681e-25
29.872 5.31185e-25
29.904 5.19221e-25
29.936 5.09729e-25
29.968 4.95262e-25
30 4.831e-25
30.032 4.72047e-25
30.064 4.6057e-25
30.096 4.48354e-25
30.128 4.37127e-25
30.16 4.2536e-25
30.192 4.10475e-25
30.224 4.03294e-25
30.256 3.9028e-25
30.288 3.78284e-25
30.32 3.66913e-25
30.352 3.57194e-25
30.384 3.45563e-25
30.416 3.33857e-25
30.448 3.21674e-25
30.48 3.1421e-25
30.512 3.02685e-25
30.544 2.92178e-25
30.576 2.82239e-25
30.608 2.70305e-25
30.64 2.60954e-25
30.672 2.47999e-25
30.704 2.39903e-25
30.736 2.30221e-25
30.768 2.21397e-25
30.8 2.09432e-25
30.832 2.00575e-25
30.864 1.9235e-25
30.896 1.82886e-25
30.928 1.74334e-25
30.96 1.63685e-25
30.992 1.5541e-25
31.024 1.48841e-25
31.056 1.40065e-25
31.088 1.31569e-25
31.12 1.2238e-25
31.152 1.15074e-25
31.184 1.07495e-25
31.216 9.96105e-26
31.248 9.3229e-26
31.28 8.53074e-26
31.312 8.02887e-26
31.344 7.34425e-26
31.376 6.62732e-26
31.408 6.05187e-26
31.44 5.48024e-26
31.472 4.73328e-26
31.504 4.37371e-26
31.536 3.8557e-26
31.568 3.36921e-26
31.6 2.89095e-26
31.632 2.50842e-26
31.664 2.06757e-26
31.696 1.7482e-26
31.728 1.36803e-26
31.76 1.07618e-26
31.792 8.53119e-27
31.824 6.29432e-27
31.856 4.2523e-27
31.888 2.30239e-27
31.92 1.17403e-27
31.952 5.11388e-28
31.984 6.41967e-29
