#1:M 2:dN/MdM dy_q d2xT
0.016 1.3993e-07
0.048 1.28117e-07
0.08 1.12402e-07
0.112 9.70501e-08
0.144 8.37687e-08
0.176 7.21475e-08
0.208 6.23442e-08
0.24 5.40427e-08
0.272 4.70481e-08
0.304 4.11168e-08
0.336 3.60572e-08
0.368 3.17293e-08
0.4 2.77473e-08
0.432 2.45485e-08
0.464 2.17741e-08
0.496 1.93619e-08
0.528 1.72485e-08
0.56 1.54033e-08
0.592 1.3784e-08
0.624 1.23591e-08
0.656 1.10702e-08
0.688 9.96187e-09
0.72 8.97297e-09
0.752 8.09566e-09
0.784 7.31425e-09
0.816 6.61845e-09
0.848 5.99771e-09
0.88 5.441e-09
0.912 4.92222e-09
0.944 4.47605e-09
0.976 4.07485e-09
1.008 3.71357e-09
1.04 3.3866e-09
1.072 3.09401e-09
1.104 2.82635e-09
1.136 2.58605e-09
1.168 2.36082e-09
1.2 2.16301e-09
1.232 1.98336e-09
1.264 1.81987e-09
1.296 1.67156e-09
1.328 1.53858e-09
1.36 1.41352e-09
1.392 1.3015e-09
1.424 1.19581e-09
1.456 1.10329e-09
1.488 1.01713e-09
1.52 9.39348e-10
1.552 8.6703e-10
1.584 8.01872e-10
1.616 7.40832e-10
1.648 6.86066e-10
1.68 6.29187e-10
1.712 5.8247e-10
1.744 5.39262e-10
1.776 5.00491e-10
1.808 4.6402e-10
1.84 4.30748e-10
1.872 3.99836e-10
1.904 3.70891e-10
1.936 3.44271e-10
1.968 3.20215e-10
2 2.98008e-10
2.032 2.77311e-10
2.064 2.57875e-10
2.096 2.40085e-10
2.128 2.2389e-10
2.16 2.08347e-10
2.192 1.94028e-10
2.224 1.80817e-10
2.256 1.68826e-10
2.288 1.57583e-10
2.32 1.47131e-10
2.352 1.37439e-10
2.384 1.28329e-10
2.416 1.19982e-10
2.448 1.11925e-10
2.48 1.04584e-10
2.512 9.7943e-11
2.544 9.16769e-11
2.576 8.5708e-11
2.608 8.0223e-11
2.64 7.51142e-11
2.672 7.04417e-11
2.704 6.64835e-11
2.736 6.23333e-11
2.768 5.8421e-11
2.8 5.48089e-11
2.832 5.1377e-11
2.864 4.81353e-11
2.896 4.51799e-11
2.928 4.24247e-11
2.96 3.97955e-11
2.992 3.73422e-11
3.024 3.50951e-11
3.056 3.29475e-11
3.088 3.09329e-11
3.12 2.91088e-11
3.152 2.73408e-11
3.184 2.57131e-11
3.216 2.41477e-11
3.248 2.2739e-11
3.28 2.13757e-11
3.312 2.00854e-11
3.344 1.89265e-11
3.376 1.7804e-11
3.408 1.67437e-11
3.44 1.57831e-11
3.472 1.48405e-11
3.504 1.39889e-11
3.536 1.3152e-11
3.568 1.23953e-11
3.6 1.16873e-11
3.632 1.10229e-11
3.664 1.03858e-11
3.696 9.77623e-12
3.728 9.14487e-12
3.76 8.61896e-12
3.792 8.13447e-12
3.824 7.67745e-12
3.856 7.24974e-12
3.888 6.83326e-12
3.92 6.44358e-12
3.952 6.08776e-12
3.984 5.74297e-12
4.016 5.42157e-12
4.048 5.11358e-12
4.08 4.83562e-12
4.112 4.55989e-12
4.144 4.30507e-12
4.176 4.06869e-12
4.208 3.83815e-12
4.24 3.63053e-12
4.272 3.43134e-12
4.304 3.23385e-12
4.336 3.06549e-12
4.368 2.8964e-12
4.4 2.73363e-12
4.432 2.58311e-12
4.464 2.44095e-12
4.496 2.31751e-12
4.528 2.18975e-12
4.56 2.07224e-12
4.592 1.95893e-12
4.624 1.8529e-12
4.656 1.74978e-12
4.688 1.65707e-12
4.72 1.56682e-12
4.752 1.57674e-12
4.784 1.49247e-12
4.816 1.41179e-12
4.848 1.33773e-12
4.88 1.26391e-12
4.912 1.19554e-12
4.944 1.13393e-12
4.976 1.07132e-12
5.008 9.90908e-13
5.04 9.36887e-13
5.072 8.88079e-13
5.104 8.4061e-13
5.136 7.96787e-13
5.168 7.54885e-13
5.2 7.13848e-13
5.232 6.77223e-13
5.264 6.40751e-13
5.296 6.07209e-13
5.328 5.74701e-13
5.36 5.44016e-13
5.392 5.15725e-13
5.424 4.88774e-13
5.456 4.63183e-13
5.488 4.38661e-13
5.52 4.15668e-13
5.552 3.93926e-13
5.584 3.72892e-13
5.616 3.53943e-13
5.648 3.34928e-13
5.68 3.17883e-13
5.712 3.00978e-13
5.744 2.84948e-13
5.776 2.70818e-13
5.808 2.56302e-13
5.84 2.43527e-13
5.872 2.30428e-13
5.904 2.187e-13
5.936 2.07224e-13
5.968 1.96567e-13
6 1.86135e-13
6.032 1.76828e-13
6.064 1.67113e-13
6.096 1.58831e-13
6.128 1.50933e-13
6.16 1.42794e-13
6.192 1.35338e-13
6.224 1.28276e-13
6.256 1.21749e-13
6.288 1.15497e-13
6.32 1.0955e-13
6.352 1.03876e-13
6.384 9.84993e-14
6.416 9.34464e-14
6.448 8.87985e-14
6.48 8.44185e-14
6.512 7.99027e-14
6.544 7.5993e-14
6.576 7.19707e-14
6.608 6.82587e-14
6.64 6.46959e-14
6.672 6.13843e-14
6.704 5.82804e-14
6.736 5.51861e-14
6.768 5.24774e-14
6.8 4.98604e-14
6.832 4.73992e-14
6.864 4.50623e-14
6.896 4.27155e-14
6.928 4.04939e-14
6.96 3.83915e-14
6.992 3.64331e-14
7.024 3.45584e-14
7.056 3.28637e-14
7.088 3.11647e-14
7.12 2.94678e-14
7.152 2.80494e-14
7.184 2.66036e-14
7.216 2.53373e-14
7.248 2.39565e-14
7.28 2.27492e-14
7.312 2.16642e-14
7.344 2.05527e-14
7.376 1.94737e-14
7.408 1.8443e-14
7.44 1.74862e-14
7.472 1.66625e-14
7.504 1.5821e-14
7.536 1.50142e-14
7.568 1.4242e-14
7.6 1.34877e-14
7.632 1.28462e-14
7.664 1.21592e-14
7.696 1.15374e-14
7.728 1.09799e-14
7.76 1.04005e-14
7.792 9.90147e-15
7.824 9.38274e-15
7.856 8.92601e-15
7.888 8.45855e-15
7.92 8.03387e-15
7.952 7.63844e-15
7.984 7.22064e-15
8.016 6.8585e-15
8.048 6.51812e-15
8.08 6.2027e-15
8.112 5.87724e-15
8.144 5.58197e-15
8.176 5.30137e-15
8.208 5.02781e-15
8.24 4.76946e-15
8.272 4.53755e-15
8.304 4.30355e-15
8.336 4.09457e-15
8.368 3.88643e-15
8.4 3.68419e-15
8.432 3.50508e-15
8.464 3.31871e-15
8.496 3.15045e-15
8.528 2.99921e-15
8.56 2.8439e-15
8.592 2.7003e-15
8.624 2.56823e-15
8.656 2.43969e-15
8.688 2.31294e-15
8.72 2.19421e-15
8.752 2.08519e-15
8.784 1.98022e-15
8.816 1.8787e-15
8.848 1.78472e-15
8.88 1.70039e-15
8.912 1.61532e-15
8.944 1.53342e-15
8.976 1.45881e-15
9.008 1.38264e-15
9.04 1.3092e-15
9.072 1.24434e-15
9.104 1.18296e-15
9.136 1.11992e-15
9.168 1.06579e-15
9.2 1.01493e-15
9.232 9.60104e-16
9.264 9.12029e-16
9.296 8.64383e-16
9.328 8.2193e-16
9.36 7.78878e-16
9.392 7.42061e-16
9.424 7.04467e-16
9.456 6.69751e-16
9.488 6.35685e-16
9.52 6.03971e-16
9.552 5.73189e-16
9.584 5.42899e-16
9.616 5.16542e-16
9.648 4.90884e-16
9.68 4.6578e-16
9.712 4.43264e-16
9.744 4.19553e-16
9.776 3.98737e-16
9.808 3.80652e-16
9.84 3.59255e-16
9.872 3.4088e-16
9.904 3.23499e-16
9.936 3.07521e-16
9.968 2.92725e-16
10 2.77268e-16
10.032 2.64104e-16
10.064 2.51286e-16
10.096 2.37834e-16
10.128 2.25798e-16
10.16 2.13896e-16
10.192 2.03632e-16
10.224 1.92801e-16
10.256 1.83573e-16
10.288 1.74662e-16
10.32 1.65649e-16
10.352 1.56975e-16
10.384 1.49207e-16
10.416 1.41546e-16
10.448 1.35217e-16
10.48 1.28052e-16
10.512 1.21203e-16
10.544 1.15293e-16
10.576 1.08986e-16
10.608 1.03837e-16
10.64 9.84927e-17
10.672 9.38663e-17
10.704 8.89332e-17
10.736 8.44289e-17
10.768 8.00487e-17
10.8 7.62222e-17
10.832 7.2426e-17
10.864 6.87161e-17
10.896 6.53246e-17
10.928 6.19117e-17
10.96 5.90814e-17
10.992 5.60237e-17
11.024 5.32748e-17
11.056 5.05023e-17
11.088 4.78239e-17
11.12 4.54924e-17
11.152 4.32894e-17
11.184 4.10505e-17
11.216 3.89311e-17
11.248 3.7046e-17
11.28 3.52211e-17
11.312 3.33676e-17
11.344 3.16083e-17
11.376 3.00541e-17
11.408 2.8597e-17
11.44 2.71353e-17
11.472 2.5853e-17
11.504 2.44801e-17
11.536 2.31634e-17
11.568 2.21193e-17
11.6 2.0983e-17
11.632 1.98942e-17
11.664 1.88887e-17
11.696 1.79873e-17
11.728 1.70208e-17
11.76 1.61507e-17
11.792 1.54166e-17
11.824 1.4606e-17
11.856 1.38933e-17
11.888 1.3197e-17
11.92 1.25116e-17
11.952 1.18811e-17
11.984 1.13113e-17
12.016 1.07047e-17
12.048 1.01792e-17
12.08 9.64309e-18
12.112 9.16008e-18
12.144 8.70057e-18
12.176 8.27059e-18
12.208 7.85607e-18
12.24 7.43779e-18
12.272 7.10363e-18
12.304 6.72231e-18
12.336 6.38619e-18
12.368 6.03861e-18
12.4 5.7714e-18
12.432 5.47166e-18
12.464 5.20199e-18
12.496 4.93489e-18
12.528 4.67572e-18
12.56 4.44431e-18
12.592 4.21723e-18
12.624 4.00311e-18
12.656 3.80414e-18
12.688 3.61649e-18
12.72 3.43471e-18
12.752 3.25996e-18
12.784 3.09891e-18
12.816 2.94939e-18
12.848 2.79089e-18
12.88 2.64652e-18
12.912 2.51793e-18
12.944 2.39728e-18
12.976 2.26843e-18
13.008 2.16167e-18
13.04 2.05173e-18
13.072 1.94583e-18
13.104 1.85099e-18
13.136 1.75023e-18
13.168 1.66393e-18
13.2 1.58669e-18
13.232 1.51006e-18
13.264 1.4329e-18
13.296 1.36396e-18
13.328 1.28841e-18
13.36 1.22735e-18
13.392 1.16812e-18
13.424 1.10649e-18
13.456 1.04773e-18
13.488 1.00109e-18
13.52 9.48477e-19
13.552 9.00411e-19
13.584 8.55383e-19
13.616 8.11278e-19
13.648 7.68417e-19
13.68 7.33072e-19
13.712 6.93082e-19
13.744 6.58912e-19
13.776 6.28088e-19
13.808 5.95722e-19
13.84 5.67375e-19
13.872 5.39202e-19
13.904 5.07547e-19
13.936 4.82717e-19
13.968 4.60623e-19
14 4.3541e-19
14.032 4.14381e-19
14.064 3.92558e-19
14.096 3.72832e-19
14.128 3.56415e-19
14.16 3.35799e-19
14.192 3.20673e-19
14.224 3.04009e-19
14.256 2.88693e-19
14.288 2.72821e-19
14.32 2.60531e-19
14.352 2.46358e-19
14.384 2.34858e-19
14.416 2.22484e-19
14.448 2.10736e-19
14.48 2.01188e-19
14.512 1.90586e-19
14.544 1.80791e-19
14.576 1.71628e-19
14.608 1.62866e-19
14.64 1.54243e-19
14.672 1.47072e-19
14.704 1.39679e-19
14.736 1.32352e-19
14.768 1.25966e-19
14.8 1.19361e-19
14.832 1.14e-19
14.864 1.07714e-19
14.896 1.02477e-19
14.928 9.68884e-20
14.96 9.26938e-20
14.992 8.78746e-20
15.024 8.3513e-20
15.056 7.91726e-20
15.088 7.48324e-20
15.12 7.11565e-20
15.152 6.79372e-20
15.184 6.42788e-20
15.216 6.07488e-20
15.248 5.79931e-20
15.28 5.50392e-20
15.312 5.23332e-20
15.344 4.95716e-20
15.376 4.70835e-20
15.408 4.46405e-20
15.44 4.25504e-20
15.472 4.0116e-20
15.504 3.80614e-20
15.536 3.65971e-20
15.568 3.44922e-20
15.6 3.28384e-20
15.632 3.12554e-20
15.664 2.95036e-20
15.696 2.79821e-20
15.728 2.66944e-20
15.76 2.53048e-20
15.792 2.39588e-20
15.824 2.27934e-20
15.856 2.17476e-20
15.888 2.0555e-20
15.92 1.9581e-20
15.952 1.85375e-20
15.984 1.75544e-20
16.016 1.68162e-20
16.048 1.59115e-20
16.08 1.51408e-20
16.112 1.43356e-20
16.144 1.36356e-20
16.176 1.28733e-20
16.208 1.22179e-20
16.24 1.17091e-20
16.272 1.10585e-20
16.304 1.04916e-20
16.336 9.95762e-21
16.368 9.48079e-21
16.4 8.99044e-21
16.432 8.49335e-21
16.464 8.1362e-21
16.496 7.71678e-21
16.528 7.33929e-21
16.56 6.9215e-21
16.592 6.61921e-21
16.624 6.28165e-21
16.656 5.96958e-21
16.688 5.62976e-21
16.72 5.38458e-21
16.752 5.09287e-21
16.784 4.85063e-21
16.816 4.59377e-21
16.848 4.36904e-21
16.88 4.14365e-21
16.912 3.91051e-21
16.944 3.74331e-21
16.976 3.53255e-21
17.008 3.36921e-21
17.04 3.17814e-21
17.072 3.04218e-21
17.104 2.87722e-21
17.136 2.73377e-21
17.168 2.59487e-21
17.2 2.45982e-21
17.232 2.35752e-21
17.264 2.22947e-21
17.296 2.09955e-21
17.328 2.00691e-21
17.36 1.89323e-21
17.392 1.81057e-21
17.424 1.71842e-21
17.456 1.62634e-21
17.488 1.55252e-21
17.52 1.46674e-21
17.552 1.39787e-21
17.584 1.31749e-21
17.616 1.26378e-21
17.648 1.19743e-21
17.68 1.13613e-21
17.712 1.07268e-21
17.744 1.02608e-21
17.776 9.71572e-22
17.808 9.17967e-22
17.84 8.76035e-22
17.872 8.29318e-22
17.904 7.94306e-22
17.936 7.50935e-22
17.968 7.13735e-22
18 6.76348e-22
18.032 6.39913e-22
18.064 6.07786e-22
18.096 5.79222e-22
18.128 5.48711e-22
18.16 5.22842e-22
18.192 4.97541e-22
18.224 4.68078e-22
18.256 4.45953e-22
18.288 4.24211e-22
18.32 4.017e-22
18.352 3.81167e-22
18.384 3.644e-22
18.416 3.44569e-22
18.448 3.27711e-22
18.48 3.10385e-22
18.512 2.95808e-22
18.544 2.80799e-22
18.576 2.66473e-22
18.608 2.51743e-22
18.64 2.39251e-22
18.672 2.2785e-22
18.704 2.1616e-22
18.736 2.05429e-22
18.768 1.95061e-22
18.8 1.85009e-22
18.832 1.75721e-22
18.864 1.66274e-22
18.896 1.58503e-22
18.928 1.5025e-22
18.96 1.43095e-22
18.992 1.35524e-22
19.024 1.28692e-22
19.056 1.2215e-22
19.088 1.16547e-22
19.12 1.0962e-22
19.152 1.04315e-22
19.184 9.93399e-23
19.216 9.4282e-23
19.248 8.89684e-23
19.28 8.51372e-23
19.312 8.1148e-23
19.344 7.70049e-23
19.376 7.28378e-23
19.408 6.91875e-23
19.44 6.57479e-23
19.472 6.20937e-23
19.504 5.90097e-23
19.536 5.61708e-23
19.568 5.33687e-23
19.6 5.05985e-23
19.632 4.82333e-23
19.664 4.57752e-23
19.696 4.35609e-23
19.728 4.1282e-23
19.76 3.91648e-23
19.792 3.69822e-23
19.824 3.52953e-23
19.856 3.32842e-23
19.888 3.17296e-23
19.92 3.01976e-23
19.952 2.85525e-23
19.984 2.72301e-23
20.016 2.57606e-23
20.048 2.44523e-23
20.08 2.32e-23
20.112 2.19671e-23
20.144 2.09292e-23
20.176 1.98783e-23
20.208 1.88697e-23
20.24 1.79086e-23
20.272 1.70617e-23
20.304 1.61714e-23
20.336 1.5215e-23
20.368 1.45616e-23
20.4 1.38383e-23
20.432 1.31369e-23
20.464 1.24196e-23
20.496 1.17762e-23
20.528 1.11775e-23
20.56 1.06496e-23
20.592 1.01121e-23
20.624 9.62347e-24
20.656 9.11891e-24
20.688 8.65388e-24
20.72 8.20089e-24
20.752 7.81001e-24
20.784 7.43449e-24
20.816 7.06674e-24
20.848 6.68875e-24
20.88 6.3594e-24
20.912 6.01324e-24
20.944 5.72844e-24
20.976 5.42229e-24
21.008 5.15476e-24
21.04 4.87421e-24
21.072 4.61756e-24
21.104 4.38914e-24
21.136 4.17319e-24
21.168 3.95105e-24
21.2 3.75853e-24
21.232 3.55867e-24
21.264 3.37981e-24
21.296 3.21915e-24
21.328 3.05316e-24
21.36 2.88613e-24
21.392 2.725e-24
21.424 2.58523e-24
21.456 2.45268e-24
21.488 2.33454e-24
21.52 2.22729e-24
21.552 2.1021e-24
21.584 1.99461e-24
21.616 1.89359e-24
21.648 1.78811e-24
21.68 1.70063e-24
21.712 1.61229e-24
21.744 1.53334e-24
21.776 1.45228e-24
21.808 1.39355e-24
21.84 1.32108e-24
21.872 1.25742e-24
21.904 1.18368e-24
21.936 1.11854e-24
21.968 1.07089e-24
22 1.01475e-24
22.032 9.60409e-25
22.064 9.11325e-25
22.096 8.64195e-25
22.128 8.18201e-25
22.16 7.81525e-25
22.192 7.38729e-25
22.224 6.96575e-25
22.256 6.66352e-25
22.288 6.27252e-25
22.32 6.00008e-25
22.352 5.67833e-25
22.384 5.38402e-25
22.416 5.11453e-25
22.448 4.89062e-25
22.48 4.585e-25
22.512 4.38007e-25
22.544 4.14227e-25
22.576 3.91778e-25
22.608 3.74523e-25
22.64 3.54052e-25
22.672 3.33417e-25
22.704 3.20209e-25
22.736 3.01873e-25
22.768 2.86366e-25
22.8 2.69251e-25
22.832 2.58312e-25
22.864 2.4434e-25
22.896 2.31812e-25
22.928 2.20613e-25
22.96 2.08205e-25
22.992 1.97978e-25
23.024 1.87335e-25
23.056 1.77439e-25
23.088 1.70091e-25
23.12 1.59778e-25
23.152 1.52582e-25
23.184 1.45142e-25
23.216 1.37687e-25
23.248 1.29606e-25
23.28 1.23072e-25
23.312 1.17184e-25
23.344 1.11184e-25
23.376 1.04794e-25
23.408 1.00205e-25
23.44 9.50291e-26
23.472 8.99501e-26
23.504 8.52165e-26
23.536 8.05803e-26
23.568 7.69767e-26
23.6 7.23742e-26
23.632 6.8925e-26
23.664 6.50905e-26
23.696 6.19111e-26
23.728 5.85628e-26
23.76 5.56066e-26
23.792 5.28056e-26
23.824 4.96616e-26
23.856 4.75432e-26
23.888 4.49075e-26
23.92 4.25302e-26
23.952 4.06829e-26
23.984 3.85864e-26
24.016 3.61047e-26
24.048 3.45232e-26
24.08 3.27569e-26
24.112 3.08928e-26
24.144 2.94171e-26
24.176 2.77773e-26
24.208 2.63358e-26
24.24 2.49698e-26
24.272 2.36223e-26
24.304 2.23044e-26
24.336 2.11844e-26
24.368 2.01456e-26
24.4 1.88674e-26
24.432 1.79944e-26
24.464 1.70422e-26
24.496 1.60926e-26
24.528 1.53086e-26
24.56 1.44834e-26
24.592 1.37098e-26
24.624 1.30152e-26
24.656 1.24019e-26
24.688 1.16235e-26
24.72 1.10897e-26
24.752 1.04304e-26
24.784 9.80845e-27
24.816 9.33967e-27
24.848 8.8356e-27
24.88 8.31394e-27
24.912 7.91148e-27
24.944 7.50287e-27
24.976 6.9925e-27
25.008 6.69769e-27
25.04 6.38208e-27
25.072 5.9801e-27
25.104 5.67421e-27
25.136 5.31069e-27
25.168 5.02768e-27
25.2 4.7512e-27
25.232 4.48304e-27
25.264 4.23011e-27
25.296 3.97266e-27
25.328 3.79084e-27
25.36 3.55083e-27
25.392 3.34749e-27
25.424 3.14927e-27
25.456 2.94767e-27
25.488 2.77462e-27
25.52 2.6111e-27
25.552 2.45506e-27
25.584 2.32857e-27
25.616 2.1954e-27
25.648 2.04981e-27
25.68 1.91159e-27
25.712 1.79739e-27
25.744 1.69372e-27
25.776 1.56612e-27
25.808 1.46653e-27
25.84 1.36201e-27
25.872 1.26972e-27
25.904 1.18858e-27
25.936 1.09676e-27
25.968 1.02198e-27
26 9.41296e-28
26.032 8.6881e-28
26.064 8.07744e-28
26.096 7.37719e-28
26.128 6.85294e-28
26.16 6.16537e-28
26.192 5.68998e-28
26.224 5.05352e-28
26.256 4.65362e-28
26.288 4.11526e-28
26.32 3.67346e-28
26.352 3.25935e-28
26.384 2.78848e-28
26.416 2.44028e-28
26.448 2.12092e-28
26.48 1.73145e-28
26.512 1.39018e-28
26.544 1.02803e-28
26.576 7.31057e-29
26.608 4.73543e-29
26.64 1.84934e-29
26.672 -6.80438e-30
26.704 -3.4813e-29
26.736 -5.78044e-29
26.768 -7.93399e-29
26.8 -1.00199e-28
26.832 -1.20345e-28
26.864 -1.42028e-28
26.896 -1.62949e-28
26.928 -1.77683e-28
26.96 -1.99633e-28
26.992 -2.14661e-28
27.024 -2.26506e-28
27.056 -2.44254e-28
27.088 -2.59175e-28
27.12 -2.72e-28
27.152 -2.86059e-28
27.184 -2.99101e-28
27.216 -3.08825e-28
27.248 -3.21808e-28
27.28 -3.33947e-28
27.312 -3.43203e-28
27.344 -3.54799e-28
27.376 -3.64287e-28
27.408 -3.72088e-28
27.44 -3.80607e-28
27.472 -3.89091e-28
27.504 -3.97351e-28
27.536 -4.04402e-28
27.568 -4.1235e-28
27.6 -4.1962e-28
27.632 -4.27018e-28
27.664 -4.32999e-28
27.696 -4.40347e-28
27.728 -4.462e-28
27.76 -4.51684e-28
27.792 -4.56544e-28
27.824 -4.60499e-28
27.856 -4.67888e-28
27.888 -4.73502e-28
27.92 -4.77252e-28
27.952 -4.79746e-28
27.984 -4.87264e-28
28.016 -4.89693e-28
28.048 -4.91473e-28
28.08 -4.98297e-28
28.112 -4.99119e-28
28.144 -5.02281e-28
28.176 -5.03824e-28
28.208 -5.0725e-28
28.24 -5.09987e-28
28.272 -5.14173e-28
28.304 -5.13844e-28
28.336 -5.13656e-28
28.368 -5.16857e-28
28.4 -5.20916e-28
28.432 -5.20996e-28
28.464 -5.22099e-28
28.496 -5.20415e-28
28.528 -5.23119e-28
28.56 -5.25824e-28
28.592 -5.25106e-28
28.624 -5.26211e-28
28.656 -5.27582e-28
28.688 -5.27803e-28
28.72 -5.27599e-28
28.752 -5.26792e-28
28.784 -5.25913e-28
28.816 -5.26922e-28
28.848 -5.26005e-28
28.88 -5.25019e-28
28.912 -5.27647e-28
28.944 -5.22461e-28
28.976 -5.19526e-28
29.008 -5.20906e-28
29.04 -5.19528e-28
29.072 -5.14653e-28
29.104 -5.16715e-28
29.136 -5.10949e-28
29.168 -5.07234e-28
29.2 -5.07937e-28
29.232 -5.0445e-28
29.264 -5.02924e-28
29.296 -4.98209e-28
29.328 -4.96701e-28
29.36 -4.93259e-28
29.392 -4.89494e-28
29.424 -4.85294e-28
29.456 -4.81659e-28
29.488 -4.78413e-28
29.52 -4.74085e-28
29.552 -4.71418e-28
29.584 -4.67208e-28
29.616 -4.62745e-28
29.648 -4.59391e-28
29.68 -4.54626e-28
29.712 -4.5114e-28
29.744 -4.44282e-28
29.776 -4.39539e-28
29.808 -4.35026e-28
29.84 -4.27666e-28
29.872 -4.22614e-28
29.904 -4.1561e-28
29.936 -4.08701e-28
29.968 -4.03184e-28
30 -3.99394e-28
30.032 -3.94804e-28
30.064 -3.87698e-28
30.096 -3.77876e-28
30.128 -3.70954e-28
30.16 -3.64978e-28
30.192 -3.5866e-28
30.224 -3.52433e-28
30.256 -3.44669e-28
30.288 -3.36045e-28
30.32 -3.30233e-28
30.352 -3.22018e-28
30.384 -3.16344e-28
30.416 -3.09588e-28
30.448 -3.00846e-28
30.48 -2.93849e-28
30.512 -2.85844e-28
30.544 -2.79892e-28
30.576 -2.71943e-28
30.608 -2.63968e-28
30.64 -2.55778e-28
30.672 -2.48359e-28
30.704 -2.38877e-28
30.736 -2.31227e-28
30.768 -2.22793e-28
30.8 -2.14624e-28
30.832 -2.05751e-28
30.864 -1.98763e-28
30.896 -1.92203e-28
30.928 -1.81434e-28
30.96 -1.74532e-28
30.992 -1.65581e-28
31.024 -1.56279e-28
31.056 -1.5087e-28
31.088 -1.43419e-28
31.12 -1.35322e-28
31.152 -1.27463e-28
31.184 -1.20385e-28
31.216 -1.11779e-28
31.248 -1.06222e-28
31.28 -9.78329e-29
31.312 -9.05891e-29
31.344 -8.41083e-29
31.376 -7.80941e-29
31.408 -7.0654e-29
31.44 -6.4832e-29
31.472 -5.71923e-29
31.504 -5.16744e-29
31.536 -4.64577e-29
31.568 -4.01071e-29
31.6 -3.51326e-29
31.632 -3.09812e-29
31.664 -2.54336e-29
31.696 -2.218e-29
31.728 -1.74174e-29
31.76 -1.39642e-29
31.792 -1.07122e-29
31.824 -7.53113e-30
31.856 -5.31739e-30
31.888 -3.241e-30
31.92 -1.47557e-30
31.952 -6.48244e-31
31.984 -1.1199e-31
