#1:M 2:dN/MdM dy_q d2xT
0.016 6.34087e-10
0.048 4.55059e-10
0.08 3.15854e-10
0.112 2.29117e-10
0.144 1.74001e-10
0.176 1.36321e-10
0.208 1.09589e-10
0.24 8.96821e-11
0.272 7.45444e-11
0.304 6.2606e-11
0.336 5.30846e-11
0.368 4.53973e-11
0.4 3.86962e-11
0.432 3.34817e-11
0.464 2.91474e-11
0.496 2.54766e-11
0.528 2.22983e-11
0.56 1.97207e-11
0.592 1.74313e-11
0.624 1.54209e-11
0.656 1.36882e-11
0.688 1.21984e-11
0.72 1.09165e-11
0.752 9.75113e-12
0.784 8.77522e-12
0.816 7.88912e-12
0.848 7.09405e-12
0.88 6.39625e-12
0.912 5.7654e-12
0.944 5.21943e-12
0.976 4.74305e-12
1.008 4.29526e-12
1.04 3.90606e-12
1.072 3.55691e-12
1.104 3.23896e-12
1.136 2.95926e-12
1.168 2.69648e-12
1.2 2.46667e-12
1.232 2.25147e-12
1.264 2.06802e-12
1.296 1.89605e-12
1.328 1.73755e-12
1.36 1.60021e-12
1.392 1.46986e-12
1.424 1.34915e-12
1.456 1.24224e-12
1.488 1.14519e-12
1.52 1.05746e-12
1.552 9.74987e-13
1.584 9.01957e-13
1.616 8.32389e-13
1.648 7.70866e-13
1.68 7.07685e-13
1.712 6.55037e-13
1.744 6.05881e-13
1.776 5.61836e-13
1.808 5.21757e-13
1.84 4.83829e-13
1.872 4.49676e-13
1.904 4.17058e-13
1.936 3.8767e-13
1.968 3.60621e-13
2 3.34447e-13
2.032 3.11961e-13
2.064 2.90593e-13
2.096 2.70599e-13
2.128 2.52527e-13
2.16 2.35372e-13
2.192 2.19126e-13
2.224 2.04123e-13
2.256 1.90835e-13
2.288 1.78583e-13
2.32 1.66489e-13
2.352 1.55837e-13
2.384 1.45209e-13
2.416 1.35597e-13
2.448 1.27255e-13
2.48 1.18551e-13
2.512 1.11022e-13
2.544 1.04115e-13
2.576 9.72576e-14
2.608 9.10634e-14
2.64 8.5497e-14
2.672 8.00218e-14
2.704 7.55774e-14
2.736 7.09214e-14
2.768 6.64608e-14
2.8 6.22805e-14
2.832 5.8359e-14
2.864 5.47699e-14
2.896 5.13244e-14
2.928 4.81886e-14
2.96 4.52785e-14
2.992 4.23925e-14
3.024 3.98055e-14
3.056 3.74396e-14
3.088 3.52129e-14
3.12 3.31107e-14
3.152 3.09697e-14
3.184 2.91325e-14
3.216 2.74489e-14
3.248 2.57125e-14
3.28 2.41535e-14
3.312 2.27354e-14
3.344 2.13905e-14
3.376 2.00744e-14
3.408 1.8946e-14
3.44 1.77691e-14
3.472 1.67437e-14
3.504 1.57133e-14
3.536 1.47843e-14
3.568 1.39074e-14
3.6 1.30761e-14
3.632 1.23049e-14
3.664 1.16255e-14
3.696 1.09119e-14
3.728 1.01777e-14
3.76 9.57925e-15
3.792 9.02935e-15
3.824 8.47588e-15
3.856 7.99333e-15
3.888 7.5446e-15
3.92 7.08826e-15
3.952 6.68628e-15
3.984 6.28675e-15
4.016 5.93399e-15
4.048 5.5667e-15
4.08 5.25809e-15
4.112 4.95323e-15
4.144 4.66365e-15
4.176 4.38472e-15
4.208 4.12626e-15
4.24 3.89385e-15
4.272 3.67154e-15
4.304 3.44715e-15
4.336 3.25622e-15
4.368 3.0697e-15
4.4 2.88536e-15
4.432 2.71928e-15
4.464 2.56564e-15
4.496 2.42319e-15
4.528 2.28386e-15
4.56 2.15601e-15
4.592 2.02437e-15
4.624 1.91282e-15
4.656 1.79852e-15
4.688 1.69606e-15
4.72 1.5984e-15
4.752 1.59985e-15
4.784 1.5055e-15
4.816 1.42485e-15
4.848 1.33938e-15
4.88 1.26215e-15
4.912 1.18826e-15
4.944 1.11778e-15
4.976 1.05742e-15
5.008 9.69391e-16
5.04 9.14384e-16
5.072 8.64403e-16
5.104 8.12638e-16
5.136 7.64115e-16
5.168 7.22597e-16
5.2 6.79412e-16
5.232 6.4078e-16
5.264 6.02703e-16
5.296 5.68502e-16
5.328 5.3691e-16
5.36 5.04503e-16
5.392 4.74677e-16
5.424 4.4786e-16
5.456 4.23478e-16
5.488 3.97237e-16
5.52 3.75326e-16
5.552 3.53977e-16
5.584 3.31738e-16
5.616 3.11946e-16
5.648 2.94316e-16
5.68 2.77588e-16
5.712 2.62754e-16
5.744 2.47031e-16
5.776 2.31665e-16
5.808 2.18213e-16
5.84 2.05099e-16
5.872 1.93652e-16
5.904 1.82337e-16
5.936 1.71424e-16
5.968 1.61696e-16
6 1.52613e-16
6.032 1.43264e-16
6.064 1.35355e-16
6.096 1.27027e-16
6.128 1.19376e-16
6.16 1.13029e-16
6.192 1.05872e-16
6.224 9.99395e-17
6.256 9.40865e-17
6.288 8.91067e-17
6.32 8.35236e-17
6.352 7.84075e-17
6.384 7.40209e-17
6.416 6.93714e-17
6.448 6.54714e-17
6.48 6.15727e-17
6.512 5.80033e-17
6.544 5.43556e-17
6.576 5.14608e-17
6.608 4.81175e-17
6.64 4.55548e-17
6.672 4.30043e-17
6.704 4.02666e-17
6.736 3.78262e-17
6.768 3.55714e-17
6.8 3.36233e-17
6.832 3.16365e-17
6.864 2.97794e-17
6.896 2.80146e-17
6.928 2.63513e-17
6.96 2.47894e-17
6.992 2.32786e-17
7.024 2.18723e-17
7.056 2.05311e-17
7.088 1.92573e-17
7.12 1.82919e-17
7.152 1.70793e-17
7.184 1.60537e-17
7.216 1.51083e-17
7.248 1.4304e-17
7.28 1.337e-17
7.312 1.25422e-17
7.344 1.1806e-17
7.376 1.11159e-17
7.408 1.04349e-17
7.44 9.82911e-18
7.472 9.21779e-18
7.504 8.65142e-18
7.536 8.15727e-18
7.568 7.64617e-18
7.6 7.20795e-18
7.632 6.77674e-18
7.664 6.34076e-18
7.696 5.99412e-18
7.728 5.61516e-18
7.76 5.29439e-18
7.792 4.94573e-18
7.824 4.66497e-18
7.856 4.3956e-18
7.888 4.12776e-18
7.92 3.86407e-18
7.952 3.63354e-18
7.984 3.4143e-18
8.016 3.21967e-18
8.048 3.00864e-18
8.08 2.83353e-18
8.112 2.66325e-18
8.144 2.5014e-18
8.176 2.3449e-18
8.208 2.20747e-18
8.24 2.06809e-18
8.272 1.9443e-18
8.304 1.82484e-18
8.336 1.71353e-18
8.368 1.6049e-18
8.4 1.51023e-18
8.432 1.42113e-18
8.464 1.32669e-18
8.496 1.25152e-18
8.528 1.17339e-18
8.56 1.09811e-18
8.592 1.03611e-18
8.624 9.71303e-19
8.656 9.09501e-19
8.688 8.57381e-19
8.72 8.03383e-19
8.752 7.55504e-19
8.784 7.06954e-19
8.816 6.63026e-19
8.848 6.23259e-19
8.88 5.87389e-19
8.912 5.49365e-19
8.944 5.16536e-19
8.976 4.81049e-19
9.008 4.55148e-19
9.04 4.26264e-19
9.072 4.00905e-19
9.104 3.74663e-19
9.136 3.51519e-19
9.168 3.31752e-19
9.2 3.11796e-19
9.232 2.89765e-19
9.264 2.73346e-19
9.296 2.55729e-19
9.328 2.40157e-19
9.36 2.2509e-19
9.392 2.11326e-19
9.424 1.98934e-19
9.456 1.86273e-19
9.488 1.73778e-19
9.52 1.62024e-19
9.552 1.53734e-19
9.584 1.43361e-19
9.616 1.34311e-19
9.648 1.2638e-19
9.68 1.18918e-19
9.712 1.10663e-19
9.744 1.04682e-19
9.776 9.7721e-20
9.808 9.18997e-20
9.84 8.62062e-20
9.872 8.05969e-20
9.904 7.5518e-20
9.936 7.04202e-20
9.968 6.63124e-20
10 6.26936e-20
10.032 5.82512e-20
10.064 5.44882e-20
10.096 5.10676e-20
10.128 4.78611e-20
10.16 4.48879e-20
10.192 4.23383e-20
10.224 3.96257e-20
10.256 3.71907e-20
10.288 3.49944e-20
10.32 3.25849e-20
10.352 3.04829e-20
10.384 2.84061e-20
10.416 2.69233e-20
10.448 2.51763e-20
10.48 2.35413e-20
10.512 2.19452e-20
10.544 2.07326e-20
10.576 1.93268e-20
10.608 1.82338e-20
10.64 1.70389e-20
10.672 1.59467e-20
10.704 1.49209e-20
10.736 1.39781e-20
10.768 1.31102e-20
10.8 1.22536e-20
10.832 1.14792e-20
10.864 1.07874e-20
10.896 1.01343e-20
10.928 9.51791e-21
10.96 8.87062e-21
10.992 8.34757e-21
11.024 7.80302e-21
11.056 7.30675e-21
11.088 6.80333e-21
11.12 6.42738e-21
11.152 6.0304e-21
11.184 5.61979e-21
11.216 5.2972e-21
11.248 4.9383e-21
11.28 4.64016e-21
11.312 4.32988e-21
11.344 4.06381e-21
11.376 3.79376e-21
11.408 3.574e-21
11.44 3.35391e-21
11.472 3.12483e-21
11.504 2.92546e-21
11.536 2.75806e-21
11.568 2.57759e-21
11.6 2.39703e-21
11.632 2.26831e-21
11.664 2.10917e-21
11.696 1.98775e-21
11.728 1.86411e-21
11.76 1.72579e-21
11.792 1.6288e-21
11.824 1.53591e-21
11.856 1.43471e-21
11.888 1.34182e-21
11.92 1.2582e-21
11.952 1.16947e-21
11.984 1.09918e-21
12.016 1.02737e-21
12.048 9.58997e-22
12.08 9.06225e-22
12.112 8.49279e-22
12.144 7.99979e-22
12.176 7.40201e-22
12.208 6.9555e-22
12.24 6.51341e-22
12.272 6.12903e-22
12.304 5.72807e-22
12.336 5.34466e-22
12.368 4.97362e-22
12.4 4.68165e-22
12.432 4.39113e-22
12.464 4.12344e-22
12.496 3.86478e-22
12.528 3.62607e-22
12.56 3.38918e-22
12.592 3.17887e-22
12.624 2.97308e-22
12.656 2.76235e-22
12.688 2.61782e-22
12.72 2.43169e-22
12.752 2.28033e-22
12.784 2.13073e-22
12.816 2.00221e-22
12.848 1.89256e-22
12.88 1.75129e-22
12.912 1.6557e-22
12.944 1.54498e-22
12.976 1.44464e-22
13.008 1.35672e-22
13.04 1.26398e-22
13.072 1.18913e-22
13.104 1.11083e-22
13.136 1.03571e-22
13.168 9.72747e-23
13.2 9.21757e-23
13.232 8.62293e-23
13.264 8.04381e-23
13.296 7.54879e-23
13.328 7.06342e-23
13.36 6.58654e-23
13.392 6.22799e-23
13.424 5.80625e-23
13.456 5.46696e-23
13.488 5.09321e-23
13.52 4.76196e-23
13.552 4.46308e-23
13.584 4.17486e-23
13.616 3.91161e-23
13.648 3.66919e-23
13.68 3.42295e-23
13.712 3.21745e-23
13.744 2.98946e-23
13.776 2.81882e-23
13.808 2.62566e-23
13.84 2.46976e-23
13.872 2.34271e-23
13.904 2.17203e-23
13.936 2.03311e-23
13.968 1.90343e-23
14 1.7887e-23
14.032 1.66239e-23
14.064 1.55164e-23
14.096 1.45365e-23
14.128 1.36012e-23
14.16 1.27406e-23
14.192 1.19506e-23
14.224 1.11828e-23
14.256 1.04993e-23
14.288 9.79642e-24
14.32 9.24764e-24
14.352 8.61153e-24
14.384 8.10003e-24
14.416 7.56963e-24
14.448 7.05808e-24
14.48 6.60004e-24
14.512 6.21282e-24
14.544 5.82211e-24
14.576 5.4057e-24
14.608 5.11261e-24
14.64 4.77351e-24
14.672 4.47015e-24
14.704 4.1694e-24
14.736 3.96069e-24
14.768 3.68361e-24
14.8 3.42524e-24
14.832 3.21536e-24
14.864 3.01835e-24
14.896 2.82524e-24
14.928 2.6468e-24
14.96 2.47415e-24
14.992 2.32084e-24
15.024 2.17968e-24
15.056 2.04509e-24
15.088 1.91024e-24
15.12 1.78007e-24
15.152 1.66805e-24
15.184 1.5665e-24
15.216 1.4569e-24
15.248 1.37792e-24
15.28 1.29063e-24
15.312 1.19642e-24
15.344 1.12968e-24
15.376 1.05328e-24
15.408 9.9109e-25
15.44 9.26085e-25
15.472 8.71399e-25
15.504 8.1495e-25
15.536 7.57803e-25
15.568 7.10891e-25
15.6 6.62028e-25
15.632 6.23795e-25
15.664 5.84226e-25
15.696 5.51061e-25
15.728 5.12445e-25
15.76 4.79198e-25
15.792 4.52127e-25
15.824 4.21366e-25
15.856 3.95219e-25
15.888 3.69905e-25
15.92 3.47155e-25
15.952 3.24749e-25
15.984 3.04726e-25
16.016 2.83776e-25
16.048 2.6845e-25
16.08 2.48383e-25
16.112 2.35981e-25
16.144 2.18492e-25
16.176 2.05086e-25
16.208 1.90459e-25
16.24 1.78533e-25
16.272 1.67184e-25
16.304 1.5683e-25
16.336 1.47529e-25
16.368 1.3831e-25
16.4 1.27755e-25
16.432 1.21052e-25
16.464 1.13322e-25
16.496 1.0569e-25
16.528 9.95942e-26
16.56 9.27579e-26
16.592 8.69589e-26
16.624 8.22383e-26
16.656 7.6295e-26
16.688 7.17366e-26
16.72 6.68475e-26
16.752 6.32368e-26
16.784 5.84862e-26
16.816 5.52266e-26
16.848 5.17597e-26
16.88 4.79921e-26
16.912 4.52083e-26
16.944 4.24354e-26
16.976 3.96822e-26
17.008 3.71445e-26
17.04 3.50201e-26
17.072 3.26618e-26
17.104 3.04772e-26
17.136 2.86329e-26
17.168 2.67486e-26
17.2 2.50026e-26
17.232 2.36924e-26
17.264 2.19975e-26
17.296 2.07224e-26
17.328 1.92563e-26
17.36 1.80707e-26
17.392 1.69936e-26
17.424 1.58764e-26
17.456 1.48726e-26
17.488 1.39243e-26
17.52 1.29889e-26
17.552 1.22896e-26
17.584 1.14778e-26
17.616 1.08063e-26
17.648 9.99299e-27
17.68 9.39506e-27
17.712 8.73773e-27
17.744 8.23614e-27
17.776 7.75356e-27
17.808 7.18212e-27
17.84 6.74671e-27
17.872 6.30315e-27
17.904 5.96208e-27
17.936 5.55491e-27
17.968 5.23272e-27
18 4.84347e-27
18.032 4.54924e-27
18.064 4.26288e-27
18.096 3.99788e-27
18.128 3.756e-27
18.16 3.52834e-27
18.192 3.29736e-27
18.224 3.07781e-27
18.256 2.89099e-27
18.288 2.69602e-27
18.32 2.54085e-27
18.352 2.35783e-27
18.384 2.21458e-27
18.416 2.07653e-27
18.448 1.94988e-27
18.48 1.83195e-27
18.512 1.70429e-27
18.544 1.60202e-27
18.576 1.50721e-27
18.608 1.40932e-27
18.64 1.32156e-27
18.672 1.23172e-27
18.704 1.16022e-27
18.736 1.07051e-27
18.768 1.01308e-27
18.8 9.52926e-28
18.832 8.92765e-28
18.864 8.27497e-28
18.896 7.82521e-28
18.928 7.28482e-28
18.96 6.80443e-28
18.992 6.43819e-28
19.024 5.95441e-28
19.056 5.58987e-28
19.088 5.30501e-28
19.12 4.90958e-28
19.152 4.60651e-28
19.184 4.34904e-28
19.216 4.05174e-28
19.248 3.79396e-28
19.28 3.55464e-28
19.312 3.34436e-28
19.344 3.13134e-28
19.376 2.90033e-28
19.408 2.74256e-28
19.44 2.56203e-28
19.472 2.37415e-28
19.504 2.25171e-28
19.536 2.09238e-28
19.568 1.96297e-28
19.6 1.84752e-28
19.632 1.74269e-28
19.664 1.61565e-28
19.696 1.52212e-28
19.728 1.41106e-28
19.76 1.329e-28
19.792 1.24741e-28
19.824 1.15234e-28
19.856 1.08799e-28
19.888 1.02494e-28
19.92 9.58296e-29
19.952 8.91339e-29
19.984 8.42813e-29
20.016 7.87013e-29
20.048 7.31961e-29
20.08 6.85482e-29
20.112 6.40279e-29
20.144 6.06838e-29
20.176 5.64156e-29
20.208 5.32556e-29
20.24 4.9739e-29
20.272 4.66768e-29
20.304 4.33786e-29
20.336 4.0963e-29
20.368 3.82197e-29
20.4 3.56096e-29
20.432 3.35165e-29
20.464 3.14777e-29
20.496 2.95332e-29
20.528 2.77221e-29
20.56 2.58083e-29
20.592 2.40041e-29
20.624 2.24315e-29
20.656 2.11925e-29
20.688 1.98925e-29
20.72 1.85589e-29
20.752 1.73538e-29
20.784 1.64023e-29
20.816 1.5352e-29
20.848 1.42385e-29
20.88 1.34365e-29
20.912 1.25027e-29
20.944 1.1698e-29
20.976 1.10093e-29
21.008 1.03283e-29
21.04 9.64708e-30
21.072 9.033e-30
21.104 8.45144e-30
21.136 7.94819e-30
21.168 7.42644e-30
21.2 6.89055e-30
21.232 6.45255e-30
21.264 6.07978e-30
21.296 5.64788e-30
21.328 5.34679e-30
21.36 4.97697e-30
21.392 4.61769e-30
21.424 4.36384e-30
21.456 4.02474e-30
21.488 3.78431e-30
21.52 3.56803e-30
21.552 3.30751e-30
21.584 3.12359e-30
21.616 2.9164e-30
21.648 2.74282e-30
21.68 2.55044e-30
21.712 2.39572e-30
21.744 2.26696e-30
21.776 2.10769e-30
21.808 1.97749e-30
21.84 1.83909e-30
21.872 1.72552e-30
21.904 1.62942e-30
21.936 1.51823e-30
21.968 1.42829e-30
22 1.33623e-30
22.032 1.23579e-30
22.064 1.16642e-30
22.096 1.09239e-30
22.128 1.01931e-30
22.16 9.60615e-31
22.192 8.93294e-31
22.224 8.38386e-31
22.256 7.80787e-31
22.288 7.33352e-31
22.32 6.92413e-31
22.352 6.39454e-31
22.384 6.03557e-31
22.416 5.67182e-31
22.448 5.2749e-31
22.48 4.97936e-31
22.512 4.64816e-31
22.544 4.29764e-31
22.576 4.07011e-31
22.608 3.77433e-31
22.64 3.55432e-31
22.672 3.35256e-31
22.704 3.13192e-31
22.736 2.913e-31
22.768 2.7587e-31
22.8 2.57291e-31
22.832 2.36244e-31
22.864 2.24681e-31
22.896 2.10451e-31
22.928 1.97084e-31
22.96 1.86513e-31
22.992 1.72531e-31
23.024 1.6322e-31
23.056 1.502e-31
23.088 1.39274e-31
23.12 1.33191e-31
23.152 1.23562e-31
23.184 1.16376e-31
23.216 1.10089e-31
23.248 1.0184e-31
23.28 9.53207e-32
23.312 8.82998e-32
23.344 8.31491e-32
23.376 7.79291e-32
23.408 7.37518e-32
23.44 6.83569e-32
23.472 6.42168e-32
23.504 6.02251e-32
23.536 5.55949e-32
23.568 5.23851e-32
23.6 4.9274e-32
23.632 4.60107e-32
23.664 4.33396e-32
23.696 3.97459e-32
23.728 3.76172e-32
23.76 3.52262e-32
23.792 3.30573e-32
23.824 3.07675e-32
23.856 2.91215e-32
23.888 2.69895e-32
23.92 2.51748e-32
23.952 2.38311e-32
23.984 2.21632e-32
24.016 2.07628e-32
24.048 1.9202e-32
24.08 1.82667e-32
24.112 1.70326e-32
24.144 1.58589e-32
24.176 1.48844e-32
24.208 1.38602e-32
24.24 1.29729e-32
24.272 1.21699e-32
24.304 1.14248e-32
24.336 1.06538e-32
24.368 9.8781e-33
24.4 9.33265e-33
24.432 8.76749e-33
24.464 8.14133e-33
24.496 7.57111e-33
24.528 7.09948e-33
24.56 6.72576e-33
24.592 6.29063e-33
24.624 5.84489e-33
24.656 5.39903e-33
24.688 5.09368e-33
24.72 4.79013e-33
24.752 4.43792e-33
24.784 4.2396e-33
24.816 3.89841e-33
24.848 3.68887e-33
24.88 3.38948e-33
24.912 3.20793e-33
24.944 2.99922e-33
24.976 2.7873e-33
25.008 2.61614e-33
25.04 2.45881e-33
25.072 2.2898e-33
25.104 2.12753e-33
25.136 1.98714e-33
25.168 1.86521e-33
25.2 1.7446e-33
25.232 1.6424e-33
25.264 1.53737e-33
25.296 1.41533e-33
25.328 1.34175e-33
25.36 1.25169e-33
25.392 1.17553e-33
25.424 1.09281e-33
25.456 1.02126e-33
25.488 9.52846e-34
25.52 8.99065e-34
25.552 8.35947e-34
25.584 7.75382e-34
25.616 7.35213e-34
25.648 6.88594e-34
25.68 6.37736e-34
25.712 5.93117e-34
25.744 5.51566e-34
25.776 5.24556e-34
25.808 4.84771e-34
25.84 4.52975e-34
25.872 4.22849e-34
25.904 3.95249e-34
25.936 3.71957e-34
25.968 3.46499e-34
26 3.22535e-34
26.032 2.99965e-34
26.064 2.80697e-34
26.096 2.64211e-34
26.128 2.43505e-34
26.16 2.30879e-34
26.192 2.14992e-34
26.224 1.99736e-34
26.256 1.89315e-34
26.288 1.76664e-34
26.32 1.62357e-34
26.352 1.52596e-34
26.384 1.41152e-34
26.416 1.33883e-34
26.448 1.25098e-34
26.48 1.15436e-34
26.512 1.08227e-34
26.544 1.01321e-34
26.576 9.4346e-35
26.608 8.75868e-35
26.64 8.14509e-35
26.672 7.7039e-35
26.704 7.22507e-35
26.736 6.59604e-35
26.768 6.25058e-35
26.8 5.9125e-35
26.832 5.39513e-35
26.864 5.0949e-35
26.896 4.75664e-35
26.928 4.45325e-35
26.96 4.05144e-35
26.992 3.84805e-35
27.024 3.62618e-35
27.056 3.30666e-35
27.088 3.14616e-35
27.12 2.90807e-35
27.152 2.70839e-35
27.184 2.56647e-35
27.216 2.34987e-35
27.248 2.21147e-35
27.28 2.0319e-35
27.312 1.92789e-35
27.344 1.76841e-35
27.376 1.63952e-35
27.408 1.55049e-35
27.44 1.45134e-35
27.472 1.33661e-35
27.504 1.23582e-35
27.536 1.17366e-35
27.568 1.07181e-35
27.6 1.02695e-35
27.632 9.43567e-36
27.664 8.87609e-36
27.696 8.09172e-36
27.728 7.61293e-36
27.76 7.08517e-36
27.792 6.64333e-36
27.824 6.09443e-36
27.856 5.79024e-36
27.888 5.37695e-36
27.92 5.01472e-36
27.952 4.68446e-36
27.984 4.32498e-36
28.016 4.0361e-36
28.048 3.78513e-36
28.08 3.49293e-36
28.112 3.26253e-36
28.144 3.02291e-36
28.176 2.82369e-36
28.208 2.61763e-36
28.24 2.44957e-36
28.272 2.24248e-36
28.304 2.14081e-36
28.336 1.95013e-36
28.368 1.81567e-36
28.4 1.67614e-36
28.432 1.58757e-36
28.464 1.46383e-36
28.496 1.38267e-36
28.528 1.27577e-36
28.56 1.17495e-36
28.592 1.09806e-36
28.624 1.00787e-36
28.656 9.41585e-37
28.688 8.76555e-37
28.72 8.13531e-37
28.752 7.52281e-37
28.784 6.9404e-37
28.816 6.52183e-37
28.848 5.96145e-37
28.88 5.52841e-37
28.912 5.12502e-37
28.944 4.8263e-37
28.976 4.42588e-37
29.008 4.06246e-37
29.04 3.84782e-37
29.072 3.6218e-37
29.104 3.31086e-37
29.136 3.00232e-37
29.168 2.8806e-37
29.2 2.63982e-37
29.232 2.48488e-37
29.264 2.26156e-37
29.296 2.07251e-37
29.328 1.93831e-37
29.36 1.79151e-37
29.392 1.67192e-37
29.424 1.54304e-37
29.456 1.39725e-37
29.488 1.32692e-37
29.52 1.20439e-37
29.552 1.13506e-37
29.584 1.03268e-37
29.616 9.52314e-38
29.648 8.85101e-38
29.68 8.15219e-38
29.712 7.52515e-38
29.744 6.96566e-38
29.776 6.30485e-38
29.808 5.96177e-38
29.84 5.41653e-38
29.872 5.10677e-38
29.904 4.67531e-38
29.936 4.2844e-38
29.968 4.02299e-38
30 3.65961e-38
30.032 3.35885e-38
30.064 3.23741e-38
30.096 2.88954e-38
30.128 2.63972e-38
30.16 2.4632e-38
30.192 2.20664e-38
30.224 2.07328e-38
30.256 1.85569e-38
30.288 1.74175e-38
30.32 1.61661e-38
30.352 1.45491e-38
30.384 1.32499e-38
30.416 1.20371e-38
30.448 1.0827e-38
30.48 1.00127e-38
30.512 9.32647e-39
30.544 8.43157e-39
30.576 8.19018e-39
30.608 7.22575e-39
30.64 6.73893e-39
30.672 5.97034e-39
30.704 5.42856e-39
30.736 4.837e-39
30.768 4.42264e-39
30.8 3.91181e-39
30.832 3.69587e-39
30.864 3.30375e-39
30.896 3.03692e-39
30.928 2.75321e-39
30.96 2.57734e-39
30.992 2.12326e-39
31.024 2.05741e-39
31.056 1.85182e-39
31.088 1.66247e-39
31.12 1.49867e-39
31.152 1.30064e-39
31.184 1.15143e-39
31.216 1.05935e-39
31.248 9.59693e-40
31.28 8.96887e-40
31.312 7.559e-40
31.344 6.67911e-40
31.376 5.39778e-40
31.408 5.00588e-40
31.44 4.60561e-40
31.472 4.03439e-40
31.504 3.43804e-40
31.536 2.92585e-40
31.568 2.45031e-40
31.6 2.26044e-40
31.632 1.73816e-40
31.664 1.50416e-40
31.696 1.27312e-40
31.728 1.06885e-40
31.76 8.13437e-41
31.792 5.91254e-41
31.824 4.76491e-41
31.856 3.76076e-41
31.888 1.65841e-41
31.92 8.83226e-42
31.952 2.91324e-42
31.984 6.06965e-44
