#1:M 2:dN/MdM dy_q d2xT
0.016 1.65842e-11
0.048 8.64029e-12
0.08 4.9158e-12
0.112 3.1202e-12
0.144 2.1437e-12
0.176 1.5383e-12
0.208 1.13172e-12
0.24 8.59041e-13
0.272 6.61414e-13
0.304 5.22821e-13
0.336 4.12557e-13
0.368 3.4015e-13
0.4 2.75035e-13
0.432 2.24494e-13
0.464 1.87777e-13
0.496 1.58124e-13
0.528 1.33256e-13
0.56 1.13137e-13
0.592 9.64571e-14
0.624 8.28733e-14
0.656 7.11945e-14
0.688 6.16882e-14
0.72 5.37256e-14
0.752 4.69653e-14
0.784 4.08712e-14
0.816 3.60793e-14
0.848 3.17238e-14
0.88 2.81561e-14
0.912 2.4677e-14
0.944 2.20569e-14
0.976 1.96832e-14
1.008 1.75942e-14
1.04 1.55765e-14
1.072 1.41364e-14
1.104 1.26787e-14
1.136 1.13825e-14
1.168 1.0193e-14
1.2 9.20966e-15
1.232 8.3639e-15
1.264 7.56298e-15
1.296 6.88286e-15
1.328 6.25596e-15
1.36 5.7057e-15
1.392 5.19777e-15
1.424 4.72006e-15
1.456 4.32599e-15
1.488 3.9686e-15
1.52 3.61928e-15
1.552 3.30324e-15
1.584 3.03739e-15
1.616 2.7966e-15
1.648 2.57065e-15
1.68 2.35251e-15
1.712 2.1629e-15
1.744 1.99976e-15
1.776 1.83922e-15
1.808 1.70014e-15
1.84 1.56627e-15
1.872 1.44723e-15
1.904 1.34074e-15
1.936 1.24429e-15
1.968 1.15176e-15
2 1.06197e-15
2.032 9.87904e-16
2.064 9.19046e-16
2.096 8.51859e-16
2.128 7.90918e-16
2.16 7.30987e-16
2.192 6.80978e-16
2.224 6.34328e-16
2.256 5.90035e-16
2.288 5.49849e-16
2.32 5.09988e-16
2.352 4.76454e-16
2.384 4.41142e-16
2.416 4.12666e-16
2.448 3.85341e-16
2.48 3.56487e-16
2.512 3.35995e-16
2.544 3.13089e-16
2.576 2.92819e-16
2.608 2.72495e-16
2.64 2.5473e-16
2.672 2.39331e-16
2.704 2.24126e-16
2.736 2.10011e-16
2.768 1.94822e-16
2.8 1.84088e-16
2.832 1.70692e-16
2.864 1.60122e-16
2.896 1.49819e-16
2.928 1.41192e-16
2.96 1.31693e-16
2.992 1.23406e-16
3.024 1.15489e-16
3.056 1.07435e-16
3.088 1.01475e-16
3.12 9.49465e-17
3.152 8.85172e-17
3.184 8.31579e-17
3.216 7.80443e-17
3.248 7.30512e-17
3.28 6.86179e-17
3.312 6.44691e-17
3.344 6.04748e-17
3.376 5.67465e-17
3.408 5.31842e-17
3.44 4.98771e-17
3.472 4.66264e-17
3.504 4.36043e-17
3.536 4.10393e-17
3.568 3.8711e-17
3.6 3.60822e-17
3.632 3.40313e-17
3.664 3.19823e-17
3.696 3.00524e-17
3.728 2.79626e-17
3.76 2.62755e-17
3.792 2.47347e-17
3.824 2.31344e-17
3.856 2.16222e-17
3.888 2.01909e-17
3.92 1.91563e-17
3.952 1.79975e-17
3.984 1.6841e-17
4.016 1.5721e-17
4.048 1.48718e-17
4.08 1.40073e-17
4.112 1.30214e-17
4.144 1.23012e-17
4.176 1.15653e-17
4.208 1.08535e-17
4.24 1.01584e-17
4.272 9.55588e-18
4.304 9.02404e-18
4.336 8.42331e-18
4.368 7.85697e-18
4.4 7.43918e-18
4.432 6.99774e-18
4.464 6.55339e-18
4.496 6.20373e-18
4.528 5.82709e-18
4.56 5.41874e-18
4.592 5.14354e-18
4.624 4.78239e-18
4.656 4.51825e-18
4.688 4.22098e-18
4.72 3.98117e-18
4.752 3.97558e-18
4.784 3.75693e-18
4.816 3.53497e-18
4.848 3.29853e-18
4.88 3.0896e-18
4.912 2.89261e-18
4.944 2.74055e-18
4.976 2.57521e-18
5.008 2.34015e-18
5.04 2.21559e-18
5.072 2.08682e-18
5.104 1.94481e-18
5.136 1.8306e-18
5.168 1.7115e-18
5.2 1.61786e-18
5.232 1.51659e-18
5.264 1.42504e-18
5.296 1.33397e-18
5.328 1.25056e-18
5.36 1.16915e-18
5.392 1.09598e-18
5.424 1.03074e-18
5.456 9.72057e-19
5.488 9.13687e-19
5.52 8.53469e-19
5.552 8.00918e-19
5.584 7.5052e-19
5.616 7.0489e-19
5.648 6.64234e-19
5.68 6.18834e-19
5.712 5.86332e-19
5.744 5.45579e-19
5.776 5.11888e-19
5.808 4.81358e-19
5.84 4.50387e-19
5.872 4.23096e-19
5.904 3.94316e-19
5.936 3.71605e-19
5.968 3.4702e-19
6 3.26863e-19
6.032 3.08833e-19
6.064 2.85573e-19
6.096 2.69706e-19
6.128 2.50748e-19
6.16 2.35326e-19
6.192 2.22184e-19
6.224 2.07516e-19
6.256 1.93257e-19
6.288 1.80627e-19
6.32 1.70927e-19
6.352 1.5916e-19
6.384 1.50391e-19
6.416 1.40984e-19
6.448 1.30313e-19
6.48 1.22831e-19
6.512 1.15864e-19
6.544 1.07755e-19
6.576 1.01965e-19
6.608 9.49798e-20
6.64 8.91784e-20
6.672 8.30284e-20
6.704 7.79185e-20
6.736 7.30498e-20
6.768 6.91127e-20
6.8 6.36203e-20
6.832 5.98199e-20
6.864 5.60293e-20
6.896 5.25079e-20
6.928 4.87959e-20
6.96 4.61097e-20
6.992 4.25547e-20
7.024 4.03857e-20
7.056 3.76594e-20
7.088 3.52182e-20
7.12 3.28815e-20
7.152 3.08543e-20
7.184 2.9023e-20
7.216 2.69338e-20
7.248 2.50127e-20
7.28 2.38539e-20
7.312 2.21234e-20
7.344 2.05848e-20
7.376 1.91386e-20
7.408 1.80257e-20
7.44 1.67633e-20
7.472 1.56858e-20
7.504 1.46669e-20
7.536 1.36693e-20
7.568 1.28263e-20
7.6 1.18691e-20
7.632 1.12226e-20
7.664 1.04272e-20
7.696 9.71066e-21
7.728 9.08046e-21
7.76 8.47364e-21
7.792 7.93299e-21
7.824 7.41621e-21
7.856 6.80794e-21
7.888 6.43845e-21
7.92 6.0215e-21
7.952 5.62659e-21
7.984 5.20264e-21
8.016 4.91331e-21
8.048 4.53831e-21
8.08 4.26418e-21
8.112 3.96999e-21
8.144 3.70465e-21
8.176 3.42528e-21
8.208 3.22658e-21
8.24 3.02883e-21
8.272 2.81961e-21
8.304 2.63492e-21
8.336 2.44357e-21
8.368 2.28449e-21
8.4 2.10221e-21
8.432 1.98645e-21
8.464 1.84125e-21
8.496 1.72804e-21
8.528 1.59851e-21
8.56 1.49741e-21
8.592 1.40055e-21
8.624 1.29712e-21
8.656 1.19512e-21
8.688 1.13858e-21
8.72 1.04574e-21
8.752 9.81112e-22
8.784 9.2074e-22
8.816 8.54242e-22
8.848 8.06478e-22
8.88 7.49309e-22
8.912 6.95554e-22
8.944 6.33584e-22
8.976 6.01228e-22
9.008 5.53999e-22
9.04 5.17025e-22
9.072 4.8094e-22
9.104 4.49711e-22
9.136 4.19597e-22
9.168 3.92905e-22
9.2 3.57349e-22
9.232 3.34467e-22
9.264 3.14822e-22
9.296 2.92076e-22
9.328 2.73054e-22
9.36 2.51224e-22
9.392 2.34452e-22
9.424 2.19817e-22
9.456 2.02858e-22
9.488 1.88648e-22
9.52 1.75448e-22
9.552 1.64135e-22
9.584 1.51326e-22
9.616 1.4046e-22
9.648 1.31322e-22
9.68 1.23052e-22
9.712 1.12663e-22
9.744 1.04787e-22
9.776 9.96668e-23
9.808 9.1108e-23
9.84 8.4939e-23
9.872 7.90359e-23
9.904 7.3402e-23
9.936 6.79034e-23
9.968 6.32405e-23
10 5.87744e-23
10.032 5.4811e-23
10.064 5.13233e-23
10.096 4.70643e-23
10.128 4.34436e-23
10.16 4.11457e-23
10.192 3.7949e-23
10.224 3.51928e-23
10.256 3.27632e-23
10.288 3.03534e-23
10.32 2.82537e-23
10.352 2.61102e-23
10.384 2.41271e-23
10.416 2.24998e-23
10.448 2.11599e-23
10.48 1.94822e-23
10.512 1.82155e-23
10.544 1.67795e-23
10.576 1.54061e-23
10.608 1.43544e-23
10.64 1.34833e-23
10.672 1.22401e-23
10.704 1.15732e-23
10.736 1.0759e-23
10.768 1.00275e-23
10.8 9.22323e-24
10.832 8.54154e-24
10.864 7.93764e-24
10.896 7.34754e-24
10.928 6.84573e-24
10.96 6.40953e-24
10.992 5.89119e-24
11.024 5.46089e-24
11.056 5.05744e-24
11.088 4.66318e-24
11.12 4.35184e-24
11.152 4.01001e-24
11.184 3.76125e-24
11.216 3.53039e-24
11.248 3.21171e-24
11.28 3.01556e-24
11.312 2.7914e-24
11.344 2.56502e-24
11.376 2.38274e-24
11.408 2.21999e-24
11.44 2.06415e-24
11.472 1.90151e-24
11.504 1.74649e-24
11.536 1.63159e-24
11.568 1.51567e-24
11.6 1.38883e-24
11.632 1.31502e-24
11.664 1.20288e-24
11.696 1.11085e-24
11.728 1.05143e-24
11.76 9.71043e-25
11.792 8.9439e-25
11.824 8.25865e-25
11.856 7.70946e-25
11.888 7.13942e-25
11.92 6.5483e-25
11.952 6.02909e-25
11.984 5.61959e-25
12.016 5.21491e-25
12.048 4.82615e-25
12.08 4.51873e-25
12.112 4.14529e-25
12.144 3.8702e-25
12.176 3.57287e-25
12.208 3.29223e-25
12.24 3.06837e-25
12.272 2.83863e-25
12.304 2.63878e-25
12.336 2.46661e-25
12.368 2.27072e-25
12.4 2.09594e-25
12.432 1.94048e-25
12.464 1.80178e-25
12.496 1.67671e-25
12.528 1.54616e-25
12.56 1.42941e-25
12.592 1.32231e-25
12.624 1.23018e-25
12.656 1.13463e-25
12.688 1.05605e-25
12.72 9.76497e-26
12.752 9.12914e-26
12.784 8.39623e-26
12.816 7.80158e-26
12.848 7.15003e-26
12.88 6.70418e-26
12.912 6.13811e-26
12.944 5.73412e-26
12.976 5.20528e-26
13.008 4.86222e-26
13.04 4.57561e-26
13.072 4.20024e-26
13.104 3.85724e-26
13.136 3.57616e-26
13.168 3.28356e-26
13.2 3.05716e-26
13.232 2.84787e-26
13.264 2.61757e-26
13.296 2.45465e-26
13.328 2.28372e-26
13.36 2.09911e-26
13.392 1.94715e-26
13.424 1.80168e-26
13.456 1.66685e-26
13.488 1.54884e-26
13.52 1.42725e-26
13.552 1.32849e-26
13.584 1.23212e-26
13.616 1.12548e-26
13.648 1.05179e-26
13.68 9.72495e-27
13.712 8.93879e-27
13.744 8.43068e-27
13.776 7.67071e-27
13.808 7.11246e-27
13.84 6.71708e-27
13.872 6.09139e-27
13.904 5.70603e-27
13.936 5.23886e-27
13.968 4.87044e-27
14 4.49511e-27
14.032 4.14827e-27
14.064 3.83313e-27
14.096 3.51169e-27
14.128 3.27244e-27
14.16 3.05063e-27
14.192 2.83925e-27
14.224 2.59912e-27
14.256 2.43234e-27
14.288 2.24655e-27
14.32 2.08773e-27
14.352 1.93012e-27
14.384 1.76885e-27
14.416 1.64463e-27
14.448 1.50804e-27
14.48 1.42394e-27
14.512 1.28419e-27
14.544 1.2066e-27
14.576 1.11347e-27
14.608 1.02747e-27
14.64 9.5601e-28
14.672 8.73807e-28
14.704 8.20658e-28
14.736 7.59936e-28
14.768 7.03752e-28
14.8 6.44678e-28
14.832 6.10731e-28
14.864 5.47957e-28
14.896 5.17408e-28
14.928 4.73667e-28
14.96 4.37907e-28
14.992 4.01544e-28
15.024 3.73381e-28
15.056 3.48194e-28
15.088 3.22121e-28
15.12 2.94191e-28
15.152 2.77116e-28
15.184 2.58617e-28
15.216 2.36792e-28
15.248 2.21045e-28
15.28 2.00597e-28
15.312 1.84689e-28
15.344 1.74927e-28
15.376 1.61786e-28
15.408 1.49068e-28
15.44 1.33948e-28
15.472 1.26492e-28
15.504 1.16508e-28
15.536 1.09482e-28
15.568 1.00888e-28
15.6 9.48049e-29
15.632 8.61828e-29
15.664 7.9115e-29
15.696 7.50067e-29
15.728 6.71884e-29
15.76 6.36924e-29
15.792 5.81122e-29
15.824 5.31256e-29
15.856 5.01543e-29
15.888 4.65184e-29
15.92 4.27982e-29
15.952 3.95554e-29
15.984 3.67129e-29
16.016 3.43089e-29
16.048 3.13196e-29
16.08 2.88381e-29
16.112 2.67376e-29
16.144 2.48939e-29
16.176 2.30245e-29
16.208 2.12443e-29
16.24 1.94711e-29
16.272 1.83691e-29
16.304 1.70321e-29
16.336 1.55914e-29
16.368 1.45636e-29
16.4 1.30568e-29
16.432 1.24272e-29
16.464 1.1463e-29
16.496 1.05606e-29
16.528 9.66404e-30
16.56 9.11303e-30
16.592 8.41606e-30
16.624 7.8469e-30
16.656 7.21017e-30
16.688 6.68234e-30
16.72 6.11276e-30
16.752 5.58364e-30
16.784 5.25549e-30
16.816 4.82953e-30
16.848 4.56601e-30
16.88 4.13291e-30
16.912 3.84378e-30
16.944 3.6223e-30
16.976 3.30541e-30
17.008 3.03208e-30
17.04 2.83581e-30
17.072 2.63515e-30
17.104 2.417e-30
17.136 2.26458e-30
17.168 2.04683e-30
17.2 1.91751e-30
17.232 1.74437e-30
17.264 1.64913e-30
17.296 1.5113e-30
17.328 1.40091e-30
17.36 1.30961e-30
17.392 1.19172e-30
17.424 1.12863e-30
17.456 1.04177e-30
17.488 9.59151e-31
17.52 8.73367e-31
17.552 8.0407e-31
17.584 7.56964e-31
17.616 6.91453e-31
17.648 6.43577e-31
17.68 5.90938e-31
17.712 5.56053e-31
17.744 5.14759e-31
17.776 4.78851e-31
17.808 4.34733e-31
17.84 4.10236e-31
17.872 3.7418e-31
17.904 3.47598e-31
17.936 3.2153e-31
17.968 2.92635e-31
18 2.73294e-31
18.032 2.52729e-31
18.064 2.36645e-31
18.096 2.17997e-31
18.128 2.05227e-31
18.16 1.86511e-31
18.192 1.70076e-31
18.224 1.55366e-31
18.256 1.46691e-31
18.288 1.35428e-31
18.32 1.24523e-31
18.352 1.17471e-31
18.384 1.07041e-31
18.416 9.95161e-32
18.448 9.30827e-32
18.48 8.61449e-32
18.512 7.95785e-32
18.544 7.26037e-32
18.576 6.62543e-32
18.608 6.15908e-32
18.64 5.71304e-32
18.672 5.38001e-32
18.704 4.92911e-32
18.736 4.53249e-32
18.768 4.25045e-32
18.8 3.87406e-32
18.832 3.6726e-32
18.864 3.3396e-32
18.896 3.09777e-32
18.928 2.8931e-32
18.96 2.70697e-32
18.992 2.45595e-32
19.024 2.27526e-32
19.056 2.11644e-32
19.088 1.90644e-32
19.12 1.80256e-32
19.152 1.66187e-32
19.184 1.54296e-32
19.216 1.4239e-32
19.248 1.32587e-32
19.28 1.20975e-32
19.312 1.11764e-32
19.344 1.03916e-32
19.376 9.56266e-33
19.408 9.00608e-33
19.44 8.19056e-33
19.472 7.60336e-33
19.504 6.9117e-33
19.536 6.53297e-33
19.568 6.07958e-33
19.6 5.5535e-33
19.632 5.1794e-33
19.664 4.78626e-33
19.696 4.42386e-33
19.728 4.06368e-33
19.76 3.7419e-33
19.792 3.49695e-33
19.824 3.22565e-33
19.856 3.01851e-33
19.888 2.80582e-33
19.92 2.56424e-33
19.952 2.40146e-33
19.984 2.21185e-33
20.016 2.076e-33
20.048 1.85957e-33
20.08 1.71034e-33
20.112 1.60651e-33
20.144 1.49979e-33
20.176 1.34229e-33
20.208 1.26318e-33
20.24 1.15101e-33
20.272 1.0828e-33
20.304 1.00764e-33
20.336 9.38701e-34
20.368 8.54225e-34
20.4 7.75187e-34
20.432 7.33205e-34
20.464 6.67298e-34
20.496 6.30969e-34
20.528 5.78552e-34
20.56 5.37357e-34
20.592 4.99208e-34
20.624 4.47997e-34
20.656 4.25072e-34
20.688 3.89742e-34
20.72 3.59814e-34
20.752 3.36054e-34
20.784 3.07173e-34
20.816 2.83801e-34
20.848 2.6087e-34
20.88 2.4252e-34
20.912 2.26928e-34
20.944 2.09945e-34
20.976 1.93501e-34
21.008 1.78353e-34
21.04 1.68157e-34
21.072 1.55186e-34
21.104 1.42284e-34
21.136 1.29937e-34
21.168 1.19244e-34
21.2 1.13683e-34
21.232 1.0248e-34
21.264 9.62763e-35
21.296 8.95474e-35
21.328 8.05754e-35
21.36 7.72418e-35
21.392 6.9513e-35
21.424 6.35071e-35
21.456 5.93023e-35
21.488 5.52523e-35
21.52 5.09422e-35
21.552 4.67993e-35
21.584 4.34858e-35
21.616 4.03309e-35
21.648 3.72562e-35
21.68 3.3675e-35
21.712 3.22885e-35
21.744 2.92187e-35
21.776 2.6918e-35
21.808 2.45982e-35
21.84 2.3066e-35
21.872 2.1439e-35
21.904 1.99569e-35
21.936 1.79328e-35
21.968 1.69272e-35
22 1.549e-35
22.032 1.47547e-35
22.064 1.36777e-35
22.096 1.25768e-35
22.128 1.14516e-35
22.16 1.04223e-35
22.192 1.01071e-35
22.224 8.92626e-36
22.256 8.39664e-36
22.288 7.76755e-36
22.32 7.08426e-36
22.352 6.52064e-36
22.384 6.07294e-36
22.416 5.7312e-36
22.448 5.18656e-36
22.48 4.89108e-36
22.512 4.35099e-36
22.544 4.08529e-36
22.576 3.78467e-36
22.608 3.53975e-36
22.64 3.17788e-36
22.672 3.00675e-36
22.704 2.7813e-36
22.736 2.5769e-36
22.768 2.36722e-36
22.8 2.20103e-36
22.832 2.02032e-36
22.864 1.89342e-36
22.896 1.74756e-36
22.928 1.62187e-36
22.96 1.47666e-36
22.992 1.37753e-36
23.024 1.28626e-36
23.056 1.17448e-36
23.088 1.09639e-36
23.12 9.96991e-37
23.152 9.26295e-37
23.184 8.57025e-37
23.216 8.00879e-37
23.248 7.20941e-37
23.28 6.88416e-37
23.312 6.15028e-37
23.344 5.92826e-37
23.376 5.1971e-37
23.408 4.90425e-37
23.44 4.55438e-37
23.472 4.2804e-37
23.504 3.93602e-37
23.536 3.51726e-37
23.568 3.38318e-37
23.6 3.0361e-37
23.632 2.7861e-37
23.664 2.60036e-37
23.696 2.45973e-37
23.728 2.20295e-37
23.76 2.0368e-37
23.792 1.95066e-37
23.824 1.76047e-37
23.856 1.64744e-37
23.888 1.50258e-37
23.92 1.41389e-37
23.952 1.27088e-37
23.984 1.16431e-37
24.016 1.11091e-37
24.048 1.00631e-37
24.08 9.38068e-38
24.112 8.79766e-38
24.144 7.99924e-38
24.176 7.48286e-38
24.208 6.74134e-38
24.24 6.4401e-38
24.272 5.8197e-38
24.304 5.2802e-38
24.336 5.05909e-38
24.368 4.64627e-38
24.4 4.3413e-38
24.432 3.96653e-38
24.464 3.61909e-38
24.496 3.34709e-38
24.528 3.15944e-38
24.56 2.82166e-38
24.592 2.62947e-38
24.624 2.48428e-38
24.656 2.24102e-38
24.688 2.00871e-38
24.72 1.94918e-38
24.752 1.7812e-38
24.784 1.63832e-38
24.816 1.50352e-38
24.848 1.3984e-38
24.88 1.27753e-38
24.912 1.19862e-38
24.944 1.07667e-38
24.976 1.02824e-38
25.008 9.42462e-39
25.04 8.71106e-39
25.072 7.87733e-39
25.104 7.3875e-39
25.136 6.98074e-39
25.168 6.51624e-39
25.2 5.88466e-39
25.232 5.4997e-39
25.264 5.06305e-39
25.296 4.54193e-39
25.328 4.23461e-39
25.36 3.93114e-39
25.392 3.63409e-39
25.424 3.3895e-39
25.456 3.04562e-39
25.488 2.88109e-39
25.52 2.56234e-39
25.552 2.41669e-39
25.584 2.2377e-39
25.616 2.03406e-39
25.648 1.93822e-39
25.68 1.81837e-39
25.712 1.63626e-39
25.744 1.48041e-39
25.776 1.40812e-39
25.808 1.28788e-39
25.84 1.19468e-39
25.872 1.08731e-39
25.904 9.91884e-40
25.936 9.35788e-40
25.968 8.60263e-40
26 7.84125e-40
26.032 7.02922e-40
26.064 6.78832e-40
26.096 6.2721e-40
26.128 5.65601e-40
26.16 5.38459e-40
26.192 4.84457e-40
26.224 4.43654e-40
26.256 4.13215e-40
26.288 3.73132e-40
26.32 3.4255e-40
26.352 3.10324e-40
26.384 2.997e-40
26.416 2.7301e-40
26.448 2.58231e-40
26.48 2.36836e-40
26.512 2.14422e-40
26.544 2.00082e-40
26.576 1.88987e-40
26.608 1.67253e-40
26.64 1.59318e-40
26.672 1.40266e-40
26.704 1.34028e-40
26.736 1.23138e-40
26.768 1.12336e-40
26.8 1.03534e-40
26.832 9.58707e-41
26.864 8.93595e-41
26.896 8.03904e-41
26.928 7.46082e-41
26.96 6.88144e-41
26.992 6.4144e-41
27.024 5.75505e-41
27.056 5.39449e-41
27.088 4.91783e-41
27.12 4.57871e-41
27.152 4.19328e-41
27.184 3.79647e-41
27.216 3.59706e-41
27.248 3.27928e-41
27.28 3.01942e-41
27.312 2.77626e-41
27.344 2.56885e-41
27.376 2.39547e-41
27.408 2.19034e-41
27.44 1.99443e-41
27.472 1.80812e-41
27.504 1.68376e-41
27.536 1.62407e-41
27.568 1.44194e-41
27.6 1.32671e-41
27.632 1.2123e-41
27.664 1.1125e-41
27.696 1.02037e-41
27.728 9.40976e-42
27.76 8.79294e-42
27.792 8.02584e-42
27.824 7.59626e-42
27.856 6.79215e-42
27.888 6.19448e-42
27.92 5.80929e-42
27.952 5.32534e-42
27.984 4.67679e-42
28.016 4.46608e-42
28.048 4.10633e-42
28.08 3.81425e-42
28.112 3.36429e-42
28.144 3.15829e-42
28.176 2.92509e-42
28.208 2.7066e-42
28.24 2.50219e-42
28.272 2.33252e-42
28.304 2.18825e-42
28.336 1.87743e-42
28.368 1.755e-42
28.4 1.54391e-42
28.432 1.48379e-42
28.464 1.38656e-42
28.496 1.25522e-42
28.528 1.15882e-42
28.56 1.04974e-42
28.592 9.34216e-43
28.624 8.89517e-43
28.656 8.2391e-43
28.688 7.55544e-43
28.72 6.82158e-43
28.752 6.42177e-43
28.784 5.77805e-43
28.816 5.21174e-43
28.848 4.86726e-43
28.88 4.51454e-43
28.912 4.08544e-43
28.944 3.75058e-43
28.976 3.50605e-43
29.008 3.23896e-43
29.04 2.85757e-43
29.072 2.70636e-43
29.104 2.40853e-43
29.136 2.16834e-43
29.168 2.02329e-43
29.2 1.91089e-43
29.232 1.68665e-43
29.264 1.58867e-43
29.296 1.39166e-43
29.328 1.28519e-43
29.36 1.17125e-43
29.392 1.1257e-43
29.424 1.0421e-43
29.456 8.95597e-44
29.488 8.37142e-44
29.52 7.60389e-44
29.552 6.78015e-44
29.584 6.27611e-44
29.616 5.92345e-44
29.648 5.61875e-44
29.68 4.78536e-44
29.712 4.40807e-44
29.744 4.19897e-44
29.776 3.57108e-44
29.808 3.5206e-44
29.84 2.96729e-44
29.872 2.74217e-44
29.904 2.62283e-44
29.936 2.34985e-44
29.968 2.15303e-44
30 1.93017e-44
30.032 1.71445e-44
30.064 1.56141e-44
30.096 1.41799e-44
30.128 1.36956e-44
30.16 1.1994e-44
30.192 1.09289e-44
30.224 1.00503e-44
30.256 9.15761e-45
30.288 8.62844e-45
30.32 7.79251e-45
30.352 6.74756e-45
30.384 5.8347e-45
30.416 5.39085e-45
30.448 4.76169e-45
30.48 4.71058e-45
30.512 4.13766e-45
30.544 3.38137e-45
30.576 3.46819e-45
30.608 3.28836e-45
30.64 2.75894e-45
30.672 2.4529e-45
30.704 2.26059e-45
30.736 1.9178e-45
30.768 1.83838e-45
30.8 1.63811e-45
30.832 1.50152e-45
30.864 1.29796e-45
30.896 1.18476e-45
30.928 9.99497e-46
30.96 9.03267e-46
30.992 8.44882e-46
31.024 6.68127e-46
31.056 6.85469e-46
31.088 5.54736e-46
31.12 4.98767e-46
31.152 4.82198e-46
31.184 4.24263e-46
31.216 3.76505e-46
31.248 3.29433e-46
31.28 2.6522e-46
31.312 2.46112e-46
31.344 2.01715e-46
31.376 1.86738e-46
31.408 1.72015e-46
31.44 1.29204e-46
31.472 1.10287e-46
31.504 1.05728e-46
31.536 1.05483e-46
31.568 8.05923e-47
31.6 6.36936e-47
31.632 5.72728e-47
31.664 5.3696e-47
31.696 3.719e-47
31.728 2.55329e-47
31.76 2.21519e-47
31.792 2.18742e-47
31.824 1.10636e-47
31.856 7.41612e-48
31.888 4.51071e-48
31.92 3.51111e-48
31.952 1.25513e-48
31.984 3.19507e-49
