#1:M 2:dN/MdM dy_q d2xT
0.016 1.21725e-07
0.048 1.11084e-07
0.08 9.71601e-08
0.112 8.36647e-08
0.144 7.20875e-08
0.176 6.20098e-08
0.208 5.35319e-08
0.24 4.63752e-08
0.272 4.03504e-08
0.304 3.52577e-08
0.336 3.09159e-08
0.368 2.71981e-08
0.4 2.3799e-08
0.432 2.1053e-08
0.464 1.86771e-08
0.496 1.66138e-08
0.528 1.48055e-08
0.56 1.32286e-08
0.592 1.18422e-08
0.624 1.06233e-08
0.656 9.51943e-09
0.688 8.57153e-09
0.72 7.72435e-09
0.752 6.97276e-09
0.784 6.30368e-09
0.816 5.7073e-09
0.848 5.17575e-09
0.88 4.69774e-09
0.912 4.25217e-09
0.944 3.86869e-09
0.976 3.52392e-09
1.008 3.21355e-09
1.04 2.93267e-09
1.072 2.68061e-09
1.104 2.45084e-09
1.136 2.24339e-09
1.168 2.04934e-09
1.2 1.8787e-09
1.232 1.72359e-09
1.264 1.58282e-09
1.296 1.45494e-09
1.328 1.33953e-09
1.36 1.23133e-09
1.392 1.13432e-09
1.424 1.04324e-09
1.456 9.62755e-10
1.488 8.881e-10
1.52 8.20862e-10
1.552 7.5777e-10
1.584 7.0111e-10
1.616 6.48499e-10
1.648 6.00797e-10
1.68 5.5126e-10
1.712 5.10832e-10
1.744 4.72983e-10
1.776 4.39164e-10
1.808 4.07508e-10
1.84 3.78435e-10
1.872 3.5155e-10
1.904 3.26129e-10
1.936 3.03e-10
1.968 2.81919e-10
2 2.62495e-10
2.032 2.44314e-10
2.064 2.27478e-10
2.096 2.11847e-10
2.128 1.97544e-10
2.16 1.84067e-10
2.192 1.71457e-10
2.224 1.59772e-10
2.256 1.49267e-10
2.288 1.39376e-10
2.32 1.30236e-10
2.352 1.21682e-10
2.384 1.13642e-10
2.416 1.06384e-10
2.448 9.92166e-11
2.48 9.27969e-11
2.512 8.69155e-11
2.544 8.13588e-11
2.576 7.61309e-11
2.608 7.12715e-11
2.64 6.67837e-11
2.672 6.26528e-11
2.704 5.91539e-11
2.736 5.54877e-11
2.768 5.20001e-11
2.8 4.8806e-11
2.832 4.5799e-11
2.864 4.29068e-11
2.896 4.02945e-11
2.928 3.78297e-11
2.96 3.55067e-11
2.992 3.33358e-11
3.024 3.13395e-11
3.056 2.94311e-11
3.088 2.76381e-11
3.12 2.60209e-11
3.152 2.44533e-11
3.184 2.29994e-11
3.216 2.16108e-11
3.248 2.03543e-11
3.28 1.91439e-11
3.312 1.79942e-11
3.344 1.69568e-11
3.376 1.59641e-11
3.408 1.50249e-11
3.44 1.41529e-11
3.472 1.33122e-11
3.504 1.25547e-11
3.536 1.18085e-11
3.568 1.11316e-11
3.6 1.04979e-11
3.632 9.90216e-12
3.664 9.34194e-12
3.696 8.79704e-12
3.728 8.22708e-12
3.76 7.75339e-12
3.792 7.32536e-12
3.824 6.90976e-12
3.856 6.52714e-12
3.888 6.1543e-12
3.92 5.80159e-12
3.952 5.48111e-12
3.984 5.17528e-12
4.016 4.88737e-12
4.048 4.60866e-12
4.08 4.36052e-12
4.112 4.11393e-12
4.144 3.88397e-12
4.176 3.67241e-12
4.208 3.46404e-12
4.24 3.27883e-12
4.272 3.09871e-12
4.304 2.92268e-12
4.336 2.77031e-12
4.368 2.61763e-12
4.4 2.4712e-12
4.432 2.33565e-12
4.464 2.20899e-12
4.496 2.09639e-12
4.528 1.98072e-12
4.56 1.87585e-12
4.592 1.77356e-12
4.624 1.67647e-12
4.656 1.58441e-12
4.688 1.50018e-12
4.72 1.4186e-12
4.752 1.42832e-12
4.784 1.3523e-12
4.816 1.27965e-12
4.848 1.21199e-12
4.88 1.14643e-12
4.912 1.08422e-12
4.944 1.02855e-12
4.976 9.71604e-13
5.008 8.98996e-13
5.04 8.49557e-13
5.072 8.06329e-13
5.104 7.62733e-13
5.136 7.23552e-13
5.168 6.85093e-13
5.2 6.48251e-13
5.232 6.15102e-13
5.264 5.82129e-13
5.296 5.51309e-13
5.328 5.21518e-13
5.36 4.94295e-13
5.392 4.68824e-13
5.424 4.44116e-13
5.456 4.2089e-13
5.488 3.98926e-13
5.52 3.77861e-13
5.552 3.58126e-13
5.584 3.39133e-13
5.616 3.21863e-13
5.648 3.04623e-13
5.68 2.89102e-13
5.712 2.74118e-13
5.744 2.59273e-13
5.776 2.46388e-13
5.808 2.33157e-13
5.84 2.21738e-13
5.872 2.09874e-13
5.904 1.98986e-13
5.936 1.88554e-13
5.968 1.79024e-13
6 1.69394e-13
6.032 1.60997e-13
6.064 1.52208e-13
6.096 1.44688e-13
6.128 1.37381e-13
6.16 1.3008e-13
6.192 1.23272e-13
6.224 1.16796e-13
6.256 1.10983e-13
6.288 1.05214e-13
6.32 9.9855e-14
6.352 9.46409e-14
6.384 8.97299e-14
6.416 8.51834e-14
6.448 8.09102e-14
6.48 7.69349e-14
6.512 7.28758e-14
6.544 6.92052e-14
6.576 6.56356e-14
6.608 6.22366e-14
6.64 5.89915e-14
6.672 5.59467e-14
6.704 5.31685e-14
6.736 5.03289e-14
6.768 4.78593e-14
6.8 4.54542e-14
6.832 4.32509e-14
6.864 4.10929e-14
6.896 3.89687e-14
6.928 3.69335e-14
6.96 3.50062e-14
6.992 3.32215e-14
7.024 3.15215e-14
7.056 2.99435e-14
7.088 2.84121e-14
7.12 2.68822e-14
7.152 2.55744e-14
7.184 2.42848e-14
7.216 2.31339e-14
7.248 2.18419e-14
7.28 2.07523e-14
7.312 1.97585e-14
7.344 1.8759e-14
7.376 1.7756e-14
7.408 1.6839e-14
7.44 1.59542e-14
7.472 1.52163e-14
7.504 1.44265e-14
7.536 1.37118e-14
7.568 1.30033e-14
7.6 1.23138e-14
7.632 1.17189e-14
7.664 1.11125e-14
7.696 1.05278e-14
7.728 1.00195e-14
7.76 9.49248e-15
7.792 9.03526e-15
7.824 8.5676e-15
7.856 8.13682e-15
7.888 7.71586e-15
7.92 7.33778e-15
7.952 6.97461e-15
7.984 6.59452e-15
8.016 6.25194e-15
8.048 5.94901e-15
8.08 5.66054e-15
8.112 5.36167e-15
8.144 5.09257e-15
8.176 4.83883e-15
8.208 4.58795e-15
8.24 4.3548e-15
8.272 4.14324e-15
8.304 3.92857e-15
8.336 3.73937e-15
8.368 3.54731e-15
8.4 3.36156e-15
8.432 3.19983e-15
8.464 3.02829e-15
8.496 2.87494e-15
8.528 2.73808e-15
8.56 2.5969e-15
8.592 2.46622e-15
8.624 2.34579e-15
8.656 2.22355e-15
8.688 2.11007e-15
8.72 2.00277e-15
8.752 1.90267e-15
8.784 1.80754e-15
8.816 1.71378e-15
8.848 1.62803e-15
8.88 1.55107e-15
8.912 1.47342e-15
8.944 1.39873e-15
8.976 1.329e-15
9.008 1.26081e-15
9.04 1.1955e-15
9.072 1.13527e-15
9.104 1.07992e-15
9.136 1.02162e-15
9.168 9.72199e-16
9.2 9.24851e-16
9.232 8.75344e-16
9.264 8.31039e-16
9.296 7.87916e-16
9.328 7.49124e-16
9.36 7.0958e-16
9.392 6.76888e-16
9.424 6.42209e-16
9.456 6.10558e-16
9.488 5.79235e-16
9.52 5.5046e-16
9.552 5.22056e-16
9.584 4.94594e-16
9.616 4.70513e-16
9.648 4.47546e-16
9.68 4.24385e-16
9.712 4.03653e-16
9.744 3.82325e-16
9.776 3.63056e-16
9.808 3.47309e-16
9.84 3.27523e-16
9.872 3.10364e-16
9.904 2.94908e-16
9.936 2.8027e-16
9.968 2.6667e-16
10 2.52486e-16
10.032 2.4092e-16
10.064 2.28832e-16
10.096 2.16713e-16
10.128 2.05748e-16
10.16 1.94879e-16
10.192 1.85142e-16
10.224 1.75591e-16
10.256 1.67199e-16
10.288 1.58899e-16
10.32 1.50846e-16
10.352 1.42979e-16
10.384 1.35834e-16
10.416 1.288e-16
10.448 1.231e-16
10.48 1.16614e-16
10.512 1.10252e-16
10.544 1.04959e-16
10.576 9.92132e-17
10.608 9.46687e-17
10.64 8.96808e-17
10.672 8.54429e-17
10.704 8.0893e-17
10.736 7.6822e-17
10.768 7.28167e-17
10.8 6.93414e-17
10.832 6.58239e-17
10.864 6.25489e-17
10.896 5.94443e-17
10.928 5.62825e-17
10.96 5.37405e-17
10.992 5.10169e-17
11.024 4.84082e-17
11.056 4.59854e-17
11.088 4.35021e-17
11.12 4.13537e-17
11.152 3.93436e-17
11.184 3.73162e-17
11.216 3.53872e-17
11.248 3.3645e-17
11.28 3.19964e-17
11.312 3.02983e-17
11.344 2.87453e-17
11.376 2.73331e-17
11.408 2.59752e-17
11.44 2.46352e-17
11.472 2.34856e-17
11.504 2.22188e-17
11.536 2.10486e-17
11.568 2.00719e-17
11.6 1.90596e-17
11.632 1.8051e-17
11.664 1.71546e-17
11.696 1.63249e-17
11.728 1.5456e-17
11.76 1.46623e-17
11.792 1.40113e-17
11.824 1.32521e-17
11.856 1.25993e-17
11.888 1.19824e-17
11.92 1.13526e-17
11.952 1.07757e-17
11.984 1.02639e-17
12.016 9.71981e-18
12.048 9.23902e-18
12.08 8.75278e-18
12.112 8.31246e-18
12.144 7.89323e-18
12.176 7.50106e-18
12.208 7.1243e-18
12.24 6.74643e-18
12.272 6.45003e-18
12.304 6.10058e-18
12.336 5.79394e-18
12.368 5.47268e-18
12.4 5.23019e-18
12.432 4.96022e-18
12.464 4.71161e-18
12.496 4.47437e-18
12.528 4.24695e-18
12.56 4.03117e-18
12.592 3.81938e-18
12.624 3.62815e-18
12.656 3.44435e-18
12.688 3.27531e-18
12.72 3.10919e-18
12.752 2.94891e-18
12.784 2.80581e-18
12.816 2.67201e-18
12.848 2.52494e-18
12.88 2.40029e-18
12.912 2.28144e-18
12.944 2.17204e-18
12.976 2.05408e-18
13.008 1.95711e-18
13.04 1.85698e-18
13.072 1.76374e-18
13.104 1.67925e-18
13.136 1.58406e-18
13.168 1.50745e-18
13.2 1.43762e-18
13.232 1.36782e-18
13.264 1.29757e-18
13.296 1.23524e-18
13.328 1.16493e-18
13.36 1.11022e-18
13.392 1.05666e-18
13.424 1.00072e-18
13.456 9.4742e-19
13.488 9.04762e-19
13.52 8.57408e-19
13.552 8.12958e-19
13.584 7.73685e-19
13.616 7.34606e-19
13.648 6.95146e-19
13.68 6.62646e-19
13.712 6.26137e-19
13.744 5.94902e-19
13.776 5.67615e-19
13.808 5.39127e-19
13.84 5.12664e-19
13.872 4.87086e-19
13.904 4.58682e-19
13.936 4.36102e-19
13.968 4.16379e-19
14 3.93107e-19
14.032 3.74231e-19
14.064 3.54919e-19
14.096 3.3652e-19
14.128 3.21548e-19
14.16 3.03429e-19
14.192 2.89612e-19
14.224 2.74624e-19
14.256 2.6056e-19
14.288 2.46726e-19
14.32 2.34847e-19
14.352 2.22258e-19
14.384 2.12182e-19
14.416 2.00585e-19
14.448 1.90389e-19
14.48 1.81681e-19
14.512 1.72064e-19
14.544 1.62751e-19
14.576 1.54876e-19
14.608 1.46992e-19
14.64 1.39325e-19
14.672 1.32581e-19
14.704 1.25855e-19
14.736 1.19234e-19
14.768 1.1368e-19
14.8 1.07615e-19
14.832 1.02488e-19
14.864 9.74131e-20
14.896 9.23729e-20
14.928 8.73851e-20
14.96 8.35555e-20
14.992 7.92248e-20
15.024 7.51549e-20
15.056 7.13558e-20
15.088 6.74119e-20
15.12 6.41752e-20
15.152 6.1181e-20
15.184 5.78818e-20
15.216 5.47171e-20
15.248 5.22551e-20
15.28 4.95398e-20
15.312 4.71317e-20
15.344 4.46098e-20
15.376 4.24393e-20
15.408 4.0241e-20
15.44 3.83366e-20
15.472 3.61126e-20
15.504 3.42762e-20
15.536 3.29247e-20
15.568 3.10349e-20
15.6 2.95585e-20
15.632 2.81504e-20
15.664 2.65331e-20
15.696 2.52007e-20
15.728 2.40466e-20
15.76 2.2819e-20
15.792 2.15364e-20
15.824 2.05423e-20
15.856 1.95603e-20
15.888 1.84617e-20
15.92 1.75886e-20
15.952 1.66624e-20
15.984 1.58055e-20
16.016 1.51107e-20
16.048 1.42916e-20
16.08 1.36134e-20
16.112 1.28638e-20
16.144 1.22305e-20
16.176 1.15664e-20
16.208 1.09912e-20
16.24 1.04953e-20
16.272 9.92848e-21
16.304 9.42211e-21
16.336 8.93839e-21
16.368 8.51915e-21
16.4 8.05776e-21
16.432 7.62607e-21
16.464 7.30235e-21
16.496 6.93947e-21
16.528 6.58818e-21
16.56 6.21075e-21
16.592 5.94059e-21
16.624 5.6257e-21
16.656 5.35845e-21
16.688 5.05288e-21
16.72 4.83407e-21
16.752 4.56013e-21
16.784 4.34885e-21
16.816 4.11642e-21
16.848 3.90899e-21
16.88 3.71765e-21
16.912 3.5101e-21
16.944 3.3594e-21
16.976 3.16807e-21
17.008 3.02117e-21
17.04 2.85009e-21
17.072 2.72448e-21
17.104 2.57643e-21
17.136 2.4505e-21
17.168 2.32674e-21
17.2 2.20726e-21
17.232 2.11029e-21
17.264 1.9981e-21
17.296 1.88221e-21
17.328 1.80051e-21
17.36 1.69735e-21
17.392 1.62158e-21
17.424 1.53732e-21
17.456 1.45765e-21
17.488 1.38859e-21
17.52 1.31173e-21
17.552 1.24934e-21
17.584 1.18084e-21
17.616 1.13025e-21
17.648 1.07385e-21
17.68 1.01495e-21
17.712 9.61824e-22
17.744 9.18758e-22
17.776 8.68204e-22
17.808 8.21927e-22
17.84 7.84047e-22
17.872 7.41609e-22
17.904 7.09402e-22
17.936 6.71016e-22
17.968 6.38515e-22
18 6.04256e-22
18.032 5.71468e-22
18.064 5.43823e-22
18.096 5.18124e-22
18.128 4.90278e-22
18.16 4.67441e-22
18.192 4.44403e-22
18.224 4.19151e-22
18.256 3.99303e-22
18.288 3.78546e-22
18.32 3.59455e-22
18.352 3.39916e-22
18.384 3.25905e-22
18.416 3.07973e-22
18.448 2.92341e-22
18.48 2.77195e-22
18.512 2.64068e-22
18.544 2.51219e-22
18.576 2.37898e-22
18.608 2.24746e-22
18.64 2.13562e-22
18.672 2.03418e-22
18.704 1.93023e-22
18.736 1.83121e-22
18.768 1.74073e-22
18.8 1.64993e-22
18.832 1.56959e-22
18.864 1.48594e-22
18.896 1.41318e-22
18.928 1.33924e-22
18.96 1.27641e-22
18.992 1.20771e-22
19.024 1.14972e-22
19.056 1.08908e-22
19.088 1.03852e-22
19.12 9.76734e-23
19.152 9.29527e-23
19.184 8.85823e-23
19.216 8.39691e-23
19.248 7.91565e-23
19.28 7.57753e-23
19.312 7.22351e-23
19.344 6.86497e-23
19.376 6.49131e-23
19.408 6.16283e-23
19.44 5.84975e-23
19.472 5.52432e-23
19.504 5.23875e-23
19.536 5.00198e-23
19.568 4.74575e-23
19.6 4.49929e-23
19.632 4.28989e-23
19.664 4.07796e-23
19.696 3.8768e-23
19.728 3.67249e-23
19.76 3.48424e-23
19.792 3.28433e-23
19.824 3.13799e-23
19.856 2.9628e-23
19.888 2.8215e-23
19.92 2.68813e-23
19.952 2.53736e-23
19.984 2.4195e-23
20.016 2.28922e-23
20.048 2.17305e-23
20.08 2.06308e-23
20.112 1.95262e-23
20.144 1.86022e-23
20.176 1.76877e-23
20.208 1.67995e-23
20.24 1.5932e-23
20.272 1.51334e-23
20.304 1.44045e-23
20.336 1.35254e-23
20.368 1.29605e-23
20.4 1.22744e-23
20.432 1.16787e-23
20.464 1.10591e-23
20.496 1.04754e-23
20.528 9.92887e-24
20.56 9.45817e-24
20.592 8.96976e-24
20.624 8.55563e-24
20.656 8.09535e-24
20.688 7.67648e-24
20.72 7.28367e-24
20.752 6.93547e-24
20.784 6.60663e-24
20.816 6.28105e-24
20.848 5.9524e-24
20.88 5.63788e-24
20.912 5.3316e-24
20.944 5.08279e-24
20.976 4.80309e-24
21.008 4.57545e-24
21.04 4.32255e-24
21.072 4.09847e-24
21.104 3.89764e-24
21.136 3.70413e-24
21.168 3.49934e-24
21.2 3.33415e-24
21.232 3.15293e-24
21.264 3.00392e-24
21.296 2.85745e-24
21.328 2.70528e-24
21.36 2.55553e-24
21.392 2.42051e-24
21.424 2.29497e-24
21.456 2.17412e-24
21.488 2.06768e-24
21.52 1.96871e-24
21.552 1.86255e-24
21.584 1.77135e-24
21.616 1.67364e-24
21.648 1.58397e-24
21.68 1.50417e-24
21.712 1.4268e-24
21.744 1.36075e-24
21.776 1.2834e-24
21.808 1.2305e-24
21.84 1.17097e-24
21.872 1.1129e-24
21.904 1.04714e-24
21.936 9.90507e-25
21.968 9.47565e-25
22 8.96706e-25
22.032 8.51922e-25
22.064 8.04567e-25
22.096 7.67155e-25
22.128 7.25649e-25
22.16 6.90598e-25
22.192 6.5375e-25
22.224 6.16966e-25
22.256 5.89732e-25
22.288 5.54395e-25
22.32 5.31159e-25
22.352 5.03114e-25
22.384 4.77318e-25
22.416 4.51871e-25
22.448 4.31442e-25
22.48 4.05521e-25
22.512 3.87247e-25
22.544 3.67661e-25
22.576 3.46056e-25
22.608 3.31368e-25
22.64 3.13446e-25
22.672 2.95127e-25
22.704 2.83549e-25
22.736 2.66495e-25
22.768 2.5398e-25
22.8 2.38118e-25
22.832 2.28089e-25
22.864 2.15735e-25
22.896 2.0464e-25
22.928 1.94812e-25
22.96 1.838e-25
22.992 1.74922e-25
23.024 1.65802e-25
23.056 1.56415e-25
23.088 1.49886e-25
23.12 1.41413e-25
23.152 1.34695e-25
23.184 1.28303e-25
23.216 1.21529e-25
23.248 1.14435e-25
23.28 1.08704e-25
23.312 1.0371e-25
23.344 9.80536e-26
23.376 9.2574e-26
23.408 8.84016e-26
23.44 8.34911e-26
23.472 7.94176e-26
23.504 7.52969e-26
23.536 7.12332e-26
23.568 6.80257e-26
23.6 6.39586e-26
23.632 6.106e-26
23.664 5.74965e-26
23.696 5.45472e-26
23.728 5.17511e-26
23.76 4.92395e-26
23.792 4.66616e-26
23.824 4.39829e-26
23.856 4.2011e-26
23.888 3.96575e-26
23.92 3.76112e-26
23.952 3.58546e-26
23.984 3.41228e-26
24.016 3.18861e-26
24.048 3.0556e-26
24.08 2.897e-26
24.112 2.73878e-26
24.144 2.60022e-26
24.176 2.4543e-26
24.208 2.3266e-26
24.24 2.20531e-26
24.272 2.09236e-26
24.304 1.97852e-26
24.336 1.88052e-26
24.368 1.78001e-26
24.4 1.67216e-26
24.432 1.60022e-26
24.464 1.51299e-26
24.496 1.42978e-26
24.528 1.35851e-26
24.56 1.28699e-26
24.592 1.22139e-26
24.624 1.1586e-26
24.656 1.102e-26
24.688 1.03583e-26
24.72 9.91562e-27
24.752 9.29497e-27
24.784 8.7594e-27
24.816 8.38275e-27
24.848 7.8956e-27
24.88 7.44153e-27
24.912 7.08179e-27
24.944 6.73267e-27
24.976 6.30238e-27
25.008 6.02735e-27
25.04 5.74324e-27
25.072 5.40672e-27
25.104 5.12696e-27
25.136 4.83294e-27
25.168 4.55997e-27
25.2 4.32743e-27
25.232 4.08254e-27
25.264 3.86824e-27
25.296 3.64702e-27
25.328 3.47844e-27
25.36 3.27275e-27
25.392 3.10553e-27
25.424 2.93201e-27
25.456 2.74715e-27
25.488 2.60122e-27
25.52 2.46068e-27
25.552 2.32086e-27
25.584 2.21629e-27
25.616 2.09945e-27
25.648 1.97459e-27
25.68 1.85413e-27
25.712 1.75665e-27
25.744 1.66061e-27
25.776 1.55921e-27
25.808 1.46827e-27
25.84 1.37995e-27
25.872 1.30162e-27
25.904 1.23121e-27
25.936 1.15403e-27
25.968 1.08744e-27
26 1.01737e-27
26.032 9.59567e-28
26.064 9.06865e-28
26.096 8.45416e-28
26.128 8.0184e-28
26.16 7.42278e-28
26.192 7.0529e-28
26.224 6.46284e-28
26.256 6.16149e-28
26.288 5.70721e-28
26.32 5.3113e-28
26.352 4.96424e-28
26.384 4.59539e-28
26.416 4.30672e-28
26.448 4.05248e-28
26.48 3.71608e-28
26.512 3.43729e-28
26.544 3.13468e-28
26.576 2.91611e-28
26.608 2.68867e-28
26.64 2.47129e-28
26.672 2.25132e-28
26.704 2.01648e-28
26.736 1.84644e-28
26.768 1.66845e-28
26.8 1.49048e-28
26.832 1.3459e-28
26.864 1.16618e-28
26.896 9.92914e-29
26.928 8.85305e-29
26.96 7.09466e-29
26.992 5.92059e-29
27.024 4.89212e-29
27.056 3.73726e-29
27.088 2.3621e-29
27.12 1.47828e-29
27.152 3.64203e-30
27.184 -5.18218e-30
27.216 -1.39564e-29
27.248 -2.37567e-29
27.28 -3.21386e-29
27.312 -3.95739e-29
27.344 -4.79695e-29
27.376 -5.46387e-29
27.408 -6.0589e-29
27.44 -6.71044e-29
27.472 -7.31815e-29
27.504 -7.92563e-29
27.536 -8.51825e-29
27.568 -9.01002e-29
27.6 -9.55444e-29
27.632 -1.00544e-28
27.664 -1.05829e-28
27.696 -1.10123e-28
27.728 -1.1421e-28
27.76 -1.17933e-28
27.792 -1.22352e-28
27.824 -1.26088e-28
27.856 -1.3025e-28
27.888 -1.33582e-28
27.92 -1.37777e-28
27.952 -1.40115e-28
27.984 -1.43993e-28
28.016 -1.46624e-28
28.048 -1.49046e-28
28.08 -1.51845e-28
28.112 -1.54362e-28
28.144 -1.56222e-28
28.176 -1.5819e-28
28.208 -1.61615e-28
28.24 -1.6302e-28
28.272 -1.64874e-28
28.304 -1.66225e-28
28.336 -1.6788e-28
28.368 -1.69839e-28
28.4 -1.71624e-28
28.432 -1.72525e-28
28.464 -1.74805e-28
28.496 -1.74126e-28
28.528 -1.75823e-28
28.56 -1.77977e-28
28.592 -1.79472e-28
28.624 -1.80414e-28
28.656 -1.80637e-28
28.688 -1.82356e-28
28.72 -1.82809e-28
28.752 -1.83119e-28
28.784 -1.84715e-28
28.816 -1.84374e-28
28.848 -1.86372e-28
28.88 -1.86531e-28
28.912 -1.86835e-28
28.944 -1.8586e-28
28.976 -1.857e-28
29.008 -1.86412e-28
29.04 -1.87539e-28
29.072 -1.86451e-28
29.104 -1.86795e-28
29.136 -1.85607e-28
29.168 -1.8502e-28
29.2 -1.84542e-28
29.232 -1.85209e-28
29.264 -1.84403e-28
29.296 -1.82526e-28
29.328 -1.84228e-28
29.36 -1.82945e-28
29.392 -1.81841e-28
29.424 -1.81408e-28
29.456 -1.80903e-28
29.488 -1.79494e-28
29.52 -1.78532e-28
29.552 -1.78107e-28
29.584 -1.75334e-28
29.616 -1.76149e-28
29.648 -1.74086e-28
29.68 -1.73196e-28
29.712 -1.72228e-28
29.744 -1.69917e-28
29.776 -1.69424e-28
29.808 -1.67989e-28
29.84 -1.65176e-28
29.872 -1.64605e-28
29.904 -1.62431e-28
29.936 -1.59472e-28
29.968 -1.58604e-28
30 -1.56869e-28
30.032 -1.54438e-28
30.064 -1.51986e-28
30.096 -1.49948e-28
30.128 -1.47476e-28
30.16 -1.45374e-28
30.192 -1.43007e-28
30.224 -1.40751e-28
30.256 -1.38198e-28
30.288 -1.35034e-28
30.32 -1.32595e-28
30.352 -1.30593e-28
30.384 -1.28551e-28
30.416 -1.25087e-28
30.448 -1.22629e-28
30.48 -1.19182e-28
30.512 -1.1688e-28
30.544 -1.15783e-28
30.576 -1.11787e-28
30.608 -1.07421e-28
30.64 -1.06306e-28
30.672 -1.03212e-28
30.704 -9.95725e-29
30.736 -9.5323e-29
30.768 -9.3611e-29
30.8 -9.01041e-29
30.832 -8.61146e-29
30.864 -8.40181e-29
30.896 -8.07627e-29
30.928 -7.76221e-29
30.96 -7.42034e-29
30.992 -7.13407e-29
31.024 -6.70774e-29
31.056 -6.4726e-29
31.088 -6.17612e-29
31.12 -5.73213e-29
31.152 -5.57077e-29
31.184 -5.19372e-29
31.216 -4.78258e-29
31.248 -4.61632e-29
31.28 -4.28772e-29
31.312 -4.00668e-29
31.344 -3.64911e-29
31.376 -3.44141e-29
31.408 -3.12811e-29
31.44 -2.82418e-29
31.472 -2.58506e-29
31.504 -2.3612e-29
31.536 -2.06352e-29
31.568 -1.79838e-29
31.6 -1.59472e-29
31.632 -1.38182e-29
31.664 -1.17729e-29
31.696 -1.02322e-29
31.728 -7.95597e-30
31.76 -6.29686e-30
31.792 -4.68192e-30
31.824 -3.50203e-30
31.856 -2.42844e-30
31.888 -1.4717e-30
31.92 -6.5615e-31
31.952 -3.51025e-31
31.984 -4.09928e-32
