#1:M 2:dN/MdM dy_q d2xT
0.016 1.77476e-08
0.048 1.52623e-08
0.08 1.2587e-08
0.112 1.03652e-08
0.144 8.64608e-09
0.176 7.25836e-09
0.208 6.15636e-09
0.24 5.26365e-09
0.272 4.53678e-09
0.304 3.93723e-09
0.336 3.43674e-09
0.368 3.01391e-09
0.4 2.63381e-09
0.432 2.32793e-09
0.464 2.06643e-09
0.496 1.83938e-09
0.528 1.64448e-09
0.56 1.4722e-09
0.592 1.32126e-09
0.624 1.18934e-09
0.656 1.07016e-09
0.688 9.6658e-10
0.72 8.75137e-10
0.752 7.93302e-10
0.784 7.20414e-10
0.816 6.55388e-10
0.848 5.96839e-10
0.88 5.44274e-10
0.912 4.94318e-10
0.944 4.52482e-10
0.976 4.1432e-10
1.008 3.79537e-10
1.04 3.48234e-10
1.072 3.19436e-10
1.104 2.93748e-10
1.136 2.69915e-10
1.168 2.47876e-10
1.2 2.28288e-10
1.232 2.10681e-10
1.264 1.94207e-10
1.296 1.79333e-10
1.328 1.659e-10
1.36 1.53366e-10
1.392 1.41831e-10
1.424 1.30945e-10
1.456 1.21456e-10
1.488 1.12617e-10
1.52 1.04417e-10
1.552 9.69452e-11
1.584 8.99911e-11
1.616 8.35564e-11
1.648 7.78897e-11
1.68 7.16677e-11
1.712 6.66914e-11
1.744 6.21252e-11
1.776 5.78583e-11
1.808 5.38501e-11
1.84 5.02445e-11
1.872 4.68723e-11
1.904 4.36664e-11
1.936 4.07408e-11
1.968 3.80074e-11
2 3.5483e-11
2.032 3.31769e-11
2.064 3.10417e-11
2.096 2.90293e-11
2.128 2.71497e-11
2.16 2.5375e-11
2.192 2.37435e-11
2.224 2.21853e-11
2.256 2.08072e-11
2.288 1.94909e-11
2.32 1.82428e-11
2.352 1.71134e-11
2.384 1.60533e-11
2.416 1.5064e-11
2.448 1.41116e-11
2.48 1.3244e-11
2.512 1.24358e-11
2.544 1.16684e-11
2.576 1.09714e-11
2.608 1.02953e-11
2.64 9.67676e-12
2.672 9.08728e-12
2.704 8.61757e-12
2.736 8.10618e-12
2.768 7.61675e-12
2.8 7.15558e-12
2.832 6.75137e-12
2.864 6.3447e-12
2.896 5.97019e-12
2.928 5.62024e-12
2.96 5.28575e-12
2.992 4.97411e-12
3.024 4.69231e-12
3.056 4.41151e-12
3.088 4.16054e-12
3.12 3.9254e-12
3.152 3.6955e-12
3.184 3.47974e-12
3.216 3.27788e-12
3.248 3.09337e-12
3.28 2.92106e-12
3.312 2.74936e-12
3.344 2.5941e-12
3.376 2.44795e-12
3.408 2.31211e-12
3.44 2.17829e-12
3.472 2.05589e-12
3.504 1.93999e-12
3.536 1.83154e-12
3.568 1.72948e-12
3.6 1.6321e-12
3.632 1.53958e-12
3.664 1.46005e-12
3.696 1.37603e-12
3.728 1.28803e-12
3.76 1.216e-12
3.792 1.14959e-12
3.824 1.08585e-12
3.856 1.02652e-12
3.888 9.72687e-13
3.92 9.18422e-13
3.952 8.67121e-13
3.984 8.19652e-13
4.016 7.74374e-13
4.048 7.34635e-13
4.08 6.92382e-13
4.112 6.54341e-13
4.144 6.20236e-13
4.176 5.86047e-13
4.208 5.54293e-13
4.24 5.2408e-13
4.272 4.95722e-13
4.304 4.69354e-13
4.336 4.43636e-13
4.368 4.20355e-13
4.4 3.97002e-13
4.432 3.75971e-13
4.464 3.55441e-13
4.496 3.37445e-13
4.528 3.19447e-13
4.56 3.02431e-13
4.592 2.8647e-13
4.624 2.70816e-13
4.656 2.56665e-13
4.688 2.4307e-13
4.72 2.30179e-13
4.752 2.32006e-13
4.784 2.18701e-13
4.816 2.07369e-13
4.848 1.96541e-13
4.88 1.85863e-13
4.912 1.76491e-13
4.944 1.67087e-13
4.976 1.58375e-13
5.008 1.46501e-13
5.04 1.38147e-13
5.072 1.31339e-13
5.104 1.24431e-13
5.136 1.1792e-13
5.168 1.11464e-13
5.2 1.05529e-13
5.232 1.00109e-13
5.264 9.48501e-14
5.296 8.99177e-14
5.328 8.50198e-14
5.36 8.05811e-14
5.392 7.62464e-14
5.424 7.2335e-14
5.456 6.84618e-14
5.488 6.49491e-14
5.52 6.16059e-14
5.552 5.83591e-14
5.584 5.53306e-14
5.616 5.24146e-14
5.648 4.96294e-14
5.68 4.69726e-14
5.712 4.43937e-14
5.744 4.21929e-14
5.776 3.99658e-14
5.808 3.78844e-14
5.84 3.59726e-14
5.872 3.40878e-14
5.904 3.23688e-14
5.936 3.06688e-14
5.968 2.89667e-14
6 2.75199e-14
6.032 2.60339e-14
6.064 2.47127e-14
6.096 2.33738e-14
6.128 2.21621e-14
6.16 2.10272e-14
6.192 1.99127e-14
6.224 1.88628e-14
6.256 1.79225e-14
6.288 1.69808e-14
6.32 1.60547e-14
6.352 1.52163e-14
6.384 1.44782e-14
6.416 1.37118e-14
6.448 1.29979e-14
6.48 1.23249e-14
6.512 1.16575e-14
6.544 1.10649e-14
6.576 1.04851e-14
6.608 9.96607e-15
6.64 9.42001e-15
6.672 8.93259e-15
6.704 8.47527e-15
6.736 8.03181e-15
6.768 7.62359e-15
6.8 7.21862e-15
6.832 6.841e-15
6.864 6.49783e-15
6.896 6.1605e-15
6.928 5.84177e-15
6.96 5.52364e-15
6.992 5.22836e-15
7.024 4.95131e-15
7.056 4.7098e-15
7.088 4.4617e-15
7.12 4.2245e-15
7.152 4.01263e-15
7.184 3.80377e-15
7.216 3.6019e-15
7.248 3.42232e-15
7.28 3.23005e-15
7.312 3.07156e-15
7.344 2.91239e-15
7.376 2.75413e-15
7.408 2.61351e-15
7.44 2.47754e-15
7.472 2.35086e-15
7.504 2.22239e-15
7.536 2.10831e-15
7.568 1.99837e-15
7.6 1.89275e-15
7.632 1.7933e-15
7.664 1.70295e-15
7.696 1.61198e-15
7.728 1.53331e-15
7.76 1.44987e-15
7.792 1.3699e-15
7.824 1.3042e-15
7.856 1.23199e-15
7.888 1.17121e-15
7.92 1.10876e-15
7.952 1.04826e-15
7.984 9.98228e-16
8.016 9.45945e-16
8.048 8.93421e-16
8.08 8.46273e-16
8.112 8.02956e-16
8.144 7.59582e-16
8.176 7.21638e-16
8.208 6.84782e-16
8.24 6.48367e-16
8.272 6.15497e-16
8.304 5.82058e-16
8.336 5.49741e-16
8.368 5.22254e-16
8.4 4.94953e-16
8.432 4.69676e-16
8.464 4.44318e-16
8.496 4.21489e-16
8.528 3.99326e-16
8.56 3.78032e-16
8.592 3.58396e-16
8.624 3.40729e-16
8.656 3.21796e-16
8.688 3.04804e-16
8.72 2.89508e-16
8.752 2.73864e-16
8.784 2.59865e-16
8.816 2.45003e-16
8.848 2.32904e-16
8.88 2.21659e-16
8.912 2.10002e-16
8.944 1.99375e-16
8.976 1.88767e-16
9.008 1.79044e-16
9.04 1.68465e-16
9.072 1.59817e-16
9.104 1.52599e-16
9.136 1.43839e-16
9.168 1.36515e-16
9.2 1.2937e-16
9.232 1.22525e-16
9.264 1.16397e-16
9.296 1.09721e-16
9.328 1.0411e-16
9.36 9.88288e-17
9.392 9.36293e-17
9.424 8.84034e-17
9.456 8.41335e-17
9.488 7.95335e-17
9.52 7.54404e-17
9.552 7.11385e-17
9.584 6.74317e-17
9.616 6.40766e-17
9.648 6.07143e-17
9.68 5.76839e-17
9.712 5.44478e-17
9.744 5.17176e-17
9.776 4.86834e-17
9.808 4.63433e-17
9.84 4.39591e-17
9.872 4.15168e-17
9.904 3.94148e-17
9.936 3.73682e-17
9.968 3.52992e-17
10 3.34863e-17
10.032 3.18239e-17
10.064 3.007e-17
10.096 2.85194e-17
10.128 2.70263e-17
10.16 2.54917e-17
10.192 2.42315e-17
10.224 2.30079e-17
10.256 2.16816e-17
10.288 2.05533e-17
10.32 1.95874e-17
10.352 1.84994e-17
10.384 1.74551e-17
10.416 1.65735e-17
10.448 1.57766e-17
10.48 1.48029e-17
10.512 1.40749e-17
10.544 1.33411e-17
10.576 1.26442e-17
10.608 1.19641e-17
10.64 1.13673e-17
10.672 1.07407e-17
10.704 1.01933e-17
10.736 9.65824e-18
10.768 9.13618e-18
10.8 8.63706e-18
10.832 8.21265e-18
10.864 7.76476e-18
10.896 7.36079e-18
10.928 6.99737e-18
10.96 6.6053e-18
10.992 6.25297e-18
11.024 5.93707e-18
11.056 5.60948e-18
11.088 5.29973e-18
11.12 5.04476e-18
11.152 4.77764e-18
11.184 4.52365e-18
11.216 4.2552e-18
11.248 4.04995e-18
11.28 3.83549e-18
11.312 3.63911e-18
11.344 3.44927e-18
11.376 3.26737e-18
11.408 3.0957e-18
11.44 2.92506e-18
11.472 2.78448e-18
11.504 2.62608e-18
11.536 2.48464e-18
11.568 2.35024e-18
11.6 2.23274e-18
11.632 2.11057e-18
11.664 2.00568e-18
11.696 1.90478e-18
11.728 1.79618e-18
11.76 1.70739e-18
11.792 1.61782e-18
11.824 1.52899e-18
11.856 1.43962e-18
11.888 1.36905e-18
11.92 1.29784e-18
11.952 1.22612e-18
11.984 1.1619e-18
12.016 1.10116e-18
12.048 1.04414e-18
12.08 9.91057e-19
12.112 9.37952e-19
12.144 8.86212e-19
12.176 8.3993e-19
12.208 7.91919e-19
12.24 7.54062e-19
12.272 7.16059e-19
12.304 6.764e-19
12.336 6.41379e-19
12.368 6.04632e-19
12.4 5.72154e-19
12.432 5.44633e-19
12.464 5.14111e-19
12.496 4.88505e-19
12.528 4.60718e-19
12.56 4.38838e-19
12.592 4.13813e-19
12.624 3.93533e-19
12.656 3.72135e-19
12.688 3.52548e-19
12.72 3.32813e-19
12.752 3.15737e-19
12.784 2.99403e-19
12.816 2.8415e-19
12.848 2.68883e-19
12.88 2.54671e-19
12.912 2.42268e-19
12.944 2.28237e-19
12.976 2.16179e-19
13.008 2.04427e-19
13.04 1.93848e-19
13.072 1.84015e-19
13.104 1.74138e-19
13.136 1.64064e-19
13.168 1.56498e-19
13.2 1.48407e-19
13.232 1.40689e-19
13.264 1.3325e-19
13.296 1.26284e-19
13.328 1.19209e-19
13.36 1.13118e-19
13.392 1.07738e-19
13.424 1.01542e-19
13.456 9.57953e-20
13.488 9.07919e-20
13.52 8.6572e-20
13.552 8.17938e-20
13.584 7.75741e-20
13.616 7.26846e-20
13.648 6.9265e-20
13.68 6.55548e-20
13.712 6.2016e-20
13.744 5.8884e-20
13.776 5.56947e-20
13.808 5.28689e-20
13.84 4.99237e-20
13.872 4.76414e-20
13.904 4.50491e-20
13.936 4.25001e-20
13.968 4.04854e-20
14 3.80439e-20
14.032 3.60489e-20
14.064 3.40332e-20
14.096 3.2301e-20
14.128 3.06859e-20
14.16 2.89958e-20
14.192 2.75545e-20
14.224 2.6003e-20
14.256 2.47275e-20
14.288 2.32926e-20
14.32 2.21817e-20
14.352 2.09096e-20
14.384 1.98394e-20
14.416 1.88147e-20
14.448 1.77172e-20
14.48 1.68268e-20
14.512 1.59704e-20
14.544 1.50841e-20
14.576 1.42884e-20
14.608 1.35085e-20
14.64 1.28438e-20
14.672 1.21614e-20
14.704 1.14833e-20
14.736 1.08413e-20
14.768 1.0376e-20
14.8 9.79245e-21
14.832 9.31367e-21
14.864 8.75694e-21
14.896 8.26771e-21
14.928 7.84806e-21
14.96 7.43974e-21
14.992 7.04424e-21
15.024 6.67488e-21
15.056 6.32103e-21
15.088 5.9313e-21
15.12 5.66089e-21
15.152 5.3512e-21
15.184 5.10914e-21
15.216 4.81348e-21
15.248 4.56454e-21
15.28 4.31962e-21
15.312 4.0814e-21
15.344 3.85019e-21
15.376 3.66953e-21
15.408 3.46046e-21
15.44 3.27781e-21
15.472 3.12125e-21
15.504 2.93742e-21
15.536 2.79279e-21
15.568 2.64617e-21
15.6 2.48934e-21
15.632 2.38259e-21
15.664 2.25928e-21
15.696 2.12528e-21
15.728 2.00745e-21
15.76 1.9085e-21
15.792 1.80469e-21
15.824 1.70775e-21
15.856 1.6299e-21
15.888 1.53043e-21
15.92 1.44655e-21
15.952 1.37117e-21
15.984 1.30324e-21
16.016 1.22635e-21
16.048 1.17115e-21
16.08 1.10625e-21
16.112 1.04588e-21
16.144 9.91592e-22
16.176 9.36261e-22
16.208 8.86596e-22
16.24 8.46315e-22
16.272 7.98184e-22
16.304 7.51575e-22
16.336 7.13834e-22
16.368 6.76701e-22
16.4 6.4351e-22
16.432 6.0499e-22
16.464 5.7578e-22
16.496 5.45787e-22
16.528 5.13682e-22
16.56 4.89459e-22
16.592 4.62032e-22
16.624 4.38755e-22
16.656 4.13599e-22
16.688 3.93958e-22
16.72 3.70271e-22
16.752 3.52712e-22
16.784 3.34193e-22
16.816 3.15744e-22
16.848 2.98208e-22
16.88 2.83209e-22
16.912 2.69077e-22
16.944 2.54558e-22
16.976 2.39442e-22
17.008 2.27455e-22
17.04 2.15939e-22
17.072 2.05223e-22
17.104 1.94878e-22
17.136 1.83469e-22
17.168 1.7401e-22
17.2 1.64485e-22
17.232 1.56095e-22
17.264 1.47666e-22
17.296 1.40144e-22
17.328 1.3124e-22
17.36 1.24665e-22
17.392 1.18807e-22
17.424 1.12234e-22
17.456 1.06519e-22
17.488 1.00568e-22
17.52 9.54741e-23
17.552 8.97458e-23
17.584 8.51792e-23
17.616 8.11878e-23
17.648 7.6862e-23
17.68 7.30059e-23
17.712 6.85917e-23
17.744 6.5251e-23
17.776 6.16481e-23
17.808 5.84698e-23
17.84 5.53701e-23
17.872 5.23656e-23
17.904 4.96259e-23
17.936 4.69069e-23
17.968 4.43475e-23
18 4.23282e-23
18.032 3.96202e-23
18.064 3.79595e-23
18.096 3.58144e-23
18.128 3.39427e-23
18.16 3.21381e-23
18.192 3.05498e-23
18.224 2.87822e-23
18.256 2.72912e-23
18.288 2.57217e-23
18.32 2.44263e-23
18.352 2.30804e-23
18.384 2.2017e-23
18.416 2.07053e-23
18.448 1.97604e-23
18.48 1.87414e-23
18.512 1.75893e-23
18.544 1.67797e-23
18.576 1.57944e-23
18.608 1.49504e-23
18.64 1.42267e-23
18.672 1.33538e-23
18.704 1.28128e-23
18.736 1.20467e-23
18.768 1.13828e-23
18.8 1.07322e-23
18.832 1.01976e-23
18.864 9.72271e-24
18.896 9.17085e-24
18.928 8.68466e-24
18.96 8.24562e-24
18.992 7.77561e-24
19.024 7.39652e-24
19.056 6.95684e-24
19.088 6.64899e-24
19.12 6.25719e-24
19.152 5.92014e-24
19.184 5.59977e-24
19.216 5.34988e-24
19.248 5.04013e-24
19.28 4.7668e-24
19.312 4.53915e-24
19.344 4.25361e-24
19.376 4.04594e-24
19.408 3.84203e-24
19.44 3.62336e-24
19.472 3.42527e-24
19.504 3.24982e-24
19.536 3.08079e-24
19.568 2.89959e-24
19.6 2.76445e-24
19.632 2.62071e-24
19.664 2.47633e-24
19.696 2.33827e-24
19.728 2.20625e-24
19.76 2.1001e-24
19.792 2.00428e-24
19.824 1.88907e-24
19.856 1.78653e-24
19.888 1.68813e-24
19.92 1.60387e-24
19.952 1.51879e-24
19.984 1.43182e-24
20.016 1.34861e-24
20.048 1.29177e-24
20.08 1.21667e-24
20.112 1.15708e-24
20.144 1.08951e-24
20.176 1.03183e-24
20.208 9.79597e-25
20.24 9.22886e-25
20.272 8.79041e-25
20.304 8.35234e-25
20.336 7.81587e-25
20.368 7.43994e-25
20.4 7.05008e-25
20.432 6.71274e-25
20.464 6.33647e-25
20.496 6.02203e-25
20.528 5.68944e-25
20.56 5.36556e-25
20.592 5.05984e-25
20.624 4.83762e-25
20.656 4.56253e-25
20.688 4.30697e-25
20.72 4.10716e-25
20.752 3.84927e-25
20.784 3.66898e-25
20.816 3.48432e-25
20.848 3.27193e-25
20.88 3.11562e-25
20.912 2.93411e-25
20.944 2.79875e-25
20.976 2.64395e-25
21.008 2.49545e-25
21.04 2.35832e-25
21.072 2.22379e-25
21.104 2.11031e-25
21.136 2.00547e-25
21.168 1.89058e-25
21.2 1.80822e-25
21.232 1.68752e-25
21.264 1.61926e-25
21.296 1.52972e-25
21.328 1.44898e-25
21.36 1.36367e-25
21.392 1.27645e-25
21.424 1.2092e-25
21.456 1.15292e-25
21.488 1.09785e-25
21.52 1.03526e-25
21.552 9.76266e-26
21.584 9.2051e-26
21.616 8.7223e-26
21.648 8.26723e-26
21.68 7.84646e-26
21.712 7.44716e-26
21.744 7.00562e-26
21.776 6.67039e-26
21.808 6.29581e-26
21.84 5.9523e-26
21.872 5.65188e-26
21.904 5.35186e-26
21.936 5.04235e-26
21.968 4.81038e-26
22 4.53414e-26
22.032 4.273e-26
22.064 4.08647e-26
22.096 3.85491e-26
22.128 3.64571e-26
22.16 3.40915e-26
22.192 3.27313e-26
22.224 3.08494e-26
22.256 2.91398e-26
22.288 2.75119e-26
22.32 2.60992e-26
22.352 2.47902e-26
22.384 2.33056e-26
22.416 2.21891e-26
22.448 2.09596e-26
22.48 1.99783e-26
22.512 1.87316e-26
22.544 1.7639e-26
22.576 1.67353e-26
22.608 1.60471e-26
22.64 1.50835e-26
22.672 1.42546e-26
22.704 1.35112e-26
22.736 1.27996e-26
22.768 1.20189e-26
22.8 1.14221e-26
22.832 1.08941e-26
22.864 1.03068e-26
22.896 9.71766e-27
22.928 9.18792e-27
22.96 8.65419e-27
22.992 8.22808e-27
23.024 7.81807e-27
23.056 7.27689e-27
23.088 6.9421e-27
23.12 6.55592e-27
23.152 6.24317e-27
23.184 5.932e-27
23.216 5.58088e-27
23.248 5.28173e-27
23.28 4.9746e-27
23.312 4.76337e-27
23.344 4.45284e-27
23.376 4.2397e-27
23.408 4.00681e-27
23.44 3.77924e-27
23.472 3.58051e-27
23.504 3.39268e-27
23.536 3.20076e-27
23.568 3.01253e-27
23.6 2.86199e-27
23.632 2.71409e-27
23.664 2.57901e-27
23.696 2.43111e-27
23.728 2.29478e-27
23.76 2.18225e-27
23.792 2.0655e-27
23.824 1.94954e-27
23.856 1.83943e-27
23.888 1.74308e-27
23.92 1.64586e-27
23.952 1.56528e-27
23.984 1.47428e-27
24.016 1.40594e-27
24.048 1.32798e-27
24.08 1.24765e-27
24.112 1.19101e-27
24.144 1.11737e-27
24.176 1.0521e-27
24.208 9.94671e-28
24.24 9.41418e-28
24.272 8.89495e-28
24.304 8.41105e-28
24.336 8.00948e-28
24.368 7.48276e-28
24.4 7.14761e-28
24.432 6.72747e-28
24.464 6.42986e-28
24.496 6.00933e-28
24.528 5.69904e-28
24.56 5.39527e-28
24.592 5.0882e-28
24.624 4.81028e-28
24.656 4.54568e-28
24.688 4.28912e-28
24.72 4.05833e-28
24.752 3.83752e-28
24.784 3.63645e-28
24.816 3.42931e-28
24.848 3.26416e-28
24.88 3.05412e-28
24.912 2.89312e-28
24.944 2.73547e-28
24.976 2.59799e-28
25.008 2.45519e-28
25.04 2.30317e-28
25.072 2.17686e-28
25.104 2.08257e-28
25.136 1.95248e-28
25.168 1.83313e-28
25.2 1.748e-28
25.232 1.64835e-28
25.264 1.56214e-28
25.296 1.47474e-28
25.328 1.39458e-28
25.36 1.31082e-28
25.392 1.24667e-28
25.424 1.16416e-28
25.456 1.10548e-28
25.488 1.04189e-28
25.52 9.85391e-29
25.552 9.30777e-29
25.584 8.87811e-29
25.616 8.34003e-29
25.648 7.80956e-29
25.68 7.47051e-29
25.712 7.01895e-29
25.744 6.61688e-29
25.776 6.27063e-29
25.808 5.97325e-29
25.84 5.53888e-29
25.872 5.26823e-29
25.904 4.96318e-29
25.936 4.71153e-29
25.968 4.45263e-29
26 4.17075e-29
26.032 3.94786e-29
26.064 3.69545e-29
26.096 3.51068e-29
26.128 3.33196e-29
26.16 3.12575e-29
26.192 2.9337e-29
26.224 2.83062e-29
26.256 2.6673e-29
26.288 2.49476e-29
26.32 2.33724e-29
26.352 2.221e-29
26.384 2.08189e-29
26.416 1.98647e-29
26.448 1.87066e-29
26.48 1.75784e-29
26.512 1.65876e-29
26.544 1.57056e-29
26.576 1.473e-29
26.608 1.38842e-29
26.64 1.32101e-29
26.672 1.2285e-29
26.704 1.17295e-29
26.736 1.09792e-29
26.768 1.04392e-29
26.8 9.93332e-30
26.832 9.31697e-30
26.864 8.68044e-30
26.896 8.26889e-30
26.928 7.8204e-30
26.96 7.3309e-30
26.992 6.89825e-30
27.024 6.49263e-30
27.056 6.17672e-30
27.088 5.7598e-30
27.12 5.48947e-30
27.152 5.12469e-30
27.184 4.82963e-30
27.216 4.56195e-30
27.248 4.30821e-30
27.28 4.02166e-30
27.312 3.80627e-30
27.344 3.59147e-30
27.376 3.39636e-30
27.408 3.18242e-30
27.44 2.95831e-30
27.472 2.83061e-30
27.504 2.6775e-30
27.536 2.49814e-30
27.568 2.38629e-30
27.6 2.21951e-30
27.632 2.10377e-30
27.664 1.97669e-30
27.696 1.85317e-30
27.728 1.75552e-30
27.76 1.65939e-30
27.792 1.56086e-30
27.824 1.46005e-30
27.856 1.37263e-30
27.888 1.28619e-30
27.92 1.20627e-30
27.952 1.14217e-30
27.984 1.07049e-30
28.016 1.00095e-30
28.048 9.45712e-31
28.08 8.90657e-31
28.112 8.56012e-31
28.144 7.83653e-31
28.176 7.36632e-31
28.208 6.9488e-31
28.24 6.54897e-31
28.272 6.10433e-31
28.304 5.74961e-31
28.336 5.46314e-31
28.368 5.12586e-31
28.4 4.79068e-31
28.432 4.52341e-31
28.464 4.23259e-31
28.496 4.0081e-31
28.528 3.72436e-31
28.56 3.52478e-31
28.592 3.29922e-31
28.624 3.12375e-31
28.656 2.91426e-31
28.688 2.72568e-31
28.72 2.55698e-31
28.752 2.38025e-31
28.784 2.25858e-31
28.816 2.14162e-31
28.848 1.96615e-31
28.88 1.83237e-31
28.912 1.75689e-31
28.944 1.64617e-31
28.976 1.51483e-31
29.008 1.4381e-31
29.04 1.31133e-31
29.072 1.25402e-31
29.104 1.17637e-31
29.136 1.10526e-31
29.168 1.01974e-31
29.2 9.68165e-32
29.232 9.10968e-32
29.264 8.48005e-32
29.296 7.92682e-32
29.328 7.4838e-32
29.36 7.01049e-32
29.392 6.42645e-32
29.424 6.04433e-32
29.456 5.69099e-32
29.488 5.27364e-32
29.52 4.98934e-32
29.552 4.59665e-32
29.584 4.33789e-32
29.616 4.05289e-32
29.648 3.77216e-32
29.68 3.45755e-32
29.712 3.2519e-32
29.744 3.08422e-32
29.776 2.85734e-32
29.808 2.68636e-32
29.84 2.41646e-32
29.872 2.27179e-32
29.904 2.11426e-32
29.936 1.96327e-32
29.968 1.85675e-32
30 1.72959e-32
30.032 1.61783e-32
30.064 1.48734e-32
30.096 1.39557e-32
30.128 1.28096e-32
30.16 1.20685e-32
30.192 1.10916e-32
30.224 1.0232e-32
30.256 9.64405e-33
30.288 9.01051e-33
30.32 8.19386e-33
30.352 7.75324e-33
30.384 7.00565e-33
30.416 6.45471e-33
30.448 6.0261e-33
30.48 5.53913e-33
30.512 5.16605e-33
30.544 4.71299e-33
30.576 4.33252e-33
30.608 4.02189e-33
30.64 3.76283e-33
30.672 3.40767e-33
30.704 3.06418e-33
30.736 2.91323e-33
30.768 2.58092e-33
30.8 2.38876e-33
30.832 2.19773e-33
30.864 2.00486e-33
30.896 1.86867e-33
30.928 1.70887e-33
30.96 1.52409e-33
30.992 1.43046e-33
31.024 1.30316e-33
31.056 1.16935e-33
31.088 1.06079e-33
31.12 9.89399e-34
31.152 8.7124e-34
31.184 7.69125e-34
31.216 6.99415e-34
31.248 6.4505e-34
31.28 5.49605e-34
31.312 5.02617e-34
31.344 4.46876e-34
31.376 4.04906e-34
31.408 3.62091e-34
31.44 3.0299e-34
31.472 2.72453e-34
31.504 2.40574e-34
31.536 2.08742e-34
31.568 1.74864e-34
31.6 1.65281e-34
31.632 1.3052e-34
31.664 1.12396e-34
31.696 8.49751e-35
31.728 7.52031e-35
31.76 6.04642e-35
31.792 4.46162e-35
31.824 3.40873e-35
31.856 2.28564e-35
31.888 1.57014e-35
31.92 8.21919e-36
31.952 3.82573e-36
31.984 3.88539e-37
