#1:M 2:dN/MdM dy_q d2xT
0.016 5.93478e-08
0.048 5.3086e-08
0.08 4.55625e-08
0.112 3.86749e-08
0.144 3.29974e-08
0.176 2.81683e-08
0.208 2.41838e-08
0.24 2.08714e-08
0.272 1.81098e-08
0.304 1.57929e-08
0.336 1.38355e-08
0.368 1.21671e-08
0.4 1.06414e-08
0.432 9.41866e-09
0.464 8.36662e-09
0.496 7.44819e-09
0.528 6.64616e-09
0.56 5.95133e-09
0.592 5.33375e-09
0.624 4.79686e-09
0.656 4.30465e-09
0.688 3.88567e-09
0.72 3.51058e-09
0.752 3.17663e-09
0.784 2.87735e-09
0.816 2.61286e-09
0.848 2.37448e-09
0.88 2.16131e-09
0.912 1.95997e-09
0.944 1.78786e-09
0.976 1.63349e-09
1.008 1.49396e-09
1.04 1.36661e-09
1.072 1.2516e-09
1.104 1.14784e-09
1.136 1.05343e-09
1.168 9.64181e-10
1.2 8.86749e-10
1.232 8.15484e-10
1.264 7.51433e-10
1.296 6.91585e-10
1.328 6.38218e-10
1.36 5.88772e-10
1.392 5.43551e-10
1.424 5.00797e-10
1.456 4.63278e-10
1.488 4.28578e-10
1.52 3.97029e-10
1.552 3.67652e-10
1.584 3.40705e-10
1.616 3.15996e-10
1.648 2.93565e-10
1.68 2.69843e-10
1.712 2.50685e-10
1.744 2.3273e-10
1.776 2.16482e-10
1.808 2.01304e-10
1.84 1.87388e-10
1.872 1.7439e-10
1.904 1.6219e-10
1.936 1.50991e-10
1.968 1.40864e-10
2 1.31336e-10
2.032 1.22637e-10
2.064 1.14404e-10
2.096 1.06703e-10
2.128 9.96694e-11
2.16 9.31499e-11
2.192 8.69007e-11
2.224 8.11963e-11
2.256 7.59721e-11
2.288 7.10071e-11
2.32 6.65335e-11
2.352 6.22305e-11
2.384 5.82646e-11
2.416 5.45829e-11
2.448 5.10616e-11
2.48 4.7855e-11
2.512 4.49016e-11
2.544 4.20665e-11
2.576 3.94312e-11
2.608 3.69968e-11
2.64 3.47341e-11
2.672 3.26246e-11
2.704 3.08601e-11
2.736 2.8994e-11
2.768 2.72272e-11
2.8 2.55889e-11
2.832 2.40326e-11
2.864 2.25555e-11
2.896 2.12417e-11
2.928 1.99599e-11
2.96 1.87556e-11
2.992 1.76368e-11
3.024 1.66346e-11
3.056 1.56084e-11
3.088 1.46873e-11
3.12 1.38581e-11
3.152 1.30363e-11
3.184 1.22743e-11
3.216 1.1545e-11
3.248 1.0887e-11
3.28 1.02518e-11
3.312 9.66174e-12
3.344 9.10431e-12
3.376 8.58074e-12
3.408 8.0939e-12
3.44 7.62946e-12
3.472 7.19021e-12
3.504 6.79187e-12
3.536 6.38918e-12
3.568 6.04199e-12
3.6 5.70712e-12
3.632 5.37531e-12
3.664 5.08216e-12
3.696 4.78596e-12
3.728 4.48404e-12
3.76 4.2308e-12
3.792 3.9997e-12
3.824 3.77405e-12
3.856 3.56901e-12
3.888 3.37781e-12
3.92 3.18065e-12
3.952 3.0128e-12
3.984 2.84419e-12
4.016 2.68982e-12
4.048 2.53899e-12
4.08 2.40235e-12
4.112 2.26689e-12
4.144 2.14635e-12
4.176 2.02822e-12
4.208 1.91663e-12
4.24 1.81293e-12
4.272 1.71627e-12
4.304 1.6233e-12
4.336 1.53516e-12
4.368 1.45143e-12
4.4 1.3715e-12
4.432 1.29801e-12
4.464 1.22887e-12
4.496 1.16578e-12
4.528 1.1033e-12
4.56 1.04772e-12
4.592 9.89519e-13
4.624 9.36121e-13
4.656 8.8558e-13
4.688 8.38845e-13
4.72 7.92862e-13
4.752 8.00463e-13
4.784 7.56893e-13
4.816 7.17098e-13
4.848 6.78959e-13
4.88 6.43654e-13
4.912 6.0962e-13
4.944 5.78302e-13
4.976 5.46995e-13
5.008 5.06031e-13
5.04 4.77861e-13
5.072 4.54083e-13
5.104 4.29707e-13
5.136 4.07716e-13
5.168 3.86197e-13
5.2 3.6618e-13
5.232 3.4739e-13
5.264 3.28926e-13
5.296 3.1169e-13
5.328 2.9499e-13
5.36 2.79889e-13
5.392 2.65028e-13
5.424 2.51274e-13
5.456 2.38263e-13
5.488 2.26231e-13
5.52 2.14009e-13
5.552 2.02784e-13
5.584 1.9201e-13
5.616 1.82808e-13
5.648 1.72826e-13
5.68 1.6398e-13
5.712 1.55694e-13
5.744 1.47194e-13
5.776 1.3995e-13
5.808 1.32624e-13
5.84 1.2589e-13
5.872 1.19327e-13
5.904 1.13168e-13
5.936 1.07432e-13
5.968 1.01731e-13
6 9.65067e-14
6.032 9.17119e-14
6.064 8.66988e-14
6.096 8.23581e-14
6.128 7.82451e-14
6.16 7.41103e-14
6.192 7.0279e-14
6.224 6.64635e-14
6.256 6.32475e-14
6.288 5.99193e-14
6.32 5.69603e-14
6.352 5.38993e-14
6.384 5.12042e-14
6.416 4.85556e-14
6.448 4.61317e-14
6.48 4.38091e-14
6.512 4.15213e-14
6.544 3.94768e-14
6.576 3.74372e-14
6.608 3.54236e-14
6.64 3.36541e-14
6.672 3.19231e-14
6.704 3.03249e-14
6.736 2.87195e-14
6.768 2.73217e-14
6.8 2.59458e-14
6.832 2.46519e-14
6.864 2.33913e-14
6.896 2.22088e-14
6.928 2.10431e-14
6.96 1.9923e-14
6.992 1.89216e-14
7.024 1.79749e-14
7.056 1.70672e-14
7.088 1.62161e-14
7.12 1.53497e-14
7.152 1.45773e-14
7.184 1.38484e-14
7.216 1.31624e-14
7.248 1.24401e-14
7.28 1.1792e-14
7.312 1.12495e-14
7.344 1.06932e-14
7.376 1.00912e-14
7.408 9.60636e-15
7.44 9.1038e-15
7.472 8.65386e-15
7.504 8.20418e-15
7.536 7.79408e-15
7.568 7.36972e-15
7.6 7.00106e-15
7.632 6.66667e-15
7.664 6.30751e-15
7.696 6.00255e-15
7.728 5.69843e-15
7.76 5.40678e-15
7.792 5.1366e-15
7.824 4.86731e-15
7.856 4.62221e-15
7.888 4.39961e-15
7.92 4.16839e-15
7.952 3.95002e-15
7.984 3.74168e-15
8.016 3.55365e-15
8.048 3.36944e-15
8.08 3.20491e-15
8.112 3.03754e-15
8.144 2.87914e-15
8.176 2.73551e-15
8.208 2.60014e-15
8.24 2.46192e-15
8.272 2.34229e-15
8.304 2.22399e-15
8.336 2.11244e-15
8.368 2.00656e-15
8.4 1.90185e-15
8.432 1.80705e-15
8.464 1.70661e-15
8.496 1.62613e-15
8.528 1.54298e-15
8.56 1.46266e-15
8.592 1.39119e-15
8.624 1.32136e-15
8.656 1.25018e-15
8.688 1.18848e-15
8.72 1.12601e-15
8.752 1.06968e-15
8.784 1.0166e-15
8.816 9.631e-16
8.848 9.16564e-16
8.88 8.71763e-16
8.912 8.26805e-16
8.944 7.84494e-16
8.976 7.46783e-16
9.008 7.08197e-16
9.04 6.69941e-16
9.072 6.3674e-16
9.104 6.05477e-16
9.136 5.72751e-16
9.168 5.45358e-16
9.2 5.17567e-16
9.232 4.9104e-16
9.264 4.65156e-16
9.296 4.40089e-16
9.328 4.1936e-16
9.36 3.96471e-16
9.392 3.77529e-16
9.424 3.57402e-16
9.456 3.40066e-16
9.488 3.23424e-16
9.52 3.05946e-16
9.552 2.91067e-16
9.584 2.7566e-16
9.616 2.6224e-16
9.648 2.4941e-16
9.68 2.36758e-16
9.712 2.24661e-16
9.744 2.12567e-16
9.776 2.01544e-16
9.808 1.92533e-16
9.84 1.8191e-16
9.872 1.72988e-16
9.904 1.63713e-16
9.936 1.55784e-16
9.968 1.47865e-16
10 1.39646e-16
10.032 1.33386e-16
10.064 1.26567e-16
10.096 1.19893e-16
10.128 1.13625e-16
10.16 1.07648e-16
10.192 1.02203e-16
10.224 9.69858e-17
10.256 9.21874e-17
10.288 8.75028e-17
10.32 8.30886e-17
10.352 7.867e-17
10.384 7.47199e-17
10.416 7.09174e-17
10.448 6.75641e-17
10.48 6.38622e-17
10.512 6.06309e-17
10.544 5.76382e-17
10.576 5.44823e-17
10.608 5.18889e-17
10.64 4.93295e-17
10.672 4.6679e-17
10.704 4.44327e-17
10.736 4.20513e-17
10.768 3.98639e-17
10.8 3.78939e-17
10.832 3.59454e-17
10.864 3.41409e-17
10.896 3.24171e-17
10.928 3.07238e-17
10.96 2.93021e-17
10.992 2.7718e-17
11.024 2.63244e-17
11.056 2.50193e-17
11.088 2.36226e-17
11.12 2.2498e-17
11.152 2.13525e-17
11.184 2.02821e-17
11.216 1.91351e-17
11.248 1.82704e-17
11.28 1.73489e-17
11.312 1.64153e-17
11.344 1.55477e-17
11.376 1.4827e-17
11.408 1.40576e-17
11.44 1.33319e-17
11.472 1.26706e-17
11.504 1.20287e-17
11.536 1.13791e-17
11.568 1.08334e-17
11.6 1.02894e-17
11.632 9.74739e-18
11.664 9.23603e-18
11.696 8.78189e-18
11.728 8.33067e-18
11.76 7.89756e-18
11.792 7.52545e-18
11.824 7.12483e-18
11.856 6.74886e-18
11.888 6.4392e-18
11.92 6.07941e-18
11.952 5.76958e-18
11.984 5.50413e-18
12.016 5.18282e-18
12.048 4.95026e-18
12.08 4.68056e-18
12.112 4.43871e-18
12.144 4.21985e-18
12.176 3.99886e-18
12.208 3.8006e-18
12.24 3.59522e-18
12.272 3.43129e-18
12.304 3.24291e-18
12.336 3.07902e-18
12.368 2.91683e-18
12.4 2.77699e-18
12.432 2.63609e-18
12.464 2.50083e-18
12.496 2.37445e-18
12.528 2.25694e-18
12.56 2.1374e-18
12.592 2.02649e-18
12.624 1.9209e-18
12.656 1.8201e-18
12.688 1.72998e-18
12.72 1.63926e-18
12.752 1.55937e-18
12.784 1.48014e-18
12.816 1.40972e-18
12.848 1.33206e-18
12.88 1.26717e-18
12.912 1.20365e-18
12.944 1.14391e-18
12.976 1.08196e-18
13.008 1.02613e-18
13.04 9.74949e-19
13.072 9.22578e-19
13.104 8.82779e-19
13.136 8.31528e-19
13.168 7.90552e-19
13.2 7.53618e-19
13.232 7.1721e-19
13.264 6.78993e-19
13.296 6.46742e-19
13.328 6.09252e-19
13.36 5.80111e-19
13.392 5.51194e-19
13.424 5.2214e-19
13.456 4.93591e-19
13.488 4.70644e-19
13.52 4.4632e-19
13.552 4.21539e-19
13.584 4.02402e-19
13.616 3.82068e-19
13.648 3.60261e-19
13.68 3.44124e-19
13.712 3.2409e-19
13.744 3.08424e-19
13.776 2.92537e-19
13.808 2.78503e-19
13.84 2.64474e-19
13.872 2.51338e-19
13.904 2.38096e-19
13.936 2.24322e-19
13.968 2.14139e-19
14 2.02928e-19
14.032 1.9326e-19
14.064 1.82776e-19
14.096 1.73955e-19
14.128 1.65311e-19
14.16 1.56155e-19
14.192 1.48526e-19
14.224 1.4094e-19
14.256 1.33855e-19
14.288 1.26546e-19
14.32 1.20018e-19
14.352 1.14294e-19
14.384 1.08603e-19
14.416 1.02677e-19
14.448 9.77394e-20
14.48 9.29129e-20
14.512 8.78717e-20
14.544 8.29532e-20
14.576 7.87822e-20
14.608 7.46492e-20
14.64 7.13287e-20
14.672 6.75533e-20
14.704 6.38415e-20
14.736 6.04969e-20
14.768 5.78167e-20
14.8 5.48023e-20
14.832 5.19678e-20
14.864 4.92909e-20
14.896 4.69849e-20
14.928 4.42673e-20
14.96 4.22426e-20
14.992 4.00996e-20
15.024 3.79622e-20
15.056 3.60456e-20
15.088 3.40207e-20
15.12 3.24065e-20
15.152 3.08475e-20
15.184 2.92664e-20
15.216 2.76475e-20
15.248 2.63055e-20
15.28 2.48313e-20
15.312 2.37045e-20
15.344 2.2406e-20
15.376 2.12616e-20
15.408 2.01677e-20
15.44 1.92218e-20
15.472 1.81183e-20
15.504 1.72062e-20
15.536 1.64012e-20
15.568 1.54778e-20
15.6 1.47853e-20
15.632 1.40417e-20
15.664 1.32178e-20
15.696 1.25572e-20
15.728 1.20018e-20
15.76 1.13945e-20
15.792 1.07404e-20
15.824 1.02201e-20
15.856 9.73342e-21
15.888 9.2126e-21
15.92 8.74918e-21
15.952 8.29887e-21
15.984 7.8637e-21
16.016 7.46899e-21
16.048 7.07335e-21
16.08 6.72569e-21
16.112 6.3465e-21
16.144 6.06047e-21
16.176 5.71305e-21
16.208 5.43171e-21
16.24 5.17553e-21
16.272 4.90363e-21
16.304 4.65242e-21
16.336 4.40946e-21
16.368 4.19186e-21
16.4 3.96249e-21
16.432 3.75815e-21
16.464 3.5636e-21
16.496 3.40598e-21
16.528 3.22435e-21
16.56 3.049e-21
16.592 2.8994e-21
16.624 2.75436e-21
16.656 2.61397e-21
16.688 2.48218e-21
16.72 2.35943e-21
16.752 2.23224e-21
16.784 2.12345e-21
16.816 2.00929e-21
16.848 1.90471e-21
16.88 1.80749e-21
16.912 1.71701e-21
16.944 1.62759e-21
16.976 1.53952e-21
17.008 1.47366e-21
17.04 1.39199e-21
17.072 1.31883e-21
17.104 1.25003e-21
17.136 1.19303e-21
17.168 1.12974e-21
17.2 1.07135e-21
17.232 1.02034e-21
17.264 9.62734e-22
17.296 9.13291e-22
17.328 8.72124e-22
17.36 8.22124e-22
17.392 7.85047e-22
17.424 7.39358e-22
17.456 7.04391e-22
17.488 6.68973e-22
17.52 6.34226e-22
17.552 6.01328e-22
17.584 5.70422e-22
17.616 5.45532e-22
17.648 5.15274e-22
17.68 4.8989e-22
17.712 4.62249e-22
17.744 4.39731e-22
17.776 4.17823e-22
17.808 3.93962e-22
17.84 3.73889e-22
17.872 3.55289e-22
17.904 3.37881e-22
17.936 3.20337e-22
17.968 3.03234e-22
18 2.88786e-22
18.032 2.7255e-22
18.064 2.59868e-22
18.096 2.4651e-22
18.128 2.3392e-22
18.16 2.2171e-22
18.192 2.10602e-22
18.224 1.99575e-22
18.256 1.90353e-22
18.288 1.79792e-22
18.32 1.70646e-22
18.352 1.61024e-22
18.384 1.53557e-22
18.416 1.45632e-22
18.448 1.38344e-22
18.48 1.31148e-22
18.512 1.24894e-22
18.544 1.17876e-22
18.576 1.12143e-22
18.608 1.0593e-22
18.64 1.00621e-22
18.672 9.5805e-23
18.704 9.10177e-23
18.736 8.62788e-23
18.768 8.20315e-23
18.8 7.75451e-23
18.832 7.31963e-23
18.864 6.96948e-23
18.896 6.62216e-23
18.928 6.26736e-23
18.96 5.99141e-23
18.992 5.65429e-23
19.024 5.39098e-23
19.056 5.09613e-23
19.088 4.8489e-23
19.12 4.55929e-23
19.152 4.33543e-23
19.184 4.14803e-23
19.216 3.93522e-23
19.248 3.71339e-23
19.28 3.54302e-23
19.312 3.35479e-23
19.344 3.18355e-23
19.376 2.99659e-23
19.408 2.85103e-23
19.44 2.72712e-23
19.472 2.57551e-23
19.504 2.44146e-23
19.536 2.32258e-23
19.568 2.20284e-23
19.6 2.08675e-23
19.632 1.98297e-23
19.664 1.87026e-23
19.696 1.78595e-23
19.728 1.68969e-23
19.76 1.60144e-23
19.792 1.52526e-23
19.824 1.43827e-23
19.856 1.36092e-23
19.888 1.2905e-23
19.92 1.23511e-23
19.952 1.16858e-23
19.984 1.11141e-23
20.016 1.04663e-23
20.048 1.00028e-23
20.08 9.45549e-24
20.112 8.99869e-24
20.144 8.52353e-24
20.176 8.09229e-24
20.208 7.71485e-24
20.24 7.24557e-24
20.272 6.91423e-24
20.304 6.56255e-24
20.336 6.19789e-24
20.368 5.89399e-24
20.4 5.58583e-24
20.432 5.32395e-24
20.464 5.04319e-24
20.496 4.75411e-24
20.528 4.51043e-24
20.56 4.3011e-24
20.592 4.07965e-24
20.624 3.87932e-24
20.656 3.66618e-24
20.688 3.48754e-24
20.72 3.29996e-24
20.752 3.11385e-24
20.784 2.98757e-24
20.816 2.83357e-24
20.848 2.6849e-24
20.88 2.53808e-24
20.912 2.40631e-24
20.944 2.28642e-24
20.976 2.17201e-24
21.008 2.061e-24
21.04 1.94382e-24
21.072 1.84909e-24
21.104 1.74827e-24
21.136 1.66174e-24
21.168 1.57809e-24
21.2 1.50122e-24
21.232 1.40889e-24
21.264 1.34136e-24
21.296 1.27191e-24
21.328 1.20919e-24
21.36 1.14477e-24
21.392 1.08216e-24
21.424 1.02121e-24
21.456 9.72127e-25
21.488 9.2438e-25
21.52 8.75503e-25
21.552 8.29206e-25
21.584 7.87004e-25
21.616 7.49596e-25
21.648 7.01845e-25
21.68 6.71146e-25
21.712 6.37496e-25
21.744 6.04902e-25
21.776 5.73803e-25
21.808 5.46137e-25
21.84 5.18088e-25
21.872 4.9237e-25
21.904 4.64211e-25
21.936 4.39417e-25
21.968 4.17799e-25
22 3.96712e-25
22.032 3.74793e-25
22.064 3.56774e-25
22.096 3.37363e-25
22.128 3.22234e-25
22.16 3.02207e-25
22.192 2.88552e-25
22.224 2.71086e-25
22.256 2.57349e-25
22.288 2.4459e-25
22.32 2.32328e-25
22.352 2.19679e-25
22.384 2.10471e-25
22.416 1.97602e-25
22.448 1.88107e-25
22.48 1.78649e-25
22.512 1.68396e-25
22.544 1.60647e-25
22.576 1.52209e-25
22.608 1.44399e-25
22.64 1.3584e-25
22.672 1.30173e-25
22.704 1.23835e-25
22.736 1.15865e-25
22.768 1.10256e-25
22.8 1.04537e-25
22.832 9.95221e-26
22.864 9.42019e-26
22.896 8.93158e-26
22.928 8.47833e-26
22.96 7.97417e-26
22.992 7.58908e-26
23.024 7.1965e-26
23.056 6.79321e-26
23.088 6.50286e-26
23.12 6.1292e-26
23.152 5.82039e-26
23.184 5.5255e-26
23.216 5.24231e-26
23.248 4.97846e-26
23.28 4.66077e-26
23.312 4.47253e-26
23.344 4.23617e-26
23.376 3.9896e-26
23.408 3.79908e-26
23.44 3.58868e-26
23.472 3.42593e-26
23.504 3.23881e-26
23.536 3.05687e-26
23.568 2.89885e-26
23.6 2.75682e-26
23.632 2.63541e-26
23.664 2.4727e-26
23.696 2.32478e-26
23.728 2.22624e-26
23.76 2.1227e-26
23.792 2.00498e-26
23.824 1.8916e-26
23.856 1.79571e-26
23.888 1.69517e-26
23.92 1.61362e-26
23.952 1.53196e-26
23.984 1.45641e-26
24.016 1.36395e-26
24.048 1.30906e-26
24.08 1.23273e-26
24.112 1.1684e-26
24.144 1.10765e-26
24.176 1.04214e-26
24.208 9.88273e-27
24.24 9.37586e-27
24.272 8.90899e-27
24.304 8.42728e-27
24.336 8.01326e-27
24.368 7.60318e-27
24.4 7.16995e-27
24.432 6.74441e-27
24.464 6.42157e-27
24.496 6.06803e-27
24.528 5.7435e-27
24.56 5.48062e-27
24.592 5.16373e-27
24.624 4.90779e-27
24.656 4.6509e-27
24.688 4.40844e-27
24.72 4.15762e-27
24.752 3.91865e-27
24.784 3.71767e-27
24.816 3.5522e-27
24.848 3.34837e-27
24.88 3.17074e-27
24.912 3.00269e-27
24.944 2.86028e-27
24.976 2.67561e-27
25.008 2.55979e-27
25.04 2.42663e-27
25.072 2.28705e-27
25.104 2.17881e-27
25.136 2.0454e-27
25.168 1.94894e-27
25.2 1.83536e-27
25.232 1.73209e-27
25.264 1.6596e-27
25.296 1.5641e-27
25.328 1.47463e-27
25.36 1.39936e-27
25.392 1.32501e-27
25.424 1.25405e-27
25.456 1.19034e-27
25.488 1.114e-27
25.52 1.0585e-27
25.552 1.00337e-27
25.584 9.5113e-28
25.616 8.91059e-28
25.648 8.52551e-28
25.68 8.04551e-28
25.712 7.63358e-28
25.744 7.23561e-28
25.776 6.83225e-28
25.808 6.46549e-28
25.84 6.12372e-28
25.872 5.79357e-28
25.904 5.49565e-28
25.936 5.15187e-28
25.968 4.8722e-28
26 4.59276e-28
26.032 4.35612e-28
26.064 4.13414e-28
26.096 3.89115e-28
26.128 3.69798e-28
26.16 3.48011e-28
26.192 3.3318e-28
26.224 3.08278e-28
26.256 2.95113e-28
26.288 2.8176e-28
26.32 2.63084e-28
26.352 2.49702e-28
26.384 2.35363e-28
26.416 2.24035e-28
26.448 2.12365e-28
26.48 1.99441e-28
26.512 1.87618e-28
26.544 1.77274e-28
26.576 1.69296e-28
26.608 1.5828e-28
26.64 1.51867e-28
26.672 1.42885e-28
26.704 1.34118e-28
26.736 1.26529e-28
26.768 1.1934e-28
26.8 1.1285e-28
26.832 1.07933e-28
26.864 1.01341e-28
26.896 9.55403e-29
26.928 9.00271e-29
26.96 8.39199e-29
26.992 8.04129e-29
27.024 7.63441e-29
27.056 7.20919e-29
27.088 6.71485e-29
27.12 6.40077e-29
27.152 6.00713e-29
27.184 5.72125e-29
27.216 5.32009e-29
27.248 5.09731e-29
27.28 4.76516e-29
27.312 4.55201e-29
27.344 4.23917e-29
27.376 4.01465e-29
27.408 3.8213e-29
27.44 3.59464e-29
27.472 3.36405e-29
27.504 3.16045e-29
27.536 2.99075e-29
27.568 2.83163e-29
27.6 2.65155e-29
27.632 2.51209e-29
27.664 2.38199e-29
27.696 2.23543e-29
27.728 2.13855e-29
27.76 1.99614e-29
27.792 1.87118e-29
27.824 1.7813e-29
27.856 1.65371e-29
27.888 1.58004e-29
27.92 1.48478e-29
27.952 1.40621e-29
27.984 1.31469e-29
28.016 1.24192e-29
28.048 1.16955e-29
28.08 1.09129e-29
28.112 1.04162e-29
28.144 9.81246e-30
28.176 9.12047e-30
28.208 8.66907e-30
28.24 8.08744e-30
28.272 7.68202e-30
28.304 7.22469e-30
28.336 6.77095e-30
28.368 6.35844e-30
28.4 5.93696e-30
28.432 5.61462e-30
28.464 5.3386e-30
28.496 5.02181e-30
28.528 4.69193e-30
28.56 4.41918e-30
28.592 4.11061e-30
28.624 3.87637e-30
28.656 3.62161e-30
28.688 3.41017e-30
28.72 3.23711e-30
28.752 3.00824e-30
28.784 2.81586e-30
28.816 2.66729e-30
28.848 2.4616e-30
28.88 2.35422e-30
28.912 2.20015e-30
28.944 2.03523e-30
28.976 1.94168e-30
29.008 1.7787e-30
29.04 1.69141e-30
29.072 1.55398e-30
29.104 1.45606e-30
29.136 1.37534e-30
29.168 1.28451e-30
29.2 1.21178e-30
29.232 1.10702e-30
29.264 1.06818e-30
29.296 9.62934e-31
29.328 9.17574e-31
29.36 8.53184e-31
29.392 8.00612e-31
29.424 7.37989e-31
29.456 6.8304e-31
29.488 6.37782e-31
29.52 5.95407e-31
29.552 5.47631e-31
29.584 5.17066e-31
29.616 4.72371e-31
29.648 4.31509e-31
29.68 3.99071e-31
29.712 3.65727e-31
29.744 3.3593e-31
29.776 3.14013e-31
29.808 2.84097e-31
29.84 2.54055e-31
29.872 2.4004e-31
29.904 2.15631e-31
29.936 1.97731e-31
29.968 1.81356e-31
30 1.63558e-31
30.032 1.46234e-31
30.064 1.37596e-31
30.096 1.22119e-31
30.128 1.06896e-31
30.16 9.10198e-32
30.192 8.06015e-32
30.224 7.13504e-32
30.256 6.29216e-32
30.288 5.34575e-32
30.32 4.373e-32
30.352 3.70006e-32
30.384 2.9221e-32
30.416 2.30815e-32
30.448 1.57791e-32
30.48 1.01296e-32
30.512 5.44707e-33
30.544 -1.08752e-33
30.576 -2.84192e-33
30.608 -9.45514e-33
30.64 -1.1657e-32
30.672 -1.63621e-32
30.704 -1.90655e-32
30.736 -2.18992e-32
30.768 -2.3107e-32
30.8 -2.4417e-32
30.832 -2.75263e-32
30.864 -2.75843e-32
30.896 -2.83681e-32
30.928 -2.91189e-32
30.96 -2.9419e-32
30.992 -3.06972e-32
31.024 -2.9008e-32
31.056 -2.94677e-32
31.088 -2.86498e-32
31.12 -2.8893e-32
31.152 -2.74398e-32
31.184 -2.74401e-32
31.216 -2.71505e-32
31.248 -2.59287e-32
31.28 -2.5762e-32
31.312 -2.48625e-32
31.344 -2.27511e-32
31.376 -2.18027e-32
31.408 -2.04094e-32
31.44 -1.98497e-32
31.472 -1.82184e-32
31.504 -1.72828e-32
31.536 -1.57141e-32
31.568 -1.46105e-32
31.6 -1.29857e-32
31.632 -1.11639e-32
31.664 -9.85462e-33
31.696 -8.46908e-33
31.728 -6.95257e-33
31.76 -5.71093e-33
31.792 -3.82325e-33
31.824 -2.901e-33
31.856 -1.98658e-33
31.888 -1.75183e-33
31.92 -6.96698e-34
31.952 -1.8891e-34
31.984 -4.74736e-35
