#1:M 2:dN/MdM dy_q d2xT
0.016 5.77585e-10
0.048 4.11947e-10
0.08 2.84558e-10
0.112 2.0562e-10
0.144 1.55776e-10
0.176 1.21724e-10
0.208 9.76845e-11
0.24 7.98039e-11
0.272 6.62348e-11
0.304 5.55829e-11
0.336 4.70606e-11
0.368 4.01833e-11
0.4 3.42314e-11
0.432 2.95654e-11
0.464 2.57229e-11
0.496 2.24668e-11
0.528 1.96425e-11
0.56 1.73578e-11
0.592 1.53223e-11
0.624 1.35602e-11
0.656 1.20146e-11
0.688 1.06948e-11
0.72 9.56949e-12
0.752 8.54032e-12
0.784 7.68534e-12
0.816 6.90487e-12
0.848 6.20207e-12
0.88 5.58998e-12
0.912 5.03669e-12
0.944 4.55471e-12
0.976 4.1337e-12
1.008 3.74915e-12
1.04 3.40444e-12
1.072 3.09915e-12
1.104 2.81961e-12
1.136 2.57571e-12
1.168 2.34665e-12
1.2 2.14462e-12
1.232 1.95761e-12
1.264 1.79758e-12
1.296 1.6474e-12
1.328 1.50908e-12
1.36 1.38802e-12
1.392 1.27543e-12
1.424 1.17046e-12
1.456 1.07851e-12
1.488 9.93166e-13
1.52 9.15799e-13
1.552 8.45026e-13
1.584 7.8184e-13
1.616 7.21288e-13
1.648 6.67586e-13
1.68 6.12778e-13
1.712 5.66621e-13
1.744 5.24469e-13
1.776 4.86078e-13
1.808 4.51482e-13
1.84 4.18425e-13
1.872 3.88959e-13
1.904 3.60625e-13
1.936 3.34886e-13
1.968 3.11694e-13
2 2.88929e-13
2.032 2.6945e-13
2.064 2.5094e-13
2.096 2.3368e-13
2.128 2.1807e-13
2.16 2.03279e-13
2.192 1.89311e-13
2.224 1.7617e-13
2.256 1.64769e-13
2.288 1.54053e-13
2.32 1.43805e-13
2.352 1.34388e-13
2.384 1.25311e-13
2.416 1.16892e-13
2.448 1.09763e-13
2.48 1.023e-13
2.512 9.57912e-14
2.544 8.98135e-14
2.576 8.38749e-14
2.608 7.85134e-14
2.64 7.3709e-14
2.672 6.90235e-14
2.704 6.51447e-14
2.736 6.10835e-14
2.768 5.72824e-14
2.8 5.36589e-14
2.832 5.02716e-14
2.864 4.72195e-14
2.896 4.424e-14
2.928 4.14961e-14
2.96 3.89411e-14
2.992 3.64678e-14
3.024 3.4243e-14
3.056 3.22633e-14
3.088 3.0305e-14
3.12 2.84603e-14
3.152 2.6656e-14
3.184 2.50535e-14
3.216 2.36188e-14
3.248 2.21151e-14
3.28 2.07705e-14
3.312 1.95736e-14
3.344 1.83631e-14
3.376 1.72456e-14
3.408 1.62838e-14
3.44 1.52848e-14
3.472 1.43939e-14
3.504 1.35036e-14
3.536 1.27096e-14
3.568 1.19524e-14
3.6 1.12382e-14
3.632 1.05853e-14
3.664 9.97829e-15
3.696 9.38104e-15
3.728 8.74816e-15
3.76 8.22223e-15
3.792 7.74916e-15
3.824 7.28436e-15
3.856 6.86384e-15
3.888 6.47823e-15
3.92 6.07462e-15
3.952 5.74712e-15
3.984 5.38966e-15
4.016 5.08963e-15
4.048 4.77577e-15
4.08 4.50817e-15
4.112 4.24432e-15
4.144 3.99517e-15
4.176 3.76168e-15
4.208 3.53675e-15
4.24 3.33743e-15
4.272 3.14805e-15
4.304 2.95746e-15
4.336 2.7871e-15
4.368 2.62622e-15
4.4 2.46924e-15
4.432 2.32793e-15
4.464 2.19719e-15
4.496 2.07586e-15
4.528 1.95632e-15
4.56 1.84414e-15
4.592 1.73119e-15
4.624 1.63459e-15
4.656 1.53853e-15
4.688 1.45118e-15
4.72 1.36693e-15
4.752 1.37037e-15
4.784 1.28846e-15
4.816 1.21931e-15
4.848 1.14471e-15
4.88 1.08044e-15
4.912 1.01566e-15
4.944 9.5582e-16
4.976 9.04444e-16
5.008 8.29009e-16
5.04 7.80675e-16
5.072 7.38307e-16
5.104 6.94044e-16
5.136 6.53171e-16
5.168 6.16721e-16
5.2 5.80556e-16
5.232 5.46314e-16
5.264 5.14257e-16
5.296 4.84358e-16
5.328 4.57842e-16
5.36 4.30279e-16
5.392 4.04954e-16
5.424 3.81686e-16
5.456 3.60592e-16
5.488 3.38577e-16
5.52 3.19836e-16
5.552 3.01129e-16
5.584 2.82307e-16
5.616 2.65753e-16
5.648 2.50302e-16
5.68 2.36639e-16
5.712 2.23427e-16
5.744 2.10239e-16
5.776 1.9739e-16
5.808 1.85745e-16
5.84 1.74126e-16
5.872 1.64605e-16
5.904 1.54798e-16
5.936 1.45554e-16
5.968 1.3741e-16
6 1.29695e-16
6.032 1.21985e-16
6.064 1.15239e-16
6.096 1.08002e-16
6.128 1.01342e-16
6.16 9.58608e-17
6.192 8.99886e-17
6.224 8.47882e-17
6.256 7.99188e-17
6.288 7.54133e-17
6.32 7.08521e-17
6.352 6.64685e-17
6.384 6.27615e-17
6.416 5.88436e-17
6.448 5.54983e-17
6.48 5.22147e-17
6.512 4.91095e-17
6.544 4.60581e-17
6.576 4.35843e-17
6.608 4.07873e-17
6.64 3.85564e-17
6.672 3.64195e-17
6.704 3.41011e-17
6.736 3.19974e-17
6.768 3.0055e-17
6.8 2.84512e-17
6.832 2.67489e-17
6.864 2.51799e-17
6.896 2.36901e-17
6.928 2.22466e-17
6.96 2.09348e-17
6.992 1.96431e-17
7.024 1.85076e-17
7.056 1.73158e-17
7.088 1.62644e-17
7.12 1.54423e-17
7.152 1.44234e-17
7.184 1.35631e-17
7.216 1.27489e-17
7.248 1.20537e-17
7.28 1.12645e-17
7.312 1.05992e-17
7.344 9.94267e-18
7.376 9.37443e-18
7.408 8.78783e-18
7.44 8.28359e-18
7.472 7.75421e-18
7.504 7.27838e-18
7.536 6.88747e-18
7.568 6.43271e-18
7.6 6.06829e-18
7.632 5.70362e-18
7.664 5.33001e-18
7.696 5.02705e-18
7.728 4.71972e-18
7.76 4.43491e-18
7.792 4.15684e-18
7.824 3.9195e-18
7.856 3.68893e-18
7.888 3.4663e-18
7.92 3.24501e-18
7.952 3.05147e-18
7.984 2.86602e-18
8.016 2.69793e-18
8.048 2.52076e-18
8.08 2.37243e-18
8.112 2.23405e-18
8.144 2.09387e-18
8.176 1.96364e-18
8.208 1.84547e-18
8.24 1.73048e-18
8.272 1.62445e-18
8.304 1.52553e-18
8.336 1.43146e-18
8.368 1.34226e-18
8.4 1.26331e-18
8.432 1.18421e-18
8.464 1.10533e-18
8.496 1.04688e-18
8.528 9.80044e-19
8.56 9.18769e-19
8.592 8.65663e-19
8.624 8.10324e-19
8.656 7.58739e-19
8.688 7.15765e-19
8.72 6.70792e-19
8.752 6.29027e-19
8.784 5.88839e-19
8.816 5.52012e-19
8.848 5.19164e-19
8.88 4.88935e-19
8.912 4.5683e-19
8.944 4.29418e-19
8.976 4.00223e-19
9.008 3.78671e-19
9.04 3.53401e-19
9.072 3.32271e-19
9.104 3.11653e-19
9.136 2.91525e-19
9.168 2.74612e-19
9.2 2.58353e-19
9.232 2.40515e-19
9.264 2.27256e-19
9.296 2.12394e-19
9.328 1.98842e-19
9.36 1.86109e-19
9.392 1.75281e-19
9.424 1.65192e-19
9.456 1.54231e-19
9.488 1.43722e-19
9.52 1.34519e-19
9.552 1.27083e-19
9.584 1.18819e-19
9.616 1.11176e-19
9.648 1.04491e-19
9.68 9.78663e-20
9.712 9.16295e-20
9.744 8.59858e-20
9.776 8.07411e-20
9.808 7.57782e-20
9.84 7.12985e-20
9.872 6.62573e-20
9.904 6.23595e-20
9.936 5.7942e-20
9.968 5.45042e-20
10 5.14862e-20
10.032 4.79802e-20
10.064 4.47685e-20
10.096 4.20212e-20
10.128 3.94395e-20
10.16 3.6926e-20
10.192 3.48107e-20
10.224 3.25466e-20
10.256 3.05195e-20
10.288 2.87128e-20
10.32 2.66681e-20
10.352 2.50248e-20
10.384 2.3293e-20
10.416 2.20535e-20
10.448 2.06187e-20
10.48 1.92855e-20
10.512 1.80147e-20
10.544 1.69188e-20
10.576 1.58696e-20
10.608 1.4886e-20
10.64 1.39338e-20
10.672 1.30257e-20
10.704 1.21864e-20
10.736 1.1417e-20
10.768 1.07393e-20
10.8 9.98306e-21
10.832 9.38192e-21
10.864 8.81681e-21
10.896 8.29933e-21
10.928 7.75415e-21
10.96 7.25825e-21
10.992 6.82412e-21
11.024 6.3754e-21
11.056 5.95302e-21
11.088 5.54219e-21
11.12 5.22362e-21
11.152 4.89807e-21
11.184 4.57868e-21
11.216 4.30699e-21
11.248 4.02581e-21
11.28 3.77449e-21
11.312 3.51352e-21
11.344 3.29735e-21
11.376 3.07473e-21
11.408 2.90035e-21
11.44 2.71816e-21
11.472 2.53901e-21
11.504 2.36432e-21
11.536 2.23107e-21
11.568 2.09293e-21
11.6 1.9361e-21
11.632 1.83563e-21
11.664 1.71406e-21
11.696 1.60404e-21
11.728 1.51075e-21
11.76 1.39806e-21
11.792 1.31509e-21
11.824 1.24117e-21
11.856 1.15658e-21
11.888 1.08243e-21
11.92 1.01305e-21
11.952 9.45419e-22
11.984 8.83058e-22
12.016 8.25411e-22
12.048 7.70579e-22
12.08 7.29604e-22
12.112 6.84115e-22
12.144 6.43073e-22
12.176 5.94154e-22
12.208 5.62074e-22
12.24 5.23611e-22
12.272 4.94438e-22
12.304 4.60933e-22
12.336 4.28819e-22
12.368 3.99265e-22
12.4 3.75488e-22
12.432 3.51726e-22
12.464 3.28917e-22
12.496 3.09082e-22
12.528 2.89305e-22
12.56 2.71607e-22
12.592 2.54691e-22
12.624 2.38894e-22
12.656 2.21565e-22
12.688 2.09397e-22
12.72 1.93696e-22
12.752 1.82775e-22
12.784 1.70401e-22
12.816 1.5923e-22
12.848 1.50987e-22
12.88 1.4008e-22
12.912 1.32051e-22
12.944 1.23067e-22
12.976 1.15214e-22
13.008 1.08342e-22
13.04 1.01014e-22
13.072 9.45562e-23
13.104 8.82009e-23
13.136 8.26702e-23
13.168 7.74637e-23
13.2 7.33406e-23
13.232 6.87683e-23
13.264 6.38121e-23
13.296 5.98976e-23
13.328 5.6183e-23
13.36 5.25814e-23
13.392 4.94125e-23
13.424 4.58321e-23
13.456 4.33195e-23
13.488 4.03956e-23
13.52 3.77443e-23
13.552 3.52677e-23
13.584 3.30001e-23
13.616 3.09176e-23
13.648 2.89515e-23
13.68 2.70406e-23
13.712 2.54507e-23
13.744 2.35809e-23
13.776 2.22348e-23
13.808 2.07708e-23
13.84 1.9475e-23
13.872 1.84883e-23
13.904 1.71633e-23
13.936 1.60446e-23
13.968 1.50267e-23
14 1.40888e-23
14.032 1.30698e-23
14.064 1.22651e-23
14.096 1.14244e-23
14.128 1.0747e-23
14.16 1.00507e-23
14.192 9.33858e-24
14.224 8.79421e-24
14.256 8.2486e-24
14.288 7.72683e-24
14.32 7.23566e-24
14.352 6.767e-24
14.384 6.35487e-24
14.416 5.94795e-24
14.448 5.53965e-24
14.48 5.18138e-24
14.512 4.87099e-24
14.544 4.56544e-24
14.576 4.22895e-24
14.608 4.00089e-24
14.64 3.73509e-24
14.672 3.4947e-24
14.704 3.26383e-24
14.736 3.08236e-24
14.768 2.87967e-24
14.8 2.6794e-24
14.832 2.51286e-24
14.864 2.34983e-24
14.896 2.20737e-24
14.928 2.05894e-24
14.96 1.92578e-24
14.992 1.81373e-24
15.024 1.69947e-24
15.056 1.5925e-24
15.088 1.49214e-24
15.12 1.3798e-24
15.152 1.29853e-24
15.184 1.22106e-24
15.216 1.1356e-24
15.248 1.07103e-24
15.28 9.96147e-25
15.312 9.30728e-25
15.344 8.75972e-25
15.376 8.20262e-25
15.408 7.69357e-25
15.44 7.16295e-25
15.472 6.73512e-25
15.504 6.30907e-25
15.536 5.88584e-25
15.568 5.50492e-25
15.6 5.12679e-25
15.632 4.82678e-25
15.664 4.5236e-25
15.696 4.249e-25
15.728 3.96715e-25
15.76 3.70919e-25
15.792 3.49529e-25
15.824 3.24662e-25
15.856 3.06027e-25
15.888 2.83834e-25
15.92 2.66314e-25
15.952 2.50693e-25
15.984 2.3419e-25
16.016 2.18347e-25
16.048 2.06311e-25
16.08 1.91431e-25
16.112 1.80172e-25
16.144 1.67978e-25
16.176 1.57124e-25
16.208 1.46426e-25
16.24 1.37011e-25
16.272 1.28623e-25
16.304 1.20629e-25
16.336 1.1326e-25
16.368 1.06297e-25
16.4 9.81977e-26
16.432 9.34847e-26
16.464 8.66754e-26
16.496 8.12213e-26
16.528 7.62021e-26
16.56 7.11181e-26
16.592 6.69263e-26
16.624 6.29401e-26
16.656 5.84016e-26
16.688 5.50454e-26
16.72 5.13404e-26
16.752 4.82158e-26
16.784 4.48011e-26
16.816 4.21315e-26
16.848 3.93949e-26
16.88 3.66272e-26
16.912 3.44802e-26
16.944 3.23638e-26
16.976 3.0041e-26
17.008 2.82898e-26
17.04 2.65467e-26
17.072 2.48201e-26
17.104 2.31897e-26
17.136 2.18921e-26
17.168 2.0437e-26
17.2 1.89706e-26
17.232 1.80374e-26
17.264 1.67307e-26
17.296 1.56652e-26
17.328 1.46679e-26
17.36 1.36746e-26
17.392 1.28595e-26
17.424 1.20681e-26
17.456 1.12864e-26
17.488 1.05762e-26
17.52 9.88425e-27
17.552 9.31533e-27
17.584 8.67175e-27
17.616 8.17872e-27
17.648 7.57723e-27
17.68 7.08047e-27
17.712 6.58916e-27
17.744 6.22454e-27
17.776 5.82729e-27
17.808 5.42409e-27
17.84 5.08174e-27
17.872 4.75747e-27
17.904 4.51944e-27
17.936 4.18203e-27
17.968 3.9362e-27
18 3.64244e-27
18.032 3.42781e-27
18.064 3.21849e-27
18.096 3.01193e-27
18.128 2.82605e-27
18.16 2.65826e-27
18.192 2.482e-27
18.224 2.31753e-27
18.256 2.17575e-27
18.288 2.01857e-27
18.32 1.89601e-27
18.352 1.77552e-27
18.384 1.65943e-27
18.416 1.55828e-27
18.448 1.46318e-27
18.48 1.36674e-27
18.512 1.28177e-27
18.544 1.19787e-27
18.576 1.12534e-27
18.608 1.05173e-27
18.64 9.8537e-28
18.672 9.25155e-28
18.704 8.62736e-28
18.736 8.02024e-28
18.768 7.59336e-28
18.8 7.11888e-28
18.832 6.65528e-28
18.864 6.2143e-28
18.896 5.79308e-28
18.928 5.41245e-28
18.96 5.05295e-28
18.992 4.82633e-28
19.024 4.43103e-28
19.056 4.1907e-28
19.088 3.93538e-28
19.12 3.63289e-28
19.152 3.43197e-28
19.184 3.22373e-28
19.216 3.01941e-28
19.248 2.81798e-28
19.28 2.63665e-28
19.312 2.4816e-28
19.344 2.33709e-28
19.376 2.14842e-28
19.408 2.03313e-28
19.44 1.90237e-28
19.472 1.76311e-28
19.504 1.66094e-28
19.536 1.55583e-28
19.568 1.46207e-28
19.6 1.36925e-28
19.632 1.28876e-28
19.664 1.19758e-28
19.696 1.12169e-28
19.728 1.04376e-28
19.76 9.8934e-29
19.792 9.13793e-29
19.824 8.53263e-29
19.856 8.02636e-29
19.888 7.54567e-29
19.92 7.069e-29
19.952 6.56851e-29
19.984 6.24992e-29
20.016 5.7857e-29
20.048 5.37487e-29
20.08 5.05352e-29
20.112 4.73218e-29
20.144 4.45844e-29
20.176 4.1643e-29
20.208 3.9009e-29
20.24 3.65848e-29
20.272 3.43875e-29
20.304 3.20147e-29
20.336 3.01111e-29
20.368 2.8166e-29
20.4 2.60129e-29
20.432 2.4574e-29
20.464 2.30094e-29
20.496 2.16617e-29
20.528 2.0242e-29
20.56 1.89477e-29
20.592 1.76726e-29
20.624 1.65012e-29
20.656 1.53819e-29
20.688 1.45313e-29
20.72 1.36138e-29
20.752 1.2647e-29
20.784 1.195e-29
20.816 1.11617e-29
20.848 1.03535e-29
20.88 9.75638e-30
20.912 9.14394e-30
20.944 8.52131e-30
20.976 7.99653e-30
21.008 7.53228e-30
21.04 7.05212e-30
21.072 6.55538e-30
21.104 6.13413e-30
21.136 5.82312e-30
21.168 5.41665e-30
21.2 4.98631e-30
21.232 4.69306e-30
21.264 4.39908e-30
21.296 4.11914e-30
21.328 3.86532e-30
21.36 3.60518e-30
21.392 3.3453e-30
21.424 3.15688e-30
21.456 2.92136e-30
21.488 2.75413e-30
21.52 2.58281e-30
21.552 2.37739e-30
21.584 2.26371e-30
21.616 2.12073e-30
21.648 1.97964e-30
21.68 1.85226e-30
21.712 1.74204e-30
21.744 1.63571e-30
21.776 1.51348e-30
21.808 1.42554e-30
21.84 1.33159e-30
21.872 1.24554e-30
21.904 1.17569e-30
21.936 1.10284e-30
21.968 1.02132e-30
22 9.57991e-31
22.032 8.93237e-31
22.064 8.43975e-31
22.096 7.8407e-31
22.128 7.38054e-31
22.16 6.8644e-31
22.192 6.45718e-31
22.224 6.0286e-31
22.256 5.59957e-31
22.288 5.29797e-31
22.32 4.9531e-31
22.352 4.61718e-31
22.384 4.34027e-31
22.416 4.09547e-31
22.448 3.78158e-31
22.48 3.57055e-31
22.512 3.32602e-31
22.544 3.08585e-31
22.576 2.90621e-31
22.608 2.70655e-31
22.64 2.54308e-31
22.672 2.37467e-31
22.704 2.23705e-31
22.736 2.07383e-31
22.768 1.96673e-31
22.8 1.82645e-31
22.832 1.69076e-31
22.864 1.60807e-31
22.896 1.49798e-31
22.928 1.40292e-31
22.96 1.31664e-31
22.992 1.22757e-31
23.024 1.14932e-31
23.056 1.07527e-31
23.088 9.90341e-32
23.12 9.46905e-32
23.152 8.83461e-32
23.184 8.25873e-32
23.216 7.80691e-32
23.248 7.19968e-32
23.28 6.82216e-32
23.312 6.29767e-32
23.344 5.91497e-32
23.376 5.53325e-32
23.408 5.20554e-32
23.44 4.85039e-32
23.472 4.55303e-32
23.504 4.27706e-32
23.536 3.9656e-32
23.568 3.7122e-32
23.6 3.49114e-32
23.632 3.25861e-32
23.664 3.05489e-32
23.696 2.82496e-32
23.728 2.66324e-32
23.76 2.50506e-32
23.792 2.33613e-32
23.824 2.1818e-32
23.856 2.05514e-32
23.888 1.91224e-32
23.92 1.7728e-32
23.952 1.66628e-32
23.984 1.57174e-32
24.016 1.46215e-32
24.048 1.36284e-32
24.08 1.29158e-32
24.112 1.20025e-32
24.144 1.10383e-32
24.176 1.04731e-32
24.208 9.72823e-33
24.24 9.11993e-33
24.272 8.52848e-33
24.304 8.0013e-33
24.336 7.44504e-33
24.368 6.90941e-33
24.4 6.5495e-33
24.432 6.15609e-33
24.464 5.69444e-33
24.496 5.32487e-33
24.528 4.9951e-33
24.56 4.67296e-33
24.592 4.36117e-33
24.624 4.11308e-33
24.656 3.77132e-33
24.688 3.56262e-33
24.72 3.34489e-33
24.752 3.10377e-33
24.784 2.96712e-33
24.816 2.7285e-33
24.848 2.57609e-33
24.88 2.37529e-33
24.912 2.23737e-33
24.944 2.08605e-33
24.976 1.95017e-33
25.008 1.82208e-33
25.04 1.718e-33
25.072 1.61086e-33
25.104 1.47188e-33
25.136 1.37964e-33
25.168 1.30475e-33
25.2 1.22708e-33
25.232 1.14216e-33
25.264 1.05844e-33
25.296 9.83981e-34
25.328 9.34175e-34
25.36 8.73574e-34
25.392 8.16986e-34
25.424 7.57375e-34
25.456 7.07722e-34
25.488 6.61745e-34
25.52 6.20636e-34
25.552 5.80524e-34
25.584 5.40349e-34
25.616 5.08224e-34
25.648 4.74161e-34
25.68 4.42246e-34
25.712 4.1225e-34
25.744 3.82063e-34
25.776 3.6249e-34
25.808 3.34713e-34
25.84 3.12025e-34
25.872 2.90209e-34
25.904 2.70369e-34
25.936 2.5459e-34
25.968 2.39361e-34
26 2.23107e-34
26.032 2.05394e-34
26.064 1.9432e-34
26.096 1.81269e-34
26.128 1.701e-34
26.16 1.5787e-34
26.192 1.4826e-34
26.224 1.36685e-34
26.256 1.29439e-34
26.288 1.21733e-34
26.32 1.11766e-34
26.352 1.05322e-34
26.384 9.61364e-35
26.416 9.18352e-35
26.448 8.60821e-35
26.48 7.93172e-35
26.512 7.39438e-35
26.544 6.92584e-35
26.576 6.48876e-35
26.608 6.01455e-35
26.64 5.63556e-35
26.672 5.24775e-35
26.704 4.91425e-35
26.736 4.55562e-35
26.768 4.24327e-35
26.8 4.02039e-35
26.832 3.66705e-35
26.864 3.4798e-35
26.896 3.24118e-35
26.928 3.04643e-35
26.96 2.7886e-35
26.992 2.63536e-35
27.024 2.45846e-35
27.056 2.23875e-35
27.088 2.13431e-35
27.12 1.97254e-35
27.152 1.85523e-35
27.184 1.7321e-35
27.216 1.59955e-35
27.248 1.506e-35
27.28 1.38834e-35
27.312 1.31221e-35
27.344 1.20486e-35
27.376 1.11794e-35
27.408 1.0525e-35
27.44 9.81615e-36
27.472 9.03893e-36
27.504 8.40963e-36
27.536 7.9699e-36
27.568 7.3076e-36
27.6 7.05146e-36
27.632 6.41478e-36
27.664 5.99118e-36
27.696 5.48898e-36
27.728 5.12877e-36
27.76 4.79901e-36
27.792 4.47471e-36
27.824 4.17594e-36
27.856 3.90994e-36
27.888 3.61043e-36
27.92 3.39876e-36
27.952 3.17466e-36
27.984 2.93142e-36
28.016 2.74873e-36
28.048 2.556e-36
28.08 2.32292e-36
28.112 2.19282e-36
28.144 2.02805e-36
28.176 1.89423e-36
28.208 1.76331e-36
28.24 1.64608e-36
28.272 1.50495e-36
28.304 1.4427e-36
28.336 1.31569e-36
28.368 1.21947e-36
28.4 1.13365e-36
28.432 1.05727e-36
28.464 9.80711e-37
28.496 9.23702e-37
28.528 8.55233e-37
28.56 7.98313e-37
28.592 7.38912e-37
28.624 6.75026e-37
28.656 6.33607e-37
28.688 5.95736e-37
28.72 5.37479e-37
28.752 5.06597e-37
28.784 4.63975e-37
28.816 4.38475e-37
28.848 3.98949e-37
28.88 3.68814e-37
28.912 3.44147e-37
28.944 3.21879e-37
28.976 3.03108e-37
29.008 2.7072e-37
29.04 2.51588e-37
29.072 2.40768e-37
29.104 2.2234e-37
29.136 2.00994e-37
29.168 1.90037e-37
29.2 1.74348e-37
29.232 1.63794e-37
29.264 1.49615e-37
29.296 1.38654e-37
29.328 1.27878e-37
29.36 1.17155e-37
29.392 1.11595e-37
29.424 1.01633e-37
29.456 9.41671e-38
29.488 8.85149e-38
29.52 7.90543e-38
29.552 7.42153e-38
29.584 6.9017e-38
29.616 6.37516e-38
29.648 5.9636e-38
29.68 5.50313e-38
29.712 4.97456e-38
29.744 4.62544e-38
29.776 4.25074e-38
29.808 3.89204e-38
29.84 3.60071e-38
29.872 3.36683e-38
29.904 3.05181e-38
29.936 2.82489e-38
29.968 2.6627e-38
30 2.38387e-38
30.032 2.24285e-38
30.064 2.07492e-38
30.096 1.89532e-38
30.128 1.71892e-38
30.16 1.60952e-38
30.192 1.44874e-38
30.224 1.32598e-38
30.256 1.21846e-38
30.288 1.17694e-38
30.32 1.04514e-38
30.352 9.45713e-39
30.384 8.57962e-39
30.416 7.82154e-39
30.448 7.23325e-39
30.48 6.58535e-39
30.512 5.99655e-39
30.544 5.52248e-39
30.576 5.2711e-39
30.608 4.95889e-39
30.64 4.4457e-39
30.672 3.90306e-39
30.704 3.64969e-39
30.736 3.15422e-39
30.768 2.86934e-39
30.8 2.56607e-39
30.832 2.29862e-39
30.864 2.11249e-39
30.896 1.96811e-39
30.928 1.76898e-39
30.96 1.68e-39
30.992 1.4045e-39
31.024 1.34346e-39
31.056 1.18243e-39
31.088 1.08441e-39
31.12 9.71454e-40
31.152 9.05527e-40
31.184 7.43805e-40
31.216 6.78289e-40
31.248 6.33161e-40
31.28 5.67453e-40
31.312 4.68265e-40
31.344 4.39722e-40
31.376 3.57667e-40
31.408 3.24493e-40
31.44 3.16091e-40
31.472 2.58672e-40
31.504 2.22658e-40
31.536 1.87305e-40
31.568 1.52327e-40
31.6 1.43784e-40
31.632 1.15641e-40
31.664 9.61457e-41
31.696 7.63976e-41
31.728 6.50568e-41
31.76 5.61652e-41
31.792 3.98296e-41
31.824 2.81265e-41
31.856 2.54223e-41
31.888 1.12797e-41
31.92 6.33118e-42
31.952 1.86056e-42
31.984 5.66447e-44
