#1:M 2:dN/MdM dy_q d2xT
0.016 2.20172e-08
0.048 1.90725e-08
0.08 1.58522e-08
0.112 1.31377e-08
0.144 1.1005e-08
0.176 9.27375e-09
0.208 7.88407e-09
0.24 6.75384e-09
0.272 5.8305e-09
0.304 5.06445e-09
0.336 4.42551e-09
0.368 3.88286e-09
0.4 3.39471e-09
0.432 3.00096e-09
0.464 2.66456e-09
0.496 2.37286e-09
0.528 2.12097e-09
0.56 1.89917e-09
0.592 1.70409e-09
0.624 1.5345e-09
0.656 1.37993e-09
0.688 1.24639e-09
0.72 1.12841e-09
0.752 1.02311e-09
0.784 9.28439e-10
0.816 8.44717e-10
0.848 7.69322e-10
0.88 7.01241e-10
0.912 6.36966e-10
0.944 5.82726e-10
0.976 5.33738e-10
1.008 4.88769e-10
1.04 4.4838e-10
1.072 4.1085e-10
1.104 3.78055e-10
1.136 3.47362e-10
1.168 3.18812e-10
1.2 2.93639e-10
1.232 2.70725e-10
1.264 2.4966e-10
1.296 2.30416e-10
1.328 2.13178e-10
1.36 1.97087e-10
1.392 1.82139e-10
1.424 1.68239e-10
1.456 1.55915e-10
1.488 1.44534e-10
1.52 1.34002e-10
1.552 1.2436e-10
1.584 1.15508e-10
1.616 1.07184e-10
1.648 9.991e-11
1.68 9.19103e-11
1.712 8.55026e-11
1.744 7.96278e-11
1.776 7.41404e-11
1.808 6.904e-11
1.84 6.44071e-11
1.872 6.00569e-11
1.904 5.59442e-11
1.936 5.21589e-11
1.968 4.86672e-11
2 4.54497e-11
2.032 4.25126e-11
2.064 3.97436e-11
2.096 3.71971e-11
2.128 3.47493e-11
2.16 3.24895e-11
2.192 3.03678e-11
2.224 2.84004e-11
2.256 2.6634e-11
2.288 2.49297e-11
2.32 2.33305e-11
2.352 2.18783e-11
2.384 2.05269e-11
2.416 1.92511e-11
2.448 1.80365e-11
2.48 1.69308e-11
2.512 1.5903e-11
2.544 1.49185e-11
2.576 1.401e-11
2.608 1.3158e-11
2.64 1.23648e-11
2.672 1.16201e-11
2.704 1.10044e-11
2.736 1.03536e-11
2.768 9.73341e-12
2.8 9.14815e-12
2.832 8.6214e-12
2.864 8.10029e-12
2.896 7.62114e-12
2.928 7.17827e-12
2.96 6.74667e-12
2.992 6.34807e-12
3.024 5.99296e-12
3.056 5.63249e-12
3.088 5.3077e-12
3.12 5.00871e-12
3.152 4.71564e-12
3.184 4.43872e-12
3.216 4.18333e-12
3.248 3.95031e-12
3.28 3.72637e-12
3.312 3.50922e-12
3.344 3.31124e-12
3.376 3.12308e-12
3.408 2.94878e-12
3.44 2.78012e-12
3.472 2.62193e-12
3.504 2.47708e-12
3.536 2.33623e-12
3.568 2.20754e-12
3.6 2.08553e-12
3.632 1.96509e-12
3.664 1.86217e-12
3.696 1.75541e-12
3.728 1.64439e-12
3.76 1.55233e-12
3.792 1.46779e-12
3.824 1.38506e-12
3.856 1.30937e-12
3.888 1.23914e-12
3.92 1.17063e-12
3.952 1.10655e-12
3.984 1.0462e-12
4.016 9.8891e-13
4.048 9.36459e-13
4.08 8.83829e-13
4.112 8.35425e-13
4.144 7.91525e-13
4.176 7.48818e-13
4.208 7.06827e-13
4.24 6.69846e-13
4.272 6.33493e-13
4.304 5.99421e-13
4.336 5.67044e-13
4.368 5.36644e-13
4.4 5.07788e-13
4.432 4.80011e-13
4.464 4.54444e-13
4.496 4.30913e-13
4.528 4.08332e-13
4.56 3.86315e-13
4.592 3.66423e-13
4.624 3.46101e-13
4.656 3.27856e-13
4.688 3.10434e-13
4.72 2.94332e-13
4.752 2.96404e-13
4.784 2.79694e-13
4.816 2.6546e-13
4.848 2.51267e-13
4.88 2.38159e-13
4.912 2.25584e-13
4.944 2.13783e-13
4.976 2.0258e-13
5.008 1.87346e-13
5.04 1.76787e-13
5.072 1.6804e-13
5.104 1.59356e-13
5.136 1.5103e-13
5.168 1.42916e-13
5.2 1.35151e-13
5.232 1.28184e-13
5.264 1.21541e-13
5.296 1.15268e-13
5.328 1.09004e-13
5.36 1.03349e-13
5.392 9.77614e-14
5.424 9.27489e-14
5.456 8.78735e-14
5.488 8.33172e-14
5.52 7.90707e-14
5.552 7.48058e-14
5.584 7.09379e-14
5.616 6.72778e-14
5.648 6.37474e-14
5.68 6.0346e-14
5.712 5.703e-14
5.744 5.41837e-14
5.776 5.14006e-14
5.808 4.86546e-14
5.84 4.62673e-14
5.872 4.37669e-14
5.904 4.16648e-14
5.936 3.94415e-14
5.968 3.72753e-14
6 3.54017e-14
6.032 3.35142e-14
6.064 3.18215e-14
6.096 3.0092e-14
6.128 2.85694e-14
6.16 2.70836e-14
6.192 2.56929e-14
6.224 2.4286e-14
6.256 2.31298e-14
6.288 2.19277e-14
6.32 2.07579e-14
6.352 1.96391e-14
6.384 1.86685e-14
6.416 1.7711e-14
6.448 1.67789e-14
6.48 1.59428e-14
6.512 1.50447e-14
6.544 1.43004e-14
6.576 1.35792e-14
6.608 1.28863e-14
6.64 1.21648e-14
6.672 1.15401e-14
6.704 1.09753e-14
6.736 1.03968e-14
6.768 9.86174e-15
6.8 9.36733e-15
6.832 8.87581e-15
6.864 8.41573e-15
6.896 8.00014e-15
6.928 7.57474e-15
6.96 7.16753e-15
6.992 6.7901e-15
7.024 6.43941e-15
7.056 6.11791e-15
7.088 5.79798e-15
7.12 5.49035e-15
7.152 5.21293e-15
7.184 4.95296e-15
7.216 4.6927e-15
7.248 4.45065e-15
7.28 4.21003e-15
7.312 3.99752e-15
7.344 3.78578e-15
7.376 3.58551e-15
7.408 3.40541e-15
7.44 3.22599e-15
7.472 3.0653e-15
7.504 2.90007e-15
7.536 2.75191e-15
7.568 2.6048e-15
7.6 2.47254e-15
7.632 2.34552e-15
7.664 2.22085e-15
7.696 2.10661e-15
7.728 2.00219e-15
7.76 1.89778e-15
7.792 1.79524e-15
7.824 1.70314e-15
7.856 1.60927e-15
7.888 1.53278e-15
7.92 1.4518e-15
7.952 1.3754e-15
7.984 1.30774e-15
8.016 1.23919e-15
8.048 1.17363e-15
8.08 1.11268e-15
8.112 1.05404e-15
8.144 9.96956e-16
8.176 9.4911e-16
8.208 9.00111e-16
8.24 8.52975e-16
8.272 8.08861e-16
8.304 7.66939e-16
8.336 7.24315e-16
8.368 6.86598e-16
8.4 6.51219e-16
8.432 6.1843e-16
8.464 5.85506e-16
8.496 5.56272e-16
8.528 5.27146e-16
8.56 4.98728e-16
8.592 4.73204e-16
8.624 4.49937e-16
8.656 4.25515e-16
8.688 4.03506e-16
8.72 3.83138e-16
8.752 3.62067e-16
8.784 3.43379e-16
8.816 3.24246e-16
8.848 3.08316e-16
8.88 2.93641e-16
8.912 2.78327e-16
8.944 2.64157e-16
8.976 2.50501e-16
9.008 2.3803e-16
9.04 2.23699e-16
9.072 2.12268e-16
9.104 2.0273e-16
9.136 1.9096e-16
9.168 1.814e-16
9.2 1.72191e-16
9.232 1.63495e-16
9.264 1.54802e-16
9.296 1.46108e-16
9.328 1.38801e-16
9.36 1.31753e-16
9.392 1.24745e-16
9.424 1.17642e-16
9.456 1.12321e-16
9.488 1.06323e-16
9.52 1.00728e-16
9.552 9.50375e-17
9.584 9.03179e-17
9.616 8.55856e-17
9.648 8.12088e-17
9.68 7.70104e-17
9.712 7.30248e-17
9.744 6.933e-17
9.776 6.53979e-17
9.808 6.20877e-17
9.84 5.90117e-17
9.872 5.57725e-17
9.904 5.28749e-17
9.936 5.01506e-17
9.968 4.7432e-17
10 4.5037e-17
10.032 4.27828e-17
10.064 4.04318e-17
10.096 3.83954e-17
10.128 3.63982e-17
10.16 3.43012e-17
10.192 3.26733e-17
10.224 3.10307e-17
10.256 2.91643e-17
10.288 2.78124e-17
10.32 2.63874e-17
10.352 2.49591e-17
10.384 2.36128e-17
10.416 2.23575e-17
10.448 2.13113e-17
10.48 2.00466e-17
10.512 1.9042e-17
10.544 1.80869e-17
10.576 1.71029e-17
10.608 1.61918e-17
10.64 1.54275e-17
10.672 1.45472e-17
10.704 1.38085e-17
10.736 1.31222e-17
10.768 1.24316e-17
10.8 1.17499e-17
10.832 1.11412e-17
10.864 1.05879e-17
10.896 1.00162e-17
10.928 9.52076e-18
10.96 8.98101e-18
10.992 8.53015e-18
11.024 8.08911e-18
11.056 7.6515e-18
11.088 7.22842e-18
11.12 6.87502e-18
11.152 6.50636e-18
11.184 6.16918e-18
11.216 5.8185e-18
11.248 5.53785e-18
11.28 5.25068e-18
11.312 4.96572e-18
11.344 4.71856e-18
11.376 4.46639e-18
11.408 4.23554e-18
11.44 4.01265e-18
11.472 3.81282e-18
11.504 3.60046e-18
11.536 3.41078e-18
11.568 3.23894e-18
11.6 3.06351e-18
11.632 2.8954e-18
11.664 2.75731e-18
11.696 2.61383e-18
11.728 2.47903e-18
11.76 2.35441e-18
11.792 2.22977e-18
11.824 2.1068e-18
11.856 1.98652e-18
11.888 1.88976e-18
11.92 1.79157e-18
11.952 1.69528e-18
11.984 1.60593e-18
12.016 1.52163e-18
12.048 1.44267e-18
12.08 1.36663e-18
12.112 1.29607e-18
12.144 1.22875e-18
12.176 1.16243e-18
12.208 1.10078e-18
12.24 1.04609e-18
12.272 9.90817e-19
12.304 9.37023e-19
12.336 8.91013e-19
12.368 8.39709e-19
12.4 7.96223e-19
12.432 7.58513e-19
12.464 7.16263e-19
12.496 6.79528e-19
12.528 6.41934e-19
12.56 6.1188e-19
12.592 5.77892e-19
12.624 5.49391e-19
12.656 5.19426e-19
12.688 4.912e-19
12.72 4.64563e-19
12.752 4.40359e-19
12.784 4.17782e-19
12.816 3.9864e-19
12.848 3.76554e-19
12.88 3.56299e-19
12.912 3.38581e-19
12.944 3.19234e-19
12.976 3.03452e-19
13.008 2.87458e-19
13.04 2.72119e-19
13.072 2.57427e-19
13.104 2.44807e-19
13.136 2.30439e-19
13.168 2.20082e-19
13.2 2.09088e-19
13.232 1.97637e-19
13.264 1.87881e-19
13.296 1.77621e-19
13.328 1.67856e-19
13.36 1.59602e-19
13.392 1.51687e-19
13.424 1.42906e-19
13.456 1.35228e-19
13.488 1.28171e-19
13.52 1.2182e-19
13.552 1.15316e-19
13.584 1.09356e-19
13.616 1.02664e-19
13.648 9.77827e-20
13.68 9.29681e-20
13.712 8.78397e-20
13.744 8.31034e-20
13.776 7.89431e-20
13.808 7.51625e-20
13.84 7.10174e-20
13.872 6.76147e-20
13.904 6.40093e-20
13.936 6.04438e-20
13.968 5.74541e-20
14 5.43332e-20
14.032 5.12641e-20
14.064 4.83906e-20
14.096 4.59717e-20
14.128 4.37036e-20
14.16 4.1318e-20
14.192 3.92173e-20
14.224 3.71192e-20
14.256 3.52689e-20
14.288 3.32463e-20
14.32 3.15093e-20
14.352 2.98387e-20
14.384 2.83898e-20
14.416 2.68847e-20
14.448 2.53411e-20
14.48 2.4082e-20
14.512 2.28621e-20
14.544 2.15966e-20
14.576 2.05112e-20
14.608 1.94094e-20
14.64 1.84443e-20
14.672 1.75367e-20
14.704 1.6464e-20
14.736 1.5572e-20
14.768 1.49362e-20
14.8 1.40756e-20
14.832 1.33802e-20
14.864 1.26218e-20
14.896 1.19461e-20
14.928 1.12884e-20
14.96 1.06995e-20
14.992 1.01425e-20
15.024 9.61194e-21
15.056 9.07946e-21
15.088 8.5771e-21
15.12 8.16842e-21
15.152 7.73541e-21
15.184 7.37238e-21
15.216 6.95041e-21
15.248 6.60366e-21
15.28 6.23996e-21
15.312 5.90784e-21
15.344 5.58502e-21
15.376 5.30519e-21
15.408 5.02686e-21
15.44 4.77495e-21
15.472 4.53231e-21
15.504 4.27644e-21
15.536 4.06941e-21
15.568 3.85809e-21
15.6 3.62378e-21
15.632 3.46149e-21
15.664 3.28223e-21
15.696 3.09043e-21
15.728 2.93075e-21
15.76 2.78565e-21
15.792 2.62815e-21
15.824 2.49496e-21
15.856 2.37604e-21
15.888 2.23812e-21
15.92 2.1165e-21
15.952 2.00357e-21
15.984 1.89912e-21
16.016 1.79632e-21
16.048 1.70987e-21
16.08 1.61967e-21
16.112 1.53211e-21
16.144 1.45528e-21
16.176 1.37626e-21
16.208 1.29762e-21
16.24 1.24186e-21
16.272 1.1722e-21
16.304 1.10498e-21
16.336 1.05113e-21
16.368 9.94696e-22
16.4 9.44572e-22
16.432 8.90236e-22
16.464 8.49158e-22
16.496 8.009e-22
16.528 7.58142e-22
16.56 7.19896e-22
16.592 6.79294e-22
16.624 6.48065e-22
16.656 6.11643e-22
16.688 5.79457e-22
16.72 5.47165e-22
16.752 5.20329e-22
16.784 4.9274e-22
16.816 4.69182e-22
16.848 4.42745e-22
16.88 4.18915e-22
16.912 3.99505e-22
16.944 3.77238e-22
16.976 3.54287e-22
17.008 3.38615e-22
17.04 3.20016e-22
17.072 3.04758e-22
17.104 2.88942e-22
17.136 2.72506e-22
17.168 2.58452e-22
17.2 2.44826e-22
17.232 2.32535e-22
17.264 2.19206e-22
17.296 2.07534e-22
17.328 1.95506e-22
17.36 1.85653e-22
17.392 1.77463e-22
17.424 1.67255e-22
17.456 1.59127e-22
17.488 1.50395e-22
17.52 1.42294e-22
17.552 1.34215e-22
17.584 1.27159e-22
17.616 1.21191e-22
17.648 1.15447e-22
17.68 1.09302e-22
17.712 1.03194e-22
17.744 9.7846e-23
17.776 9.26174e-23
17.808 8.76583e-23
17.84 8.31994e-23
17.872 7.88791e-23
17.904 7.46466e-23
17.936 7.04135e-23
17.968 6.67012e-23
18 6.36413e-23
18.032 5.93936e-23
18.064 5.68532e-23
18.096 5.40588e-23
18.128 5.12248e-23
18.16 4.85002e-23
18.192 4.60275e-23
18.224 4.33002e-23
18.256 4.13506e-23
18.288 3.88539e-23
18.32 3.68838e-23
18.352 3.48852e-23
18.384 3.30083e-23
18.416 3.13865e-23
18.448 2.98747e-23
18.48 2.82226e-23
18.512 2.66789e-23
18.544 2.53038e-23
18.576 2.39637e-23
18.608 2.26623e-23
18.64 2.15413e-23
18.672 2.03228e-23
18.704 1.94373e-23
18.736 1.82863e-23
18.768 1.73698e-23
18.8 1.64094e-23
18.832 1.55553e-23
18.864 1.47903e-23
18.896 1.39301e-23
18.928 1.32094e-23
18.96 1.25262e-23
18.992 1.1872e-23
19.024 1.12698e-23
19.056 1.06197e-23
19.088 1.00911e-23
19.12 9.54094e-24
19.152 9.03819e-24
19.184 8.54103e-24
19.216 8.11696e-24
19.248 7.70507e-24
19.28 7.29527e-24
19.312 6.95577e-24
19.344 6.534e-24
19.376 6.1787e-24
19.408 5.86725e-24
19.44 5.57456e-24
19.472 5.26978e-24
19.504 4.98431e-24
19.536 4.71431e-24
19.568 4.45765e-24
19.6 4.24377e-24
19.632 4.04381e-24
19.664 3.78782e-24
19.696 3.59256e-24
19.728 3.40376e-24
19.76 3.23818e-24
19.792 3.08533e-24
19.824 2.92771e-24
19.856 2.74998e-24
19.888 2.60301e-24
19.92 2.46702e-24
19.952 2.34827e-24
19.984 2.22223e-24
20.016 2.08628e-24
20.048 1.98264e-24
20.08 1.88184e-24
20.112 1.79079e-24
20.144 1.68674e-24
20.176 1.60041e-24
20.208 1.52094e-24
20.24 1.43242e-24
20.272 1.35793e-24
20.304 1.29603e-24
20.336 1.21815e-24
20.368 1.15634e-24
20.4 1.09399e-24
20.432 1.04033e-24
20.464 9.85018e-25
20.496 9.37486e-25
20.528 8.87794e-25
20.56 8.38446e-25
20.592 7.89351e-25
20.624 7.55993e-25
20.656 7.12895e-25
20.688 6.72278e-25
20.72 6.39655e-25
20.752 5.99978e-25
20.784 5.76556e-25
20.816 5.43908e-25
20.848 5.15601e-25
20.88 4.85983e-25
20.912 4.59381e-25
20.944 4.35784e-25
20.976 4.15092e-25
21.008 3.91506e-25
21.04 3.6942e-25
21.072 3.49293e-25
21.104 3.30444e-25
21.136 3.15439e-25
21.168 2.97009e-25
21.2 2.83448e-25
21.232 2.65839e-25
21.264 2.54481e-25
21.296 2.3984e-25
21.328 2.27184e-25
21.36 2.14224e-25
21.392 2.00429e-25
21.424 1.91661e-25
21.456 1.82397e-25
21.488 1.72661e-25
21.52 1.63063e-25
21.552 1.54481e-25
21.584 1.45619e-25
21.616 1.38106e-25
21.648 1.30554e-25
21.68 1.24209e-25
21.712 1.17309e-25
21.744 1.10812e-25
21.776 1.05348e-25
21.808 1.00109e-25
21.84 9.40322e-26
21.872 8.99493e-26
21.904 8.51349e-26
21.936 7.96751e-26
21.968 7.61876e-26
22 7.21456e-26
22.032 6.81027e-26
22.064 6.49071e-26
22.096 6.13293e-26
22.128 5.77399e-26
22.16 5.42823e-26
22.192 5.2067e-26
22.224 4.90039e-26
22.256 4.6294e-26
22.288 4.40557e-26
22.32 4.16481e-26
22.352 3.95273e-26
22.384 3.72232e-26
22.416 3.54701e-26
22.448 3.35392e-26
22.48 3.19261e-26
22.512 2.99008e-26
22.544 2.82949e-26
22.576 2.66996e-26
22.608 2.56378e-26
22.64 2.41022e-26
22.672 2.28919e-26
22.704 2.16686e-26
22.736 2.04227e-26
22.768 1.92565e-26
22.8 1.82898e-26
22.832 1.74592e-26
22.864 1.64846e-26
22.896 1.55728e-26
22.928 1.46747e-26
22.96 1.39133e-26
22.992 1.31892e-26
23.024 1.26108e-26
23.056 1.17691e-26
23.088 1.12336e-26
23.12 1.05771e-26
23.152 1.00584e-26
23.184 9.63403e-27
23.216 8.99486e-27
23.248 8.52585e-27
23.28 8.05022e-27
23.312 7.6844e-27
23.344 7.23711e-27
23.376 6.81709e-27
23.408 6.50057e-27
23.44 6.13012e-27
23.472 5.77245e-27
23.504 5.50997e-27
23.536 5.19328e-27
23.568 4.9154e-27
23.6 4.66481e-27
23.632 4.42939e-27
23.664 4.20362e-27
23.696 3.94687e-27
23.728 3.72024e-27
23.76 3.55723e-27
23.792 3.37564e-27
23.824 3.18059e-27
23.856 3.00424e-27
23.888 2.84019e-27
23.92 2.68651e-27
23.952 2.56105e-27
23.984 2.4061e-27
24.016 2.276e-27
24.048 2.1599e-27
24.08 2.04472e-27
24.112 1.94517e-27
24.144 1.82663e-27
24.176 1.71631e-27
24.208 1.6292e-27
24.24 1.54201e-27
24.272 1.4585e-27
24.304 1.37854e-27
24.336 1.31465e-27
24.368 1.22557e-27
24.4 1.17478e-27
24.432 1.1044e-27
24.464 1.05595e-27
24.496 9.85281e-28
24.528 9.3294e-28
24.56 8.89074e-28
24.592 8.35799e-28
24.624 7.97625e-28
24.656 7.47515e-28
24.688 7.11295e-28
24.72 6.67217e-28
24.752 6.33672e-28
24.784 5.9685e-28
24.816 5.67953e-28
24.848 5.37704e-28
24.88 5.05201e-28
24.912 4.74998e-28
24.944 4.52157e-28
24.976 4.2829e-28
25.008 4.0807e-28
25.04 3.80052e-28
25.072 3.60642e-28
25.104 3.42339e-28
25.136 3.23489e-28
25.168 3.02455e-28
25.2 2.90764e-28
25.232 2.72779e-28
25.264 2.57469e-28
25.296 2.46186e-28
25.328 2.30303e-28
25.36 2.1917e-28
25.392 2.06092e-28
25.424 1.95253e-28
25.456 1.84063e-28
25.488 1.73159e-28
25.52 1.6287e-28
25.552 1.55448e-28
25.584 1.47364e-28
25.616 1.38894e-28
25.648 1.30811e-28
25.68 1.24194e-28
25.712 1.17149e-28
25.744 1.10589e-28
25.776 1.0489e-28
25.808 9.91822e-29
25.84 9.29758e-29
25.872 8.84415e-29
25.904 8.34719e-29
25.936 7.91571e-29
25.968 7.48004e-29
26 7.01396e-29
26.032 6.59542e-29
26.064 6.24137e-29
26.096 5.89926e-29
26.128 5.56885e-29
26.16 5.26966e-29
26.192 4.95722e-29
26.224 4.73231e-29
26.256 4.45004e-29
26.288 4.2152e-29
26.32 3.92289e-29
26.352 3.73837e-29
26.384 3.51597e-29
26.416 3.31264e-29
26.448 3.15981e-29
26.48 2.96487e-29
26.512 2.77044e-29
26.544 2.6667e-29
26.576 2.50846e-29
26.608 2.34129e-29
26.64 2.2233e-29
26.672 2.07492e-29
26.704 1.98218e-29
26.736 1.85993e-29
26.768 1.75539e-29
26.8 1.66717e-29
26.832 1.56744e-29
26.864 1.47611e-29
26.896 1.39657e-29
26.928 1.31273e-29
26.96 1.22991e-29
26.992 1.16649e-29
27.024 1.10755e-29
27.056 1.03938e-29
27.088 9.76751e-30
27.12 9.27457e-30
27.152 8.78688e-30
27.184 8.28588e-30
27.216 7.77789e-30
27.248 7.23946e-30
27.28 6.8554e-30
27.312 6.51148e-30
27.344 6.1581e-30
27.376 5.82667e-30
27.408 5.44316e-30
27.44 5.08805e-30
27.472 4.81044e-30
27.504 4.55427e-30
27.536 4.31358e-30
27.568 4.11685e-30
27.6 3.79377e-30
27.632 3.58237e-30
27.664 3.36636e-30
27.696 3.18173e-30
27.728 2.99616e-30
27.76 2.85465e-30
27.792 2.63937e-30
27.824 2.51243e-30
27.856 2.32387e-30
27.888 2.19404e-30
27.92 2.07406e-30
27.952 1.94029e-30
27.984 1.84229e-30
28.016 1.7273e-30
28.048 1.62845e-30
28.08 1.53256e-30
28.112 1.46917e-30
28.144 1.36135e-30
28.176 1.27758e-30
28.208 1.20073e-30
28.24 1.13354e-30
28.272 1.05487e-30
28.304 9.91902e-31
28.336 9.37979e-31
28.368 8.8101e-31
28.4 8.33715e-31
28.432 7.85138e-31
28.464 7.28939e-31
28.496 6.945e-31
28.528 6.44473e-31
28.56 6.05944e-31
28.592 5.74518e-31
28.624 5.41542e-31
28.656 5.02976e-31
28.688 4.72076e-31
28.72 4.43059e-31
28.752 4.12582e-31
28.784 3.94696e-31
28.816 3.70418e-31
28.848 3.38172e-31
28.88 3.19222e-31
28.912 3.05373e-31
28.944 2.82235e-31
28.976 2.65374e-31
29.008 2.49877e-31
29.04 2.29058e-31
29.072 2.18167e-31
29.104 2.05525e-31
29.136 1.91361e-31
29.168 1.80876e-31
29.2 1.69773e-31
29.232 1.56887e-31
29.264 1.48863e-31
29.296 1.37922e-31
29.328 1.29308e-31
29.36 1.21436e-31
29.392 1.13865e-31
29.424 1.05258e-31
29.456 9.96267e-32
29.488 9.34566e-32
29.52 8.52014e-32
29.552 8.11114e-32
29.584 7.5239e-32
29.616 7.11248e-32
29.648 6.54523e-32
29.68 6.06786e-32
29.712 5.71479e-32
29.744 5.3862e-32
29.776 5.02424e-32
29.808 4.63578e-32
29.84 4.24793e-32
29.872 4.00686e-32
29.904 3.69287e-32
29.936 3.43652e-32
29.968 3.24512e-32
30 3.07514e-32
30.032 2.82497e-32
30.064 2.63323e-32
30.096 2.44098e-32
30.128 2.26472e-32
30.16 2.09469e-32
30.192 1.92484e-32
30.224 1.76914e-32
30.256 1.68623e-32
30.288 1.59725e-32
30.32 1.45666e-32
30.352 1.34551e-32
30.384 1.23705e-32
30.416 1.14615e-32
30.448 1.06777e-32
30.48 9.71065e-33
30.512 9.18775e-33
30.544 8.33318e-33
30.576 7.72791e-33
30.608 7.12311e-33
30.64 6.52622e-33
30.672 5.98201e-33
30.704 5.51177e-33
30.736 5.07148e-33
30.768 4.636e-33
30.8 4.26901e-33
30.832 3.8466e-33
30.864 3.5785e-33
30.896 3.27955e-33
30.928 3.04764e-33
30.96 2.75496e-33
30.992 2.49154e-33
31.024 2.31414e-33
31.056 2.08962e-33
31.088 1.86413e-33
31.12 1.74285e-33
31.152 1.54188e-33
31.184 1.36572e-33
31.216 1.22498e-33
31.248 1.14527e-33
31.28 9.57529e-34
31.312 8.89709e-34
31.344 7.83068e-34
31.376 7.076e-34
31.408 6.34007e-34
31.44 5.63366e-34
31.472 4.91115e-34
31.504 4.45677e-34
31.536 3.66629e-34
31.568 3.19774e-34
31.6 2.82533e-34
31.632 2.33885e-34
31.664 1.93268e-34
31.696 1.57017e-34
31.728 1.34943e-34
31.76 9.92966e-35
31.792 7.86787e-35
31.824 6.18867e-35
31.856 4.14651e-35
31.888 3.18169e-35
31.92 1.38417e-35
31.952 7.12206e-36
31.984 6.42651e-37
