#1:M 2:dN/MdM dy_q d2xT
0.016 6.05473e-10
0.048 4.33167e-10
0.08 2.9984e-10
0.112 2.17158e-10
0.144 1.64706e-10
0.176 1.28869e-10
0.208 1.03508e-10
0.24 8.46496e-11
0.272 7.02953e-11
0.304 5.90025e-11
0.336 5.00088e-11
0.368 4.27441e-11
0.4 3.64024e-11
0.432 3.1476e-11
0.464 2.73908e-11
0.496 2.39432e-11
0.528 2.09367e-11
0.56 1.85212e-11
0.592 1.63538e-11
0.624 1.44698e-11
0.656 1.28262e-11
0.688 1.14343e-11
0.72 1.02263e-11
0.752 9.13274e-12
0.784 8.21755e-12
0.816 7.38561e-12
0.848 6.63455e-12
0.88 5.98198e-12
0.912 5.39409e-12
0.944 4.88018e-12
0.976 4.4284e-12
1.008 4.01514e-12
1.04 3.64934e-12
1.072 3.32393e-12
1.104 3.02349e-12
1.136 2.76176e-12
1.168 2.51638e-12
1.2 2.30198e-12
1.232 2.10055e-12
1.264 1.9287e-12
1.296 1.7691e-12
1.328 1.62053e-12
1.36 1.49145e-12
1.392 1.37073e-12
1.424 1.25744e-12
1.456 1.15831e-12
1.488 1.06755e-12
1.52 9.84821e-13
1.552 9.08404e-13
1.584 8.40287e-13
1.616 7.75449e-13
1.648 7.17729e-13
1.68 6.58538e-13
1.712 6.09612e-13
1.744 5.64238e-13
1.776 5.22967e-13
1.808 4.85507e-13
1.84 4.5026e-13
1.872 4.18557e-13
1.904 3.87951e-13
1.936 3.60559e-13
1.968 3.35388e-13
2 3.11102e-13
2.032 2.9021e-13
2.064 2.70313e-13
2.096 2.51424e-13
2.128 2.34931e-13
2.16 2.18999e-13
2.192 2.03734e-13
2.224 1.89712e-13
2.256 1.77375e-13
2.288 1.6596e-13
2.32 1.54859e-13
2.352 1.44783e-13
2.384 1.34973e-13
2.416 1.25956e-13
2.448 1.18247e-13
2.48 1.10132e-13
2.512 1.03141e-13
2.544 9.67592e-14
2.576 9.0365e-14
2.608 8.45705e-14
2.64 7.94618e-14
2.672 7.44115e-14
2.704 7.0225e-14
2.736 6.58778e-14
2.768 6.17225e-14
2.8 5.78375e-14
2.832 5.41965e-14
2.864 5.09153e-14
2.896 4.76812e-14
2.928 4.4775e-14
2.96 4.20062e-14
2.992 3.93514e-14
3.024 3.69262e-14
3.056 3.47621e-14
3.088 3.26832e-14
3.12 3.07131e-14
3.152 2.87613e-14
3.184 2.70324e-14
3.216 2.54839e-14
3.248 2.38576e-14
3.28 2.24168e-14
3.312 2.11075e-14
3.344 1.98369e-14
3.376 1.86168e-14
3.408 1.75656e-14
3.44 1.64939e-14
3.472 1.55297e-14
3.504 1.45881e-14
3.536 1.37221e-14
3.568 1.28993e-14
3.6 1.21286e-14
3.632 1.14218e-14
3.664 1.07694e-14
3.696 1.01246e-14
3.728 9.44528e-15
3.76 8.88127e-15
3.792 8.36843e-15
3.824 7.86035e-15
3.856 7.41672e-15
3.888 6.99157e-15
3.92 6.55861e-15
3.952 6.20394e-15
3.984 5.82452e-15
4.016 5.49805e-15
4.048 5.15994e-15
4.08 4.87685e-15
4.112 4.58731e-15
4.144 4.31938e-15
4.176 4.06508e-15
4.208 3.82017e-15
4.24 3.60822e-15
4.272 3.40422e-15
4.304 3.19553e-15
4.336 3.01341e-15
4.368 2.84028e-15
4.4 2.6724e-15
4.432 2.5177e-15
4.464 2.3772e-15
4.496 2.24438e-15
4.528 2.11586e-15
4.56 1.99585e-15
4.592 1.87364e-15
4.624 1.76984e-15
4.656 1.66504e-15
4.688 1.56878e-15
4.72 1.47898e-15
4.752 1.48047e-15
4.784 1.39292e-15
4.816 1.32002e-15
4.848 1.2397e-15
4.88 1.16766e-15
4.912 1.09902e-15
4.944 1.03433e-15
4.976 9.79255e-16
5.008 8.96942e-16
5.04 8.45631e-16
5.072 7.98472e-16
5.104 7.51555e-16
5.136 7.06994e-16
5.168 6.67993e-16
5.2 6.28645e-16
5.232 5.9197e-16
5.264 5.57341e-16
5.296 5.25004e-16
5.328 4.96231e-16
5.36 4.66439e-16
5.392 4.38464e-16
5.424 4.13911e-16
5.456 3.91143e-16
5.488 3.67285e-16
5.52 3.4671e-16
5.552 3.26527e-16
5.584 3.06188e-16
5.616 2.8797e-16
5.648 2.71728e-16
5.68 2.56639e-16
5.712 2.42378e-16
5.744 2.27926e-16
5.776 2.13994e-16
5.808 2.01597e-16
5.84 1.89102e-16
5.872 1.78466e-16
5.904 1.68325e-16
5.936 1.58088e-16
5.968 1.4907e-16
6 1.40848e-16
6.032 1.32191e-16
6.064 1.25082e-16
6.096 1.17228e-16
6.128 1.10099e-16
6.16 1.04194e-16
6.192 9.76826e-17
6.224 9.20683e-17
6.256 8.67174e-17
6.288 8.20132e-17
6.32 7.69652e-17
6.352 7.21476e-17
6.384 6.82262e-17
6.416 6.39815e-17
6.448 6.0361e-17
6.48 5.67462e-17
6.512 5.33986e-17
6.544 5.00769e-17
6.576 4.74421e-17
6.608 4.43038e-17
6.64 4.19172e-17
6.672 3.96033e-17
6.704 3.71052e-17
6.736 3.48163e-17
6.768 3.26615e-17
6.8 3.09496e-17
6.832 2.90919e-17
6.864 2.73913e-17
6.896 2.58219e-17
6.928 2.42369e-17
6.96 2.2801e-17
6.992 2.13965e-17
7.024 2.01576e-17
7.056 1.88583e-17
7.088 1.77142e-17
7.12 1.68385e-17
7.152 1.57129e-17
7.184 1.47815e-17
7.216 1.38782e-17
7.248 1.3149e-17
7.28 1.22804e-17
7.312 1.15364e-17
7.344 1.08379e-17
7.376 1.02031e-17
7.408 9.58161e-18
7.44 9.02089e-18
7.472 8.45898e-18
7.504 7.93753e-18
7.536 7.50998e-18
7.568 7.01069e-18
7.6 6.62342e-18
7.632 6.2144e-18
7.664 5.8232e-18
7.696 5.49209e-18
7.728 5.14745e-18
7.76 4.8514e-18
7.792 4.54295e-18
7.824 4.27222e-18
7.856 4.02935e-18
7.888 3.78727e-18
7.92 3.53916e-18
7.952 3.3323e-18
7.984 3.12454e-18
8.016 2.947e-18
8.048 2.75491e-18
8.08 2.59659e-18
8.112 2.44202e-18
8.144 2.28751e-18
8.176 2.148e-18
8.208 2.01886e-18
8.24 1.89406e-18
8.272 1.77723e-18
8.304 1.67091e-18
8.336 1.56796e-18
8.368 1.46878e-18
8.4 1.38334e-18
8.432 1.29838e-18
8.464 1.21069e-18
8.496 1.14452e-18
8.528 1.0723e-18
8.56 1.00433e-18
8.592 9.47358e-19
8.624 8.87628e-19
8.656 8.31374e-19
8.688 7.847e-19
8.72 7.34441e-19
8.752 6.90509e-19
8.784 6.44062e-19
8.816 6.04004e-19
8.848 5.69387e-19
8.88 5.35332e-19
8.912 5.0105e-19
8.944 4.71543e-19
8.976 4.38792e-19
9.008 4.15357e-19
9.04 3.88928e-19
9.072 3.65337e-19
9.104 3.42167e-19
9.136 3.19944e-19
9.168 3.01988e-19
9.2 2.84146e-19
9.232 2.64204e-19
9.264 2.49025e-19
9.296 2.33089e-19
9.328 2.18703e-19
9.36 2.0525e-19
9.392 1.92671e-19
9.424 1.81338e-19
9.456 1.69402e-19
9.488 1.58093e-19
9.52 1.47648e-19
9.552 1.40032e-19
9.584 1.3069e-19
9.616 1.22209e-19
9.648 1.14833e-19
9.68 1.07874e-19
9.712 1.00798e-19
9.744 9.48176e-20
9.776 8.89197e-20
9.808 8.34288e-20
9.84 7.83984e-20
9.872 7.32306e-20
9.904 6.86217e-20
9.936 6.38004e-20
9.968 6.01665e-20
10 5.68303e-20
10.032 5.28555e-20
10.064 4.93453e-20
10.096 4.63733e-20
10.128 4.34604e-20
10.16 4.07605e-20
10.192 3.83741e-20
10.224 3.58882e-20
10.256 3.37306e-20
10.288 3.17357e-20
10.32 2.94778e-20
10.352 2.76976e-20
10.384 2.57005e-20
10.416 2.43777e-20
10.448 2.27988e-20
10.48 2.1316e-20
10.512 1.98923e-20
10.544 1.87487e-20
10.576 1.75188e-20
10.608 1.64624e-20
10.64 1.54438e-20
10.672 1.44315e-20
10.704 1.34817e-20
10.736 1.26399e-20
10.768 1.18511e-20
10.8 1.10736e-20
10.832 1.03805e-20
10.864 9.75234e-21
10.896 9.18955e-21
10.928 8.58698e-21
10.96 8.03815e-21
10.992 7.54546e-21
11.024 7.05183e-21
11.056 6.6004e-21
11.088 6.15415e-21
11.12 5.80128e-21
11.152 5.42732e-21
11.184 5.07374e-21
11.216 4.77656e-21
11.248 4.46635e-21
11.28 4.19594e-21
11.312 3.89901e-21
11.344 3.66252e-21
11.376 3.41356e-21
11.408 3.21971e-21
11.44 3.02537e-21
11.472 2.82124e-21
11.504 2.63162e-21
11.536 2.4804e-21
11.568 2.32445e-21
11.6 2.15402e-21
11.632 2.04137e-21
11.664 1.90273e-21
11.696 1.78345e-21
11.728 1.67984e-21
11.76 1.55625e-21
11.792 1.46456e-21
11.824 1.38275e-21
11.856 1.29096e-21
11.888 1.20514e-21
11.92 1.12981e-21
11.952 1.05283e-21
11.984 9.85957e-22
12.016 9.22061e-22
12.048 8.59155e-22
12.08 8.14431e-22
12.112 7.6263e-22
12.144 7.16701e-22
12.176 6.62954e-22
12.208 6.25206e-22
12.24 5.84546e-22
12.272 5.50825e-22
12.304 5.14359e-22
12.336 4.79224e-22
12.368 4.4614e-22
12.4 4.1969e-22
12.432 3.94175e-22
12.464 3.68444e-22
12.496 3.4557e-22
12.528 3.24335e-22
12.56 3.04474e-22
12.592 2.84805e-22
12.624 2.6706e-22
12.656 2.47971e-22
12.688 2.34261e-22
12.72 2.16766e-22
12.752 2.04487e-22
12.784 1.90914e-22
12.816 1.78462e-22
12.848 1.68992e-22
12.88 1.56887e-22
12.912 1.47683e-22
12.944 1.38001e-22
12.976 1.29233e-22
13.008 1.21381e-22
13.04 1.13219e-22
13.072 1.06374e-22
13.104 9.9097e-23
13.136 9.2681e-23
13.168 8.66895e-23
13.2 8.23336e-23
13.232 7.70178e-23
13.264 7.15469e-23
13.296 6.73344e-23
13.328 6.31134e-23
13.36 5.89453e-23
13.392 5.54143e-23
13.424 5.15058e-23
13.456 4.86876e-23
13.488 4.53338e-23
13.52 4.23237e-23
13.552 3.97293e-23
13.584 3.71081e-23
13.616 3.48278e-23
13.648 3.26357e-23
13.68 3.04597e-23
13.712 2.86699e-23
13.744 2.66151e-23
13.776 2.50576e-23
13.808 2.33675e-23
13.84 2.18952e-23
13.872 2.08595e-23
13.904 1.9392e-23
13.936 1.80791e-23
13.968 1.69271e-23
14 1.58846e-23
14.032 1.47915e-23
14.064 1.38254e-23
14.096 1.2907e-23
14.128 1.20914e-23
14.16 1.13397e-23
14.192 1.05537e-23
14.224 9.92064e-24
14.256 9.3017e-24
14.288 8.71804e-24
14.32 8.18652e-24
14.352 7.64274e-24
14.384 7.19405e-24
14.416 6.73195e-24
14.448 6.25315e-24
14.48 5.84939e-24
14.512 5.50907e-24
14.544 5.14728e-24
14.576 4.78652e-24
14.608 4.51817e-24
14.64 4.2309e-24
14.672 3.95005e-24
14.704 3.68777e-24
14.736 3.49433e-24
14.768 3.2667e-24
14.8 3.03686e-24
14.832 2.84712e-24
14.864 2.66597e-24
14.896 2.49867e-24
14.928 2.33848e-24
14.96 2.18571e-24
14.992 2.05089e-24
15.024 1.92502e-24
15.056 1.80941e-24
15.088 1.69226e-24
15.12 1.56508e-24
15.152 1.4709e-24
15.184 1.38444e-24
15.216 1.28756e-24
15.248 1.21689e-24
15.28 1.1356e-24
15.312 1.05483e-24
15.344 9.96748e-25
15.376 9.30951e-25
15.408 8.74519e-25
15.44 8.16226e-25
15.472 7.66755e-25
15.504 7.17966e-25
15.536 6.69652e-25
15.568 6.26207e-25
15.6 5.84848e-25
15.632 5.49926e-25
15.664 5.1325e-25
15.696 4.84351e-25
15.728 4.51702e-25
15.76 4.22364e-25
15.792 3.97513e-25
15.824 3.70484e-25
15.856 3.48443e-25
15.888 3.24629e-25
15.92 3.04308e-25
15.952 2.85265e-25
15.984 2.68041e-25
16.016 2.49511e-25
16.048 2.35625e-25
16.08 2.17881e-25
16.112 2.06717e-25
16.144 1.91647e-25
16.176 1.80056e-25
16.208 1.66588e-25
16.24 1.56326e-25
16.272 1.4662e-25
16.304 1.37552e-25
16.336 1.29241e-25
16.368 1.21523e-25
16.4 1.12013e-25
16.432 1.06386e-25
16.464 9.89954e-26
16.496 9.28411e-26
16.528 8.7127e-26
16.56 8.13148e-26
16.592 7.64486e-26
16.624 7.19942e-26
16.656 6.68656e-26
16.688 6.28399e-26
16.72 5.8564e-26
16.752 5.53306e-26
16.784 5.1307e-26
16.816 4.80908e-26
16.848 4.52457e-26
16.88 4.19683e-26
16.912 3.94427e-26
16.944 3.70504e-26
16.976 3.45715e-26
17.008 3.24642e-26
17.04 3.05053e-26
17.072 2.84881e-26
17.104 2.64829e-26
17.136 2.51074e-26
17.168 2.34432e-26
17.2 2.18343e-26
17.232 2.06358e-26
17.264 1.922e-26
17.296 1.79935e-26
17.328 1.686e-26
17.36 1.57771e-26
17.392 1.48359e-26
17.424 1.38455e-26
17.456 1.29629e-26
17.488 1.21175e-26
17.52 1.134e-26
17.552 1.07106e-26
17.584 9.9863e-27
17.616 9.42513e-27
17.648 8.71933e-27
17.68 8.19263e-27
17.712 7.60738e-27
17.744 7.16357e-27
17.776 6.72389e-27
17.808 6.25801e-27
17.84 5.88061e-27
17.872 5.49046e-27
17.904 5.20888e-27
17.936 4.81072e-27
17.968 4.54794e-27
18 4.19887e-27
18.032 3.96444e-27
18.064 3.7071e-27
18.096 3.46574e-27
18.128 3.26212e-27
18.16 3.06231e-27
18.192 2.86438e-27
18.224 2.67155e-27
18.256 2.50922e-27
18.288 2.33479e-27
18.32 2.19175e-27
18.352 2.05377e-27
18.384 1.92153e-27
18.416 1.80701e-27
18.448 1.69288e-27
18.48 1.58849e-27
18.512 1.48135e-27
18.544 1.38595e-27
18.576 1.30618e-27
18.608 1.21612e-27
18.64 1.14165e-27
18.672 1.06816e-27
18.704 1.00167e-27
18.736 9.28216e-28
18.768 8.77819e-28
18.8 8.25487e-28
18.832 7.72133e-28
18.864 7.19399e-28
18.896 6.73881e-28
18.928 6.29862e-28
18.96 5.88304e-28
18.992 5.6004e-28
19.024 5.14316e-28
19.056 4.83994e-28
19.088 4.56731e-28
19.12 4.22111e-28
19.152 3.99035e-28
19.184 3.75184e-28
19.216 3.4928e-28
19.248 3.2739e-28
19.28 3.07131e-28
19.312 2.88165e-28
19.344 2.71048e-28
19.376 2.49253e-28
19.408 2.37141e-28
19.44 2.21525e-28
19.472 2.0465e-28
19.504 1.93352e-28
19.536 1.81755e-28
19.568 1.69085e-28
19.6 1.58936e-28
19.632 1.50058e-28
19.664 1.39654e-28
19.696 1.31057e-28
19.728 1.21648e-28
19.76 1.14597e-28
19.792 1.07108e-28
19.824 9.93706e-29
19.856 9.35407e-29
19.888 8.7963e-29
19.92 8.22651e-29
19.952 7.63983e-29
19.984 7.25489e-29
20.016 6.77283e-29
20.048 6.27945e-29
20.08 5.89667e-29
20.112 5.51558e-29
20.144 5.2014e-29
20.176 4.87308e-29
20.208 4.55777e-29
20.24 4.26979e-29
20.272 4.01123e-29
20.304 3.72857e-29
20.336 3.5201e-29
20.368 3.2889e-29
20.4 3.04479e-29
20.432 2.87186e-29
20.464 2.69696e-29
20.496 2.52858e-29
20.528 2.38123e-29
20.56 2.21541e-29
20.592 2.06924e-29
20.624 1.92535e-29
20.656 1.80845e-29
20.688 1.69858e-29
20.72 1.58898e-29
20.752 1.48481e-29
20.784 1.40185e-29
20.816 1.31397e-29
20.848 1.2175e-29
20.88 1.14301e-29
20.912 1.07245e-29
20.944 9.99131e-30
20.976 9.40202e-30
21.008 8.8538e-30
21.04 8.25521e-30
21.072 7.68876e-30
21.104 7.20173e-30
21.136 6.80443e-30
21.168 6.35301e-30
21.2 5.86558e-30
21.232 5.51706e-30
21.264 5.17522e-30
21.296 4.85531e-30
21.328 4.54712e-30
21.36 4.23137e-30
21.392 3.95217e-30
21.424 3.71467e-30
21.456 3.42793e-30
21.488 3.23224e-30
21.52 3.04342e-30
21.552 2.80269e-30
21.584 2.66922e-30
21.616 2.48501e-30
21.648 2.33525e-30
21.68 2.16767e-30
21.712 2.04811e-30
21.744 1.92578e-30
21.776 1.79012e-30
21.808 1.68572e-30
21.84 1.57007e-30
21.872 1.46962e-30
21.904 1.38662e-30
21.936 1.29502e-30
21.968 1.20544e-30
22 1.13247e-30
22.032 1.05048e-30
22.064 9.90091e-31
22.096 9.30994e-31
22.128 8.66807e-31
22.16 8.12033e-31
22.192 7.62835e-31
22.224 7.09984e-31
22.256 6.63196e-31
22.288 6.25531e-31
22.32 5.87086e-31
22.352 5.44574e-31
22.384 5.11286e-31
22.416 4.83315e-31
22.448 4.48975e-31
22.48 4.21388e-31
22.512 3.93552e-31
22.544 3.63531e-31
22.576 3.44121e-31
22.608 3.19825e-31
22.64 3.01901e-31
22.672 2.82607e-31
22.704 2.65054e-31
22.736 2.45827e-31
22.768 2.33512e-31
22.8 2.18007e-31
22.832 2.00523e-31
22.864 1.90379e-31
22.896 1.7744e-31
22.928 1.66573e-31
22.96 1.57145e-31
22.992 1.45347e-31
23.024 1.37176e-31
23.056 1.27059e-31
23.088 1.17442e-31
23.12 1.11893e-31
23.152 1.04561e-31
23.184 9.79889e-32
23.216 9.31451e-32
23.248 8.56538e-32
23.28 8.0678e-32
23.312 7.48242e-32
23.344 7.00823e-32
23.376 6.57262e-32
23.408 6.20988e-32
23.44 5.74861e-32
23.472 5.42272e-32
23.504 5.07227e-32
23.536 4.725e-32
23.568 4.42823e-32
23.6 4.1413e-32
23.632 3.8782e-32
23.664 3.64669e-32
23.696 3.34701e-32
23.728 3.17456e-32
23.76 2.96367e-32
23.792 2.7908e-32
23.824 2.60068e-32
23.856 2.44802e-32
23.888 2.26864e-32
23.92 2.10445e-32
23.952 1.99724e-32
23.984 1.87011e-32
24.016 1.7403e-32
24.048 1.61305e-32
24.08 1.53774e-32
24.112 1.44343e-32
24.144 1.32647e-32
24.176 1.25504e-32
24.208 1.16069e-32
24.24 1.0877e-32
24.272 1.01742e-32
24.304 9.6162e-33
24.336 8.87923e-33
24.368 8.32054e-33
24.4 7.84679e-33
24.432 7.33977e-33
24.464 6.82526e-33
24.496 6.36018e-33
24.528 5.97494e-33
24.56 5.59973e-33
24.592 5.23835e-33
24.624 4.91444e-33
24.656 4.54473e-33
24.688 4.246e-33
24.72 4.0151e-33
24.752 3.73345e-33
24.784 3.54492e-33
24.816 3.26471e-33
24.848 3.07962e-33
24.88 2.84468e-33
24.912 2.68323e-33
24.944 2.50635e-33
24.976 2.33151e-33
25.008 2.18643e-33
25.04 2.05277e-33
25.072 1.9154e-33
25.104 1.76375e-33
25.136 1.65451e-33
25.168 1.55594e-33
25.2 1.461e-33
25.232 1.36982e-33
25.264 1.27866e-33
25.296 1.18088e-33
25.328 1.11865e-33
25.36 1.04525e-33
25.392 9.81827e-34
25.424 9.08074e-34
25.456 8.5413e-34
25.488 7.99906e-34
25.52 7.4971e-34
25.552 6.96242e-34
25.584 6.49517e-34
25.616 6.11104e-34
25.648 5.73284e-34
25.68 5.3119e-34
25.712 4.96272e-34
25.744 4.58986e-34
25.776 4.3716e-34
25.808 4.04154e-34
25.84 3.76795e-34
25.872 3.5007e-34
25.904 3.27648e-34
25.936 3.072e-34
25.968 2.87562e-34
26 2.67531e-34
26.032 2.47698e-34
26.064 2.35125e-34
26.096 2.19543e-34
26.128 2.0364e-34
26.16 1.91988e-34
26.192 1.78852e-34
26.224 1.64884e-34
26.256 1.56755e-34
26.288 1.46564e-34
26.32 1.34426e-34
26.352 1.26767e-34
26.384 1.17028e-34
26.416 1.10672e-34
26.448 1.03974e-34
26.48 9.65017e-35
26.512 8.93028e-35
26.544 8.39093e-35
26.576 7.82379e-35
26.608 7.23337e-35
26.64 6.77813e-35
26.672 6.38038e-35
26.704 5.95807e-35
26.736 5.48832e-35
26.768 5.19219e-35
26.8 4.88399e-35
26.832 4.44479e-35
26.864 4.21296e-35
26.896 3.91022e-35
26.928 3.68576e-35
26.96 3.37072e-35
26.992 3.18409e-35
27.024 2.9913e-35
27.056 2.72306e-35
27.088 2.59184e-35
27.12 2.39211e-35
27.152 2.25203e-35
27.184 2.11187e-35
27.216 1.93473e-35
27.248 1.83046e-35
27.28 1.6813e-35
27.312 1.59035e-35
27.344 1.45407e-35
27.376 1.35158e-35
27.408 1.27988e-35
27.44 1.19535e-35
27.472 1.10773e-35
27.504 1.02353e-35
27.536 9.71009e-36
27.568 8.81549e-36
27.6 8.55802e-36
27.632 7.79271e-36
27.664 7.31569e-36
27.696 6.67456e-36
27.728 6.2634e-36
27.76 5.82306e-36
27.792 5.45466e-36
27.824 5.05295e-36
27.856 4.76825e-36
27.888 4.40906e-36
27.92 4.13678e-36
27.952 3.83997e-36
27.984 3.56706e-36
28.016 3.35729e-36
28.048 3.11919e-36
28.08 2.8548e-36
28.112 2.67579e-36
28.144 2.47748e-36
28.176 2.3115e-36
28.208 2.14564e-36
28.24 2.00615e-36
28.272 1.84161e-36
28.304 1.75709e-36
28.336 1.61439e-36
28.368 1.50563e-36
28.4 1.38573e-36
28.432 1.30456e-36
28.464 1.18703e-36
28.496 1.12674e-36
28.528 1.04021e-36
28.56 9.66458e-37
28.592 8.97196e-37
28.624 8.28264e-37
28.656 7.71322e-37
28.688 7.22105e-37
28.72 6.62261e-37
28.752 6.17292e-37
28.784 5.72404e-37
28.816 5.35554e-37
28.848 4.90064e-37
28.88 4.52194e-37
28.912 4.18096e-37
28.944 3.9335e-37
28.976 3.66979e-37
29.008 3.31874e-37
29.04 3.12597e-37
29.072 2.95663e-37
29.104 2.71532e-37
29.136 2.45515e-37
29.168 2.32822e-37
29.2 2.15468e-37
29.232 2.00967e-37
29.264 1.83416e-37
29.296 1.69758e-37
29.328 1.57532e-37
29.36 1.44977e-37
29.392 1.36721e-37
29.424 1.2575e-37
29.456 1.15759e-37
29.488 1.07718e-37
29.52 9.64373e-38
29.552 9.22438e-38
29.584 8.40118e-38
29.616 7.78511e-38
29.648 7.24582e-38
29.68 6.72278e-38
29.712 6.08509e-38
29.744 5.7013e-38
29.776 5.20594e-38
29.808 4.81292e-38
29.84 4.42344e-38
29.872 4.16777e-38
29.904 3.79145e-38
29.936 3.50496e-38
29.968 3.27998e-38
30 2.9741e-38
30.032 2.74145e-38
30.064 2.6108e-38
30.096 2.34032e-38
30.128 2.14204e-38
30.16 2.00537e-38
30.192 1.79495e-38
30.224 1.64443e-38
30.256 1.50023e-38
30.288 1.4275e-38
30.32 1.31176e-38
30.352 1.18347e-38
30.384 1.07991e-38
30.416 9.70329e-39
30.448 8.77518e-39
30.48 8.18663e-39
30.512 7.52477e-39
30.544 6.77654e-39
30.576 6.55806e-39
30.608 5.95847e-39
30.64 5.50696e-39
30.672 4.81158e-39
30.704 4.4179e-39
30.736 3.90152e-39
30.768 3.58538e-39
30.8 3.18203e-39
30.832 2.9248e-39
30.864 2.67346e-39
30.896 2.41682e-39
30.928 2.22107e-39
30.96 2.07578e-39
30.992 1.71979e-39
31.024 1.66755e-39
31.056 1.4702e-39
31.088 1.33812e-39
31.12 1.21018e-39
31.152 1.08748e-39
31.184 9.21534e-40
31.216 8.41783e-40
31.248 7.82663e-40
31.28 7.12154e-40
31.312 6.08518e-40
31.344 5.51717e-40
31.376 4.37696e-40
31.408 4.06183e-40
31.44 3.8067e-40
31.472 3.30793e-40
31.504 2.72676e-40
31.536 2.37112e-40
31.568 1.91335e-40
31.6 1.80163e-40
31.632 1.41106e-40
31.664 1.21909e-40
31.696 1.03918e-40
31.728 8.07302e-41
31.76 6.69228e-41
31.792 5.00722e-41
31.824 3.59882e-41
31.856 2.83895e-41
31.888 1.41351e-41
31.92 8.30434e-42
31.952 2.07598e-42
31.984 6.05623e-44
