#1:M 2:dN/MdM dy_q d2xT
0.016 5.78325e-07
0.048 5.44498e-07
0.08 4.91288e-07
0.112 4.33067e-07
0.144 3.79716e-07
0.176 3.30786e-07
0.208 2.87958e-07
0.24 2.51069e-07
0.272 2.19326e-07
0.304 1.91956e-07
0.336 1.6838e-07
0.368 1.47911e-07
0.4 1.29137e-07
0.432 1.13832e-07
0.464 1.0056e-07
0.496 8.9011e-08
0.528 7.88676e-08
0.56 7.0025e-08
0.592 6.22546e-08
0.624 5.54586e-08
0.656 4.93306e-08
0.688 4.40741e-08
0.72 3.94015e-08
0.752 3.52881e-08
0.784 3.16352e-08
0.816 2.84013e-08
0.848 2.55329e-08
0.88 2.29711e-08
0.912 2.0613e-08
0.944 1.85862e-08
0.976 1.67759e-08
1.008 1.51592e-08
1.04 1.37142e-08
1.072 1.24175e-08
1.104 1.12496e-08
1.136 1.02111e-08
1.168 9.24001e-09
1.2 8.39257e-09
1.232 7.63398e-09
1.264 6.94778e-09
1.296 6.32999e-09
1.328 5.77483e-09
1.36 5.26807e-09
1.392 4.80977e-09
1.424 4.3836e-09
1.456 4.01016e-09
1.488 3.66891e-09
1.52 3.3603e-09
1.552 3.0778e-09
1.584 2.82198e-09
1.616 2.58962e-09
1.648 2.37784e-09
1.68 2.16398e-09
1.712 1.98874e-09
1.744 1.8287e-09
1.776 1.68358e-09
1.808 1.55017e-09
1.84 1.42718e-09
1.872 1.31575e-09
1.904 1.21258e-09
1.936 1.11671e-09
1.968 1.03205e-09
2 9.52168e-10
2.032 8.80074e-10
2.064 8.13546e-10
2.096 7.52046e-10
2.128 6.96763e-10
2.16 6.44696e-10
2.192 5.96078e-10
2.224 5.52102e-10
2.256 5.11508e-10
2.288 4.74891e-10
2.32 4.40285e-10
2.352 4.08482e-10
2.384 3.79344e-10
2.416 3.52501e-10
2.448 3.2674e-10
2.48 3.03552e-10
2.512 2.82617e-10
2.544 2.6257e-10
2.576 2.44385e-10
2.608 2.2729e-10
2.64 2.11846e-10
2.672 1.97035e-10
2.704 1.85325e-10
2.736 1.72741e-10
2.768 1.61002e-10
2.8 1.50205e-10
2.832 1.40074e-10
2.864 1.30647e-10
2.896 1.21855e-10
2.928 1.13829e-10
2.96 1.06206e-10
2.992 9.92364e-11
3.024 9.27684e-11
3.056 8.66241e-11
3.088 8.10171e-11
3.12 7.57805e-11
3.152 7.08679e-11
3.184 6.63258e-11
3.216 6.2049e-11
3.248 5.80617e-11
3.28 5.43603e-11
3.312 5.08841e-11
3.344 4.76998e-11
3.376 4.46858e-11
3.408 4.18584e-11
3.44 3.92383e-11
3.472 3.67989e-11
3.504 3.44832e-11
3.536 3.23673e-11
3.568 3.03637e-11
3.6 2.84813e-11
3.632 2.67434e-11
3.664 2.51114e-11
3.696 2.35493e-11
3.728 2.19452e-11
3.76 2.06003e-11
3.792 1.93608e-11
3.824 1.81855e-11
3.856 1.71105e-11
3.888 1.60839e-11
3.92 1.51069e-11
3.952 1.42093e-11
3.984 1.33612e-11
4.016 1.25788e-11
4.048 1.18339e-11
4.08 1.11452e-11
4.112 1.04763e-11
4.144 9.85283e-12
4.176 9.28295e-12
4.208 8.73021e-12
4.24 8.23026e-12
4.272 7.74912e-12
4.304 7.28416e-12
4.336 6.87407e-12
4.368 6.47818e-12
4.4 6.10257e-12
4.432 5.74718e-12
4.464 5.41534e-12
4.496 5.12831e-12
4.528 4.82451e-12
4.56 4.55904e-12
4.592 4.29822e-12
4.624 4.05067e-12
4.656 3.81942e-12
4.688 3.6056e-12
4.72 3.40053e-12
4.752 3.41389e-12
4.784 3.22279e-12
4.816 3.03773e-12
4.848 2.87002e-12
4.88 2.70468e-12
4.912 2.55219e-12
4.944 2.41451e-12
4.976 2.27757e-12
5.008 2.10062e-12
5.04 1.98487e-12
5.072 1.87487e-12
5.104 1.77207e-12
5.136 1.67497e-12
5.168 1.58179e-12
5.2 1.49427e-12
5.232 1.41303e-12
5.264 1.33492e-12
5.296 1.26161e-12
5.328 1.19198e-12
5.36 1.12544e-12
5.392 1.0634e-12
5.424 1.00603e-12
5.456 9.52745e-13
5.488 9.01316e-13
5.52 8.51641e-13
5.552 8.054e-13
5.584 7.61281e-13
5.616 7.20732e-13
5.648 6.817e-13
5.68 6.44712e-13
5.712 6.10571e-13
5.744 5.77753e-13
5.776 5.46671e-13
5.808 5.1701e-13
5.84 4.89726e-13
5.872 4.632e-13
5.904 4.38459e-13
5.936 4.14979e-13
5.968 3.92757e-13
6 3.71345e-13
6.032 3.52305e-13
6.064 3.32928e-13
6.096 3.15657e-13
6.128 2.99667e-13
6.16 2.83151e-13
6.192 2.68005e-13
6.224 2.53819e-13
6.256 2.40201e-13
6.288 2.27862e-13
6.32 2.15445e-13
6.352 2.04105e-13
6.384 1.93278e-13
6.416 1.83157e-13
6.448 1.73645e-13
6.48 1.64814e-13
6.512 1.55984e-13
6.544 1.47844e-13
6.576 1.40158e-13
6.608 1.32966e-13
6.64 1.2573e-13
6.672 1.19125e-13
6.704 1.12997e-13
6.736 1.06861e-13
6.768 1.0141e-13
6.8 9.63253e-14
6.832 9.15348e-14
6.864 8.66849e-14
6.896 8.21122e-14
6.928 7.78368e-14
6.96 7.39512e-14
6.992 6.98278e-14
7.024 6.63594e-14
7.056 6.29361e-14
7.088 5.96735e-14
7.12 5.64748e-14
7.152 5.35516e-14
7.184 5.07809e-14
7.216 4.8233e-14
7.248 4.56896e-14
7.28 4.3362e-14
7.312 4.11278e-14
7.344 3.90464e-14
7.376 3.70032e-14
7.408 3.50398e-14
7.44 3.32299e-14
7.472 3.15657e-14
7.504 2.99322e-14
7.536 2.84145e-14
7.568 2.6914e-14
7.6 2.55093e-14
7.632 2.42591e-14
7.664 2.2987e-14
7.696 2.17656e-14
7.728 2.06692e-14
7.76 1.96249e-14
7.792 1.86237e-14
7.824 1.76344e-14
7.856 1.67812e-14
7.888 1.59002e-14
7.92 1.50779e-14
7.952 1.43266e-14
7.984 1.35481e-14
8.016 1.28842e-14
8.048 1.21978e-14
8.08 1.16095e-14
8.112 1.09946e-14
8.144 1.04401e-14
8.176 9.9126e-15
8.208 9.40368e-15
8.24 8.92537e-15
8.272 8.47705e-15
8.304 8.03974e-15
8.336 7.64482e-15
8.368 7.24213e-15
8.4 6.86662e-15
8.432 6.52272e-15
8.464 6.18852e-15
8.496 5.87505e-15
8.528 5.58547e-15
8.56 5.28436e-15
8.592 5.026e-15
8.624 4.77158e-15
8.656 4.52577e-15
8.688 4.29309e-15
8.72 4.07275e-15
8.752 3.86969e-15
8.784 3.67445e-15
8.816 3.48478e-15
8.848 3.31788e-15
8.88 3.15318e-15
8.912 2.99449e-15
8.944 2.84101e-15
8.976 2.69664e-15
9.008 2.56095e-15
9.04 2.42467e-15
9.072 2.29823e-15
9.104 2.18964e-15
9.136 2.07443e-15
9.168 1.97215e-15
9.2 1.87354e-15
9.232 1.77506e-15
9.264 1.6851e-15
9.296 1.59895e-15
9.328 1.52018e-15
9.36 1.43864e-15
9.392 1.36861e-15
9.424 1.30074e-15
9.456 1.2361e-15
9.488 1.17113e-15
9.52 1.11235e-15
9.552 1.0573e-15
9.584 1.00323e-15
9.616 9.535e-16
9.648 9.05343e-16
9.68 8.58867e-16
9.712 8.1652e-16
9.744 7.73628e-16
9.776 7.36565e-16
9.808 7.00892e-16
9.84 6.62794e-16
9.872 6.29109e-16
9.904 5.96799e-16
9.936 5.66473e-16
9.968 5.37993e-16
10 5.11323e-16
10.032 4.8641e-16
10.064 4.61895e-16
10.096 4.38115e-16
10.128 4.16599e-16
10.16 3.94706e-16
10.192 3.7595e-16
10.224 3.5579e-16
10.256 3.38019e-16
10.288 3.21714e-16
10.32 3.04734e-16
10.352 2.89663e-16
10.384 2.74886e-16
10.416 2.60532e-16
10.448 2.48722e-16
10.48 2.35539e-16
10.512 2.23126e-16
10.544 2.1259e-16
10.576 2.01079e-16
10.608 1.91585e-16
10.64 1.82027e-16
10.672 1.72615e-16
10.704 1.63998e-16
10.736 1.55497e-16
10.768 1.47834e-16
10.8 1.40391e-16
10.832 1.33348e-16
10.864 1.26575e-16
10.896 1.20337e-16
10.928 1.14206e-16
10.96 1.08772e-16
10.992 1.03106e-16
11.024 9.82926e-17
11.056 9.31896e-17
11.088 8.84346e-17
11.12 8.39172e-17
11.152 7.98466e-17
11.184 7.57138e-17
11.216 7.18988e-17
11.248 6.83862e-17
11.28 6.48901e-17
11.312 6.16533e-17
11.344 5.85284e-17
11.376 5.54689e-17
11.408 5.28154e-17
11.44 5.00784e-17
11.472 4.76117e-17
11.504 4.52113e-17
11.536 4.28998e-17
11.568 4.08822e-17
11.6 3.87668e-17
11.632 3.67572e-17
11.664 3.4967e-17
11.696 3.32925e-17
11.728 3.15045e-17
11.76 2.99518e-17
11.792 2.84725e-17
11.824 2.70094e-17
11.856 2.56737e-17
11.888 2.43934e-17
11.92 2.31146e-17
11.952 2.19488e-17
11.984 2.09253e-17
12.016 1.98074e-17
12.048 1.88742e-17
12.08 1.79079e-17
12.112 1.6991e-17
12.144 1.61424e-17
12.176 1.53405e-17
12.208 1.45548e-17
12.24 1.38231e-17
12.272 1.31712e-17
12.304 1.24719e-17
12.336 1.18858e-17
12.368 1.12183e-17
12.4 1.06785e-17
12.432 1.01672e-17
12.464 9.66539e-18
12.496 9.18167e-18
12.528 8.70232e-18
12.56 8.26268e-18
12.592 7.85381e-18
12.624 7.45214e-18
12.656 7.08562e-18
12.688 6.73036e-18
12.72 6.37904e-18
12.752 6.06427e-18
12.784 5.78264e-18
12.816 5.49031e-18
12.848 5.20831e-18
12.88 4.93515e-18
12.912 4.68387e-18
12.944 4.47519e-18
12.976 4.23872e-18
13.008 4.03649e-18
13.04 3.81766e-18
13.072 3.63946e-18
13.104 3.44881e-18
13.136 3.27798e-18
13.168 3.11657e-18
13.2 2.9701e-18
13.232 2.82049e-18
13.264 2.68008e-18
13.296 2.55549e-18
13.328 2.42082e-18
13.36 2.29691e-18
13.392 2.19113e-18
13.424 2.07538e-18
13.456 1.96101e-18
13.488 1.8756e-18
13.52 1.78188e-18
13.552 1.69516e-18
13.584 1.60858e-18
13.616 1.52246e-18
13.648 1.44437e-18
13.68 1.37801e-18
13.712 1.30702e-18
13.744 1.24101e-18
13.776 1.17934e-18
13.808 1.12071e-18
13.84 1.06519e-18
13.872 1.01103e-18
13.904 9.58943e-19
13.936 9.10998e-19
13.968 8.67869e-19
14 8.22876e-19
14.032 7.83854e-19
14.064 7.41261e-19
14.096 7.05136e-19
14.128 6.70323e-19
14.16 6.35512e-19
14.192 6.06637e-19
14.224 5.75432e-19
14.256 5.45969e-19
14.288 5.17405e-19
14.32 4.92081e-19
14.352 4.67343e-19
14.384 4.44508e-19
14.416 4.22502e-19
14.448 4.00882e-19
14.48 3.80898e-19
14.512 3.62212e-19
14.544 3.4446e-19
14.576 3.26805e-19
14.608 3.09789e-19
14.64 2.94367e-19
14.672 2.79482e-19
14.704 2.65469e-19
14.736 2.52476e-19
14.768 2.39583e-19
14.8 2.27454e-19
14.832 2.17344e-19
14.864 2.05389e-19
14.896 1.95653e-19
14.928 1.85504e-19
14.96 1.76649e-19
14.992 1.67663e-19
15.024 1.59254e-19
15.056 1.51681e-19
15.088 1.43365e-19
15.12 1.36536e-19
15.152 1.2966e-19
15.184 1.23477e-19
15.216 1.17082e-19
15.248 1.10955e-19
15.28 1.05946e-19
15.312 1.00459e-19
15.344 9.52686e-20
15.376 9.05564e-20
15.408 8.59156e-20
15.44 8.17991e-20
15.472 7.74445e-20
15.504 7.36195e-20
15.536 7.02634e-20
15.568 6.6729e-20
15.6 6.33839e-20
15.632 6.02608e-20
15.664 5.71789e-20
15.696 5.41513e-20
15.728 5.16584e-20
15.76 4.90963e-20
15.792 4.65499e-20
15.824 4.42312e-20
15.856 4.184e-20
15.888 3.9856e-20
15.92 3.80641e-20
15.952 3.59874e-20
15.984 3.40823e-20
16.016 3.27104e-20
16.048 3.0921e-20
16.08 2.9455e-20
16.112 2.78647e-20
16.144 2.64444e-20
16.176 2.50752e-20
16.208 2.38377e-20
16.24 2.28149e-20
16.272 2.162e-20
16.304 2.04744e-20
16.336 1.95098e-20
16.368 1.85373e-20
16.4 1.76125e-20
16.432 1.66841e-20
16.464 1.58898e-20
16.496 1.51652e-20
16.528 1.43981e-20
16.56 1.36518e-20
16.592 1.29796e-20
16.624 1.22991e-20
16.656 1.1719e-20
16.688 1.10565e-20
16.72 1.05703e-20
16.752 9.99572e-21
16.784 9.55392e-21
16.816 9.0488e-21
16.848 8.60724e-21
16.88 8.1974e-21
16.912 7.74759e-21
16.944 7.38307e-21
16.976 7.01634e-21
17.008 6.68652e-21
17.04 6.29696e-21
17.072 6.02015e-21
17.104 5.71126e-21
17.136 5.43414e-21
17.168 5.16412e-21
17.2 4.90327e-21
17.232 4.67165e-21
17.264 4.4284e-21
17.296 4.19642e-21
17.328 4.00116e-21
17.36 3.78746e-21
17.392 3.61365e-21
17.424 3.42944e-21
17.456 3.25051e-21
17.488 3.10291e-21
17.52 2.94006e-21
17.552 2.79785e-21
17.584 2.65193e-21
17.616 2.53015e-21
17.648 2.40323e-21
17.68 2.28465e-21
17.712 2.1581e-21
17.744 2.05807e-21
17.776 1.95589e-21
17.808 1.85628e-21
17.84 1.76568e-21
17.872 1.67341e-21
17.904 1.59589e-21
17.936 1.52094e-21
17.968 1.44291e-21
18 1.37272e-21
18.032 1.29571e-21
18.064 1.23524e-21
18.096 1.17552e-21
18.128 1.11687e-21
18.16 1.05889e-21
18.192 1.01246e-21
18.224 9.5722e-22
18.256 9.09035e-22
18.288 8.65938e-22
18.32 8.16463e-22
18.352 7.80158e-22
18.384 7.45037e-22
18.416 7.04985e-22
18.448 6.69732e-22
18.48 6.37329e-22
18.512 6.05733e-22
18.544 5.76042e-22
18.576 5.45921e-22
18.608 5.17406e-22
18.64 4.92126e-22
18.672 4.68736e-22
18.704 4.45554e-22
18.736 4.22947e-22
18.768 4.0151e-22
18.8 3.81196e-22
18.832 3.63556e-22
18.864 3.43367e-22
18.896 3.28506e-22
18.928 3.11014e-22
18.96 2.9632e-22
18.992 2.81126e-22
19.024 2.67183e-22
19.056 2.54226e-22
19.088 2.41919e-22
19.12 2.2726e-22
19.152 2.17685e-22
19.184 2.06915e-22
19.216 1.9635e-22
19.248 1.85753e-22
19.28 1.76755e-22
19.312 1.68978e-22
19.344 1.60634e-22
19.376 1.52656e-22
19.408 1.44239e-22
19.44 1.37829e-22
19.472 1.30003e-22
19.504 1.23699e-22
19.536 1.17789e-22
19.568 1.12081e-22
19.6 1.06489e-22
19.632 1.01253e-22
19.664 9.65046e-23
19.696 9.13032e-23
19.728 8.71446e-23
19.76 8.26721e-23
19.792 7.80677e-23
19.824 7.44158e-23
19.856 7.07552e-23
19.888 6.74028e-23
19.92 6.38476e-23
19.952 6.04972e-23
19.984 5.75011e-23
20.016 5.4893e-23
20.048 5.19795e-23
20.08 4.93098e-23
20.112 4.70215e-23
20.144 4.44696e-23
20.176 4.23866e-23
20.208 4.01511e-23
20.24 3.82642e-23
20.272 3.64787e-23
20.304 3.45919e-23
20.336 3.25493e-23
20.368 3.11348e-23
20.4 2.96196e-23
20.432 2.81004e-23
20.464 2.67935e-23
20.496 2.5315e-23
20.528 2.40558e-23
20.56 2.28654e-23
20.592 2.17064e-23
20.624 2.07198e-23
20.656 1.9639e-23
20.688 1.86797e-23
20.72 1.77154e-23
20.752 1.68028e-23
20.784 1.59888e-23
20.816 1.52164e-23
20.848 1.43826e-23
20.88 1.36608e-23
20.912 1.29667e-23
20.944 1.23118e-23
20.976 1.17505e-23
21.008 1.11488e-23
21.04 1.0521e-23
21.072 9.96554e-24
21.104 9.5044e-24
21.136 8.9738e-24
21.168 8.58592e-24
21.2 8.13061e-24
21.232 7.69394e-24
21.264 7.32594e-24
21.296 6.97056e-24
21.328 6.60696e-24
21.36 6.28354e-24
21.392 5.8936e-24
21.424 5.58864e-24
21.456 5.31124e-24
21.488 5.03829e-24
21.52 4.77583e-24
21.552 4.53999e-24
21.584 4.29041e-24
21.616 4.09829e-24
21.648 3.85487e-24
21.68 3.67652e-24
21.712 3.48767e-24
21.744 3.29518e-24
21.776 3.13462e-24
21.808 2.97597e-24
21.84 2.83853e-24
21.872 2.67871e-24
21.904 2.53874e-24
21.936 2.38632e-24
21.968 2.26959e-24
22 2.16381e-24
22.032 2.03698e-24
22.064 1.92833e-24
22.096 1.82738e-24
22.128 1.72891e-24
22.16 1.63982e-24
22.192 1.5513e-24
22.224 1.46104e-24
22.256 1.38948e-24
22.288 1.30372e-24
22.32 1.23748e-24
22.352 1.17054e-24
22.384 1.10632e-24
22.416 1.04357e-24
22.448 9.87089e-25
22.48 9.30273e-25
22.512 8.79483e-25
22.544 8.23163e-25
22.576 7.78159e-25
22.608 7.35503e-25
22.64 6.90603e-25
22.672 6.44326e-25
22.704 6.08676e-25
22.736 5.74121e-25
22.768 5.34581e-25
22.8 5.02055e-25
22.832 4.74955e-25
22.864 4.43751e-25
22.896 4.14443e-25
22.928 3.8767e-25
22.96 3.58987e-25
22.992 3.368e-25
23.024 3.1043e-25
23.056 2.89548e-25
23.088 2.69452e-25
23.12 2.48493e-25
23.152 2.30615e-25
23.184 2.14405e-25
23.216 1.94982e-25
23.248 1.78156e-25
23.28 1.61851e-25
23.312 1.48338e-25
23.344 1.33793e-25
23.376 1.20489e-25
23.408 1.07583e-25
23.44 9.46213e-26
23.472 8.34754e-26
23.504 7.28846e-26
23.536 6.15898e-26
23.568 5.07692e-26
23.6 4.1781e-26
23.632 3.28459e-26
23.664 2.34874e-26
23.696 1.58586e-26
23.728 7.52491e-27
23.76 9.04578e-28
23.792 -6.49613e-27
23.824 -1.34991e-26
23.856 -1.98731e-26
23.888 -2.49044e-26
23.92 -3.1e-26
23.952 -3.66074e-26
23.984 -4.1616e-26
24.016 -4.66636e-26
24.048 -5.09543e-26
24.08 -5.62645e-26
24.112 -6.06752e-26
24.144 -6.44165e-26
24.176 -6.85344e-26
24.208 -7.18454e-26
24.24 -7.54467e-26
24.272 -7.87342e-26
24.304 -8.16051e-26
24.336 -8.54215e-26
24.368 -8.77233e-26
24.4 -9.14499e-26
24.432 -9.39811e-26
24.464 -9.58977e-26
24.496 -9.81309e-26
24.528 -9.98594e-26
24.56 -1.0194e-25
24.592 -1.04304e-25
24.624 -1.065e-25
24.656 -1.07741e-25
24.688 -1.08894e-25
24.72 -1.10792e-25
24.752 -1.12589e-25
24.784 -1.13704e-25
24.816 -1.14778e-25
24.848 -1.16382e-25
24.88 -1.17619e-25
24.912 -1.17989e-25
24.944 -1.19231e-25
24.976 -1.19798e-25
25.008 -1.20722e-25
25.04 -1.21893e-25
25.072 -1.22373e-25
25.104 -1.22308e-25
25.136 -1.23213e-25
25.168 -1.23932e-25
25.2 -1.24891e-25
25.232 -1.24991e-25
25.264 -1.24892e-25
25.296 -1.25363e-25
25.328 -1.25091e-25
25.36 -1.25764e-25
25.392 -1.26083e-25
25.424 -1.25756e-25
25.456 -1.25972e-25
25.488 -1.25858e-25
25.52 -1.25463e-25
25.552 -1.25759e-25
25.584 -1.25294e-25
25.616 -1.24699e-25
25.648 -1.24257e-25
25.68 -1.2411e-25
25.712 -1.23828e-25
25.744 -1.23576e-25
25.776 -1.23116e-25
25.808 -1.22131e-25
25.84 -1.21441e-25
25.872 -1.20824e-25
25.904 -1.2018e-25
25.936 -1.19728e-25
25.968 -1.18773e-25
26 -1.18456e-25
26.032 -1.17723e-25
26.064 -1.16685e-25
26.096 -1.15127e-25
26.128 -1.14523e-25
26.16 -1.14058e-25
26.192 -1.12909e-25
26.224 -1.11454e-25
26.256 -1.11064e-25
26.288 -1.09122e-25
26.32 -1.08635e-25
26.352 -1.07151e-25
26.384 -1.06509e-25
26.416 -1.05482e-25
26.448 -1.03786e-25
26.48 -1.02153e-25
26.512 -1.01304e-25
26.544 -9.99169e-26
26.576 -9.82502e-26
26.608 -9.67706e-26
26.64 -9.54202e-26
26.672 -9.40492e-26
26.704 -9.23106e-26
26.736 -9.1275e-26
26.768 -8.92409e-26
26.8 -8.7594e-26
26.832 -8.60422e-26
26.864 -8.47533e-26
26.896 -8.28591e-26
26.928 -8.08678e-26
26.96 -7.92278e-26
26.992 -7.8222e-26
27.024 -7.59647e-26
27.056 -7.45583e-26
27.088 -7.32317e-26
27.12 -7.09558e-26
27.152 -6.92621e-26
27.184 -6.74159e-26
27.216 -6.53622e-26
27.248 -6.32639e-26
27.28 -6.15667e-26
27.312 -6.00948e-26
27.344 -5.79798e-26
27.376 -5.59392e-26
27.408 -5.44119e-26
27.44 -5.21401e-26
27.472 -5.01026e-26
27.504 -4.83564e-26
27.536 -4.62968e-26
27.568 -4.41788e-26
27.6 -4.21578e-26
27.632 -4.00638e-26
27.664 -3.7897e-26
27.696 -3.58943e-26
27.728 -3.40524e-26
27.76 -3.2502e-26
27.792 -2.97937e-26
27.824 -2.82574e-26
27.856 -2.62896e-26
27.888 -2.45238e-26
27.92 -2.26605e-26
27.952 -2.05209e-26
27.984 -1.83041e-26
28.016 -1.59427e-26
28.048 -1.46469e-26
28.08 -1.26108e-26
28.112 -1.05447e-26
28.144 -8.09862e-27
28.176 -5.93411e-27
28.208 -4.68333e-27
28.24 -2.4206e-27
28.272 -6.29375e-28
28.304 1.12843e-27
28.336 2.95521e-27
28.368 5.1585e-27
28.4 7.07029e-27
28.432 8.76576e-27
28.464 1.07508e-26
28.496 1.28475e-26
28.528 1.41156e-26
28.56 1.61341e-26
28.592 1.76574e-26
28.624 1.93801e-26
28.656 2.1374e-26
28.688 2.26816e-26
28.72 2.46856e-26
28.752 2.5807e-26
28.784 2.74559e-26
28.816 2.87138e-26
28.848 3.04646e-26
28.88 3.19167e-26
28.912 3.31858e-26
28.944 3.53933e-26
28.976 3.64773e-26
29.008 3.75371e-26
29.04 3.8936e-26
29.072 4.09875e-26
29.104 4.18183e-26
29.136 4.28721e-26
29.168 4.46185e-26
29.2 4.4711e-26
29.232 4.65182e-26
29.264 4.72136e-26
29.296 4.83918e-26
29.328 4.92077e-26
29.36 5.01552e-26
29.392 5.18395e-26
29.424 5.15686e-26
29.456 5.24983e-26
29.488 5.40109e-26
29.52 5.43085e-26
29.552 5.48409e-26
29.584 5.57361e-26
29.616 5.6088e-26
29.648 5.66918e-26
29.68 5.66736e-26
29.712 5.72737e-26
29.744 5.79225e-26
29.776 5.8146e-26
29.808 5.7807e-26
29.84 5.76957e-26
29.872 5.82941e-26
29.904 5.88443e-26
29.936 5.82758e-26
29.968 5.91746e-26
30 5.88209e-26
30.032 5.83364e-26
30.064 5.81092e-26
30.096 5.78152e-26
30.128 5.76475e-26
30.16 5.7788e-26
30.192 5.70726e-26
30.224 5.68999e-26
30.256 5.59495e-26
30.288 5.59554e-26
30.32 5.50683e-26
30.352 5.38472e-26
30.384 5.35402e-26
30.416 5.28477e-26
30.448 5.22942e-26
30.48 5.18652e-26
30.512 5.0922e-26
30.544 5.03093e-26
30.576 4.95107e-26
30.608 4.80101e-26
30.64 4.67143e-26
30.672 4.54891e-26
30.704 4.45995e-26
30.736 4.41348e-26
30.768 4.28909e-26
30.8 4.13201e-26
30.832 4.0113e-26
30.864 3.92506e-26
30.896 3.73691e-26
30.928 3.66653e-26
30.96 3.4715e-26
30.992 3.34724e-26
31.024 3.24766e-26
31.056 3.10809e-26
31.088 2.95874e-26
31.12 2.7986e-26
31.152 2.729e-26
31.184 2.54511e-26
31.216 2.40745e-26
31.248 2.22665e-26
31.28 2.10948e-26
31.312 2.01729e-26
31.344 1.82557e-26
31.376 1.70122e-26
31.408 1.58941e-26
31.44 1.48802e-26
31.472 1.27388e-26
31.504 1.18504e-26
31.536 1.04958e-26
31.568 9.09457e-27
31.6 8.18863e-27
31.632 7.24344e-27
31.664 5.98566e-27
31.696 4.96644e-27
31.728 3.97611e-27
31.76 3.33965e-27
31.792 2.5263e-27
31.824 1.97542e-27
31.856 1.35717e-27
31.888 7.60156e-28
31.92 4.07945e-28
31.952 1.49525e-28
31.984 3.46911e-29
