#1:M 2:dN/MdM dy_q d2xT
0.016 2.06394e-08
0.048 1.78435e-08
0.08 1.47976e-08
0.112 1.22385e-08
0.144 1.02392e-08
0.176 8.61909e-09
0.208 7.32271e-09
0.24 6.26932e-09
0.272 5.40974e-09
0.304 4.69732e-09
0.336 4.10329e-09
0.368 3.60005e-09
0.4 3.14701e-09
0.432 2.78208e-09
0.464 2.4701e-09
0.496 2.19882e-09
0.528 1.96582e-09
0.56 1.76028e-09
0.592 1.57969e-09
0.624 1.42222e-09
0.656 1.27904e-09
0.688 1.1555e-09
0.72 1.04606e-09
0.752 9.48312e-10
0.784 8.60671e-10
0.816 7.83227e-10
0.848 7.13302e-10
0.88 6.50156e-10
0.912 5.90587e-10
0.944 5.40359e-10
0.976 4.94843e-10
1.008 4.53286e-10
1.04 4.15919e-10
1.072 3.81126e-10
1.104 3.50656e-10
1.136 3.22276e-10
1.168 2.95752e-10
1.2 2.72474e-10
1.232 2.51225e-10
1.264 2.31723e-10
1.296 2.13798e-10
1.328 1.97846e-10
1.36 1.8293e-10
1.392 1.69074e-10
1.424 1.56184e-10
1.456 1.44745e-10
1.488 1.34182e-10
1.52 1.24423e-10
1.552 1.15517e-10
1.584 1.0726e-10
1.616 9.95242e-11
1.648 9.27771e-11
1.68 8.53909e-11
1.712 7.94142e-11
1.744 7.39478e-11
1.776 6.88687e-11
1.808 6.41275e-11
1.84 5.98189e-11
1.872 5.58118e-11
1.904 5.19878e-11
1.936 4.84662e-11
1.968 4.52224e-11
2 4.22335e-11
2.032 3.95022e-11
2.064 3.69418e-11
2.096 3.45611e-11
2.128 3.22974e-11
2.16 3.01841e-11
2.192 2.82338e-11
2.224 2.64004e-11
2.256 2.47577e-11
2.288 2.31792e-11
2.32 2.16901e-11
2.352 2.03413e-11
2.384 1.9086e-11
2.416 1.78987e-11
2.448 1.67671e-11
2.48 1.574e-11
2.512 1.47853e-11
2.544 1.3876e-11
2.576 1.30279e-11
2.608 1.22352e-11
2.64 1.14998e-11
2.672 1.07999e-11
2.704 1.02354e-11
2.736 9.62911e-12
2.768 9.05214e-12
2.8 8.50777e-12
2.832 8.02218e-12
2.864 7.53518e-12
2.896 7.08736e-12
2.928 6.67615e-12
2.96 6.27826e-12
2.992 5.90357e-12
3.024 5.57246e-12
3.056 5.2384e-12
3.088 4.9362e-12
3.12 4.661e-12
3.152 4.38773e-12
3.184 4.12935e-12
3.216 3.89217e-12
3.248 3.67272e-12
3.28 3.4687e-12
3.312 3.26392e-12
3.344 3.07907e-12
3.376 2.90679e-12
3.408 2.74496e-12
3.44 2.58689e-12
3.472 2.43923e-12
3.504 2.30441e-12
3.536 2.17395e-12
3.568 2.05431e-12
3.6 1.93946e-12
3.632 1.82858e-12
3.664 1.73295e-12
3.696 1.63501e-12
3.728 1.52954e-12
3.76 1.44459e-12
3.792 1.36561e-12
3.824 1.28877e-12
3.856 1.21822e-12
3.888 1.15334e-12
3.92 1.0897e-12
3.952 1.03033e-12
3.984 9.73692e-13
4.016 9.2048e-13
4.048 8.71842e-13
4.08 8.22032e-13
4.112 7.77525e-13
4.144 7.36545e-13
4.176 6.96603e-13
4.208 6.57853e-13
4.24 6.23143e-13
4.272 5.89406e-13
4.304 5.57748e-13
4.336 5.27285e-13
4.368 4.9907e-13
4.4 4.72061e-13
4.432 4.46902e-13
4.464 4.22755e-13
4.496 4.00828e-13
4.528 3.79959e-13
4.56 3.59316e-13
4.592 3.40758e-13
4.624 3.21824e-13
4.656 3.05151e-13
4.688 2.89012e-13
4.72 2.73749e-13
4.752 2.75729e-13
4.784 2.60261e-13
4.816 2.46845e-13
4.848 2.33541e-13
4.88 2.21334e-13
4.912 2.09866e-13
4.944 1.98884e-13
4.976 1.88431e-13
5.008 1.74225e-13
5.04 1.64389e-13
5.072 1.56229e-13
5.104 1.48197e-13
5.136 1.40395e-13
5.168 1.32842e-13
5.2 1.2565e-13
5.232 1.19202e-13
5.264 1.12999e-13
5.296 1.07167e-13
5.328 1.01311e-13
5.36 9.60749e-14
5.392 9.07915e-14
5.424 8.62232e-14
5.456 8.16817e-14
5.488 7.74054e-14
5.52 7.34653e-14
5.552 6.95633e-14
5.584 6.59662e-14
5.616 6.24957e-14
5.648 5.9226e-14
5.68 5.60509e-14
5.712 5.2974e-14
5.744 5.03088e-14
5.776 4.77412e-14
5.808 4.52014e-14
5.84 4.29577e-14
5.872 4.06765e-14
5.904 3.86979e-14
5.936 3.66301e-14
5.968 3.46077e-14
6 3.28693e-14
6.032 3.11127e-14
6.064 2.9521e-14
6.096 2.79356e-14
6.128 2.65184e-14
6.16 2.51322e-14
6.192 2.38578e-14
6.224 2.25481e-14
6.256 2.14647e-14
6.288 2.03362e-14
6.32 1.92666e-14
6.352 1.82173e-14
6.384 1.73057e-14
6.416 1.643e-14
6.448 1.55745e-14
6.48 1.47895e-14
6.512 1.39588e-14
6.544 1.32599e-14
6.576 1.25896e-14
6.608 1.19484e-14
6.64 1.12883e-14
6.672 1.07033e-14
6.704 1.01708e-14
6.736 9.63695e-15
6.768 9.14136e-15
6.8 8.67851e-15
6.832 8.22069e-15
6.864 7.79724e-15
6.896 7.41402e-15
6.928 7.02125e-15
6.96 6.64222e-15
6.992 6.29321e-15
7.024 5.96278e-15
7.056 5.66538e-15
7.088 5.37556e-15
7.12 5.0819e-15
7.152 4.82579e-15
7.184 4.58115e-15
7.216 4.34668e-15
7.248 4.12241e-15
7.28 3.89632e-15
7.312 3.70116e-15
7.344 3.5042e-15
7.376 3.31833e-15
7.408 3.15005e-15
7.44 2.98459e-15
7.472 2.8363e-15
7.504 2.68281e-15
7.536 2.54523e-15
7.568 2.40817e-15
7.6 2.28584e-15
7.632 2.16576e-15
7.664 2.05294e-15
7.696 1.94765e-15
7.728 1.84987e-15
7.76 1.75366e-15
7.792 1.65783e-15
7.824 1.57488e-15
7.856 1.48815e-15
7.888 1.41557e-15
7.92 1.34185e-15
7.952 1.27102e-15
7.984 1.20921e-15
8.016 1.14435e-15
8.048 1.08305e-15
8.08 1.02665e-15
8.112 9.72798e-16
8.144 9.20631e-16
8.176 8.75903e-16
8.208 8.31009e-16
8.24 7.86956e-16
8.272 7.46456e-16
8.304 7.06697e-16
8.336 6.68724e-16
8.368 6.32978e-16
8.4 6.00274e-16
8.432 5.70796e-16
8.464 5.39695e-16
8.496 5.12298e-16
8.528 4.86108e-16
8.56 4.59938e-16
8.592 4.35589e-16
8.624 4.14586e-16
8.656 3.91953e-16
8.688 3.71714e-16
8.72 3.52513e-16
8.752 3.33277e-16
8.784 3.16858e-16
8.816 2.98434e-16
8.848 2.83943e-16
8.88 2.70328e-16
8.912 2.56141e-16
8.944 2.4316e-16
8.976 2.30729e-16
9.008 2.18644e-16
9.04 2.05835e-16
9.072 1.95264e-16
9.104 1.86521e-16
9.136 1.75602e-16
9.168 1.67057e-16
9.2 1.58278e-16
9.232 1.50447e-16
9.264 1.42363e-16
9.296 1.34376e-16
9.328 1.27644e-16
9.36 1.21246e-16
9.392 1.14659e-16
9.424 1.08159e-16
9.456 1.03125e-16
9.488 9.76737e-17
9.52 9.25705e-17
9.552 8.72739e-17
9.584 8.29767e-17
9.616 7.85636e-17
9.648 7.45181e-17
9.68 7.08152e-17
9.712 6.69966e-17
9.744 6.36402e-17
9.776 5.99223e-17
9.808 5.69959e-17
9.84 5.41574e-17
9.872 5.11731e-17
9.904 4.85095e-17
9.936 4.59484e-17
9.968 4.35286e-17
10 4.13308e-17
10.032 3.92313e-17
10.064 3.70767e-17
10.096 3.52059e-17
10.128 3.33271e-17
10.16 3.14267e-17
10.192 2.99338e-17
10.224 2.83984e-17
10.256 2.67441e-17
10.288 2.54537e-17
10.32 2.41869e-17
10.352 2.28425e-17
10.384 2.16284e-17
10.416 2.05004e-17
10.448 1.9532e-17
10.48 1.83276e-17
10.512 1.74423e-17
10.544 1.65489e-17
10.576 1.56706e-17
10.608 1.48116e-17
10.64 1.41167e-17
10.672 1.33247e-17
10.704 1.26191e-17
10.736 1.1978e-17
10.768 1.13729e-17
10.8 1.07401e-17
10.832 1.01869e-17
10.864 9.66361e-18
10.896 9.15842e-18
10.928 8.70997e-18
10.96 8.19866e-18
10.992 7.79505e-18
11.024 7.38184e-18
11.056 6.9841e-18
11.088 6.60882e-18
11.12 6.27583e-18
11.152 5.94184e-18
11.184 5.63312e-18
11.216 5.31031e-18
11.248 5.05775e-18
11.28 4.78854e-18
11.312 4.52941e-18
11.344 4.30096e-18
11.376 4.07774e-18
11.408 3.86657e-18
11.44 3.6594e-18
11.472 3.48157e-18
11.504 3.28331e-18
11.536 3.10623e-18
11.568 2.94928e-18
11.6 2.78863e-18
11.632 2.64042e-18
11.664 2.51244e-18
11.696 2.38338e-18
11.728 2.25563e-18
11.76 2.14523e-18
11.792 2.02919e-18
11.824 1.91811e-18
11.856 1.80881e-18
11.888 1.71842e-18
11.92 1.62966e-18
11.952 1.54366e-18
11.984 1.459e-18
12.016 1.38527e-18
12.048 1.31184e-18
12.08 1.2427e-18
12.112 1.17793e-18
12.144 1.11509e-18
12.176 1.05561e-18
12.208 9.98166e-19
12.24 9.51441e-19
12.272 9.00383e-19
12.304 8.53038e-19
12.336 8.09117e-19
12.368 7.62824e-19
12.4 7.22569e-19
12.432 6.88171e-19
12.464 6.51099e-19
12.496 6.17618e-19
12.528 5.8303e-19
12.56 5.54381e-19
12.592 5.24168e-19
12.624 4.97982e-19
12.656 4.71227e-19
12.688 4.45703e-19
12.72 4.2096e-19
12.752 3.99632e-19
12.784 3.79371e-19
12.816 3.60954e-19
12.848 3.41214e-19
12.88 3.22987e-19
12.912 3.07232e-19
12.944 2.89036e-19
12.976 2.74511e-19
13.008 2.5995e-19
13.04 2.4633e-19
13.072 2.33594e-19
13.104 2.21749e-19
13.136 2.08621e-19
13.168 1.98792e-19
13.2 1.89368e-19
13.232 1.78922e-19
13.264 1.69716e-19
13.296 1.60843e-19
13.328 1.51892e-19
13.36 1.44217e-19
13.392 1.37321e-19
13.424 1.29349e-19
13.456 1.22378e-19
13.488 1.16071e-19
13.52 1.10218e-19
13.552 1.04103e-19
13.584 9.89104e-20
13.616 9.2749e-20
13.648 8.85114e-20
13.68 8.39783e-20
13.712 7.93605e-20
13.744 7.50885e-20
13.776 7.12145e-20
13.808 6.76915e-20
13.84 6.40843e-20
13.872 6.10532e-20
13.904 5.78359e-20
13.936 5.45891e-20
13.968 5.1904e-20
14 4.89463e-20
14.032 4.61751e-20
14.064 4.36218e-20
14.096 4.1477e-20
14.128 3.93682e-20
14.16 3.72436e-20
14.192 3.5404e-20
14.224 3.33901e-20
14.256 3.18283e-20
14.288 2.99653e-20
14.32 2.84194e-20
14.352 2.69096e-20
14.384 2.55623e-20
14.416 2.42136e-20
14.448 2.2807e-20
14.48 2.16828e-20
14.512 2.0598e-20
14.544 1.94531e-20
14.576 1.84427e-20
14.608 1.74388e-20
14.64 1.66159e-20
14.672 1.57523e-20
14.704 1.47999e-20
14.736 1.40316e-20
14.768 1.34384e-20
14.8 1.26775e-20
14.832 1.20361e-20
14.864 1.13239e-20
14.896 1.0723e-20
14.928 1.0149e-20
14.96 9.62316e-21
14.992 9.10591e-21
15.024 8.65012e-21
15.056 8.17227e-21
15.088 7.70793e-21
15.12 7.33921e-21
15.152 6.95255e-21
15.184 6.62098e-21
15.216 6.23878e-21
15.248 5.93119e-21
15.28 5.6065e-21
15.312 5.30357e-21
15.344 5.00979e-21
15.376 4.77661e-21
15.408 4.50756e-21
15.44 4.27407e-21
15.472 4.07042e-21
15.504 3.84152e-21
15.536 3.65076e-21
15.568 3.45912e-21
15.6 3.24235e-21
15.632 3.0978e-21
15.664 2.94479e-21
15.696 2.77318e-21
15.728 2.62574e-21
15.76 2.4976e-21
15.792 2.34912e-21
15.824 2.23327e-21
15.856 2.12858e-21
15.888 2.00148e-21
15.92 1.89453e-21
15.952 1.79646e-21
15.984 1.70167e-21
16.016 1.60684e-21
16.048 1.52951e-21
16.08 1.45048e-21
16.112 1.36897e-21
16.144 1.30101e-21
16.176 1.23152e-21
16.208 1.16099e-21
16.24 1.10935e-21
16.272 1.04719e-21
16.304 9.86835e-22
16.336 9.36971e-22
16.368 8.88408e-22
16.4 8.44336e-22
16.432 7.94644e-22
16.464 7.58978e-22
16.496 7.15103e-22
16.528 6.76231e-22
16.56 6.44197e-22
16.592 6.05938e-22
16.624 5.7802e-22
16.656 5.4571e-22
16.688 5.1746e-22
16.72 4.87882e-22
16.752 4.64351e-22
16.784 4.39084e-22
16.816 4.1737e-22
16.848 3.94393e-22
16.88 3.73414e-22
16.912 3.55559e-22
16.944 3.36508e-22
16.976 3.15807e-22
17.008 3.0206e-22
17.04 2.84825e-22
17.072 2.71769e-22
17.104 2.57519e-22
17.136 2.43065e-22
17.168 2.29848e-22
17.2 2.17617e-22
17.232 2.06879e-22
17.264 1.95212e-22
17.296 1.84849e-22
17.328 1.74011e-22
17.36 1.65164e-22
17.392 1.57428e-22
17.424 1.4831e-22
17.456 1.41561e-22
17.488 1.33624e-22
17.52 1.26795e-22
17.552 1.19497e-22
17.584 1.13109e-22
17.616 1.08011e-22
17.648 1.02752e-22
17.68 9.70793e-23
17.712 9.14786e-23
17.744 8.70009e-23
17.776 8.23191e-23
17.808 7.80134e-23
17.84 7.39231e-23
17.872 6.99288e-23
17.904 6.61066e-23
17.936 6.27515e-23
17.968 5.90819e-23
18 5.6412e-23
18.032 5.28507e-23
18.064 5.05203e-23
18.096 4.80328e-23
18.128 4.54972e-23
18.16 4.29163e-23
18.192 4.08817e-23
18.224 3.85982e-23
18.256 3.66096e-23
18.288 3.4442e-23
18.32 3.27036e-23
18.352 3.08707e-23
18.384 2.93305e-23
18.416 2.78131e-23
18.448 2.65011e-23
18.48 2.50614e-23
18.512 2.36191e-23
18.544 2.24508e-23
18.576 2.1237e-23
18.608 2.00703e-23
18.64 1.90234e-23
18.672 1.7933e-23
18.704 1.72508e-23
18.736 1.61907e-23
18.768 1.53684e-23
18.8 1.44744e-23
18.832 1.37167e-23
18.864 1.30656e-23
18.896 1.23234e-23
18.928 1.16834e-23
18.96 1.10882e-23
18.992 1.05021e-23
19.024 9.94745e-24
19.056 9.39614e-24
19.088 8.92276e-24
19.12 8.43133e-24
19.152 7.99894e-24
19.184 7.54975e-24
19.216 7.18637e-24
19.248 6.82989e-24
19.28 6.43863e-24
19.312 6.14589e-24
19.344 5.76278e-24
19.376 5.47573e-24
19.408 5.1911e-24
19.44 4.91707e-24
19.472 4.6491e-24
19.504 4.40131e-24
19.536 4.15448e-24
19.568 3.93459e-24
19.6 3.74492e-24
19.632 3.5697e-24
19.664 3.34231e-24
19.696 3.17214e-24
19.728 3.00513e-24
19.76 2.85407e-24
19.792 2.71984e-24
19.824 2.57625e-24
19.856 2.41953e-24
19.888 2.29172e-24
19.92 2.17448e-24
19.952 2.07016e-24
19.984 1.95223e-24
20.016 1.83469e-24
20.048 1.74894e-24
20.08 1.6559e-24
20.112 1.58024e-24
20.144 1.48658e-24
20.176 1.40798e-24
20.208 1.33665e-24
20.24 1.25962e-24
20.272 1.19546e-24
20.304 1.1376e-24
20.336 1.07071e-24
20.368 1.01633e-24
20.4 9.60484e-25
20.432 9.15879e-25
20.464 8.654e-25
20.496 8.2627e-25
20.528 7.80349e-25
20.56 7.34374e-25
20.592 6.94222e-25
20.624 6.64785e-25
20.656 6.26637e-25
20.688 5.89587e-25
20.72 5.61895e-25
20.752 5.28081e-25
20.784 5.04296e-25
20.816 4.7687e-25
20.848 4.52059e-25
20.88 4.26429e-25
20.912 4.04399e-25
20.944 3.82907e-25
20.976 3.6446e-25
21.008 3.4374e-25
21.04 3.24028e-25
21.072 3.06363e-25
21.104 2.90092e-25
21.136 2.76419e-25
21.168 2.60255e-25
21.2 2.48344e-25
21.232 2.3254e-25
21.264 2.23373e-25
21.296 2.10631e-25
21.328 1.99245e-25
21.36 1.88034e-25
21.392 1.75284e-25
21.424 1.677e-25
21.456 1.59514e-25
21.488 1.51069e-25
21.52 1.42723e-25
21.552 1.35545e-25
21.584 1.27242e-25
21.616 1.21023e-25
21.648 1.14219e-25
21.68 1.08176e-25
21.712 1.02866e-25
21.744 9.71811e-26
21.776 9.21768e-26
21.808 8.72166e-26
21.84 8.22055e-26
21.872 7.83546e-26
21.904 7.41862e-26
21.936 6.9684e-26
21.968 6.66642e-26
22 6.29124e-26
22.032 5.93808e-26
22.064 5.67378e-26
22.096 5.34318e-26
22.128 5.04863e-26
22.16 4.75392e-26
22.192 4.53692e-26
22.224 4.27681e-26
22.256 4.03962e-26
22.288 3.84849e-26
22.32 3.63613e-26
22.352 3.44953e-26
22.384 3.2489e-26
22.416 3.09403e-26
22.448 2.93062e-26
22.48 2.78186e-26
22.512 2.60688e-26
22.544 2.4607e-26
22.576 2.33165e-26
22.608 2.23255e-26
22.64 2.10578e-26
22.672 1.98958e-26
22.704 1.87768e-26
22.736 1.77944e-26
22.768 1.67828e-26
22.8 1.59693e-26
22.832 1.52152e-26
22.864 1.43825e-26
22.896 1.35827e-26
22.928 1.27973e-26
22.96 1.21073e-26
22.992 1.14873e-26
23.024 1.10041e-26
23.056 1.02574e-26
23.088 9.79793e-27
23.12 9.18632e-27
23.152 8.73248e-27
23.184 8.37604e-27
23.216 7.82187e-27
23.248 7.41727e-27
23.28 6.98295e-27
23.312 6.66825e-27
23.344 6.28248e-27
23.376 5.93185e-27
23.408 5.65433e-27
23.44 5.3278e-27
23.472 5.02091e-27
23.504 4.77833e-27
23.536 4.52352e-27
23.568 4.25569e-27
23.6 4.03026e-27
23.632 3.83101e-27
23.664 3.63654e-27
23.696 3.41995e-27
23.728 3.22212e-27
23.76 3.10302e-27
23.792 2.92426e-27
23.824 2.761e-27
23.856 2.60274e-27
23.888 2.46151e-27
23.92 2.32454e-27
23.952 2.21336e-27
23.984 2.09325e-27
24.016 1.97897e-27
24.048 1.87198e-27
24.08 1.76329e-27
24.112 1.6879e-27
24.144 1.5836e-27
24.176 1.49063e-27
24.208 1.40991e-27
24.24 1.3356e-27
24.272 1.2642e-27
24.304 1.19056e-27
24.336 1.14016e-27
24.368 1.06155e-27
24.4 1.01389e-27
24.432 9.57304e-28
24.464 9.12641e-28
24.496 8.57311e-28
24.528 8.08862e-28
24.56 7.65303e-28
24.592 7.23179e-28
24.624 6.91991e-28
24.656 6.46112e-28
24.688 6.14079e-28
24.72 5.76875e-28
24.752 5.47621e-28
24.784 5.15907e-28
24.816 4.88482e-28
24.848 4.64273e-28
24.88 4.3678e-28
24.912 4.1042e-28
24.944 3.90743e-28
24.976 3.70908e-28
25.008 3.51454e-28
25.04 3.27839e-28
25.072 3.11449e-28
25.104 2.96502e-28
25.136 2.78778e-28
25.168 2.61276e-28
25.2 2.50023e-28
25.232 2.3525e-28
25.264 2.22249e-28
25.296 2.12504e-28
25.328 1.98642e-28
25.36 1.89348e-28
25.392 1.78209e-28
25.424 1.67939e-28
25.456 1.58546e-28
25.488 1.49496e-28
25.52 1.40816e-28
25.552 1.33899e-28
25.584 1.26963e-28
25.616 1.19796e-28
25.648 1.12576e-28
25.68 1.07209e-28
25.712 1.00894e-28
25.744 9.5287e-29
25.776 9.03261e-29
25.808 8.55042e-29
25.84 7.98643e-29
25.872 7.6065e-29
25.904 7.16705e-29
25.936 6.79755e-29
25.968 6.43571e-29
26 6.03178e-29
26.032 5.67086e-29
26.064 5.36829e-29
26.096 5.07083e-29
26.128 4.77463e-29
26.16 4.52704e-29
26.192 4.24516e-29
26.224 4.06303e-29
26.256 3.83734e-29
26.288 3.6269e-29
26.32 3.35469e-29
26.352 3.22237e-29
26.384 3.02914e-29
26.416 2.84522e-29
26.448 2.70683e-29
26.48 2.55583e-29
26.512 2.38416e-29
26.544 2.28956e-29
26.576 2.15042e-29
26.608 2.01321e-29
26.64 1.90571e-29
26.672 1.78413e-29
26.704 1.70107e-29
26.736 1.59773e-29
26.768 1.51059e-29
26.8 1.42727e-29
26.832 1.34625e-29
26.864 1.26136e-29
26.896 1.19732e-29
26.928 1.1289e-29
26.96 1.06043e-29
26.992 1.00384e-29
27.024 9.55927e-30
27.056 8.88184e-30
27.088 8.34856e-30
27.12 7.93077e-30
27.152 7.51737e-30
27.184 7.07403e-30
27.216 6.66665e-30
27.248 6.21742e-30
27.28 5.88971e-30
27.312 5.5372e-30
27.344 5.27839e-30
27.376 4.95587e-30
27.408 4.65177e-30
27.44 4.34182e-30
27.472 4.10701e-30
27.504 3.90599e-30
27.536 3.68219e-30
27.568 3.51045e-30
27.6 3.24974e-30
27.632 3.06754e-30
27.664 2.88191e-30
27.696 2.71363e-30
27.728 2.56475e-30
27.76 2.45384e-30
27.792 2.26872e-30
27.824 2.13728e-30
27.856 1.99684e-30
27.888 1.88125e-30
27.92 1.77158e-30
27.952 1.66009e-30
27.984 1.56693e-30
28.016 1.47128e-30
28.048 1.38962e-30
28.08 1.30325e-30
28.112 1.2538e-30
28.144 1.16439e-30
28.176 1.0874e-30
28.208 1.02643e-30
28.24 9.68998e-31
28.272 8.98889e-31
28.304 8.49368e-31
28.336 7.99023e-31
28.368 7.53091e-31
28.4 7.08645e-31
28.432 6.63508e-31
28.464 6.23593e-31
28.496 5.93044e-31
28.528 5.512e-31
28.56 5.19282e-31
28.592 4.89024e-31
28.624 4.59589e-31
28.656 4.26946e-31
28.688 4.01665e-31
28.72 3.76864e-31
28.752 3.51369e-31
28.784 3.36099e-31
28.816 3.16123e-31
28.848 2.87478e-31
28.88 2.70856e-31
28.912 2.60458e-31
28.944 2.4126e-31
28.976 2.26152e-31
29.008 2.12901e-31
29.04 1.94324e-31
29.072 1.85661e-31
29.104 1.75114e-31
29.136 1.62369e-31
29.168 1.53103e-31
29.2 1.44444e-31
29.232 1.33907e-31
29.264 1.25994e-31
29.296 1.17166e-31
29.328 1.09862e-31
29.36 1.0359e-31
29.392 9.61062e-32
29.424 8.97222e-32
29.456 8.43069e-32
29.488 7.95344e-32
29.52 7.28729e-32
29.552 6.88465e-32
29.584 6.3934e-32
29.616 6.0343e-32
29.648 5.52931e-32
29.68 5.12285e-32
29.712 4.83272e-32
29.744 4.58593e-32
29.776 4.28412e-32
29.808 3.95098e-32
29.84 3.61088e-32
29.872 3.38685e-32
29.904 3.15217e-32
29.936 2.92888e-32
29.968 2.75738e-32
30 2.59067e-32
30.032 2.403e-32
30.064 2.23082e-32
30.096 2.05808e-32
30.128 1.92896e-32
30.16 1.7712e-32
30.192 1.63857e-32
30.224 1.51024e-32
30.256 1.43023e-32
30.288 1.35333e-32
30.32 1.23034e-32
30.352 1.14414e-32
30.384 1.04113e-32
30.416 9.79169e-33
30.448 8.95565e-33
30.48 8.23518e-33
30.512 7.76692e-33
30.544 7.01944e-33
30.576 6.54022e-33
30.608 5.99726e-33
30.64 5.58591e-33
30.672 5.03409e-33
30.704 4.6628e-33
30.736 4.37635e-33
30.768 3.88967e-33
30.8 3.61008e-33
30.832 3.24261e-33
30.864 3.01759e-33
30.896 2.79866e-33
30.928 2.59295e-33
30.96 2.32774e-33
30.992 2.13719e-33
31.024 1.98404e-33
31.056 1.75609e-33
31.088 1.56825e-33
31.12 1.48617e-33
31.152 1.30107e-33
31.184 1.15537e-33
31.216 1.03593e-33
31.248 9.78622e-34
31.28 8.15817e-34
31.312 7.50416e-34
31.344 6.62263e-34
31.376 6.10145e-34
31.408 5.37641e-34
31.44 4.71135e-34
31.472 4.19926e-34
31.504 3.69113e-34
31.536 3.08219e-34
31.568 2.68419e-34
31.6 2.38956e-34
31.632 2.01027e-34
31.664 1.66668e-34
31.696 1.31403e-34
31.728 1.13101e-34
31.76 8.21195e-35
31.792 6.63798e-35
31.824 5.19656e-35
31.856 3.45326e-35
31.888 2.457e-35
31.92 1.1593e-35
31.952 6.05833e-36
31.984 6.42647e-37
