#1:M 2:dN/MdM dy_q d2xT
0.016 7.45963e-09
0.048 6.2149e-09
0.08 4.93705e-09
0.112 3.95039e-09
0.144 3.22649e-09
0.176 2.66807e-09
0.208 2.23631e-09
0.24 1.89565e-09
0.272 1.62261e-09
0.304 1.39996e-09
0.336 1.21672e-09
0.368 1.06304e-09
0.4 9.26163e-10
0.432 8.16797e-10
0.464 7.23333e-10
0.496 6.43031e-10
0.528 5.73691e-10
0.56 5.13056e-10
0.592 4.60072e-10
0.624 4.13674e-10
0.656 3.72054e-10
0.688 3.35983e-10
0.72 3.03877e-10
0.752 2.75354e-10
0.784 2.4994e-10
0.816 2.2732e-10
0.848 2.06904e-10
0.88 1.88741e-10
0.912 1.71412e-10
0.944 1.56914e-10
0.976 1.43538e-10
1.008 1.31369e-10
1.04 1.20606e-10
1.072 1.10653e-10
1.104 1.01646e-10
1.136 9.34044e-11
1.168 8.58075e-11
1.2 7.89638e-11
1.232 7.28954e-11
1.264 6.72139e-11
1.296 6.20467e-11
1.328 5.73634e-11
1.36 5.30515e-11
1.392 4.90912e-11
1.424 4.53574e-11
1.456 4.20575e-11
1.488 3.89447e-11
1.52 3.61062e-11
1.552 3.35307e-11
1.584 3.10844e-11
1.616 2.88975e-11
1.648 2.69204e-11
1.68 2.47658e-11
1.712 2.30403e-11
1.744 2.14726e-11
1.776 1.99901e-11
1.808 1.86162e-11
1.84 1.73492e-11
1.872 1.61819e-11
1.904 1.50795e-11
1.936 1.40684e-11
1.968 1.31471e-11
2 1.22747e-11
2.032 1.14707e-11
2.064 1.07105e-11
2.096 1.0015e-11
2.128 9.36594e-12
2.16 8.76506e-12
2.192 8.19765e-12
2.224 7.66237e-12
2.256 7.18085e-12
2.288 6.73015e-12
2.32 6.29763e-12
2.352 5.90113e-12
2.384 5.54359e-12
2.416 5.19814e-12
2.448 4.86522e-12
2.48 4.56092e-12
2.512 4.28595e-12
2.544 4.0271e-12
2.576 3.77574e-12
2.608 3.5492e-12
2.64 3.32872e-12
2.672 3.13032e-12
2.704 2.96118e-12
2.736 2.79236e-12
2.768 2.62479e-12
2.8 2.46426e-12
2.832 2.32316e-12
2.864 2.18161e-12
2.896 2.05113e-12
2.928 1.93277e-12
2.96 1.81909e-12
2.992 1.7105e-12
3.024 1.61134e-12
3.056 1.51607e-12
3.088 1.4295e-12
3.12 1.34611e-12
3.152 1.26873e-12
3.184 1.19441e-12
3.216 1.12323e-12
3.248 1.06198e-12
3.28 1.00074e-12
3.312 9.42228e-13
3.344 8.89458e-13
3.376 8.38203e-13
3.408 7.91193e-13
3.44 7.463e-13
3.472 7.02683e-13
3.504 6.6298e-13
3.536 6.25923e-13
3.568 5.90742e-13
3.6 5.56925e-13
3.632 5.26071e-13
3.664 4.96996e-13
3.696 4.68864e-13
3.728 4.39095e-13
3.76 4.1382e-13
3.792 3.91103e-13
3.824 3.69574e-13
3.856 3.49e-13
3.888 3.30347e-13
3.92 3.11996e-13
3.952 2.94624e-13
3.984 2.78086e-13
4.016 2.6305e-13
4.048 2.48449e-13
4.08 2.34557e-13
4.112 2.21765e-13
4.144 2.0969e-13
4.176 1.98331e-13
4.208 1.87343e-13
4.24 1.77308e-13
4.272 1.67566e-13
4.304 1.58327e-13
4.336 1.49646e-13
4.368 1.4144e-13
4.4 1.33527e-13
4.432 1.26492e-13
4.464 1.194e-13
4.496 1.13698e-13
4.528 1.07124e-13
4.56 1.01474e-13
4.592 9.60385e-14
4.624 9.07207e-14
4.656 8.58233e-14
4.688 8.13397e-14
4.72 7.67569e-14
4.752 7.72517e-14
4.784 7.31e-14
4.816 6.91122e-14
4.848 6.53952e-14
4.88 6.19594e-14
4.912 5.85083e-14
4.944 5.53878e-14
4.976 5.2526e-14
5.008 4.84532e-14
5.04 4.58226e-14
5.072 4.33041e-14
5.104 4.10633e-14
5.136 3.88536e-14
5.168 3.68123e-14
5.2 3.47934e-14
5.232 3.29861e-14
5.264 3.11184e-14
5.296 2.94945e-14
5.328 2.79205e-14
5.36 2.63616e-14
5.392 2.49894e-14
5.424 2.3635e-14
5.456 2.24072e-14
5.488 2.11684e-14
5.52 2.00537e-14
5.552 1.90333e-14
5.584 1.80001e-14
5.616 1.69919e-14
5.648 1.61035e-14
5.68 1.52691e-14
5.712 1.44223e-14
5.744 1.36302e-14
5.776 1.293e-14
5.808 1.22375e-14
5.84 1.16197e-14
5.872 1.09834e-14
5.904 1.03851e-14
5.936 9.82948e-15
5.968 9.26527e-15
6 8.79437e-15
6.032 8.32802e-15
6.064 7.88458e-15
6.096 7.45629e-15
6.128 7.05837e-15
6.16 6.67168e-15
6.192 6.31532e-15
6.224 5.98527e-15
6.256 5.68223e-15
6.288 5.3547e-15
6.32 5.07259e-15
6.352 4.8136e-15
6.384 4.55213e-15
6.416 4.30838e-15
6.448 4.0796e-15
6.48 3.8559e-15
6.512 3.64278e-15
6.544 3.4564e-15
6.576 3.27095e-15
6.608 3.1059e-15
6.64 2.93027e-15
6.672 2.77517e-15
6.704 2.63385e-15
6.736 2.48656e-15
6.768 2.35832e-15
6.8 2.2354e-15
6.832 2.11128e-15
6.864 2.00067e-15
6.896 1.89285e-15
6.928 1.79638e-15
6.96 1.69172e-15
6.992 1.60108e-15
7.024 1.51353e-15
7.056 1.43429e-15
7.088 1.3601e-15
7.12 1.28771e-15
7.152 1.2199e-15
7.184 1.15286e-15
7.216 1.09053e-15
7.248 1.03166e-15
7.28 9.76097e-16
7.312 9.26278e-16
7.344 8.75524e-16
7.376 8.24331e-16
7.408 7.82583e-16
7.44 7.38266e-16
7.472 7.02981e-16
7.504 6.62432e-16
7.536 6.24876e-16
7.568 5.94183e-16
7.6 5.61498e-16
7.632 5.31513e-16
7.664 5.02129e-16
7.696 4.75394e-16
7.728 4.50414e-16
7.76 4.26447e-16
7.792 4.0318e-16
7.824 3.80726e-16
7.856 3.60687e-16
7.888 3.41714e-16
7.92 3.22456e-16
7.952 3.0539e-16
7.984 2.88799e-16
8.016 2.74062e-16
8.048 2.59705e-16
8.08 2.44624e-16
8.112 2.31528e-16
8.144 2.18322e-16
8.176 2.06916e-16
8.208 1.95722e-16
8.24 1.8604e-16
8.272 1.74943e-16
8.304 1.65656e-16
8.336 1.5665e-16
8.368 1.48224e-16
8.4 1.40499e-16
8.432 1.32751e-16
8.464 1.25296e-16
8.496 1.18585e-16
8.528 1.11764e-16
8.56 1.06468e-16
8.592 1.00429e-16
8.624 9.50922e-17
8.656 8.99385e-17
8.688 8.48189e-17
8.72 8.02659e-17
8.752 7.58815e-17
8.784 7.18002e-17
8.816 6.79008e-17
8.848 6.45331e-17
8.88 6.10326e-17
8.912 5.7726e-17
8.944 5.44668e-17
8.976 5.15583e-17
9.008 4.87218e-17
9.04 4.60107e-17
9.072 4.33206e-17
9.104 4.11518e-17
9.136 3.88722e-17
9.168 3.69025e-17
9.2 3.47891e-17
9.232 3.29082e-17
9.264 3.12134e-17
9.296 2.94889e-17
9.328 2.7916e-17
9.36 2.62807e-17
9.392 2.48422e-17
9.424 2.36094e-17
9.456 2.23057e-17
9.488 2.1036e-17
9.52 1.98691e-17
9.552 1.86992e-17
9.584 1.78039e-17
9.616 1.67685e-17
9.648 1.58768e-17
9.68 1.50828e-17
9.712 1.4158e-17
9.744 1.34717e-17
9.776 1.2708e-17
9.808 1.19872e-17
9.84 1.13669e-17
9.872 1.07093e-17
9.904 1.01598e-17
9.936 9.59102e-18
9.968 9.04321e-18
10 8.5445e-18
10.032 8.12231e-18
10.064 7.66693e-18
10.096 7.23595e-18
10.128 6.84021e-18
10.16 6.44355e-18
10.192 6.13332e-18
10.224 5.78648e-18
10.256 5.44234e-18
10.288 5.17232e-18
10.32 4.90075e-18
10.352 4.63214e-18
10.384 4.34495e-18
10.416 4.13361e-18
10.448 3.90377e-18
10.48 3.68553e-18
10.512 3.4928e-18
10.544 3.27297e-18
10.576 3.11316e-18
10.608 2.94086e-18
10.64 2.78917e-18
10.672 2.62614e-18
10.704 2.48732e-18
10.736 2.34306e-18
10.768 2.21799e-18
10.8 2.10174e-18
10.832 1.97489e-18
10.864 1.8765e-18
10.896 1.77717e-18
10.928 1.67852e-18
10.96 1.58461e-18
10.992 1.49924e-18
11.024 1.42302e-18
11.056 1.33864e-18
11.088 1.26031e-18
11.12 1.20213e-18
11.152 1.12896e-18
11.184 1.068e-18
11.216 1.00399e-18
11.248 9.52784e-19
11.28 8.98739e-19
11.312 8.50257e-19
11.344 8.03581e-19
11.376 7.61962e-19
11.408 7.16858e-19
11.44 6.79205e-19
11.472 6.44917e-19
11.504 6.05654e-19
11.536 5.72805e-19
11.568 5.41089e-19
11.6 5.1185e-19
11.632 4.86008e-19
11.664 4.54918e-19
11.696 4.32707e-19
11.728 4.09502e-19
11.76 3.86022e-19
11.792 3.6624e-19
11.824 3.46221e-19
11.856 3.25838e-19
11.888 3.09467e-19
11.92 2.92266e-19
11.952 2.75495e-19
11.984 2.60801e-19
12.016 2.4586e-19
12.048 2.31623e-19
12.08 2.191e-19
12.112 2.0766e-19
12.144 1.96296e-19
12.176 1.85218e-19
12.208 1.74575e-19
12.24 1.64994e-19
12.272 1.56889e-19
12.304 1.47242e-19
12.336 1.39905e-19
12.368 1.31431e-19
12.4 1.24702e-19
12.432 1.18242e-19
12.464 1.10963e-19
12.496 1.05752e-19
12.528 9.93797e-20
12.56 9.37826e-20
12.592 8.87568e-20
12.624 8.42108e-20
12.656 7.88913e-20
12.688 7.49115e-20
12.72 7.09792e-20
12.752 6.7024e-20
12.784 6.34197e-20
12.816 5.97422e-20
12.848 5.62493e-20
12.88 5.33436e-20
12.912 5.04775e-20
12.944 4.75073e-20
12.976 4.49093e-20
13.008 4.2478e-20
13.04 4.01697e-20
13.072 3.79651e-20
13.104 3.59876e-20
13.136 3.39338e-20
13.168 3.20086e-20
13.2 3.04338e-20
13.232 2.87443e-20
13.264 2.73126e-20
13.296 2.55515e-20
13.328 2.41732e-20
13.36 2.3017e-20
13.392 2.16933e-20
13.424 2.04453e-20
13.456 1.93151e-20
13.488 1.82893e-20
13.52 1.73094e-20
13.552 1.63475e-20
13.584 1.54654e-20
13.616 1.45645e-20
13.648 1.37954e-20
13.68 1.30108e-20
13.712 1.23636e-20
13.744 1.1614e-20
13.776 1.09932e-20
13.808 1.04066e-20
13.84 9.7598e-21
13.872 9.25483e-21
13.904 8.7847e-21
13.936 8.26458e-21
13.968 7.75837e-21
14 7.41709e-21
14.032 6.93255e-21
14.064 6.60763e-21
14.096 6.22022e-21
14.128 5.90444e-21
14.16 5.56868e-21
14.192 5.25484e-21
14.224 4.9684e-21
14.256 4.67355e-21
14.288 4.44059e-21
14.32 4.19967e-21
14.352 3.94776e-21
14.384 3.73952e-21
14.416 3.54171e-21
14.448 3.3334e-21
14.48 3.15868e-21
14.512 2.98002e-21
14.544 2.80546e-21
14.576 2.66368e-21
14.608 2.52558e-21
14.64 2.37849e-21
14.672 2.24799e-21
14.704 2.12054e-21
14.736 1.98857e-21
14.768 1.89397e-21
14.8 1.7875e-21
14.832 1.69962e-21
14.864 1.58935e-21
14.896 1.51745e-21
14.928 1.42201e-21
14.96 1.34906e-21
14.992 1.27621e-21
15.024 1.20582e-21
15.056 1.143e-21
15.088 1.07184e-21
15.12 1.01253e-21
15.152 9.55567e-22
15.184 9.07541e-22
15.216 8.51832e-22
15.248 8.07414e-22
15.28 7.63287e-22
15.312 7.21954e-22
15.344 6.83458e-22
15.376 6.42858e-22
15.408 6.08205e-22
15.44 5.73723e-22
15.472 5.44597e-22
15.504 5.12657e-22
15.536 4.86496e-22
15.568 4.61288e-22
15.6 4.35978e-22
15.632 4.09471e-22
15.664 3.88143e-22
15.696 3.66878e-22
15.728 3.4482e-22
15.76 3.273e-22
15.792 3.10616e-22
15.824 2.92823e-22
15.856 2.75849e-22
15.888 2.61386e-22
15.92 2.46645e-22
15.952 2.32563e-22
15.984 2.19692e-22
16.016 2.08676e-22
16.048 1.97109e-22
16.08 1.86921e-22
16.112 1.74629e-22
16.144 1.64392e-22
16.176 1.56624e-22
16.208 1.47524e-22
16.24 1.39671e-22
16.272 1.32186e-22
16.304 1.24337e-22
16.336 1.17827e-22
16.368 1.10743e-22
16.4 1.05719e-22
16.432 9.9816e-23
16.464 9.43838e-23
16.496 8.90471e-23
16.528 8.41362e-23
16.56 7.91426e-23
16.592 7.4906e-23
16.624 7.09862e-23
16.656 6.69467e-23
16.688 6.37038e-23
16.72 5.98607e-23
16.752 5.66837e-23
16.784 5.31721e-23
16.816 5.00558e-23
16.848 4.76292e-23
16.88 4.51828e-23
16.912 4.26852e-23
16.944 4.02323e-23
16.976 3.784e-23
17.008 3.60442e-23
17.04 3.38937e-23
17.072 3.18967e-23
17.104 3.03857e-23
17.136 2.85831e-23
17.168 2.69848e-23
17.2 2.55301e-23
17.232 2.4218e-23
17.264 2.27483e-23
17.296 2.15778e-23
17.328 2.03009e-23
17.36 1.92422e-23
17.392 1.81622e-23
17.424 1.70919e-23
17.456 1.63059e-23
17.488 1.53443e-23
17.52 1.44483e-23
17.552 1.36424e-23
17.584 1.28322e-23
17.616 1.21691e-23
17.648 1.16143e-23
17.68 1.09157e-23
17.712 1.03145e-23
17.744 9.74672e-24
17.776 9.14822e-24
17.808 8.70375e-24
17.84 8.19126e-24
17.872 7.80488e-24
17.904 7.32016e-24
17.936 6.90816e-24
17.968 6.52063e-24
18 6.19322e-24
18.032 5.84194e-24
18.064 5.51708e-24
18.096 5.2121e-24
18.128 4.92543e-24
18.16 4.6461e-24
18.192 4.40471e-24
18.224 4.16998e-24
18.256 3.95122e-24
18.288 3.72025e-24
18.32 3.49189e-24
18.352 3.30255e-24
18.384 3.11677e-24
18.416 2.94666e-24
18.448 2.78534e-24
18.48 2.63154e-24
18.512 2.47838e-24
18.544 2.35088e-24
18.576 2.23208e-24
18.608 2.11105e-24
18.64 1.99594e-24
18.672 1.87493e-24
18.704 1.76041e-24
18.736 1.67731e-24
18.768 1.58261e-24
18.8 1.50019e-24
18.832 1.4225e-24
18.864 1.329e-24
18.896 1.26494e-24
18.928 1.1986e-24
18.96 1.12613e-24
18.992 1.07072e-24
19.024 1.00449e-24
19.056 9.53594e-25
19.088 8.97595e-25
19.12 8.51192e-25
19.152 8.04602e-25
19.184 7.6128e-25
19.216 7.16062e-25
19.248 6.71918e-25
19.28 6.39428e-25
19.312 6.07929e-25
19.344 5.69531e-25
19.376 5.43319e-25
19.408 5.11846e-25
19.44 4.83149e-25
19.472 4.53846e-25
19.504 4.30856e-25
19.536 4.07518e-25
19.568 3.82849e-25
19.6 3.63275e-25
19.632 3.43374e-25
19.664 3.25483e-25
19.696 3.05055e-25
19.728 2.89034e-25
19.76 2.70451e-25
19.792 2.57794e-25
19.824 2.45067e-25
19.856 2.30821e-25
19.888 2.18668e-25
19.92 2.06472e-25
19.952 1.94635e-25
19.984 1.85317e-25
20.016 1.74236e-25
20.048 1.64423e-25
20.08 1.54437e-25
20.112 1.4706e-25
20.144 1.38245e-25
20.176 1.30924e-25
20.208 1.23771e-25
20.24 1.16534e-25
20.272 1.10122e-25
20.304 1.04707e-25
20.336 9.81386e-26
20.368 9.28214e-26
20.4 8.74014e-26
20.432 8.26808e-26
20.464 7.84007e-26
20.496 7.44554e-26
20.528 7.03814e-26
20.56 6.62802e-26
20.592 6.24272e-26
20.624 5.91383e-26
20.656 5.57894e-26
20.688 5.26192e-26
20.72 4.98118e-26
20.752 4.70122e-26
20.784 4.44052e-26
20.816 4.20771e-26
20.848 3.95902e-26
20.88 3.75323e-26
20.912 3.54644e-26
20.944 3.33775e-26
20.976 3.15171e-26
21.008 2.97001e-26
21.04 2.83052e-26
21.072 2.66199e-26
21.104 2.53222e-26
21.136 2.37052e-26
21.168 2.24292e-26
21.2 2.11454e-26
21.232 1.99328e-26
21.264 1.90364e-26
21.296 1.78968e-26
21.328 1.6896e-26
21.36 1.59456e-26
21.392 1.50229e-26
21.424 1.40053e-26
21.456 1.34219e-26
21.488 1.26245e-26
21.52 1.18838e-26
21.552 1.12471e-26
21.584 1.06006e-26
21.616 9.92647e-27
21.648 9.4687e-27
21.68 8.99219e-27
21.712 8.39755e-27
21.744 7.95059e-27
21.776 7.55817e-27
21.808 7.11884e-27
21.84 6.70479e-27
21.872 6.31975e-27
21.904 6.04827e-27
21.936 5.66888e-27
21.968 5.35823e-27
22 5.04411e-27
22.032 4.7275e-27
22.064 4.4789e-27
22.096 4.28067e-27
22.128 4.03794e-27
22.16 3.79365e-27
22.192 3.60281e-27
22.224 3.36547e-27
22.256 3.17461e-27
22.288 3.04031e-27
22.32 2.8287e-27
22.352 2.68799e-27
22.384 2.55482e-27
22.416 2.41104e-27
22.448 2.26568e-27
22.48 2.14403e-27
22.512 2.01359e-27
22.544 1.89488e-27
22.576 1.81627e-27
22.608 1.70902e-27
22.64 1.62331e-27
22.672 1.52189e-27
22.704 1.44856e-27
22.736 1.3534e-27
22.768 1.27967e-27
22.8 1.2144e-27
22.832 1.15011e-27
22.864 1.08407e-27
22.896 1.01865e-27
22.928 9.61829e-28
22.96 9.0647e-28
22.992 8.60179e-28
23.024 8.10112e-28
23.056 7.61802e-28
23.088 7.23025e-28
23.12 6.78846e-28
23.152 6.48475e-28
23.184 6.1308e-28
23.216 5.82781e-28
23.248 5.44565e-28
23.28 5.11195e-28
23.312 4.85382e-28
23.344 4.57774e-28
23.376 4.32502e-28
23.408 4.10271e-28
23.44 3.83626e-28
23.472 3.61135e-28
23.504 3.44707e-28
23.536 3.24295e-28
23.568 3.04641e-28
23.6 2.884e-28
23.632 2.7198e-28
23.664 2.58886e-28
23.696 2.42095e-28
23.728 2.29136e-28
23.76 2.17834e-28
23.792 2.03918e-28
23.824 1.92945e-28
23.856 1.81855e-28
23.888 1.72127e-28
23.92 1.62279e-28
23.952 1.52962e-28
23.984 1.45237e-28
24.016 1.37022e-28
24.048 1.28637e-28
24.08 1.22076e-28
24.112 1.15095e-28
24.144 1.08339e-28
24.176 1.01316e-28
24.208 9.59278e-29
24.24 9.06144e-29
24.272 8.53764e-29
24.304 8.12197e-29
24.336 7.62672e-29
24.368 7.19628e-29
24.4 6.84038e-29
24.432 6.37912e-29
24.464 6.09276e-29
24.496 5.62673e-29
24.528 5.37066e-29
24.56 5.05838e-29
24.592 4.83892e-29
24.624 4.48246e-29
24.656 4.2783e-29
24.688 4.01776e-29
24.72 3.78748e-29
24.752 3.58597e-29
24.784 3.37139e-29
24.816 3.17779e-29
24.848 2.99072e-29
24.88 2.81934e-29
24.912 2.68423e-29
24.944 2.53263e-29
24.976 2.38276e-29
25.008 2.23717e-29
25.04 2.09713e-29
25.072 1.99047e-29
25.104 1.88551e-29
25.136 1.76708e-29
25.168 1.66226e-29
25.2 1.57327e-29
25.232 1.49455e-29
25.264 1.39982e-29
25.296 1.3273e-29
25.328 1.2518e-29
25.36 1.183e-29
25.392 1.11043e-29
25.424 1.04681e-29
25.456 9.86311e-30
25.488 9.32391e-30
25.52 8.77243e-30
25.552 8.2808e-30
25.584 7.75176e-30
25.616 7.3066e-30
25.648 6.91007e-30
25.68 6.53499e-30
25.712 6.12193e-30
25.744 5.81862e-30
25.776 5.45751e-30
25.808 5.14671e-30
25.84 4.77987e-30
25.872 4.61236e-30
25.904 4.29588e-30
25.936 4.04865e-30
25.968 3.83633e-30
26 3.62027e-30
26.032 3.36806e-30
26.064 3.2079e-30
26.096 3.00966e-30
26.128 2.83754e-30
26.16 2.68018e-30
26.192 2.52913e-30
26.224 2.37763e-30
26.256 2.26508e-30
26.288 2.10679e-30
26.32 1.97248e-30
26.352 1.89081e-30
26.384 1.76266e-30
26.416 1.65142e-30
26.448 1.53765e-30
26.48 1.45269e-30
26.512 1.3897e-30
26.544 1.30513e-30
26.576 1.22139e-30
26.608 1.14563e-30
26.64 1.08333e-30
26.672 1.02753e-30
26.704 9.56351e-31
26.736 8.98777e-31
26.768 8.45973e-31
26.8 8.04303e-31
26.832 7.55564e-31
26.864 7.09281e-31
26.896 6.70622e-31
26.928 6.3233e-31
26.96 5.96358e-31
26.992 5.60291e-31
27.024 5.19779e-31
27.056 4.94196e-31
27.088 4.5505e-31
27.12 4.33343e-31
27.152 4.07763e-31
27.184 3.85812e-31
27.216 3.61617e-31
27.248 3.40864e-31
27.28 3.16769e-31
27.312 3.02056e-31
27.344 2.82185e-31
27.376 2.65838e-31
27.408 2.48435e-31
27.44 2.35435e-31
27.472 2.20456e-31
27.504 2.10609e-31
27.536 1.97236e-31
27.568 1.83917e-31
27.6 1.73771e-31
27.632 1.60343e-31
27.664 1.50749e-31
27.696 1.44348e-31
27.728 1.3416e-31
27.76 1.24425e-31
27.792 1.18967e-31
27.824 1.10996e-31
27.856 1.04101e-31
27.888 9.78475e-32
27.92 9.21853e-32
27.952 8.69339e-32
27.984 8.08628e-32
28.016 7.53023e-32
28.048 7.07978e-32
28.08 6.68489e-32
28.112 6.30619e-32
28.144 5.89597e-32
28.176 5.54909e-32
28.208 5.24453e-32
28.24 4.87394e-32
28.272 4.52636e-32
28.304 4.32343e-32
28.336 3.98747e-32
28.368 3.79565e-32
28.4 3.54156e-32
28.432 3.34246e-32
28.464 3.13937e-32
28.496 2.91901e-32
28.528 2.73128e-32
28.56 2.58558e-32
28.592 2.39271e-32
28.624 2.22388e-32
28.656 2.09149e-32
28.688 1.96616e-32
28.72 1.842e-32
28.752 1.71801e-32
28.784 1.62802e-32
28.816 1.51608e-32
28.848 1.41352e-32
28.88 1.32468e-32
28.912 1.24371e-32
28.944 1.15948e-32
28.976 1.09804e-32
29.008 1.03583e-32
29.04 9.53964e-33
29.072 8.92078e-33
29.104 8.34115e-33
29.136 7.64156e-33
29.168 7.16185e-33
29.2 6.83653e-33
29.232 6.37409e-33
29.264 5.92923e-33
29.296 5.50326e-33
29.328 5.23009e-33
29.36 4.81754e-33
29.392 4.49531e-33
29.424 4.18984e-33
29.456 3.89816e-33
29.488 3.6564e-33
29.52 3.42645e-33
29.552 3.1467e-33
29.584 2.96315e-33
29.616 2.77181e-33
29.648 2.61565e-33
29.68 2.4173e-33
29.712 2.23266e-33
29.744 2.07021e-33
29.776 1.92292e-33
29.808 1.80814e-33
29.84 1.6467e-33
29.872 1.56831e-33
29.904 1.44836e-33
29.936 1.33693e-33
29.968 1.26436e-33
30 1.1573e-33
30.032 1.08818e-33
30.064 1.00628e-33
30.096 9.30953e-34
30.128 8.6873e-34
30.16 7.87261e-34
30.192 7.25865e-34
30.224 6.79063e-34
30.256 6.30805e-34
30.288 5.83033e-34
30.32 5.35372e-34
30.352 4.92445e-34
30.384 4.57139e-34
30.416 4.2115e-34
30.448 4.00273e-34
30.48 3.69265e-34
30.512 3.27318e-34
30.544 3.04595e-34
30.576 2.82063e-34
30.608 2.63638e-34
30.64 2.44163e-34
30.672 2.20559e-34
30.704 2.07655e-34
30.736 1.8715e-34
30.768 1.65345e-34
30.8 1.5428e-34
30.832 1.43303e-34
30.864 1.27682e-34
30.896 1.17345e-34
30.928 1.06327e-34
30.96 9.83811e-35
30.992 8.8175e-35
31.024 8.2091e-35
31.056 7.38613e-35
31.088 6.60689e-35
31.12 5.96047e-35
31.152 5.72406e-35
31.184 4.851e-35
31.216 4.51796e-35
31.248 3.88674e-35
31.28 3.55325e-35
31.312 3.1381e-35
31.344 2.83878e-35
31.376 2.56187e-35
31.408 2.20217e-35
31.44 1.94229e-35
31.472 1.70317e-35
31.504 1.52273e-35
31.536 1.33118e-35
31.568 1.16147e-35
31.6 1.04371e-35
31.632 8.04761e-36
31.664 7.05093e-36
31.696 5.64837e-36
31.728 4.61418e-36
31.76 3.41822e-36
31.792 2.75775e-36
31.824 2.20019e-36
31.856 1.47281e-36
31.888 9.64445e-37
31.92 6.04391e-37
31.952 1.7559e-37
31.984 9.10999e-38
