#1:M 2:dN/MdM dy_q d2xT
0.016 2.57864e-09
0.048 2.03391e-09
0.08 1.52935e-09
0.112 1.17487e-09
0.144 9.30339e-10
0.176 7.52228e-10
0.208 6.19719e-10
0.24 5.18062e-10
0.272 4.38512e-10
0.304 3.74908e-10
0.336 3.23168e-10
0.368 2.80555e-10
0.4 2.42784e-10
0.432 2.12873e-10
0.464 1.87448e-10
0.496 1.66033e-10
0.528 1.47337e-10
0.56 1.31234e-10
0.592 1.17176e-10
0.624 1.04956e-10
0.656 9.39383e-11
0.688 8.46853e-11
0.72 7.62895e-11
0.752 6.88743e-11
0.784 6.23689e-11
0.816 5.65017e-11
0.848 5.13506e-11
0.88 4.66202e-11
0.912 4.23204e-11
0.944 3.85832e-11
0.976 3.51831e-11
1.008 3.215e-11
1.04 2.9382e-11
1.072 2.69271e-11
1.104 2.46751e-11
1.136 2.26432e-11
1.168 2.07573e-11
1.2 1.90774e-11
1.232 1.75511e-11
1.264 1.61721e-11
1.296 1.48806e-11
1.328 1.37145e-11
1.36 1.26715e-11
1.392 1.17144e-11
1.424 1.07976e-11
1.456 9.98464e-12
1.488 9.23792e-12
1.52 8.55266e-12
1.552 7.93329e-12
1.584 7.33852e-12
1.616 6.81085e-12
1.648 6.32173e-12
1.68 5.82195e-12
1.712 5.40732e-12
1.744 5.02761e-12
1.776 4.6757e-12
1.808 4.34779e-12
1.84 4.0432e-12
1.872 3.7669e-12
1.904 3.50658e-12
1.936 3.26603e-12
1.968 3.04617e-12
2 2.84225e-12
2.032 2.65366e-12
2.064 2.4723e-12
2.096 2.30928e-12
2.128 2.16032e-12
2.16 2.0173e-12
2.192 1.88583e-12
2.224 1.7575e-12
2.256 1.64517e-12
2.288 1.54251e-12
2.32 1.43983e-12
2.352 1.35045e-12
2.384 1.2655e-12
2.416 1.18506e-12
2.448 1.10873e-12
2.48 1.03816e-12
2.512 9.73426e-13
2.544 9.1389e-13
2.576 8.56118e-13
2.608 8.0404e-13
2.64 7.53908e-13
2.672 7.07361e-13
2.704 6.68725e-13
2.736 6.29425e-13
2.768 5.90947e-13
2.8 5.5485e-13
2.832 5.21286e-13
2.864 4.90417e-13
2.896 4.59967e-13
2.928 4.33574e-13
2.96 4.07037e-13
2.992 3.82608e-13
3.024 3.59449e-13
3.056 3.38587e-13
3.088 3.18128e-13
3.12 3.00045e-13
3.152 2.81902e-13
3.184 2.65155e-13
3.216 2.49972e-13
3.248 2.35019e-13
3.28 2.21294e-13
3.312 2.08581e-13
3.344 1.96314e-13
3.376 1.84955e-13
3.408 1.74061e-13
3.44 1.64325e-13
3.472 1.54643e-13
3.504 1.45274e-13
3.536 1.37289e-13
3.568 1.2959e-13
3.6 1.22017e-13
3.632 1.15009e-13
3.664 1.08677e-13
3.696 1.02322e-13
3.728 9.54858e-14
3.76 9.02e-14
3.792 8.51042e-14
3.824 8.02855e-14
3.856 7.57599e-14
3.888 7.14733e-14
3.92 6.75323e-14
3.952 6.36532e-14
3.984 5.99928e-14
4.016 5.66191e-14
4.048 5.33821e-14
4.08 5.04967e-14
4.112 4.77315e-14
4.144 4.48972e-14
4.176 4.25799e-14
4.208 3.99991e-14
4.24 3.78623e-14
4.272 3.5724e-14
4.304 3.37299e-14
4.336 3.17801e-14
4.368 3.00293e-14
4.4 2.82917e-14
4.432 2.67685e-14
4.464 2.52157e-14
4.496 2.39017e-14
4.528 2.25809e-14
4.56 2.1356e-14
4.592 2.01867e-14
4.624 1.90251e-14
4.656 1.79524e-14
4.688 1.69451e-14
4.72 1.60269e-14
4.752 1.6049e-14
4.784 1.51991e-14
4.816 1.43352e-14
4.848 1.35537e-14
4.88 1.28463e-14
4.912 1.20674e-14
4.944 1.14398e-14
4.976 1.08258e-14
5.008 9.96543e-15
5.04 9.39794e-15
5.072 8.8702e-15
5.104 8.39867e-15
5.136 7.93704e-15
5.168 7.49246e-15
5.2 7.06539e-15
5.232 6.66753e-15
5.264 6.29436e-15
5.296 5.97834e-15
5.328 5.63362e-15
5.36 5.33043e-15
5.392 5.03394e-15
5.424 4.74643e-15
5.456 4.48232e-15
5.488 4.2307e-15
5.52 4.00089e-15
5.552 3.79682e-15
5.584 3.5725e-15
5.616 3.37444e-15
5.648 3.18952e-15
5.68 3.00888e-15
5.712 2.84027e-15
5.744 2.69158e-15
5.776 2.53978e-15
5.808 2.39459e-15
5.84 2.26111e-15
5.872 2.14312e-15
5.904 2.01578e-15
5.936 1.90151e-15
5.968 1.79992e-15
6 1.70368e-15
6.032 1.60795e-15
6.064 1.51616e-15
6.096 1.43317e-15
6.128 1.35305e-15
6.16 1.27822e-15
6.192 1.20441e-15
6.224 1.14086e-15
6.256 1.07487e-15
6.288 1.01931e-15
6.32 9.61948e-16
6.352 9.07198e-16
6.384 8.5547e-16
6.416 8.08413e-16
6.448 7.62355e-16
6.48 7.21172e-16
6.512 6.78726e-16
6.544 6.4236e-16
6.576 6.06626e-16
6.608 5.73271e-16
6.64 5.4052e-16
6.672 5.11569e-16
6.704 4.80557e-16
6.736 4.54747e-16
6.768 4.29595e-16
6.8 4.07415e-16
6.832 3.8509e-16
6.864 3.62853e-16
6.896 3.41773e-16
6.928 3.24075e-16
6.96 3.0471e-16
6.992 2.87288e-16
7.024 2.71689e-16
7.056 2.56713e-16
7.088 2.42229e-16
7.12 2.29438e-16
7.152 2.16071e-16
7.184 2.03216e-16
7.216 1.91359e-16
7.248 1.82009e-16
7.28 1.71015e-16
7.312 1.615e-16
7.344 1.52466e-16
7.376 1.43754e-16
7.408 1.35806e-16
7.44 1.27996e-16
7.472 1.20765e-16
7.504 1.13808e-16
7.536 1.07605e-16
7.568 1.01314e-16
7.6 9.56539e-17
7.632 9.02279e-17
7.664 8.52713e-17
7.696 8.02129e-17
7.728 7.6041e-17
7.76 7.15135e-17
7.792 6.76211e-17
7.824 6.39528e-17
7.856 6.02245e-17
7.888 5.68572e-17
7.92 5.37486e-17
7.952 5.05071e-17
7.984 4.76477e-17
8.016 4.49512e-17
8.048 4.23893e-17
8.08 4.00256e-17
8.112 3.77485e-17
8.144 3.54983e-17
8.176 3.3636e-17
8.208 3.15707e-17
8.24 2.98806e-17
8.272 2.80178e-17
8.304 2.64678e-17
8.336 2.49851e-17
8.368 2.34755e-17
8.4 2.22991e-17
8.432 2.09603e-17
8.464 1.97544e-17
8.496 1.86809e-17
8.528 1.75057e-17
8.56 1.65972e-17
8.592 1.56719e-17
8.624 1.47454e-17
8.656 1.39455e-17
8.688 1.31265e-17
8.72 1.2362e-17
8.752 1.15988e-17
8.784 1.0969e-17
8.816 1.03488e-17
8.848 9.76554e-18
8.88 9.22518e-18
8.912 8.68309e-18
8.944 8.22696e-18
8.976 7.72441e-18
9.008 7.24847e-18
9.04 6.8771e-18
9.072 6.44728e-18
9.104 6.11468e-18
9.136 5.77443e-18
9.168 5.40893e-18
9.2 5.13149e-18
9.232 4.81067e-18
9.264 4.55517e-18
9.296 4.2646e-18
9.328 4.03219e-18
9.36 3.79854e-18
9.392 3.58695e-18
9.424 3.36096e-18
9.456 3.19363e-18
9.488 3.0046e-18
9.52 2.83012e-18
9.552 2.64871e-18
9.584 2.49715e-18
9.616 2.36157e-18
9.648 2.23245e-18
9.68 2.10051e-18
9.712 1.9745e-18
9.744 1.86922e-18
9.776 1.76217e-18
9.808 1.64882e-18
9.84 1.5602e-18
9.872 1.47091e-18
9.904 1.38855e-18
9.936 1.3011e-18
9.968 1.22898e-18
10 1.16036e-18
10.032 1.09126e-18
10.064 1.03704e-18
10.096 9.69279e-19
10.128 9.12709e-19
10.16 8.61256e-19
10.192 8.12941e-19
10.224 7.63166e-19
10.256 7.17698e-19
10.288 6.78021e-19
10.32 6.3708e-19
10.352 6.02647e-19
10.384 5.64403e-19
10.416 5.33448e-19
10.448 5.00043e-19
10.48 4.73611e-19
10.512 4.4519e-19
10.544 4.1957e-19
10.576 3.9431e-19
10.608 3.72379e-19
10.64 3.50218e-19
10.672 3.30174e-19
10.704 3.11037e-19
10.736 2.93111e-19
10.768 2.76298e-19
10.8 2.60795e-19
10.832 2.4519e-19
10.864 2.29483e-19
10.896 2.18359e-19
10.928 2.04487e-19
10.96 1.93101e-19
10.992 1.81235e-19
11.024 1.7187e-19
11.056 1.61229e-19
11.088 1.5144e-19
11.12 1.43131e-19
11.152 1.34367e-19
11.184 1.2711e-19
11.216 1.19668e-19
11.248 1.12637e-19
11.28 1.06139e-19
11.312 9.99005e-20
11.344 9.42607e-20
11.376 8.85973e-20
11.408 8.31532e-20
11.44 7.8378e-20
11.472 7.42284e-20
11.504 6.94043e-20
11.536 6.5551e-20
11.568 6.14975e-20
11.6 5.83403e-20
11.632 5.47077e-20
11.664 5.15856e-20
11.696 4.8648e-20
11.728 4.59768e-20
11.76 4.31452e-20
11.792 4.05241e-20
11.824 3.81389e-20
11.856 3.60185e-20
11.888 3.37343e-20
11.92 3.18822e-20
11.952 2.99789e-20
11.984 2.82392e-20
12.016 2.66024e-20
12.048 2.50742e-20
12.08 2.36123e-20
12.112 2.23359e-20
12.144 2.09257e-20
12.176 1.98169e-20
12.208 1.855e-20
12.24 1.75549e-20
12.272 1.64889e-20
12.304 1.54562e-20
12.336 1.46577e-20
12.368 1.37536e-20
12.4 1.2889e-20
12.432 1.22067e-20
12.464 1.14548e-20
12.496 1.08575e-20
12.528 1.01779e-20
12.56 9.57408e-21
12.592 9.05237e-21
12.624 8.50454e-21
12.656 8.03468e-21
12.688 7.56123e-21
12.72 7.091e-21
12.752 6.69671e-21
12.784 6.34028e-21
12.816 5.89406e-21
12.848 5.57827e-21
12.88 5.2699e-21
12.912 4.94898e-21
12.944 4.64987e-21
12.976 4.38503e-21
13.008 4.12741e-21
13.04 3.88714e-21
13.072 3.65984e-21
13.104 3.45187e-21
13.136 3.26533e-21
13.168 3.06929e-21
13.2 2.88796e-21
13.232 2.72045e-21
13.264 2.56656e-21
13.296 2.41126e-21
13.328 2.27075e-21
13.36 2.14534e-21
13.392 2.01803e-21
13.424 1.90273e-21
13.456 1.7937e-21
13.488 1.68376e-21
13.52 1.58223e-21
13.552 1.49496e-21
13.584 1.40204e-21
13.616 1.32465e-21
13.648 1.25666e-21
13.68 1.17081e-21
13.712 1.10482e-21
13.744 1.03805e-21
13.776 9.77761e-22
13.808 9.23771e-22
13.84 8.61092e-22
13.872 8.13611e-22
13.904 7.70335e-22
13.936 7.21507e-22
13.968 6.7851e-22
14 6.42408e-22
14.032 6.04213e-22
14.064 5.68207e-22
14.096 5.37096e-22
14.128 5.03926e-22
14.16 4.74865e-22
14.192 4.46423e-22
14.224 4.22034e-22
14.256 3.97851e-22
14.288 3.69714e-22
14.32 3.48636e-22
14.352 3.31944e-22
14.384 3.1101e-22
14.416 2.94298e-22
14.448 2.7547e-22
14.48 2.59565e-22
14.512 2.455e-22
14.544 2.30982e-22
14.576 2.16922e-22
14.608 2.04771e-22
14.64 1.92278e-22
14.672 1.82537e-22
14.704 1.70199e-22
14.736 1.60627e-22
14.768 1.50718e-22
14.8 1.42163e-22
14.832 1.34264e-22
14.864 1.2656e-22
14.896 1.19456e-22
14.928 1.12257e-22
14.96 1.05199e-22
14.992 9.95015e-23
15.024 9.3113e-23
15.056 8.77773e-23
15.088 8.27656e-23
15.12 7.8468e-23
15.152 7.36129e-23
15.184 6.88276e-23
15.216 6.50869e-23
15.248 6.14619e-23
15.28 5.79691e-23
15.312 5.40865e-23
15.344 5.12591e-23
15.376 4.78892e-23
15.408 4.54683e-23
15.44 4.26894e-23
15.472 4.0098e-23
15.504 3.79917e-23
15.536 3.55416e-23
15.568 3.35802e-23
15.6 3.17527e-23
15.632 2.97034e-23
15.664 2.80265e-23
15.696 2.64825e-23
15.728 2.4771e-23
15.76 2.35235e-23
15.792 2.19713e-23
15.824 2.06516e-23
15.856 1.96181e-23
15.888 1.84345e-23
15.92 1.71999e-23
15.952 1.62762e-23
15.984 1.53626e-23
16.016 1.44728e-23
16.048 1.36183e-23
16.08 1.2742e-23
16.112 1.20721e-23
16.144 1.13628e-23
16.176 1.06994e-23
16.208 1.00363e-23
16.24 9.4297e-24
16.272 8.94426e-24
16.304 8.39813e-24
16.336 7.88744e-24
16.368 7.45088e-24
16.4 7.00508e-24
16.432 6.59755e-24
16.464 6.18448e-24
16.496 5.83255e-24
16.528 5.47482e-24
16.56 5.21826e-24
16.592 4.8759e-24
16.624 4.604e-24
16.656 4.33521e-24
16.688 4.06047e-24
16.72 3.83471e-24
16.752 3.61507e-24
16.784 3.40987e-24
16.816 3.19274e-24
16.848 3.01351e-24
16.88 2.82475e-24
16.912 2.66125e-24
16.944 2.51756e-24
16.976 2.37117e-24
17.008 2.24403e-24
17.04 2.09755e-24
17.072 1.98452e-24
17.104 1.86437e-24
17.136 1.76072e-24
17.168 1.66232e-24
17.2 1.55384e-24
17.232 1.4691e-24
17.264 1.38033e-24
17.296 1.30168e-24
17.328 1.22615e-24
17.36 1.15001e-24
17.392 1.08036e-24
17.424 1.02057e-24
17.456 9.59615e-25
17.488 9.00955e-25
17.52 8.48818e-25
17.552 8.02021e-25
17.584 7.63732e-25
17.616 7.11927e-25
17.648 6.71288e-25
17.68 6.29082e-25
17.712 5.96609e-25
17.744 5.58452e-25
17.776 5.24826e-25
17.808 4.99405e-25
17.84 4.65968e-25
17.872 4.39364e-25
17.904 4.16483e-25
17.936 3.91186e-25
17.968 3.6668e-25
18 3.45359e-25
18.032 3.27094e-25
18.064 3.08036e-25
18.096 2.89272e-25
18.128 2.73148e-25
18.16 2.56217e-25
18.192 2.41812e-25
18.224 2.27707e-25
18.256 2.13379e-25
18.288 2.01033e-25
18.32 1.90091e-25
18.352 1.78894e-25
18.384 1.6702e-25
18.416 1.60227e-25
18.448 1.48795e-25
18.48 1.39703e-25
18.512 1.32059e-25
18.544 1.2454e-25
18.576 1.17059e-25
18.608 1.10987e-25
18.64 1.03969e-25
18.672 9.70861e-26
18.704 9.09473e-26
18.736 8.67886e-26
18.768 8.12084e-26
18.8 7.66736e-26
18.832 7.272e-26
18.864 6.80614e-26
18.896 6.4237e-26
18.928 6.04946e-26
18.96 5.63334e-26
18.992 5.3677e-26
19.024 5.05673e-26
19.056 4.76528e-26
19.088 4.47222e-26
19.12 4.21631e-26
19.152 3.96329e-26
19.184 3.72887e-26
19.216 3.47782e-26
19.248 3.31356e-26
19.28 3.13113e-26
19.312 2.91496e-26
19.344 2.76243e-26
19.376 2.6099e-26
19.408 2.44591e-26
19.44 2.3003e-26
19.472 2.16383e-26
19.504 2.05013e-26
19.536 1.92916e-26
19.568 1.81516e-26
19.6 1.70747e-26
19.632 1.59341e-26
19.664 1.50823e-26
19.696 1.41749e-26
19.728 1.33753e-26
19.76 1.25599e-26
19.792 1.19264e-26
19.824 1.11734e-26
19.856 1.06e-26
19.888 9.90127e-27
19.92 9.36034e-27
19.952 8.7638e-27
19.984 8.242e-27
20.016 7.78511e-27
20.048 7.36633e-27
20.08 6.91584e-27
20.112 6.48088e-27
20.144 6.16666e-27
20.176 5.77976e-27
20.208 5.46039e-27
20.24 5.11603e-27
20.272 4.82561e-27
20.304 4.55151e-27
20.336 4.25937e-27
20.368 3.99986e-27
20.4 3.7989e-27
20.432 3.56077e-27
20.464 3.34114e-27
20.496 3.16775e-27
20.528 2.97599e-27
20.56 2.81667e-27
20.592 2.6532e-27
20.624 2.47985e-27
20.656 2.33042e-27
20.688 2.19571e-27
20.72 2.07337e-27
20.752 1.94053e-27
20.784 1.83613e-27
20.816 1.73094e-27
20.848 1.62951e-27
20.88 1.52334e-27
20.912 1.44272e-27
20.944 1.36314e-27
20.976 1.27461e-27
21.008 1.19614e-27
21.04 1.12902e-27
21.072 1.06709e-27
21.104 1.00164e-27
21.136 9.45342e-28
21.168 8.9423e-28
21.2 8.37718e-28
21.232 7.87748e-28
21.264 7.42103e-28
21.296 7.02513e-28
21.328 6.56946e-28
21.36 6.22906e-28
21.392 5.79289e-28
21.424 5.44809e-28
21.456 5.10387e-28
21.488 4.79129e-28
21.52 4.54992e-28
21.552 4.29822e-28
21.584 4.00502e-28
21.616 3.78978e-28
21.648 3.52144e-28
21.68 3.36208e-28
21.712 3.1871e-28
21.744 2.97071e-28
21.776 2.76583e-28
21.808 2.6469e-28
21.84 2.48181e-28
21.872 2.32342e-28
21.904 2.17346e-28
21.936 2.06537e-28
21.968 1.94283e-28
22 1.84828e-28
22.032 1.72561e-28
22.064 1.63246e-28
22.096 1.53151e-28
22.128 1.43911e-28
22.16 1.35128e-28
22.192 1.26776e-28
22.224 1.19757e-28
22.256 1.12962e-28
22.288 1.07481e-28
22.32 1.00463e-28
22.352 9.36165e-29
22.384 8.88434e-29
22.416 8.28225e-29
22.448 7.81554e-29
22.48 7.30759e-29
22.512 6.92354e-29
22.544 6.50154e-29
22.576 6.13396e-29
22.608 5.83672e-29
22.64 5.46054e-29
22.672 5.12952e-29
22.704 4.81654e-29
22.736 4.54654e-29
22.768 4.28462e-29
22.8 4.03958e-29
22.832 3.7778e-29
22.864 3.57798e-29
22.896 3.3376e-29
22.928 3.14967e-29
22.96 2.9813e-29
22.992 2.81571e-29
23.024 2.62051e-29
23.056 2.47907e-29
23.088 2.34352e-29
23.12 2.19007e-29
23.152 2.0731e-29
23.184 1.95069e-29
23.216 1.83376e-29
23.248 1.7282e-29
23.28 1.61757e-29
23.312 1.52164e-29
23.344 1.43448e-29
23.376 1.36728e-29
23.408 1.26545e-29
23.44 1.19361e-29
23.472 1.12417e-29
23.504 1.06392e-29
23.536 9.932e-30
23.568 9.25525e-30
23.6 8.8451e-30
23.632 8.32624e-30
23.664 7.75873e-30
23.696 7.35444e-30
23.728 6.92751e-30
23.76 6.50694e-30
23.792 6.10575e-30
23.824 5.73646e-30
23.856 5.35938e-30
23.888 5.09474e-30
23.92 4.788e-30
23.952 4.5019e-30
23.984 4.2086e-30
24.016 3.97499e-30
24.048 3.74444e-30
24.08 3.49439e-30
24.112 3.31399e-30
24.144 3.12442e-30
24.176 2.90481e-30
24.208 2.73369e-30
24.24 2.55396e-30
24.272 2.44029e-30
24.304 2.28808e-30
24.336 2.14409e-30
24.368 2.04046e-30
24.4 1.9056e-30
24.432 1.8054e-30
24.464 1.68585e-30
24.496 1.58651e-30
24.528 1.48804e-30
24.56 1.39939e-30
24.592 1.30475e-30
24.624 1.22563e-30
24.656 1.17001e-30
24.688 1.08243e-30
24.72 1.02417e-30
24.752 9.67113e-31
24.784 9.12079e-31
24.816 8.5297e-31
24.848 8.07657e-31
24.88 7.52094e-31
24.912 7.08283e-31
24.944 6.6031e-31
24.976 6.35693e-31
25.008 5.89896e-31
25.04 5.50211e-31
25.072 5.1672e-31
25.104 4.93674e-31
25.136 4.60289e-31
25.168 4.29844e-31
25.2 4.07333e-31
25.232 3.81771e-31
25.264 3.58185e-31
25.296 3.39324e-31
25.328 3.17021e-31
25.36 3.00462e-31
25.392 2.81384e-31
25.424 2.62678e-31
25.456 2.49391e-31
25.488 2.33107e-31
25.52 2.18143e-31
25.552 2.05062e-31
25.584 1.91186e-31
25.616 1.80225e-31
25.648 1.70641e-31
25.68 1.60126e-31
25.712 1.48959e-31
25.744 1.42226e-31
25.776 1.31466e-31
25.808 1.25152e-31
25.84 1.16526e-31
25.872 1.09507e-31
25.904 1.03347e-31
25.936 9.68416e-32
25.968 9.01242e-32
26 8.51281e-32
26.032 7.99061e-32
26.064 7.48599e-32
26.096 7.08756e-32
26.128 6.62806e-32
26.16 6.26351e-32
26.192 5.86734e-32
26.224 5.53324e-32
26.256 5.1547e-32
26.288 4.82199e-32
26.32 4.49989e-32
26.352 4.25065e-32
26.384 4.02605e-32
26.416 3.72902e-32
26.448 3.53187e-32
26.48 3.28971e-32
26.512 3.10384e-32
26.544 2.9044e-32
26.576 2.72137e-32
26.608 2.57476e-32
26.64 2.41269e-32
26.672 2.27167e-32
26.704 2.1101e-32
26.736 1.99389e-32
26.768 1.85138e-32
26.8 1.76866e-32
26.832 1.6445e-32
26.864 1.54073e-32
26.896 1.45273e-32
26.928 1.34967e-32
26.96 1.26065e-32
26.992 1.19221e-32
27.024 1.1139e-32
27.056 1.04732e-32
27.088 9.81223e-33
27.12 9.04253e-33
27.152 8.65935e-33
27.184 8.07468e-33
27.216 7.6427e-33
27.248 7.1702e-33
27.28 6.67377e-33
27.312 6.22117e-33
27.344 5.82027e-33
27.376 5.51783e-33
27.408 5.17061e-33
27.44 4.7995e-33
27.472 4.47659e-33
27.504 4.25739e-33
27.536 3.91365e-33
27.568 3.72542e-33
27.6 3.46018e-33
27.632 3.21944e-33
27.664 3.06978e-33
27.696 2.86982e-33
27.728 2.6504e-33
27.76 2.50761e-33
27.792 2.34076e-33
27.824 2.19738e-33
27.856 2.04969e-33
27.888 1.92508e-33
27.92 1.79827e-33
27.952 1.6784e-33
27.984 1.56625e-33
28.016 1.4575e-33
28.048 1.36343e-33
28.08 1.28212e-33
28.112 1.20635e-33
28.144 1.1342e-33
28.176 1.05367e-33
28.208 9.81147e-34
28.24 9.22568e-34
28.272 8.68891e-34
28.304 8.02768e-34
28.336 7.40716e-34
28.368 7.05785e-34
28.4 6.48763e-34
28.432 6.07434e-34
28.464 5.71275e-34
28.496 5.36949e-34
28.528 4.94656e-34
28.56 4.65147e-34
28.592 4.36722e-34
28.624 4.08585e-34
28.656 3.7808e-34
28.688 3.53159e-34
28.72 3.25191e-34
28.752 3.06727e-34
28.784 2.89497e-34
28.816 2.67692e-34
28.848 2.50898e-34
28.88 2.33185e-34
28.912 2.20455e-34
28.944 2.03976e-34
28.976 1.9086e-34
29.008 1.76869e-34
29.04 1.6333e-34
29.072 1.5452e-34
29.104 1.42747e-34
29.136 1.33505e-34
29.168 1.23005e-34
29.2 1.1511e-34
29.232 1.06293e-34
29.264 1.00669e-34
29.296 9.27899e-35
29.328 8.67549e-35
29.36 8.17855e-35
29.392 7.54495e-35
29.424 6.94679e-35
29.456 6.56643e-35
29.488 6.05046e-35
29.52 5.60376e-35
29.552 5.15876e-35
29.584 4.87059e-35
29.616 4.52005e-35
29.648 4.16251e-35
29.68 3.89663e-35
29.712 3.60772e-35
29.744 3.38096e-35
29.776 3.10599e-35
29.808 2.95399e-35
29.84 2.66435e-35
29.872 2.46496e-35
29.904 2.28789e-35
29.936 2.12774e-35
29.968 1.96751e-35
30 1.82092e-35
30.032 1.66923e-35
30.064 1.56684e-35
30.096 1.41436e-35
30.128 1.34567e-35
30.16 1.21864e-35
30.192 1.13008e-35
30.224 1.05215e-35
30.256 9.9793e-36
30.288 8.90379e-36
30.32 8.32523e-36
30.352 7.4953e-36
30.384 6.7214e-36
30.416 6.33879e-36
30.448 5.99605e-36
30.48 5.63033e-36
30.512 4.94228e-36
30.544 4.60455e-36
30.576 4.21811e-36
30.608 3.92253e-36
30.64 3.48639e-36
30.672 3.32547e-36
30.704 3.00034e-36
30.736 2.79085e-36
30.768 2.50695e-36
30.8 2.24163e-36
30.832 1.99771e-36
30.864 1.9339e-36
30.896 1.71731e-36
30.928 1.52169e-36
30.96 1.45342e-36
30.992 1.29359e-36
31.024 1.16907e-36
31.056 1.04772e-36
31.088 9.4127e-37
31.12 8.80821e-37
31.152 7.81504e-37
31.184 6.90394e-37
31.216 6.14929e-37
31.248 5.76388e-37
31.28 5.18575e-37
31.312 4.47622e-37
31.344 3.95067e-37
31.376 3.5685e-37
31.408 3.00778e-37
31.44 2.696e-37
31.472 2.3932e-37
31.504 2.06689e-37
31.536 1.78188e-37
31.568 1.72839e-37
31.6 1.38526e-37
31.632 1.05439e-37
31.664 9.34018e-38
31.696 8.21458e-38
31.728 5.94565e-38
31.76 4.84945e-38
31.792 3.51666e-38
31.824 2.67132e-38
31.856 1.96394e-38
31.888 1.18435e-38
31.92 7.04914e-39
31.952 2.23446e-39
31.984 5.14983e-40
