#1:M 2:dN/MdM dy_q d2xT
0.016 4.57036e-06
0.048 4.4037e-06
0.08 4.07369e-06
0.112 3.65607e-06
0.144 3.24555e-06
0.176 2.84909e-06
0.208 2.49106e-06
0.24 2.17317e-06
0.272 1.89465e-06
0.304 1.65107e-06
0.336 1.43784e-06
0.368 1.25276e-06
0.4 1.08192e-06
0.432 9.42448e-07
0.464 8.21953e-07
0.496 7.17122e-07
0.528 6.2583e-07
0.56 5.46542e-07
0.592 4.77676e-07
0.624 4.1816e-07
0.656 3.65146e-07
0.688 3.20095e-07
0.72 2.80824e-07
0.752 2.46734e-07
0.784 2.16903e-07
0.816 1.90872e-07
0.848 1.68113e-07
0.88 1.48157e-07
0.912 1.3021e-07
0.944 1.14978e-07
0.976 1.01685e-07
1.008 9.00438e-08
1.04 7.9765e-08
1.072 7.07466e-08
1.104 6.27833e-08
1.136 5.58264e-08
1.168 4.94601e-08
1.2 4.40311e-08
1.232 3.92326e-08
1.264 3.50023e-08
1.296 3.12597e-08
1.328 2.79274e-08
1.36 2.49742e-08
1.392 2.23554e-08
1.424 1.99776e-08
1.456 1.79264e-08
1.488 1.60929e-08
1.52 1.44631e-08
1.552 1.29917e-08
1.584 1.16913e-08
1.616 1.05423e-08
1.648 9.49609e-09
1.68 8.49085e-09
1.712 7.66419e-09
1.744 6.93038e-09
1.776 6.26359e-09
1.808 5.66916e-09
1.84 5.13183e-09
1.872 4.65028e-09
1.904 4.21905e-09
1.936 3.82105e-09
1.968 3.4714e-09
2 3.15393e-09
2.032 2.86776e-09
2.064 2.61087e-09
2.096 2.3778e-09
2.128 2.16807e-09
2.16 1.9773e-09
2.192 1.80084e-09
2.224 1.64439e-09
2.256 1.50247e-09
2.288 1.37396e-09
2.32 1.25707e-09
2.352 1.15074e-09
2.384 1.05406e-09
2.416 9.65793e-10
2.448 8.84346e-10
2.48 8.10977e-10
2.512 7.45433e-10
2.544 6.84206e-10
2.576 6.28916e-10
2.608 5.78127e-10
2.64 5.32292e-10
2.672 4.89922e-10
2.704 4.54878e-10
2.736 4.1923e-10
2.768 3.86554e-10
2.8 3.56705e-10
2.832 3.29063e-10
2.864 3.03731e-10
2.896 2.80375e-10
2.928 2.59005e-10
2.96 2.39259e-10
2.992 2.21359e-10
3.024 2.04818e-10
3.056 1.89543e-10
3.088 1.75553e-10
3.12 1.6271e-10
3.152 1.5078e-10
3.184 1.39879e-10
3.216 1.29588e-10
3.248 1.20232e-10
3.28 1.11575e-10
3.312 1.036e-10
3.344 9.62796e-11
3.376 8.94817e-11
3.408 8.32085e-11
3.44 7.73475e-11
3.472 7.19286e-11
3.504 6.68943e-11
3.536 6.23074e-11
3.568 5.80558e-11
3.6 5.4033e-11
3.632 5.03992e-11
3.664 4.69952e-11
3.696 4.37355e-11
3.728 4.05032e-11
3.76 3.77672e-11
3.792 3.52371e-11
3.824 3.29186e-11
3.856 3.0736e-11
3.888 2.87089e-11
3.92 2.68159e-11
3.952 2.50707e-11
3.984 2.34259e-11
4.016 2.1918e-11
4.048 2.05e-11
4.08 1.91899e-11
4.112 1.795e-11
4.144 1.67805e-11
4.176 1.57262e-11
4.208 1.47222e-11
4.24 1.37954e-11
4.272 1.29291e-11
4.304 1.20882e-11
4.336 1.1348e-11
4.368 1.06345e-11
4.4 9.96936e-12
4.432 9.34435e-12
4.464 8.77291e-12
4.496 8.26394e-12
4.528 7.74415e-12
4.56 7.27932e-12
4.592 6.83284e-12
4.624 6.41393e-12
4.656 6.0248e-12
4.688 5.65808e-12
4.72 5.31476e-12
4.752 5.31398e-12
4.784 4.99548e-12
4.816 4.69102e-12
4.848 4.41408e-12
4.88 4.14685e-12
4.912 3.9004e-12
4.944 3.67184e-12
4.976 3.45247e-12
5.008 3.17203e-12
5.04 2.98767e-12
5.072 2.8119e-12
5.104 2.64771e-12
5.136 2.49412e-12
5.168 2.34651e-12
5.2 2.21045e-12
5.232 2.08243e-12
5.264 1.96066e-12
5.296 1.84942e-12
5.328 1.74108e-12
5.36 1.63947e-12
5.392 1.54447e-12
5.424 1.45543e-12
5.456 1.37459e-12
5.488 1.29687e-12
5.52 1.22268e-12
5.552 1.15273e-12
5.584 1.08706e-12
5.616 1.02607e-12
5.648 9.67721e-13
5.68 9.13457e-13
5.712 8.62136e-13
5.744 8.13148e-13
5.776 7.68296e-13
5.808 7.2464e-13
5.84 6.84917e-13
5.872 6.45978e-13
5.904 6.10155e-13
5.936 5.76232e-13
5.968 5.44161e-13
6 5.1356e-13
6.032 4.85678e-13
6.064 4.5812e-13
6.096 4.33323e-13
6.128 4.10555e-13
6.16 3.87018e-13
6.192 3.65528e-13
6.224 3.45592e-13
6.256 3.26586e-13
6.288 3.0896e-13
6.32 2.91903e-13
6.352 2.75833e-13
6.384 2.60675e-13
6.416 2.46611e-13
6.448 2.33273e-13
6.48 2.20877e-13
6.512 2.08797e-13
6.544 1.9751e-13
6.576 1.86933e-13
6.608 1.76973e-13
6.64 1.67118e-13
6.672 1.58137e-13
6.704 1.49714e-13
6.736 1.41481e-13
6.768 1.33939e-13
6.8 1.27074e-13
6.832 1.20468e-13
6.864 1.13968e-13
6.896 1.07796e-13
6.928 1.01997e-13
6.96 9.66772e-14
6.992 9.13282e-14
7.024 8.661e-14
7.056 8.20142e-14
7.088 7.76421e-14
7.12 7.34218e-14
7.152 6.95356e-14
7.184 6.58502e-14
7.216 6.24026e-14
7.248 5.90448e-14
7.28 5.59722e-14
7.312 5.30346e-14
7.344 5.02693e-14
7.376 4.76111e-14
7.408 4.50104e-14
7.44 4.26226e-14
7.472 4.04553e-14
7.504 3.83048e-14
7.536 3.63245e-14
7.568 3.43437e-14
7.6 3.25479e-14
7.632 3.08941e-14
7.664 2.92805e-14
7.696 2.76806e-14
7.728 2.62529e-14
7.76 2.492e-14
7.792 2.35968e-14
7.824 2.23437e-14
7.856 2.12137e-14
7.888 2.00942e-14
7.92 1.90353e-14
7.952 1.80605e-14
7.984 1.70854e-14
8.016 1.62157e-14
8.048 1.53479e-14
8.08 1.45843e-14
8.112 1.38119e-14
8.144 1.30928e-14
8.176 1.24278e-14
8.208 1.17702e-14
8.24 1.11608e-14
8.272 1.05918e-14
8.304 1.00378e-14
8.336 9.53302e-15
8.368 9.02763e-15
8.4 8.55531e-15
8.432 8.10943e-15
8.464 7.69314e-15
8.496 7.2958e-15
8.528 6.93112e-15
8.56 6.56238e-15
8.592 6.22785e-15
8.624 5.9046e-15
8.656 5.59835e-15
8.688 5.3103e-15
8.72 5.03843e-15
8.752 4.78159e-15
8.784 4.53511e-15
8.816 4.30042e-15
8.848 4.08848e-15
8.88 3.88178e-15
8.912 3.68365e-15
8.944 3.49467e-15
8.976 3.31438e-15
9.008 3.14474e-15
9.04 2.97498e-15
9.072 2.82015e-15
9.104 2.68216e-15
9.136 2.54176e-15
9.168 2.41315e-15
9.2 2.2914e-15
9.232 2.17073e-15
9.264 2.05915e-15
9.296 1.95525e-15
9.328 1.8556e-15
9.36 1.7554e-15
9.392 1.6682e-15
9.424 1.5842e-15
9.456 1.50476e-15
9.488 1.42496e-15
9.52 1.35256e-15
9.552 1.28396e-15
9.584 1.21822e-15
9.616 1.15799e-15
9.648 1.09895e-15
9.68 1.04139e-15
9.712 9.89921e-16
9.744 9.37766e-16
9.776 8.91667e-16
9.808 8.47851e-16
9.84 8.01428e-16
9.872 7.61069e-16
9.904 7.21476e-16
9.936 6.84647e-16
9.968 6.49915e-16
10 6.16351e-16
10.032 5.86389e-16
10.064 5.56404e-16
10.096 5.27891e-16
10.128 5.01316e-16
10.16 4.75432e-16
10.192 4.52193e-16
10.224 4.27946e-16
10.256 4.06237e-16
10.288 3.86559e-16
10.32 3.65974e-16
10.352 3.47694e-16
10.384 3.29694e-16
10.416 3.12565e-16
10.448 2.98418e-16
10.48 2.82274e-16
10.512 2.67166e-16
10.544 2.54437e-16
10.576 2.40799e-16
10.608 2.29257e-16
10.64 2.17628e-16
10.672 2.06185e-16
10.704 1.95945e-16
10.736 1.85794e-16
10.768 1.76591e-16
10.8 1.6767e-16
10.832 1.59062e-16
10.864 1.50882e-16
10.896 1.4331e-16
10.928 1.36118e-16
10.96 1.2951e-16
10.992 1.22793e-16
11.024 1.16699e-16
11.056 1.10845e-16
11.088 1.05115e-16
11.12 9.96596e-17
11.152 9.47649e-17
11.184 8.98865e-17
11.216 8.53956e-17
11.248 8.10519e-17
11.28 7.68732e-17
11.312 7.31128e-17
11.344 6.93768e-17
11.376 6.57353e-17
11.408 6.24929e-17
11.44 5.92203e-17
11.472 5.63082e-17
11.504 5.33976e-17
11.536 5.07156e-17
11.568 4.83014e-17
11.6 4.57836e-17
11.632 4.33318e-17
11.664 4.12638e-17
11.696 3.92749e-17
11.728 3.71349e-17
11.76 3.53032e-17
11.792 3.35058e-17
11.824 3.17806e-17
11.856 3.02207e-17
11.888 2.86953e-17
11.92 2.71854e-17
11.952 2.58133e-17
11.984 2.4604e-17
12.016 2.32689e-17
12.048 2.21509e-17
12.08 2.10236e-17
12.112 1.99488e-17
12.144 1.89386e-17
12.176 1.79921e-17
12.208 1.70736e-17
12.24 1.61953e-17
12.272 1.54156e-17
12.304 1.46018e-17
12.336 1.39055e-17
12.368 1.31325e-17
12.4 1.24893e-17
12.432 1.18935e-17
12.464 1.129e-17
12.496 1.07211e-17
12.528 1.01643e-17
12.56 9.65012e-18
12.592 9.16051e-18
12.624 8.69114e-18
12.656 8.26465e-18
12.688 7.83736e-18
12.72 7.42977e-18
12.752 7.06865e-18
12.784 6.72686e-18
12.816 6.37919e-18
12.848 6.05758e-18
12.88 5.73815e-18
12.912 5.43763e-18
12.944 5.19589e-18
12.976 4.92139e-18
13.008 4.67998e-18
13.04 4.42766e-18
13.072 4.21778e-18
13.104 3.99551e-18
13.136 3.79361e-18
13.168 3.60746e-18
13.2 3.43966e-18
13.232 3.26124e-18
13.264 3.09498e-18
13.296 2.95282e-18
13.328 2.79629e-18
13.36 2.65436e-18
13.392 2.52828e-18
13.424 2.39349e-18
13.456 2.26011e-18
13.488 2.16185e-18
13.52 2.05044e-18
13.552 1.95129e-18
13.584 1.85014e-18
13.616 1.75073e-18
13.648 1.66139e-18
13.68 1.58445e-18
13.712 1.50199e-18
13.744 1.42469e-18
13.776 1.35236e-18
13.808 1.28662e-18
13.84 1.21987e-18
13.872 1.15821e-18
13.904 1.09752e-18
13.936 1.04244e-18
13.968 9.92079e-19
14 9.40793e-19
14.032 8.95649e-19
14.064 8.47187e-19
14.096 8.04391e-19
14.128 7.6497e-19
14.16 7.25694e-19
14.192 6.91122e-19
14.224 6.55147e-19
14.256 6.21042e-19
14.288 5.89003e-19
14.32 5.59524e-19
14.352 5.31287e-19
14.384 5.04333e-19
14.416 4.78971e-19
14.448 4.54402e-19
14.48 4.3162e-19
14.512 4.10215e-19
14.544 3.90253e-19
14.576 3.69939e-19
14.608 3.50111e-19
14.64 3.32903e-19
14.672 3.15493e-19
14.704 2.99592e-19
14.736 2.84924e-19
14.768 2.70175e-19
14.8 2.56328e-19
14.832 2.44322e-19
14.864 2.31125e-19
14.896 2.19834e-19
14.928 2.08501e-19
14.96 1.98221e-19
14.992 1.88089e-19
15.024 1.78669e-19
15.056 1.69913e-19
15.088 1.60533e-19
15.12 1.52897e-19
15.152 1.44983e-19
15.184 1.38007e-19
15.216 1.30759e-19
15.248 1.23802e-19
15.28 1.18115e-19
15.312 1.11941e-19
15.344 1.06055e-19
15.376 1.00787e-19
15.408 9.55557e-20
15.44 9.09465e-20
15.472 8.60114e-20
15.504 8.18029e-20
15.536 7.7872e-20
15.568 7.38116e-20
15.6 7.0192e-20
15.632 6.65938e-20
15.664 6.32103e-20
15.696 5.98346e-20
15.728 5.6936e-20
15.76 5.41069e-20
15.792 5.13305e-20
15.824 4.8676e-20
15.856 4.59859e-20
15.888 4.38064e-20
15.92 4.17605e-20
15.952 3.94987e-20
15.984 3.73916e-20
16.016 3.58274e-20
16.048 3.38242e-20
16.08 3.21688e-20
16.112 3.04627e-20
16.144 2.88354e-20
16.176 2.73978e-20
16.208 2.59788e-20
16.24 2.48457e-20
16.272 2.35518e-20
16.304 2.22637e-20
16.336 2.11748e-20
16.368 2.0113e-20
16.4 1.90817e-20
16.432 1.80554e-20
16.464 1.71793e-20
16.496 1.63681e-20
16.528 1.5528e-20
16.56 1.47136e-20
16.592 1.39825e-20
16.624 1.32264e-20
16.656 1.25886e-20
16.688 1.18757e-20
16.72 1.13387e-20
16.752 1.07237e-20
16.784 1.02213e-20
16.816 9.67085e-21
16.848 9.20073e-21
16.88 8.75826e-21
16.912 8.26917e-21
16.944 7.85968e-21
16.976 7.47244e-21
17.008 7.10459e-21
17.04 6.69109e-21
17.072 6.37987e-21
17.104 6.04619e-21
17.136 5.75076e-21
17.168 5.45551e-21
17.2 5.17563e-21
17.232 4.92576e-21
17.264 4.65919e-21
17.296 4.41298e-21
17.328 4.20753e-21
17.36 3.97496e-21
17.392 3.79204e-21
17.424 3.5948e-21
17.456 3.40102e-21
17.488 3.24162e-21
17.52 3.07207e-21
17.552 2.91706e-21
17.584 2.76411e-21
17.616 2.62714e-21
17.648 2.49634e-21
17.68 2.36716e-21
17.712 2.23694e-21
17.744 2.13028e-21
17.776 2.02377e-21
17.808 1.91495e-21
17.84 1.82002e-21
17.872 1.72485e-21
17.904 1.6439e-21
17.936 1.56084e-21
17.968 1.4806e-21
18 1.40676e-21
18.032 1.32717e-21
18.064 1.26325e-21
18.096 1.2003e-21
18.128 1.13772e-21
18.16 1.07771e-21
18.192 1.02775e-21
18.224 9.70941e-22
18.256 9.23545e-22
18.288 8.77116e-22
18.32 8.26002e-22
18.352 7.8771e-22
18.384 7.51866e-22
18.416 7.11043e-22
18.448 6.73966e-22
18.48 6.40934e-22
18.512 6.07616e-22
18.544 5.76949e-22
18.576 5.47015e-22
18.608 5.17389e-22
18.64 4.91669e-22
18.672 4.66656e-22
18.704 4.4396e-22
18.736 4.20434e-22
18.768 3.99131e-22
18.8 3.77838e-22
18.832 3.60451e-22
18.864 3.39365e-22
18.896 3.24923e-22
18.928 3.07075e-22
18.96 2.91782e-22
18.992 2.76526e-22
19.024 2.6297e-22
19.056 2.49325e-22
19.088 2.37224e-22
19.12 2.22631e-22
19.152 2.12973e-22
19.184 2.01982e-22
19.216 1.9159e-22
19.248 1.80807e-22
19.28 1.71779e-22
19.312 1.63919e-22
19.344 1.55975e-22
19.376 1.48226e-22
19.408 1.39022e-22
19.44 1.32952e-22
19.472 1.25556e-22
19.504 1.1915e-22
19.536 1.13467e-22
19.568 1.07784e-22
19.6 1.0192e-22
19.632 9.68102e-23
19.664 9.22826e-23
19.696 8.71668e-23
19.728 8.31197e-23
19.76 7.88689e-23
19.792 7.44698e-23
19.824 7.08059e-23
19.856 6.73266e-23
19.888 6.39578e-23
19.92 6.06087e-23
19.952 5.72585e-23
19.984 5.45189e-23
20.016 5.19063e-23
20.048 4.89827e-23
20.08 4.64827e-23
20.112 4.44202e-23
20.144 4.1927e-23
20.176 3.99774e-23
20.208 3.76957e-23
20.24 3.59556e-23
20.272 3.4254e-23
20.304 3.24434e-23
20.336 3.04997e-23
20.368 2.92023e-23
20.4 2.76731e-23
20.432 2.62322e-23
20.464 2.50159e-23
20.496 2.36309e-23
20.528 2.24757e-23
20.56 2.13245e-23
20.592 2.02843e-23
20.624 1.9342e-23
20.656 1.83073e-23
20.688 1.74611e-23
20.72 1.65287e-23
20.752 1.56864e-23
20.784 1.48963e-23
20.816 1.42151e-23
20.848 1.34363e-23
20.88 1.27759e-23
20.912 1.21041e-23
20.944 1.15123e-23
20.976 1.10043e-23
21.008 1.04641e-23
21.04 9.86077e-24
21.072 9.35488e-24
21.104 8.98093e-24
21.136 8.4613e-24
21.168 8.10282e-24
21.2 7.67907e-24
21.232 7.29419e-24
21.264 6.93825e-24
21.296 6.63048e-24
21.328 6.28804e-24
21.36 5.99339e-24
21.392 5.63702e-24
21.424 5.37123e-24
21.456 5.13624e-24
21.488 4.88239e-24
21.52 4.65617e-24
21.552 4.44151e-24
21.584 4.20775e-24
21.616 4.0355e-24
21.648 3.82301e-24
21.68 3.66342e-24
21.712 3.50297e-24
21.744 3.33405e-24
21.776 3.19812e-24
21.808 3.05601e-24
21.84 2.94017e-24
21.872 2.79733e-24
21.904 2.66721e-24
21.936 2.53839e-24
21.968 2.43678e-24
22 2.35457e-24
22.032 2.23221e-24
22.064 2.16061e-24
22.096 2.06374e-24
22.128 1.96921e-24
22.16 1.91081e-24
22.192 1.83617e-24
22.224 1.76024e-24
22.256 1.70035e-24
22.288 1.62551e-24
22.32 1.57506e-24
22.352 1.5235e-24
22.384 1.46028e-24
22.416 1.41704e-24
22.448 1.37315e-24
22.48 1.32033e-24
22.512 1.28273e-24
22.544 1.24846e-24
22.576 1.21156e-24
22.608 1.17742e-24
22.64 1.14146e-24
22.672 1.11113e-24
22.704 1.0815e-24
22.736 1.05281e-24
22.768 1.0263e-24
22.8 1.00764e-24
22.832 9.87248e-25
22.864 9.76021e-25
22.896 9.44953e-25
22.928 9.36436e-25
22.96 9.18579e-25
22.992 8.97682e-25
23.024 8.72712e-25
23.056 8.65881e-25
23.088 8.61255e-25
23.12 8.44475e-25
23.152 8.35394e-25
23.184 8.34718e-25
23.216 8.23205e-25
23.248 8.16889e-25
23.28 8.05251e-25
23.312 8.00974e-25
23.344 7.9963e-25
23.376 7.96744e-25
23.408 7.87594e-25
23.44 7.84e-25
23.472 7.85335e-25
23.504 7.77623e-25
23.536 7.85085e-25
23.568 7.78273e-25
23.6 7.74644e-25
23.632 7.80198e-25
23.664 7.83999e-25
23.696 7.70391e-25
23.728 7.71716e-25
23.76 7.7841e-25
23.792 7.83123e-25
23.824 7.78111e-25
23.856 7.82708e-25
23.888 7.90209e-25
23.92 7.95374e-25
23.952 8.02892e-25
23.984 7.95133e-25
24.016 8.03903e-25
24.048 8.11389e-25
24.08 8.07903e-25
24.112 8.18142e-25
24.144 8.23056e-25
24.176 8.31133e-25
24.208 8.2818e-25
24.24 8.32182e-25
24.272 8.36233e-25
24.304 8.46557e-25
24.336 8.50693e-25
24.368 8.53748e-25
24.4 8.64521e-25
24.432 8.63486e-25
24.464 8.76048e-25
24.496 8.80779e-25
24.528 8.81437e-25
24.56 8.8407e-25
24.592 8.99002e-25
24.624 9.03401e-25
24.656 9.16346e-25
24.688 9.17596e-25
24.72 9.24815e-25
24.752 9.34765e-25
24.784 9.38299e-25
24.816 9.41153e-25
24.848 9.51808e-25
24.88 9.5785e-25
24.912 9.6196e-25
24.944 9.63814e-25
24.976 9.76763e-25
25.008 9.84715e-25
25.04 9.82968e-25
25.072 9.95957e-25
25.104 9.99518e-25
25.136 1.01297e-24
25.168 1.01673e-24
25.2 1.02017e-24
25.232 1.03211e-24
25.264 1.03728e-24
25.296 1.04417e-24
25.328 1.04678e-24
25.36 1.04697e-24
25.392 1.05888e-24
25.424 1.06797e-24
25.456 1.06888e-24
25.488 1.07104e-24
25.52 1.07942e-24
25.552 1.08296e-24
25.584 1.09338e-24
25.616 1.09718e-24
25.648 1.09691e-24
25.68 1.10973e-24
25.712 1.11469e-24
25.744 1.11683e-24
25.776 1.11737e-24
25.808 1.13102e-24
25.84 1.13565e-24
25.872 1.13734e-24
25.904 1.14261e-24
25.936 1.14415e-24
25.968 1.15015e-24
26 1.15044e-24
26.032 1.15868e-24
26.064 1.16101e-24
26.096 1.16732e-24
26.128 1.17059e-24
26.16 1.16578e-24
26.192 1.17379e-24
26.224 1.18165e-24
26.256 1.17931e-24
26.288 1.18266e-24
26.32 1.18832e-24
26.352 1.19124e-24
26.384 1.19403e-24
26.416 1.19081e-24
26.448 1.19651e-24
26.48 1.20064e-24
26.512 1.19729e-24
26.544 1.20338e-24
26.576 1.20104e-24
26.608 1.19962e-24
26.64 1.20818e-24
26.672 1.20879e-24
26.704 1.20449e-24
26.736 1.20565e-24
26.768 1.20715e-24
26.8 1.20736e-24
26.832 1.21103e-24
26.864 1.20658e-24
26.896 1.20673e-24
26.928 1.21027e-24
26.96 1.20351e-24
26.992 1.20408e-24
27.024 1.20652e-24
27.056 1.20245e-24
27.088 1.1988e-24
27.12 1.20382e-24
27.152 1.19577e-24
27.184 1.19692e-24
27.216 1.19986e-24
27.248 1.19225e-24
27.28 1.19247e-24
27.312 1.18541e-24
27.344 1.1821e-24
27.376 1.18449e-24
27.408 1.17857e-24
27.44 1.17573e-24
27.472 1.17532e-24
27.504 1.16766e-24
27.536 1.16483e-24
27.568 1.16066e-24
27.6 1.15455e-24
27.632 1.15438e-24
27.664 1.14856e-24
27.696 1.1428e-24
27.728 1.14089e-24
27.76 1.13359e-24
27.792 1.12732e-24
27.824 1.12032e-24
27.856 1.11738e-24
27.888 1.11115e-24
27.92 1.1068e-24
27.952 1.10071e-24
27.984 1.09579e-24
28.016 1.08647e-24
28.048 1.07647e-24
28.08 1.07431e-24
28.112 1.06462e-24
28.144 1.06023e-24
28.176 1.05358e-24
28.208 1.04819e-24
28.24 1.03867e-24
28.272 1.03326e-24
28.304 1.023e-24
28.336 1.01492e-24
28.368 1.00545e-24
28.4 9.97664e-25
28.432 9.90255e-25
28.464 9.84383e-25
28.496 9.75417e-25
28.528 9.66517e-25
28.56 9.58629e-25
28.592 9.50548e-25
28.624 9.38937e-25
28.656 9.32039e-25
28.688 9.22241e-25
28.72 9.06498e-25
28.752 8.95514e-25
28.784 8.87654e-25
28.816 8.79618e-25
28.848 8.71638e-25
28.88 8.61543e-25
28.912 8.54676e-25
28.944 8.46325e-25
28.976 8.30015e-25
29.008 8.23356e-25
29.04 8.09715e-25
29.072 8.00796e-25
29.104 7.88406e-25
29.136 7.80117e-25
29.168 7.69064e-25
29.2 7.59305e-25
29.232 7.46582e-25
29.264 7.32772e-25
29.296 7.22225e-25
29.328 7.14017e-25
29.36 7.02015e-25
29.392 6.8818e-25
29.424 6.79378e-25
29.456 6.67742e-25
29.488 6.56416e-25
29.52 6.44672e-25
29.552 6.36729e-25
29.584 6.26033e-25
29.616 6.10099e-25
29.648 6.00228e-25
29.68 5.88534e-25
29.712 5.78757e-25
29.744 5.67759e-25
29.776 5.53549e-25
29.808 5.44172e-25
29.84 5.30318e-25
29.872 5.21149e-25
29.904 5.09854e-25
29.936 5.00573e-25
29.968 4.87752e-25
30 4.74767e-25
30.032 4.64305e-25
30.064 4.5235e-25
30.096 4.41003e-25
30.128 4.30391e-25
30.16 4.17538e-25
30.192 4.044e-25
30.224 3.96523e-25
30.256 3.84779e-25
30.288 3.73009e-25
30.32 3.61423e-25
30.352 3.52569e-25
30.384 3.40023e-25
30.416 3.29454e-25
30.448 3.17149e-25
30.48 3.09603e-25
30.512 2.99069e-25
30.544 2.88533e-25
30.576 2.78768e-25
30.608 2.66089e-25
30.64 2.57767e-25
30.672 2.44465e-25
30.704 2.36627e-25
30.736 2.2679e-25
30.768 2.18112e-25
30.8 2.07084e-25
30.832 1.97013e-25
30.864 1.90142e-25
30.896 1.80382e-25
30.928 1.71651e-25
30.96 1.61239e-25
30.992 1.5339e-25
31.024 1.46549e-25
31.056 1.37903e-25
31.088 1.29921e-25
31.12 1.2069e-25
31.152 1.13285e-25
31.184 1.05848e-25
31.216 9.78896e-26
31.248 9.16727e-26
31.28 8.3853e-26
31.312 7.89924e-26
31.344 7.20277e-26
31.376 6.5061e-26
31.408 5.95754e-26
31.44 5.36114e-26
31.472 4.66723e-26
31.504 4.28464e-26
31.536 3.76583e-26
31.568 3.31292e-26
31.6 2.83417e-26
31.632 2.45904e-26
31.664 2.02662e-26
31.696 1.68981e-26
31.728 1.33631e-26
31.76 1.03263e-26
31.792 8.20779e-27
31.824 6.09035e-27
31.856 4.19217e-27
31.888 2.26122e-27
31.92 1.13026e-27
31.952 4.92053e-28
31.984 6.50246e-29
