#1:M 2:dN/MdM dy_q d2xT
0.016 4.34172e-07
0.048 4.06168e-07
0.08 3.64678e-07
0.112 3.2025e-07
0.144 2.80083e-07
0.176 2.43475e-07
0.208 2.11625e-07
0.24 1.84348e-07
0.272 1.60984e-07
0.304 1.40862e-07
0.336 1.23566e-07
0.368 1.08632e-07
0.4 9.49042e-08
0.432 8.37379e-08
0.464 7.40479e-08
0.496 6.56239e-08
0.528 5.82266e-08
0.56 5.17782e-08
0.592 4.61006e-08
0.624 4.11286e-08
0.656 3.6633e-08
0.688 3.28009e-08
0.72 2.93869e-08
0.752 2.63608e-08
0.784 2.36763e-08
0.816 2.13045e-08
0.848 1.91819e-08
0.88 1.72924e-08
0.912 1.555e-08
0.944 1.4051e-08
0.976 1.27023e-08
1.008 1.15043e-08
1.04 1.0428e-08
1.072 9.46305e-09
1.104 8.59055e-09
1.136 7.81404e-09
1.168 7.08512e-09
1.2 6.44777e-09
1.232 5.87616e-09
1.264 5.36216e-09
1.296 4.89352e-09
1.328 4.4731e-09
1.36 4.08854e-09
1.392 3.74182e-09
1.424 3.41473e-09
1.456 3.13049e-09
1.488 2.86973e-09
1.52 2.63417e-09
1.552 2.41649e-09
1.584 2.21989e-09
1.616 2.04168e-09
1.648 1.87792e-09
1.68 1.7122e-09
1.712 1.57627e-09
1.744 1.45184e-09
1.776 1.33925e-09
1.808 1.23555e-09
1.84 1.13952e-09
1.872 1.05286e-09
1.904 9.71727e-10
1.936 8.96401e-10
1.968 8.29421e-10
2 7.67097e-10
2.032 7.1002e-10
2.064 6.57527e-10
2.096 6.08929e-10
2.128 5.64912e-10
2.16 5.23357e-10
2.192 4.85026e-10
2.224 4.49851e-10
2.256 4.17407e-10
2.288 3.87883e-10
2.32 3.6024e-10
2.352 3.34861e-10
2.384 3.11491e-10
2.416 2.89836e-10
2.448 2.69042e-10
2.48 2.50327e-10
2.512 2.33273e-10
2.544 2.17164e-10
2.576 2.0235e-10
2.608 1.88431e-10
2.64 1.75953e-10
2.672 1.63767e-10
2.704 1.54301e-10
2.736 1.44061e-10
2.768 1.34438e-10
2.8 1.25589e-10
2.832 1.17282e-10
2.864 1.09511e-10
2.896 1.02283e-10
2.928 9.56617e-11
2.96 8.93707e-11
2.992 8.35849e-11
3.024 7.82192e-11
3.056 7.31606e-11
3.088 6.84605e-11
3.12 6.41352e-11
3.152 6.00354e-11
3.184 5.62535e-11
3.216 5.26965e-11
3.248 4.9377e-11
3.28 4.62593e-11
3.312 4.33352e-11
3.344 4.07076e-11
3.376 3.81542e-11
3.408 3.57813e-11
3.44 3.35785e-11
3.472 3.15168e-11
3.504 2.95725e-11
3.536 2.77781e-11
3.568 2.60799e-11
3.6 2.44908e-11
3.632 2.30188e-11
3.664 2.16253e-11
3.696 2.03051e-11
3.728 1.89345e-11
3.76 1.77975e-11
3.792 1.67436e-11
3.824 1.57375e-11
3.856 1.48204e-11
3.888 1.39503e-11
3.92 1.31087e-11
3.952 1.23383e-11
3.984 1.16149e-11
4.016 1.094e-11
4.048 1.03038e-11
4.08 9.71252e-12
4.112 9.13442e-12
4.144 8.60064e-12
4.176 8.10615e-12
4.208 7.63062e-12
4.24 7.20219e-12
4.272 6.78464e-12
4.304 6.38382e-12
4.336 6.0284e-12
4.368 5.68497e-12
4.4 5.35684e-12
4.432 5.04962e-12
4.464 4.76123e-12
4.496 4.5101e-12
4.528 4.24928e-12
4.56 4.01756e-12
4.592 3.78816e-12
4.624 3.57431e-12
4.656 3.37149e-12
4.688 3.18379e-12
4.72 3.00515e-12
4.752 3.01945e-12
4.784 2.8528e-12
4.816 2.69116e-12
4.848 2.54201e-12
4.88 2.39852e-12
4.912 2.2659e-12
4.944 2.14442e-12
4.976 2.02186e-12
5.008 1.86662e-12
5.04 1.76442e-12
5.072 1.66849e-12
5.104 1.57656e-12
5.136 1.49185e-12
5.168 1.40969e-12
5.2 1.33167e-12
5.232 1.26098e-12
5.264 1.19128e-12
5.296 1.1265e-12
5.328 1.06502e-12
5.36 1.0058e-12
5.392 9.51704e-13
5.424 9.00085e-13
5.456 8.52935e-13
5.488 8.0716e-13
5.52 7.6302e-13
5.552 7.21978e-13
5.584 6.8274e-13
5.616 6.47054e-13
5.648 6.12228e-13
5.68 5.79159e-13
5.712 5.48448e-13
5.744 5.19248e-13
5.776 4.91499e-13
5.808 4.6487e-13
5.84 4.40742e-13
5.872 4.16907e-13
5.904 3.95043e-13
5.936 3.73885e-13
5.968 3.53945e-13
6 3.34991e-13
6.032 3.17924e-13
6.064 3.00561e-13
6.096 2.84965e-13
6.128 2.7061e-13
6.16 2.55737e-13
6.192 2.42266e-13
6.224 2.29498e-13
6.256 2.17178e-13
6.288 2.06028e-13
6.32 1.95071e-13
6.352 1.84973e-13
6.384 1.75162e-13
6.416 1.66023e-13
6.448 1.57465e-13
6.48 1.4943e-13
6.512 1.41454e-13
6.544 1.34215e-13
6.576 1.27249e-13
6.608 1.2074e-13
6.64 1.14142e-13
6.672 1.08222e-13
6.704 1.02611e-13
6.736 9.71525e-14
6.768 9.2163e-14
6.8 8.75822e-14
6.832 8.32661e-14
6.864 7.89127e-14
6.896 7.47561e-14
6.928 7.08668e-14
6.96 6.73655e-14
6.992 6.36336e-14
7.024 6.04165e-14
7.056 5.73565e-14
7.088 5.43826e-14
7.12 5.14836e-14
7.152 4.88268e-14
7.184 4.63035e-14
7.216 4.39971e-14
7.248 4.17044e-14
7.28 3.95735e-14
7.312 3.75411e-14
7.344 3.56615e-14
7.376 3.38065e-14
7.408 3.2024e-14
7.44 3.03654e-14
7.472 2.88537e-14
7.504 2.73655e-14
7.536 2.59771e-14
7.568 2.46115e-14
7.6 2.33364e-14
7.632 2.22031e-14
7.664 2.10316e-14
7.696 1.99205e-14
7.728 1.89261e-14
7.76 1.79623e-14
7.792 1.70504e-14
7.824 1.61567e-14
7.856 1.53725e-14
7.888 1.45694e-14
7.92 1.38248e-14
7.952 1.31271e-14
7.984 1.24236e-14
8.016 1.18142e-14
8.048 1.11875e-14
8.08 1.06578e-14
8.112 1.00867e-14
8.144 9.58176e-15
8.176 9.09712e-15
8.208 8.6326e-15
8.24 8.19291e-15
8.272 7.78518e-15
8.304 7.38502e-15
8.336 7.01938e-15
8.368 6.64663e-15
8.4 6.30939e-15
8.432 5.99414e-15
8.464 5.68523e-15
8.496 5.40007e-15
8.528 5.13608e-15
8.56 4.85746e-15
8.592 4.62002e-15
8.624 4.38604e-15
8.656 4.16448e-15
8.688 3.94913e-15
8.72 3.74727e-15
8.752 3.56032e-15
8.784 3.38153e-15
8.816 3.20624e-15
8.848 3.05128e-15
8.88 2.90354e-15
8.912 2.75602e-15
8.944 2.61434e-15
8.976 2.48365e-15
9.008 2.35874e-15
9.04 2.23335e-15
9.072 2.11687e-15
9.104 2.01821e-15
9.136 1.91183e-15
9.168 1.81714e-15
9.2 1.72679e-15
9.232 1.63551e-15
9.264 1.5535e-15
9.296 1.47387e-15
9.328 1.40072e-15
9.36 1.32637e-15
9.392 1.26199e-15
9.424 1.20076e-15
9.456 1.13967e-15
9.488 1.08071e-15
9.52 1.02693e-15
9.552 9.7567e-16
9.584 9.25674e-16
9.616 8.79507e-16
9.648 8.35687e-16
9.68 7.92671e-16
9.712 7.53357e-16
9.744 7.13966e-16
9.776 6.80695e-16
9.808 6.47086e-16
9.84 6.12163e-16
9.872 5.81374e-16
9.904 5.51047e-16
9.936 5.22993e-16
9.968 4.96888e-16
10 4.72458e-16
10.032 4.49096e-16
10.064 4.26961e-16
10.096 4.04919e-16
10.128 3.84788e-16
10.16 3.64467e-16
10.192 3.47339e-16
10.224 3.28838e-16
10.256 3.12394e-16
10.288 2.974e-16
10.32 2.81576e-16
10.352 2.6762e-16
10.384 2.54211e-16
10.416 2.40849e-16
10.448 2.30001e-16
10.48 2.17689e-16
10.512 2.06255e-16
10.544 1.96717e-16
10.576 1.85985e-16
10.608 1.77231e-16
10.64 1.68272e-16
10.672 1.59668e-16
10.704 1.51661e-16
10.736 1.43899e-16
10.768 1.36808e-16
10.8 1.2993e-16
10.832 1.23428e-16
10.864 1.17264e-16
10.896 1.11434e-16
10.928 1.05724e-16
10.96 1.00711e-16
10.992 9.54534e-17
11.024 9.10269e-17
11.056 8.62411e-17
11.088 8.18396e-17
11.12 7.76786e-17
11.152 7.39018e-17
11.184 7.01428e-17
11.216 6.6596e-17
11.248 6.33133e-17
11.28 6.00987e-17
11.312 5.7095e-17
11.344 5.4217e-17
11.376 5.1339e-17
11.408 4.88905e-17
11.44 4.63703e-17
11.472 4.40935e-17
11.504 4.18663e-17
11.536 3.97027e-17
11.568 3.78779e-17
11.6 3.59329e-17
11.632 3.40422e-17
11.664 3.24276e-17
11.696 3.08365e-17
11.728 2.9173e-17
11.76 2.77512e-17
11.792 2.63713e-17
11.824 2.50002e-17
11.856 2.3797e-17
11.888 2.26216e-17
11.92 2.14261e-17
11.952 2.03576e-17
11.984 1.93951e-17
12.016 1.83476e-17
12.048 1.74999e-17
12.08 1.65999e-17
12.112 1.57355e-17
12.144 1.49688e-17
12.176 1.42127e-17
12.208 1.35013e-17
12.24 1.28154e-17
12.272 1.22117e-17
12.304 1.15738e-17
12.336 1.10186e-17
12.368 1.0398e-17
12.4 9.9029e-18
12.432 9.4327e-18
12.464 8.96328e-18
12.496 8.51876e-18
12.528 8.06811e-18
12.56 7.65394e-18
12.592 7.28084e-18
12.624 6.90509e-18
12.656 6.57305e-18
12.688 6.24362e-18
12.72 5.91749e-18
12.752 5.62948e-18
12.784 5.36257e-18
12.816 5.0935e-18
12.848 4.82835e-18
12.88 4.58021e-18
12.912 4.34383e-18
12.944 4.15775e-18
12.976 3.93226e-18
13.008 3.74565e-18
13.04 3.54211e-18
13.072 3.3779e-18
13.104 3.202e-18
13.136 3.03887e-18
13.168 2.89398e-18
13.2 2.75687e-18
13.232 2.61813e-18
13.264 2.48493e-18
13.296 2.3746e-18
13.328 2.24768e-18
13.36 2.13528e-18
13.392 2.03378e-18
13.424 1.92544e-18
13.456 1.82152e-18
13.488 1.74149e-18
13.52 1.6542e-18
13.552 1.57333e-18
13.584 1.4921e-18
13.616 1.41389e-18
13.648 1.3417e-18
13.68 1.27858e-18
13.712 1.21363e-18
13.744 1.15238e-18
13.776 1.09538e-18
13.808 1.0407e-18
13.84 9.89021e-19
13.872 9.39724e-19
13.904 8.90801e-19
13.936 8.46191e-19
13.968 8.05718e-19
14 7.64162e-19
14.032 7.27745e-19
14.064 6.88272e-19
14.096 6.55052e-19
14.128 6.22847e-19
14.16 5.90719e-19
14.192 5.63922e-19
14.224 5.34833e-19
14.256 5.07337e-19
14.288 4.80844e-19
14.32 4.57179e-19
14.352 4.34686e-19
14.384 4.13006e-19
14.416 3.92599e-19
14.448 3.72183e-19
14.48 3.53513e-19
14.512 3.36533e-19
14.544 3.20021e-19
14.576 3.03645e-19
14.608 2.87654e-19
14.64 2.7363e-19
14.672 2.59734e-19
14.704 2.46787e-19
14.736 2.34856e-19
14.768 2.22714e-19
14.8 2.11391e-19
14.832 2.02293e-19
14.864 1.90711e-19
14.896 1.82092e-19
14.928 1.72445e-19
14.96 1.64368e-19
14.992 1.55932e-19
15.024 1.48168e-19
15.056 1.41036e-19
15.088 1.33268e-19
15.12 1.27051e-19
15.152 1.20553e-19
15.184 1.14903e-19
15.216 1.08805e-19
15.248 1.03271e-19
15.28 9.86274e-20
15.312 9.34334e-20
15.344 8.84975e-20
15.376 8.41924e-20
15.408 7.97955e-20
15.44 7.61119e-20
15.472 7.19788e-20
15.504 6.84875e-20
15.536 6.54196e-20
15.568 6.20784e-20
15.6 5.88878e-20
15.632 5.60545e-20
15.664 5.32139e-20
15.696 5.03732e-20
15.728 4.80035e-20
15.76 4.56295e-20
15.792 4.32993e-20
15.824 4.11389e-20
15.856 3.88797e-20
15.888 3.70667e-20
15.92 3.53876e-20
15.952 3.34728e-20
15.984 3.16797e-20
16.016 3.04194e-20
16.048 2.87846e-20
16.08 2.74349e-20
16.112 2.59437e-20
16.144 2.46126e-20
16.176 2.33587e-20
16.208 2.21896e-20
16.24 2.12512e-20
16.272 2.01265e-20
16.304 1.90515e-20
16.336 1.81363e-20
16.368 1.72419e-20
16.4 1.6383e-20
16.432 1.55269e-20
16.464 1.47995e-20
16.496 1.41254e-20
16.528 1.34024e-20
16.56 1.27104e-20
16.592 1.20912e-20
16.624 1.1451e-20
16.656 1.09035e-20
16.688 1.02902e-20
16.72 9.84232e-21
16.752 9.29355e-21
16.784 8.88719e-21
16.816 8.42432e-21
16.848 8.01676e-21
16.88 7.63485e-21
16.912 7.20431e-21
16.944 6.87611e-21
16.976 6.53438e-21
17.008 6.22656e-21
17.04 5.86576e-21
17.072 5.6094e-21
17.104 5.32234e-21
17.136 5.06572e-21
17.168 4.8103e-21
17.2 4.56367e-21
17.232 4.34681e-21
17.264 4.12652e-21
17.296 3.9131e-21
17.328 3.72317e-21
17.36 3.5287e-21
17.392 3.36484e-21
17.424 3.19771e-21
17.456 3.028e-21
17.488 2.88976e-21
17.52 2.73612e-21
17.552 2.60657e-21
17.584 2.46834e-21
17.616 2.35799e-21
17.648 2.23661e-21
17.68 2.12809e-21
17.712 2.01119e-21
17.744 1.91817e-21
17.776 1.82117e-21
17.808 1.72825e-21
17.84 1.64383e-21
17.872 1.5589e-21
17.904 1.48864e-21
17.936 1.41518e-21
17.968 1.34488e-21
18 1.27841e-21
18.032 1.20655e-21
18.064 1.15172e-21
18.096 1.09604e-21
18.128 1.03962e-21
18.16 9.87111e-22
18.192 9.42646e-22
18.224 8.9177e-22
18.256 8.4587e-22
18.288 8.06959e-22
18.32 7.60804e-22
18.352 7.26262e-22
18.384 6.93713e-22
18.416 6.56677e-22
18.448 6.2445e-22
18.48 5.9372e-22
18.512 5.64766e-22
18.544 5.36942e-22
18.576 5.09182e-22
18.608 4.82118e-22
18.64 4.58585e-22
18.672 4.36586e-22
18.704 4.15039e-22
18.736 3.94103e-22
18.768 3.74194e-22
18.8 3.5518e-22
18.832 3.38747e-22
18.864 3.19767e-22
18.896 3.06257e-22
18.928 2.89659e-22
18.96 2.75825e-22
18.992 2.6207e-22
19.024 2.48942e-22
19.056 2.36876e-22
19.088 2.25458e-22
19.12 2.11899e-22
19.152 2.02963e-22
19.184 1.92607e-22
19.216 1.8314e-22
19.248 1.73338e-22
19.28 1.64615e-22
19.312 1.57577e-22
19.344 1.49458e-22
19.376 1.42159e-22
19.408 1.34465e-22
19.44 1.28399e-22
19.472 1.21184e-22
19.504 1.15014e-22
19.536 1.09769e-22
19.568 1.04494e-22
19.6 9.93356e-23
19.632 9.44237e-23
19.664 8.99834e-23
19.696 8.50926e-23
19.728 8.128e-23
19.76 7.71515e-23
19.792 7.26505e-23
19.824 6.93663e-23
19.856 6.591e-23
19.888 6.27201e-23
19.92 5.95057e-23
19.952 5.64154e-23
19.984 5.35593e-23
20.016 5.11376e-23
20.048 4.84054e-23
20.08 4.58958e-23
20.112 4.38047e-23
20.144 4.14013e-23
20.176 3.95126e-23
20.208 3.7418e-23
20.24 3.56987e-23
20.272 3.39867e-23
20.304 3.22164e-23
20.336 3.03227e-23
20.368 2.90093e-23
20.4 2.76462e-23
20.432 2.61899e-23
20.464 2.49881e-23
20.496 2.36012e-23
20.528 2.24111e-23
20.56 2.13414e-23
20.592 2.02289e-23
20.624 1.92949e-23
20.656 1.83013e-23
20.688 1.73923e-23
20.72 1.65009e-23
20.752 1.56696e-23
20.784 1.48873e-23
20.816 1.41768e-23
20.848 1.34024e-23
20.88 1.27544e-23
20.912 1.20981e-23
20.944 1.15031e-23
20.976 1.09711e-23
21.008 1.03877e-23
21.04 9.83454e-24
21.072 9.29766e-24
21.104 8.87322e-24
21.136 8.39468e-24
21.168 8.02811e-24
21.2 7.60616e-24
21.232 7.20014e-24
21.264 6.84366e-24
21.296 6.52379e-24
21.328 6.17297e-24
21.36 5.88442e-24
21.392 5.51135e-24
21.424 5.23707e-24
21.456 4.97157e-24
21.488 4.72277e-24
21.52 4.48346e-24
21.552 4.25212e-24
21.584 4.03403e-24
21.616 3.84849e-24
21.648 3.62246e-24
21.68 3.45471e-24
21.712 3.28097e-24
21.744 3.1026e-24
21.776 2.95045e-24
21.808 2.80601e-24
21.84 2.67638e-24
21.872 2.53604e-24
21.904 2.40102e-24
21.936 2.26254e-24
21.968 2.157e-24
22 2.05814e-24
22.032 1.93865e-24
22.064 1.84081e-24
22.096 1.74568e-24
22.128 1.65106e-24
22.16 1.57043e-24
22.192 1.49009e-24
22.224 1.40423e-24
22.256 1.33852e-24
22.288 1.26164e-24
22.32 1.19946e-24
22.352 1.13848e-24
22.384 1.07801e-24
22.416 1.02244e-24
22.448 9.71311e-25
22.48 9.16604e-25
22.512 8.70338e-25
22.544 8.19675e-25
22.576 7.7817e-25
22.608 7.39353e-25
22.64 6.97258e-25
22.672 6.56812e-25
22.704 6.24151e-25
22.736 5.91625e-25
22.768 5.55606e-25
22.8 5.25879e-25
22.832 5.0085e-25
22.864 4.7385e-25
22.896 4.47183e-25
22.928 4.23192e-25
22.96 3.9707e-25
22.992 3.7639e-25
23.024 3.53211e-25
23.056 3.35143e-25
23.088 3.16705e-25
23.12 2.97562e-25
23.152 2.81768e-25
23.184 2.68101e-25
23.216 2.50039e-25
23.248 2.35685e-25
23.28 2.21468e-25
23.312 2.09482e-25
23.344 1.9668e-25
23.376 1.85743e-25
23.408 1.74066e-25
23.44 1.63057e-25
23.472 1.52918e-25
23.504 1.44087e-25
23.536 1.34183e-25
23.568 1.25622e-25
23.6 1.17533e-25
23.632 1.1031e-25
23.664 1.02172e-25
23.696 9.5882e-26
23.728 8.92199e-26
23.76 8.34589e-26
23.792 7.72508e-26
23.824 7.14478e-26
23.856 6.63383e-26
23.888 6.18697e-26
23.92 5.68855e-26
23.952 5.28332e-26
23.984 4.86916e-26
24.016 4.47165e-26
24.048 4.10378e-26
24.08 3.74999e-26
24.112 3.37717e-26
24.144 3.0744e-26
24.176 2.79768e-26
24.208 2.52096e-26
24.24 2.22329e-26
24.272 1.99127e-26
24.304 1.73038e-26
24.336 1.52604e-26
24.368 1.31126e-26
24.4 1.05785e-26
24.432 9.09921e-27
24.464 7.30422e-27
24.496 5.67782e-27
24.528 4.21681e-27
24.56 2.71039e-27
24.592 1.32645e-27
24.624 1.36121e-28
24.656 -9.48112e-28
24.688 -2.23566e-27
24.72 -3.3315e-27
24.752 -4.37474e-27
24.784 -5.42014e-27
24.816 -6.1726e-27
24.848 -7.07776e-27
24.88 -7.73563e-27
24.912 -8.57094e-27
24.944 -9.17469e-27
24.976 -9.84234e-27
25.008 -1.03409e-26
25.04 -1.09675e-26
25.072 -1.15377e-26
25.104 -1.18113e-26
25.136 -1.23936e-26
25.168 -1.26747e-26
25.2 -1.31848e-26
25.232 -1.34536e-26
25.264 -1.37208e-26
25.296 -1.39776e-26
25.328 -1.42472e-26
25.36 -1.44702e-26
25.392 -1.47423e-26
25.424 -1.48578e-26
25.456 -1.5161e-26
25.488 -1.54039e-26
25.52 -1.54514e-26
25.552 -1.54427e-26
25.584 -1.55952e-26
25.616 -1.56284e-26
25.648 -1.58158e-26
25.68 -1.5793e-26
25.712 -1.59049e-26
25.744 -1.60136e-26
25.776 -1.60257e-26
25.808 -1.59763e-26
25.84 -1.59991e-26
25.872 -1.59756e-26
25.904 -1.60326e-26
25.936 -1.59931e-26
25.968 -1.60266e-26
26 -1.59341e-26
26.032 -1.59102e-26
26.064 -1.57963e-26
26.096 -1.57456e-26
26.128 -1.56116e-26
26.16 -1.56837e-26
26.192 -1.55091e-26
26.224 -1.54213e-26
26.256 -1.54886e-26
26.288 -1.53149e-26
26.32 -1.53855e-26
26.352 -1.52173e-26
26.384 -1.52373e-26
26.416 -1.52247e-26
26.448 -1.50639e-26
26.48 -1.48044e-26
26.512 -1.4783e-26
26.544 -1.4764e-26
26.576 -1.4677e-26
26.608 -1.44913e-26
26.64 -1.4427e-26
26.672 -1.43058e-26
26.704 -1.43489e-26
26.736 -1.40246e-26
26.768 -1.39718e-26
26.8 -1.38863e-26
26.832 -1.37637e-26
26.864 -1.36442e-26
26.896 -1.34246e-26
26.928 -1.33356e-26
26.96 -1.31887e-26
26.992 -1.32828e-26
27.024 -1.2919e-26
27.056 -1.28888e-26
27.088 -1.27653e-26
27.12 -1.26561e-26
27.152 -1.26203e-26
27.184 -1.24856e-26
27.216 -1.24354e-26
27.248 -1.22232e-26
27.28 -1.21104e-26
27.312 -1.19362e-26
27.344 -1.18469e-26
27.376 -1.17823e-26
27.408 -1.15948e-26
27.44 -1.14898e-26
27.472 -1.14622e-26
27.504 -1.11768e-26
27.536 -1.10699e-26
27.568 -1.08756e-26
27.6 -1.07012e-26
27.632 -1.05712e-26
27.664 -1.0461e-26
27.696 -1.02822e-26
27.728 -1.01704e-26
27.76 -1.00226e-26
27.792 -9.90603e-27
27.824 -9.7134e-27
27.856 -9.7118e-27
27.888 -9.59393e-27
27.92 -9.45981e-27
27.952 -9.20825e-27
27.984 -9.19262e-27
28.016 -9.01747e-27
28.048 -8.98604e-27
28.08 -8.80072e-27
28.112 -8.51785e-27
28.144 -8.51208e-27
28.176 -8.20392e-27
28.208 -8.18136e-27
28.24 -8.06596e-27
28.272 -7.86903e-27
28.304 -7.77694e-27
28.336 -7.42719e-27
28.368 -7.36595e-27
28.4 -7.25102e-27
28.432 -7.08382e-27
28.464 -6.97261e-27
28.496 -6.70058e-27
28.528 -6.53233e-27
28.56 -6.42137e-27
28.592 -6.32557e-27
28.624 -6.24535e-27
28.656 -6.09042e-27
28.688 -5.91646e-27
28.72 -5.74011e-27
28.752 -5.55301e-27
28.784 -5.39309e-27
28.816 -5.36311e-27
28.848 -5.36021e-27
28.88 -4.98533e-27
28.912 -4.96804e-27
28.944 -4.67097e-27
28.976 -4.55713e-27
29.008 -4.36099e-27
29.04 -4.28953e-27
29.072 -4.04283e-27
29.104 -3.85686e-27
29.136 -3.70655e-27
29.168 -3.62197e-27
29.2 -3.41704e-27
29.232 -3.33875e-27
29.264 -3.06521e-27
29.296 -2.97819e-27
29.328 -2.87712e-27
29.36 -2.70982e-27
29.392 -2.46274e-27
29.424 -2.48525e-27
29.456 -2.32472e-27
29.488 -2.17122e-27
29.52 -2.04035e-27
29.552 -1.92072e-27
29.584 -1.63198e-27
29.616 -1.58306e-27
29.648 -1.47455e-27
29.68 -1.40768e-27
29.712 -1.25764e-27
29.744 -1.04301e-27
29.776 -9.33415e-28
29.808 -8.48713e-28
29.84 -7.16572e-28
29.872 -6.67061e-28
29.904 -4.48438e-28
29.936 -3.73761e-28
29.968 -2.6652e-28
30 -1.70825e-28
30.032 -7.25778e-29
30.064 2.92118e-29
30.096 2.126e-28
30.128 2.1223e-28
30.16 3.66858e-28
30.192 4.42699e-28
30.224 5.37089e-28
30.256 6.25057e-28
30.288 7.69234e-28
30.32 8.22788e-28
30.352 8.33243e-28
30.384 8.92063e-28
30.416 9.61008e-28
30.448 1.01934e-27
30.48 1.07539e-27
30.512 1.14645e-27
30.544 1.17031e-27
30.576 1.25277e-27
30.608 1.25159e-27
30.64 1.25501e-27
30.672 1.32885e-27
30.704 1.32323e-27
30.736 1.38492e-27
30.768 1.39642e-27
30.8 1.35899e-27
30.832 1.42438e-27
30.864 1.41439e-27
30.896 1.40878e-27
30.928 1.39216e-27
30.96 1.45311e-27
30.992 1.40341e-27
31.024 1.4046e-27
31.056 1.3226e-27
31.088 1.30815e-27
31.12 1.32125e-27
31.152 1.25645e-27
31.184 1.28573e-27
31.216 1.18901e-27
31.248 1.13161e-27
31.28 1.11964e-27
31.312 1.04467e-27
31.344 1.01178e-27
31.376 9.67173e-28
31.408 9.4494e-28
31.44 8.6133e-28
31.472 7.77215e-28
31.504 6.99479e-28
31.536 6.47183e-28
31.568 5.95006e-28
31.6 5.3439e-28
31.632 4.69078e-28
31.664 4.26347e-28
31.696 3.45402e-28
31.728 2.89197e-28
31.76 2.36732e-28
31.792 1.89978e-28
31.824 1.20463e-28
31.856 8.81747e-29
31.888 5.60086e-29
31.92 2.82017e-29
31.952 1.52108e-29
31.984 2.04407e-30
