#1:M 2:dN/MdM dy_q d2xT
0.016 4.73794e-09
0.048 3.86001e-09
0.08 3.00037e-09
0.112 2.36192e-09
0.144 1.90374e-09
0.176 1.55928e-09
0.208 1.29802e-09
0.24 1.09384e-09
0.272 9.32559e-10
0.304 8.01408e-10
0.336 6.94516e-10
0.368 6.05308e-10
0.4 5.26009e-10
0.432 4.63119e-10
0.464 4.09111e-10
0.496 3.63344e-10
0.528 3.23393e-10
0.56 2.89e-10
0.592 2.58951e-10
0.624 2.32473e-10
0.656 2.08727e-10
0.688 1.88385e-10
0.72 1.70238e-10
0.752 1.53996e-10
0.784 1.39616e-10
0.816 1.26842e-10
0.848 1.15491e-10
0.88 1.05216e-10
0.912 9.54946e-11
0.944 8.7342e-11
0.976 7.9779e-11
1.008 7.29678e-11
1.04 6.69401e-11
1.072 6.1413e-11
1.104 5.63417e-11
1.136 5.18188e-11
1.168 4.75337e-11
1.2 4.37243e-11
1.232 4.03002e-11
1.264 3.71667e-11
1.296 3.42656e-11
1.328 3.16774e-11
1.36 2.92424e-11
1.392 2.7065e-11
1.424 2.49846e-11
1.456 2.31438e-11
1.488 2.14508e-11
1.52 1.98746e-11
1.552 1.84392e-11
1.584 1.70652e-11
1.616 1.58855e-11
1.648 1.4764e-11
1.68 1.35855e-11
1.712 1.26326e-11
1.744 1.17639e-11
1.776 1.09423e-11
1.808 1.01881e-11
1.84 9.4865e-12
1.872 8.85281e-12
1.904 8.25392e-12
1.936 7.69045e-12
1.968 7.18075e-12
2 6.70389e-12
2.032 6.2589e-12
2.064 5.83691e-12
2.096 5.45797e-12
2.128 5.10688e-12
2.16 4.77462e-12
2.192 4.47095e-12
2.224 4.17063e-12
2.256 3.91173e-12
2.288 3.66246e-12
2.32 3.42636e-12
2.352 3.21117e-12
2.384 3.00541e-12
2.416 2.82325e-12
2.448 2.63896e-12
2.48 2.47911e-12
2.512 2.32529e-12
2.544 2.18209e-12
2.576 2.05006e-12
2.608 1.92491e-12
2.64 1.80566e-12
2.672 1.69312e-12
2.704 1.60457e-12
2.736 1.51071e-12
2.768 1.4185e-12
2.8 1.33124e-12
2.832 1.25426e-12
2.864 1.17936e-12
2.896 1.10831e-12
2.928 1.0432e-12
2.96 9.80936e-13
2.992 9.23032e-13
3.024 8.68574e-13
3.056 8.17771e-13
3.088 7.7049e-13
3.12 7.25233e-13
3.152 6.8193e-13
3.184 6.4303e-13
3.216 6.0613e-13
3.248 5.70517e-13
3.28 5.36912e-13
3.312 5.06056e-13
3.344 4.78056e-13
3.376 4.49863e-13
3.408 4.24216e-13
3.44 3.99948e-13
3.472 3.76834e-13
3.504 3.55147e-13
3.536 3.35581e-13
3.568 3.16318e-13
3.6 2.97979e-13
3.632 2.814e-13
3.664 2.65886e-13
3.696 2.50686e-13
3.728 2.34123e-13
3.76 2.21099e-13
3.792 2.08783e-13
3.824 1.96816e-13
3.856 1.85751e-13
3.888 1.75842e-13
3.92 1.66229e-13
3.952 1.56702e-13
3.984 1.48156e-13
4.016 1.39863e-13
4.048 1.32176e-13
4.08 1.24807e-13
4.112 1.18012e-13
4.144 1.11311e-13
4.176 1.05259e-13
4.208 9.93093e-14
4.24 9.39972e-14
4.272 8.87579e-14
4.304 8.39839e-14
4.336 7.90979e-14
4.368 7.48686e-14
4.4 7.06627e-14
4.432 6.67399e-14
4.464 6.29953e-14
4.496 5.98317e-14
4.528 5.64452e-14
4.56 5.34696e-14
4.592 5.05833e-14
4.624 4.77803e-14
4.656 4.51312e-14
4.688 4.26148e-14
4.72 4.02978e-14
4.752 4.05779e-14
4.784 3.83974e-14
4.816 3.62885e-14
4.848 3.42e-14
4.88 3.24667e-14
4.912 3.05918e-14
4.944 2.90186e-14
4.976 2.74461e-14
5.008 2.52998e-14
5.04 2.39008e-14
5.072 2.26145e-14
5.104 2.14451e-14
5.136 2.0245e-14
5.168 1.91751e-14
5.2 1.81178e-14
5.232 1.71046e-14
5.264 1.61375e-14
5.296 1.53191e-14
5.328 1.44978e-14
5.36 1.36809e-14
5.392 1.29502e-14
5.424 1.22279e-14
5.456 1.15597e-14
5.488 1.09401e-14
5.52 1.03449e-14
5.552 9.8153e-15
5.584 9.2775e-15
5.616 8.7642e-15
5.648 8.29017e-15
5.68 7.84483e-15
5.712 7.40339e-15
5.744 7.00754e-15
5.776 6.65005e-15
5.808 6.27583e-15
5.84 5.92405e-15
5.872 5.62932e-15
5.904 5.29918e-15
5.936 5.0154e-15
5.968 4.73854e-15
6 4.48787e-15
6.032 4.24611e-15
6.064 4.01024e-15
6.096 3.79165e-15
6.128 3.57957e-15
6.16 3.39609e-15
6.192 3.21065e-15
6.224 3.03685e-15
6.256 2.87523e-15
6.288 2.71412e-15
6.32 2.56432e-15
6.352 2.42848e-15
6.384 2.29597e-15
6.416 2.16838e-15
6.448 2.04574e-15
6.48 1.93818e-15
6.512 1.83103e-15
6.544 1.73676e-15
6.576 1.64198e-15
6.608 1.55607e-15
6.64 1.46975e-15
6.672 1.38933e-15
6.704 1.31319e-15
6.736 1.24337e-15
6.768 1.17429e-15
6.8 1.10973e-15
6.832 1.04888e-15
6.864 9.95134e-16
6.896 9.39171e-16
6.928 8.89529e-16
6.96 8.38446e-16
6.992 7.92195e-16
7.024 7.46843e-16
7.056 7.07384e-16
7.088 6.71658e-16
7.12 6.35008e-16
7.152 6.00245e-16
7.184 5.67375e-16
7.216 5.35373e-16
7.248 5.06293e-16
7.28 4.78591e-16
7.312 4.53927e-16
7.344 4.26822e-16
7.376 4.04099e-16
7.408 3.81603e-16
7.44 3.59713e-16
7.472 3.41454e-16
7.504 3.22597e-16
7.536 3.0423e-16
7.568 2.87878e-16
7.6 2.71599e-16
7.632 2.57573e-16
7.664 2.43295e-16
7.696 2.29751e-16
7.728 2.17626e-16
7.76 2.05126e-16
7.792 1.94142e-16
7.824 1.83512e-16
7.856 1.72915e-16
7.888 1.63814e-16
7.92 1.54547e-16
7.952 1.463e-16
7.984 1.38234e-16
8.016 1.3056e-16
8.048 1.23437e-16
8.08 1.16621e-16
8.112 1.10181e-16
8.144 1.03708e-16
8.176 9.82894e-17
8.208 9.2691e-17
8.24 8.79616e-17
8.272 8.25958e-17
8.304 7.80155e-17
8.336 7.36774e-17
8.368 6.9727e-17
8.4 6.60219e-17
8.432 6.23308e-17
8.464 5.87021e-17
8.496 5.56502e-17
8.528 5.2382e-17
8.56 4.97648e-17
8.592 4.69207e-17
8.624 4.41601e-17
8.656 4.19508e-17
8.688 3.95594e-17
8.72 3.72287e-17
8.752 3.5216e-17
8.784 3.33519e-17
8.816 3.14107e-17
8.848 2.97745e-17
8.88 2.82873e-17
8.912 2.65498e-17
8.944 2.51107e-17
8.976 2.37037e-17
9.008 2.24278e-17
9.04 2.11245e-17
9.072 1.99094e-17
9.104 1.88735e-17
9.136 1.78286e-17
9.168 1.68198e-17
9.2 1.59434e-17
9.232 1.49962e-17
9.264 1.42101e-17
9.296 1.33369e-17
9.328 1.2689e-17
9.36 1.18736e-17
9.392 1.12555e-17
9.424 1.06495e-17
9.456 1.00711e-17
9.488 9.49321e-18
9.52 8.95553e-18
9.552 8.41901e-18
9.584 7.96622e-18
9.616 7.50449e-18
9.648 7.11728e-18
9.68 6.7229e-18
9.712 6.33417e-18
9.744 6.0214e-18
9.776 5.68087e-18
9.808 5.33882e-18
9.84 5.03806e-18
9.872 4.74938e-18
9.904 4.49247e-18
9.936 4.24583e-18
9.968 3.98406e-18
10 3.78696e-18
10.032 3.5769e-18
10.064 3.37524e-18
10.096 3.16386e-18
10.128 2.99951e-18
10.16 2.8274e-18
10.192 2.68167e-18
10.224 2.53588e-18
10.256 2.38318e-18
10.288 2.24904e-18
10.32 2.12763e-18
10.352 2.00741e-18
10.384 1.88659e-18
10.416 1.79206e-18
10.448 1.68139e-18
10.48 1.59021e-18
10.512 1.49817e-18
10.544 1.41573e-18
10.576 1.33838e-18
10.608 1.26603e-18
10.64 1.19441e-18
10.672 1.1276e-18
10.704 1.06066e-18
10.736 1.00515e-18
10.768 9.49764e-19
10.8 8.94752e-19
10.832 8.43372e-19
10.864 7.95178e-19
10.896 7.54478e-19
10.928 7.10057e-19
10.96 6.70881e-19
10.992 6.32371e-19
11.024 5.97263e-19
11.056 5.633e-19
11.088 5.30678e-19
11.12 5.03279e-19
11.152 4.7611e-19
11.184 4.47325e-19
11.216 4.20083e-19
11.248 4.01455e-19
11.28 3.77154e-19
11.312 3.54187e-19
11.344 3.34143e-19
11.376 3.16581e-19
11.408 2.97924e-19
11.44 2.80995e-19
11.472 2.66566e-19
11.504 2.50591e-19
11.536 2.36024e-19
11.568 2.22399e-19
11.6 2.10591e-19
11.632 1.99625e-19
11.664 1.87156e-19
11.696 1.7689e-19
11.728 1.66861e-19
11.76 1.57551e-19
11.792 1.4878e-19
11.824 1.40822e-19
11.856 1.32748e-19
11.888 1.24943e-19
11.92 1.1856e-19
11.952 1.11348e-19
11.984 1.04816e-19
12.016 9.90045e-20
12.048 9.35474e-20
12.08 8.8294e-20
12.112 8.35872e-20
12.144 7.87398e-20
12.176 7.3979e-20
12.208 7.00502e-20
12.24 6.59684e-20
12.272 6.23175e-20
12.304 5.86148e-20
12.336 5.5684e-20
12.368 5.23024e-20
12.4 4.91981e-20
12.432 4.67495e-20
12.464 4.40702e-20
12.496 4.1628e-20
12.528 3.91258e-20
12.56 3.69626e-20
12.592 3.48239e-20
12.624 3.29198e-20
12.656 3.10674e-20
12.688 2.94362e-20
12.72 2.7653e-20
12.752 2.6198e-20
12.784 2.47178e-20
12.816 2.32926e-20
12.848 2.18636e-20
12.88 2.06695e-20
12.912 1.96525e-20
12.944 1.84267e-20
12.976 1.73721e-20
13.008 1.63586e-20
13.04 1.55429e-20
13.072 1.46931e-20
13.104 1.37814e-20
13.136 1.30807e-20
13.168 1.22693e-20
13.2 1.1625e-20
13.232 1.09884e-20
13.264 1.04305e-20
13.296 9.78164e-21
13.328 9.25567e-21
13.36 8.71611e-21
13.392 8.24651e-21
13.424 7.79458e-21
13.456 7.3494e-21
13.488 6.90712e-21
13.52 6.53704e-21
13.552 6.18218e-21
13.584 5.80022e-21
13.616 5.4644e-21
13.648 5.19825e-21
13.68 4.8797e-21
13.712 4.61475e-21
13.744 4.31788e-21
13.776 4.09178e-21
13.808 3.87088e-21
13.84 3.64773e-21
13.872 3.44371e-21
13.904 3.24745e-21
13.936 3.0665e-21
13.968 2.88282e-21
14 2.73011e-21
14.032 2.56848e-21
14.064 2.43547e-21
14.096 2.28577e-21
14.128 2.17148e-21
14.16 2.04731e-21
14.192 1.92214e-21
14.224 1.82021e-21
14.256 1.71786e-21
14.288 1.6109e-21
14.32 1.5267e-21
14.352 1.43832e-21
14.384 1.3597e-21
14.416 1.28741e-21
14.448 1.20444e-21
14.48 1.14274e-21
14.512 1.07871e-21
14.544 1.01375e-21
14.576 9.55931e-22
14.608 9.05942e-22
14.64 8.4858e-22
14.672 8.05519e-22
14.704 7.61596e-22
14.736 7.14686e-22
14.768 6.7716e-22
14.8 6.39076e-22
14.832 6.01127e-22
14.864 5.65398e-22
14.896 5.35016e-22
14.928 5.04367e-22
14.96 4.77984e-22
14.992 4.48591e-22
15.024 4.2556e-22
15.056 4.02246e-22
15.088 3.78819e-22
15.12 3.57858e-22
15.152 3.34348e-22
15.184 3.17538e-22
15.216 2.99801e-22
15.248 2.82536e-22
15.28 2.67307e-22
15.312 2.52878e-22
15.344 2.37415e-22
15.376 2.24191e-22
15.408 2.10989e-22
15.44 1.99602e-22
15.472 1.88088e-22
15.504 1.77473e-22
15.536 1.68076e-22
15.568 1.58491e-22
15.6 1.50383e-22
15.632 1.41382e-22
15.664 1.33473e-22
15.696 1.26346e-22
15.728 1.17727e-22
15.76 1.11268e-22
15.792 1.05739e-22
15.824 9.94094e-23
15.856 9.37324e-23
15.888 8.83716e-23
15.92 8.37833e-23
15.952 7.85803e-23
15.984 7.44239e-23
16.016 7.06055e-23
16.048 6.67613e-23
16.08 6.25801e-23
16.112 5.89055e-23
16.144 5.55301e-23
16.176 5.28569e-23
16.208 4.97427e-23
16.24 4.65604e-23
16.272 4.42122e-23
16.304 4.13092e-23
16.336 3.92213e-23
16.368 3.69047e-23
16.4 3.47524e-23
16.432 3.29327e-23
16.464 3.10034e-23
16.496 2.94005e-23
16.528 2.78208e-23
16.56 2.61482e-23
16.592 2.45112e-23
16.624 2.32417e-23
16.656 2.20574e-23
16.688 2.0763e-23
16.72 1.96161e-23
16.752 1.83829e-23
16.784 1.74541e-23
16.816 1.62812e-23
16.848 1.54636e-23
16.88 1.46401e-23
16.912 1.38626e-23
16.944 1.3062e-23
16.976 1.22635e-23
17.008 1.16358e-23
17.04 1.09472e-23
17.072 1.02866e-23
17.104 9.75992e-24
17.136 9.20989e-24
17.168 8.6066e-24
17.2 8.20752e-24
17.232 7.71838e-24
17.264 7.29657e-24
17.296 6.84212e-24
17.328 6.46079e-24
17.36 6.09793e-24
17.392 5.74461e-24
17.424 5.43758e-24
17.456 5.17305e-24
17.488 4.85249e-24
17.52 4.56578e-24
17.552 4.30654e-24
17.584 4.09368e-24
17.616 3.83223e-24
17.648 3.64677e-24
17.68 3.42509e-24
17.712 3.22345e-24
17.744 3.04105e-24
17.776 2.87564e-24
17.808 2.71248e-24
17.84 2.5604e-24
17.872 2.41705e-24
17.904 2.27879e-24
17.936 2.1504e-24
17.968 2.01664e-24
18 1.93067e-24
18.032 1.80756e-24
18.064 1.71151e-24
18.096 1.62e-24
18.128 1.51965e-24
18.16 1.4318e-24
18.192 1.35769e-24
18.224 1.27971e-24
18.256 1.2022e-24
18.288 1.13966e-24
18.32 1.06712e-24
18.352 1.01044e-24
18.384 9.51981e-25
18.416 9.00894e-25
18.448 8.50896e-25
18.48 8.01728e-25
18.512 7.54905e-25
18.544 7.11544e-25
18.576 6.75453e-25
18.608 6.34174e-25
18.64 5.97179e-25
18.672 5.62944e-25
18.704 5.34775e-25
18.736 5.00124e-25
18.768 4.75427e-25
18.8 4.49761e-25
18.832 4.25887e-25
18.864 3.9753e-25
18.896 3.77089e-25
18.928 3.55697e-25
18.96 3.35194e-25
18.992 3.1656e-25
19.024 2.97532e-25
19.056 2.83722e-25
19.088 2.65442e-25
19.12 2.51908e-25
19.152 2.3782e-25
19.184 2.23635e-25
19.216 2.10054e-25
19.248 1.97985e-25
19.28 1.87052e-25
19.312 1.75723e-25
19.344 1.66098e-25
19.376 1.57726e-25
19.408 1.49923e-25
19.44 1.40443e-25
19.472 1.32679e-25
19.504 1.25364e-25
19.536 1.17985e-25
19.568 1.10634e-25
19.6 1.04491e-25
19.632 9.86632e-26
19.664 9.39909e-26
19.696 8.80624e-26
19.728 8.34773e-26
19.76 7.81621e-26
19.792 7.39304e-26
19.824 6.94441e-26
19.856 6.59756e-26
19.888 6.19262e-26
19.92 5.87082e-26
19.952 5.52672e-26
19.984 5.19707e-26
20.016 4.89985e-26
20.048 4.64951e-26
20.08 4.37591e-26
20.112 4.16676e-26
20.144 3.90201e-26
20.176 3.67869e-26
20.208 3.45677e-26
20.24 3.29122e-26
20.272 3.10171e-26
20.304 2.95193e-26
20.336 2.73922e-26
20.368 2.58031e-26
20.4 2.44968e-26
20.432 2.30292e-26
20.464 2.18824e-26
20.496 2.05862e-26
20.528 1.93051e-26
20.56 1.83224e-26
20.592 1.72369e-26
20.624 1.63356e-26
20.656 1.53413e-26
20.688 1.44795e-26
20.72 1.35812e-26
20.752 1.28489e-26
20.784 1.21841e-26
20.816 1.14885e-26
20.848 1.07727e-26
20.88 1.02079e-26
20.912 9.68892e-27
20.944 9.07025e-27
20.976 8.5553e-27
21.008 8.14e-27
21.04 7.61225e-27
21.072 7.20011e-27
21.104 6.85113e-27
21.136 6.41317e-27
21.168 6.09969e-27
21.2 5.6818e-27
21.232 5.38505e-27
21.264 5.09156e-27
21.296 4.8052e-27
21.328 4.50641e-27
21.36 4.2628e-27
21.392 4.00907e-27
21.424 3.73893e-27
21.456 3.5527e-27
21.488 3.35168e-27
21.52 3.14339e-27
21.552 2.99148e-27
21.584 2.80411e-27
21.616 2.6346e-27
21.648 2.50075e-27
21.68 2.36425e-27
21.712 2.22415e-27
21.744 2.09262e-27
21.776 1.98813e-27
21.808 1.85051e-27
21.84 1.76708e-27
21.872 1.65449e-27
21.904 1.57623e-27
21.936 1.478e-27
21.968 1.39929e-27
22 1.30901e-27
22.032 1.23794e-27
22.064 1.17684e-27
22.096 1.107e-27
22.128 1.04358e-27
22.16 9.8478e-28
22.192 9.25179e-28
22.224 8.66975e-28
22.256 8.22035e-28
22.288 7.79739e-28
22.32 7.36492e-28
22.352 6.88146e-28
22.384 6.58199e-28
22.416 6.14732e-28
22.448 5.76758e-28
22.48 5.45174e-28
22.512 5.11941e-28
22.544 4.83372e-28
22.576 4.59507e-28
22.608 4.31673e-28
22.64 4.08599e-28
22.672 3.83761e-28
22.704 3.63328e-28
22.736 3.41645e-28
22.768 3.22422e-28
22.8 3.05053e-28
22.832 2.87582e-28
22.864 2.71632e-28
22.896 2.55272e-28
22.928 2.39874e-28
22.96 2.26361e-28
22.992 2.13635e-28
23.024 2.01646e-28
23.056 1.90487e-28
23.088 1.79986e-28
23.12 1.69341e-28
23.152 1.59976e-28
23.184 1.51542e-28
23.216 1.42736e-28
23.248 1.3357e-28
23.28 1.26511e-28
23.312 1.18772e-28
23.344 1.1238e-28
23.376 1.05207e-28
23.408 9.98859e-29
23.44 9.40971e-29
23.472 8.91013e-29
23.504 8.37952e-29
23.536 7.90826e-29
23.568 7.39027e-29
23.6 6.96872e-29
23.632 6.61572e-29
23.664 6.23179e-29
23.696 5.85913e-29
23.728 5.53056e-29
23.76 5.23872e-29
23.792 4.94027e-29
23.824 4.61994e-29
23.856 4.38155e-29
23.888 4.12883e-29
23.92 3.89074e-29
23.952 3.6718e-29
23.984 3.429e-29
24.016 3.25435e-29
24.048 3.0642e-29
24.08 2.8944e-29
24.112 2.73819e-29
24.144 2.57196e-29
24.176 2.40334e-29
24.208 2.26849e-29
24.24 2.15839e-29
24.272 2.00213e-29
24.304 1.90803e-29
24.336 1.79556e-29
24.368 1.6844e-29
24.4 1.6059e-29
24.432 1.49975e-29
24.464 1.42658e-29
24.496 1.33371e-29
24.528 1.24844e-29
24.56 1.17199e-29
24.592 1.11369e-29
24.624 1.0516e-29
24.656 9.88761e-30
24.688 9.3142e-30
24.72 8.78214e-30
24.752 8.28045e-30
24.784 7.76431e-30
24.816 7.31835e-30
24.848 6.9783e-30
24.88 6.51428e-30
24.912 6.17125e-30
24.944 5.8051e-30
24.976 5.41639e-30
25.008 5.09761e-30
25.04 4.79692e-30
25.072 4.56262e-30
25.104 4.29733e-30
25.136 4.00029e-30
25.168 3.7945e-30
25.2 3.58442e-30
25.232 3.42672e-30
25.264 3.18749e-30
25.296 3.00198e-30
25.328 2.82473e-30
25.36 2.66552e-30
25.392 2.51861e-30
25.424 2.36145e-30
25.456 2.22038e-30
25.488 2.0783e-30
25.52 1.96357e-30
25.552 1.85654e-30
25.584 1.72013e-30
25.616 1.64274e-30
25.648 1.53947e-30
25.68 1.46399e-30
25.712 1.36005e-30
25.744 1.28618e-30
25.776 1.2101e-30
25.808 1.14172e-30
25.84 1.06681e-30
25.872 1.00542e-30
25.904 9.47819e-31
25.936 8.88199e-31
25.968 8.40975e-31
26 7.84775e-31
26.032 7.3746e-31
26.064 7.06734e-31
26.096 6.57314e-31
26.128 6.1234e-31
26.16 5.79306e-31
26.192 5.49401e-31
26.224 5.17863e-31
26.256 4.89462e-31
26.288 4.53119e-31
26.32 4.28297e-31
26.352 4.02859e-31
26.384 3.77751e-31
26.416 3.57191e-31
26.448 3.35067e-31
26.48 3.16736e-31
26.512 2.97827e-31
26.544 2.80474e-31
26.576 2.62248e-31
26.608 2.45894e-31
26.64 2.33476e-31
26.672 2.18116e-31
26.704 2.05916e-31
26.736 1.926e-31
26.768 1.79873e-31
26.8 1.71597e-31
26.832 1.61354e-31
26.864 1.50993e-31
26.896 1.42123e-31
26.928 1.3421e-31
26.96 1.25984e-31
26.992 1.17485e-31
27.024 1.10481e-31
27.056 1.0399e-31
27.088 9.70257e-32
27.12 9.11284e-32
27.152 8.55736e-32
27.184 8.09804e-32
27.216 7.53582e-32
27.248 7.09171e-32
27.28 6.66863e-32
27.312 6.24239e-32
27.344 5.9682e-32
27.376 5.59042e-32
27.408 5.17989e-32
27.44 4.86512e-32
27.472 4.54552e-32
27.504 4.32892e-32
27.536 3.98757e-32
27.568 3.77486e-32
27.6 3.51652e-32
27.632 3.33897e-32
27.664 3.10812e-32
27.696 2.91721e-32
27.728 2.7703e-32
27.76 2.56238e-32
27.792 2.42535e-32
27.824 2.27949e-32
27.856 2.12178e-32
27.888 1.9896e-32
27.92 1.87477e-32
27.952 1.75203e-32
27.984 1.6449e-32
28.016 1.52637e-32
28.048 1.43452e-32
28.08 1.36837e-32
28.112 1.25435e-32
28.144 1.19109e-32
28.176 1.11578e-32
28.208 1.03778e-32
28.24 9.72476e-33
28.272 9.16979e-33
28.304 8.61511e-33
28.336 7.96419e-33
28.368 7.48939e-33
28.4 7.03706e-33
28.432 6.62019e-33
28.464 6.26285e-33
28.496 5.75206e-33
28.528 5.4393e-33
28.56 5.09881e-33
28.592 4.69726e-33
28.624 4.36893e-33
28.656 4.11915e-33
28.688 3.84185e-33
28.72 3.61327e-33
28.752 3.4156e-33
28.784 3.17262e-33
28.816 2.91076e-33
28.848 2.75679e-33
28.88 2.58828e-33
28.912 2.43513e-33
28.944 2.27207e-33
28.976 2.12921e-33
29.008 1.96475e-33
29.04 1.83575e-33
29.072 1.70172e-33
29.104 1.57842e-33
29.136 1.4961e-33
29.168 1.39111e-33
29.2 1.31469e-33
29.232 1.22122e-33
29.264 1.12436e-33
29.296 1.05268e-33
29.328 9.88176e-34
29.36 9.17443e-34
29.392 8.62367e-34
29.424 8.06709e-34
29.456 7.54032e-34
29.488 6.92609e-34
29.52 6.47265e-34
29.552 5.9973e-34
29.584 5.67838e-34
29.616 5.32819e-34
29.648 4.78338e-34
29.68 4.50452e-34
29.712 4.21064e-34
29.744 3.91939e-34
29.776 3.6247e-34
29.808 3.4629e-34
29.84 3.13988e-34
29.872 2.90401e-34
29.904 2.668e-34
29.936 2.51712e-34
29.968 2.34218e-34
30 2.16174e-34
30.032 1.98823e-34
30.064 1.87201e-34
30.096 1.71886e-34
30.128 1.59047e-34
30.16 1.45938e-34
30.192 1.33933e-34
30.224 1.26682e-34
30.256 1.16109e-34
30.288 1.07493e-34
30.32 9.76432e-35
30.352 9.28363e-35
30.384 8.40034e-35
30.416 7.89836e-35
30.448 7.16242e-35
30.48 6.6827e-35
30.512 6.03811e-35
30.544 5.77125e-35
30.576 5.19837e-35
30.608 4.66911e-35
30.64 4.38316e-35
30.672 3.96415e-35
30.704 3.79959e-35
30.736 3.45403e-35
30.768 3.07176e-35
30.8 2.87859e-35
30.832 2.55108e-35
30.864 2.32838e-35
30.896 2.10375e-35
30.928 1.92732e-35
30.96 1.80335e-35
30.992 1.5386e-35
31.024 1.45138e-35
31.056 1.31861e-35
31.088 1.21827e-35
31.12 1.06493e-35
31.152 1.00382e-35
31.184 9.04917e-36
31.216 7.81724e-36
31.248 6.90373e-36
31.28 6.39323e-36
31.312 5.64683e-36
31.344 5.06398e-36
31.376 4.44795e-36
31.408 3.88104e-36
31.44 3.51533e-36
31.472 2.9853e-36
31.504 2.76313e-36
31.536 2.3693e-36
31.568 1.99022e-36
31.6 1.76314e-36
31.632 1.49548e-36
31.664 1.22594e-36
31.696 9.54148e-37
31.728 8.49141e-37
31.76 6.82849e-37
31.792 4.54083e-37
31.824 3.5815e-37
31.856 2.36131e-37
31.888 1.60351e-37
31.92 1.08887e-37
31.952 3.44144e-38
31.984 7.59932e-39
