#1:M 2:dN/MdM dy_q d2xT
0.016 4.39834e-09
0.048 3.56758e-09
0.08 2.76264e-09
0.112 2.16827e-09
0.144 1.74385e-09
0.176 1.42613e-09
0.208 1.18565e-09
0.24 9.98319e-10
0.272 8.50346e-10
0.304 7.30546e-10
0.336 6.3248e-10
0.368 5.51025e-10
0.4 4.78527e-10
0.432 4.21104e-10
0.464 3.72008e-10
0.496 3.30335e-10
0.528 2.93839e-10
0.56 2.62539e-10
0.592 2.35111e-10
0.624 2.111e-10
0.656 1.89445e-10
0.688 1.70986e-10
0.72 1.54443e-10
0.752 1.397e-10
0.784 1.26616e-10
0.816 1.15017e-10
0.848 1.04696e-10
0.88 9.53321e-11
0.912 8.65153e-11
0.944 7.91166e-11
0.976 7.2247e-11
1.008 6.61047e-11
1.04 6.05929e-11
1.072 5.56099e-11
1.104 5.10334e-11
1.136 4.69074e-11
1.168 4.30276e-11
1.2 3.95814e-11
1.232 3.64762e-11
1.264 3.36402e-11
1.296 3.10054e-11
1.328 2.86341e-11
1.36 2.64576e-11
1.392 2.44589e-11
1.424 2.25882e-11
1.456 2.09189e-11
1.488 1.93869e-11
1.52 1.79625e-11
1.552 1.66623e-11
1.584 1.54214e-11
1.616 1.43498e-11
1.648 1.33349e-11
1.68 1.22656e-11
1.712 1.14089e-11
1.744 1.06188e-11
1.776 9.88092e-12
1.808 9.19869e-12
1.84 8.56558e-12
1.872 7.98636e-12
1.904 7.44919e-12
1.936 6.94326e-12
1.968 6.47902e-12
2 6.04842e-12
2.032 5.64559e-12
2.064 5.26873e-12
2.096 4.92289e-12
2.128 4.60458e-12
2.16 4.30655e-12
2.192 4.03346e-12
2.224 3.75749e-12
2.256 3.5268e-12
2.288 3.30325e-12
2.32 3.08864e-12
2.352 2.8949e-12
2.384 2.71081e-12
2.416 2.54498e-12
2.448 2.37692e-12
2.48 2.23323e-12
2.512 2.0956e-12
2.544 1.96711e-12
2.576 1.84625e-12
2.608 1.73506e-12
2.64 1.62752e-12
2.672 1.52493e-12
2.704 1.44564e-12
2.736 1.36051e-12
2.768 1.27714e-12
2.8 1.19874e-12
2.832 1.12919e-12
2.864 1.06201e-12
2.896 9.97431e-13
2.928 9.39147e-13
2.96 8.82547e-13
2.992 8.30957e-13
3.024 7.82155e-13
3.056 7.36108e-13
3.088 6.93537e-13
3.12 6.52543e-13
3.152 6.13707e-13
3.184 5.78182e-13
3.216 5.45361e-13
3.248 5.1313e-13
3.28 4.82956e-13
3.312 4.55048e-13
3.344 4.29541e-13
3.376 4.04443e-13
3.408 3.81144e-13
3.44 3.59522e-13
3.472 3.38794e-13
3.504 3.19046e-13
3.536 3.01285e-13
3.568 2.84183e-13
3.6 2.67994e-13
3.632 2.52691e-13
3.664 2.39016e-13
3.696 2.25389e-13
3.728 2.10387e-13
3.76 1.9849e-13
3.792 1.87651e-13
3.824 1.76839e-13
3.856 1.67032e-13
3.888 1.58008e-13
3.92 1.49159e-13
3.952 1.40755e-13
3.984 1.33017e-13
4.016 1.256e-13
4.048 1.18663e-13
4.08 1.12156e-13
4.112 1.05937e-13
4.144 9.98107e-14
4.176 9.45215e-14
4.208 8.91571e-14
4.24 8.4368e-14
4.272 7.95892e-14
4.304 7.53388e-14
4.336 7.09247e-14
4.368 6.70927e-14
4.4 6.33308e-14
4.432 5.98462e-14
4.464 5.64731e-14
4.496 5.36249e-14
4.528 5.0598e-14
4.56 4.7925e-14
4.592 4.53343e-14
4.624 4.28297e-14
4.656 4.04337e-14
4.688 3.82077e-14
4.72 3.6069e-14
4.752 3.62867e-14
4.784 3.43827e-14
4.816 3.24799e-14
4.848 3.06351e-14
4.88 2.90797e-14
4.912 2.73585e-14
4.944 2.59925e-14
4.976 2.4555e-14
5.008 2.26379e-14
5.04 2.13807e-14
5.072 2.02338e-14
5.104 1.91695e-14
5.136 1.81039e-14
5.168 1.71427e-14
5.2 1.62137e-14
5.232 1.52761e-14
5.264 1.4424e-14
5.296 1.37056e-14
5.328 1.29501e-14
5.36 1.22161e-14
5.392 1.15714e-14
5.424 1.09206e-14
5.456 1.03336e-14
5.488 9.76544e-15
5.52 9.23789e-15
5.552 8.75921e-15
5.584 8.28158e-15
5.616 7.82152e-15
5.648 7.39373e-15
5.68 6.99519e-15
5.712 6.59828e-15
5.744 6.25492e-15
5.776 5.93379e-15
5.808 5.59704e-15
5.84 5.28844e-15
5.872 5.01669e-15
5.904 4.72199e-15
5.936 4.46283e-15
5.968 4.22467e-15
6 4.00073e-15
6.032 3.7857e-15
6.064 3.57056e-15
6.096 3.37835e-15
6.128 3.18758e-15
6.16 3.0217e-15
6.192 2.85636e-15
6.224 2.70618e-15
6.256 2.55609e-15
6.288 2.4148e-15
6.32 2.27905e-15
6.352 2.16115e-15
6.384 2.04093e-15
6.416 1.92789e-15
6.448 1.81866e-15
6.48 1.72172e-15
6.512 1.62774e-15
6.544 1.54219e-15
6.576 1.45645e-15
6.608 1.3824e-15
6.64 1.30263e-15
6.672 1.233e-15
6.704 1.16533e-15
6.736 1.10223e-15
6.768 1.04176e-15
6.8 9.8531e-16
6.832 9.30649e-16
6.864 8.82735e-16
6.896 8.33559e-16
6.928 7.8847e-16
6.96 7.43276e-16
6.992 7.03101e-16
7.024 6.61624e-16
7.056 6.27141e-16
7.088 5.94998e-16
7.12 5.62086e-16
7.152 5.31883e-16
7.184 5.02552e-16
7.216 4.7413e-16
7.248 4.48122e-16
7.28 4.23107e-16
7.312 4.01405e-16
7.344 3.77118e-16
7.376 3.57308e-16
7.408 3.37644e-16
7.44 3.18477e-16
7.472 3.01929e-16
7.504 2.84759e-16
7.536 2.68864e-16
7.568 2.53924e-16
7.6 2.39746e-16
7.632 2.27244e-16
7.664 2.14819e-16
7.696 2.02665e-16
7.728 1.92211e-16
7.76 1.80838e-16
7.792 1.71225e-16
7.824 1.61878e-16
7.856 1.5256e-16
7.888 1.44575e-16
7.92 1.36207e-16
7.952 1.28898e-16
7.984 1.21787e-16
8.016 1.14922e-16
8.048 1.08673e-16
8.08 1.02724e-16
8.112 9.68861e-17
8.144 9.11478e-17
8.176 8.64787e-17
8.208 8.14951e-17
8.24 7.74267e-17
8.272 7.26297e-17
8.304 6.86232e-17
8.336 6.47264e-17
8.368 6.13221e-17
8.4 5.80382e-17
8.432 5.47099e-17
8.464 5.15779e-17
8.496 4.88778e-17
8.528 4.59143e-17
8.56 4.36793e-17
8.592 4.12139e-17
8.624 3.87186e-17
8.656 3.67904e-17
8.688 3.47239e-17
8.72 3.26556e-17
8.752 3.08439e-17
8.784 2.92196e-17
8.816 2.74823e-17
8.848 2.60573e-17
8.88 2.47681e-17
8.912 2.32519e-17
8.944 2.19612e-17
8.976 2.07439e-17
9.008 1.95832e-17
9.04 1.84751e-17
9.072 1.74284e-17
9.104 1.6518e-17
9.136 1.55908e-17
9.168 1.46919e-17
9.2 1.39414e-17
9.232 1.30984e-17
9.264 1.24086e-17
9.296 1.16392e-17
9.328 1.10763e-17
9.36 1.03712e-17
9.392 9.83504e-18
9.424 9.28646e-18
9.456 8.77785e-18
9.488 8.26566e-18
9.52 7.80844e-18
9.552 7.3344e-18
9.584 6.93363e-18
9.616 6.54931e-18
9.648 6.19781e-18
9.68 5.85466e-18
9.712 5.51089e-18
9.744 5.2379e-18
9.776 4.93263e-18
9.808 4.64022e-18
9.84 4.38043e-18
9.872 4.12196e-18
9.904 3.90808e-18
9.936 3.68583e-18
9.968 3.46304e-18
10 3.29357e-18
10.032 3.10919e-18
10.064 2.93147e-18
10.096 2.74975e-18
10.128 2.60312e-18
10.16 2.45198e-18
10.192 2.32289e-18
10.224 2.19427e-18
10.256 2.06342e-18
10.288 1.94891e-18
10.32 1.84499e-18
10.352 1.7419e-18
10.384 1.63414e-18
10.416 1.55238e-18
10.448 1.45532e-18
10.48 1.37684e-18
10.512 1.29805e-18
10.544 1.22447e-18
10.576 1.15843e-18
10.608 1.09367e-18
10.64 1.03086e-18
10.672 9.74306e-19
10.704 9.17984e-19
10.736 8.6687e-19
10.768 8.17803e-19
10.8 7.73337e-19
10.832 7.28884e-19
10.864 6.86504e-19
10.896 6.50802e-19
10.928 6.13153e-19
10.96 5.78746e-19
10.992 5.45153e-19
11.024 5.16091e-19
11.056 4.85232e-19
11.088 4.57765e-19
11.12 4.33287e-19
11.152 4.10177e-19
11.184 3.85193e-19
11.216 3.61714e-19
11.248 3.45675e-19
11.28 3.23774e-19
11.312 3.04174e-19
11.344 2.87535e-19
11.376 2.7238e-19
11.408 2.55806e-19
11.44 2.41586e-19
11.472 2.28992e-19
11.504 2.14829e-19
11.536 2.02944e-19
11.568 1.90937e-19
11.6 1.80544e-19
11.632 1.71124e-19
11.664 1.60669e-19
11.696 1.51565e-19
11.728 1.43019e-19
11.76 1.3503e-19
11.792 1.27569e-19
11.824 1.20675e-19
11.856 1.13432e-19
11.888 1.06999e-19
11.92 1.01301e-19
11.952 9.53268e-20
11.984 8.97565e-20
12.016 8.45974e-20
12.048 7.99693e-20
12.08 7.51706e-20
12.112 7.13515e-20
12.144 6.71181e-20
12.176 6.3408e-20
12.208 5.98841e-20
12.24 5.63207e-20
12.272 5.31124e-20
12.304 4.99512e-20
12.336 4.75917e-20
12.368 4.46202e-20
12.4 4.19786e-20
12.432 3.98904e-20
12.464 3.75456e-20
12.496 3.5412e-20
12.528 3.33453e-20
12.56 3.15106e-20
12.592 2.96432e-20
12.624 2.8033e-20
12.656 2.64542e-20
12.688 2.50844e-20
12.72 2.35312e-20
12.752 2.22041e-20
12.784 2.10019e-20
12.816 1.9835e-20
12.848 1.8552e-20
12.88 1.75596e-20
12.912 1.66585e-20
12.944 1.56712e-20
12.976 1.47154e-20
13.008 1.38982e-20
13.04 1.31751e-20
13.072 1.24492e-20
13.104 1.16921e-20
13.136 1.10936e-20
13.168 1.04276e-20
13.2 9.86835e-21
13.232 9.32633e-21
13.264 8.81424e-21
13.296 8.30733e-21
13.328 7.83796e-21
13.36 7.38002e-21
13.392 6.98118e-21
13.424 6.60077e-21
13.456 6.20832e-21
13.488 5.82827e-21
13.52 5.50541e-21
13.552 5.23006e-21
13.584 4.89236e-21
13.616 4.62466e-21
13.648 4.38704e-21
13.68 4.11918e-21
13.712 3.90398e-21
13.744 3.6517e-21
13.776 3.44706e-21
13.808 3.26606e-21
13.84 3.06814e-21
13.872 2.90616e-21
13.904 2.74141e-21
13.936 2.57316e-21
13.968 2.42887e-21
14 2.3039e-21
14.032 2.17304e-21
14.064 2.04596e-21
14.096 1.92499e-21
14.128 1.82889e-21
14.16 1.72285e-21
14.192 1.61983e-21
14.224 1.52776e-21
14.256 1.44473e-21
14.288 1.35705e-21
14.32 1.27924e-21
14.352 1.20944e-21
14.384 1.14113e-21
14.416 1.08095e-21
14.448 1.01077e-21
14.48 9.59277e-22
14.512 9.07032e-22
14.544 8.50471e-22
14.576 7.99316e-22
14.608 7.603e-22
14.64 7.10558e-22
14.672 6.7611e-22
14.704 6.37225e-22
14.736 6.00196e-22
14.768 5.67652e-22
14.8 5.36976e-22
14.832 5.03779e-22
14.864 4.72619e-22
14.896 4.45448e-22
14.928 4.2354e-22
14.96 3.9871e-22
14.992 3.74632e-22
15.024 3.55554e-22
15.056 3.3498e-22
15.088 3.15906e-22
15.12 2.99027e-22
15.152 2.78946e-22
15.184 2.64405e-22
15.216 2.50854e-22
15.248 2.35328e-22
15.28 2.22283e-22
15.312 2.10156e-22
15.344 1.98064e-22
15.376 1.87212e-22
15.408 1.75146e-22
15.44 1.6567e-22
15.472 1.56538e-22
15.504 1.47803e-22
15.536 1.39743e-22
15.568 1.31892e-22
15.6 1.25118e-22
15.632 1.17609e-22
15.664 1.11177e-22
15.696 1.04513e-22
15.728 9.79894e-23
15.76 9.28984e-23
15.792 8.78473e-23
15.824 8.26607e-23
15.856 7.76048e-23
15.888 7.33762e-23
15.92 6.93117e-23
15.952 6.51732e-23
15.984 6.16449e-23
16.016 5.85002e-23
16.048 5.5101e-23
16.08 5.18045e-23
16.112 4.87504e-23
16.144 4.60121e-23
16.176 4.37158e-23
16.208 4.11095e-23
16.24 3.83961e-23
16.272 3.65185e-23
16.304 3.42217e-23
16.336 3.2412e-23
16.368 3.05325e-23
16.4 2.86887e-23
16.432 2.72634e-23
16.464 2.5592e-23
16.496 2.43314e-23
16.528 2.29511e-23
16.56 2.16005e-23
16.592 2.02439e-23
16.624 1.91916e-23
16.656 1.81239e-23
16.688 1.7046e-23
16.72 1.61529e-23
16.752 1.51062e-23
16.784 1.43813e-23
16.816 1.34304e-23
16.848 1.27229e-23
16.88 1.20656e-23
16.912 1.14115e-23
16.944 1.07438e-23
16.976 1.00991e-23
17.008 9.58065e-24
17.04 9.01615e-24
17.072 8.45923e-24
17.104 8.01929e-24
17.136 7.58316e-24
17.168 7.10915e-24
17.2 6.7246e-24
17.232 6.34855e-24
17.264 5.98846e-24
17.296 5.64002e-24
17.328 5.29659e-24
17.36 4.9998e-24
17.392 4.71131e-24
17.424 4.45355e-24
17.456 4.24511e-24
17.488 3.97346e-24
17.52 3.74693e-24
17.552 3.51874e-24
17.584 3.3499e-24
17.616 3.13721e-24
17.648 2.98405e-24
17.68 2.7907e-24
17.712 2.64707e-24
17.744 2.4819e-24
17.776 2.35092e-24
17.808 2.21999e-24
17.84 2.09494e-24
17.872 1.97252e-24
17.904 1.85536e-24
17.936 1.75318e-24
17.968 1.64681e-24
18 1.5697e-24
18.032 1.47443e-24
18.064 1.39521e-24
18.096 1.32382e-24
18.128 1.24052e-24
18.16 1.16311e-24
18.192 1.1038e-24
18.224 1.04199e-24
18.256 9.78797e-25
18.288 9.28753e-25
18.32 8.67117e-25
18.352 8.23716e-25
18.384 7.74479e-25
18.416 7.32987e-25
18.448 6.90744e-25
18.48 6.51941e-25
18.512 6.14041e-25
18.544 5.77092e-25
18.576 5.4767e-25
18.608 5.14981e-25
18.64 4.86458e-25
18.672 4.56199e-25
18.704 4.3337e-25
18.736 4.06691e-25
18.768 3.85698e-25
18.8 3.65297e-25
18.832 3.45539e-25
18.864 3.23544e-25
18.896 3.04917e-25
18.928 2.87683e-25
18.96 2.70922e-25
18.992 2.55546e-25
19.024 2.41603e-25
19.056 2.3003e-25
19.088 2.15072e-25
19.12 2.03588e-25
19.152 1.92179e-25
19.184 1.81e-25
19.216 1.69884e-25
19.248 1.60103e-25
19.28 1.51794e-25
19.312 1.42049e-25
19.344 1.34561e-25
19.376 1.27499e-25
19.408 1.20665e-25
19.44 1.1354e-25
19.472 1.07285e-25
19.504 1.00899e-25
19.536 9.53186e-26
19.568 8.91601e-26
19.6 8.4212e-26
19.632 7.94323e-26
19.664 7.54917e-26
19.696 7.11061e-26
19.728 6.70927e-26
19.76 6.28299e-26
19.792 5.95256e-26
19.824 5.61254e-26
19.856 5.29503e-26
19.888 4.9918e-26
19.92 4.70219e-26
19.952 4.45632e-26
19.984 4.18022e-26
20.016 3.93707e-26
20.048 3.74636e-26
20.08 3.52771e-26
20.112 3.33729e-26
20.144 3.12669e-26
20.176 2.95121e-26
20.208 2.77197e-26
20.24 2.63521e-26
20.272 2.49556e-26
20.304 2.35725e-26
20.336 2.20045e-26
20.368 2.06433e-26
20.4 1.96508e-26
20.432 1.8414e-26
20.464 1.75814e-26
20.496 1.65096e-26
20.528 1.54319e-26
20.56 1.46773e-26
20.592 1.37935e-26
20.624 1.30802e-26
20.656 1.22924e-26
20.688 1.1616e-26
20.72 1.08318e-26
20.752 1.0292e-26
20.784 9.7081e-27
20.816 9.15397e-27
20.848 8.58583e-27
20.88 8.15626e-27
20.912 7.7293e-27
20.944 7.26481e-27
20.976 6.84837e-27
21.008 6.47005e-27
21.04 6.08518e-27
21.072 5.74053e-27
21.104 5.44841e-27
21.136 5.12018e-27
21.168 4.86635e-27
21.2 4.52784e-27
21.232 4.28596e-27
21.264 4.05571e-27
21.296 3.81249e-27
21.328 3.57318e-27
21.36 3.40068e-27
21.392 3.16659e-27
21.424 2.98067e-27
21.456 2.80837e-27
21.488 2.6648e-27
21.52 2.50574e-27
21.552 2.36831e-27
21.584 2.22929e-27
21.616 2.0903e-27
21.648 1.98081e-27
21.68 1.86455e-27
21.712 1.76302e-27
21.744 1.66696e-27
21.776 1.57719e-27
21.808 1.47556e-27
21.84 1.39967e-27
21.872 1.31614e-27
21.904 1.24328e-27
21.936 1.16914e-27
21.968 1.11e-27
22 1.03773e-27
22.032 9.83475e-28
22.064 9.31554e-28
22.096 8.73036e-28
22.128 8.24379e-28
22.16 7.79057e-28
22.192 7.33295e-28
22.224 6.85818e-28
22.256 6.47686e-28
22.288 6.13853e-28
22.32 5.81965e-28
22.352 5.43159e-28
22.384 5.17678e-28
22.416 4.87978e-28
22.448 4.56761e-28
22.48 4.2981e-28
22.512 4.04279e-28
22.544 3.82203e-28
22.576 3.59989e-28
22.608 3.42293e-28
22.64 3.1992e-28
22.672 3.01754e-28
22.704 2.85868e-28
22.736 2.70377e-28
22.768 2.52873e-28
22.8 2.39003e-28
22.832 2.25328e-28
22.864 2.12363e-28
22.896 2.01378e-28
22.928 1.87998e-28
22.96 1.7812e-28
22.992 1.68062e-28
23.024 1.58664e-28
23.056 1.49336e-28
23.088 1.41258e-28
23.12 1.32546e-28
23.152 1.25271e-28
23.184 1.18936e-28
23.216 1.1183e-28
23.248 1.04947e-28
23.28 9.89168e-29
23.312 9.33526e-29
23.344 8.81349e-29
23.376 8.27969e-29
23.408 7.8163e-29
23.44 7.42325e-29
23.472 6.99007e-29
23.504 6.58629e-29
23.536 6.19942e-29
23.568 5.77789e-29
23.6 5.44906e-29
23.632 5.17769e-29
23.664 4.8779e-29
23.696 4.57633e-29
23.728 4.32799e-29
23.76 4.10662e-29
23.792 3.86123e-29
23.824 3.59607e-29
23.856 3.40813e-29
23.888 3.21783e-29
23.92 3.05252e-29
23.952 2.87561e-29
23.984 2.67779e-29
24.016 2.52753e-29
24.048 2.38447e-29
24.08 2.24736e-29
24.112 2.12799e-29
24.144 1.99404e-29
24.176 1.87285e-29
24.208 1.76538e-29
24.24 1.68001e-29
24.272 1.56523e-29
24.304 1.48187e-29
24.336 1.40042e-29
24.368 1.31731e-29
24.4 1.24215e-29
24.432 1.16905e-29
24.464 1.10252e-29
24.496 1.03574e-29
24.528 9.7015e-30
24.56 9.09118e-30
24.592 8.6762e-30
24.624 8.15897e-30
24.656 7.66357e-30
24.688 7.19301e-30
24.72 6.77564e-30
24.752 6.40638e-30
24.784 6.05936e-30
24.816 5.65532e-30
24.848 5.36282e-30
24.88 5.08209e-30
24.912 4.78152e-30
24.944 4.48705e-30
24.976 4.20454e-30
25.008 3.93925e-30
25.04 3.70357e-30
25.072 3.51609e-30
25.104 3.32933e-30
25.136 3.102e-30
25.168 2.92659e-30
25.2 2.77906e-30
25.232 2.65322e-30
25.264 2.44394e-30
25.296 2.32488e-30
25.328 2.18248e-30
25.36 2.05495e-30
25.392 1.94662e-30
25.424 1.82592e-30
25.456 1.715e-30
25.488 1.60258e-30
25.52 1.51434e-30
25.552 1.43105e-30
25.584 1.32679e-30
25.616 1.25446e-30
25.648 1.18276e-30
25.68 1.12173e-30
25.712 1.0491e-30
25.744 9.94794e-31
25.776 9.2711e-31
25.808 8.84933e-31
25.84 8.19967e-31
25.872 7.77955e-31
25.904 7.33713e-31
25.936 6.86264e-31
25.968 6.4794e-31
26 6.05335e-31
26.032 5.68989e-31
26.064 5.40667e-31
26.096 5.02447e-31
26.128 4.7457e-31
26.16 4.46713e-31
26.192 4.23265e-31
26.224 3.97742e-31
26.256 3.75675e-31
26.288 3.49724e-31
26.32 3.27271e-31
26.352 3.09243e-31
26.384 2.89489e-31
26.416 2.73594e-31
26.448 2.56759e-31
26.48 2.42826e-31
26.512 2.27295e-31
26.544 2.14624e-31
26.576 2.01965e-31
26.608 1.87219e-31
26.64 1.77941e-31
26.672 1.66938e-31
26.704 1.5736e-31
26.736 1.46663e-31
26.768 1.37853e-31
26.8 1.31237e-31
26.832 1.2348e-31
26.864 1.15719e-31
26.896 1.08859e-31
26.928 1.02169e-31
26.96 9.6042e-32
26.992 8.99071e-32
27.024 8.36657e-32
27.056 7.93337e-32
27.088 7.3786e-32
27.12 6.97217e-32
27.152 6.57263e-32
27.184 6.21742e-32
27.216 5.7172e-32
27.248 5.41035e-32
27.28 5.11722e-32
27.312 4.76818e-32
27.344 4.52607e-32
27.376 4.25828e-32
27.408 3.95692e-32
27.44 3.70153e-32
27.472 3.46974e-32
27.504 3.28389e-32
27.536 3.04947e-32
27.568 2.87559e-32
27.6 2.67856e-32
27.632 2.52445e-32
27.664 2.37622e-32
27.696 2.24002e-32
27.728 2.0869e-32
27.76 1.93768e-32
27.792 1.84419e-32
27.824 1.71918e-32
27.856 1.60773e-32
27.888 1.5051e-32
27.92 1.42226e-32
27.952 1.32318e-32
27.984 1.24624e-32
28.016 1.15576e-32
28.048 1.08912e-32
28.08 1.03191e-32
28.112 9.52714e-33
28.144 8.97846e-33
28.176 8.45056e-33
28.208 7.82329e-33
28.24 7.33187e-33
28.272 6.98018e-33
28.304 6.53311e-33
28.336 6.00989e-33
28.368 5.65634e-33
28.4 5.26605e-33
28.432 4.98647e-33
28.464 4.71842e-33
28.496 4.36314e-33
28.528 4.1192e-33
28.56 3.85087e-33
28.592 3.54371e-33
28.624 3.29666e-33
28.656 3.10454e-33
28.688 2.9064e-33
28.72 2.71738e-33
28.752 2.55422e-33
28.784 2.40056e-33
28.816 2.20156e-33
28.848 2.09207e-33
28.88 1.95784e-33
28.912 1.82717e-33
28.944 1.71124e-33
28.976 1.58699e-33
29.008 1.48534e-33
29.04 1.3778e-33
29.072 1.27133e-33
29.104 1.18721e-33
29.136 1.12202e-33
29.168 1.03767e-33
29.2 9.74889e-34
29.232 9.2313e-34
29.264 8.50513e-34
29.296 7.96436e-34
29.328 7.50529e-34
29.36 6.98808e-34
29.392 6.43632e-34
29.424 6.00408e-34
29.456 5.64234e-34
29.488 5.13493e-34
29.52 4.822e-34
29.552 4.48496e-34
29.584 4.22434e-34
29.616 4.01304e-34
29.648 3.59247e-34
29.68 3.3418e-34
29.712 3.13133e-34
29.744 2.94329e-34
29.776 2.71855e-34
29.808 2.58262e-34
29.84 2.33819e-34
29.872 2.15884e-34
29.904 2.01797e-34
29.936 1.87282e-34
29.968 1.72288e-34
30 1.61423e-34
30.032 1.491e-34
30.064 1.38302e-34
30.096 1.27924e-34
30.128 1.18163e-34
30.16 1.08587e-34
30.192 1.00445e-34
30.224 9.54528e-35
30.256 8.5995e-35
30.288 7.98429e-35
30.32 7.34912e-35
30.352 6.92024e-35
30.384 6.27181e-35
30.416 5.89059e-35
30.448 5.38584e-35
30.48 4.95292e-35
30.512 4.51664e-35
30.544 4.26858e-35
30.576 3.8115e-35
30.608 3.5301e-35
30.64 3.23858e-35
30.672 2.98328e-35
30.704 2.80753e-35
30.736 2.55106e-35
30.768 2.31661e-35
30.8 2.13135e-35
30.832 1.87843e-35
30.864 1.74191e-35
30.896 1.5903e-35
30.928 1.47191e-35
30.96 1.34945e-35
30.992 1.1272e-35
31.024 1.05995e-35
31.056 9.76665e-36
31.088 9.02918e-36
31.12 7.83248e-36
31.152 7.41918e-36
31.184 6.58522e-36
31.216 5.97794e-36
31.248 5.20781e-36
31.28 4.75105e-36
31.312 4.18879e-36
31.344 3.66479e-36
31.376 3.1472e-36
31.408 2.83694e-36
31.44 2.55012e-36
31.472 2.2919e-36
31.504 2.05737e-36
31.536 1.79999e-36
31.568 1.49355e-36
31.6 1.253e-36
31.632 1.1392e-36
31.664 8.734e-37
31.696 7.27571e-37
31.728 6.08837e-37
31.76 4.74462e-37
31.792 3.51851e-37
31.824 2.42265e-37
31.856 1.8434e-37
31.888 1.11086e-37
31.92 8.555e-38
31.952 2.09903e-38
31.984 5.08068e-39
