#1:M 2:dN/MdM dy_q d2xT
0.016 4.48202e-08
0.048 3.96593e-08
0.08 3.37511e-08
0.112 2.84683e-08
0.144 2.41717e-08
0.176 2.05751e-08
0.208 1.76144e-08
0.24 1.51764e-08
0.272 1.315e-08
0.304 1.14564e-08
0.336 1.00291e-08
0.368 8.81817e-09
0.4 7.71273e-09
0.432 6.82511e-09
0.464 6.06203e-09
0.496 5.39872e-09
0.528 4.82062e-09
0.56 4.31575e-09
0.592 3.87158e-09
0.624 3.48324e-09
0.656 3.12852e-09
0.688 2.82536e-09
0.72 2.55375e-09
0.752 2.31252e-09
0.784 2.09693e-09
0.816 1.9047e-09
0.848 1.73303e-09
0.88 1.57752e-09
0.912 1.43204e-09
0.944 1.30739e-09
0.976 1.1951e-09
1.008 1.09472e-09
1.04 1.00198e-09
1.072 9.17801e-10
1.104 8.42591e-10
1.136 7.73694e-10
1.168 7.09063e-10
1.2 6.52318e-10
1.232 6.00717e-10
1.264 5.53438e-10
1.296 5.09748e-10
1.328 4.71174e-10
1.36 4.34751e-10
1.392 4.01583e-10
1.424 3.70456e-10
1.456 3.43017e-10
1.488 3.17456e-10
1.52 2.94178e-10
1.552 2.72811e-10
1.584 2.52861e-10
1.616 2.34569e-10
1.648 2.18194e-10
1.68 2.00702e-10
1.712 1.86513e-10
1.744 1.73334e-10
1.776 1.6138e-10
1.808 1.50117e-10
1.84 1.3979e-10
1.872 1.3018e-10
1.904 1.21191e-10
1.936 1.12888e-10
1.968 1.05385e-10
2 9.82558e-11
2.032 9.18019e-11
2.064 8.57164e-11
2.096 8.00726e-11
2.128 7.47892e-11
2.16 6.98874e-11
2.192 6.52486e-11
2.224 6.09853e-11
2.256 5.71485e-11
2.288 5.34546e-11
2.32 5.00319e-11
2.352 4.68574e-11
2.384 4.39139e-11
2.416 4.11799e-11
2.448 3.84886e-11
2.48 3.61127e-11
2.512 3.39032e-11
2.544 3.17528e-11
2.576 2.97886e-11
2.608 2.79944e-11
2.64 2.62467e-11
2.672 2.46839e-11
2.704 2.33495e-11
2.736 2.19613e-11
2.768 2.06207e-11
2.8 1.93821e-11
2.832 1.82322e-11
2.864 1.71247e-11
2.896 1.61163e-11
2.928 1.51572e-11
2.96 1.42448e-11
2.992 1.34073e-11
3.024 1.26433e-11
3.056 1.18778e-11
3.088 1.11771e-11
3.12 1.05513e-11
3.152 9.92104e-12
3.184 9.34977e-12
3.216 8.79544e-12
3.248 8.29933e-12
3.28 7.82272e-12
3.312 7.37141e-12
3.344 6.94785e-12
3.376 6.54952e-12
3.408 6.1812e-12
3.44 5.82597e-12
3.472 5.49483e-12
3.504 5.1895e-12
3.536 4.88556e-12
3.568 4.61894e-12
3.6 4.36556e-12
3.632 4.1132e-12
3.664 3.88752e-12
3.696 3.66554e-12
3.728 3.43619e-12
3.76 3.24244e-12
3.792 3.06388e-12
3.824 2.89344e-12
3.856 2.73801e-12
3.888 2.59314e-12
3.92 2.43981e-12
3.952 2.31094e-12
3.984 2.18395e-12
4.016 2.06367e-12
4.048 1.94956e-12
4.08 1.84455e-12
4.112 1.74092e-12
4.144 1.64788e-12
4.176 1.55893e-12
4.208 1.47288e-12
4.24 1.39394e-12
4.272 1.31943e-12
4.304 1.24843e-12
4.336 1.18007e-12
4.368 1.11629e-12
4.4 1.05515e-12
4.432 1.00007e-12
4.464 9.4619e-13
4.496 8.9738e-13
4.528 8.50622e-13
4.56 8.06529e-13
4.592 7.62253e-13
4.624 7.21247e-13
4.656 6.82102e-13
4.688 6.46128e-13
4.72 6.11297e-13
4.752 6.16071e-13
4.784 5.82774e-13
4.816 5.52858e-13
4.848 5.23271e-13
4.88 4.95974e-13
4.912 4.69434e-13
4.944 4.45678e-13
4.976 4.22298e-13
5.008 3.9026e-13
5.04 3.68644e-13
5.072 3.50526e-13
5.104 3.31662e-13
5.136 3.14977e-13
5.168 2.97975e-13
5.2 2.82426e-13
5.232 2.6795e-13
5.264 2.53938e-13
5.296 2.40523e-13
5.328 2.2769e-13
5.36 2.16077e-13
5.392 2.04257e-13
5.424 1.93855e-13
5.456 1.83891e-13
5.488 1.74322e-13
5.52 1.65294e-13
5.552 1.56476e-13
5.584 1.48349e-13
5.616 1.41049e-13
5.648 1.33375e-13
5.68 1.26623e-13
5.712 1.20185e-13
5.744 1.13753e-13
5.776 1.07942e-13
5.808 1.02394e-13
5.84 9.71909e-14
5.872 9.19675e-14
5.904 8.73459e-14
5.936 8.28969e-14
5.968 7.8484e-14
6 7.44005e-14
6.032 7.06815e-14
6.064 6.6899e-14
6.096 6.34749e-14
6.128 6.02767e-14
6.16 5.71674e-14
6.192 5.4143e-14
6.224 5.12472e-14
6.256 4.88171e-14
6.288 4.629e-14
6.32 4.38744e-14
6.352 4.15184e-14
6.384 3.94269e-14
6.416 3.74144e-14
6.448 3.55405e-14
6.48 3.37387e-14
6.512 3.19814e-14
6.544 3.03924e-14
6.576 2.88524e-14
6.608 2.72822e-14
6.64 2.59646e-14
6.672 2.46101e-14
6.704 2.33469e-14
6.736 2.21189e-14
6.768 2.10474e-14
6.8 1.99713e-14
6.832 1.89609e-14
6.864 1.80331e-14
6.896 1.70712e-14
6.928 1.61804e-14
6.96 1.53296e-14
6.992 1.4574e-14
7.024 1.38222e-14
7.056 1.31339e-14
7.088 1.24576e-14
7.12 1.17949e-14
7.152 1.12073e-14
7.184 1.0627e-14
7.216 1.01058e-14
7.248 9.57083e-15
7.28 9.06329e-15
7.312 8.63387e-15
7.344 8.19596e-15
7.376 7.74699e-15
7.408 7.36739e-15
7.44 6.97927e-15
7.472 6.64006e-15
7.504 6.30165e-15
7.536 5.97677e-15
7.568 5.65488e-15
7.6 5.37518e-15
7.632 5.10537e-15
7.664 4.83479e-15
7.696 4.59521e-15
7.728 4.36777e-15
7.76 4.13783e-15
7.792 3.92771e-15
7.824 3.72513e-15
7.856 3.53297e-15
7.888 3.36151e-15
7.92 3.18372e-15
7.952 3.02149e-15
7.984 2.86409e-15
8.016 2.71578e-15
8.048 2.57327e-15
8.08 2.44898e-15
8.112 2.3212e-15
8.144 2.19826e-15
8.176 2.08962e-15
8.208 1.98526e-15
8.24 1.88371e-15
8.272 1.79044e-15
8.304 1.69695e-15
8.336 1.60756e-15
8.368 1.52943e-15
8.4 1.45136e-15
8.432 1.37729e-15
8.464 1.30131e-15
8.496 1.23979e-15
8.528 1.17378e-15
8.56 1.11229e-15
8.592 1.06034e-15
8.624 1.0074e-15
8.656 9.50358e-16
8.688 9.03122e-16
8.72 8.56771e-16
8.752 8.13289e-16
8.784 7.73641e-16
8.816 7.31891e-16
8.848 6.94628e-16
8.88 6.61838e-16
8.912 6.27477e-16
8.944 5.95915e-16
8.976 5.66032e-16
9.008 5.37324e-16
9.04 5.08394e-16
9.072 4.8278e-16
9.104 4.58914e-16
9.136 4.33215e-16
9.168 4.13699e-16
9.2 3.91603e-16
9.232 3.71882e-16
9.264 3.52899e-16
9.296 3.33417e-16
9.328 3.17764e-16
9.36 3.0019e-16
9.392 2.85575e-16
9.424 2.70108e-16
9.456 2.57027e-16
9.488 2.4383e-16
9.52 2.31783e-16
9.552 2.19789e-16
9.584 2.083e-16
9.616 1.97455e-16
9.648 1.87727e-16
9.68 1.78603e-16
9.712 1.6916e-16
9.744 1.60186e-16
9.776 1.52102e-16
9.808 1.44556e-16
9.84 1.36723e-16
9.872 1.30073e-16
9.904 1.23235e-16
9.936 1.17225e-16
9.968 1.11006e-16
10 1.05328e-16
10.032 1.00229e-16
10.064 9.50831e-17
10.096 9.0051e-17
10.128 8.54597e-17
10.16 8.09342e-17
10.192 7.67904e-17
10.224 7.27657e-17
10.256 6.90812e-17
10.288 6.56424e-17
10.32 6.21939e-17
10.352 5.89806e-17
10.384 5.59653e-17
10.416 5.31187e-17
10.448 5.05403e-17
10.48 4.77518e-17
10.512 4.54455e-17
10.544 4.31833e-17
10.576 4.07496e-17
10.608 3.87972e-17
10.64 3.68219e-17
10.672 3.48463e-17
10.704 3.30613e-17
10.736 3.14254e-17
10.768 2.97922e-17
10.8 2.82592e-17
10.832 2.67797e-17
10.864 2.54183e-17
10.896 2.41589e-17
10.928 2.29163e-17
10.96 2.17781e-17
10.992 2.06097e-17
11.024 1.95668e-17
11.056 1.86017e-17
11.088 1.75777e-17
11.12 1.67197e-17
11.152 1.58247e-17
11.184 1.50467e-17
11.216 1.42043e-17
11.248 1.35244e-17
11.28 1.28794e-17
11.312 1.21985e-17
11.344 1.15199e-17
11.376 1.09745e-17
11.408 1.04172e-17
11.44 9.87043e-18
11.472 9.38874e-18
11.504 8.88646e-18
11.536 8.42349e-18
11.568 8.03574e-18
11.6 7.59198e-18
11.632 7.19655e-18
11.664 6.82283e-18
11.696 6.49158e-18
11.728 6.15995e-18
11.76 5.84421e-18
11.792 5.55221e-18
11.824 5.25466e-18
11.856 4.96747e-18
11.888 4.74688e-18
11.92 4.47276e-18
11.952 4.24962e-18
11.984 4.04165e-18
12.016 3.81509e-18
12.048 3.63571e-18
12.08 3.44282e-18
12.112 3.26985e-18
12.144 3.09757e-18
12.176 2.94369e-18
12.208 2.79146e-18
12.24 2.63741e-18
12.272 2.51226e-18
12.304 2.38626e-18
12.336 2.25842e-18
12.368 2.13551e-18
12.4 2.03628e-18
12.432 1.93311e-18
12.464 1.83374e-18
12.496 1.73821e-18
12.528 1.64919e-18
12.56 1.56826e-18
12.592 1.48313e-18
12.624 1.40867e-18
12.656 1.33238e-18
12.688 1.26062e-18
12.72 1.19879e-18
12.752 1.1384e-18
12.784 1.07785e-18
12.816 1.02884e-18
12.848 9.7165e-19
12.88 9.24666e-19
12.912 8.793e-19
12.944 8.32922e-19
12.976 7.8853e-19
13.008 7.48432e-19
13.04 7.08816e-19
13.072 6.71523e-19
13.104 6.40559e-19
13.136 6.03861e-19
13.168 5.74082e-19
13.2 5.47179e-19
13.232 5.20615e-19
13.264 4.94059e-19
13.296 4.67458e-19
13.328 4.4194e-19
13.36 4.22382e-19
13.392 3.99583e-19
13.424 3.78958e-19
13.456 3.58503e-19
13.488 3.4152e-19
13.52 3.2373e-19
13.552 3.05345e-19
13.584 2.90927e-19
13.616 2.76222e-19
13.648 2.61288e-19
13.68 2.48024e-19
13.712 2.34512e-19
13.744 2.22231e-19
13.776 2.11035e-19
13.808 2.01281e-19
13.84 1.90554e-19
13.872 1.81381e-19
13.904 1.71856e-19
13.936 1.62182e-19
13.968 1.54598e-19
14 1.46326e-19
14.032 1.39385e-19
14.064 1.31342e-19
14.096 1.25177e-19
14.128 1.19156e-19
14.16 1.12296e-19
14.192 1.06611e-19
14.224 1.01477e-19
14.256 9.63646e-20
14.288 9.10746e-20
14.32 8.61382e-20
14.352 8.19004e-20
14.384 7.78408e-20
14.416 7.38965e-20
14.448 7.00337e-20
14.48 6.65354e-20
14.512 6.3076e-20
14.544 5.95125e-20
14.576 5.64817e-20
14.608 5.34721e-20
14.64 5.08898e-20
14.672 4.83296e-20
14.704 4.56458e-20
14.736 4.32582e-20
14.768 4.13218e-20
14.8 3.90645e-20
14.832 3.71742e-20
14.864 3.50985e-20
14.896 3.34786e-20
14.928 3.16105e-20
14.96 3.00732e-20
14.992 2.8617e-20
15.024 2.71115e-20
15.056 2.561e-20
15.088 2.42589e-20
15.12 2.3052e-20
15.152 2.18693e-20
15.184 2.08105e-20
15.216 1.96769e-20
15.248 1.87056e-20
15.28 1.76621e-20
15.312 1.68349e-20
15.344 1.59015e-20
15.376 1.50991e-20
15.408 1.4262e-20
15.44 1.36068e-20
15.472 1.28945e-20
15.504 1.22153e-20
15.536 1.16479e-20
15.568 1.09833e-20
15.6 1.04841e-20
15.632 9.9469e-21
15.664 9.36547e-21
15.696 8.87457e-21
15.728 8.46301e-21
15.76 8.0196e-21
15.792 7.57864e-21
15.824 7.20509e-21
15.856 6.86055e-21
15.888 6.50055e-21
15.92 6.15553e-21
15.952 5.82561e-21
15.984 5.54014e-21
16.016 5.26394e-21
16.048 4.9844e-21
16.08 4.72955e-21
16.112 4.46536e-21
16.144 4.27325e-21
16.176 4.0161e-21
16.208 3.82361e-21
16.24 3.64293e-21
16.272 3.44264e-21
16.304 3.26894e-21
16.336 3.09637e-21
16.368 2.93763e-21
16.4 2.77523e-21
16.432 2.64056e-21
16.464 2.50157e-21
16.496 2.3855e-21
16.528 2.2627e-21
16.56 2.13796e-21
16.592 2.02983e-21
16.624 1.93077e-21
16.656 1.82964e-21
16.688 1.73526e-21
16.72 1.64347e-21
16.752 1.5577e-21
16.784 1.47953e-21
16.816 1.40645e-21
16.848 1.33049e-21
16.88 1.26093e-21
16.912 1.19807e-21
16.944 1.13809e-21
16.976 1.07785e-21
17.008 1.02197e-21
17.04 9.66636e-22
17.072 9.18527e-22
17.104 8.69143e-22
17.136 8.29525e-22
17.168 7.86692e-22
17.2 7.43967e-22
17.232 7.11445e-22
17.264 6.70158e-22
17.296 6.32364e-22
17.328 6.04235e-22
17.36 5.70612e-22
17.392 5.44785e-22
17.424 5.13256e-22
17.456 4.89469e-22
17.488 4.64105e-22
17.52 4.38179e-22
17.552 4.15863e-22
17.584 3.97197e-22
17.616 3.77559e-22
17.648 3.56541e-22
17.68 3.38308e-22
17.712 3.20455e-22
17.744 3.03805e-22
17.776 2.88428e-22
17.808 2.71336e-22
17.84 2.58288e-22
17.872 2.46052e-22
17.904 2.33486e-22
17.936 2.21074e-22
17.968 2.0889e-22
18 1.99165e-22
18.032 1.8799e-22
18.064 1.78407e-22
18.096 1.69432e-22
18.128 1.60959e-22
18.16 1.52284e-22
18.192 1.44877e-22
18.224 1.36481e-22
18.256 1.30752e-22
18.288 1.23523e-22
18.32 1.16934e-22
18.352 1.10753e-22
18.384 1.05736e-22
18.416 1.00079e-22
18.448 9.50345e-23
18.48 9.01508e-23
18.512 8.53485e-23
18.544 8.06574e-23
18.576 7.67161e-23
18.608 7.26404e-23
18.64 6.91666e-23
18.672 6.53774e-23
18.704 6.21603e-23
18.736 5.90718e-23
18.768 5.60151e-23
18.8 5.30615e-23
18.832 5.02279e-23
18.864 4.76426e-23
18.896 4.52663e-23
18.928 4.27802e-23
18.96 4.08805e-23
18.992 3.85671e-23
19.024 3.67076e-23
19.056 3.47193e-23
19.088 3.29509e-23
19.12 3.09695e-23
19.152 2.95393e-23
19.184 2.82338e-23
19.216 2.67035e-23
19.248 2.51809e-23
19.28 2.4117e-23
19.312 2.27178e-23
19.344 2.15484e-23
19.376 2.03895e-23
19.408 1.93672e-23
19.44 1.84789e-23
19.472 1.75389e-23
19.504 1.65693e-23
19.536 1.57124e-23
19.568 1.49184e-23
19.6 1.41581e-23
19.632 1.3429e-23
19.664 1.26225e-23
19.696 1.20872e-23
19.728 1.14332e-23
19.76 1.08471e-23
19.792 1.03382e-23
19.824 9.73902e-24
19.856 9.19999e-24
19.888 8.751e-24
19.92 8.31537e-24
19.952 7.90266e-24
19.984 7.50224e-24
20.016 7.08857e-24
20.048 6.73568e-24
20.08 6.34846e-24
20.112 6.0655e-24
20.144 5.73794e-24
20.176 5.44981e-24
20.208 5.18043e-24
20.24 4.88933e-24
20.272 4.66386e-24
20.304 4.41594e-24
20.336 4.16206e-24
20.368 3.96675e-24
20.4 3.76159e-24
20.432 3.58197e-24
20.464 3.38737e-24
20.496 3.19886e-24
20.528 3.03808e-24
20.56 2.89172e-24
20.592 2.74272e-24
20.624 2.59422e-24
20.656 2.45686e-24
20.688 2.33751e-24
20.72 2.21171e-24
20.752 2.08068e-24
20.784 1.99991e-24
20.816 1.88897e-24
20.848 1.7887e-24
20.88 1.6945e-24
20.912 1.60045e-24
20.944 1.52652e-24
20.976 1.45502e-24
21.008 1.37266e-24
21.04 1.29221e-24
21.072 1.23013e-24
21.104 1.16427e-24
21.136 1.10656e-24
21.168 1.05443e-24
21.2 1.00018e-24
21.232 9.45541e-25
21.264 8.88839e-25
21.296 8.49253e-25
21.328 8.04815e-25
21.36 7.58421e-25
21.392 7.20565e-25
21.424 6.76719e-25
21.456 6.45268e-25
21.488 6.14051e-25
21.52 5.81141e-25
21.552 5.5008e-25
21.584 5.2088e-25
21.616 4.97287e-25
21.648 4.65332e-25
21.68 4.43519e-25
21.712 4.21822e-25
21.744 3.99232e-25
21.776 3.81455e-25
21.808 3.60018e-25
21.84 3.42164e-25
21.872 3.25055e-25
21.904 3.05596e-25
21.936 2.90326e-25
21.968 2.75632e-25
22 2.61058e-25
22.032 2.47893e-25
22.064 2.35059e-25
22.096 2.22375e-25
22.128 2.11854e-25
22.16 1.98522e-25
22.192 1.91096e-25
22.224 1.78933e-25
22.256 1.70255e-25
22.288 1.61142e-25
22.32 1.53085e-25
22.352 1.44843e-25
22.384 1.38169e-25
22.416 1.29771e-25
22.448 1.23516e-25
22.48 1.17653e-25
22.512 1.10796e-25
22.544 1.05578e-25
22.576 9.92975e-26
22.608 9.4651e-26
22.64 8.90324e-26
22.672 8.5021e-26
22.704 8.09834e-26
22.736 7.61146e-26
22.768 7.21026e-26
22.8 6.8441e-26
22.832 6.52449e-26
22.864 6.16431e-26
22.896 5.85814e-26
22.928 5.53762e-26
22.96 5.20288e-26
22.992 4.9688e-26
23.024 4.71508e-26
23.056 4.44156e-26
23.088 4.23991e-26
23.12 3.99762e-26
23.152 3.80419e-26
23.184 3.61716e-26
23.216 3.41114e-26
23.248 3.25923e-26
23.28 3.04521e-26
23.312 2.90715e-26
23.344 2.7447e-26
23.376 2.61212e-26
23.408 2.47453e-26
23.44 2.34437e-26
23.472 2.22934e-26
23.504 2.11159e-26
23.536 1.99573e-26
23.568 1.88472e-26
23.6 1.79192e-26
23.632 1.70853e-26
23.664 1.60147e-26
23.696 1.51475e-26
23.728 1.43872e-26
23.76 1.37623e-26
23.792 1.29374e-26
23.824 1.22853e-26
23.856 1.16062e-26
23.888 1.09643e-26
23.92 1.04621e-26
23.952 9.94192e-27
23.984 9.40957e-27
24.016 8.80582e-27
24.048 8.44505e-27
24.08 7.97833e-27
24.112 7.56884e-27
24.144 7.15368e-27
24.176 6.71077e-27
24.208 6.35405e-27
24.24 6.07055e-27
24.272 5.73628e-27
24.304 5.44353e-27
24.336 5.14316e-27
24.368 4.8789e-27
24.4 4.62208e-27
24.432 4.35588e-27
24.464 4.1535e-27
24.496 3.91994e-27
24.528 3.70766e-27
24.56 3.50334e-27
24.592 3.3209e-27
24.624 3.15493e-27
24.656 2.97745e-27
24.688 2.83491e-27
24.72 2.65334e-27
24.752 2.50351e-27
24.784 2.37841e-27
24.816 2.2793e-27
24.848 2.1484e-27
24.88 2.04057e-27
24.912 1.93596e-27
24.944 1.82898e-27
24.976 1.71675e-27
25.008 1.63579e-27
25.04 1.55673e-27
25.072 1.46595e-27
25.104 1.39176e-27
25.136 1.30454e-27
25.168 1.23857e-27
25.2 1.17959e-27
25.232 1.10728e-27
25.264 1.05693e-27
25.296 9.98479e-28
25.328 9.40473e-28
25.36 8.90417e-28
25.392 8.47285e-28
25.424 7.941e-28
25.456 7.60183e-28
25.488 7.07623e-28
25.52 6.72236e-28
25.552 6.36397e-28
25.584 6.05306e-28
25.616 5.71341e-28
25.648 5.39685e-28
25.68 5.10723e-28
25.712 4.8802e-28
25.744 4.57524e-28
25.776 4.34127e-28
25.808 4.11847e-28
25.84 3.8753e-28
25.872 3.66973e-28
25.904 3.47771e-28
25.936 3.26326e-28
25.968 3.09794e-28
26 2.91778e-28
26.032 2.76631e-28
26.064 2.62019e-28
26.096 2.45165e-28
26.128 2.34013e-28
26.16 2.18901e-28
26.192 2.10931e-28
26.224 1.96275e-28
26.256 1.86832e-28
26.288 1.77278e-28
26.32 1.66462e-28
26.352 1.56303e-28
26.384 1.48731e-28
26.416 1.40887e-28
26.448 1.33528e-28
26.48 1.24571e-28
26.512 1.1894e-28
26.544 1.11753e-28
26.576 1.05973e-28
26.608 9.96021e-29
26.64 9.5141e-29
26.672 8.94721e-29
26.704 8.46865e-29
26.736 8.02145e-29
26.768 7.51324e-29
26.8 7.09605e-29
26.832 6.79461e-29
26.864 6.33492e-29
26.896 6.05279e-29
26.928 5.67964e-29
26.96 5.32504e-29
26.992 5.06828e-29
27.024 4.77981e-29
27.056 4.50457e-29
27.088 4.20747e-29
27.12 4.00812e-29
27.152 3.7532e-29
27.184 3.56158e-29
27.216 3.36268e-29
27.248 3.16275e-29
27.28 2.98667e-29
27.312 2.84331e-29
27.344 2.65744e-29
27.376 2.50773e-29
27.408 2.37285e-29
27.44 2.24206e-29
27.472 2.08889e-29
27.504 1.97209e-29
27.536 1.86498e-29
27.568 1.78037e-29
27.6 1.66373e-29
27.632 1.57363e-29
27.664 1.48169e-29
27.696 1.38067e-29
27.728 1.32802e-29
27.76 1.25523e-29
27.792 1.16665e-29
27.824 1.11336e-29
27.856 1.03745e-29
27.888 9.80428e-30
27.92 9.15446e-30
27.952 8.67777e-30
27.984 8.18951e-30
28.016 7.78004e-30
28.048 7.19647e-30
28.08 6.87913e-30
28.112 6.49883e-30
28.144 6.14873e-30
28.176 5.71696e-30
28.208 5.38553e-30
28.24 5.00522e-30
28.272 4.75624e-30
28.304 4.4726e-30
28.336 4.20672e-30
28.368 3.95257e-30
28.4 3.70066e-30
28.432 3.49894e-30
28.464 3.34769e-30
28.496 3.1415e-30
28.528 2.92383e-30
28.56 2.74603e-30
28.592 2.57823e-30
28.624 2.46803e-30
28.656 2.27205e-30
28.688 2.1501e-30
28.72 2.02107e-30
28.752 1.89255e-30
28.784 1.77437e-30
28.816 1.6739e-30
28.848 1.56042e-30
28.88 1.46882e-30
28.912 1.38793e-30
28.944 1.29943e-30
28.976 1.2265e-30
29.008 1.1359e-30
29.04 1.08079e-30
29.072 9.95292e-31
29.104 9.36351e-31
29.136 8.70008e-31
29.168 8.26548e-31
29.2 7.81863e-31
29.232 7.23536e-31
29.264 6.92565e-31
29.296 6.31427e-31
29.328 6.04048e-31
29.36 5.6192e-31
29.392 5.3014e-31
29.424 4.92236e-31
29.456 4.57144e-31
29.488 4.32473e-31
29.52 4.00517e-31
29.552 3.76657e-31
29.584 3.54084e-31
29.616 3.33519e-31
29.648 3.036e-31
29.68 2.84528e-31
29.712 2.68511e-31
29.744 2.51028e-31
29.776 2.33068e-31
29.808 2.19016e-31
29.84 1.98844e-31
29.872 1.91725e-31
29.904 1.75936e-31
29.936 1.64482e-31
29.968 1.54409e-31
30 1.42675e-31
30.032 1.34296e-31
30.064 1.27428e-31
30.096 1.15567e-31
30.128 1.07712e-31
30.16 9.88461e-32
30.192 9.20364e-32
30.224 8.52015e-32
30.256 7.9302e-32
30.288 7.30416e-32
30.32 6.7301e-32
30.352 6.39078e-32
30.384 5.87867e-32
30.416 5.42606e-32
30.448 5.01178e-32
30.48 4.5543e-32
30.512 4.24684e-32
30.544 3.92124e-32
30.576 3.64756e-32
30.608 3.36966e-32
30.64 3.15356e-32
30.672 2.79493e-32
30.704 2.61682e-32
30.736 2.38739e-32
30.768 2.20098e-32
30.8 1.9666e-32
30.832 1.83184e-32
30.864 1.67526e-32
30.896 1.52698e-32
30.928 1.39515e-32
30.96 1.29351e-32
30.992 1.17585e-32
31.024 1.05496e-32
31.056 9.55137e-33
31.088 8.97653e-33
31.12 8.01847e-33
31.152 7.10258e-33
31.184 6.50794e-33
31.216 5.83183e-33
31.248 5.07165e-33
31.28 4.48086e-33
31.312 4.0188e-33
31.344 3.58377e-33
31.376 3.11114e-33
31.408 2.88561e-33
31.44 2.47708e-33
31.472 2.13068e-33
31.504 1.90763e-33
31.536 1.61921e-33
31.568 1.3568e-33
31.6 1.17577e-33
31.632 1.04462e-33
31.664 7.99888e-34
31.696 7.21907e-34
31.728 5.85308e-34
31.76 4.13938e-34
31.792 3.13657e-34
31.824 2.49868e-34
31.856 1.54854e-34
31.888 9.7366e-35
31.92 5.62299e-35
31.952 2.40903e-35
31.984 1.94173e-36
