#1:M 2:dN/MdM dy_q d2xT
0.016 1.27947e-05
0.048 1.23849e-05
0.08 1.15456e-05
0.112 1.03916e-05
0.144 9.19691e-06
0.176 8.05161e-06
0.208 7.00769e-06
0.24 6.08194e-06
0.272 5.26163e-06
0.304 4.5474e-06
0.336 3.91796e-06
0.368 3.37756e-06
0.4 2.90027e-06
0.432 2.49727e-06
0.464 2.15175e-06
0.496 1.85225e-06
0.528 1.59489e-06
0.56 1.37448e-06
0.592 1.18084e-06
0.624 1.01838e-06
0.656 8.77566e-07
0.688 7.582e-07
0.72 6.54884e-07
0.752 5.66601e-07
0.784 4.90408e-07
0.816 4.25008e-07
0.848 3.67924e-07
0.88 3.19325e-07
0.912 2.76941e-07
0.944 2.40762e-07
0.976 2.09677e-07
1.008 1.82855e-07
1.04 1.59561e-07
1.072 1.3939e-07
1.104 1.2174e-07
1.136 1.06661e-07
1.168 9.32404e-08
1.2 8.17834e-08
1.232 7.18601e-08
1.264 6.32053e-08
1.296 5.56494e-08
1.328 4.9026e-08
1.36 4.30927e-08
1.392 3.80577e-08
1.424 3.35915e-08
1.456 2.97609e-08
1.488 2.63624e-08
1.52 2.34069e-08
1.552 2.07735e-08
1.584 1.84684e-08
1.616 1.64466e-08
1.648 1.46456e-08
1.68 1.29841e-08
1.712 1.15912e-08
1.744 1.03637e-08
1.776 9.26825e-09
1.808 8.30122e-09
1.84 7.43846e-09
1.872 6.67195e-09
1.904 5.99457e-09
1.936 5.38272e-09
1.968 4.84334e-09
2 4.36013e-09
2.032 3.93009e-09
2.064 3.54708e-09
2.096 3.2024e-09
2.128 2.89546e-09
2.16 2.62002e-09
2.192 2.36852e-09
2.224 2.1474e-09
2.256 1.94607e-09
2.288 1.76768e-09
2.32 1.60597e-09
2.352 1.46018e-09
2.384 1.33128e-09
2.416 1.21152e-09
2.448 1.10322e-09
2.48 1.00553e-09
2.512 9.18725e-10
2.544 8.3809e-10
2.576 7.6651e-10
2.608 7.00596e-10
2.64 6.41435e-10
2.672 5.87412e-10
2.704 5.42032e-10
2.736 4.97108e-10
2.768 4.56257e-10
2.8 4.19079e-10
2.832 3.84938e-10
2.864 3.53758e-10
2.896 3.25179e-10
2.928 2.99236e-10
2.96 2.75412e-10
2.992 2.53751e-10
3.024 2.33903e-10
3.056 2.15762e-10
3.088 1.99098e-10
3.12 1.83932e-10
3.152 1.69921e-10
3.184 1.57096e-10
3.216 1.45154e-10
3.248 1.34226e-10
3.28 1.24232e-10
3.312 1.15019e-10
3.344 1.06599e-10
3.376 9.88065e-11
3.408 9.15141e-11
3.44 8.4859e-11
3.472 7.87369e-11
3.504 7.30645e-11
3.536 6.79001e-11
3.568 6.31305e-11
3.6 5.86339e-11
3.632 5.45717e-11
3.664 5.08035e-11
3.696 4.72013e-11
3.728 4.3647e-11
3.76 4.06223e-11
3.792 3.78383e-11
3.824 3.52816e-11
3.856 3.28916e-11
3.888 3.06711e-11
3.92 2.8603e-11
3.952 2.66997e-11
3.984 2.49124e-11
4.016 2.32725e-11
4.048 2.17399e-11
4.08 2.03188e-11
4.112 1.89806e-11
4.144 1.77229e-11
4.176 1.65876e-11
4.208 1.55109e-11
4.24 1.45184e-11
4.272 1.35894e-11
4.304 1.26933e-11
4.336 1.19013e-11
4.368 1.11411e-11
4.4 1.04339e-11
4.432 9.77601e-12
4.464 9.16895e-12
4.496 8.6265e-12
4.528 8.07747e-12
4.56 7.5843e-12
4.592 7.11317e-12
4.624 6.67165e-12
4.656 6.26125e-12
4.688 5.88066e-12
4.72 5.51966e-12
4.752 5.50402e-12
4.784 5.17063e-12
4.816 4.85218e-12
4.848 4.56249e-12
4.88 4.28346e-12
4.912 4.0259e-12
4.944 3.78789e-12
4.976 3.5591e-12
5.008 3.26969e-12
5.04 3.07802e-12
5.072 2.89526e-12
5.104 2.72467e-12
5.136 2.56503e-12
5.168 2.41213e-12
5.2 2.27106e-12
5.232 2.13831e-12
5.264 2.01226e-12
5.296 1.89721e-12
5.328 1.78526e-12
5.36 1.6802e-12
5.392 1.58219e-12
5.424 1.49033e-12
5.456 1.4066e-12
5.488 1.32661e-12
5.52 1.25021e-12
5.552 1.17827e-12
5.584 1.1107e-12
5.616 1.04796e-12
5.648 9.88033e-13
5.68 9.32246e-13
5.712 8.79542e-13
5.744 8.29299e-13
5.776 7.83311e-13
5.808 7.38542e-13
5.84 6.97841e-13
5.872 6.57946e-13
5.904 6.21274e-13
5.936 5.86528e-13
5.968 5.53735e-13
6 5.22427e-13
6.032 4.9395e-13
6.064 4.65842e-13
6.096 4.40472e-13
6.128 4.17208e-13
6.16 3.93203e-13
6.192 3.7125e-13
6.224 3.50938e-13
6.256 3.31573e-13
6.288 3.13584e-13
6.32 2.96227e-13
6.352 2.79835e-13
6.384 2.64409e-13
6.416 2.50079e-13
6.448 2.36512e-13
6.48 2.23918e-13
6.512 2.1162e-13
6.544 2.00145e-13
6.576 1.89394e-13
6.608 1.79266e-13
6.64 1.69253e-13
6.672 1.60128e-13
6.704 1.51573e-13
6.736 1.43206e-13
6.768 1.3556e-13
6.8 1.28585e-13
6.832 1.21879e-13
6.864 1.15286e-13
6.896 1.09026e-13
6.928 1.03138e-13
6.96 9.77502e-14
6.992 9.23313e-14
7.024 8.75445e-14
7.056 8.28862e-14
7.088 7.84609e-14
7.12 7.41822e-14
7.152 7.02504e-14
7.184 6.65157e-14
7.216 6.30271e-14
7.248 5.96261e-14
7.28 5.65166e-14
7.312 5.35482e-14
7.344 5.07485e-14
7.376 4.80587e-14
7.408 4.543e-14
7.44 4.30137e-14
7.472 4.0823e-14
7.504 3.86464e-14
7.536 3.66474e-14
7.568 3.4641e-14
7.6 3.28281e-14
7.632 3.11567e-14
7.664 2.95257e-14
7.696 2.7912e-14
7.728 2.64687e-14
7.76 2.51229e-14
7.792 2.37858e-14
7.824 2.25224e-14
7.856 2.13809e-14
7.888 2.02509e-14
7.92 1.91819e-14
7.952 1.81977e-14
7.984 1.72144e-14
8.016 1.6337e-14
8.048 1.54617e-14
8.08 1.46904e-14
8.112 1.39122e-14
8.144 1.31863e-14
8.176 1.25162e-14
8.208 1.18533e-14
8.24 1.12384e-14
8.272 1.06649e-14
8.304 1.01057e-14
8.336 9.59725e-15
8.368 9.08807e-15
8.4 8.61224e-15
8.432 8.16237e-15
8.464 7.74337e-15
8.496 7.34273e-15
8.528 6.97521e-15
8.56 6.60356e-15
8.592 6.26708e-15
8.624 5.9414e-15
8.656 5.63287e-15
8.688 5.34263e-15
8.72 5.06906e-15
8.752 4.81033e-15
8.784 4.56193e-15
8.816 4.32556e-15
8.848 4.11239e-15
8.88 3.90407e-15
8.912 3.70482e-15
8.944 3.51451e-15
8.976 3.33292e-15
9.008 3.16229e-15
9.04 2.99145e-15
9.072 2.8355e-15
9.104 2.6968e-15
9.136 2.55547e-15
9.168 2.42611e-15
9.2 2.30364e-15
9.232 2.18206e-15
9.264 2.0699e-15
9.296 1.9655e-15
9.328 1.86501e-15
9.36 1.76432e-15
9.392 1.67664e-15
9.424 1.59211e-15
9.456 1.51227e-15
9.488 1.43205e-15
9.52 1.35915e-15
9.552 1.2902e-15
9.584 1.22414e-15
9.616 1.16353e-15
9.648 1.10414e-15
9.68 1.04634e-15
9.712 9.94544e-16
9.744 9.42079e-16
9.776 8.95789e-16
9.808 8.5171e-16
9.84 8.05098e-16
9.872 7.6447e-16
9.904 7.24727e-16
9.936 6.87668e-16
9.968 6.52741e-16
10 6.19061e-16
10.032 5.88954e-16
10.064 5.58808e-16
10.096 5.30139e-16
10.128 5.03464e-16
10.16 4.77437e-16
10.192 4.54083e-16
10.224 4.29733e-16
10.256 4.07928e-16
10.288 3.88137e-16
10.32 3.6748e-16
10.352 3.49106e-16
10.384 3.31023e-16
10.416 3.1381e-16
10.448 2.99603e-16
10.48 2.83385e-16
10.512 2.68231e-16
10.544 2.55424e-16
10.576 2.41745e-16
10.608 2.30145e-16
10.64 2.18471e-16
10.672 2.06986e-16
10.704 1.96685e-16
10.736 1.86493e-16
10.768 1.77257e-16
10.8 1.68307e-16
10.832 1.59652e-16
10.864 1.5144e-16
10.896 1.43841e-16
10.928 1.36611e-16
10.96 1.29982e-16
10.992 1.23234e-16
11.024 1.17114e-16
11.056 1.11238e-16
11.088 1.05483e-16
11.12 1.00008e-16
11.152 9.50969e-17
11.184 9.01997e-17
11.216 8.56951e-17
11.248 8.13328e-17
11.28 7.71406e-17
11.312 7.33614e-17
11.344 6.96112e-17
11.376 6.59567e-17
11.408 6.27055e-17
11.44 5.94178e-17
11.472 5.64962e-17
11.504 5.3575e-17
11.536 5.08811e-17
11.568 4.84574e-17
11.6 4.59323e-17
11.632 4.34725e-17
11.664 4.13946e-17
11.696 3.9399e-17
11.728 3.72533e-17
11.76 3.54155e-17
11.792 3.36096e-17
11.824 3.18793e-17
11.856 3.03137e-17
11.888 2.87849e-17
11.92 2.72711e-17
11.952 2.58921e-17
11.984 2.46799e-17
12.016 2.33387e-17
12.048 2.22179e-17
12.08 2.10868e-17
12.112 2.00091e-17
12.144 1.89946e-17
12.176 1.80443e-17
12.208 1.71223e-17
12.24 1.62429e-17
12.272 1.54608e-17
12.304 1.46438e-17
12.336 1.3945e-17
12.368 1.31701e-17
12.4 1.25247e-17
12.432 1.19263e-17
12.464 1.13217e-17
12.496 1.07511e-17
12.528 1.01924e-17
12.56 9.67661e-18
12.592 9.18568e-18
12.624 8.71519e-18
12.656 8.28742e-18
12.688 7.85865e-18
12.72 7.44988e-18
12.752 7.08736e-18
12.784 6.74451e-18
12.816 6.39599e-18
12.848 6.07365e-18
12.88 5.75299e-18
12.912 5.45186e-18
12.944 5.20922e-18
12.976 4.93429e-18
13.008 4.69161e-18
13.04 4.43917e-18
13.072 4.22854e-18
13.104 4.00548e-18
13.136 3.8031e-18
13.168 3.61623e-18
13.2 3.44823e-18
13.232 3.2692e-18
13.264 3.10254e-18
13.296 2.95989e-18
13.328 2.80302e-18
13.36 2.66073e-18
13.392 2.53418e-18
13.424 2.39916e-18
13.456 2.26554e-18
13.488 2.16681e-18
13.52 2.05523e-18
13.552 1.95582e-18
13.584 1.8545e-18
13.616 1.75485e-18
13.648 1.66522e-18
13.68 1.58804e-18
13.712 1.50532e-18
13.744 1.42785e-18
13.776 1.35539e-18
13.808 1.28948e-18
13.84 1.22253e-18
13.872 1.16085e-18
13.904 1.09996e-18
13.936 1.04473e-18
13.968 9.94255e-19
14 9.42817e-19
14.032 8.9752e-19
14.064 8.48993e-19
14.096 8.06073e-19
14.128 7.66641e-19
14.16 7.27247e-19
14.192 6.92552e-19
14.224 6.56513e-19
14.256 6.22327e-19
14.288 5.90177e-19
14.32 5.6066e-19
14.352 5.32344e-19
14.384 5.05386e-19
14.416 4.79919e-19
14.448 4.55312e-19
14.48 4.32484e-19
14.512 4.10998e-19
14.544 3.90989e-19
14.576 3.70667e-19
14.608 3.50799e-19
14.64 3.33523e-19
14.672 3.16082e-19
14.704 3.00149e-19
14.736 2.85437e-19
14.768 2.70696e-19
14.8 2.56795e-19
14.832 2.44758e-19
14.864 2.31561e-19
14.896 2.20211e-19
14.928 2.08859e-19
14.96 1.98572e-19
14.992 1.88406e-19
15.024 1.78973e-19
15.056 1.70201e-19
15.088 1.60798e-19
15.12 1.53146e-19
15.152 1.45218e-19
15.184 1.38243e-19
15.216 1.3098e-19
15.248 1.24001e-19
15.28 1.18307e-19
15.312 1.12125e-19
15.344 1.06221e-19
15.376 1.00945e-19
15.408 9.57117e-20
15.44 9.10939e-20
15.472 8.6143e-20
15.504 8.19249e-20
15.536 7.79823e-20
15.568 7.39213e-20
15.6 7.03008e-20
15.632 6.66887e-20
15.664 6.32971e-20
15.696 5.99134e-20
15.728 5.70154e-20
15.76 5.418e-20
15.792 5.14004e-20
15.824 4.87403e-20
15.856 4.60485e-20
15.888 4.38635e-20
15.92 4.18155e-20
15.952 3.9546e-20
15.984 3.74375e-20
16.016 3.5873e-20
16.048 3.38641e-20
16.08 3.22093e-20
16.112 3.05002e-20
16.144 2.8869e-20
16.176 2.74331e-20
16.208 2.60101e-20
16.24 2.4872e-20
16.272 2.35766e-20
16.304 2.22872e-20
16.336 2.11982e-20
16.368 2.01328e-20
16.4 1.91013e-20
16.432 1.80708e-20
16.464 1.7196e-20
16.496 1.63835e-20
16.528 1.55414e-20
16.56 1.47268e-20
16.592 1.39932e-20
16.624 1.32363e-20
16.656 1.25991e-20
16.688 1.18847e-20
16.72 1.13476e-20
16.752 1.07317e-20
16.784 1.02288e-20
16.816 9.67743e-21
16.848 9.20709e-21
16.88 8.76344e-21
16.912 8.27466e-21
16.944 7.86491e-21
16.976 7.47707e-21
17.008 7.10857e-21
17.04 6.69465e-21
17.072 6.38295e-21
17.104 6.04881e-21
17.136 5.75316e-21
17.168 5.45742e-21
17.2 5.17779e-21
17.232 4.92725e-21
17.264 4.66015e-21
17.296 4.41424e-21
17.328 4.20883e-21
17.36 3.97561e-21
17.392 3.79282e-21
17.424 3.59545e-21
17.456 3.40169e-21
17.488 3.24149e-21
17.52 3.07148e-21
17.552 2.91738e-21
17.584 2.76411e-21
17.616 2.62686e-21
17.648 2.49605e-21
17.68 2.3667e-21
17.712 2.23658e-21
17.744 2.12979e-21
17.776 2.02352e-21
17.808 1.91438e-21
17.84 1.81946e-21
17.872 1.72423e-21
17.904 1.64297e-21
17.936 1.56035e-21
17.968 1.47988e-21
18 1.40581e-21
18.032 1.32653e-21
18.064 1.26242e-21
18.096 1.1995e-21
18.128 1.13699e-21
18.16 1.07696e-21
18.192 1.02705e-21
18.224 9.70164e-22
18.256 9.22779e-22
18.288 8.76195e-22
18.32 8.25089e-22
18.352 7.86908e-22
18.384 7.51056e-22
18.416 7.10262e-22
18.448 6.73048e-22
18.48 6.40056e-22
18.512 6.06932e-22
18.544 5.76076e-22
18.576 5.46268e-22
18.608 5.16571e-22
18.64 4.90901e-22
18.672 4.65867e-22
18.704 4.43124e-22
18.736 4.19689e-22
18.768 3.98494e-22
18.8 3.77161e-22
18.832 3.59771e-22
18.864 3.38626e-22
18.896 3.24194e-22
18.928 3.0641e-22
18.96 2.91085e-22
18.992 2.75845e-22
19.024 2.62314e-22
19.056 2.48715e-22
19.088 2.36594e-22
19.12 2.2199e-22
19.152 2.12387e-22
19.184 2.01375e-22
19.216 1.91019e-22
19.248 1.80233e-22
19.28 1.71191e-22
19.312 1.63376e-22
19.344 1.55441e-22
19.376 1.4772e-22
19.408 1.38538e-22
19.44 1.32434e-22
19.472 1.25052e-22
19.504 1.18661e-22
19.536 1.12984e-22
19.568 1.07323e-22
19.6 1.01465e-22
19.632 9.63641e-23
19.664 9.18449e-23
19.696 8.67171e-23
19.728 8.27025e-23
19.76 7.84508e-23
19.792 7.40608e-23
19.824 7.04191e-23
19.856 6.69409e-23
19.888 6.35788e-23
19.92 6.02406e-23
19.952 5.68988e-23
19.984 5.4179e-23
20.016 5.15778e-23
20.048 4.86465e-23
20.08 4.61608e-23
20.112 4.41198e-23
20.144 4.16397e-23
20.176 3.96821e-23
20.208 3.7398e-23
20.24 3.56536e-23
20.272 3.39745e-23
20.304 3.21772e-23
20.336 3.02427e-23
20.368 2.89599e-23
20.4 2.74304e-23
20.432 2.60043e-23
20.464 2.47937e-23
20.496 2.34207e-23
20.528 2.22556e-23
20.56 2.11123e-23
20.592 2.00804e-23
20.624 1.91501e-23
20.656 1.81242e-23
20.688 1.72774e-23
20.72 1.63545e-23
20.752 1.55154e-23
20.784 1.47335e-23
20.816 1.40577e-23
20.848 1.32834e-23
20.88 1.26274e-23
20.912 1.19669e-23
20.944 1.13704e-23
20.976 1.08758e-23
21.008 1.03365e-23
21.04 9.7408e-24
21.072 9.24271e-24
21.104 8.87479e-24
21.136 8.35494e-24
21.168 8.00428e-24
21.2 7.58634e-24
21.232 7.20501e-24
21.264 6.85495e-24
21.296 6.5498e-24
21.328 6.21801e-24
21.36 5.92764e-24
21.392 5.5747e-24
21.424 5.31072e-24
21.456 5.08078e-24
21.488 4.83007e-24
21.52 4.60988e-24
21.552 4.39929e-24
21.584 4.16854e-24
21.616 4.00383e-24
21.648 3.7912e-24
21.68 3.63566e-24
21.712 3.47944e-24
21.744 3.31206e-24
21.776 3.18245e-24
21.808 3.04125e-24
21.84 2.93138e-24
21.872 2.79144e-24
21.904 2.66441e-24
21.936 2.54008e-24
21.968 2.44215e-24
22 2.36094e-24
22.032 2.24267e-24
22.064 2.17336e-24
22.096 2.0798e-24
22.128 1.98747e-24
22.16 1.93246e-24
22.192 1.86093e-24
22.224 1.78753e-24
22.256 1.72869e-24
22.288 1.65662e-24
22.32 1.60934e-24
22.352 1.56094e-24
22.384 1.49871e-24
22.416 1.45808e-24
22.448 1.41637e-24
22.48 1.3651e-24
22.512 1.33026e-24
22.544 1.29709e-24
22.576 1.26175e-24
22.608 1.22905e-24
22.64 1.19547e-24
22.672 1.16573e-24
22.704 1.13914e-24
22.736 1.11196e-24
22.768 1.08687e-24
22.8 1.06962e-24
22.832 1.05115e-24
22.864 1.0407e-24
22.896 1.00982e-24
22.928 1.00262e-24
22.96 9.86063e-25
22.992 9.66186e-25
23.024 9.42274e-25
23.056 9.36724e-25
23.088 9.32109e-25
23.12 9.1656e-25
23.152 9.0818e-25
23.184 9.09007e-25
23.216 8.97606e-25
23.248 8.91837e-25
23.28 8.81574e-25
23.312 8.77458e-25
23.344 8.76863e-25
23.376 8.74246e-25
23.408 8.64881e-25
23.44 8.61885e-25
23.472 8.64026e-25
23.504 8.55977e-25
23.536 8.63588e-25
23.568 8.5707e-25
23.6 8.53335e-25
23.632 8.5858e-25
23.664 8.62504e-25
23.696 8.49107e-25
23.728 8.50314e-25
23.76 8.56552e-25
23.792 8.61821e-25
23.824 8.56118e-25
23.856 8.59817e-25
23.888 8.6789e-25
23.92 8.7293e-25
23.952 8.80089e-25
23.984 8.71537e-25
24.016 8.7969e-25
24.048 8.87019e-25
24.08 8.82883e-25
24.112 8.92911e-25
24.144 8.97263e-25
24.176 9.04612e-25
24.208 9.00812e-25
24.24 9.04686e-25
24.272 9.07419e-25
24.304 9.17568e-25
24.336 9.20796e-25
24.368 9.2257e-25
24.4 9.33297e-25
24.432 9.31178e-25
24.464 9.43221e-25
24.496 9.47246e-25
24.528 9.46915e-25
24.56 9.48871e-25
24.592 9.63223e-25
24.624 9.66516e-25
24.656 9.78243e-25
24.688 9.78782e-25
24.72 9.85148e-25
24.752 9.93948e-25
24.784 9.96488e-25
24.816 9.98277e-25
24.848 1.00797e-24
24.88 1.01339e-24
24.912 1.01598e-24
24.944 1.01697e-24
24.976 1.02856e-24
25.008 1.03583e-24
25.04 1.0328e-24
25.072 1.04438e-24
25.104 1.04719e-24
25.136 1.05949e-24
25.168 1.06201e-24
25.2 1.06469e-24
25.232 1.07574e-24
25.264 1.07964e-24
25.296 1.08524e-24
25.328 1.08679e-24
25.36 1.08596e-24
25.392 1.09698e-24
25.424 1.10455e-24
25.456 1.10453e-24
25.488 1.10542e-24
25.52 1.11309e-24
25.552 1.11535e-24
25.584 1.12461e-24
25.616 1.12721e-24
25.648 1.12574e-24
25.68 1.13764e-24
25.712 1.14148e-24
25.744 1.14284e-24
25.776 1.14221e-24
25.808 1.15478e-24
25.84 1.15837e-24
25.872 1.15907e-24
25.904 1.16322e-24
25.936 1.16363e-24
25.968 1.16881e-24
26 1.16792e-24
26.032 1.17498e-24
26.064 1.17652e-24
26.096 1.18175e-24
26.128 1.18417e-24
26.16 1.17817e-24
26.192 1.18514e-24
26.224 1.19219e-24
26.256 1.18891e-24
26.288 1.19125e-24
26.32 1.19623e-24
26.352 1.19808e-24
26.384 1.20001e-24
26.416 1.19581e-24
26.448 1.20069e-24
26.48 1.2042e-24
26.512 1.20001e-24
26.544 1.20506e-24
26.576 1.20203e-24
26.608 1.19971e-24
26.64 1.20766e-24
26.672 1.20749e-24
26.704 1.20246e-24
26.736 1.2028e-24
26.768 1.2037e-24
26.8 1.20311e-24
26.832 1.20615e-24
26.864 1.20099e-24
26.896 1.20063e-24
26.928 1.20328e-24
26.96 1.19602e-24
26.992 1.19596e-24
27.024 1.19786e-24
27.056 1.19317e-24
27.088 1.18892e-24
27.12 1.19358e-24
27.152 1.18496e-24
27.184 1.18557e-24
27.216 1.18795e-24
27.248 1.17994e-24
27.28 1.17959e-24
27.312 1.17209e-24
27.344 1.1683e-24
27.376 1.17041e-24
27.408 1.16399e-24
27.44 1.1608e-24
27.472 1.15997e-24
27.504 1.1521e-24
27.536 1.14887e-24
27.568 1.14425e-24
27.6 1.13781e-24
27.632 1.13746e-24
27.664 1.1313e-24
27.696 1.12539e-24
27.728 1.1231e-24
27.76 1.11547e-24
27.792 1.10903e-24
27.824 1.10192e-24
27.856 1.09867e-24
27.888 1.09214e-24
27.92 1.08779e-24
27.952 1.08147e-24
27.984 1.07651e-24
28.016 1.06696e-24
28.048 1.05687e-24
28.08 1.05448e-24
28.112 1.04484e-24
28.144 1.04041e-24
28.176 1.03371e-24
28.208 1.02827e-24
28.24 1.0186e-24
28.272 1.01316e-24
28.304 1.00289e-24
28.336 9.94846e-25
28.368 9.8531e-25
28.4 9.77543e-25
28.432 9.70215e-25
28.464 9.64432e-25
28.496 9.55381e-25
28.528 9.46528e-25
28.56 9.38787e-25
28.592 9.30633e-25
28.624 9.19172e-25
28.656 9.1235e-25
28.688 9.02631e-25
28.72 8.87167e-25
28.752 8.76214e-25
28.784 8.6845e-25
28.816 8.60591e-25
28.848 8.52793e-25
28.88 8.4277e-25
28.912 8.36015e-25
28.944 8.27914e-25
28.976 8.11784e-25
29.008 8.05247e-25
29.04 7.91838e-25
29.072 7.83057e-25
29.104 7.70831e-25
29.136 7.62761e-25
29.168 7.5191e-25
29.2 7.42337e-25
29.232 7.29879e-25
29.264 7.16289e-25
29.296 7.05985e-25
29.328 6.98056e-25
29.36 6.86231e-25
29.392 6.72554e-25
29.424 6.64068e-25
29.456 6.52609e-25
29.488 6.4157e-25
29.52 6.30048e-25
29.552 6.22416e-25
29.584 6.1195e-25
29.616 5.96274e-25
29.648 5.86703e-25
29.68 5.752e-25
29.712 5.65715e-25
29.744 5.54925e-25
29.776 5.41e-25
29.808 5.31886e-25
29.84 5.18273e-25
29.872 5.09346e-25
29.904 4.98442e-25
29.936 4.89316e-25
29.968 4.76789e-25
30 4.64161e-25
30.032 4.53882e-25
30.064 4.42196e-25
30.096 4.31149e-25
30.128 4.20749e-25
30.16 4.08146e-25
30.192 3.9532e-25
30.224 3.8765e-25
30.256 3.7621e-25
30.288 3.64629e-25
30.32 3.53371e-25
30.352 3.44803e-25
30.384 3.32517e-25
30.416 3.22133e-25
30.448 3.10113e-25
30.48 3.02786e-25
30.512 2.92484e-25
30.544 2.82204e-25
30.576 2.7264e-25
30.608 2.60254e-25
30.64 2.52163e-25
30.672 2.39074e-25
30.704 2.31461e-25
30.736 2.21837e-25
30.768 2.13357e-25
30.8 2.02534e-25
30.832 1.92688e-25
30.864 1.86074e-25
30.896 1.7649e-25
30.928 1.67963e-25
30.96 1.57729e-25
30.992 1.50093e-25
31.024 1.43426e-25
31.056 1.34949e-25
31.088 1.27139e-25
31.12 1.18072e-25
31.152 1.10881e-25
31.184 1.03592e-25
31.216 9.57821e-26
31.248 8.9718e-26
31.28 8.20546e-26
31.312 7.73525e-26
31.344 7.05181e-26
31.376 6.36868e-26
31.408 5.83159e-26
31.44 5.2487e-26
31.472 4.56562e-26
31.504 4.19486e-26
31.536 3.6878e-26
31.568 3.24535e-26
31.6 2.77511e-26
31.632 2.40811e-26
31.664 1.9836e-26
31.696 1.65535e-26
31.728 1.30857e-26
31.76 1.00922e-26
31.792 8.03513e-27
31.824 5.9726e-27
31.856 4.11302e-27
31.888 2.21206e-27
31.92 1.10325e-27
31.952 4.79804e-28
31.984 6.35406e-29
