#1:M 2:dN/MdM dy_q d2xT
0.016 1.57427e-07
0.048 1.44468e-07
0.08 1.27091e-07
0.112 1.09931e-07
0.144 9.50593e-08
0.176 8.19494e-08
0.208 7.08723e-08
0.24 6.14601e-08
0.272 5.35247e-08
0.304 4.67921e-08
0.336 4.10324e-08
0.368 3.6115e-08
0.4 3.15813e-08
0.432 2.79319e-08
0.464 2.47658e-08
0.496 2.20222e-08
0.528 1.96058e-08
0.56 1.7506e-08
0.592 1.56603e-08
0.624 1.4033e-08
0.656 1.25642e-08
0.688 1.13027e-08
0.72 1.01773e-08
0.752 9.17745e-09
0.784 8.28741e-09
0.816 7.4943e-09
0.848 6.78757e-09
0.88 6.15612e-09
0.912 5.56516e-09
0.944 5.05725e-09
0.976 4.60174e-09
1.008 4.19261e-09
1.04 3.82076e-09
1.072 3.48783e-09
1.104 3.18438e-09
1.136 2.9127e-09
1.168 2.65712e-09
1.2 2.4326e-09
1.232 2.22998e-09
1.264 2.04487e-09
1.296 1.87779e-09
1.328 1.7272e-09
1.36 1.58619e-09
1.392 1.45937e-09
1.424 1.34032e-09
1.456 1.23594e-09
1.488 1.139e-09
1.52 1.05157e-09
1.552 9.70039e-10
1.584 8.96227e-10
1.616 8.27742e-10
1.648 7.66217e-10
1.68 7.02328e-10
1.712 6.49851e-10
1.744 6.01293e-10
1.776 5.57753e-10
1.808 5.16766e-10
1.84 4.7965e-10
1.872 4.4507e-10
1.904 4.12814e-10
1.936 3.82773e-10
1.968 3.5583e-10
2 3.31017e-10
2.032 3.07847e-10
2.064 2.8618e-10
2.096 2.66288e-10
2.128 2.48289e-10
2.16 2.31097e-10
2.192 2.14989e-10
2.224 2.00347e-10
2.256 1.86958e-10
2.288 1.74406e-10
2.32 1.62741e-10
2.352 1.5197e-10
2.384 1.41823e-10
2.416 1.32551e-10
2.448 1.23649e-10
2.48 1.15433e-10
2.512 1.08092e-10
2.544 1.01066e-10
2.576 9.45357e-11
2.608 8.84483e-11
2.64 8.27884e-11
2.672 7.75958e-11
2.704 7.32223e-11
2.736 6.86272e-11
2.768 6.42694e-11
2.8 6.02985e-11
2.832 5.64993e-11
2.864 5.29028e-11
2.896 4.96502e-11
2.928 4.66047e-11
2.96 4.36975e-11
2.992 4.09817e-11
3.024 3.85226e-11
3.056 3.61543e-11
3.088 3.39263e-11
3.12 3.19029e-11
3.152 2.99601e-11
3.184 2.81676e-11
3.216 2.64608e-11
3.248 2.48996e-11
3.28 2.34017e-11
3.312 2.19697e-11
3.344 2.07099e-11
3.376 1.94771e-11
3.408 1.83069e-11
3.44 1.72548e-11
3.472 1.62159e-11
3.504 1.52825e-11
3.536 1.43698e-11
3.568 1.35395e-11
3.6 1.27616e-11
3.632 1.20297e-11
3.664 1.13396e-11
3.696 1.06615e-11
3.728 9.97464e-12
3.76 9.39573e-12
3.792 8.86382e-12
3.824 8.36567e-12
3.856 7.89859e-12
3.888 7.44448e-12
3.92 7.01796e-12
3.952 6.62663e-12
3.984 6.25188e-12
4.016 5.90081e-12
4.048 5.56107e-12
4.08 5.2593e-12
4.112 4.95895e-12
4.144 4.68216e-12
4.176 4.42451e-12
4.208 4.17175e-12
4.24 3.94304e-12
4.272 3.72754e-12
4.304 3.51414e-12
4.336 3.32817e-12
4.368 3.14431e-12
4.4 2.96808e-12
4.432 2.80357e-12
4.464 2.64944e-12
4.496 2.51452e-12
4.528 2.3758e-12
4.56 2.24805e-12
4.592 2.12347e-12
4.624 2.00895e-12
4.656 1.8976e-12
4.688 1.79565e-12
4.72 1.69808e-12
4.752 1.70804e-12
4.784 1.61721e-12
4.816 1.53005e-12
4.848 1.44917e-12
4.88 1.36873e-12
4.912 1.29403e-12
4.944 1.22711e-12
4.976 1.15929e-12
5.008 1.07277e-12
5.04 1.0142e-12
5.072 9.60953e-13
5.104 9.09577e-13
5.136 8.61828e-13
5.168 8.16061e-13
5.2 7.72207e-13
5.232 7.31967e-13
5.264 6.92786e-13
5.296 6.56296e-13
5.328 6.21058e-13
5.36 5.87898e-13
5.392 5.57111e-13
5.424 5.27796e-13
5.456 5.00306e-13
5.488 4.73686e-13
5.52 4.49125e-13
5.552 4.25215e-13
5.584 4.02461e-13
5.616 3.82114e-13
5.648 3.61545e-13
5.68 3.43285e-13
5.712 3.24684e-13
5.744 3.07526e-13
5.776 2.92067e-13
5.808 2.76506e-13
5.84 2.62753e-13
5.872 2.48583e-13
5.904 2.35817e-13
5.936 2.23624e-13
5.968 2.12022e-13
6 2.00733e-13
6.032 1.90696e-13
6.064 1.80145e-13
6.096 1.71229e-13
6.128 1.62721e-13
6.16 1.53849e-13
6.192 1.45908e-13
6.224 1.38237e-13
6.256 1.31096e-13
6.288 1.24458e-13
6.32 1.17958e-13
6.352 1.11894e-13
6.384 1.06117e-13
6.416 1.00672e-13
6.448 9.56203e-14
6.48 9.09065e-14
6.512 8.60481e-14
6.544 8.17935e-14
6.576 7.75024e-14
6.608 7.35432e-14
6.64 6.9685e-14
6.672 6.61357e-14
6.704 6.27455e-14
6.736 5.94151e-14
6.768 5.64833e-14
6.8 5.36655e-14
6.832 5.10537e-14
6.864 4.85016e-14
6.896 4.59774e-14
6.928 4.35638e-14
6.96 4.13563e-14
6.992 3.92074e-14
7.024 3.71836e-14
7.056 3.53567e-14
7.088 3.35367e-14
7.12 3.17249e-14
7.152 3.01639e-14
7.184 2.86405e-14
7.216 2.72457e-14
7.248 2.57878e-14
7.28 2.44783e-14
7.312 2.32932e-14
7.344 2.21132e-14
7.376 2.09407e-14
7.408 1.98417e-14
7.44 1.88111e-14
7.472 1.79194e-14
7.504 1.70064e-14
7.536 1.61519e-14
7.568 1.53097e-14
7.6 1.45117e-14
7.632 1.38176e-14
7.664 1.30827e-14
7.696 1.24119e-14
7.728 1.18059e-14
7.76 1.1192e-14
7.792 1.0643e-14
7.824 1.00937e-14
7.856 9.59873e-15
7.888 9.09421e-15
7.92 8.6418e-15
7.952 8.20925e-15
7.984 7.75991e-15
8.016 7.37568e-15
8.048 7.00424e-15
8.08 6.66831e-15
8.112 6.31859e-15
8.144 6.0027e-15
8.176 5.70398e-15
8.208 5.41052e-15
8.24 5.13078e-15
8.272 4.8815e-15
8.304 4.63204e-15
8.336 4.40339e-15
8.368 4.17842e-15
8.4 3.96181e-15
8.432 3.76909e-15
8.464 3.56815e-15
8.496 3.39211e-15
8.528 3.22522e-15
8.56 3.05651e-15
8.592 2.9037e-15
8.624 2.76184e-15
8.656 2.62253e-15
8.688 2.48456e-15
8.72 2.35872e-15
8.752 2.24205e-15
8.784 2.13017e-15
8.816 2.01894e-15
8.848 1.91838e-15
8.88 1.82845e-15
8.912 1.73849e-15
8.944 1.64856e-15
8.976 1.56781e-15
9.008 1.48736e-15
9.04 1.40687e-15
9.072 1.33766e-15
9.104 1.27357e-15
9.136 1.20487e-15
9.168 1.147e-15
9.2 1.09088e-15
9.232 1.03307e-15
9.264 9.80571e-16
9.296 9.29787e-16
9.328 8.83687e-16
9.36 8.37654e-16
9.392 7.98507e-16
9.424 7.58144e-16
9.456 7.20952e-16
9.488 6.83662e-16
9.52 6.49639e-16
9.552 6.16726e-16
9.584 5.83886e-16
9.616 5.55527e-16
9.648 5.28327e-16
9.68 5.01783e-16
9.712 4.76387e-16
9.744 4.51098e-16
9.776 4.2907e-16
9.808 4.0942e-16
9.84 3.85948e-16
9.872 3.67107e-16
9.904 3.48426e-16
9.936 3.30926e-16
9.968 3.14916e-16
10 2.98694e-16
10.032 2.8406e-16
10.064 2.70301e-16
10.096 2.55872e-16
10.128 2.43323e-16
10.16 2.30426e-16
10.192 2.19316e-16
10.224 2.07624e-16
10.256 1.97535e-16
10.288 1.88198e-16
10.32 1.78221e-16
10.352 1.68957e-16
10.384 1.60495e-16
10.416 1.52427e-16
10.448 1.45621e-16
10.48 1.37836e-16
10.512 1.30479e-16
10.544 1.24132e-16
10.576 1.17448e-16
10.608 1.11851e-16
10.64 1.06153e-16
10.672 1.01045e-16
10.704 9.56927e-17
10.736 9.09499e-17
10.768 8.63071e-17
10.8 8.20977e-17
10.832 7.79924e-17
10.864 7.40121e-17
10.896 7.04717e-17
10.928 6.67205e-17
10.96 6.3613e-17
10.992 6.03353e-17
11.024 5.74538e-17
11.056 5.44189e-17
11.088 5.16343e-17
11.12 4.9034e-17
11.152 4.66292e-17
11.184 4.42392e-17
11.216 4.19276e-17
11.248 3.99527e-17
11.28 3.79339e-17
11.312 3.598e-17
11.344 3.41106e-17
11.376 3.24025e-17
11.408 3.08418e-17
11.44 2.92635e-17
11.472 2.78598e-17
11.504 2.64163e-17
11.536 2.49707e-17
11.568 2.38514e-17
11.6 2.26241e-17
11.632 2.14788e-17
11.664 2.03806e-17
11.696 1.93861e-17
11.728 1.83509e-17
11.76 1.74501e-17
11.792 1.66318e-17
11.824 1.57648e-17
11.856 1.49898e-17
11.888 1.42488e-17
11.92 1.34953e-17
11.952 1.28024e-17
11.984 1.22155e-17
12.016 1.15426e-17
12.048 1.09882e-17
12.08 1.04054e-17
12.112 9.88523e-18
12.144 9.39255e-18
12.176 8.92587e-18
12.208 8.48007e-18
12.24 8.03775e-18
12.272 7.67062e-18
12.304 7.25396e-18
12.336 6.89755e-18
12.368 6.52219e-18
12.4 6.23093e-18
12.432 5.91262e-18
12.464 5.61742e-18
12.496 5.33455e-18
12.528 5.05134e-18
12.56 4.80467e-18
12.592 4.55714e-18
12.624 4.32558e-18
12.656 4.109e-18
12.688 3.90838e-18
12.72 3.70969e-18
12.752 3.51909e-18
12.784 3.34591e-18
12.816 3.18531e-18
12.848 3.01611e-18
12.88 2.86066e-18
12.912 2.7226e-18
12.944 2.58934e-18
12.976 2.4543e-18
13.008 2.33815e-18
13.04 2.21469e-18
13.072 2.10345e-18
13.104 1.99805e-18
13.136 1.8913e-18
13.168 1.79863e-18
13.2 1.71599e-18
13.232 1.63135e-18
13.264 1.54714e-18
13.296 1.47511e-18
13.328 1.39364e-18
13.36 1.32676e-18
13.392 1.26308e-18
13.424 1.1963e-18
13.456 1.13416e-18
13.488 1.08492e-18
13.52 1.0262e-18
13.552 9.73116e-19
13.584 9.26018e-19
13.616 8.77391e-19
13.648 8.32023e-19
13.68 7.94034e-19
13.712 7.50306e-19
13.744 7.14058e-19
13.776 6.79655e-19
13.808 6.45114e-19
13.84 6.1443e-19
13.872 5.83225e-19
13.904 5.50081e-19
13.936 5.22917e-19
13.968 4.98644e-19
14 4.72451e-19
14.032 4.49206e-19
14.064 4.25427e-19
14.096 4.03761e-19
14.128 3.86103e-19
14.16 3.63798e-19
14.192 3.47242e-19
14.224 3.29457e-19
14.256 3.12506e-19
14.288 2.96005e-19
14.32 2.8203e-19
14.352 2.66861e-19
14.384 2.54203e-19
14.416 2.41076e-19
14.448 2.2833e-19
14.48 2.17692e-19
14.512 2.06402e-19
14.544 1.96097e-19
14.576 1.86007e-19
14.608 1.76461e-19
14.64 1.67272e-19
14.672 1.59502e-19
14.704 1.51449e-19
14.736 1.43519e-19
14.768 1.36589e-19
14.8 1.29356e-19
14.832 1.23685e-19
14.864 1.16673e-19
14.896 1.11161e-19
14.928 1.0525e-19
14.96 1.00586e-19
14.992 9.53658e-20
15.024 9.05204e-20
15.056 8.59947e-20
15.088 8.14071e-20
15.12 7.72186e-20
15.152 7.374e-20
15.184 6.9738e-20
15.216 6.5932e-20
15.248 6.28869e-20
15.28 5.9685e-20
15.312 5.67426e-20
15.344 5.3841e-20
15.376 5.11145e-20
15.408 4.84355e-20
15.44 4.61314e-20
15.472 4.35364e-20
15.504 4.13528e-20
15.536 3.97042e-20
15.568 3.74701e-20
15.6 3.5608e-20
15.632 3.38764e-20
15.664 3.20593e-20
15.696 3.03837e-20
15.728 2.90118e-20
15.76 2.74901e-20
15.792 2.60291e-20
15.824 2.47698e-20
15.856 2.36126e-20
15.888 2.23911e-20
15.92 2.1289e-20
15.952 2.01534e-20
15.984 1.90816e-20
16.016 1.82618e-20
16.048 1.73112e-20
16.08 1.64741e-20
16.112 1.55789e-20
16.144 1.48154e-20
16.176 1.40045e-20
16.208 1.32845e-20
16.24 1.27351e-20
16.272 1.20361e-20
16.304 1.13995e-20
16.336 1.08329e-20
16.368 1.02874e-20
16.4 9.77948e-21
16.432 9.23405e-21
16.464 8.83977e-21
16.496 8.39219e-21
16.528 7.98919e-21
16.56 7.53403e-21
16.592 7.19653e-21
16.624 6.8232e-21
16.656 6.49927e-21
16.688 6.12719e-21
16.72 5.85804e-21
16.752 5.53869e-21
16.784 5.27491e-21
16.816 5.00146e-21
16.848 4.7553e-21
16.88 4.50972e-21
16.912 4.25942e-21
16.944 4.07907e-21
16.976 3.84918e-21
17.008 3.66854e-21
17.04 3.46372e-21
17.072 3.31155e-21
17.104 3.13226e-21
17.136 2.97735e-21
17.168 2.82856e-21
17.2 2.68409e-21
17.232 2.56582e-21
17.264 2.42882e-21
17.296 2.29278e-21
17.328 2.18583e-21
17.36 2.06206e-21
17.392 1.97531e-21
17.424 1.87338e-21
17.456 1.76852e-21
17.488 1.69046e-21
17.52 1.59887e-21
17.552 1.52529e-21
17.584 1.43924e-21
17.616 1.37468e-21
17.648 1.30511e-21
17.68 1.23997e-21
17.712 1.16937e-21
17.744 1.11829e-21
17.776 1.06112e-21
17.808 1.00195e-21
17.84 9.54777e-22
17.872 9.04168e-22
17.904 8.64572e-22
17.936 8.1898e-22
17.968 7.78259e-22
18 7.3771e-22
18.032 6.98505e-22
18.064 6.63312e-22
18.096 6.3112e-22
18.128 5.98582e-22
18.16 5.70901e-22
18.192 5.43497e-22
18.224 5.10355e-22
18.256 4.87111e-22
18.288 4.62652e-22
18.32 4.39267e-22
18.352 4.16166e-22
18.384 3.96622e-22
18.416 3.77396e-22
18.448 3.5779e-22
18.48 3.38992e-22
18.512 3.22982e-22
18.544 3.06926e-22
18.576 2.90827e-22
18.608 2.7496e-22
18.64 2.61691e-22
18.672 2.48901e-22
18.704 2.35927e-22
18.736 2.24599e-22
18.768 2.13178e-22
18.8 2.02116e-22
18.832 1.92041e-22
18.864 1.81747e-22
18.896 1.73408e-22
18.928 1.64164e-22
18.96 1.56607e-22
18.992 1.48219e-22
19.024 1.40633e-22
19.056 1.33495e-22
19.088 1.27594e-22
19.12 1.19783e-22
19.152 1.14237e-22
19.184 1.0868e-22
19.216 1.02963e-22
19.248 9.75512e-23
19.28 9.31037e-23
19.312 8.87848e-23
19.344 8.40612e-23
19.376 7.97781e-23
19.408 7.55805e-23
19.44 7.19537e-23
19.472 6.79826e-23
19.504 6.4581e-23
19.536 6.14799e-23
19.568 5.85698e-23
19.6 5.54776e-23
19.632 5.28335e-23
19.664 5.00561e-23
19.696 4.7654e-23
19.728 4.52242e-23
19.76 4.29133e-23
19.792 4.0502e-23
19.824 3.86893e-23
19.856 3.65092e-23
19.888 3.4819e-23
19.92 3.30535e-23
19.952 3.12991e-23
19.984 2.98742e-23
20.016 2.82126e-23
20.048 2.67438e-23
20.08 2.54091e-23
20.112 2.4084e-23
20.144 2.29266e-23
20.176 2.18067e-23
20.208 2.06585e-23
20.24 1.96709e-23
20.272 1.87108e-23
20.304 1.77018e-23
20.336 1.67194e-23
20.368 1.59301e-23
20.4 1.51719e-23
20.432 1.44258e-23
20.464 1.36748e-23
20.496 1.2917e-23
20.528 1.22502e-23
20.56 1.16811e-23
20.592 1.10931e-23
20.624 1.05524e-23
20.656 1.0003e-23
20.688 9.47312e-24
20.72 9.01208e-24
20.752 8.5757e-24
20.784 8.15132e-24
20.816 7.73048e-24
20.848 7.33349e-24
20.88 6.96798e-24
20.912 6.60536e-24
20.944 6.28094e-24
20.976 5.94479e-24
21.008 5.6512e-24
21.04 5.35252e-24
21.072 5.05626e-24
21.104 4.82098e-24
21.136 4.58166e-24
21.168 4.34438e-24
21.2 4.12678e-24
21.232 3.90866e-24
21.264 3.71351e-24
21.296 3.5286e-24
21.328 3.34634e-24
21.36 3.17237e-24
21.392 2.99276e-24
21.424 2.84066e-24
21.456 2.6967e-24
21.488 2.56363e-24
21.52 2.44348e-24
21.552 2.30966e-24
21.584 2.1925e-24
21.616 2.07941e-24
21.648 1.96295e-24
21.68 1.87222e-24
21.712 1.77132e-24
21.744 1.68403e-24
21.776 1.59751e-24
21.808 1.53091e-24
21.84 1.44962e-24
21.872 1.38279e-24
21.904 1.30072e-24
21.936 1.23064e-24
21.968 1.17741e-24
22 1.11664e-24
22.032 1.05312e-24
22.064 1.00044e-24
22.096 9.49339e-25
22.128 9.0071e-25
22.16 8.5837e-25
22.192 8.14012e-25
22.224 7.65163e-25
22.256 7.34326e-25
22.288 6.88611e-25
22.32 6.58167e-25
22.352 6.22705e-25
22.384 5.93027e-25
22.416 5.63229e-25
22.448 5.38449e-25
22.48 5.05697e-25
22.512 4.81865e-25
22.544 4.56541e-25
22.576 4.31516e-25
22.608 4.12485e-25
22.64 3.89853e-25
22.672 3.65767e-25
22.704 3.51533e-25
22.736 3.32841e-25
22.768 3.14686e-25
22.8 2.97069e-25
22.832 2.84591e-25
22.864 2.69412e-25
22.896 2.55199e-25
22.928 2.43106e-25
22.96 2.29004e-25
22.992 2.17958e-25
23.024 2.06908e-25
23.056 1.95353e-25
23.088 1.86386e-25
23.12 1.75998e-25
23.152 1.68159e-25
23.184 1.59885e-25
23.216 1.51426e-25
23.248 1.42765e-25
23.28 1.35564e-25
23.312 1.29064e-25
23.344 1.22091e-25
23.376 1.15476e-25
23.408 1.10205e-25
23.44 1.04665e-25
23.472 9.89717e-26
23.504 9.35967e-26
23.536 8.86549e-26
23.568 8.44604e-26
23.6 7.95123e-26
23.632 7.5733e-26
23.664 7.14721e-26
23.696 6.81755e-26
23.728 6.44186e-26
23.76 6.11449e-26
23.792 5.80588e-26
23.824 5.45619e-26
23.856 5.22749e-26
23.888 4.92014e-26
23.92 4.65882e-26
23.952 4.46286e-26
23.984 4.21742e-26
24.016 3.96125e-26
24.048 3.78778e-26
24.08 3.59119e-26
24.112 3.38071e-26
24.144 3.21759e-26
24.176 3.03477e-26
24.208 2.88779e-26
24.24 2.73029e-26
24.272 2.58442e-26
24.304 2.43051e-26
24.336 2.31074e-26
24.368 2.19057e-26
24.4 2.04937e-26
24.432 1.95171e-26
24.464 1.85299e-26
24.496 1.74895e-26
24.528 1.66198e-26
24.56 1.56644e-26
24.592 1.48052e-26
24.624 1.40511e-26
24.656 1.33619e-26
24.688 1.25724e-26
24.72 1.19357e-26
24.752 1.12222e-26
24.784 1.05219e-26
24.816 9.9901e-27
24.848 9.39694e-27
24.88 8.84026e-27
24.912 8.39523e-27
24.944 7.93776e-27
24.976 7.38664e-27
25.008 7.03252e-27
25.04 6.67418e-27
25.072 6.22515e-27
25.104 5.89111e-27
25.136 5.50705e-27
25.168 5.19596e-27
25.2 4.87385e-27
25.232 4.56054e-27
25.264 4.28008e-27
25.296 3.99702e-27
25.328 3.80957e-27
25.36 3.53906e-27
25.392 3.31113e-27
25.424 3.08458e-27
25.456 2.86001e-27
25.488 2.66505e-27
25.52 2.48507e-27
25.552 2.30263e-27
25.584 2.15663e-27
25.616 2.01148e-27
25.648 1.83903e-27
25.68 1.67993e-27
25.712 1.5539e-27
25.744 1.42671e-27
25.776 1.2827e-27
25.808 1.17345e-27
25.84 1.06122e-27
25.872 9.6091e-28
25.904 8.60641e-28
25.936 7.50323e-28
25.968 6.63021e-28
26 5.71781e-28
26.032 4.89434e-28
26.064 4.20847e-28
26.096 3.40614e-28
26.128 2.7548e-28
26.16 2.0104e-28
26.192 1.43857e-28
26.224 7.36932e-29
26.256 2.23925e-29
26.288 -3.60397e-29
26.32 -9.03263e-29
26.352 -1.41354e-28
26.384 -1.99484e-28
26.416 -2.39511e-28
26.448 -2.77202e-28
26.48 -3.23182e-28
26.512 -3.6608e-28
26.544 -4.06223e-28
26.576 -4.40622e-28
26.608 -4.81599e-28
26.64 -5.11201e-28
26.672 -5.40519e-28
26.704 -5.73106e-28
26.736 -6.0322e-28
26.768 -6.29859e-28
26.8 -6.52297e-28
26.832 -6.76719e-28
26.864 -7.05803e-28
26.896 -7.29294e-28
26.928 -7.46057e-28
26.96 -7.74045e-28
26.992 -7.94835e-28
27.024 -8.08766e-28
27.056 -8.28574e-28
27.088 -8.47083e-28
27.12 -8.6666e-28
27.152 -8.81074e-28
27.184 -9.02123e-28
27.216 -9.10558e-28
27.248 -9.2906e-28
27.28 -9.43961e-28
27.312 -9.55528e-28
27.344 -9.70061e-28
27.376 -9.82141e-28
27.408 -9.92857e-28
27.44 -1.0033e-27
27.472 -1.01457e-27
27.504 -1.02407e-27
27.536 -1.03066e-27
27.568 -1.04288e-27
27.6 -1.04922e-27
27.632 -1.05819e-27
27.664 -1.06777e-27
27.696 -1.0772e-27
27.728 -1.08234e-27
27.76 -1.08607e-27
27.792 -1.09668e-27
27.824 -1.09699e-27
27.856 -1.10498e-27
27.888 -1.11067e-27
27.92 -1.11324e-27
27.952 -1.11524e-27
27.984 -1.12794e-27
28.016 -1.12565e-27
28.048 -1.12839e-27
28.08 -1.13562e-27
28.112 -1.13903e-27
28.144 -1.13707e-27
28.176 -1.13872e-27
28.208 -1.13659e-27
28.24 -1.14331e-27
28.272 -1.14388e-27
28.304 -1.14014e-27
28.336 -1.1434e-27
28.368 -1.14067e-27
28.4 -1.14089e-27
28.432 -1.14476e-27
28.464 -1.14268e-27
28.496 -1.13638e-27
28.528 -1.1381e-27
28.56 -1.13619e-27
28.592 -1.13253e-27
28.624 -1.13073e-27
28.656 -1.13544e-27
28.688 -1.12782e-27
28.72 -1.12055e-27
28.752 -1.12064e-27
28.784 -1.11678e-27
28.816 -1.11421e-27
28.848 -1.1118e-27
28.88 -1.10147e-27
28.912 -1.10286e-27
28.944 -1.08914e-27
28.976 -1.08268e-27
29.008 -1.0809e-27
29.04 -1.07608e-27
29.072 -1.06571e-27
29.104 -1.05993e-27
29.136 -1.05078e-27
29.168 -1.04451e-27
29.2 -1.03802e-27
29.232 -1.02817e-27
29.264 -1.02509e-27
29.296 -1.00742e-27
29.328 -1.00136e-27
29.36 -9.93848e-28
29.392 -9.86915e-28
29.424 -9.7852e-28
29.456 -9.65751e-28
29.488 -9.61068e-28
29.52 -9.4587e-28
29.552 -9.3691e-28
29.584 -9.25866e-28
29.616 -9.13814e-28
29.648 -9.06876e-28
29.68 -8.89838e-28
29.712 -8.79859e-28
29.744 -8.69553e-28
29.776 -8.56881e-28
29.808 -8.43951e-28
29.84 -8.29524e-28
29.872 -8.16176e-28
29.904 -7.99408e-28
29.936 -7.87524e-28
29.968 -7.72425e-28
30 -7.64459e-28
30.032 -7.53721e-28
30.064 -7.3297e-28
30.096 -7.16977e-28
30.128 -7.06044e-28
30.16 -6.88173e-28
30.192 -6.73063e-28
30.224 -6.60531e-28
30.256 -6.46068e-28
30.288 -6.27135e-28
30.32 -6.16747e-28
30.352 -5.99158e-28
30.384 -5.86225e-28
30.416 -5.71387e-28
30.448 -5.50272e-28
30.48 -5.36814e-28
30.512 -5.22852e-28
30.544 -5.09804e-28
30.576 -4.91494e-28
30.608 -4.77558e-28
30.64 -4.61844e-28
30.672 -4.45515e-28
30.704 -4.29076e-28
30.736 -4.12111e-28
30.768 -3.94806e-28
30.8 -3.82451e-28
30.832 -3.65838e-28
30.864 -3.50196e-28
30.896 -3.38287e-28
30.928 -3.19398e-28
30.96 -3.05916e-28
30.992 -2.90403e-28
31.024 -2.71814e-28
31.056 -2.61848e-28
31.088 -2.47336e-28
31.12 -2.32407e-28
31.152 -2.17634e-28
31.184 -2.04477e-28
31.216 -1.91812e-28
31.248 -1.79315e-28
31.28 -1.64643e-28
31.312 -1.54091e-28
31.344 -1.41195e-28
31.376 -1.31313e-28
31.408 -1.17885e-28
31.44 -1.09127e-28
31.472 -9.62566e-29
31.504 -8.62735e-29
31.536 -7.5593e-29
31.568 -6.64481e-29
31.6 -5.66447e-29
31.632 -5.00759e-29
31.664 -4.13746e-29
31.696 -3.60363e-29
31.728 -2.76501e-29
31.76 -2.20233e-29
31.792 -1.68899e-29
31.824 -1.23917e-29
31.856 -8.49259e-30
31.888 -4.96202e-30
31.92 -2.38725e-30
31.952 -9.61589e-31
31.984 -1.48077e-31
