#1:M 2:dN/MdM dy_q d2xT
0.016 4.43243e-06
0.048 4.26993e-06
0.08 3.94862e-06
0.112 3.54395e-06
0.144 3.1455e-06
0.176 2.76136e-06
0.208 2.41444e-06
0.24 2.10642e-06
0.272 1.83681e-06
0.304 1.60081e-06
0.336 1.39439e-06
0.368 1.21513e-06
0.4 1.04971e-06
0.432 9.14685e-07
0.464 7.98015e-07
0.496 6.96373e-07
0.528 6.07987e-07
0.56 5.31163e-07
0.592 4.64353e-07
0.624 4.06658e-07
0.656 3.55255e-07
0.688 3.11512e-07
0.72 2.73382e-07
0.752 2.40309e-07
0.784 2.11368e-07
0.816 1.86054e-07
0.848 1.63943e-07
0.88 1.44525e-07
0.912 1.27073e-07
0.944 1.12244e-07
0.976 9.93159e-08
1.008 8.79806e-08
1.04 7.79619e-08
1.072 6.91796e-08
1.104 6.14216e-08
1.136 5.46311e-08
1.168 4.84199e-08
1.2 4.3127e-08
1.232 3.84347e-08
1.264 3.43096e-08
1.296 3.0649e-08
1.328 2.73931e-08
1.36 2.45063e-08
1.392 2.19438e-08
1.424 1.96167e-08
1.456 1.76102e-08
1.488 1.58133e-08
1.52 1.42166e-08
1.552 1.27736e-08
1.584 1.15005e-08
1.616 1.03731e-08
1.648 9.34715e-09
1.68 8.36065e-09
1.712 7.54842e-09
1.744 6.82784e-09
1.776 6.17328e-09
1.808 5.58893e-09
1.84 5.06015e-09
1.872 4.58718e-09
1.904 4.16256e-09
1.936 3.77131e-09
1.968 3.42681e-09
2 3.11467e-09
2.032 2.83272e-09
2.064 2.5795e-09
2.096 2.34996e-09
2.128 2.14327e-09
2.16 1.95522e-09
2.192 1.7812e-09
2.224 1.62672e-09
2.256 1.48663e-09
2.288 1.35983e-09
2.32 1.24437e-09
2.352 1.13944e-09
2.384 1.04384e-09
2.416 9.56681e-10
2.448 8.76216e-10
2.48 8.03662e-10
2.512 7.3889e-10
2.544 6.78326e-10
2.576 6.23567e-10
2.608 5.73352e-10
2.64 5.28014e-10
2.672 4.86071e-10
2.704 4.51359e-10
2.736 4.16049e-10
2.768 3.83687e-10
2.8 3.5412e-10
2.832 3.26751e-10
2.864 3.0162e-10
2.896 2.78469e-10
2.928 2.57301e-10
2.96 2.37707e-10
2.992 2.19956e-10
3.024 2.0355e-10
3.056 1.88385e-10
3.088 1.74511e-10
3.12 1.61757e-10
3.152 1.49917e-10
3.184 1.39091e-10
3.216 1.28881e-10
3.248 1.19587e-10
3.28 1.10993e-10
3.312 1.03066e-10
3.344 9.57936e-11
3.376 8.90371e-11
3.408 8.28049e-11
3.44 7.69788e-11
3.472 7.15952e-11
3.504 6.65906e-11
3.536 6.20289e-11
3.568 5.78009e-11
3.6 5.38015e-11
3.632 5.01856e-11
3.664 4.68024e-11
3.696 4.35585e-11
3.728 4.0343e-11
3.76 3.76223e-11
3.792 3.51036e-11
3.824 3.27966e-11
3.856 3.06244e-11
3.888 2.86065e-11
3.92 2.6721e-11
3.952 2.49854e-11
3.984 2.33475e-11
4.016 2.18463e-11
4.048 2.0433e-11
4.08 1.9129e-11
4.112 1.78942e-11
4.144 1.67292e-11
4.176 1.56786e-11
4.208 1.46789e-11
4.24 1.37553e-11
4.272 1.28926e-11
4.304 1.20546e-11
4.336 1.13173e-11
4.368 1.0606e-11
4.4 9.94299e-12
4.432 9.32005e-12
4.464 8.75065e-12
4.496 8.24344e-12
4.528 7.72502e-12
4.56 7.2616e-12
4.592 6.8168e-12
4.624 6.39891e-12
4.656 6.01094e-12
4.688 5.64561e-12
4.72 5.30303e-12
4.752 5.30253e-12
4.784 4.98487e-12
4.816 4.6812e-12
4.848 4.40502e-12
4.88 4.13838e-12
4.912 3.8926e-12
4.944 3.66466e-12
4.976 3.44579e-12
5.008 3.1661e-12
5.04 2.98209e-12
5.072 2.80677e-12
5.104 2.64297e-12
5.136 2.48974e-12
5.168 2.34246e-12
5.2 2.20669e-12
5.232 2.07891e-12
5.264 1.95744e-12
5.296 1.84644e-12
5.328 1.7383e-12
5.36 1.63689e-12
5.392 1.54206e-12
5.424 1.45321e-12
5.456 1.37251e-12
5.488 1.29495e-12
5.52 1.22092e-12
5.552 1.15106e-12
5.584 1.0855e-12
5.616 1.02466e-12
5.648 9.66396e-13
5.68 9.12219e-13
5.712 8.60976e-13
5.744 8.12084e-13
5.776 7.67286e-13
5.808 7.2373e-13
5.84 6.8406e-13
5.872 6.45175e-13
5.904 6.09416e-13
5.936 5.75526e-13
5.968 5.43506e-13
6 5.12959e-13
6.032 4.85115e-13
6.064 4.57589e-13
6.096 4.32844e-13
6.128 4.10094e-13
6.16 3.86596e-13
6.192 3.65134e-13
6.224 3.45226e-13
6.256 3.26249e-13
6.288 3.08648e-13
6.32 2.91609e-13
6.352 2.75556e-13
6.384 2.60418e-13
6.416 2.46365e-13
6.448 2.33047e-13
6.48 2.20662e-13
6.512 2.086e-13
6.544 1.97325e-13
6.576 1.86761e-13
6.608 1.76811e-13
6.64 1.66966e-13
6.672 1.57998e-13
6.704 1.49578e-13
6.736 1.41359e-13
6.768 1.33823e-13
6.8 1.26966e-13
6.832 1.20365e-13
6.864 1.13873e-13
6.896 1.07709e-13
6.928 1.01913e-13
6.96 9.65984e-14
6.992 9.12561e-14
7.024 8.65418e-14
7.056 8.1951e-14
7.088 7.7582e-14
7.12 7.33659e-14
7.152 6.9483e-14
7.184 6.58012e-14
7.216 6.23571e-14
7.248 5.90009e-14
7.28 5.59317e-14
7.312 5.29966e-14
7.344 5.02346e-14
7.376 4.75773e-14
7.408 4.49794e-14
7.44 4.2594e-14
7.472 4.04283e-14
7.504 3.82791e-14
7.536 3.62998e-14
7.568 3.43211e-14
7.6 3.25263e-14
7.632 3.08744e-14
7.664 2.92613e-14
7.696 2.76628e-14
7.728 2.62363e-14
7.76 2.49042e-14
7.792 2.3582e-14
7.824 2.23303e-14
7.856 2.12008e-14
7.888 2.00824e-14
7.92 1.90242e-14
7.952 1.80501e-14
7.984 1.70755e-14
8.016 1.62064e-14
8.048 1.53392e-14
8.08 1.45761e-14
8.112 1.3804e-14
8.144 1.30857e-14
8.176 1.24209e-14
8.208 1.17639e-14
8.24 1.11548e-14
8.272 1.05861e-14
8.304 1.00324e-14
8.336 9.52797e-15
8.368 9.02268e-15
8.4 8.55101e-15
8.432 8.10513e-15
8.464 7.68939e-15
8.496 7.29204e-15
8.528 6.92762e-15
8.56 6.55919e-15
8.592 6.22468e-15
8.624 5.9017e-15
8.656 5.59552e-15
8.688 5.30776e-15
8.72 5.03607e-15
8.752 4.77937e-15
8.784 4.53294e-15
8.816 4.29841e-15
8.848 4.08669e-15
8.88 3.88013e-15
8.912 3.6819e-15
8.944 3.49306e-15
8.976 3.31288e-15
9.008 3.14332e-15
9.04 2.97358e-15
9.072 2.81893e-15
9.104 2.68099e-15
9.136 2.54064e-15
9.168 2.41209e-15
9.2 2.2904e-15
9.232 2.16981e-15
9.264 2.0583e-15
9.296 1.95444e-15
9.328 1.8548e-15
9.36 1.75466e-15
9.392 1.66752e-15
9.424 1.58353e-15
9.456 1.50415e-15
9.488 1.4244e-15
9.52 1.35203e-15
9.552 1.28344e-15
9.584 1.21775e-15
9.616 1.15752e-15
9.648 1.09853e-15
9.68 1.041e-15
9.712 9.89525e-16
9.744 9.37421e-16
9.776 8.9134e-16
9.808 8.47526e-16
9.84 8.01126e-16
9.872 7.60785e-16
9.904 7.21213e-16
9.936 6.84383e-16
9.968 6.49678e-16
10 6.16129e-16
10.032 5.86191e-16
10.064 5.56197e-16
10.096 5.277e-16
10.128 5.01138e-16
10.16 4.7527e-16
10.192 4.52031e-16
10.224 4.27797e-16
10.256 4.06097e-16
10.288 3.86424e-16
10.32 3.65854e-16
10.352 3.47573e-16
10.384 3.29586e-16
10.416 3.12455e-16
10.448 2.98313e-16
10.48 2.82178e-16
10.512 2.67078e-16
10.544 2.54352e-16
10.576 2.40717e-16
10.608 2.29182e-16
10.64 2.17558e-16
10.672 2.06117e-16
10.704 1.95884e-16
10.736 1.85728e-16
10.768 1.76536e-16
10.8 1.67619e-16
10.832 1.59011e-16
10.864 1.50833e-16
10.896 1.43265e-16
10.928 1.36074e-16
10.96 1.2947e-16
10.992 1.22754e-16
11.024 1.16663e-16
11.056 1.1081e-16
11.088 1.05084e-16
11.12 9.96292e-17
11.152 9.47353e-17
11.184 8.98604e-17
11.216 8.53715e-17
11.248 8.10287e-17
11.28 7.68503e-17
11.312 7.30902e-17
11.344 6.93557e-17
11.376 6.57157e-17
11.408 6.24754e-17
11.44 5.92039e-17
11.472 5.62919e-17
11.504 5.33822e-17
11.536 5.0701e-17
11.568 4.82879e-17
11.6 4.57698e-17
11.632 4.33203e-17
11.664 4.12521e-17
11.696 3.92643e-17
11.728 3.7125e-17
11.76 3.52933e-17
11.792 3.34969e-17
11.824 3.17719e-17
11.856 3.0213e-17
11.888 2.86874e-17
11.92 2.71782e-17
11.952 2.58061e-17
11.984 2.45978e-17
12.016 2.32623e-17
12.048 2.21453e-17
12.08 2.10184e-17
12.112 1.99434e-17
12.144 1.89338e-17
12.176 1.79874e-17
12.208 1.70693e-17
12.24 1.6191e-17
12.272 1.54116e-17
12.304 1.45983e-17
12.336 1.39019e-17
12.368 1.3129e-17
12.4 1.24861e-17
12.432 1.18904e-17
12.464 1.1287e-17
12.496 1.07185e-17
12.528 1.01617e-17
12.56 9.64791e-18
12.592 9.15848e-18
12.624 8.68886e-18
12.656 8.26257e-18
12.688 7.83552e-18
12.72 7.42795e-18
12.752 7.0667e-18
12.784 6.72526e-18
12.816 6.37763e-18
12.848 6.05614e-18
12.88 5.73689e-18
12.912 5.4362e-18
12.944 5.19479e-18
12.976 4.9202e-18
13.008 4.67897e-18
13.04 4.42653e-18
13.072 4.21693e-18
13.104 3.99457e-18
13.136 3.79274e-18
13.168 3.60664e-18
13.2 3.43892e-18
13.232 3.26058e-18
13.264 3.09429e-18
13.296 2.95212e-18
13.328 2.79568e-18
13.36 2.65379e-18
13.392 2.52778e-18
13.424 2.39295e-18
13.456 2.25958e-18
13.488 2.16136e-18
13.52 2.05004e-18
13.552 1.95092e-18
13.584 1.84975e-18
13.616 1.75038e-18
13.648 1.66103e-18
13.68 1.58408e-18
13.712 1.50172e-18
13.744 1.42442e-18
13.776 1.35212e-18
13.808 1.28636e-18
13.84 1.21962e-18
13.872 1.158e-18
13.904 1.09732e-18
13.936 1.04222e-18
13.968 9.91896e-19
14 9.40608e-19
14.032 8.95472e-19
14.064 8.47026e-19
14.096 8.04223e-19
14.128 7.64819e-19
14.16 7.25559e-19
14.192 6.90992e-19
14.224 6.55025e-19
14.256 6.20927e-19
14.288 5.88875e-19
14.32 5.59429e-19
14.352 5.31187e-19
14.384 5.0424e-19
14.416 4.78886e-19
14.448 4.54323e-19
14.48 4.31544e-19
14.512 4.1015e-19
14.544 3.90177e-19
14.576 3.69868e-19
14.608 3.50051e-19
14.64 3.3285e-19
14.672 3.15433e-19
14.704 2.99542e-19
14.736 2.8488e-19
14.768 2.70125e-19
14.8 2.56286e-19
14.832 2.4428e-19
14.864 2.31087e-19
14.896 2.19808e-19
14.928 2.08467e-19
14.96 1.98185e-19
14.992 1.8806e-19
15.024 1.78637e-19
15.056 1.69887e-19
15.088 1.6051e-19
15.12 1.5287e-19
15.152 1.4496e-19
15.184 1.37984e-19
15.216 1.30738e-19
15.248 1.23786e-19
15.28 1.18097e-19
15.312 1.11924e-19
15.344 1.06039e-19
15.376 1.00772e-19
15.408 9.55402e-20
15.44 9.09335e-20
15.472 8.59998e-20
15.504 8.17912e-20
15.536 7.78605e-20
15.568 7.38014e-20
15.6 7.01839e-20
15.632 6.65857e-20
15.664 6.3202e-20
15.696 5.98264e-20
15.728 5.69276e-20
15.76 5.40997e-20
15.792 5.13242e-20
15.824 4.86704e-20
15.856 4.59796e-20
15.888 4.3801e-20
15.92 4.17551e-20
15.952 3.94943e-20
15.984 3.73867e-20
16.016 3.58232e-20
16.048 3.38198e-20
16.08 3.21657e-20
16.112 3.04588e-20
16.144 2.88311e-20
16.176 2.73953e-20
16.208 2.59762e-20
16.24 2.48433e-20
16.272 2.35487e-20
16.304 2.22607e-20
16.336 2.11725e-20
16.368 2.01106e-20
16.4 1.90801e-20
16.432 1.80537e-20
16.464 1.71783e-20
16.496 1.63668e-20
16.528 1.55267e-20
16.56 1.47125e-20
16.592 1.3981e-20
16.624 1.32255e-20
16.656 1.25874e-20
16.688 1.18742e-20
16.72 1.13373e-20
16.752 1.07227e-20
16.784 1.02206e-20
16.816 9.66985e-21
16.848 9.20026e-21
16.88 8.75755e-21
16.912 8.26862e-21
16.944 7.85916e-21
16.976 7.47162e-21
17.008 7.10381e-21
17.04 6.69062e-21
17.072 6.37963e-21
17.104 6.04573e-21
17.136 5.75051e-21
17.168 5.45524e-21
17.2 5.17535e-21
17.232 4.92531e-21
17.264 4.6589e-21
17.296 4.41258e-21
17.328 4.2073e-21
17.36 3.97468e-21
17.392 3.79178e-21
17.424 3.59465e-21
17.456 3.401e-21
17.488 3.24145e-21
17.52 3.07191e-21
17.552 2.91683e-21
17.584 2.76394e-21
17.616 2.627e-21
17.648 2.49617e-21
17.68 2.36709e-21
17.712 2.23679e-21
17.744 2.13012e-21
17.776 2.0237e-21
17.808 1.91485e-21
17.84 1.81996e-21
17.872 1.72484e-21
17.904 1.64377e-21
17.936 1.56065e-21
17.968 1.48054e-21
18 1.40673e-21
18.032 1.32718e-21
18.064 1.2632e-21
18.096 1.20024e-21
18.128 1.13767e-21
18.16 1.07765e-21
18.192 1.02769e-21
18.224 9.70907e-22
18.256 9.23482e-22
18.288 8.77091e-22
18.32 8.25958e-22
18.352 7.87678e-22
18.384 7.51817e-22
18.416 7.10989e-22
18.448 6.73935e-22
18.48 6.40928e-22
18.512 6.07582e-22
18.544 5.7692e-22
18.576 5.46988e-22
18.608 5.17384e-22
18.64 4.91649e-22
18.672 4.66618e-22
18.704 4.43946e-22
18.736 4.20418e-22
18.768 3.99095e-22
18.8 3.77808e-22
18.832 3.60436e-22
18.864 3.39357e-22
18.896 3.24914e-22
18.928 3.07049e-22
18.96 2.91762e-22
18.992 2.76512e-22
19.024 2.62954e-22
19.056 2.49312e-22
19.088 2.37207e-22
19.12 2.22612e-22
19.152 2.12957e-22
19.184 2.01979e-22
19.216 1.91572e-22
19.248 1.80792e-22
19.28 1.71775e-22
19.312 1.63908e-22
19.344 1.55964e-22
19.376 1.48222e-22
19.408 1.39015e-22
19.44 1.32951e-22
19.472 1.25553e-22
19.504 1.19144e-22
19.536 1.13464e-22
19.568 1.07783e-22
19.6 1.01916e-22
19.632 9.68089e-23
19.664 9.2279e-23
19.696 8.71667e-23
19.728 8.31208e-23
19.76 7.88736e-23
19.792 7.44725e-23
19.824 7.08123e-23
19.856 6.73322e-23
19.888 6.39615e-23
19.92 6.0614e-23
19.952 5.72629e-23
19.984 5.45233e-23
20.016 5.19121e-23
20.048 4.89887e-23
20.08 4.64909e-23
20.112 4.44289e-23
20.144 4.19374e-23
20.176 3.99883e-23
20.208 3.77069e-23
20.24 3.59681e-23
20.272 3.42655e-23
20.304 3.24587e-23
20.336 3.05135e-23
20.368 2.92179e-23
20.4 2.76896e-23
20.432 2.62484e-23
20.464 2.50329e-23
20.496 2.36483e-23
20.528 2.24933e-23
20.56 2.13423e-23
20.592 2.03028e-23
20.624 1.93607e-23
20.656 1.83269e-23
20.688 1.74807e-23
20.72 1.65495e-23
20.752 1.57046e-23
20.784 1.49182e-23
20.816 1.42377e-23
20.848 1.3458e-23
20.88 1.27986e-23
20.912 1.21273e-23
20.944 1.15348e-23
20.976 1.10279e-23
21.008 1.04882e-23
21.04 9.88475e-24
21.072 9.37921e-24
21.104 9.00625e-24
21.136 8.48623e-24
21.168 8.12758e-24
21.2 7.70502e-24
21.232 7.31934e-24
21.264 6.96317e-24
21.296 6.65658e-24
21.328 6.3137e-24
21.36 6.01974e-24
21.392 5.66273e-24
21.424 5.39775e-24
21.456 5.16236e-24
21.488 4.90863e-24
21.52 4.6824e-24
21.552 4.46814e-24
21.584 4.2338e-24
21.616 4.06174e-24
21.648 3.8501e-24
21.68 3.68953e-24
21.712 3.52963e-24
21.744 3.35988e-24
21.776 3.22472e-24
21.808 3.08218e-24
21.84 2.96665e-24
21.872 2.82368e-24
21.904 2.69333e-24
21.936 2.56422e-24
21.968 2.4625e-24
22 2.37975e-24
22.032 2.25787e-24
22.064 2.18617e-24
22.096 2.08863e-24
22.128 1.99402e-24
22.16 1.93588e-24
22.192 1.86043e-24
22.224 1.78436e-24
22.256 1.72446e-24
22.288 1.64927e-24
22.32 1.598e-24
22.352 1.54684e-24
22.384 1.48332e-24
22.416 1.43983e-24
22.448 1.39601e-24
22.48 1.3423e-24
22.512 1.30454e-24
22.544 1.27017e-24
22.576 1.23295e-24
22.608 1.19827e-24
22.64 1.16208e-24
22.672 1.1318e-24
22.704 1.10152e-24
22.736 1.07276e-24
22.768 1.04591e-24
22.8 1.02688e-24
22.832 1.00651e-24
22.864 9.94631e-25
22.896 9.63162e-25
22.928 9.53979e-25
22.96 9.35993e-25
22.992 9.14717e-25
23.024 8.89298e-25
23.056 8.82246e-25
23.088 8.77243e-25
23.12 8.59996e-25
23.152 8.50716e-25
23.184 8.49657e-25
23.216 8.38039e-25
23.248 8.31048e-25
23.28 8.19541e-25
23.312 8.14635e-25
23.344 8.12857e-25
23.376 8.09684e-25
23.408 8.00014e-25
23.44 7.96159e-25
23.472 7.9714e-25
23.504 7.89157e-25
23.536 7.96254e-25
23.568 7.89229e-25
23.6 7.84883e-25
23.632 7.90264e-25
23.664 7.93778e-25
23.696 7.79717e-25
23.728 7.80616e-25
23.76 7.87065e-25
23.792 7.914e-25
23.824 7.86111e-25
23.856 7.90296e-25
23.888 7.97504e-25
23.92 8.02341e-25
23.952 8.09664e-25
23.984 8.01475e-25
24.016 8.09879e-25
24.048 8.16948e-25
24.08 8.13294e-25
24.112 8.23126e-25
24.144 8.27985e-25
24.176 8.35516e-25
24.208 8.32318e-25
24.24 8.3609e-25
24.272 8.39933e-25
24.304 8.49814e-25
24.336 8.53608e-25
24.368 8.56556e-25
24.4 8.67081e-25
24.432 8.65689e-25
24.464 8.78148e-25
24.496 8.82476e-25
24.528 8.82933e-25
24.56 8.85349e-25
24.592 9.00168e-25
24.624 9.04321e-25
24.656 9.16939e-25
24.688 9.18018e-25
24.72 9.24899e-25
24.752 9.34625e-25
24.784 9.38167e-25
24.816 9.40686e-25
24.848 9.50982e-25
24.88 9.57013e-25
24.912 9.60741e-25
24.944 9.62589e-25
24.976 9.75241e-25
25.008 9.8315e-25
25.04 9.81232e-25
25.072 9.93987e-25
25.104 9.97573e-25
25.136 1.0108e-24
25.168 1.01448e-24
25.2 1.01793e-24
25.232 1.02945e-24
25.264 1.03456e-24
25.296 1.04138e-24
25.328 1.04386e-24
25.36 1.04389e-24
25.392 1.05574e-24
25.424 1.06466e-24
25.456 1.06556e-24
25.488 1.06755e-24
25.52 1.0759e-24
25.552 1.07931e-24
25.584 1.08969e-24
25.616 1.0935e-24
25.648 1.09302e-24
25.68 1.10593e-24
25.712 1.11085e-24
25.744 1.11288e-24
25.776 1.11332e-24
25.808 1.12689e-24
25.84 1.13151e-24
25.872 1.13315e-24
25.904 1.13842e-24
25.936 1.13989e-24
25.968 1.14593e-24
26 1.14614e-24
26.032 1.15445e-24
26.064 1.15666e-24
26.096 1.163e-24
26.128 1.16623e-24
26.16 1.16139e-24
26.192 1.16945e-24
26.224 1.17741e-24
26.256 1.17502e-24
26.288 1.17833e-24
26.32 1.18402e-24
26.352 1.18696e-24
26.384 1.18974e-24
26.416 1.18667e-24
26.448 1.19222e-24
26.48 1.19646e-24
26.512 1.19317e-24
26.544 1.19927e-24
26.576 1.19696e-24
26.608 1.19556e-24
26.64 1.20419e-24
26.672 1.20477e-24
26.704 1.20048e-24
26.736 1.20166e-24
26.768 1.20328e-24
26.8 1.20345e-24
26.832 1.20723e-24
26.864 1.20276e-24
26.896 1.20305e-24
26.928 1.20667e-24
26.96 1.19997e-24
26.992 1.20057e-24
27.024 1.20309e-24
27.056 1.19898e-24
27.088 1.1955e-24
27.12 1.20054e-24
27.152 1.1925e-24
27.184 1.19379e-24
27.216 1.19674e-24
27.248 1.18919e-24
27.28 1.18946e-24
27.312 1.1825e-24
27.344 1.17926e-24
27.376 1.18172e-24
27.408 1.17587e-24
27.44 1.1731e-24
27.472 1.17278e-24
27.504 1.16516e-24
27.536 1.16237e-24
27.568 1.15826e-24
27.6 1.15229e-24
27.632 1.15216e-24
27.664 1.14641e-24
27.696 1.1407e-24
27.728 1.13886e-24
27.76 1.13164e-24
27.792 1.12542e-24
27.824 1.11847e-24
27.856 1.11562e-24
27.888 1.10946e-24
27.92 1.10515e-24
27.952 1.09916e-24
27.984 1.09426e-24
28.016 1.08505e-24
28.048 1.07509e-24
28.08 1.07298e-24
28.112 1.06339e-24
28.144 1.05904e-24
28.176 1.05247e-24
28.208 1.04708e-24
28.24 1.03766e-24
28.272 1.03231e-24
28.304 1.02209e-24
28.336 1.01406e-24
28.368 1.00465e-24
28.4 9.96914e-25
28.432 9.89561e-25
28.464 9.83754e-25
28.496 9.74838e-25
28.528 9.65997e-25
28.56 9.58152e-25
28.592 9.50121e-25
28.624 9.38542e-25
28.656 9.31707e-25
28.688 9.2195e-25
28.72 9.06242e-25
28.752 8.95305e-25
28.784 8.87468e-25
28.816 8.79499e-25
28.848 8.71538e-25
28.88 8.61486e-25
28.912 8.54663e-25
28.944 8.46334e-25
28.976 8.30065e-25
29.008 8.23434e-25
29.04 8.09832e-25
29.072 8.00946e-25
29.104 7.88593e-25
29.136 7.80321e-25
29.168 7.69297e-25
29.2 7.5955e-25
29.232 7.46865e-25
29.264 7.33082e-25
29.296 7.22542e-25
29.328 7.14364e-25
29.36 7.02375e-25
29.392 6.88546e-25
29.424 6.79767e-25
29.456 6.68183e-25
29.488 6.5684e-25
29.52 6.45123e-25
29.552 6.37192e-25
29.584 6.26508e-25
29.616 6.10582e-25
29.648 6.0073e-25
29.68 5.8903e-25
29.712 5.79264e-25
29.744 5.68279e-25
29.776 5.54089e-25
29.808 5.44703e-25
29.84 5.30846e-25
29.872 5.21675e-25
29.904 5.10394e-25
29.936 5.01112e-25
29.968 4.88292e-25
30 4.7532e-25
30.032 4.64858e-25
30.064 4.52901e-25
30.096 4.41544e-25
30.128 4.30943e-25
30.16 4.18071e-25
30.192 4.04924e-25
30.224 3.97053e-25
30.256 3.85301e-25
30.288 3.73535e-25
30.32 3.61927e-25
30.352 3.53069e-25
30.384 3.40521e-25
30.416 3.29935e-25
30.448 3.17633e-25
30.48 3.10067e-25
30.512 2.99526e-25
30.544 2.88995e-25
30.576 2.7921e-25
30.608 2.66523e-25
30.64 2.58184e-25
30.672 2.44871e-25
30.704 2.37027e-25
30.736 2.2718e-25
30.768 2.18492e-25
30.8 2.07448e-25
30.832 1.97366e-25
30.864 1.90473e-25
30.896 1.80693e-25
30.928 1.71949e-25
30.96 1.61539e-25
30.992 1.53685e-25
31.024 1.46827e-25
31.056 1.38163e-25
31.088 1.30165e-25
31.12 1.20924e-25
31.152 1.13503e-25
31.184 1.06049e-25
31.216 9.8084e-26
31.248 9.18523e-26
31.28 8.40262e-26
31.312 7.91443e-26
31.344 7.2177e-26
31.376 6.51905e-26
31.408 5.96988e-26
31.44 5.37248e-26
31.472 4.67732e-26
31.504 4.29302e-26
31.536 3.77318e-26
31.568 3.31939e-26
31.6 2.84029e-26
31.632 2.46486e-26
31.664 2.03107e-26
31.696 1.69334e-26
31.728 1.33922e-26
31.76 1.03515e-26
31.792 8.22401e-27
31.824 6.10228e-27
31.856 4.1998e-27
31.888 2.26721e-27
31.92 1.13328e-27
31.952 4.92665e-28
31.984 6.53035e-29
