#1:M 2:dN/MdM dy_q d2xT
0.016 1.14376e-06
0.048 1.08863e-06
0.08 9.92137e-07
0.112 8.81832e-07
0.144 7.77343e-07
0.176 6.79835e-07
0.208 5.93518e-07
0.24 5.18137e-07
0.272 4.52968e-07
0.304 3.963e-07
0.336 3.47281e-07
0.368 3.04526e-07
0.4 2.65239e-07
0.432 2.33156e-07
0.464 2.05405e-07
0.496 1.81139e-07
0.528 1.59923e-07
0.56 1.41408e-07
0.592 1.2515e-07
0.624 1.10965e-07
0.656 9.82356e-08
0.688 8.73133e-08
0.72 7.77003e-08
0.752 6.92537e-08
0.784 6.17485e-08
0.816 5.51418e-08
0.848 4.92908e-08
0.88 4.40994e-08
0.912 3.93422e-08
0.944 3.5294e-08
0.976 3.16899e-08
1.008 2.84753e-08
1.04 2.56212e-08
1.072 2.30545e-08
1.104 2.07795e-08
1.136 1.87577e-08
1.168 1.68728e-08
1.2 1.52502e-08
1.232 1.37914e-08
1.264 1.24781e-08
1.296 1.13101e-08
1.328 1.02553e-08
1.36 9.30679e-09
1.392 8.44891e-09
1.424 7.66043e-09
1.456 6.97443e-09
1.488 6.34238e-09
1.52 5.78169e-09
1.552 5.26582e-09
1.584 4.80304e-09
1.616 4.38574e-09
1.648 4.00547e-09
1.68 3.62727e-09
1.712 3.31784e-09
1.744 3.03771e-09
1.776 2.78069e-09
1.808 2.54817e-09
1.84 2.3344e-09
1.872 2.14218e-09
1.904 1.96487e-09
1.936 1.80151e-09
1.968 1.65663e-09
2 1.52193e-09
2.032 1.39942e-09
2.064 1.28837e-09
2.096 1.18518e-09
2.128 1.09323e-09
2.16 1.00753e-09
2.192 9.26986e-10
2.224 8.55288e-10
2.256 7.89154e-10
2.288 7.29675e-10
2.32 6.73301e-10
2.352 6.22496e-10
2.384 5.75575e-10
2.416 5.32602e-10
2.448 4.9207e-10
2.48 4.55139e-10
2.512 4.22128e-10
2.544 3.90858e-10
2.576 3.62242e-10
2.608 3.35787e-10
2.64 3.11812e-10
2.672 2.89118e-10
2.704 2.70859e-10
2.736 2.51562e-10
2.768 2.33645e-10
2.8 2.17259e-10
2.832 2.01964e-10
2.864 1.87787e-10
2.896 1.74518e-10
2.928 1.62465e-10
2.96 1.51049e-10
2.992 1.40769e-10
3.024 1.31105e-10
3.056 1.22127e-10
3.088 1.13824e-10
3.12 1.0621e-10
3.152 9.90076e-11
3.184 9.24235e-11
3.216 8.61727e-11
3.248 8.03921e-11
3.28 7.502e-11
3.312 7.0059e-11
3.344 6.54882e-11
3.376 6.11768e-11
3.408 5.7176e-11
3.44 5.34503e-11
3.472 4.99906e-11
3.504 4.67183e-11
3.536 4.3731e-11
3.568 4.09212e-11
3.6 3.82813e-11
3.632 3.58885e-11
3.664 3.36093e-11
3.696 3.14279e-11
3.728 2.92283e-11
3.76 2.73753e-11
3.792 2.56677e-11
3.824 2.40712e-11
3.856 2.25811e-11
3.888 2.11671e-11
3.92 1.98507e-11
3.952 1.86415e-11
3.984 1.7481e-11
4.016 1.64228e-11
4.048 1.54158e-11
4.08 1.44895e-11
4.112 1.35964e-11
4.144 1.27538e-11
4.176 1.19972e-11
4.208 1.12666e-11
4.24 1.05967e-11
4.272 9.96304e-12
4.304 9.34116e-12
4.336 8.80238e-12
4.368 8.27621e-12
4.4 7.78085e-12
4.432 7.31056e-12
4.464 6.88429e-12
4.496 6.50931e-12
4.528 6.11119e-12
4.56 5.7655e-12
4.592 5.42447e-12
4.624 5.10748e-12
4.656 4.80916e-12
4.688 4.529e-12
4.72 4.26483e-12
4.752 4.27552e-12
4.784 4.02795e-12
4.816 3.79422e-12
4.848 3.5789e-12
4.88 3.36833e-12
4.912 3.17501e-12
4.944 2.99742e-12
4.976 2.8236e-12
5.008 2.60179e-12
5.04 2.45392e-12
5.072 2.31639e-12
5.104 2.18483e-12
5.136 2.06288e-12
5.168 1.94421e-12
5.2 1.83512e-12
5.232 1.73214e-12
5.264 1.63456e-12
5.296 1.54363e-12
5.328 1.45656e-12
5.36 1.3737e-12
5.392 1.29641e-12
5.424 1.22453e-12
5.456 1.15843e-12
5.488 1.0948e-12
5.52 1.03334e-12
5.552 9.76101e-13
5.584 9.22016e-13
5.616 8.71479e-13
5.648 8.23121e-13
5.68 7.78366e-13
5.712 7.35652e-13
5.744 6.95181e-13
5.776 6.5764e-13
5.808 6.2114e-13
5.84 5.88102e-13
5.872 5.55368e-13
5.904 5.25484e-13
5.936 4.9699e-13
5.968 4.69832e-13
6 4.43897e-13
6.032 4.2054e-13
6.064 3.97052e-13
6.096 3.76125e-13
6.128 3.5677e-13
6.16 3.36697e-13
6.192 3.18399e-13
6.224 3.01344e-13
6.256 2.8511e-13
6.288 2.70063e-13
6.32 2.55363e-13
6.352 2.41629e-13
6.384 2.28607e-13
6.416 2.16479e-13
6.448 2.05014e-13
6.48 1.94347e-13
6.512 1.83826e-13
6.544 1.74122e-13
6.576 1.64916e-13
6.608 1.56304e-13
6.64 1.47806e-13
6.672 1.39966e-13
6.704 1.32608e-13
6.736 1.254e-13
6.768 1.18842e-13
6.8 1.1289e-13
6.832 1.07115e-13
6.864 1.01437e-13
6.896 9.60049e-14
6.928 9.09232e-14
6.96 8.62466e-14
6.992 8.15354e-14
7.024 7.73778e-14
7.056 7.33453e-14
7.088 6.95059e-14
7.12 6.57607e-14
7.152 6.23104e-14
7.184 5.90599e-14
7.216 5.60183e-14
7.248 5.30322e-14
7.28 5.03064e-14
7.312 4.77072e-14
7.344 4.52585e-14
7.376 4.28817e-14
7.408 4.05793e-14
7.44 3.8448e-14
7.472 3.65141e-14
7.504 3.45942e-14
7.536 3.28405e-14
7.568 3.10729e-14
7.6 2.94538e-14
7.632 2.79766e-14
7.664 2.65217e-14
7.696 2.50957e-14
7.728 2.38119e-14
7.76 2.26102e-14
7.792 2.14277e-14
7.824 2.03023e-14
7.856 1.92898e-14
7.888 1.82765e-14
7.92 1.73209e-14
7.952 1.6444e-14
7.984 1.55712e-14
8.016 1.47843e-14
8.048 1.39936e-14
8.08 1.33118e-14
8.112 1.2608e-14
8.144 1.19615e-14
8.176 1.13575e-14
8.208 1.07637e-14
8.24 1.02064e-14
8.272 9.69383e-15
8.304 9.19008e-15
8.336 8.73354e-15
8.368 8.27344e-15
8.4 7.84357e-15
8.432 7.44074e-15
8.464 7.05942e-15
8.496 6.69851e-15
8.528 6.36753e-15
8.56 6.02869e-15
8.592 5.72414e-15
8.624 5.42986e-15
8.656 5.14989e-15
8.688 4.88751e-15
8.72 4.63778e-15
8.752 4.40497e-15
8.784 4.17916e-15
8.816 3.96164e-15
8.848 3.77016e-15
8.88 3.58208e-15
8.912 3.39863e-15
8.944 3.22587e-15
8.976 3.06123e-15
9.008 2.90492e-15
9.04 2.74858e-15
9.072 2.60642e-15
9.104 2.48158e-15
9.136 2.35137e-15
9.168 2.23382e-15
9.2 2.12093e-15
9.232 2.00994e-15
9.264 1.90749e-15
9.296 1.81121e-15
9.328 1.71914e-15
9.36 1.62709e-15
9.392 1.54708e-15
9.424 1.46954e-15
9.456 1.39658e-15
9.488 1.32271e-15
9.52 1.25624e-15
9.552 1.19289e-15
9.584 1.13185e-15
9.616 1.07644e-15
9.648 1.02146e-15
9.68 9.68354e-16
9.712 9.20306e-16
9.744 8.72232e-16
9.776 8.29445e-16
9.808 7.89192e-16
9.84 7.46134e-16
9.872 7.08528e-16
9.904 6.72016e-16
9.936 6.37704e-16
9.968 6.05959e-16
10 5.7475e-16
10.032 5.46902e-16
10.064 5.19154e-16
10.096 4.92384e-16
10.128 4.67952e-16
10.16 4.43702e-16
10.192 4.22409e-16
10.224 3.99469e-16
10.256 3.79453e-16
10.288 3.61272e-16
10.32 3.42e-16
10.352 3.25049e-16
10.384 3.08224e-16
10.416 2.92245e-16
10.448 2.79067e-16
10.48 2.64095e-16
10.512 2.49956e-16
10.544 2.3815e-16
10.576 2.25405e-16
10.608 2.14627e-16
10.64 2.0379e-16
10.672 1.93132e-16
10.704 1.83574e-16
10.736 1.74048e-16
10.768 1.65556e-16
10.8 1.57176e-16
10.832 1.49129e-16
10.864 1.41431e-16
10.896 1.34373e-16
10.928 1.27681e-16
10.96 1.21536e-16
10.992 1.15258e-16
11.024 1.09611e-16
11.056 1.0411e-16
11.088 9.86925e-17
11.12 9.36277e-17
11.152 8.90288e-17
11.184 8.44477e-17
11.216 8.02255e-17
11.248 7.61775e-17
11.28 7.22534e-17
11.312 6.87353e-17
11.344 6.52454e-17
11.376 6.18314e-17
11.408 5.87768e-17
11.44 5.57343e-17
11.472 5.29816e-17
11.504 5.02762e-17
11.536 4.77368e-17
11.568 4.54834e-17
11.6 4.31096e-17
11.632 4.08268e-17
11.664 3.88699e-17
11.696 3.70065e-17
11.728 3.49954e-17
11.76 3.32709e-17
11.792 3.15866e-17
11.824 2.99802e-17
11.856 2.84977e-17
11.888 2.70667e-17
11.92 2.56364e-17
11.952 2.43598e-17
11.984 2.32143e-17
12.016 2.19712e-17
12.048 2.09119e-17
12.08 1.98535e-17
12.112 1.88366e-17
12.144 1.78877e-17
12.176 1.6988e-17
12.208 1.61174e-17
12.24 1.52942e-17
12.272 1.45684e-17
12.304 1.3797e-17
12.336 1.31414e-17
12.368 1.2413e-17
12.4 1.18029e-17
12.432 1.124e-17
12.464 1.06803e-17
12.496 1.01406e-17
12.528 9.61179e-18
12.56 9.12793e-18
12.592 8.67056e-18
12.624 8.22641e-18
12.656 7.82172e-18
12.688 7.41943e-18
12.72 7.03183e-18
12.752 6.69142e-18
12.784 6.37158e-18
12.816 6.04134e-18
12.848 5.74009e-18
12.88 5.43582e-18
12.912 5.15071e-18
12.944 4.92485e-18
12.976 4.6639e-18
13.008 4.4382e-18
13.04 4.1988e-18
13.072 3.99955e-18
13.104 3.78704e-18
13.136 3.6e-18
13.168 3.42225e-18
13.2 3.26264e-18
13.232 3.09546e-18
13.264 2.93786e-18
13.296 2.80318e-18
13.328 2.65394e-18
13.36 2.51979e-18
13.392 2.40039e-18
13.424 2.27208e-18
13.456 2.14544e-18
13.488 2.05215e-18
13.52 1.94864e-18
13.552 1.85321e-18
13.584 1.75757e-18
13.616 1.66344e-18
13.648 1.57848e-18
13.68 1.50588e-18
13.712 1.42792e-18
13.744 1.35433e-18
13.776 1.28626e-18
13.808 1.22417e-18
13.84 1.16067e-18
13.872 1.10145e-18
13.904 1.04425e-18
13.936 9.92162e-19
13.968 9.44157e-19
14 8.95598e-19
14.032 8.52769e-19
14.064 8.06678e-19
14.096 7.65983e-19
14.128 7.28477e-19
14.16 6.91247e-19
14.192 6.58696e-19
14.224 6.24496e-19
14.256 5.91846e-19
14.288 5.61352e-19
14.32 5.33374e-19
14.352 5.06633e-19
14.384 4.80897e-19
14.416 4.56954e-19
14.448 4.33354e-19
14.48 4.11966e-19
14.512 3.91314e-19
14.544 3.72376e-19
14.576 3.52946e-19
14.608 3.34231e-19
14.64 3.17706e-19
14.672 3.01218e-19
14.704 2.8598e-19
14.736 2.72253e-19
14.768 2.58013e-19
14.8 2.44867e-19
14.832 2.33606e-19
14.864 2.20948e-19
14.896 2.10168e-19
14.928 1.99297e-19
14.96 1.89542e-19
14.992 1.79827e-19
15.024 1.70801e-19
15.056 1.62589e-19
15.088 1.53474e-19
15.12 1.46277e-19
15.152 1.38692e-19
15.184 1.32106e-19
15.216 1.25193e-19
15.248 1.18559e-19
15.28 1.13132e-19
15.312 1.0724e-19
15.344 1.01557e-19
15.376 9.65823e-20
15.408 9.15281e-20
15.44 8.7159e-20
15.472 8.23578e-20
15.504 7.84085e-20
15.536 7.46526e-20
15.568 7.08305e-20
15.6 6.73335e-20
15.632 6.38629e-20
15.664 6.06274e-20
15.696 5.7375e-20
15.728 5.46423e-20
15.76 5.19248e-20
15.792 4.92964e-20
15.824 4.67691e-20
15.856 4.41685e-20
15.888 4.20772e-20
15.92 4.01352e-20
15.952 3.7943e-20
15.984 3.59452e-20
16.016 3.44296e-20
16.048 3.25147e-20
16.08 3.09382e-20
16.112 2.92959e-20
16.144 2.77314e-20
16.176 2.63581e-20
16.208 2.50191e-20
16.24 2.39268e-20
16.272 2.26671e-20
16.304 2.14425e-20
16.336 2.03938e-20
16.368 1.93794e-20
16.4 1.83799e-20
16.432 1.74184e-20
16.464 1.6559e-20
16.496 1.57913e-20
16.528 1.49778e-20
16.56 1.41857e-20
16.592 1.34824e-20
16.624 1.27604e-20
16.656 1.2159e-20
16.688 1.14628e-20
16.72 1.09509e-20
16.752 1.03548e-20
16.784 9.88372e-21
16.816 9.34728e-21
16.848 8.89352e-21
16.88 8.4626e-21
16.912 7.99334e-21
16.944 7.60365e-21
16.976 7.22577e-21
17.008 6.8785e-21
17.04 6.47725e-21
17.072 6.17738e-21
17.104 5.8545e-21
17.136 5.5708e-21
17.168 5.28238e-21
17.2 5.01665e-21
17.232 4.77371e-21
17.264 4.51877e-21
17.296 4.2767e-21
17.328 4.07854e-21
17.36 3.8542e-21
17.392 3.68302e-21
17.424 3.48778e-21
17.456 3.30087e-21
17.488 3.14929e-21
17.52 2.98317e-21
17.552 2.83541e-21
17.584 2.68455e-21
17.616 2.55386e-21
17.648 2.42743e-21
17.68 2.30252e-21
17.712 2.17711e-21
17.744 2.07368e-21
17.776 1.97029e-21
17.808 1.86467e-21
17.84 1.77347e-21
17.872 1.67872e-21
17.904 1.60125e-21
17.936 1.52331e-21
17.968 1.44285e-21
18 1.37224e-21
18.032 1.29489e-21
18.064 1.23248e-21
18.096 1.17158e-21
18.128 1.11109e-21
18.16 1.05217e-21
18.192 1.00333e-21
18.224 9.48204e-22
18.256 9.01234e-22
18.288 8.57329e-22
18.32 8.07521e-22
18.352 7.70555e-22
18.384 7.35542e-22
18.416 6.95062e-22
18.448 6.59503e-22
18.48 6.27373e-22
18.512 5.95238e-22
18.544 5.65198e-22
18.576 5.35746e-22
18.608 5.06609e-22
18.64 4.81464e-22
18.672 4.57736e-22
18.704 4.35125e-22
18.736 4.12001e-22
18.768 3.91442e-22
18.8 3.70487e-22
18.832 3.5339e-22
18.864 3.32844e-22
18.896 3.18529e-22
18.928 3.01246e-22
18.96 2.86229e-22
18.992 2.71203e-22
19.024 2.57815e-22
19.056 2.44693e-22
19.088 2.32988e-22
19.12 2.18266e-22
19.152 2.0908e-22
19.184 1.98075e-22
19.216 1.87927e-22
19.248 1.77303e-22
19.28 1.68639e-22
19.312 1.60795e-22
19.344 1.52955e-22
19.376 1.45267e-22
19.408 1.36282e-22
19.44 1.30419e-22
19.472 1.2303e-22
19.504 1.16777e-22
19.536 1.11041e-22
19.568 1.05571e-22
19.6 9.98891e-23
19.632 9.48946e-23
19.664 9.03169e-23
19.696 8.52662e-23
19.728 8.12608e-23
19.76 7.71026e-23
19.792 7.27031e-23
19.824 6.9092e-23
19.856 6.5686e-23
19.888 6.22506e-23
19.92 5.89752e-23
19.952 5.57231e-23
19.984 5.294e-23
20.016 5.04114e-23
20.048 4.74791e-23
20.08 4.5029e-23
20.112 4.29238e-23
20.144 4.04976e-23
20.176 3.85707e-23
20.208 3.63267e-23
20.24 3.46078e-23
20.272 3.29433e-23
20.304 3.11313e-23
20.336 2.91787e-23
20.368 2.78895e-23
20.4 2.64297e-23
20.432 2.49668e-23
20.464 2.37419e-23
20.496 2.23944e-23
20.528 2.12216e-23
20.56 2.00952e-23
20.592 1.90515e-23
20.624 1.81646e-23
20.656 1.71247e-23
20.688 1.62403e-23
20.72 1.53591e-23
20.752 1.44884e-23
20.784 1.37259e-23
20.816 1.30536e-23
20.848 1.22894e-23
20.88 1.16263e-23
20.912 1.09874e-23
20.944 1.04071e-23
20.976 9.88296e-24
21.008 9.36502e-24
21.04 8.77972e-24
21.072 8.27868e-24
21.104 7.91368e-24
21.136 7.41017e-24
21.168 7.04735e-24
21.2 6.64262e-24
21.232 6.26584e-24
21.264 5.93739e-24
21.296 5.63188e-24
21.328 5.29882e-24
21.36 5.01845e-24
21.392 4.66502e-24
21.424 4.41715e-24
21.456 4.18137e-24
21.488 3.94915e-24
21.52 3.73397e-24
21.552 3.53215e-24
21.584 3.30984e-24
21.616 3.15222e-24
21.648 2.94944e-24
21.68 2.8075e-24
21.712 2.6429e-24
21.744 2.49004e-24
21.776 2.36246e-24
21.808 2.24309e-24
21.84 2.13517e-24
21.872 2.00647e-24
21.904 1.88996e-24
21.936 1.77065e-24
21.968 1.68624e-24
22 1.61434e-24
22.032 1.51176e-24
22.064 1.43212e-24
22.096 1.36253e-24
22.128 1.28311e-24
22.16 1.23801e-24
22.192 1.16912e-24
22.224 1.10861e-24
22.256 1.06389e-24
22.288 9.99152e-25
22.32 9.61449e-25
22.352 9.24663e-25
22.384 8.79241e-25
22.416 8.48728e-25
22.448 8.12182e-25
22.48 7.76436e-25
22.512 7.56399e-25
22.544 7.25568e-25
22.576 7.0614e-25
22.608 6.87838e-25
22.64 6.65621e-25
22.672 6.45663e-25
22.704 6.31564e-25
22.736 6.15981e-25
22.768 6.00908e-25
22.8 5.94395e-25
22.832 5.86196e-25
22.864 5.8547e-25
22.896 5.76041e-25
22.928 5.70239e-25
22.96 5.64535e-25
22.992 5.6299e-25
23.024 5.58985e-25
23.056 5.62115e-25
23.088 5.62695e-25
23.12 5.62004e-25
23.152 5.65353e-25
23.184 5.73693e-25
23.216 5.73744e-25
23.248 5.78208e-25
23.28 5.81411e-25
23.312 5.92459e-25
23.344 5.96813e-25
23.376 6.05009e-25
23.408 6.11755e-25
23.44 6.18491e-25
23.472 6.27191e-25
23.504 6.3506e-25
23.536 6.47297e-25
23.568 6.56397e-25
23.6 6.6691e-25
23.632 6.78107e-25
23.664 6.88901e-25
23.696 6.96108e-25
23.728 7.06222e-25
23.76 7.20937e-25
23.792 7.35607e-25
23.824 7.4319e-25
23.856 7.56849e-25
23.888 7.70346e-25
23.92 7.77832e-25
23.952 7.93541e-25
23.984 8.04874e-25
24.016 8.19943e-25
24.048 8.32486e-25
24.08 8.40649e-25
24.112 8.59022e-25
24.144 8.72302e-25
24.176 8.83055e-25
24.208 8.91144e-25
24.24 9.08128e-25
24.272 9.15243e-25
24.304 9.28451e-25
24.336 9.42865e-25
24.368 9.58236e-25
24.4 9.66674e-25
24.432 9.81803e-25
24.464 9.92482e-25
24.496 1.00569e-24
24.528 1.0158e-24
24.56 1.02922e-24
24.592 1.04156e-24
24.624 1.05527e-24
24.656 1.06978e-24
24.688 1.07918e-24
24.72 1.09118e-24
24.752 1.10539e-24
24.784 1.11214e-24
24.816 1.1225e-24
24.848 1.13632e-24
24.88 1.14378e-24
24.912 1.15433e-24
24.944 1.16268e-24
24.976 1.17595e-24
25.008 1.18679e-24
25.04 1.19312e-24
25.072 1.20593e-24
25.104 1.21453e-24
25.136 1.22596e-24
25.168 1.23718e-24
25.2 1.23981e-24
25.232 1.25437e-24
25.264 1.26002e-24
25.296 1.26862e-24
25.328 1.27557e-24
25.36 1.28371e-24
25.392 1.2922e-24
25.424 1.30141e-24
25.456 1.30657e-24
25.488 1.31093e-24
25.52 1.31878e-24
25.552 1.32617e-24
25.584 1.33531e-24
25.616 1.3385e-24
25.648 1.343e-24
25.68 1.35258e-24
25.712 1.36013e-24
25.744 1.36093e-24
25.776 1.36217e-24
25.808 1.37361e-24
25.84 1.37915e-24
25.872 1.38117e-24
25.904 1.38724e-24
25.936 1.38859e-24
25.968 1.39109e-24
26 1.39269e-24
26.032 1.39798e-24
26.064 1.40258e-24
26.096 1.40603e-24
26.128 1.40771e-24
26.16 1.40544e-24
26.192 1.41039e-24
26.224 1.41561e-24
26.256 1.4116e-24
26.288 1.41354e-24
26.32 1.4165e-24
26.352 1.41784e-24
26.384 1.41797e-24
26.416 1.41705e-24
26.448 1.41964e-24
26.48 1.4184e-24
26.512 1.41741e-24
26.544 1.41724e-24
26.576 1.41566e-24
26.608 1.41125e-24
26.64 1.41722e-24
26.672 1.41413e-24
26.704 1.40741e-24
26.736 1.40869e-24
26.768 1.40512e-24
26.8 1.40424e-24
26.832 1.40472e-24
26.864 1.39682e-24
26.896 1.39456e-24
26.928 1.39602e-24
26.96 1.3879e-24
26.992 1.38422e-24
27.024 1.38505e-24
27.056 1.37605e-24
27.088 1.37183e-24
27.12 1.37066e-24
27.152 1.36461e-24
27.184 1.35921e-24
27.216 1.35944e-24
27.248 1.35001e-24
27.28 1.34673e-24
27.312 1.33718e-24
27.344 1.33165e-24
27.376 1.32955e-24
27.408 1.3191e-24
27.44 1.31525e-24
27.472 1.31124e-24
27.504 1.30154e-24
27.536 1.2949e-24
27.568 1.28841e-24
27.6 1.27971e-24
27.632 1.27505e-24
27.664 1.26696e-24
27.696 1.2581e-24
27.728 1.25262e-24
27.76 1.2428e-24
27.792 1.23296e-24
27.824 1.22417e-24
27.856 1.21879e-24
27.888 1.21067e-24
27.92 1.20189e-24
27.952 1.19278e-24
27.984 1.18626e-24
28.016 1.17506e-24
28.048 1.16221e-24
28.08 1.15756e-24
28.112 1.14443e-24
28.144 1.13976e-24
28.176 1.12828e-24
28.208 1.12072e-24
28.24 1.11025e-24
28.272 1.10083e-24
28.304 1.08846e-24
28.336 1.07676e-24
28.368 1.06761e-24
28.4 1.05534e-24
28.432 1.04657e-24
28.464 1.03886e-24
28.496 1.02808e-24
28.528 1.01582e-24
28.56 1.00528e-24
28.592 9.95922e-25
28.624 9.82796e-25
28.656 9.74263e-25
28.688 9.61492e-25
28.72 9.46471e-25
28.752 9.32306e-25
28.784 9.22005e-25
28.816 9.14156e-25
28.848 9.0297e-25
28.88 8.91732e-25
28.912 8.82656e-25
28.944 8.7203e-25
28.976 8.55736e-25
29.008 8.47506e-25
29.04 8.31301e-25
29.072 8.21051e-25
29.104 8.09725e-25
29.136 7.98918e-25
29.168 7.86095e-25
29.2 7.75499e-25
29.232 7.60882e-25
29.264 7.46722e-25
29.296 7.35517e-25
29.328 7.26337e-25
29.36 7.13666e-25
29.392 6.99094e-25
29.424 6.88214e-25
29.456 6.76799e-25
29.488 6.63548e-25
29.52 6.52286e-25
29.552 6.42357e-25
29.584 6.31854e-25
29.616 6.15991e-25
29.648 6.04692e-25
29.68 5.92659e-25
29.712 5.82537e-25
29.744 5.70133e-25
29.776 5.5634e-25
29.808 5.46651e-25
29.84 5.31934e-25
29.872 5.22424e-25
29.904 5.10237e-25
29.936 5.00865e-25
29.968 4.86719e-25
30 4.74639e-25
30.032 4.63621e-25
30.064 4.52249e-25
30.096 4.40016e-25
30.128 4.29049e-25
30.16 4.1749e-25
30.192 4.02706e-25
30.224 3.95452e-25
30.256 3.82741e-25
30.288 3.70716e-25
30.32 3.59965e-25
30.352 3.5016e-25
30.384 3.38768e-25
30.416 3.27422e-25
30.448 3.15267e-25
30.48 3.08132e-25
30.512 2.96781e-25
30.544 2.86534e-25
30.576 2.76629e-25
30.608 2.65042e-25
30.64 2.55994e-25
30.672 2.42995e-25
30.704 2.35258e-25
30.736 2.25791e-25
30.768 2.17206e-25
30.8 2.05485e-25
30.832 1.96864e-25
30.864 1.88709e-25
30.896 1.79456e-25
30.928 1.71223e-25
30.96 1.60741e-25
30.992 1.52627e-25
31.024 1.46172e-25
31.056 1.37656e-25
31.088 1.29322e-25
31.12 1.20324e-25
31.152 1.13168e-25
31.184 1.05719e-25
31.216 9.79902e-26
31.248 9.18203e-26
31.28 8.39937e-26
31.312 7.90903e-26
31.344 7.23236e-26
31.376 6.53308e-26
31.408 5.96418e-26
31.44 5.40295e-26
31.472 4.67089e-26
31.504 4.31656e-26
31.536 3.806e-26
31.568 3.32879e-26
31.6 2.85643e-26
31.632 2.4812e-26
31.664 2.04637e-26
31.696 1.72939e-26
31.728 1.35368e-26
31.76 1.06522e-26
31.792 8.45058e-27
31.824 6.24614e-27
31.856 4.21409e-27
31.888 2.28274e-27
31.92 1.16573e-27
31.952 5.09558e-28
31.984 6.39905e-29
