#1:M 2:dN/MdM dy_q d2xT
0.016 9.24466e-08
0.048 8.38735e-08
0.08 7.28421e-08
0.112 6.24152e-08
0.144 5.35768e-08
0.176 4.59573e-08
0.208 3.95953e-08
0.24 3.42605e-08
0.272 2.97776e-08
0.304 2.60001e-08
0.336 2.27909e-08
0.368 2.00504e-08
0.4 1.75453e-08
0.432 1.55243e-08
0.464 1.37802e-08
0.496 1.22637e-08
0.528 1.09356e-08
0.56 9.77982e-09
0.592 8.75846e-09
0.624 7.86515e-09
0.656 7.05305e-09
0.688 6.35787e-09
0.72 5.73433e-09
0.752 5.18247e-09
0.784 4.68945e-09
0.816 4.25041e-09
0.848 3.85877e-09
0.88 3.50659e-09
0.912 3.17659e-09
0.944 2.89343e-09
0.976 2.63796e-09
1.008 2.409e-09
1.04 2.2004e-09
1.072 2.01386e-09
1.104 1.8425e-09
1.136 1.68833e-09
1.168 1.54456e-09
1.2 1.41746e-09
1.232 1.30151e-09
1.264 1.1964e-09
1.296 1.10103e-09
1.328 1.01491e-09
1.36 9.3404e-10
1.392 8.61463e-10
1.424 7.92518e-10
1.456 7.3223e-10
1.488 6.76198e-10
1.52 6.25821e-10
1.552 5.78489e-10
1.584 5.35319e-10
1.616 4.95714e-10
1.648 4.59905e-10
1.68 4.22483e-10
1.712 3.91834e-10
1.744 3.63423e-10
1.776 3.37599e-10
1.808 3.13477e-10
1.84 2.91288e-10
1.872 2.70881e-10
1.904 2.51639e-10
1.936 2.34026e-10
1.968 2.17866e-10
2 2.03071e-10
2.032 1.89215e-10
2.064 1.76347e-10
2.096 1.64287e-10
2.128 1.53352e-10
2.16 1.43011e-10
2.192 1.33407e-10
2.224 1.2443e-10
2.256 1.16362e-10
2.288 1.08672e-10
2.32 1.01608e-10
2.352 9.50033e-11
2.384 8.88296e-11
2.416 8.32076e-11
2.448 7.76787e-11
2.48 7.26821e-11
2.512 6.81478e-11
2.544 6.38075e-11
2.576 5.97499e-11
2.608 5.60341e-11
2.64 5.25299e-11
2.672 4.93065e-11
2.704 4.65847e-11
2.736 4.36991e-11
2.768 4.10126e-11
2.8 3.85229e-11
2.832 3.61547e-11
2.864 3.39136e-11
2.896 3.18627e-11
2.928 2.99154e-11
2.96 2.81132e-11
2.992 2.64131e-11
3.024 2.48657e-11
3.056 2.33566e-11
3.088 2.19476e-11
3.12 2.0682e-11
3.152 1.94398e-11
3.184 1.82822e-11
3.216 1.72012e-11
3.248 1.61988e-11
3.28 1.52449e-11
3.312 1.43514e-11
3.344 1.35185e-11
3.376 1.27352e-11
3.408 1.19994e-11
3.44 1.13051e-11
3.472 1.06393e-11
3.504 1.00445e-11
3.536 9.44771e-12
3.568 8.91709e-12
3.6 8.41455e-12
3.632 7.93519e-12
3.664 7.49335e-12
3.696 7.05585e-12
3.728 6.6021e-12
3.76 6.22886e-12
3.792 5.88308e-12
3.824 5.55592e-12
3.856 5.24637e-12
3.888 4.95191e-12
3.92 4.66798e-12
3.952 4.41652e-12
3.984 4.17107e-12
4.016 3.93896e-12
4.048 3.719e-12
4.08 3.51938e-12
4.112 3.31967e-12
4.144 3.13846e-12
4.176 2.96591e-12
4.208 2.79753e-12
4.24 2.6493e-12
4.272 2.50588e-12
4.304 2.36731e-12
4.336 2.24129e-12
4.368 2.11896e-12
4.4 2.00048e-12
4.432 1.89341e-12
4.464 1.7906e-12
4.496 1.69893e-12
4.528 1.60667e-12
4.56 1.52242e-12
4.592 1.43968e-12
4.624 1.36134e-12
4.656 1.28602e-12
4.688 1.21869e-12
4.72 1.15286e-12
4.752 1.16007e-12
4.784 1.0996e-12
4.816 1.04047e-12
4.848 9.85144e-13
4.88 9.32685e-13
4.912 8.83144e-13
4.944 8.38024e-13
4.976 7.9151e-13
5.008 7.32292e-13
5.04 6.92072e-13
5.072 6.56906e-13
5.104 6.21753e-13
5.136 5.89713e-13
5.168 5.58955e-13
5.2 5.29033e-13
5.232 5.02271e-13
5.264 4.75222e-13
5.296 4.49788e-13
5.328 4.25803e-13
5.36 4.0392e-13
5.392 3.82941e-13
5.424 3.62819e-13
5.456 3.43777e-13
5.488 3.26097e-13
5.52 3.08773e-13
5.552 2.9258e-13
5.584 2.77158e-13
5.616 2.63062e-13
5.648 2.49025e-13
5.68 2.3647e-13
5.712 2.24173e-13
5.744 2.12343e-13
5.776 2.01722e-13
5.808 1.91033e-13
5.84 1.81448e-13
5.872 1.71851e-13
5.904 1.62961e-13
5.936 1.54555e-13
5.968 1.46637e-13
6 1.38762e-13
6.032 1.31969e-13
6.064 1.24809e-13
6.096 1.18686e-13
6.128 1.12521e-13
6.16 1.06727e-13
6.192 1.01079e-13
6.224 9.58443e-14
6.256 9.10516e-14
6.288 8.63161e-14
6.32 8.18722e-14
6.352 7.75801e-14
6.384 7.35861e-14
6.416 6.98845e-14
6.448 6.63891e-14
6.48 6.31642e-14
6.512 5.97371e-14
6.544 5.67812e-14
6.576 5.3929e-14
6.608 5.10499e-14
6.64 4.84324e-14
6.672 4.59798e-14
6.704 4.36548e-14
6.736 4.13452e-14
6.768 3.93225e-14
6.8 3.73512e-14
6.832 3.5504e-14
6.864 3.3731e-14
6.896 3.20027e-14
6.928 3.03283e-14
6.96 2.87277e-14
6.992 2.72579e-14
7.024 2.58915e-14
7.056 2.46138e-14
7.088 2.33402e-14
7.12 2.2093e-14
7.152 2.10071e-14
7.184 1.99431e-14
7.216 1.89921e-14
7.248 1.79318e-14
7.28 1.70317e-14
7.312 1.62293e-14
7.344 1.54014e-14
7.376 1.45791e-14
7.408 1.3846e-14
7.44 1.31317e-14
7.472 1.24852e-14
7.504 1.18447e-14
7.536 1.12548e-14
7.568 1.06644e-14
7.6 1.01041e-14
7.632 9.62441e-15
7.664 9.12815e-15
7.696 8.65761e-15
7.728 8.23118e-15
7.76 7.79841e-15
7.792 7.41513e-15
7.824 7.03995e-15
7.856 6.68545e-15
7.888 6.3423e-15
7.92 6.02298e-15
7.952 5.72711e-15
7.984 5.41789e-15
8.016 5.12862e-15
8.048 4.8817e-15
8.08 4.64347e-15
8.112 4.40253e-15
8.144 4.17726e-15
8.176 3.97219e-15
8.208 3.76593e-15
8.24 3.57273e-15
8.272 3.40231e-15
8.304 3.22286e-15
8.336 3.0673e-15
8.368 2.91037e-15
8.4 2.75889e-15
8.432 2.62771e-15
8.464 2.47942e-15
8.496 2.36075e-15
8.528 2.24184e-15
8.56 2.12764e-15
8.592 2.02228e-15
8.624 1.92522e-15
8.656 1.82289e-15
8.688 1.72735e-15
8.72 1.64214e-15
8.752 1.55932e-15
8.784 1.48199e-15
8.816 1.4033e-15
8.848 1.33569e-15
8.88 1.27317e-15
8.912 1.2064e-15
8.944 1.14639e-15
8.976 1.08947e-15
9.008 1.03287e-15
9.04 9.80474e-16
9.072 9.30354e-16
9.104 8.83501e-16
9.136 8.36553e-16
9.168 7.95469e-16
9.2 7.5706e-16
9.232 7.17121e-16
9.264 6.80285e-16
9.296 6.44677e-16
9.328 6.13389e-16
9.36 5.81055e-16
9.392 5.53336e-16
9.424 5.24354e-16
9.456 4.9936e-16
9.488 4.73136e-16
9.52 4.49841e-16
9.552 4.27194e-16
9.584 4.03898e-16
9.616 3.84242e-16
9.648 3.66396e-16
9.68 3.47026e-16
9.712 3.29947e-16
9.744 3.12788e-16
9.776 2.96552e-16
9.808 2.83339e-16
9.84 2.67033e-16
9.872 2.54227e-16
9.904 2.41042e-16
9.936 2.29212e-16
9.968 2.17505e-16
10 2.05773e-16
10.032 1.96345e-16
10.064 1.86767e-16
10.096 1.76668e-16
10.128 1.67605e-16
10.16 1.58873e-16
10.192 1.50929e-16
10.224 1.42956e-16
10.256 1.36258e-16
10.288 1.29409e-16
10.32 1.2288e-16
10.352 1.16472e-16
10.384 1.10592e-16
10.416 1.04979e-16
10.448 1.00074e-16
10.48 9.49028e-17
10.512 8.97056e-17
10.544 8.53954e-17
10.576 8.0829e-17
10.608 7.70306e-17
10.64 7.3118e-17
10.672 6.95518e-17
10.704 6.58478e-17
10.736 6.24902e-17
10.768 5.92318e-17
10.8 5.63833e-17
10.832 5.35136e-17
10.864 5.08815e-17
10.896 4.82758e-17
10.928 4.56663e-17
10.96 4.36948e-17
10.992 4.14406e-17
11.024 3.93448e-17
11.056 3.73613e-17
11.088 3.52844e-17
11.12 3.35552e-17
11.152 3.19628e-17
11.184 3.02972e-17
11.216 2.8634e-17
11.248 2.73528e-17
11.28 2.59634e-17
11.312 2.45626e-17
11.344 2.3247e-17
11.376 2.21512e-17
11.408 2.10821e-17
11.44 1.99633e-17
11.472 1.90127e-17
11.504 1.80041e-17
11.536 1.70209e-17
11.568 1.62789e-17
11.6 1.54548e-17
11.632 1.46385e-17
11.664 1.38867e-17
11.696 1.32218e-17
11.728 1.25165e-17
11.76 1.18788e-17
11.792 1.13293e-17
11.824 1.07068e-17
11.856 1.01849e-17
11.888 9.69826e-18
11.92 9.17068e-18
11.952 8.71666e-18
11.984 8.28537e-18
12.016 7.83484e-18
12.048 7.47201e-18
12.08 7.06725e-18
12.112 6.7033e-18
12.144 6.36959e-18
12.176 6.05921e-18
12.208 5.7525e-18
12.24 5.43972e-18
12.272 5.20003e-18
12.304 4.91789e-18
12.336 4.67068e-18
12.368 4.42464e-18
12.4 4.22496e-18
12.432 3.99852e-18
12.464 3.79652e-18
12.496 3.60419e-18
12.528 3.43044e-18
12.56 3.25191e-18
12.592 3.07629e-18
12.624 2.92317e-18
12.656 2.77095e-18
12.688 2.63677e-18
12.72 2.49858e-18
12.752 2.37546e-18
12.784 2.2599e-18
12.816 2.15106e-18
12.848 2.03204e-18
12.88 1.93414e-18
12.912 1.83573e-18
12.944 1.74296e-18
12.976 1.64985e-18
13.008 1.5698e-18
13.04 1.49168e-18
13.072 1.41814e-18
13.104 1.34824e-18
13.136 1.27156e-18
13.168 1.2101e-18
13.2 1.15282e-18
13.232 1.09969e-18
13.264 1.04258e-18
13.296 9.91921e-19
13.328 9.34263e-19
13.36 8.91467e-19
13.392 8.45296e-19
13.424 8.02749e-19
13.456 7.58439e-19
13.488 7.25937e-19
13.52 6.88247e-19
13.552 6.49919e-19
13.584 6.19673e-19
13.616 5.88155e-19
13.648 5.56302e-19
13.68 5.30897e-19
13.712 5.00274e-19
13.744 4.76044e-19
13.776 4.52556e-19
13.808 4.31289e-19
13.84 4.0944e-19
13.872 3.89513e-19
13.904 3.6674e-19
13.936 3.48026e-19
13.968 3.32162e-19
14 3.1459e-19
14.032 2.98408e-19
14.064 2.83157e-19
14.096 2.68548e-19
14.128 2.56259e-19
14.16 2.42219e-19
14.192 2.3097e-19
14.224 2.18758e-19
14.256 2.07426e-19
14.288 1.96666e-19
14.32 1.86673e-19
14.352 1.77684e-19
14.384 1.69556e-19
14.416 1.60176e-19
14.448 1.51748e-19
14.48 1.44952e-19
14.512 1.37052e-19
14.544 1.29529e-19
14.576 1.23461e-19
14.608 1.16733e-19
14.64 1.11142e-19
14.672 1.05377e-19
14.704 9.99785e-20
14.736 9.4697e-20
14.768 9.03073e-20
14.8 8.56529e-20
14.832 8.15069e-20
14.864 7.7374e-20
14.896 7.34881e-20
14.928 6.95453e-20
14.96 6.6172e-20
14.992 6.29139e-20
15.024 5.95563e-20
15.056 5.64512e-20
15.088 5.35324e-20
15.12 5.09133e-20
15.152 4.86111e-20
15.184 4.59615e-20
15.216 4.342e-20
15.248 4.15103e-20
15.28 3.91827e-20
15.312 3.73427e-20
15.344 3.52851e-20
15.376 3.36445e-20
15.408 3.18228e-20
15.44 3.03516e-20
15.472 2.85785e-20
15.504 2.71382e-20
15.536 2.60107e-20
15.568 2.45629e-20
15.6 2.33643e-20
15.632 2.22279e-20
15.664 2.09562e-20
15.696 1.99121e-20
15.728 1.89798e-20
15.76 1.79974e-20
15.792 1.70385e-20
15.824 1.61941e-20
15.856 1.5422e-20
15.888 1.45914e-20
15.92 1.38757e-20
15.952 1.31698e-20
15.984 1.24703e-20
16.016 1.19201e-20
16.048 1.1239e-20
16.08 1.07146e-20
16.112 1.01261e-20
16.144 9.62715e-21
16.176 9.12023e-21
16.208 8.66227e-21
16.24 8.25191e-21
16.272 7.82145e-21
16.304 7.41447e-21
16.336 7.04572e-21
16.368 6.71548e-21
16.4 6.3402e-21
16.432 5.99324e-21
16.464 5.74118e-21
16.496 5.46488e-21
16.528 5.17588e-21
16.56 4.88703e-21
16.592 4.6663e-21
16.624 4.42681e-21
16.656 4.21779e-21
16.688 3.97935e-21
16.72 3.78931e-21
16.752 3.58929e-21
16.784 3.42142e-21
16.816 3.23189e-21
16.848 3.06876e-21
16.88 2.92136e-21
16.912 2.75595e-21
16.944 2.63276e-21
16.976 2.48453e-21
17.008 2.37051e-21
17.04 2.24189e-21
17.072 2.13494e-21
17.104 2.02225e-21
17.136 1.92545e-21
17.168 1.8234e-21
17.2 1.73058e-21
17.232 1.65713e-21
17.264 1.56293e-21
17.296 1.47633e-21
17.328 1.41107e-21
17.36 1.33149e-21
17.392 1.27391e-21
17.424 1.20439e-21
17.456 1.13836e-21
17.488 1.08378e-21
17.52 1.02666e-21
17.552 9.72057e-22
17.584 9.27953e-22
17.616 8.84532e-22
17.648 8.39758e-22
17.68 7.94495e-22
17.712 7.51743e-22
17.744 7.1613e-22
17.776 6.79451e-22
17.808 6.41212e-22
17.84 6.11771e-22
17.872 5.78046e-22
17.904 5.51828e-22
17.936 5.2375e-22
17.968 4.96937e-22
18 4.70781e-22
18.032 4.45812e-22
18.064 4.2387e-22
18.096 4.03544e-22
18.128 3.82843e-22
18.16 3.63708e-22
18.192 3.45975e-22
18.224 3.2732e-22
18.256 3.11487e-22
18.288 2.95134e-22
18.32 2.80451e-22
18.352 2.63991e-22
18.384 2.53099e-22
18.416 2.38963e-22
18.448 2.27222e-22
18.48 2.14899e-22
18.512 2.05296e-22
18.544 1.94677e-22
18.576 1.84466e-22
18.608 1.74425e-22
18.64 1.65964e-22
18.672 1.57975e-22
18.704 1.50438e-22
18.736 1.42425e-22
18.768 1.35295e-22
18.8 1.27877e-22
18.832 1.21674e-22
18.864 1.15399e-22
18.896 1.09699e-22
18.928 1.03811e-22
18.96 9.92402e-23
18.992 9.36952e-23
19.024 8.92721e-23
19.056 8.43436e-23
19.088 8.03238e-23
19.12 7.54927e-23
19.152 7.1921e-23
19.184 6.87503e-23
19.216 6.51513e-23
19.248 6.13679e-23
19.28 5.85637e-23
19.312 5.57646e-23
19.344 5.32175e-23
19.376 5.01971e-23
19.408 4.74607e-23
19.44 4.53132e-23
19.472 4.28541e-23
19.504 4.06987e-23
19.536 3.85974e-23
19.568 3.66353e-23
19.6 3.47211e-23
19.632 3.31586e-23
19.664 3.14605e-23
19.696 2.99244e-23
19.728 2.82943e-23
19.76 2.6888e-23
19.792 2.54072e-23
19.824 2.41973e-23
19.856 2.2879e-23
19.888 2.18033e-23
19.92 2.06963e-23
19.952 1.95115e-23
19.984 1.86081e-23
20.016 1.76301e-23
20.048 1.67724e-23
20.08 1.58846e-23
20.112 1.50798e-23
20.144 1.43109e-23
20.176 1.36255e-23
20.208 1.29677e-23
20.24 1.2253e-23
20.272 1.16376e-23
20.304 1.10672e-23
20.336 1.04239e-23
20.368 9.92874e-24
20.4 9.45041e-24
20.432 8.97347e-24
20.464 8.48945e-24
20.496 8.04953e-24
20.528 7.60478e-24
20.56 7.26859e-24
20.592 6.90154e-24
20.624 6.57031e-24
20.656 6.20801e-24
20.688 5.90661e-24
20.72 5.58558e-24
20.752 5.29657e-24
20.784 5.05849e-24
20.816 4.81628e-24
20.848 4.56029e-24
20.88 4.31724e-24
20.912 4.08712e-24
20.944 3.8996e-24
20.976 3.69282e-24
21.008 3.51864e-24
21.04 3.31427e-24
21.072 3.14176e-24
21.104 2.98186e-24
21.136 2.84093e-24
21.168 2.67721e-24
21.2 2.54819e-24
21.232 2.40855e-24
21.264 2.29323e-24
21.296 2.17254e-24
21.328 2.06506e-24
21.36 1.95693e-24
21.392 1.84825e-24
21.424 1.75016e-24
21.456 1.66126e-24
21.488 1.57841e-24
21.52 1.50424e-24
21.552 1.41979e-24
21.584 1.35285e-24
21.616 1.27752e-24
21.648 1.20765e-24
21.68 1.14915e-24
21.712 1.08702e-24
21.744 1.03962e-24
21.776 9.79043e-25
21.808 9.40686e-25
21.84 8.93038e-25
21.872 8.48091e-25
21.904 7.97628e-25
21.936 7.56064e-25
21.968 7.17182e-25
22 6.80903e-25
22.032 6.47051e-25
22.064 6.16404e-25
22.096 5.81106e-25
22.128 5.52628e-25
22.16 5.23237e-25
22.192 4.96242e-25
22.224 4.69148e-25
22.256 4.48299e-25
22.288 4.22217e-25
22.32 4.01804e-25
22.352 3.8096e-25
22.384 3.61912e-25
22.416 3.44381e-25
22.448 3.27619e-25
22.48 3.08531e-25
22.512 2.94521e-25
22.544 2.78566e-25
22.576 2.64514e-25
22.608 2.51632e-25
22.64 2.37274e-25
22.672 2.25262e-25
22.704 2.14734e-25
22.736 2.01596e-25
22.768 1.92507e-25
22.8 1.80578e-25
22.832 1.72722e-25
22.864 1.63394e-25
22.896 1.56034e-25
22.928 1.47921e-25
22.96 1.39311e-25
22.992 1.32716e-25
23.024 1.25428e-25
23.056 1.18077e-25
23.088 1.13319e-25
23.12 1.07216e-25
23.152 1.01914e-25
23.184 9.72364e-26
23.216 9.17371e-26
23.248 8.69277e-26
23.28 8.21582e-26
23.312 7.84618e-26
23.344 7.41628e-26
23.376 6.98632e-26
23.408 6.6482e-26
23.44 6.30999e-26
23.472 5.99358e-26
23.504 5.66457e-26
23.536 5.383e-26
23.568 5.11126e-26
23.6 4.833e-26
23.632 4.61075e-26
23.664 4.34101e-26
23.696 4.11155e-26
23.728 3.91925e-26
23.76 3.72327e-26
23.792 3.51799e-26
23.824 3.32655e-26
23.856 3.18538e-26
23.888 2.98712e-26
23.92 2.83249e-26
23.952 2.70261e-26
23.984 2.57151e-26
24.016 2.40507e-26
24.048 2.30132e-26
24.08 2.18197e-26
24.112 2.05915e-26
24.144 1.96546e-26
24.176 1.84551e-26
24.208 1.76002e-26
24.24 1.66126e-26
24.272 1.58286e-26
24.304 1.49401e-26
24.336 1.41523e-26
24.368 1.3473e-26
24.4 1.26807e-26
24.432 1.19977e-26
24.464 1.14248e-26
24.496 1.07685e-26
24.528 1.02498e-26
24.56 9.71197e-27
24.592 9.20959e-27
24.624 8.73392e-27
24.656 8.31722e-27
24.688 7.82028e-27
24.72 7.44586e-27
24.752 7.00142e-27
24.784 6.61352e-27
24.816 6.31935e-27
24.848 5.97398e-27
24.88 5.60959e-27
24.912 5.35735e-27
24.944 5.07892e-27
24.976 4.77242e-27
25.008 4.56183e-27
25.04 4.33647e-27
25.072 4.0995e-27
25.104 3.87632e-27
25.136 3.69573e-27
25.168 3.47615e-27
25.2 3.28674e-27
25.232 3.10999e-27
25.264 2.95009e-27
25.296 2.77974e-27
25.328 2.64771e-27
25.36 2.50098e-27
25.392 2.39838e-27
25.424 2.24969e-27
25.456 2.11225e-27
25.488 1.99841e-27
25.52 1.90194e-27
25.552 1.79071e-27
25.584 1.70513e-27
25.616 1.61392e-27
25.648 1.53339e-27
25.68 1.44343e-27
25.712 1.3671e-27
25.744 1.29986e-27
25.776 1.23064e-27
25.808 1.16116e-27
25.84 1.09049e-27
25.872 1.03319e-27
25.904 9.8676e-28
25.936 9.28293e-28
25.968 8.75398e-28
26 8.21643e-28
26.032 7.81532e-28
26.064 7.43638e-28
26.096 7.00366e-28
26.128 6.66313e-28
26.16 6.26037e-28
26.192 5.9653e-28
26.224 5.55179e-28
26.256 5.342e-28
26.288 5.00874e-28
26.32 4.71436e-28
26.352 4.46702e-28
26.384 4.19708e-28
26.416 3.97553e-28
26.448 3.78256e-28
26.48 3.55725e-28
26.512 3.34978e-28
26.544 3.13662e-28
26.576 2.97536e-28
26.608 2.83701e-28
26.64 2.67587e-28
26.672 2.5249e-28
26.704 2.34661e-28
26.736 2.2268e-28
26.768 2.11107e-28
26.8 1.98138e-28
26.832 1.8878e-28
26.864 1.77089e-28
26.896 1.64967e-28
26.928 1.57538e-28
26.96 1.44997e-28
26.992 1.37706e-28
27.024 1.30642e-28
27.056 1.22886e-28
27.088 1.14078e-28
27.12 1.0828e-28
27.152 1.0013e-28
27.184 9.53547e-29
27.216 8.87958e-29
27.248 8.29417e-29
27.28 7.74038e-29
27.312 7.36881e-29
27.344 6.75336e-29
27.376 6.30085e-29
27.408 5.92838e-29
27.44 5.5358e-29
27.472 5.16305e-29
27.504 4.73271e-29
27.536 4.41021e-29
27.568 4.09862e-29
27.6 3.7705e-29
27.632 3.51391e-29
27.664 3.2281e-29
27.696 2.93058e-29
27.728 2.726e-29
27.76 2.49276e-29
27.792 2.27441e-29
27.824 2.0742e-29
27.856 1.84474e-29
27.888 1.66327e-29
27.92 1.47997e-29
27.952 1.33016e-29
27.984 1.13842e-29
28.016 9.74161e-30
28.048 8.2384e-30
28.08 6.86503e-30
28.112 5.62781e-30
28.144 4.31473e-30
28.176 2.92395e-30
28.208 2.04843e-30
28.24 9.10383e-31
28.272 -4.19914e-32
28.304 -9.14791e-31
28.336 -1.8079e-30
28.368 -2.58642e-30
28.4 -3.4342e-30
28.432 -4.21357e-30
28.464 -4.86539e-30
28.496 -5.46645e-30
28.528 -6.17829e-30
28.56 -6.82115e-30
28.592 -7.56794e-30
28.624 -8.01838e-30
28.656 -8.60001e-30
28.688 -9.19104e-30
28.72 -9.63667e-30
28.752 -1.01267e-29
28.784 -1.05887e-29
28.816 -1.10182e-29
28.848 -1.14019e-29
28.88 -1.17051e-29
28.912 -1.21572e-29
28.944 -1.25148e-29
28.976 -1.27418e-29
29.008 -1.30288e-29
29.04 -1.33298e-29
29.072 -1.3576e-29
29.104 -1.38492e-29
29.136 -1.40329e-29
29.168 -1.427e-29
29.2 -1.44375e-29
29.232 -1.45319e-29
29.264 -1.46975e-29
29.296 -1.4789e-29
29.328 -1.49728e-29
29.36 -1.51113e-29
29.392 -1.52613e-29
29.424 -1.53253e-29
29.456 -1.5361e-29
29.488 -1.54721e-29
29.52 -1.54282e-29
29.552 -1.57225e-29
29.584 -1.56129e-29
29.616 -1.5679e-29
29.648 -1.56883e-29
29.68 -1.5877e-29
29.712 -1.57481e-29
29.744 -1.56963e-29
29.776 -1.57802e-29
29.808 -1.56048e-29
29.84 -1.5717e-29
29.872 -1.55689e-29
29.904 -1.54574e-29
29.936 -1.55592e-29
29.968 -1.53461e-29
30 -1.51473e-29
30.032 -1.52374e-29
30.064 -1.49488e-29
30.096 -1.48821e-29
30.128 -1.49129e-29
30.16 -1.46006e-29
30.192 -1.44111e-29
30.224 -1.43273e-29
30.256 -1.41796e-29
30.288 -1.38415e-29
30.32 -1.38198e-29
30.352 -1.35113e-29
30.384 -1.33483e-29
30.416 -1.31578e-29
30.448 -1.28683e-29
30.48 -1.26928e-29
30.512 -1.24999e-29
30.544 -1.22897e-29
30.576 -1.21782e-29
30.608 -1.18218e-29
30.64 -1.16074e-29
30.672 -1.11194e-29
30.704 -1.10009e-29
30.736 -1.06455e-29
30.768 -1.03868e-29
30.8 -1.00771e-29
30.832 -9.66381e-30
30.864 -9.50662e-30
30.896 -9.1808e-30
30.928 -8.84363e-30
30.96 -8.3982e-30
30.992 -8.04079e-30
31.024 -7.81021e-30
31.056 -7.30714e-30
31.088 -7.07802e-30
31.12 -6.74612e-30
31.152 -6.43403e-30
31.184 -6.17953e-30
31.216 -5.77057e-30
31.248 -5.27394e-30
31.28 -5.12149e-30
31.312 -4.69023e-30
31.344 -4.42038e-30
31.376 -4.15476e-30
31.408 -3.81946e-30
31.44 -3.5285e-30
31.472 -3.16671e-30
31.504 -2.88273e-30
31.536 -2.48681e-30
31.568 -2.28633e-30
31.6 -2.1085e-30
31.632 -1.73618e-30
31.664 -1.41418e-30
31.696 -1.20546e-30
31.728 -9.9357e-31
31.76 -8.21068e-31
31.792 -5.94897e-31
31.824 -4.6449e-31
31.856 -3.44792e-31
31.888 -1.86357e-31
31.92 -9.89933e-32
31.952 -4.19522e-32
31.984 -4.37583e-33
