#1:M 2:dN/MdM dy_q d2xT
0.016 1.70698e-06
0.048 1.63019e-06
0.08 1.49325e-06
0.112 1.33257e-06
0.144 1.1779e-06
0.176 1.03176e-06
0.208 9.0171e-07
0.24 7.8771e-07
0.272 6.88448e-07
0.304 6.01877e-07
0.336 5.26898e-07
0.368 4.6132e-07
0.4 4.01091e-07
0.432 3.51866e-07
0.464 3.0927e-07
0.496 2.72045e-07
0.528 2.39477e-07
0.56 2.11142e-07
0.592 1.86369e-07
0.624 1.64702e-07
0.656 1.45375e-07
0.688 1.28718e-07
0.72 1.1412e-07
0.752 1.01359e-07
0.784 9.00617e-08
0.816 8.01514e-08
0.848 7.1391e-08
0.88 6.36454e-08
0.912 5.65489e-08
0.944 5.05261e-08
0.976 4.51971e-08
1.008 4.04552e-08
1.04 3.62677e-08
1.072 3.25155e-08
1.104 2.92014e-08
1.136 2.62465e-08
1.168 2.35255e-08
1.2 2.11724e-08
1.232 1.90688e-08
1.264 1.72053e-08
1.296 1.55306e-08
1.328 1.40356e-08
1.36 1.26848e-08
1.392 1.1471e-08
1.424 1.03683e-08
1.456 9.39936e-09
1.488 8.52321e-09
1.52 7.7415e-09
1.552 7.02316e-09
1.584 6.38302e-09
1.616 5.81083e-09
1.648 5.28831e-09
1.68 4.77416e-09
1.712 4.35357e-09
1.744 3.97119e-09
1.776 3.62318e-09
1.808 3.30866e-09
1.84 3.02227e-09
1.872 2.76305e-09
1.904 2.52798e-09
1.936 2.30915e-09
1.968 2.11786e-09
2 1.93927e-09
2.032 1.77826e-09
2.064 1.63228e-09
2.096 1.49732e-09
2.128 1.37701e-09
2.16 1.26528e-09
2.192 1.16095e-09
2.224 1.06817e-09
2.256 9.82669e-10
2.288 9.06388e-10
2.32 8.34245e-10
2.352 7.691e-10
2.384 7.09443e-10
2.416 6.54608e-10
2.448 6.0346e-10
2.48 5.56605e-10
2.512 5.15256e-10
2.544 4.75814e-10
2.576 4.3974e-10
2.608 4.06981e-10
2.64 3.76749e-10
2.672 3.48702e-10
2.704 3.25798e-10
2.736 3.01965e-10
2.768 2.79852e-10
2.8 2.59727e-10
2.832 2.40947e-10
2.864 2.23429e-10
2.896 2.0727e-10
2.928 1.92578e-10
2.96 1.78718e-10
2.992 1.66168e-10
3.024 1.54431e-10
3.056 1.43551e-10
3.088 1.33578e-10
3.12 1.24409e-10
3.152 1.15763e-10
3.184 1.0786e-10
3.216 1.00333e-10
3.248 9.35054e-11
3.28 8.71171e-11
3.312 8.12078e-11
3.344 7.577e-11
3.376 7.06739e-11
3.408 6.59508e-11
3.44 6.15409e-11
3.472 5.74394e-11
3.504 5.36157e-11
3.536 5.01083e-11
3.568 4.68224e-11
3.6 4.37508e-11
3.632 4.09431e-11
3.664 3.82948e-11
3.696 3.57527e-11
3.728 3.3208e-11
3.76 3.10578e-11
3.792 2.90631e-11
3.824 2.7242e-11
3.856 2.5516e-11
3.888 2.38816e-11
3.92 2.23722e-11
3.952 2.09779e-11
3.984 1.96553e-11
4.016 1.8434e-11
4.048 1.72823e-11
4.08 1.62254e-11
4.112 1.52086e-11
4.144 1.42492e-11
4.176 1.33871e-11
4.208 1.25643e-11
4.24 1.18e-11
4.272 1.10854e-11
4.304 1.03811e-11
4.336 9.77137e-12
4.368 9.17682e-12
4.4 8.61568e-12
4.432 8.08951e-12
4.464 7.61166e-12
4.496 7.18865e-12
4.528 6.74526e-12
4.56 6.35366e-12
4.592 5.97449e-12
4.624 5.61851e-12
4.656 5.28663e-12
4.688 4.97517e-12
4.72 4.68056e-12
4.752 4.68749e-12
4.784 4.41232e-12
4.816 4.15126e-12
4.848 3.91286e-12
4.88 3.68142e-12
4.912 3.46719e-12
4.944 3.26914e-12
4.976 3.07895e-12
5.008 2.8336e-12
5.04 2.67133e-12
5.072 2.51805e-12
5.104 2.37453e-12
5.136 2.23987e-12
5.168 2.10984e-12
5.2 1.98988e-12
5.232 1.87714e-12
5.264 1.77007e-12
5.296 1.67101e-12
5.328 1.57551e-12
5.36 1.48491e-12
5.392 1.40047e-12
5.424 1.32151e-12
5.456 1.24952e-12
5.488 1.18024e-12
5.52 1.11357e-12
5.552 1.0509e-12
5.584 9.92073e-13
5.616 9.37617e-13
5.648 8.85016e-13
5.68 8.35979e-13
5.712 7.90171e-13
5.744 7.45951e-13
5.776 7.0527e-13
5.808 6.65841e-13
5.84 6.3004e-13
5.872 5.94611e-13
5.904 5.62265e-13
5.936 5.31583e-13
5.968 5.02338e-13
6 4.74332e-13
6.032 4.49127e-13
6.064 4.23898e-13
6.096 4.01253e-13
6.128 3.80561e-13
6.16 3.59026e-13
6.192 3.3925e-13
6.224 3.20973e-13
6.256 3.03589e-13
6.288 2.8746e-13
6.32 2.7171e-13
6.352 2.56903e-13
6.384 2.43002e-13
6.416 2.30003e-13
6.448 2.17726e-13
6.48 2.06317e-13
6.512 1.95119e-13
6.544 1.84658e-13
6.576 1.74918e-13
6.608 1.65711e-13
6.64 1.56564e-13
6.672 1.48249e-13
6.704 1.404e-13
6.736 1.32758e-13
6.768 1.25718e-13
6.8 1.19382e-13
6.832 1.13266e-13
6.864 1.07192e-13
6.896 1.01425e-13
6.928 9.60294e-14
6.96 9.10595e-14
6.992 8.60718e-14
7.024 8.1654e-14
7.056 7.73599e-14
7.088 7.32948e-14
7.12 6.93233e-14
7.152 6.56863e-14
7.184 6.22359e-14
7.216 5.90162e-14
7.248 5.5845e-14
7.28 5.29681e-14
7.312 5.021e-14
7.344 4.76162e-14
7.376 4.51127e-14
7.408 4.2668e-14
7.44 4.04111e-14
7.472 3.83791e-14
7.504 3.63529e-14
7.536 3.44875e-14
7.568 3.26198e-14
7.6 3.09193e-14
7.632 2.93631e-14
7.664 2.78386e-14
7.696 2.6327e-14
7.728 2.49803e-14
7.76 2.37165e-14
7.792 2.24706e-14
7.824 2.12748e-14
7.856 2.02115e-14
7.888 1.91496e-14
7.92 1.81454e-14
7.952 1.7221e-14
7.984 1.63027e-14
8.016 1.54733e-14
8.048 1.46454e-14
8.08 1.3928e-14
8.112 1.319e-14
8.144 1.25088e-14
8.176 1.18768e-14
8.208 1.12532e-14
8.24 1.06709e-14
8.272 1.0131e-14
8.304 9.60433e-15
8.336 9.1233e-15
8.368 8.64081e-15
8.4 8.19123e-15
8.432 7.76721e-15
8.464 7.37052e-15
8.496 6.99146e-15
8.528 6.64278e-15
8.56 6.28998e-15
8.592 5.97127e-15
8.624 5.66394e-15
8.656 5.3706e-15
8.688 5.09534e-15
8.72 4.83572e-15
8.752 4.59093e-15
8.784 4.35529e-15
8.816 4.13004e-15
8.848 3.9283e-15
8.88 3.72991e-15
8.912 3.54026e-15
8.944 3.3592e-15
8.976 3.18688e-15
9.008 3.02506e-15
9.04 2.86092e-15
9.072 2.71282e-15
9.104 2.58153e-15
9.136 2.4456e-15
9.168 2.32285e-15
9.2 2.20619e-15
9.232 2.09032e-15
9.264 1.98342e-15
9.296 1.88356e-15
9.328 1.78742e-15
9.36 1.69155e-15
9.392 1.60777e-15
9.424 1.52686e-15
9.456 1.45088e-15
9.488 1.37417e-15
9.52 1.3047e-15
9.552 1.23859e-15
9.584 1.17527e-15
9.616 1.11754e-15
9.648 1.06042e-15
9.68 1.00537e-15
9.712 9.55551e-16
9.744 9.05255e-16
9.776 8.6085e-16
9.808 8.1874e-16
9.84 7.74231e-16
9.872 7.35109e-16
9.904 6.97196e-16
9.936 6.61493e-16
9.968 6.28234e-16
10 5.95816e-16
10.032 5.66979e-16
10.064 5.37927e-16
10.096 5.10402e-16
10.128 4.84822e-16
10.16 4.59791e-16
10.192 4.37571e-16
10.224 4.14004e-16
10.256 3.93125e-16
10.288 3.74146e-16
10.32 3.54284e-16
10.352 3.3662e-16
10.384 3.19234e-16
10.416 3.0269e-16
10.448 2.88986e-16
10.48 2.73425e-16
10.512 2.58764e-16
10.544 2.46503e-16
10.576 2.33256e-16
10.608 2.22143e-16
10.64 2.10928e-16
10.672 1.99867e-16
10.704 1.89918e-16
10.736 1.80065e-16
10.768 1.71176e-16
10.8 1.62574e-16
10.832 1.54204e-16
10.864 1.46337e-16
10.896 1.38976e-16
10.928 1.32024e-16
10.96 1.25671e-16
10.992 1.19119e-16
11.024 1.1326e-16
11.056 1.07601e-16
11.088 1.02014e-16
11.12 9.67428e-17
11.152 9.19638e-17
11.184 8.72614e-17
11.216 8.28975e-17
11.248 7.87007e-17
11.28 7.46448e-17
11.312 7.09983e-17
11.344 6.73773e-17
11.376 6.38432e-17
11.408 6.06976e-17
11.44 5.75288e-17
11.472 5.46913e-17
11.504 5.18824e-17
11.536 4.9269e-17
11.568 4.69276e-17
11.6 4.44973e-17
11.632 4.21158e-17
11.664 4.01087e-17
11.696 3.81761e-17
11.728 3.60988e-17
11.76 3.43157e-17
11.792 3.25736e-17
11.824 3.09073e-17
11.856 2.93833e-17
11.888 2.79071e-17
11.92 2.64382e-17
11.952 2.51041e-17
11.984 2.39321e-17
12.016 2.26415e-17
12.048 2.15554e-17
12.08 2.04551e-17
12.112 1.94106e-17
12.144 1.84301e-17
12.176 1.75075e-17
12.208 1.66116e-17
12.24 1.57612e-17
12.272 1.50042e-17
12.304 1.42093e-17
12.336 1.35332e-17
12.368 1.27807e-17
12.4 1.21597e-17
12.432 1.15769e-17
12.464 1.0996e-17
12.496 1.04394e-17
12.528 9.896e-18
12.56 9.39808e-18
12.592 8.91988e-18
12.624 8.46547e-18
12.656 8.04914e-18
12.688 7.63233e-18
12.72 7.23629e-18
12.752 6.8864e-18
12.784 6.55356e-18
12.816 6.21412e-18
12.848 5.90162e-18
12.88 5.59026e-18
12.912 5.29786e-18
12.944 5.0629e-18
12.976 4.79517e-18
13.008 4.56099e-18
13.04 4.31488e-18
13.072 4.11056e-18
13.104 3.89462e-18
13.136 3.69859e-18
13.168 3.51617e-18
13.2 3.35268e-18
13.232 3.17955e-18
13.264 3.01804e-18
13.296 2.87873e-18
13.328 2.72649e-18
13.36 2.58772e-18
13.392 2.46435e-18
13.424 2.33359e-18
13.456 2.2028e-18
13.488 2.10787e-18
13.52 2.0003e-18
13.552 1.90289e-18
13.584 1.80451e-18
13.616 1.70751e-18
13.648 1.62043e-18
13.68 1.54519e-18
13.712 1.46464e-18
13.744 1.38961e-18
13.776 1.31929e-18
13.808 1.25556e-18
13.84 1.19055e-18
13.872 1.12957e-18
13.904 1.07052e-18
13.936 1.01715e-18
13.968 9.67963e-19
14 9.17949e-19
14.032 8.73852e-19
14.064 8.26544e-19
14.096 7.85089e-19
14.128 7.46543e-19
14.16 7.07955e-19
14.192 6.74671e-19
14.224 6.395e-19
14.256 6.06094e-19
14.288 5.74828e-19
14.32 5.4594e-19
14.352 5.18548e-19
14.384 4.9226e-19
14.416 4.67609e-19
14.448 4.43537e-19
14.48 4.21483e-19
14.512 4.00261e-19
14.544 3.80968e-19
14.576 3.61125e-19
14.608 3.41766e-19
14.64 3.25009e-19
14.672 3.07956e-19
14.704 2.9248e-19
14.736 2.78224e-19
14.768 2.6377e-19
14.8 2.50258e-19
14.832 2.38625e-19
14.864 2.25693e-19
14.896 2.14619e-19
14.928 2.03525e-19
14.96 1.93517e-19
14.992 1.83643e-19
15.024 1.74399e-19
15.056 1.6594e-19
15.088 1.56715e-19
15.12 1.49306e-19
15.152 1.41527e-19
15.184 1.34798e-19
15.216 1.27695e-19
15.248 1.20902e-19
15.28 1.15339e-19
15.312 1.09351e-19
15.344 1.03551e-19
15.376 9.84134e-20
15.408 9.33027e-20
15.44 8.88181e-20
15.472 8.39586e-20
15.504 7.98681e-20
15.536 7.60583e-20
15.568 7.21088e-20
15.6 6.85374e-20
15.632 6.50162e-20
15.664 6.17195e-20
15.696 5.84052e-20
15.728 5.55977e-20
15.76 5.28499e-20
15.792 5.01412e-20
15.824 4.75421e-20
15.856 4.48999e-20
15.888 4.2777e-20
15.92 4.08013e-20
15.952 3.85576e-20
15.984 3.65166e-20
16.016 3.49864e-20
16.048 3.30252e-20
16.08 3.14113e-20
16.112 2.97455e-20
16.144 2.81647e-20
16.176 2.67484e-20
16.208 2.53717e-20
16.24 2.42653e-20
16.272 2.29903e-20
16.304 2.17395e-20
16.336 2.06746e-20
16.368 1.964e-20
16.4 1.86323e-20
16.432 1.76361e-20
16.464 1.67782e-20
16.496 1.59869e-20
16.528 1.51671e-20
16.56 1.4363e-20
16.592 1.36526e-20
16.624 1.29097e-20
16.656 1.22961e-20
16.688 1.15932e-20
16.72 1.10674e-20
16.752 1.04638e-20
16.784 9.98095e-21
16.816 9.4425e-21
16.848 8.984e-21
16.88 8.54909e-21
16.912 8.07336e-21
16.944 7.67311e-21
16.976 7.2929e-21
17.008 6.93428e-21
17.04 6.52968e-21
17.072 6.22629e-21
17.104 5.90066e-21
17.136 5.61397e-21
17.168 5.32245e-21
17.2 5.05054e-21
17.232 4.8065e-21
17.264 4.54873e-21
17.296 4.3059e-21
17.328 4.1053e-21
17.36 3.87788e-21
17.392 3.70178e-21
17.424 3.50843e-21
17.456 3.31807e-21
17.488 3.16346e-21
17.52 2.99624e-21
17.552 2.84624e-21
17.584 2.69506e-21
17.616 2.56441e-21
17.648 2.43523e-21
17.68 2.30837e-21
17.712 2.18193e-21
17.744 2.07762e-21
17.776 1.97392e-21
17.808 1.86704e-21
17.84 1.77505e-21
17.872 1.68164e-21
17.904 1.60289e-21
17.936 1.52276e-21
17.968 1.44346e-21
18 1.37178e-21
18.032 1.29336e-21
18.064 1.23156e-21
18.096 1.16959e-21
18.128 1.10855e-21
18.16 1.05032e-21
18.192 1.0016e-21
18.224 9.46048e-22
18.256 8.99356e-22
18.288 8.54697e-22
18.32 8.05243e-22
18.352 7.67486e-22
18.384 7.32909e-22
18.416 6.92805e-22
18.448 6.56727e-22
18.48 6.24582e-22
18.512 5.91933e-22
18.544 5.61816e-22
18.576 5.32776e-22
18.608 5.0374e-22
18.64 4.78646e-22
18.672 4.54573e-22
18.704 4.3215e-22
18.736 4.09358e-22
18.768 3.88579e-22
18.8 3.6771e-22
18.832 3.5084e-22
18.864 3.30374e-22
18.896 3.16402e-22
18.928 2.98983e-22
18.96 2.83989e-22
18.992 2.69059e-22
19.024 2.55791e-22
19.056 2.42651e-22
19.088 2.31058e-22
19.12 2.1652e-22
19.152 2.07241e-22
19.184 1.96641e-22
19.216 1.86336e-22
19.248 1.75881e-22
19.28 1.6723e-22
19.312 1.59493e-22
19.344 1.51754e-22
19.376 1.44186e-22
19.408 1.35199e-22
19.44 1.29453e-22
19.472 1.22245e-22
19.504 1.1602e-22
19.536 1.10466e-22
19.568 1.05036e-22
19.6 9.9397e-23
19.632 9.43942e-23
19.664 8.99656e-23
19.696 8.50379e-23
19.728 8.10257e-23
19.76 7.69555e-23
19.792 7.26725e-23
19.824 6.91013e-23
19.856 6.57938e-23
19.888 6.24653e-23
19.92 5.9269e-23
19.952 5.60056e-23
19.984 5.33576e-23
20.016 5.08408e-23
20.048 4.80154e-23
20.08 4.55796e-23
20.112 4.353e-23
20.144 4.11912e-23
20.176 3.93157e-23
20.208 3.70919e-23
20.24 3.54061e-23
20.272 3.37943e-23
20.304 3.20471e-23
20.336 3.01509e-23
20.368 2.88764e-23
20.4 2.74591e-23
20.432 2.60474e-23
20.464 2.48829e-23
20.496 2.35641e-23
20.528 2.24394e-23
20.56 2.13399e-23
20.592 2.03293e-23
20.624 1.94401e-23
20.656 1.84532e-23
20.688 1.7614e-23
20.72 1.67329e-23
20.752 1.59244e-23
20.784 1.51732e-23
20.816 1.45239e-23
20.848 1.3766e-23
20.88 1.31374e-23
20.912 1.25034e-23
20.944 1.19525e-23
20.976 1.14451e-23
21.008 1.09338e-23
21.04 1.03549e-23
21.072 9.87341e-24
21.104 9.52949e-24
21.136 9.02518e-24
21.168 8.67628e-24
21.2 8.28888e-24
21.232 7.91697e-24
21.264 7.57094e-24
21.296 7.28491e-24
21.328 6.95815e-24
21.36 6.67572e-24
21.392 6.32356e-24
21.424 6.07871e-24
21.456 5.83697e-24
21.488 5.60593e-24
21.52 5.39164e-24
21.552 5.19668e-24
21.584 4.96663e-24
21.616 4.80141e-24
21.648 4.59767e-24
21.68 4.44442e-24
21.712 4.28901e-24
21.744 4.12755e-24
21.776 4.00199e-24
21.808 3.863e-24
21.84 3.75501e-24
21.872 3.61206e-24
21.904 3.48902e-24
21.936 3.36166e-24
21.968 3.26788e-24
22 3.18227e-24
22.032 3.0664e-24
22.064 2.98611e-24
22.096 2.89671e-24
22.128 2.80772e-24
22.16 2.73976e-24
22.192 2.66326e-24
22.224 2.58893e-24
22.256 2.52812e-24
22.288 2.44854e-24
22.32 2.39965e-24
22.352 2.34408e-24
22.384 2.2846e-24
22.416 2.23684e-24
22.448 2.1849e-24
22.48 2.13133e-24
22.512 2.09119e-24
22.544 2.05102e-24
22.576 2.0071e-24
22.608 1.96733e-24
22.64 1.92743e-24
22.672 1.8911e-24
22.704 1.85976e-24
22.736 1.82189e-24
22.768 1.78827e-24
22.8 1.7646e-24
22.832 1.73574e-24
22.864 1.71857e-24
22.896 1.68117e-24
22.928 1.66218e-24
22.96 1.63635e-24
22.992 1.60982e-24
23.024 1.58351e-24
23.056 1.565e-24
23.088 1.55294e-24
23.12 1.52759e-24
23.152 1.50982e-24
23.184 1.49806e-24
23.216 1.47868e-24
23.248 1.46473e-24
23.28 1.44271e-24
23.312 1.43022e-24
23.344 1.41839e-24
23.376 1.40374e-24
23.408 1.39116e-24
23.44 1.37531e-24
23.472 1.36504e-24
23.504 1.34792e-24
23.536 1.34703e-24
23.568 1.32968e-24
23.6 1.31452e-24
23.632 1.31279e-24
23.664 1.3045e-24
23.696 1.28419e-24
23.728 1.27578e-24
23.76 1.27112e-24
23.792 1.26779e-24
23.824 1.25285e-24
23.856 1.24305e-24
23.888 1.24012e-24
23.92 1.23188e-24
23.952 1.22776e-24
23.984 1.21543e-24
24.016 1.21443e-24
24.048 1.20737e-24
24.08 1.19799e-24
24.112 1.19852e-24
24.144 1.19244e-24
24.176 1.18896e-24
24.208 1.17562e-24
24.24 1.16981e-24
24.272 1.16446e-24
24.304 1.16329e-24
24.336 1.15845e-24
24.368 1.15598e-24
24.4 1.15345e-24
24.432 1.14573e-24
24.464 1.14533e-24
24.496 1.14166e-24
24.528 1.13515e-24
24.56 1.1291e-24
24.592 1.13299e-24
24.624 1.12889e-24
24.656 1.13084e-24
24.688 1.12309e-24
24.72 1.12382e-24
24.752 1.12386e-24
24.784 1.11837e-24
24.816 1.11378e-24
24.848 1.1177e-24
24.88 1.11292e-24
24.912 1.11159e-24
24.944 1.10593e-24
24.976 1.11022e-24
25.008 1.10804e-24
25.04 1.1023e-24
25.072 1.10513e-24
25.104 1.10289e-24
25.136 1.10867e-24
25.168 1.10749e-24
25.2 1.09976e-24
25.232 1.10504e-24
25.264 1.10479e-24
25.296 1.10428e-24
25.328 1.10173e-24
25.36 1.0959e-24
25.392 1.10308e-24
25.424 1.10389e-24
25.456 1.09938e-24
25.488 1.09721e-24
25.52 1.09814e-24
25.552 1.09906e-24
25.584 1.10403e-24
25.616 1.10245e-24
25.648 1.09898e-24
25.68 1.10472e-24
25.712 1.10649e-24
25.744 1.1032e-24
25.776 1.09988e-24
25.808 1.10685e-24
25.84 1.10902e-24
25.872 1.10649e-24
25.904 1.10922e-24
25.936 1.10903e-24
25.968 1.10884e-24
26 1.10598e-24
26.032 1.11045e-24
26.064 1.11156e-24
26.096 1.11275e-24
26.128 1.1145e-24
26.16 1.10742e-24
26.192 1.11329e-24
26.224 1.11794e-24
26.256 1.11488e-24
26.288 1.11464e-24
26.32 1.11823e-24
26.352 1.11967e-24
26.384 1.11871e-24
26.416 1.11721e-24
26.448 1.1194e-24
26.48 1.12406e-24
26.512 1.12025e-24
26.544 1.12134e-24
26.576 1.11986e-24
26.608 1.11731e-24
26.64 1.12396e-24
26.672 1.12401e-24
26.704 1.11977e-24
26.736 1.12062e-24
26.768 1.12285e-24
26.8 1.12125e-24
26.832 1.12557e-24
26.864 1.12015e-24
26.896 1.11989e-24
26.928 1.12434e-24
26.96 1.11776e-24
26.992 1.11944e-24
27.024 1.12157e-24
27.056 1.11789e-24
27.088 1.11603e-24
27.12 1.11978e-24
27.152 1.11377e-24
27.184 1.11439e-24
27.216 1.11728e-24
27.248 1.11093e-24
27.28 1.11207e-24
27.312 1.10591e-24
27.344 1.10429e-24
27.376 1.1068e-24
27.408 1.10248e-24
27.44 1.10106e-24
27.472 1.10156e-24
27.504 1.09636e-24
27.536 1.09289e-24
27.568 1.09144e-24
27.6 1.08601e-24
27.632 1.08663e-24
27.664 1.08336e-24
27.696 1.079e-24
27.728 1.07823e-24
27.76 1.07259e-24
27.792 1.06782e-24
27.824 1.06223e-24
27.856 1.06243e-24
27.888 1.05728e-24
27.92 1.05478e-24
27.952 1.05043e-24
27.984 1.04837e-24
28.016 1.04021e-24
28.048 1.03253e-24
28.08 1.03106e-24
28.112 1.02331e-24
28.144 1.02231e-24
28.176 1.0156e-24
28.208 1.01236e-24
28.24 1.00617e-24
28.272 1.0012e-24
28.304 9.92934e-25
28.336 9.85232e-25
28.368 9.79324e-25
28.4 9.72331e-25
28.432 9.67244e-25
28.464 9.62767e-25
28.496 9.5581e-25
28.528 9.48439e-25
28.56 9.42449e-25
28.592 9.36201e-25
28.624 9.27003e-25
28.656 9.2144e-25
28.688 9.11919e-25
28.72 8.99413e-25
28.752 8.90476e-25
28.784 8.83394e-25
28.816 8.76567e-25
28.848 8.70194e-25
28.88 8.61521e-25
28.912 8.56177e-25
28.944 8.49068e-25
28.976 8.34536e-25
29.008 8.29017e-25
29.04 8.15831e-25
29.072 8.08307e-25
29.104 7.98281e-25
29.136 7.91289e-25
29.168 7.80651e-25
29.2 7.72276e-25
29.232 7.60083e-25
29.264 7.47871e-25
29.296 7.38191e-25
29.328 7.3094e-25
29.36 7.21056e-25
29.392 7.0735e-25
29.424 6.98966e-25
29.456 6.88728e-25
29.488 6.77991e-25
29.52 6.67468e-25
29.552 6.59372e-25
29.584 6.50413e-25
29.616 6.35142e-25
29.648 6.24738e-25
29.68 6.14009e-25
29.712 6.05379e-25
29.744 5.94263e-25
29.776 5.80355e-25
29.808 5.72063e-25
29.84 5.58276e-25
29.872 5.49581e-25
29.904 5.38053e-25
29.936 5.29009e-25
29.968 5.16352e-25
30 5.03966e-25
30.032 4.93e-25
30.064 4.81496e-25
30.096 4.70054e-25
30.128 4.59334e-25
30.16 4.46795e-25
30.192 4.33393e-25
30.224 4.25325e-25
30.256 4.13152e-25
30.288 4.01633e-25
30.32 3.89768e-25
30.352 3.80339e-25
30.384 3.67968e-25
30.416 3.56838e-25
30.448 3.44191e-25
30.48 3.36083e-25
30.512 3.24983e-25
30.544 3.13859e-25
30.576 3.03849e-25
30.608 2.91073e-25
30.64 2.81984e-25
30.672 2.6804e-25
30.704 2.59443e-25
30.736 2.49534e-25
30.768 2.40383e-25
30.8 2.28443e-25
30.832 2.1801e-25
30.864 2.10071e-25
30.896 1.99721e-25
30.928 1.90827e-25
30.96 1.79404e-25
30.992 1.70762e-25
31.024 1.63315e-25
31.056 1.54019e-25
31.088 1.4486e-25
31.12 1.35193e-25
31.152 1.27163e-25
31.184 1.18892e-25
31.216 1.10189e-25
31.248 1.03368e-25
31.28 9.46913e-26
31.312 8.89943e-26
31.344 8.17094e-26
31.376 7.37811e-26
31.408 6.75111e-26
31.44 6.10363e-26
31.472 5.33097e-26
31.504 4.88811e-26
31.536 4.29947e-26
31.568 3.79053e-26
31.6 3.2398e-26
31.632 2.81263e-26
31.664 2.32925e-26
31.696 1.94894e-26
31.728 1.54443e-26
31.76 1.20849e-26
31.792 9.53188e-27
31.824 7.00234e-27
31.856 4.787e-27
31.888 2.6048e-27
31.92 1.34472e-27
31.952 5.87695e-28
31.984 7.28066e-29
