#-0.0625865250273247 1.00542011350734 -1.08196444919052 -0.0463332251531515 0.985146102109798 -0.264426768925797 -0.58584581375382 0.963732525677169 0.780704930762576 -0.0389265323101933 0.999231247683974 -0.237206897633284
0 0.912248 0 0.328449 0
0.1 0.909707 0.0461583 0.327655 -0.000322501
0.2 0.902662 0.0912966 0.32547 -0.00126463
0.3 0.891141 0.136285 0.32191 -0.00283849
0.4 0.874934 0.180291 0.316884 -0.00500796
0.5 0.854465 0.223539 0.310548 -0.00777448
0.6 0.829469 0.265474 0.30279 -0.0110982
0.7 0.800471 0.306119 0.293792 -0.0149621
0.8 0.767239 0.34509 0.283458 -0.019326
0.9 0.730333 0.382308 0.271973 -0.0241544
1 0.689583 0.417498 0.259265 -0.0294076
1.1 0.645559 0.450534 0.245517 -0.0350337
1.2 0.598167 0.481221 0.230681 -0.0409935
1.3 0.547971 0.509414 0.214937 -0.0472213
1.4 0.49495 0.534984 0.198263 -0.0536788
1.5 0.439656 0.557783 0.180827 -0.0602894
1.6 0.382133 0.577742 0.162634 -0.0670157
1.7 0.322916 0.59472 0.143843 -0.0737736
1.8 0.262108 0.608701 0.124479 -0.0805272
1.9 0.20022 0.619564 0.104692 -0.0871876
2 0.137402 0.62734 0.0845253 -0.0937213
2.1 0.0741398 0.631932 0.0641181 -0.100038
2.2 0.0106207 0.633416 0.0435275 -0.106106
2.3 -0.0527021 0.631724 0.0228831 -0.111838
2.4 -0.115615 0.62697 0.00225202 -0.117206
2.5 -0.1777 0.619119 -0.018247 -0.122126
2.6 -0.238727 0.608322 -0.0385392 -0.126575
2.7 -0.298318 0.594576 -0.0585178 -0.130474
2.8 -0.356238 0.578062 -0.0781043 -0.133808
2.9 -0.412152 0.558812 -0.0972043 -0.136508
3 -0.465828 0.537031 -0.115738 -0.138563
3.1 -0.516977 0.512784 -0.133623 -0.139913
3.2 -0.565381 0.486299 -0.150782 -0.140558
3.3 -0.610802 0.457667 -0.167148 -0.140449
3.4 -0.653039 0.427135 -0.182645 -0.139592
3.5 -0.691906 0.394819 -0.19722 -0.137952
3.6 -0.72723 0.360977 -0.210806 -0.135543
3.7 -0.758877 0.325746 -0.223362 -0.132345
3.8 -0.786706 0.289393 -0.234829 -0.12838
3.9 -0.810637 0.252069 -0.245182 -0.123642
4 -0.830564 0.214043 -0.254369 -0.118159
4.1 -0.846462 0.175477 -0.262382 -0.111941
4.2 -0.85826 0.136636 -0.269179 -0.105024
4.3 -0.865987 0.0976886 -0.274765 -0.0974287
4.4 -0.869614 0.0588922 -0.279111 -0.0892014
4.5 -0.869218 0.0204141 -0.282233 -0.080375
4.6 -0.86481 -0.0175011 -0.284117 -0.0710003
4.7 -0.856513 -0.0546907 -0.28479 -0.0611227
4.8 -0.844379 -0.0909281 -0.28425 -0.0507976
4.9 -0.828573 -0.126059 -0.282536 -0.0400806
5 -0.809183 -0.159881 -0.279658 -0.029031
5.1 -0.786414 -0.192251 -0.275667 -0.0177123
5.2 -0.760387 -0.222992 -0.270582 -0.00618641
5.3 -0.73134 -0.251981 -0.264464 0.0054769
5.4 -0.699423 -0.279068 -0.257344 0.0172152
5.5 -0.664902 -0.30415 -0.249289 0.0289541
5.6 -0.627952 -0.327109 -0.240341 0.0406323
5.7 -0.588858 -0.347863 -0.230574 0.0521731
5.8 -0.547815 -0.366329 -0.220034 0.0635177
5.9 -0.505124 -0.382449 -0.208803 0.0745893
6 -0.460993 -0.396172 -0.196936 0.0853332
6.1 -0.41573 -0.407467 -0.184514 0.0956747
6.2 -0.369551 -0.416316 -0.171597 0.105565
6.3 -0.322763 -0.422714 -0.158271 0.114932
6.4 -0.275586 -0.426676 -0.144599 0.123736
6.5 -0.228321 -0.428221 -0.130663 0.131911
6.6 -0.181185 -0.427396 -0.11653 0.139423
6.7 -0.134462 -0.424246 -0.102281 0.146215
6.8 -0.088364 -0.418845 -0.0879819 0.152261
6.9 -0.0431572 -0.411261 -0.0737113 0.157514
7 0.000963691 -0.401595 -0.0595336 0.16196
7.1 0.0437545 -0.389933 -0.0455217 0.165559
7.2 0.0850396 -0.376403 -0.0317376 0.168307
7.3 0.124604 -0.361105 -0.0182479 0.170177
7.4 0.162292 -0.344187 -0.00511034 0.171176
7.5 0.197924 -0.325765 0.00761574 0.171286
7.6 0.231369 -0.305997 0.019878 0.170526
7.7 0.262482 -0.285015 0.0316255 0.168889
7.8 0.29116 -0.262987 0.0428122 0.166405
7.9 0.317295 -0.240048 0.0533963 0.163079
8 0.340816 -0.216377 0.063339 0.158948
8.1 0.36165 -0.19211 0.0726079 0.154029
8.2 0.379758 -0.167428 0.0811724 0.148369
8.3 0.395104 -0.142466 0.0890098 0.141995
8.4 0.407683 -0.117402 0.0960977 0.134961
8.5 0.417493 -0.092369 0.102424 0.127302
8.6 0.424559 -0.0675369 0.107973 0.119079
8.7 0.428917 -0.0430308 0.112744 0.110336
8.8 0.430615 -0.0190108 0.116729 0.101137
8.9 0.429726 0.00440918 0.119937 0.0915337
9 0.426325 0.0270824 0.122369 0.0815933
9.1 0.420512 0.0489087 0.124041 0.0713715
9.2 0.412385 0.0697578 0.124962 0.0609374
9.3 0.402071 0.0895455 0.125157 0.0503498
9.4 0.389687 0.10816 0.124643 0.0396775
9.5 0.375382 0.125536 0.12345 0.028981
9.6 0.35929 0.141582 0.121602 0.0183268
9.7 0.341575 0.15625 0.119136 0.00777519
9.8 0.322383 0.169472 0.116082 -0.00261092
9.9 0.301891 0.181219 0.11248 -0.0127728
10 0.280252 0.191445 0.108366 -0.0226532
10.1 0.25765 0.200142 0.103784 -0.0321964
10.2 0.23424 0.207286 0.0987718 -0.0413519
10.3 0.210212 0.212886 0.0933779 -0.0500688
10.4 0.185718 0.216943 0.0876417 -0.0583043
10.5 0.160944 0.219484 0.0816134 -0.0660134
10.6 0.136039 0.220527 0.0753334 -0.0731623
10.7 0.111182 0.22012 0.0688522 -0.0797128
10.8 0.0865118 0.2183 0.0622106 -0.0856407
10.9 0.0621982 0.215128 0.0554579 -0.0909155
11 0.0383672 0.210659 0.0486341 -0.0955231
11.1 0.0151741 0.204965 0.0417866 -0.0994411
11.2 -0.00727012 0.198118 0.0349536 -0.102666
11.3 -0.0288273 0.190202 0.0281794 -0.105183
11.4 -0.049404 0.181297 0.0214998 -0.106999
11.5 -0.0688816 0.171496 0.014955 -0.108109
11.6 -0.0871862 0.16089 0.00857739 -0.108529
11.7 -0.104221 0.149576 0.00240271 -0.108261
11.8 -0.119931 0.137651 -0.00354068 -0.107331
11.9 -0.134244 0.125213 -0.00922229 -0.105751
12 -0.147126 0.112365 -0.0146182 -0.103552
12.1 -0.158526 0.0992024 -0.0197037 -0.100754
12.2 -0.168432 0.0858293 -0.0244596 -0.0973979
12.3 -0.176817 0.0723381 -0.028867 -0.0935074
12.4 -0.183688 0.0588299 -0.0329119 -0.0891296
12.5 -0.189041 0.0453918 -0.0365814 -0.0842947
12.6 -0.192902 0.0321203 -0.0398667 -0.079054
12.7 -0.195287 0.0190941 -0.0427607 -0.073442
12.8 -0.196241 0.00640296 -0.0452595 -0.067513
12.9 -0.1958 -0.00588436 -0.0473622 -0.0613051
13 -0.194021 -0.0176871 -0.0490695 -0.0548742
13.1 -0.190961 -0.0289477 -0.050386 -0.04826
13.2 -0.186688 -0.0395962 -0.0513169 -0.041519
13.3 -0.181273 -0.0495875 -0.0518718 -0.0346914
13.4 -0.174797 -0.0588634 -0.05206 -0.0278323
13.5 -0.16734 -0.0673921 -0.0518957 -0.0209815
13.6 -0.158992 -0.0751279 -0.0513919 -0.0141915
13.7 -0.149842 -0.0820528 -0.0505664 -0.00750019
13.8 -0.139984 -0.0881343 -0.0494352 -0.000956305
13.9 -0.129513 -0.0933675 -0.0480195 0.00540501
14 -0.118525 -0.0977332 -0.0463376 0.0115402
14.1 -0.107119 -0.10124 -0.0444131 0.0174178
14.2 -0.0953888 -0.10388 -0.0422661 0.0230001
14.3 -0.0834328 -0.105675 -0.0399218 0.0282602
14.4 -0.0713422 -0.106631 -0.0374016 0.0331673
14.5 -0.0592126 -0.106779 -0.0347315 0.0376994
14.6 -0.0471289 -0.106134 -0.0319333 0.0418331
14.7 -0.0351818 -0.10474 -0.0290334 0.045552
14.8 -0.0234477 -0.102622 -0.0260532 0.0488401
14.9 -0.0120104 -0.09983 -0.0230186 0.051687
15 -0.000936054 -0.0963988 -0.0199505 0.0540846
15.1 0.00970054 -0.092384 -0.0168736 0.0560279
15.2 0.0198447 -0.0878277 -0.0138072 0.0575168
15.3 0.0294322 -0.0827897 -0.0107747 0.0585519
15.4 0.0384206 -0.0773174 -0.00779346 0.0591405
15.5 0.0467574 -0.0714732 -0.00488461 0.0592885
15.6 0.0544133 -0.0653075 -0.00206354 0.0590102
15.7 0.0613477 -0.0588835 0.000651297 0.0583163
15.8 0.067545 -0.0522532 0.00324694 0.0572274
15.9 0.0729767 -0.0454785 0.00570784 0.0557584
16 0.0776401 -0.0386115 0.00802368 0.0539355
16.1 0.0815193 -0.0317111 0.010182 0.0517771
16.2 0.084624 -0.0248278 0.0121753 0.0493139
16.3 0.0869502 -0.0180158 0.0139945 0.0465672
16.4 0.0885191 -0.0113228 0.0156346 0.043571
16.5 0.0893377 -0.00479696 0.0170898 0.0403486
16.6 0.0894376 0.00151819 0.0183582 0.0369368
16.7 0.0888358 0.00758132 0.019437 0.0333594
16.8 0.0875727 0.0133544 0.0203268 0.029655
16.9 0.085674 0.0188039 0.0210281 0.0258475
17 0.0831873 0.0238978 0.0215439 0.0219755
17.1 0.0801458 0.028611 0.0218773 0.0180627
17.2 0.0766023 0.0329182 0.0220337 0.0141466
17.3 0.0725958 0.0368029 0.0220187 0.0102495
17.4 0.0681826 0.0402467 0.0218396 0.00640741
17.5 0.0634055 0.0432421 0.0215044 0.00264032
17.6 0.0583229 0.0457774 0.0210215 -0.00101841
17.7 0.0529801 0.0478538 0.0204009 -0.00455143
17.8 0.047435 0.0494665 0.0196524 -0.00792879
17.9 0.0417337 0.0506246 0.0187873 -0.0111364
18 0.0359326 0.0513297 0.0178163 -0.0141482
18.1 0.030077 0.0515984 0.0167515 -0.0169537
18.2 0.0242197 0.0514383 0.0156041 -0.0195314
18.3 0.0184041 0.0508725 0.014387 -0.0218747
18.4 0.0126783 0.0499136 0.0131114 -0.0239668
18.5 0.0070822 0.0485904 0.0117902 -0.0258049
18.6 0.00165787 0.0469197 0.0104343 -0.0273775
18.7 -0.00355894 0.0449348 0.00905685 -0.0286854
18.8 -0.00853307 0.042656 0.00766783 -0.0297223
18.9 -0.0132339 0.0401197 0.0062798 -0.0304926
19 -0.0176339 0.0373485 0.004902 -0.030995
19.1 -0.0217082 0.0343811 0.00354612 -0.0312372
19.2 -0.0254371 0.0312413 0.00222025 -0.0312226
19.3 -0.0288019 0.0279686 0.000935011 -0.030962
19.4 -0.031791 0.0245874 -0.000302832 -0.0304631
19.5 -0.0343919 0.0211365 -0.00148396 -0.029739
19.6 -0.036601 0.0176401 -0.00260307 -0.0288015
19.7 -0.0384118 0.0141354 -0.0036523 -0.0276656
19.8 -0.0398286 0.0106453 -0.00462787 -0.0263461
19.9 -0.0408505 0.00720441 -0.00552353 -0.0248598
20 -0.0414889 0.00383346 -0.00633703 -0.0232241
20.1 -0.0417485 0.000564036 -0.00706377 -0.0214561
20.2 -0.0416469 -0.0025861 -0.00770304 -0.0195757
20.3 -0.0411933 -0.00558939 -0.00825184 -0.0175998
20.4 -0.0404112 -0.00843123 -0.00871097 -0.0155499
20.5 -0.0393135 -0.0110888 -0.00907902 -0.0134421
20.6 -0.0379283 -0.0135509 -0.00935812 -0.0112988
20.7 -0.0362717 -0.0157998 -0.0095484 -0.00913497
20.8 -0.0343751 -0.0178281 -0.00965317 -0.00697287
20.9 -0.032257 -0.0196232 -0.00967394 -0.00482596
21 -0.0299509 -0.0211814 -0.00961509 -0.00271592
21.1 -0.0274767 -0.0224957 -0.00947933 -0.000654095
21.2 -0.0248694 -0.0235657 -0.00927184 0.00133891
21.3 -0.0221491 -0.0243898 -0.00899643 0.00325427
21.4 -0.0193508 -0.024971 -0.00865886 0.00507294
21.5 -0.0164944 -0.0253126 -0.0082638 0.00678889
21.6 -0.013614 -0.0254207 -0.00781738 0.008385
21.7 -0.0107283 -0.0253032 -0.00732493 0.00985822
21.8 -0.00786954 -0.0249686 -0.00679273 0.0111936
21.9 -0.00505456 -0.024429 -0.00622657 0.0123914
22 -0.0023129 -0.0236949 -0.00563264 0.0134389
22.1 0.000340879 -0.0227821 -0.00501697 0.0143394
22.2 0.00288072 -0.0217024 -0.00438549 0.0150829
22.3 0.00529479 -0.0204745 -0.00374429 0.0156752
22.4 0.00756104 -0.019111 -0.00309882 0.0161095
22.5 0.00967067 -0.0176328 -0.00245502 0.0163942
22.6 0.011606 -0.0160528 -0.00181777 0.0165247
22.7 0.0133615 -0.0143932 -0.00119269 0.0165118
22.8 0.0149242 -0.0126669 -0.000583893 0.0163536
22.9 0.0162915 -0.0108964 3.40986e-06 0.016063
23 0.0174554 -0.00909388 0.000565971 0.0156402
23.1 0.0184164 -0.00728208 0.00109912 0.0150994
23.2 0.019171 -0.00547148 0.00160053 0.0144433
23.3 0.0197228 -0.00368443 0.00206617 0.0136871
23.4 0.0200727 -0.00192955 0.00249467 0.0128349
23.5 0.0202267 -0.000228 0.00288268 0.0119027
23.6 0.02019 0.00141373 0.0032298 0.0108963
23.7 0.0199707 0.00297612 0.00353339 0.00983145
23.8 0.019578 0.0044551 0.003794 0.00871513
23.9 0.0190212 0.00583323 0.0040097 0.00756265
24 0.0183129 0.00710897 0.00418194 0.00638186
24.1 0.0174638 0.00826725 0.00430947 0.0051871
24.2 0.0164888 0.00930912 0.00439455 0.00398671
24.3 0.0153994 0.0102221 0.00443661 0.00279369
24.4 0.0142126 0.0110099 0.00443859 0.00161654
24.5 0.0129396 0.0116626 0.00440052 0.000466506
24.6 0.0115992 0.0121862 0.00432594 -0.000648012
24.7 0.010202 0.0125739 0.00421538 -0.0017178
24.8 0.00876777 0.0128335 0.00407285 -0.00273483
24.9 0.00730591 0.012961 0.00389932 -0.00369219
25 0.00583642 0.0129663 0.00369911 -0.00458239
25.1 0.0043674 0.0128476 0.00347354 -0.00540101
25.2 0.00291852 0.0126163 0.00322711 -0.00614127
25.3 0.00149604 0.0122732 0.00296138 -0.00680129
25.4 0.000118873 0.0118306 0.00268088 -0.00737512
25.5 -0.00120885 0.0112915 0.00238735 -0.00786348
25.6 -0.00246942 0.0106688 0.00208521 -0.00826128
25.7 -0.00366102 0.00996715 0.00177626 -0.00857173
25.8 -0.00476751 0.00919969 0.0014647 -0.00879067
25.9 -0.00578949 0.00837271 0.00115229 -0.00892367
26 -0.00671268 0.00749894 0.00084292 -0.0089674
26.1 -0.00754008 0.00658581 0.000538267 -0.00892967
26.2 -0.00825947 0.00564531 0.000241763 -0.00880787
26.3 -0.0088762 0.00468572 -4.50532e-05 -0.00861177
26.4 -0.0093802 0.00371787 -0.000319267 -0.00833943
26.5 -0.00977902 0.00275057 -0.000579536 -0.00800224
26.6 -0.0100648 0.00179308 -0.000823522 -0.0075988
26.7 -0.0102469 0.000854464 -0.00105011 -0.00714183
26.8 -0.0103198 -5.78599e-05 -0.00125759 -0.00663027
26.9 -0.0102946 -0.000934871 -0.00144509 -0.00607781
27 -0.0101674 -0.00177124 -0.00161152 -0.00548361
27.1 -0.00995084 -0.00255821 -0.00175628 -0.00486193
27.2 -0.00964312 -0.00329271 -0.00187893 -0.004212
27.3 -0.00925739 -0.00396644 -0.00197909 -0.00354829
27.4 -0.00879379 -0.00457868 -0.00205696 -0.00286995
27.5 -0.00826585 -0.00512171 -0.00211239 -0.00219128
27.6 -0.00767521 -0.0055972 -0.00214615 -0.00151122
27.7 -0.00703538 -0.00599813 -0.00215829 -0.000843546
27.8 -0.00634929 -0.00632849 -0.00215015 -0.000186921
27.9 -0.00563 -0.00658198 -0.0021219 0.000445742
28 -0.00488145 -0.00676481 -0.00207537 0.00105616
28.1 -0.00411584 -0.0068714 -0.00201085 0.00163255
28.2 -0.00333789 -0.00691002 -0.00193058 0.00217705
28.3 -0.00255855 -0.00687579 -0.00183492 0.00267926
28.4 -0.00178309 -0.00677875 -0.00172643 0.00314176
28.5 -0.00102087 -0.00661465 -0.00160547 0.0035557
28.6 -0.000277476 -0.00639507 -0.00147489 0.00392409
28.7 0.000439565 -0.0061163 -0.00133499 0.00423979
28.8 0.00112453 -0.0057911 -0.00118879 0.00450619
28.9 0.001772 -0.00541621 -0.00103652 0.00471795
29 0.00237626 -0.00500522 -0.000881277 0.00487874
29.1 0.00293411 -0.0045552 -0.000723168 0.00498509
29.2 0.00343997 -0.00408024 -0.000565297 0.00504081
29.3 0.00389297 -0.00357763 -0.000407617 0.0050443
29.4 0.00428775 -0.00306155 -0.000253166 0.00499939
29.5 0.00462578 -0.00252939 -0.000101714 0.00490629
29.6 0.00490194 -0.00199513 4.38365e-05 0.00476873
29.7 0.00512001 -0.00145616 0.000183916 0.00458861
29.8 0.00527511 -0.000925879 0.000315812 0.00436937
29.9 0.00537323 -0.000401596 0.000440164 0.0041145
30 0.00540971 0.000104137 0.000554501 0.003827
30.1 0.00539255 0.000594163 0.000659667 0.0035118
30.2 0.00531732 0.00105706 0.000753473 0.00317127
30.3 0.00519378 0.00149586 0.000836958 0.00281158
30.4 0.00501762 0.00190049 0.000908239 0.00243436
30.5 0.00480015 0.00227416 0.000968531 0.00204683
30.6 0.00453711 0.00260835 0.00101628 0.0016497
30.7 0.00424105 0.00290642 0.00105283 0.00125105
30.8 0.00390766 0.00316156 0.00107699 0.000850598
30.9 0.00355041 0.00337719 0.00109021 0.000457034
31 0.00316487 0.00354831 0.0010916 6.89743e-05
31.1 0.00276512 0.00367834 0.00108271 -0.000304441
31.2 0.00234651 0.00376412 0.00106298 -0.00066576
31.3 0.0019234 0.00380896 0.00103396 -0.00100561
31.4 0.00149085 0.00381153 0.000995417 -0.00132771
31.5 0.0010632 0.00377495 0.000948882 -0.00162263
31.6 0.000635157 0.00369964 0.000894381 -0.00189527
31.7 0.00022072 0.00358838 0.000833402 -0.00213632
31.8 -0.00018574 0.00344329 0.000766219 -0.00235177
31.9 -0.000570879 0.00326665 0.000694208 -0.00253259
32 -0.000940667 0.00306217 0.000617866 -0.00268579
32.1 -0.00128264 0.00283151 0.000538414 -0.00280275
32.2 -0.0016031 0.00257976 0.000456541 -0.00289137
32.3 -0.00189069 0.00230787 0.000373274 -0.00294353
32.4 -0.00215196 0.00202217 0.000289458 -0.00296791
32.5 -0.00237685 0.00172272 0.000205892 -0.00295695
32.6 -0.0025721 0.00141693 0.000123548 -0.00291991
32.7 -0.00272906 0.00110387 4.29684e-05 -0.0028499
32.8 -0.00285456 0.000791829 -3.47817e-05 -0.00275656
32.9 -0.00294146 0.000478816 -0.000109433 -0.00263368
33 -0.00299654 0.000173789 -0.000179857 -0.00249108
33.1 -0.00301424 -0.000126352 -0.000246072 -0.00232326
33.2 -0.00300115 -0.000412171 -0.00030691 -0.00214
33.3 -0.00295331 -0.000687903 -0.000362678 -0.00193654
33.4 -0.00287693 -0.000943821 -0.000412194 -0.00172237
33.5 -0.00276965 -0.00118529 -0.000456051 -0.00149345
33.6 -0.00263717 -0.00140247 -0.000493069 -0.00125882
33.7 -0.00247866 -0.0016018 -0.000524114 -0.00101513
33.8 -0.0022991 -0.00177349 -0.000548024 -0.000770717
33.9 -0.00209916 -0.001925 -0.00056592 -0.00052294
34 -0.00188295 -0.00204671 -0.000576669 -0.000279251
34.1 -0.00165252 -0.00214701 -0.000581618 -3.76736e-05
34.2 -0.00141097 -0.00221659 -0.00057967 0.000195399
34.3 -0.00116158 -0.00226457 -0.00057237 0.000421285
34.4 -0.000906353 -0.00228209 -0.000558661 0.000634803
34.5 -0.000649685 -0.00227889 -0.000540247 0.000836636
34.6 -0.000392306 -0.00224662 -0.000516115 0.00102293
34.7 -0.000139627 -0.00219542 -0.000488087 0.00119376
34.8 0.000108963 -0.0021175 -0.000455195 0.00134669
34.9 0.000347197 -0.00202328 -0.000419336 0.00148117
35 0.000577074 -0.00190557 -0.000379587 0.00159625
35.1 0.00079161 -0.0017748 -0.000337875 0.00169081
35.2 0.000994215 -0.00162447 -0.000293321 0.00176535
35.3 0.00117732 -0.00146478 -0.000247839 0.00181819
35.4 0.00134573 -0.00128995 -0.000200592 0.0018513
35.5 0.00149142 -0.00110976 -0.00015344 0.00186242
35.6 0.00162054 -0.000919145 -0.000105583 0.00185497
35.7 0.00172475 -0.00072725 -5.87923e-05 0.00182608
35.8 0.00181144 -0.000529737 -1.23058e-05 0.00178052
35.9 0.00187204 -0.000334936 3.22375e-05 0.00171487
36 0.00191512 -0.000139233 7.55565e-05 0.00163513
36.1 0.00193196 5.00365e-05 0.000116174 0.00153732
36.2 0.00193213 0.000235761 0.000154765 0.00142852
36.3 0.00190689 0.000411756 0.000190043 0.00130423
36.4 0.00186665 0.000580186 0.000222635 0.00117246
36.5 0.00180271 0.000736145 0.000251465 0.00102818
36.6 0.00172609 0.000881076 0.000277105 0.000880175
36.7 0.00162825 0.00101145 0.000298705 0.000722888
36.8 0.00152064 0.00112799 0.00031678 0.000565717
36.9 0.00139489 0.0012286 0.000330712 0.000402618
37 0.00126266 0.0013133 0.000340949 0.000243393
37.1 0.00111582 0.00138148 0.000347113 8.15636e-05
37.2 0.00096604 0.00143242 0.000349574 -7.28627e-05
37.3 0.000805486 0.00146699 0.000348193 -0.000226739
37.4 0.000645589 0.00148377 0.00034325 -0.000370038
37.5 0.000478865 0.00148507 0.000334838 -0.000509924
37.6 0.000316301 0.00146876 0.000323141 -0.000636537
37.7 0.000150813 0.00143853 0.000308471 -0.000757266
37.8 -7.26331e-06 0.00139153 0.000290904 -0.000862594
37.9 -0.000164555 0.00133278 0.000270958 -0.000960039
38 -0.000311566 0.00125869 0.000248593 -0.00104059
38.1 -0.000454421 0.00117548 0.00022451 -0.00111179
38.2 -0.000584627 0.00107887 0.000198548 -0.00116528
38.3 -0.000707748 0.000976114 0.000171569 -0.0012085
38.4 -0.000816442 0.000862276 0.000143289 -0.00123388
38.5 -0.00091566 0.000745508 0.000114703 -0.00124866
38.6 -0.00099932 0.00062021 8.54e-05 -0.00124613
38.7 -0.0010717 0.000495271 5.64877e-05 -0.00123321
38.8 -0.00112808 0.000364488 2.74247e-05 -0.00120413
38.9 -0.00117201 0.000237301 -5.96045e-07 -0.00116536
39 -0.00120017 0.000106948 -2.82401e-05 -0.00111218
39.1 -0.00121533 -1.67588e-05 -5.42573e-05 -0.00105045
39.2 -0.00121562 -0.000141076 -7.94313e-05 -0.000976505
39.3 -0.00120297 -0.000256002 -0.00010248 -0.00089551
39.4 -0.00117693 -0.000369206 -0.000124294 -0.000804907
39.5 -0.00113856 -0.000470679 -0.000143586 -0.000709014
39.6 -0.00108882 -0.000568417 -0.000161341 -0.000606378
39.7 -0.00102786 -0.000652575 -0.000176288 -0.000500382
39.8 -0.000957968 -0.000731374 -0.000189494 -0.000390665
39.9 -0.000878348 -0.000795292 -0.000199724 -0.000279579
40 -0.000792566 -0.000852662 -0.000208105 -0.000167827
40.1 -0.00069885 -0.000894438 -0.000213462 -5.6664e-05
40.2 -0.000601932 -0.000928938 -0.000216958 5.21906e-05
40.3 -0.000499067 -0.000947727 -0.000217496 0.000158634
40.4 -0.000396038 -0.000958981 -0.000216257 0.00025998
40.5 -0.00028913 -0.000954992 -0.00021223 0.000357312
40.6 -0.000185043 -0.000943655 -0.00020659 0.000447046
40.7 -7.91236e-05 -0.00091809 -0.000198429 0.000531454
40.8 2.11507e-05 -0.000885777 -0.00018889 0.000606124
40.9 0.000121332 -0.000840747 -0.000177176 0.000674507
41 0.000213327 -0.000789923 -0.000164373 0.000731447
41.1 0.000303516 -0.000728307 -0.000149804 0.000781525
41.2 0.00038333 -0.000662139 -0.000134476 0.000818924
41.3 0.000459909 -0.000587439 -0.000117832 0.000849296
41.4 0.00052437 -0.000509632 -0.00010078 0.000866253
41.5 0.000584507 -0.000425786 -8.289e-05 0.000876427
41.6 0.00063127 -0.0003404 -6.49445e-05 0.000872953
41.7 0.000672996 -0.000251599 -4.66433e-05 0.00086333
41.8 0.00070062 -0.000162857 -2.86276e-05 0.000840311
41.9 0.000722889 -7.33505e-05 -1.07242e-05 0.000812135
42 0.000730861 1.45557e-05 6.58204e-06 0.000771268
42.1 0.000733552 0.000100649 2.3338e-05 0.000726539
42.2 0.000722272 0.000183735 3.92264e-05 0.000670227
42.3 0.00070615 0.000262601 5.41716e-05 0.000611587
42.4 0.000676877 0.000337259 6.80327e-05 0.000542811
42.5 0.00064354 0.000405539 8.06163e-05 0.000473414
42.6 0.000598312 0.000468685 9.19618e-05 0.000395592
42.7 0.000550067 0.000523615 0.000101761 0.00031894
42.8 0.000491567 0.000572794 0.000110235 0.00023576
42.9 0.000431315 0.000612301 0.000116968 0.000155547
43 0.000362739 0.000645783 0.000122357 7.08031e-05
43.1 0.000293811 0.000668543 0.000125887 -9.25128e-06
43.2 0.000218707 0.000685366 0.000128123 -9.1822e-05
43.3 0.000144713 0.00069085 0.000128458 -0.000168136
43.4 6.68083e-05 0.00069083 0.000127614 -0.000245013
43.5 -8.54888e-06 0.000679291 0.000124898 -0.000314294
43.6 -8.55206e-05 0.000663014 0.000121176 -0.000382317
43.7 -0.000158598 0.000635451 0.000115679 -0.000441684
43.8 -0.000231055 0.00060421 0.000109398 -0.000498173
43.9 -0.000298445 0.000562302 0.000101498 -0.000545282
44 -0.000363117 0.000518022 9.30724e-05 -0.000588139
44.1 -0.000421779 0.000464031 8.32319e-05 -0.000621256
44.2 -0.000475842 0.000409156 7.31516e-05 -0.000649034
44.3 -0.000523232 0.00034581 6.18969e-05 -0.000667095
44.4 -0.000564414 0.000283186 5.07013e-05 -0.000679038
44.5 -0.000598573 0.000213545 3.85981e-05 -0.000681673
44.6 -0.000625242 0.000146277 2.68511e-05 -0.000677731
44.7 -0.000644878 7.35917e-05 1.44749e-05 -0.000665259
44.8 -0.00065609 4.89919e-06 2.74002e-06 -0.000646066
44.9 -0.000660605 -6.75394e-05 -9.34586e-06 -0.000619462
45 -0.000656126 -0.000134471 -2.05308e-05 -0.000586284
45.1 -0.000645617 -0.000203475 -3.17991e-05 -0.000547113
45.2 -0.000625915 -0.00026563 -4.19427e-05 -0.000501782
45.3 -0.000601157 -0.000328246 -5.19232e-05 -0.00045212
45.4 -0.000567359 -0.000382903 -6.06013e-05 -0.000396934
45.5 -0.000529746 -0.000436546 -6.88995e-05 -0.000339258
45.6 -0.000483565 -0.000481398 -7.57682e-05 -0.000276867
45.7 -0.000435032 -0.000523931 -8.20779e-05 -0.000213945
45.8 -0.000378688 -0.000557167 -8.68887e-05 -0.000147236
45.9 -0.000321608 -0.000587006 -9.10019e-05 -8.19869e-05
46 -0.000257698 -0.000607382 -9.36049e-05 -1.3943e-05
46.1 -0.000194762 -0.000623528 -9.54159e-05 5.06834e-05
46.2 -0.000126155 -0.0006304 -9.57645e-05 0.000117105
46.3 -6.02535e-05 -0.000632474 -9.52718e-05 0.000178258
46.4 1.00494e-05 -0.000625815 -9.34218e-05 0.000240256
46.5 7.59705e-05 -0.000614061 -9.07224e-05 0.000295309
46.6 0.000144976 -0.000594444 -8.68219e-05 0.000350355
46.7 0.000208035 -0.000569688 -8.21051e-05 0.000397006
46.8 0.000272874 -0.000538244 -7.63887e-05 0.000442937
46.9 0.000330391 -0.000501854 -6.99225e-05 0.000479308
47 0.000388446 -0.000460205 -6.26964e-05 0.000514415
47.1 0.000438043 -0.000414013 -5.48148e-05 0.000539118
47.2 0.000487059 -0.000364195 -4.64397e-05 0.000562207
47.3 0.000526761 -0.000310403 -3.75254e-05 0.000574387
47.4 0.000564921 -0.00025476 -2.84019e-05 0.000584814
47.5 0.000593235 -0.000195832 -1.88672e-05 0.000584182
47.6 0.000619235 -0.000136908 -9.41526e-06 0.000581862
47.7 0.000635193 -7.5465e-05 3.14201e-07 0.000568687
47.8 0.000648277 -1.58914e-05 9.67297e-06 0.00055409
47.9 0.000651477 4.54134e-05 1.91795e-05 0.00052918
48 0.000651462 0.000103042 2.80412e-05 0.000503286
48.1 0.00064206 0.000161637 3.69305e-05 0.000467936
48.2 0.000629319 0.000214869 4.49241e-05 0.000432189
48.3 0.000608012 0.000268375 5.28422e-05 0.000388115
48.4 0.000583446 0.000315008 5.96446e-05 0.000344342
48.5 0.000551428 0.000361325 6.62901e-05 0.000293598
48.6 0.000516409 0.000399494 7.16388e-05 0.000243922
48.7 0.000475306 0.000436899 7.67754e-05 0.00018881
48.8 0.000431611 0.000465149 8.04774e-05 0.000135552
48.9 0.000383397 0.000492354 8.3941e-05 7.85066e-05
49 0.000333112 0.000509696 8.58791e-05 2.40798e-05
49.1 0.000280015 0.000525888 8.75809e-05 -3.24296e-05
49.2 0.000225436 0.000531829 8.77149e-05 -8.56285e-05
49.3 0.000169837 0.000536695 8.76441e-05 -0.000139204
49.4 0.000113372 0.000531249 8.60118e-05 -0.000188896
49.5 5.76931e-05 0.000524976 8.42324e-05 -0.000237319
49.6 1.74327e-06 0.000508649 8.09439e-05 -0.000281435
49.7 -5.16559e-05 0.000491903 7.75893e-05 -0.000322751
49.8 -0.000104789 0.000465659 7.28215e-05 -0.000359524
49.9 -0.000153712 0.000439542 6.80873e-05 -0.000392121
50 -0.000201932 0.000404759 6.20733e-05 -0.000420148
50.1 -0.000244441 0.000370747 5.62052e-05 -0.000442821
50.2 -0.000285938 0.000329135 4.92225e-05 -0.000461119
50.3 -0.000320425 0.000289003 4.25051e-05 -0.000473109
50.4 -0.000353746 0.000242534 3.48644e-05 -0.000481146
50.5 -0.000379004 0.000198275 2.76075e-05 -0.000482165
50.6 -0.000403108 0.000149082 1.9636e-05 -0.000479874
50.7 -0.000418364 0.000102811 1.2161e-05 -0.000470107
50.8 -0.000432651 5.30951e-05 4.19044e-06 -0.000457874
50.9 -0.000437592 6.94611e-06 -3.18471e-06 -0.000437959
51 -0.000441915 -4.11433e-05 -1.08382e-05 -0.000416583
51.1 -0.000436614 -8.53147e-05 -1.7842e-05 -0.000387405
