#-0.0736056079560742 1.04164351220822 -0.567705642697453 -0.0759067434948019 1.03136471141817 -0.125589090043039 0.486580480503973 1.0212823396935 -2.73590632582866 -0.0683588467267068 1.02151195389577 0.55685086929576
0 0.921713 0 0.34274 0
0.1 0.919102 0.0466216 0.341943 -0.000443455
0.2 0.912068 0.0920983 0.339821 -0.00171076
0.3 0.900375 0.137576 0.336309 -0.00385253
0.4 0.884044 0.181832 0.331378 -0.00678175
0.5 0.863356 0.225429 0.325149 -0.0105365
0.6 0.838144 0.267445 0.317526 -0.0150264
0.7 0.808909 0.308219 0.308696 -0.0202595
0.8 0.775416 0.347036 0.29854 -0.0261514
0.9 0.738299 0.384097 0.287284 -0.0326763
1 0.697307 0.418845 0.274807 -0.0397595
1.1 0.653156 0.45139 0.26135 -0.0473431
1.2 0.605614 0.481308 0.246804 -0.0553634
1.3 0.555441 0.508645 0.231417 -0.0637328
1.4 0.502439 0.53309 0.215097 -0.0723997
1.5 0.447391 0.554653 0.198088 -0.0812511
1.6 0.390135 0.573127 0.180319 -0.090248
1.7 0.331461 0.588496 0.162027 -0.0992564
1.8 0.271246 0.600646 0.143162 -0.108251
1.9 0.210267 0.609552 0.123949 -0.11708
2 0.148441 0.615186 0.104357 -0.125734
2.1 0.086518 0.617522 0.0845988 -0.134049
2.2 0.0244502 0.616605 0.0646606 -0.142028
2.3 -0.0370512 0.612419 0.0447389 -0.149506
2.4 -0.0980039 0.605081 0.0248359 -0.156496
2.5 -0.157746 0.594581 0.00513061 -0.162832
2.6 -0.216272 0.581101 -0.0143624 -0.168543
2.7 -0.272977 0.564645 -0.0334828 -0.173464
2.8 -0.327843 0.54545 -0.0522052 -0.177642
2.9 -0.380329 0.523533 -0.070391 -0.18092
3 -0.430407 0.499182 -0.0880066 -0.183354
3.1 -0.477608 0.472426 -0.104934 -0.184803
3.2 -0.521904 0.443592 -0.121135 -0.185336
3.3 -0.562902 0.412725 -0.136513 -0.184827
3.4 -0.600579 0.380181 -0.151029 -0.183358
3.5 -0.634618 0.346015 -0.164606 -0.18082
3.6 -0.66501 0.310608 -0.177206 -0.177306
3.7 -0.691517 0.274022 -0.188776 -0.172727
3.8 -0.714144 0.236652 -0.199275 -0.167189
3.9 -0.732738 0.198562 -0.208675 -0.160623
4 -0.747317 0.160156 -0.216939 -0.153141
4.1 -0.75781 0.121498 -0.224058 -0.1447
4.2 -0.764255 0.0829878 -0.230002 -0.135416
4.3 -0.766659 0.0446862 -0.234781 -0.125268
4.4 -0.765081 0.00698201 -0.23837 -0.114378
4.5 -0.7596 -0.030071 -0.240799 -0.102746
4.6 -0.750294 -0.0661023 -0.242051 -0.090496
4.7 -0.737314 -0.101069 -0.242173 -0.0776475
4.8 -0.720757 -0.134624 -0.241154 -0.0643254
4.9 -0.700833 -0.166741 -0.239057 -0.0505675
5 -0.677659 -0.197105 -0.23588 -0.0364951
5.1 -0.651498 -0.225704 -0.231698 -0.0221629
5.2 -0.62248 -0.25226 -0.226517 -0.00768622
5.3 -0.590914 -0.276781 -0.220424 0.00686587
5.4 -0.556942 -0.299028 -0.213432 0.0213864
5.5 -0.520911 -0.31903 -0.205636 0.0357951
5.6 -0.482967 -0.336593 -0.197057 0.0499961
5.7 -0.443485 -0.351765 -0.187797 0.0639004
5.8 -0.402611 -0.3644 -0.177881 0.077426
5.9 -0.360741 -0.374565 -0.167416 0.0904779
6 -0.318016 -0.38216 -0.156433 0.10299
6.1 -0.27484 -0.387275 -0.145042 0.114863
6.2 -0.231346 -0.389853 -0.133274 0.126051
6.3 -0.187939 -0.390005 -0.121239 0.136454
6.4 -0.144738 -0.387719 -0.108974 0.146044
6.5 -0.102139 -0.38312 -0.0965848 0.154723
6.6 -0.0602412 -0.376241 -0.0841078 0.162485
6.7 -0.0194254 -0.367221 -0.0716469 0.169238
6.8 0.0202309 -0.35613 -0.0592365 0.174994
6.9 0.0583714 -0.343118 -0.046975 0.179669
7 0.0949436 -0.328292 -0.0348953 0.183296
7.1 0.129622 -0.311807 -0.0230878 0.185801
7.2 0.162383 -0.293801 -0.0115829 0.187235
7.3 0.192935 -0.274433 -0.000461192 0.187535
7.4 0.221284 -0.253865 0.0102501 0.186774
7.5 0.24718 -0.232254 0.0204809 0.184897
7.6 0.270659 -0.209784 0.0302084 0.181994
7.7 0.291513 -0.186604 0.0393741 0.178025
7.8 0.309807 -0.162914 0.0479599 0.173097
7.9 0.325381 -0.138853 0.0559197 0.167177
8 0.338327 -0.114629 0.0632408 0.160387
8.1 0.348531 -0.0903679 0.0698897 0.152709
8.2 0.356112 -0.0662802 0.0758591 0.144275
8.3 0.361001 -0.0424742 0.0811285 0.135075
8.4 0.363341 -0.0191591 0.085696 0.125251
8.5 0.363107 0.00357785 0.0895534 0.114803
8.6 0.360462 0.0255341 0.0927046 0.103878
8.7 0.355423 0.0466459 0.0951533 0.0924852
8.8 0.348169 0.0667212 0.0969087 0.0807726
8.9 0.338755 0.0857221 0.0979857 0.0687568
9 0.327371 0.103471 0.0983983 0.0565845
9.1 0.314107 0.119958 0.0981718 0.0442779
9.2 0.299159 0.135021 0.0973242 0.0319788
9.3 0.282644 0.148679 0.0958901 0.0197135
9.4 0.264762 0.160791 0.0938911 0.00761606
9.5 0.245656 0.1714 0.0913697 -0.00428534
9.6 0.225518 0.180388 0.0883499 -0.0158669
9.7 0.204509 0.187826 0.0848808 -0.0271
9.8 0.182817 0.193616 0.0809886 -0.0378742
9.9 0.160615 0.197855 0.0767271 -0.0481616
10 0.138073 0.20047 0.0721233 -0.0578676
10.1 0.115376 0.201576 0.0672351 -0.0669665
10.2 0.0926744 0.201125 0.0620891 -0.0753811
10.3 0.0701551 0.199252 0.0567452 -0.0830891
10.4 0.0479484 0.195928 0.0512294 -0.0900324
10.5 0.0262372 0.191305 0.0456019 -0.0961926
10.6 0.00512702 0.185375 0.0398871 -0.101531
10.7 -0.015206 0.178299 0.0341444 -0.106036
10.8 -0.0346841 0.170091 0.0283958 -0.109688
10.9 -0.0531417 0.160918 0.0226985 -0.112479
11 -0.0705305 0.150808 0.0170715 -0.114411
11.1 -0.0866989 0.139936 0.0115686 -0.115482
11.2 -0.10163 0.128338 0.00620514 -0.115714
11.3 -0.115187 0.116189 0.00103057 -0.115108
11.4 -0.127383 0.10354 -0.00394381 -0.113706
11.5 -0.138102 0.0905567 -0.00867373 -0.111513
11.6 -0.147388 0.0772975 -0.0131523 -0.108589
11.7 -0.15514 0.0639211 -0.017341 -0.104941
11.8 -0.161433 0.050489 -0.0212375 -0.100646
11.9 -0.166186 0.0371479 -0.0248097 -0.0957151
12 -0.169498 0.0239611 -0.0280597 -0.0902358
12.1 -0.171311 0.0110592 -0.0309619 -0.0842214
12.2 -0.171745 -0.00149485 -0.0335228 -0.0777716
12.3 -0.17076 -0.0135893 -0.0357239 -0.0708996
12.4 -0.1685 -0.0251643 -0.0375755 -0.0637136
12.5 -0.164939 -0.0361289 -0.0390658 -0.0562257
12.6 -0.160236 -0.046428 -0.040209 -0.0485502
12.7 -0.154383 -0.0559931 -0.0409996 -0.0406969
12.8 -0.147551 -0.0647755 -0.041455 -0.032783
12.9 -0.139745 -0.0727305 -0.0415759 -0.0248152
13 -0.131141 -0.0798164 -0.0413824 -0.0169109
13.1 -0.121757 -0.0860126 -0.0408808 -0.0090726
13.2 -0.111774 -0.0912851 -0.040093 -0.00141537
13.3 -0.101217 -0.0956374 -0.0390303 0.00606366
13.4 -0.0902644 -0.0990435 -0.0377161 0.0132541
13.5 -0.0789474 -0.10153 -0.036166 0.0201648
13.6 -0.0674393 -0.103079 -0.0344039 0.0266924
13.7 -0.0557749 -0.103738 -0.032449 0.0328522
13.8 -0.0441177 -0.103495 -0.030325 0.0385498
13.9 -0.0325035 -0.102422 -0.0280542 0.0438073
14 -0.0210824 -0.10051 -0.0256591 0.0485408
14.1 -0.0098891 -0.0978481 -0.0231639 0.052779
14.2 0.000942471 -0.0944348 -0.0205901 0.0564504
14.3 0.0113808 -0.0903714 -0.0179627 0.0595895
14.4 0.0213109 -0.0856618 -0.0153013 0.062138
14.5 0.0307057 -0.080419 -0.0126314 0.064136
14.6 0.039471 -0.0746495 -0.00996978 0.065539
14.7 0.0475854 -0.0684746 -0.00734188 0.0663918
14.8 0.0549772 -0.0619018 -0.00476137 0.0666636
14.9 0.0616313 -0.0550581 -0.00225285 0.0664032
15 0.0674991 -0.0479504 0.000173367 0.0655937
15.1 0.0725719 -0.0407081 0.00249415 0.0642863
15.2 0.0768247 -0.0333358 0.00470277 0.0624774
15.3 0.0802552 -0.0259622 0.00677802 0.0602194
15.4 0.0828613 -0.0185885 0.00871684 0.0575212
15.5 0.0846465 -0.0113397 0.0105003 0.054435
15.6 0.0856309 -0.00421235 0.0121292 0.0509812
15.7 0.0858231 0.00267476 0.0135871 0.0472101
15.8 0.0852633 0.00933057 0.0148781 0.0431524
15.9 0.0839643 0.0156451 0.0159889 0.0388552
16 0.0819849 0.0216333 0.0169269 0.0343579
16.1 0.0793404 0.027196 0.0176815 0.0297028
16.2 0.0761058 0.0323543 0.0182632 0.0249368
16.3 0.0722977 0.0370219 0.0186643 0.0200959
16.4 0.0680046 0.0412259 0.0188981 0.0152328
16.5 0.063243 0.0448939 0.0189595 0.0103759
16.6 0.0581119 0.0480589 0.018864 0.00558214
16.7 0.052626 0.0506631 0.018609 0.000871551
16.8 0.0468921 0.052745 0.0182122 -0.00369644
16.9 0.0409216 0.0542615 0.0176731 -0.00811121
17 0.0348261 0.0552558 0.0170103 -0.0123122
17.1 0.0286123 0.0556998 0.0162258 -0.0162988
17.2 0.0223936 0.0556401 0.0153389 -0.0200105
17.3 0.0161711 0.055063 0.0143531 -0.0234572
17.4 0.0100571 0.0540171 0.0132878 -0.02658
17.5 0.0040459 0.052503 0.0121481 -0.0293989
17.6 -0.00175351 0.0505694 0.0109531 -0.0318575
17.7 -0.0073544 0.04823 0.00970879 -0.0339859
17.8 -0.0126535 0.0455327 0.0084333 -0.0357314
17.9 -0.0176719 0.0425023 0.00713349 -0.0371334
18 -0.0223141 0.0391844 0.00582611 -0.0381434
18.1 -0.0266091 0.0356142 0.00451838 -0.0388095
18.2 -0.0304709 0.0318329 0.00322531 -0.0390879
18.3 -0.0339362 0.0278843 0.0019542 -0.0390343
18.4 -0.0369293 0.023804 0.000717949 -0.03861
18.5 -0.0394943 0.0196424 -0.00047632 -0.0378771
18.6 -0.0415673 0.0154286 -0.0016181 -0.0368018
18.7 -0.0431983 0.011218 -0.00270066 -0.0354512
18.8 -0.0443356 0.00703145 -0.00371607 -0.0337968
18.9 -0.0450345 0.00292788 -0.00465823 -0.0319086
19 -0.0452554 -0.00108085 -0.00552187 -0.0297634
19.1 -0.0450575 -0.00493399 -0.00630162 -0.0274328
19.2 -0.0444131 -0.00862936 -0.00699496 -0.024898
19.3 -0.0433839 -0.0121059 -0.00759731 -0.0222307
19.4 -0.0419539 -0.0153714 -0.00810884 -0.0194164
19.5 -0.0401854 -0.018366 -0.00852585 -0.016525
19.6 -0.038073 -0.0211074 -0.00885109 -0.0135457
19.7 -0.0356784 -0.023538 -0.00908168 -0.0105452
19.8 -0.0330059 -0.0256855 -0.0092228 -0.00751585
19.9 -0.0301145 -0.0274954 -0.00927237 -0.00451929
20 -0.0270174 -0.0290049 -0.00923773 -0.00155099
20.1 -0.0237692 -0.0301633 -0.00911754 0.00133399
20.2 -0.0203903 -0.0310166 -0.008921 0.00413765
20.3 -0.0169299 -0.0315185 -0.0086474 0.00681266
20.4 -0.0134146 -0.0317225 -0.00830751 0.00935896
20.5 -0.00988588 -0.0315873 -0.00790108 0.0117379
20.6 -0.00637552 -0.0311728 -0.00744009 0.0139478
20.7 -0.00291642 -0.0304425 -0.00692466 0.0159596
20.8 0.00045599 -0.0294613 -0.00636758 0.0177698
20.9 0.00371831 -0.0281977 -0.00576917 0.0193597
21 0.00683265 -0.0267201 -0.00514268 0.0207246
21.1 0.00978588 -0.0250016 -0.0044885 0.0218561
21.2 0.0125387 -0.0231123 -0.00381995 0.0227482
21.3 0.0150888 -0.0210301 -0.00313734 0.023403
21.4 0.0173963 -0.0188247 -0.00245374 0.0238134
21.5 0.0194696 -0.0164787 -0.00176925 0.0239916
21.6 0.0212696 -0.0140597 -0.00109634 0.0239294
21.7 0.0228151 -0.0115542 -0.000434841 0.0236487
21.8 0.0240682 -0.00902663 0.000203693 0.0231397
21.9 0.0250577 -0.00646655 0.000819805 0.0224335
22 0.0257474 -0.00393366 0.00140309 0.0215188
22.1 0.0261758 -0.00142046 0.00195449 0.020435
22.2 0.0263082 0.00101969 0.00246498 0.019169
22.3 0.0261918 0.00339174 0.00293595 0.017767
22.4 0.025794 0.00564985 0.00335989 0.0162141
22.5 0.0251691 0.00779679 0.00373861 0.0145625
22.6 0.0242871 0.00979529 0.00406626 0.012795
22.7 0.0232078 0.0116462 0.004345 0.0109685
22.8 0.0219035 0.0133214 0.00457073 0.00906326
22.9 0.0204383 0.0148204 0.00474593 0.00713956
23 0.0187866 0.0161247 0.00486818 0.00517516
23.1 0.0170152 0.017232 0.00494021 0.00323211
23.2 0.0151004 0.0181344 0.00496132 0.00128562
23.3 0.0131098 0.0188278 0.00493432 -0.000601741
23.4 0.0110217 0.0193143 0.00486017 -0.00245737
23.5 0.00890307 0.0195885 0.00474164 -0.00421953
23.6 0.00673355 0.0196622 0.00458122 -0.00591807
23.7 0.00457777 0.0195285 0.00438155 -0.00749337
23.8 0.00241687 0.0192084 0.00414648 -0.00897752
23.9 0.00031156 0.0186931 0.00387837 -0.0103142
24 -0.00175581 0.0180125 0.00358231 -0.0115373
24.1 -0.00372973 0.0171557 0.00326024 -0.0125949
24.2 -0.00562676 0.0161606 0.00291825 -0.0135224
24.3 -0.00739785 0.0150137 0.00255775 -0.0142729
24.4 -0.0090585 0.0137597 0.00218567 -0.0148829
24.5 -0.0105671 0.012383 0.00180277 -0.0153113
24.6 -0.0119381 0.0109336 0.00141659 -0.0155951
24.7 -0.0131381 0.00939318 0.00102715 -0.0156995
24.8 -0.0141803 0.00781623 0.000642405 -0.015661
24.9 -0.0150401 0.00618174 0.000261566 -0.015452
25 -0.0157294 0.00454697 -0.000107199 -0.0151076
25.1 -0.0162329 0.00288814 -0.000465543 -0.0146071
25.2 -0.0165606 0.00126417 -0.000805268 -0.0139841
25.3 -0.0167063 -0.000351549 -0.0011289 -0.013225
25.4 -0.0166783 -0.00189979 -0.00142841 -0.0123603
25.5 -0.0164795 -0.00340991 -0.00170719 -0.0113834
25.6 -0.0161157 -0.00482357 -0.00195747 -0.0103215
25.7 -0.0155986 -0.00617272 -0.00218351 -0.00917494
25.8 -0.0149313 -0.00740109 -0.00237797 -0.00796634
25.9 -0.0141338 -0.0085429 -0.00254586 -0.00670246
26 -0.0132058 -0.00954507 -0.00268043 -0.00540104
26.1 -0.012175 -0.0104436 -0.00278729 -0.00407482
26.2 -0.0110376 -0.0111896 -0.00286037 -0.00273585
26.3 -0.00982792 -0.0118203 -0.00290583 -0.00140238
26.4 -0.00853819 -0.0122917 -0.00291828 -8.0302e-05
26.5 -0.00720857 -0.0126418 -0.00290431 0.00120722
26.6 -0.00582702 -0.0128323 -0.00285929 0.00246093
26.7 -0.00443843 -0.0129011 -0.00279001 0.00365328
26.8 -0.00302636 -0.0128158 -0.00269265 0.00479188
26.9 -0.00163929 -0.0126136 -0.0025741 0.00584552
27 -0.000256305 -0.0122687 -0.00243128 0.00682874
27.1 0.00107167 -0.0118166 -0.00227101 0.0077073
27.2 0.00237 -0.0112379 -0.00209096 0.00850261
27.3 0.00358639 -0.0105659 -0.00189769 0.00917802
27.4 0.00475059 -0.00978792 -0.00168962 0.00976162
27.5 0.00580993 -0.00893373 -0.00147286 0.0102149
27.6 0.00679824 -0.00799726 -0.00124654 0.0105723
27.7 0.0076636 -0.00700433 -0.00101618 0.0107942
27.8 0.00844348 -0.00595508 -0.000781538 0.0109204
27.9 0.00908753 -0.00487053 -0.000547415 0.0109107
28 0.0096364 -0.00375694 -0.000314177 0.0108103
28.1 0.0100422 -0.00262969 -8.57301e-05 0.0105785
28.2 0.0103481 -0.00150073 0.00013699 0.0102646
28.3 0.0105093 -0.000379335 0.000351055 0.00982831
28.4 0.0105707 0.000717307 0.000555037 0.00932225
28.5 0.0104916 0.00178658 0.000747069 0.00870677
28.6 0.0103172 0.0028065 0.000925271 0.00803666
28.7 0.0100113 0.0037814 0.00108889 0.0072734
28.8 0.00961929 0.00468506 0.00123566 0.00647292
28.9 0.00910948 0.00552897 0.00136598 0.00559808
29 0.00852621 0.00628321 0.00147719 0.00470484
29.1 0.00784273 0.00696639 0.00157085 0.00375776
29.2 0.00710133 0.0075454 0.00164401 0.0028117
29.3 0.00628051 0.00804589 0.00169933 0.00183323
29.4 0.00541938 0.00843213 0.00173356 0.000874981
29.5 0.00450177 0.00873639 0.00175043 -9.42186e-05
29.6 0.0035627 0.00892085 0.00174643 -0.00102503
29.7 0.00259132 0.00902398 0.0017263 -0.00194609
29.8 0.00161766 0.00900635 0.00168626 -0.00281235
29.9 0.000636142 0.00891196 0.00163194 -0.00364967
30 -0.000329036 0.00870021 0.00155936 -0.00441819
30.1 -0.0012783 0.00841995 0.00147493 -0.00514072
30.2 -0.00219399 0.00802985 0.00137441 -0.00578344
30.3 -0.00307154 0.00758264 0.00126489 -0.00636585
30.4 -0.00390041 0.00703669 0.00114193 -0.00686076
30.5 -0.00467121 0.00644766 0.00101312 -0.00728417
30.6 -0.00538096 0.00577403 0.000873841 -0.00761604
30.7 -0.00601568 0.00507333 0.000732013 -0.00786859
30.8 -0.00658027 0.00430449 0.000582861 -0.00802934
30.9 -0.00705635 0.00352577 0.000434503 -0.00810647
31 -0.00745674 0.00269698 0.000282029 -0.0080952
31.1 -0.00775899 0.00187597 0.000133576 -0.00799955
31.2 -0.00798378 0.00102379 -1.5866e-05 -0.00782249
31.3 -0.00810478 0.000196748 -0.000158289 -0.00756359
31.4 -0.00815032 -0.000642567 -0.000298763 -0.00723346
31.5 -0.00809048 -0.00144042 -0.000429561 -0.00682712
31.6 -0.00796081 -0.0022323 -0.000555778 -0.00636256
31.7 -0.00772806 -0.00296815 -0.000670092 -0.00583004
31.8 -0.0074344 -0.00368116 -0.000777573 -0.00525454
31.9 -0.00704357 -0.00432588 -0.00087144 -0.00462153
32 -0.0066037 -0.00493284 -0.000956669 -0.00396244
32.1 -0.00607575 -0.00546209 -0.00102713 -0.00325789
32.2 -0.00551296 -0.00594112 -0.00108766 -0.00254513
32.3 -0.00487384 -0.00633617 -0.00113284 -0.00179997
32.4 -0.00421579 -0.00667135 -0.0011673 -0.00106476
32.5 -0.00349523 -0.00691969 -0.00118644 -0.000310605
32.6 -0.00277273 -0.00710152 -0.00119459 0.000415835
32.7 -0.00200292 -0.00719721 -0.00118802 0.00114795
32.8 -0.00124838 -0.00722289 -0.00117067 0.00183569
32.9 -0.000462464 -0.0071665 -0.00113973 0.00251661
33 0.000291297 -0.00703971 -0.00109871 0.00313815
33.1 0.00106053 -0.00683822 -0.00104569 0.00374169
33.2 0.00178186 -0.00656882 -0.000983675 0.00427303
33.3 0.00250333 -0.00623504 -0.000911668 0.00477692
33.4 0.00316291 -0.00583852 -0.000832064 0.00519846
33.5 0.00380856 -0.00539041 -0.000744778 0.00558519
33.6 0.00438056 -0.00488698 -0.000651567 0.00588235
33.7 0.0049263 -0.00434678 -0.000553203 0.00613968
33.8 0.00538941 -0.00376046 -0.000450725 0.00630342
33.9 0.00581607 -0.00315356 -0.000345742 0.00642476
34 0.00615416 -0.00251105 -0.000238543 0.00645174
34.1 0.00644808 -0.00186495 -0.000131499 0.00643626
34.2 0.00665079 -0.00119449 -2.41144e-05 0.00632887
34.3 0.00680428 -0.000537528 8.05454e-05 0.00618134
34.4 0.00686728 0.000132439 0.000183771 0.00594743
34.5 0.0068786 0.000772302 0.000281854 0.00567789
34.6 0.00680348 0.00141411 0.000376913 0.00533029
34.7 0.00667696 0.00201038 0.000464683 0.0049535
34.8 0.0064711 0.00259847 0.000548071 0.0045094
34.9 0.00621657 0.00312722 0.000622345 0.0040441
35 0.00589263 0.00363901 0.000691178 0.00352423
35.1 0.00552492 0.0040798 0.000749441 0.00299226
35.2 0.00510014 0.00449653 0.000801538 0.00241992
35.3 0.00463829 0.00483318 0.000842021 0.00184524
35.4 0.00413364 0.00514065 0.000875971 0.00124534
35.5 0.00360006 0.00536178 0.000897708 0.000653026
35.6 0.00303926 0.00555076 0.000912887 5.09791e-05
35.7 0.00245854 0.0056501 0.00091568 -0.000533889
35.8 0.001867 0.00571658 0.000912262 -0.00111318
35.9 0.00126493 0.00569317 0.000896707 -0.00166649
36 0.000668584 0.00563841 0.000875597 -0.00219967
36.1 7.10491e-05 0.00549645 0.000843005 -0.00269928
36.2 -0.000504701 0.0053267 0.000805794 -0.00316541
36.3 -0.00107289 0.00507524 0.000758105 -0.00359197
36.4 -0.00160418 0.00480143 0.000706994 -0.0039734
36.5 -0.00212023 0.00445396 0.000646694 -0.00431114
36.6 -0.00258586 0.00409107 0.00058432 -0.00459407
36.7 -0.00302995 0.00366465 0.000514305 -0.00483128
36.8 -0.00341195 0.00323097 0.000443704 -0.00500627
36.9 -0.00376788 0.00274565 0.00036716 -0.00513574
37 -0.00405246 0.00226196 0.000291544 -0.00519803
37.1 -0.00430832 0.00173974 0.000211801 -0.0052172
37.2 -0.00448611 0.00122836 0.000134483 -0.00516673
37.3 -0.00463467 0.000692249 5.486e-05 -0.00507773
37.4 -0.00470114 0.000175978 -2.09089e-05 -0.00491907
37.5 -0.00473993 -0.000350935 -9.71981e-05 -0.00472844
37.6 -0.00469543 -0.000849601 -0.000168379 -0.00447053
37.7 -0.00462679 -0.00134522 -0.000238391 -0.00418895
37.8 -0.00447634 -0.00180519 -0.000302224 -0.00384456
37.9 -0.00430721 -0.00224918 -0.000363382 -0.00348624
38 -0.00406028 -0.00265158 -0.000417541 -0.00307144
38.1 -0.00380173 -0.00302629 -0.000467718 -0.00265346
38.2 -0.00347167 -0.00335516 -0.000510349 -0.00218683
38.3 -0.00313829 -0.00364623 -0.000547944 -0.00172839
38.4 -0.00274171 -0.00388915 -0.000577756 -0.00123027
38.5 -0.00235103 -0.00408605 -0.000601749 -0.000751863
38.6 -0.00190693 -0.00423464 -0.000618013 -0.000243393
38.7 -0.00147846 -0.00433101 -0.000627962 0.000234128
38.8 -0.00100754 -0.00438106 -0.000630557 0.000731783
38.9 -0.000562002 -0.00437495 -0.00062663 0.00118802
39 -8.56079e-05 -0.00432666 -0.000616003 0.00165463
39.1 0.000356142 -0.00422044 -0.000598901 0.00207052
39.2 0.000816934 -0.00407814 -0.000576015 0.00248754
39.3 0.00123455 -0.00387831 -0.000546992 0.00284607
39.4 0.00165966 -0.00365037 -0.000513322 0.00319739
39.5 0.00203443 -0.00336729 -0.000474036 0.0034843
39.6 0.0024058 -0.00306551 -0.000431429 0.00375683
39.7 0.00272119 -0.00271279 -0.000383934 0.00396114
39.8 0.00302344 -0.00235199 -0.000334548 0.00414535
39.9 0.00326593 -0.00194585 -0.00028114 0.00425974
40 0.00348678 -0.00154304 -0.000227372 0.00434984
40.1 0.00364625 -0.00110175 -0.000170521 0.0043709
40.2 0.00377728 -0.000675456 -0.000114838 0.00436515
40.3 0.00384744 -0.000218258 -5.70765e-05 0.00429343
40.4 0.00388415 0.000212283 -1.95681e-06 0.00419406
40.5 0.00386276 0.000665744 5.42482e-05 0.00403401
40.6 0.0038047 0.00108148 0.000106414 0.00384702
40.7 0.00369351 0.00151212 0.000158734 0.00360669
40.8 0.00354432 0.00189489 0.000205771 0.0033416
40.9 0.003349 0.00228495 0.000252124 0.00303226
41 0.00311614 0.00261835 0.000292141 0.0027016
41.1 0.00284589 0.002952 0.000330746 0.00233723
41.2 0.00254019 0.00322191 0.000362196 0.00195598
41.3 0.00220747 0.00348608 0.000391685 0.00155266
41.4 0.00184272 0.00368134 0.000413433 0.00113758
41.5 0.00146236 0.003866 0.000432823 0.000712741
41.6 0.0010546 0.00397871 0.000444176 0.000281668
41.7 0.000643517 0.00407739 0.000452983 -0.00014659
41.8 0.000210339 0.00410334 0.000453698 -0.000575536
41.9 -0.0002136 0.00411316 0.000451848 -0.000989269
42 -0.000653705 0.00405178 0.000442156 -0.00139836
42.1 -0.00107213 0.00397371 0.000430061 -0.00178044
42.2 -0.00150072 0.00382816 0.000410609 -0.00215313
42.3 -0.0018957 0.00366678 0.000389089 -0.002488
42.4 -0.00229513 0.00344373 0.000360907 -0.00280959
42.5 -0.00264994 0.00320691 0.000331132 -0.00308385
42.6 -0.00300386 0.00291612 0.000295635 -0.00334197
42.7 -0.00330352 0.00261484 0.000259122 -0.00354489
42.8 -0.00359784 0.00226889 0.000217951 -0.00373006
42.9 -0.00382991 0.00191657 0.000176431 -0.003854
43 -0.00405316 0.00153011 0.000131451 -0.00395991
43.1 -0.00420801 0.00114199 8.68335e-05 -0.00400055
43.2 -0.00435179 0.000731229 4.00283e-05 -0.00402431
43.3 -0.00442318 0.000323868 -5.71241e-06 -0.00398084
43.4 -0.0044825 -9.42297e-05 -5.23357e-05 -0.00392297
43.5 -0.00446757 -0.000503855 -9.72058e-05 -0.00379798
43.6 -0.00444099 -0.000912092 -0.000141687 -0.00366237
43.7 -0.00434057 -0.00130713 -0.000183811 -0.00346183
43.8 -0.00423013 -0.0016891 -0.000224314 -0.00325553
43.9 -0.00404837 -0.00205362 -0.000261935 -0.00298828
44 -0.00385955 -0.00239399 -0.00029683 -0.00272117
44.1 -0.0036041 -0.00271366 -0.000328479 -0.00239879
44.2 -0.00334545 -0.00299914 -0.000356397 -0.00208301
44.3 -0.00302657 -0.00326158 -0.000380821 -0.00171905
44.4 -0.00270941 -0.00348124 -0.000400717 -0.00136864
44.5 -0.00234003 -0.0036768 -0.000417043 -0.000978221
44.6 -0.00197775 -0.00382245 -0.000428202 -0.00060833
44.7 -0.00157257 -0.00394436 -0.000435889 -0.000207409
44.8 -0.00118027 -0.00401101 -0.000437981 0.000166208
44.9 -0.00075527 -0.0040556 -0.000436867 0.000561458
45 -0.000348903 -0.00404153 -0.000429925 0.000923199
45.1 7.9356e-05 -0.00400846 -0.00042021 0.00129707
45.2 0.000483502 -0.00391521 -0.00040464 0.00163206
45.3 0.000898619 -0.00380731 -0.000386865 0.00196996
45.4 0.00128467 -0.00363955 -0.000363412 0.00226469
45.5 0.00167093 -0.00346273 -0.000338455 0.00255363
45.6 0.0020241 -0.00322818 -0.000308154 0.00279652
45.7 0.00236727 -0.00299102 -0.000277151 0.00302574
45.8 0.00267431 -0.00269989 -0.000241319 0.00320746
45.9 0.00296204 -0.00241338 -0.000205642 0.00336876
46 0.00321205 -0.00207804 -0.000165735 0.00348279
46.1 0.00343448 -0.00175493 -0.000126898 0.00357083
46.2 0.00361886 -0.00138929 -8.45702e-05 0.00361346
46.3 0.00376886 -0.00104369 -4.42063e-05 0.00362594
46.4 0.00388207 -0.000662692 -1.12522e-06 0.00359657
46.5 0.00395553 -0.00030933 3.91225e-05 0.00353425
46.6 0.00399499 7.17178e-05 8.12735e-05 0.00343526
46.7 0.00399104 0.000418081 0.000119814 0.00330196
46.8 0.00395729 0.000784236 0.000159441 0.00313858
46.9 0.00387796 0.00110936 0.000194743 0.00294086
47 0.00377451 0.00144639 0.000230369 0.00272096
47.1 0.00362504 0.00173725 0.000261127 0.00246794
47.2 0.00345821 0.00203251 0.000291482 0.00220158
47.3 0.00324638 0.0022777 0.000316558 0.00190443
47.4 0.00302498 0.00252046 0.000340601 0.00160351
47.5 0.00276094 0.00271074 0.000359126 0.00127497
47.6 0.00249583 0.00289251 0.000376093 0.000952666
47.7 0.00219165 0.00302109 0.000387494 0.000606568
47.8 0.00189529 0.00313617 0.000396927 0.000276758
47.9 0.00156428 0.00319902 0.000400909 -7.26477e-05
48 0.00125009 0.00324443 0.000402634 -0.000395956
48.1 0.000906428 0.00324034 0.000399235 -0.000734473
48.2 0.00058832 0.0032161 0.000393409 -0.00103774
48.3 0.000246248 0.0031467 0.000382939 -0.00135193
48.4 -6.20743e-05 0.00305561 0.000369995 -0.0016226
48.5 -0.000388655 0.0029253 0.00035306 -0.00190021
48.6 -0.000674165 0.00277292 0.000333721 -0.00212725
48.7 -0.000972471 0.0025886 0.000311149 -0.00235781
48.8 -0.00122349 0.00238283 0.000286341 -0.00253215
48.9 -0.00148208 0.00215363 0.000259206 -0.00270722
49 -0.00168867 0.00190454 0.000230059 -0.00282212
49.1 -0.00189822 0.00164122 0.000199545 -0.00293577
49.2 -0.00205252 0.00136032 0.000167327 -0.00298699
49.3 -0.00220596 0.00107511 0.000134752 -0.0030359
49.4 -0.00230256 0.000775085 0.000100824 -0.00302193
49.5 -0.00239532 0.000480927 6.75607e-05 -0.00300551
49.6 -0.00243158 0.000174966 3.32686e-05 -0.00292763
49.7 -0.00246186 -0.000115107 6.68664e-07 -0.00284798
49.8 -0.00243764 -0.00041376 -3.26216e-05 -0.00271004
49.9 -0.00240637 -0.000686933 -6.32748e-05 -0.00257189
50 -0.00232435 -0.000965696 -9.43086e-05 -0.00238026
50.1 -0.00223506 -0.00121012 -0.000121829 -0.00219066
50.2 -0.00210033 -0.00145748 -0.000149466 -0.00195386
50.3 -0.00195898 -0.00166263 -0.000172833 -0.00172188
50.4 -0.00177897 -0.0018686 -0.000196132 -0.00145025
50.5 -0.00159373 -0.00202576 -0.000214525 -0.00118661
50.6 -0.00137777 -0.00218231 -0.00023274 -0.000891845
50.7 -0.00115848 -0.002285 -0.000245561 -0.000608361
50.8 -0.000917308 -0.00238639 -0.000258161 -0.000302978
50.9 -0.000675105 -0.00243037 -0.000265046 -1.2139e-05
51 -0.000420439 -0.00247326 -0.000271782 0.000291109
51.1 -0.000165951 -0.00245684 -0.000272624 0.000578081
