#-0.0973889529220707 1.03202624020294 0.193379321046871 -0.097046256483082 1.03285887271358 0.2448765058862 0.51277159872855 1.02290654059497 -2.39203564410491 0.0905974117091516 1.0177748267528 -2.11749567776967
0 0.926128 0 0.349789 0
0.1 0.923493 0.0468329 0.348994 -0.000500351
0.2 0.916462 0.0924854 0.346898 -0.00191126
0.3 0.904694 0.138185 0.343408 -0.00431059
0.4 0.888319 0.182573 0.338523 -0.00757889
0.5 0.867532 0.226336 0.332341 -0.0117794
0.6 0.842239 0.268409 0.324782 -0.016791
0.7 0.812894 0.309262 0.316025 -0.0226403
0.8 0.779301 0.348036 0.305954 -0.0292157
0.9 0.742083 0.385061 0.294796 -0.0365024
1 0.700998 0.419644 0.282424 -0.0444039
1.1 0.656781 0.452017 0.269092 -0.052864
1.2 0.609177 0.481628 0.254675 -0.0618041
1.3 0.558999 0.508642 0.239438 -0.0711292
1.4 0.505998 0.532633 0.22327 -0.0807801
1.5 0.451032 0.553716 0.206438 -0.0906277
1.6 0.393872 0.571586 0.188845 -0.100632
1.7 0.335396 0.586322 0.170755 -0.110637
1.8 0.275401 0.597727 0.152089 -0.120622
1.9 0.214766 0.605858 0.133103 -0.130406
2 0.153312 0.610619 0.113735 -0.139991
2.1 0.0919037 0.612055 0.0942277 -0.149178
2.2 0.0303871 0.610163 0.0745371 -0.157992
2.3 -0.0304084 0.604981 0.0548889 -0.166221
2.4 -0.0906123 0.596593 0.0352557 -0.17391
2.5 -0.149443 0.585034 0.0158438 -0.180844
2.6 -0.207012 0.570467 -0.00336026 -0.187087
2.7 -0.262594 0.552927 -0.0221706 -0.192425
2.8 -0.31629 0.532651 -0.040589 -0.196943
2.9 -0.367444 0.509672 -0.0584531 -0.200433
3 -0.416146 0.484288 -0.0757537 -0.202997
3.1 -0.461818 0.456537 -0.0923525 -0.20444
3.2 -0.504548 0.426767 -0.108234 -0.204881
3.3 -0.543839 0.395019 -0.123284 -0.204141
3.4 -0.579783 0.361682 -0.137482 -0.202355
3.5 -0.611969 0.326796 -0.150738 -0.199362
3.6 -0.640494 0.290786 -0.163029 -0.195313
3.7 -0.66504 0.253684 -0.174291 -0.190068
3.8 -0.68571 0.215938 -0.184499 -0.183789
3.9 -0.702279 0.177576 -0.193615 -0.176361
4 -0.71486 0.139059 -0.201613 -0.167955
4.1 -0.723321 0.100404 -0.208479 -0.158481
4.2 -0.727784 0.0620725 -0.214191 -0.148118
4.3 -0.728205 0.0240724 -0.218758 -0.1368
4.4 -0.72472 -0.0131428 -0.222161 -0.124709
4.5 -0.717369 -0.0495802 -0.224428 -0.111807
4.6 -0.706298 -0.0848028 -0.225546 -0.0982726
4.7 -0.691626 -0.118836 -0.225564 -0.0840948
4.8 -0.673508 -0.151267 -0.224473 -0.0694487
4.9 -0.652135 -0.18214 -0.22234 -0.0543455
5 -0.627665 -0.211074 -0.219158 -0.0389533
5.1 -0.600356 -0.238136 -0.215014 -0.0233051
5.2 -0.570368 -0.262981 -0.209906 -0.00755743
5.3 -0.538015 -0.2857 -0.203931 0.00823754
5.4 -0.503451 -0.30599 -0.197094 0.0239378
5.5 -0.46704 -0.323965 -0.189501 0.0394747
5.6 -0.428925 -0.339368 -0.181163 0.0547239
5.7 -0.389507 -0.352335 -0.172195 0.0696034
5.8 -0.34892 -0.362659 -0.162609 0.08401
5.9 -0.307589 -0.370497 -0.152526 0.0978511
6 -0.26563 -0.375692 -0.141961 0.111047
6.1 -0.223483 -0.378419 -0.131039 0.123499
6.2 -0.181244 -0.378572 -0.119778 0.135151
6.3 -0.139358 -0.376342 -0.1083 0.145901
6.4 -0.0978959 -0.371673 -0.0966243 0.155721
6.5 -0.057298 -0.364769 -0.0848729 0.164505
6.6 -0.0176057 -0.355619 -0.0730645 0.172256
6.7 0.0207539 -0.344436 -0.0613154 0.178869
6.8 0.0577716 -0.331255 -0.0496438 0.184375
6.9 0.0930419 -0.316292 -0.0381594 0.188673
7 0.126589 -0.29962 -0.0268788 0.191822
7.1 0.158037 -0.281456 -0.0159026 0.193727
7.2 0.187443 -0.261909 -0.00524512 0.194473
7.3 0.214467 -0.241189 0.00500318 0.193973
7.4 0.239205 -0.219437 0.0148316 0.19234
7.5 0.261354 -0.196848 0.0241612 0.189494
7.6 0.281042 -0.173591 0.0329852 0.18557
7.7 0.298012 -0.149844 0.0412371 0.180499
7.8 0.312424 -0.125795 0.0489144 0.174438
7.9 0.324067 -0.101604 0.0559639 0.167323
8 0.33313 -0.0774681 0.0623874 0.159333
8.1 0.339449 -0.0535234 0.0681457 0.150414
8.2 0.34324 -0.0299774 0.0732449 0.140756
8.3 0.344385 -0.00693521 0.0776596 0.130314
8.4 0.34312 0.015393 0.0814003 0.11929
8.5 0.339374 0.0369336 0.0844553 0.107648
8.6 0.333401 0.0574789 0.086839 0.0955923
8.7 0.325169 0.0769893 0.0885524 0.0830964
8.8 0.314945 0.0952637 0.0896139 0.0703669
8.9 0.302736 0.112298 0.0900367 0.0573822
9 0.288815 0.127902 0.0898421 0.0443464
9.1 0.273224 0.142108 0.0890548 0.0312428
9.2 0.256234 0.154738 0.0876982 0.0182684
9.3 0.23792 0.165861 0.0858071 0.00540999
9.4 0.218543 0.175318 0.0834067 -0.0071468
9.5 0.198205 0.183209 0.0805402 -0.0194126
9.6 0.177154 0.189392 0.0772334 -0.0312169
9.7 0.155513 0.194002 0.073537 -0.0425689
9.8 0.13351 0.196916 0.0694766 -0.0533168
9.9 0.111284 0.198296 0.0651085 -0.0634696
10 0.0890364 0.19804 0.0604573 -0.0728966
10.1 0.0669199 0.196336 0.0555836 -0.0816077
10.2 0.0451052 0.193101 0.05051 -0.0894961
10.3 0.0237503 0.188543 0.0452992 -0.0965728
10.4 0.00299253 0.182599 0.0399717 -0.102757
10.5 -0.0170087 0.175493 0.0345911 -0.10806
10.6 -0.0361526 0.167178 0.0291743 -0.112429
10.7 -0.0542824 0.15789 0.0237844 -0.115877
10.8 -0.0713361 0.147596 0.0184345 -0.118377
10.9 -0.0871629 0.13654 0.0131859 -0.119946
11 -0.101741 0.124701 0.00804723 -0.120582
11.1 -0.114928 0.112323 0.00307664 -0.120304
11.2 -0.126743 0.0993986 -0.00172187 -0.119135
11.3 -0.137056 0.0861638 -0.00629449 -0.117096
11.4 -0.145922 0.0726202 -0.0106421 -0.114236
11.5 -0.153225 0.0589945 -0.014716 -0.110573
11.6 -0.159061 0.0452943 -0.0185219 -0.10618
11.7 -0.163323 0.0317313 -0.0220171 -0.101073
11.8 -0.166142 0.018317 -0.0252121 -0.0953472
11.9 -0.167427 0.00524384 -0.0280703 -0.0890142
12 -0.167339 -0.00747451 -0.0306069 -0.0821889
12.1 -0.165802 -0.0196689 -0.0327922 -0.0748775
12.2 -0.163002 -0.0313255 -0.0346454 -0.0672105
12.3 -0.158876 -0.0423014 -0.0361435 -0.0591886
12.4 -0.153634 -0.0525839 -0.0373095 -0.0509541
12.5 -0.147222 -0.0620591 -0.0381274 -0.0425011
12.6 -0.139868 -0.0707163 -0.0386231 -0.0339803
12.7 -0.131527 -0.0784724 -0.0387869 -0.0253777
12.8 -0.122441 -0.0853195 -0.0386473 -0.0168493
12.9 -0.112571 -0.0912057 -0.038201 -0.00837247
13 -0.102165 -0.0961262 -0.0374778 -0.000104496
13.1 -0.0911902 -0.100061 -0.0364802 0.00798668
13.2 -0.0798941 -0.103008 -0.0352389 0.0157454
13.3 -0.068249 -0.104977 -0.0337613 0.0232135
13.4 -0.0564972 -0.105971 -0.0320784 0.0302403
13.5 -0.044613 -0.106029 -0.030202 0.0368777
13.6 -0.0328285 -0.105152 -0.0281621 0.0429827
13.7 -0.021118 -0.10341 -0.0259745 0.0486171
13.8 -0.00969942 -0.100806 -0.0236673 0.0536477
13.9 0.00145466 -0.0974308 -0.0212595 0.0581459
14 0.0121451 -0.0932885 -0.0187769 0.0619909
14.1 0.0224017 -0.0884934 -0.0162404 0.0652624
14.2 0.0320479 -0.0830455 -0.0136732 0.0678534
14.3 0.0411165 -0.0770784 -0.0110974 0.069851
14.4 0.0494561 -0.0705883 -0.0085327 0.0711636
14.5 0.0571035 -0.0637235 -0.00600211 0.0718838
14.6 0.0639344 -0.0564753 -0.00352117 0.0719362
14.7 0.0699893 -0.049003 -0.00111302 0.0714175
14.8 0.0751728 -0.0412911 0.00121113 0.070269
14.9 0.0795287 -0.0335062 0.00342868 0.0685891
15 0.0829907 -0.0256248 0.00553296 0.0663358
15.1 0.0856053 -0.0178168 0.00750245 0.0636075
15.2 0.0873357 -0.0100498 0.00933511 0.0603784
15.3 0.0882295 -0.00249328 0.0110109 0.0567443
15.4 0.0882785 0.00489491 0.0125324 0.0526951
15.5 0.0875301 0.0119492 0.0138813 0.0483218
15.6 0.0860032 0.0187218 0.0150647 0.043629
15.7 0.0837436 0.0250541 0.0160664 0.0387006
15.8 0.0807954 0.0310085 0.0168975 0.0335546
15.9 0.0772007 0.0364362 0.0175442 0.0282659
16 0.0730263 0.0414094 0.0180213 0.0228644
16.1 0.068309 0.0457917 0.0183171 0.0174136
16.2 0.0631357 0.049664 0.0184501 0.011954
16.3 0.0575355 0.0529043 0.0184107 0.00653625
16.4 0.0516124 0.0556015 0.0182199 0.00120945
16.5 0.0453865 0.0576492 0.0178707 -0.00399009
16.6 0.038975 0.0591427 0.0173861 -0.00900616
16.7 0.0323874 0.0599922 0.0167609 -0.013818
16.8 0.0257512 0.0602977 0.0160199 -0.018364
16.9 0.0190637 0.0599866 0.0151597 -0.0226398
17 0.0124593 0.0591614 0.0142058 -0.0265795
17.1 0.00592204 0.0577669 0.0131564 -0.0301958
17.2 -0.000409984 0.0559061 0.0120373 -0.0334203
17.3 -0.00656669 0.0535403 0.0108479 -0.0362821
17.4 -0.0124094 0.0507707 0.00961371 -0.0387119
17.5 -0.0179822 0.047575 0.00833499 -0.0407552
17.6 -0.0231487 0.0440501 0.00703617 -0.0423423
17.7 -0.0279673 0.0401888 0.0057184 -0.0435344
17.8 -0.032306 0.0360811 0.00440443 -0.0442624
17.9 -0.0362372 0.0317339 0.00309591 -0.044602
18 -0.0396357 0.0272283 0.00181346 -0.0444858
18.1 -0.0425864 0.0225836 0.000558978 -0.044002
18.2 -0.044973 0.0178697 -0.000649453 -0.0430856
18.3 -0.0468917 0.0131169 -0.00180992 -0.0418356
18.4 -0.0482361 0.00838223 -0.00290719 -0.0401895
18.5 -0.0491122 0.00370507 -0.00393951 -0.038255
18.6 -0.0494246 -0.000872026 -0.00489477 -0.0359727
18.7 -0.0492869 -0.00530199 -0.00577146 -0.0334567
18.8 -0.0486153 -0.0095581 -0.00656077 -0.0306504
18.9 -0.0475287 -0.0135872 -0.00726153 -0.027672
19 -0.0459552 -0.0173793 -0.00786831 -0.0244679
19.1 -0.0440166 -0.0208765 -0.00838027 -0.0211578
19.2 -0.0416527 -0.0240859 -0.00879537 -0.017691
19.3 -0.0389857 -0.0269468 -0.00911312 -0.0141862
19.4 -0.0359669 -0.029483 -0.00933473 -0.0105958
19.5 -0.0327157 -0.0316319 -0.00946003 -0.00703439
19.6 -0.0291948 -0.0334342 -0.00949328 -0.00345753
19.7 -0.0255183 -0.034826 -0.00943455 2.61968e-05
19.8 -0.0216589 -0.0358642 -0.00929093 0.00345842
19.9 -0.0177233 -0.0364848 -0.00906258 0.00673891
20 -0.0136937 -0.0367593 -0.00875911 0.00990635
20.1 -0.00966623 -0.0366243 -0.00838068 0.0128709
20.2 -0.00563184 -0.0361643 -0.00793901 0.0156683
20.3 -0.00167465 -0.035317 -0.00743413 0.0182205
20.4 0.0022071 -0.0341783 -0.00687951 0.0205604
20.5 0.00594329 -0.0326872 -0.00627486 0.0226235
20.6 0.00952898 -0.0309488 -0.005635 0.0244393
20.7 0.0129097 -0.0289035 -0.00495921 0.0259577
20.8 0.0160747 -0.0266634 -0.00426317 0.0272046
20.9 0.018986 -0.0241707 -0.00354563 0.0281454
21 0.021628 -0.0215415 -0.00282273 0.0288018
21.1 0.0239802 -0.0187199 -0.00209255 0.0291551
21.2 0.0260223 -0.0158238 -0.00137127 0.0292224
21.3 0.0277516 -0.0127992 -0.000656242 0.0290004
21.4 0.0291441 -0.00976305 3.6729e-05 0.0285017
21.5 0.0302143 -0.0066632 0.000711068 0.0277382
21.6 0.030935 -0.00361318 0.0013517 0.0267169
21.7 0.0313374 -0.000562803 0.00196285 0.0254644
21.8 0.0313913 0.00238018 0.00253049 0.0239817
21.9 0.0311438 0.00526398 0.00305961 0.0223091
22 0.0305617 0.00798876 0.00353752 0.0204412
22.1 0.0297067 0.0106007 0.00396992 0.0184306
22.2 0.0285428 0.0130097 0.00434566 0.016265
22.3 0.0271444 0.0152597 0.00467108 0.014008
22.4 0.0254731 0.0172722 0.00493674 0.01164
22.5 0.023614 0.0190884 0.00514948 0.00923393
22.6 0.0215259 0.0206428 0.00530168 0.00676279
22.7 0.0193029 0.0219734 0.00540052 0.0043069
22.8 0.0169009 0.0230286 0.00544031 0.00183172
22.9 0.0144204 0.0238433 0.00542837 -0.000576705
23 0.011815 0.0243801 0.0053609 -0.0029605
23.1 0.00918893 0.0246697 0.00524522 -0.00522977
23.2 0.00649323 0.0246898 0.00507941 -0.00743402
23.3 0.00383405 0.0244665 0.00487051 -0.00948131
23.4 0.00115983 0.0239923 0.0046184 -0.0114281
23.5 -0.00142393 0.0232878 0.00432969 -0.0131823
23.6 -0.00397098 0.0223601 0.00400593 -0.0148068
23.7 -0.00637871 0.0212237 0.00365304 -0.0162107
23.8 -0.00870272 0.0198996 0.00327411 -0.0174627
23.9 -0.0108455 0.0183957 0.00287422 -0.018475
24 -0.0128637 0.0167457 0.00245778 -0.0193207
24.1 -0.014667 0.0149503 0.00202884 -0.0199166
24.2 -0.0163128 0.013055 0.00159299 -0.0203392
24.3 -0.017719 0.0110527 0.00115308 -0.020511
24.4 -0.0189434 0.00899912 0.000715655 -0.0205108
24.5 -0.0199136 0.00687907 0.000282233 -0.0202676
24.6 -0.0206866 0.00475709 -0.000139844 -0.019861
24.7 -0.0212011 0.00260949 -0.0005505 -0.0192278
24.8 -0.0215122 0.000508048 -0.000941815 -0.0184468
24.9 -0.0215705 -0.00157947 -0.00131519 -0.0174628
25 -0.0214281 -0.00357577 -0.00166233 -0.0163525
25.1 -0.0210481 -0.00552154 -0.00198613 -0.0150694
25.2 -0.0204787 -0.00733563 -0.00227808 -0.0136862
25.3 -0.0196954 -0.00906696 -0.00254256 -0.0121654
25.4 -0.0187415 -0.0106321 -0.00277102 -0.0105745
25.5 -0.0176048 -0.0120878 -0.00296924 -0.0088849
25.6 -0.0163226 -0.01335 -0.00312878 -0.00715696
25.7 -0.0148948 -0.0144824 -0.00325671 -0.00537148
25.8 -0.0133514 -0.0154018 -0.00334484 -0.00358033
25.9 -0.011704 -0.0161779 -0.00340138 -0.00177323
26 -0.00997444 -0.0167301 -0.00341847 7.53455e-06
26.1 -0.00818509 -0.0171329 -0.00340532 0.00176358
26.2 -0.00634884 -0.0173092 -0.00335449 0.00346335
26.3 -0.00449788 -0.0173373 -0.00327596 0.00510012
26.4 -0.00263548 -0.0171445 -0.00316277 0.00665392
26.5 -0.000802642 -0.0168117 -0.00302547 0.00811016
26.6 0.00100755 -0.0162716 -0.00285763 0.00946104
26.7 0.00274639 -0.0156057 -0.00267011 0.0106846
26.8 0.00443127 -0.0147533 -0.00245705 0.0117856
26.9 0.006007 -0.0137947 -0.00222937 0.0127352
27 0.00750152 -0.0126764 -0.00198181 0.0135509
27.1 0.00885438 -0.0114761 -0.00172509 0.0141975
27.2 0.0101039 -0.0101476 -0.00145455 0.0147049
27.3 0.0111854 -0.00876434 -0.0011805 0.0150322
27.4 0.0121474 -0.00728791 -0.000898845 0.0152216
27.5 0.0129223 -0.00578596 -0.000619217 0.0152267
27.6 0.0135677 -0.00422789 -0.000338162 0.0151011
27.7 0.0140146 -0.00267398 -6.43869e-05 0.0147941
27.8 0.0143287 -0.00110167 0.000204962 0.0143692
27.9 0.0144404 0.00043763 0.000462273 0.0137718
28 0.0144226 0.00195847 0.000709791 0.0130749
28.1 0.0142062 0.0034195 0.000941189 0.0122201
28.2 0.0138698 0.00482738 0.00115811 0.0112883
28.3 0.0133457 0.00615188 0.00135563 0.0102182
28.4 0.0127168 0.00739191 0.00153479 0.00909699
28.5 0.0119176 0.00852918 0.0016922 0.00786117
28.6 0.0110334 0.0095551 0.00182828 0.00660232
28.7 0.0100018 0.0104638 0.00194122 0.00525529
28.8 0.00890916 0.0112396 0.00203083 0.00391449
28.9 0.00769638 0.0118893 0.00209693 0.00251372
29 0.00644891 0.0123902 0.0021387 0.00114832
29.1 0.00511197 0.012762 0.00215753 -0.000248306
29.2 0.00376818 0.0129753 0.00215202 -0.00158166
29.3 0.00236749 0.0130624 0.00212511 -0.00291806
29.4 0.00098795 0.0129877 0.00207473 -0.00416566
29.5 -0.000415272 0.0127953 0.00200534 -0.00538979
29.6 -0.00177041 0.0124437 0.00191418 -0.00650295
29.7 -0.00311666 0.0119885 0.00180713 -0.00756871
29.8 -0.00439014 0.0113824 0.00168072 -0.00850555
29.9 -0.00562407 0.0106914 0.00154211 -0.00937452
30 -0.00676383 0.00986287 0.00138715 -0.0101015
30.1 -0.0078363 0.00897183 0.0012241 -0.0107442
30.2 -0.00879741 0.00796124 0.00104813 -0.0112371
30.3 -0.00966741 0.00691345 0.000868416 -0.0116339
30.4 -0.0104138 0.00576732 0.000679469 -0.0118789
30.5 -0.0110497 0.00461123 0.000491224 -0.0120206
30.6 -0.0115552 0.00338042 0.000297528 -0.0120142
30.7 -0.0119363 0.00216757 0.00010887 -0.0119021
30.8 -0.0121856 0.000904953 -8.15139e-05 -0.0116509
30.9 -0.012302 -0.000312168 -0.000262778 -0.0112966
31 -0.0122909 -0.00155386 -0.000442259 -0.0108173
31.1 -0.0121437 -0.00272403 -0.000608951 -0.0102415
31.2 -0.0118791 -0.00389438 -0.000770685 -0.00955955
31.3 -0.0114806 -0.00496976 -0.000916493 -0.00879161
31.4 -0.0109797 -0.0060226 -0.00105463 -0.00793996
31.5 -0.0103519 -0.00696046 -0.00117435 -0.00701603
31.6 -0.00964116 -0.00785572 -0.00128421 -0.00603384
31.7 -0.00881517 -0.00862025 -0.00137387 -0.00499546
31.8 -0.00792913 -0.00932536 -0.00145212 -0.00392619
31.9 -0.00694313 -0.00988878 -0.00150915 -0.0028184
32 -0.0059228 -0.0103798 -0.00155382 -0.00170806
32.1 -0.00482062 -0.0107234 -0.00157704 -0.000577513
32.2 -0.00371145 -0.0109859 -0.00158761 0.000527329
32.3 -0.00254046 -0.0111005 -0.00157725 0.00163427
32.4 -0.00139047 -0.0111295 -0.00155458 0.00268834
32.5 -0.000199663 -0.0110157 -0.00151223 0.00372744
32.6 0.000942698 -0.0108162 -0.00145849 0.0046886
32.7 0.00210489 -0.0104841 -0.00138696 0.00561952
32.8 0.0031927 -0.0100701 -0.00130545 0.00645035
32.9 0.00428023 -0.00953837 -0.00120864 0.00723815
33 0.00526999 -0.00893244 -0.00110369 0.00790737
33.1 0.00624119 -0.00822777 -0.000986349 0.00852381
33.2 0.00709458 -0.00745962 -0.000863032 0.00900742
33.3 0.00791356 -0.00661512 -0.000730607 0.00943191
33.4 0.00859882 -0.00572041 -0.000594559 0.00971397
33.5 0.00923696 -0.00477422 -0.000452873 0.00993422
33.6 0.00973011 -0.00379279 -0.000310025 0.0100074
33.7 0.0101669 -0.00278636 -0.000165094 0.0100197
33.8 0.0104525 -0.00176059 -2.14093e-05 0.00988521
33.9 0.0106763 -0.000736894 0.000120834 0.00969455
34 0.0107478 0.000290102 0.000259531 0.00936199
34.1 0.0107559 0.00128833 0.000393483 0.00898136
34.2 0.0106159 0.00227458 0.000521839 0.00846835
34.3 0.0104146 0.00320667 0.000642382 0.00791818
34.4 0.0100742 0.00411289 0.000755612 0.00724915
34.5 0.00967827 0.00494177 0.000858374 0.00655637
34.6 0.00915675 0.00573306 0.000952497 0.00576166
34.7 0.00858837 0.00642679 0.00103395 0.00495834
34.8 0.00791191 0.00707386 0.00110588 0.00407274
34.9 0.00719988 0.00760675 0.00116347 0.00319474
35 0.00640056 0.00808704 0.00121115 0.00225605
35.1 0.00557875 0.00844065 0.00124336 0.00134147
35.2 0.00469286 0.00873907 0.00126576 0.000388847
35.3 0.00379874 0.00890272 0.00127213 -0.000523601
35.4 0.00286533 0.00901213 0.0012693 -0.00145118
35.5 0.00193831 0.00898326 0.00125044 -0.00232375
35.6 0.00099745 0.00890453 0.00122341 -0.00318913
35.7 7.72117e-05 0.00868858 0.0011809 -0.00398654
35.8 -0.000831689 0.00843043 0.00113167 -0.0047558
35.9 -0.00170691 0.00804045 0.00106798 -0.00544666
36 -0.00254675 0.00761884 0.000999346 -0.00609047
36.1 -0.0033416 0.00707477 0.000917722 -0.00664844
36.2 -0.00407895 0.00651212 0.000833198 -0.0071431
36.3 -0.00476257 0.00583996 0.000737464 -0.00754794
36.4 -0.00536918 0.00516402 0.000641053 -0.00787628
36.5 -0.00591607 0.00439438 0.000535499 -0.00811442
36.6 -0.00636976 0.00363705 0.000431556 -0.00826635
36.7 -0.00676106 0.00280407 0.00032069 -0.00833144
36.8 -0.00704656 0.0019999 0.000213725 -0.00830421
36.9 -0.00727045 0.00113958 0.00010213 -0.0081972
37 -0.00737993 0.000324282 -3.3921e-06 -0.00799537
37.1 -0.00743202 -0.00052695 -0.000111259 -0.00772427
37.2 -0.00736515 -0.00131793 -0.000211067 -0.0073594
37.3 -0.00724858 -0.0021247 -0.000311067 -0.00693893
37.4 -0.0070126 -0.00285778 -0.000401309 -0.006429
37.5 -0.00673756 -0.00358736 -0.000489726 -0.0058797
37.6 -0.00634649 -0.00423202 -0.000567019 -0.0052482
37.7 -0.00592995 -0.0048554 -0.000640783 -0.0045957
37.8 -0.00540423 -0.00538563 -0.000702443 -0.00387062
37.9 -0.00486862 -0.00587877 -0.000759109 -0.00314427
38 -0.00423391 -0.00627378 -0.000803158 -0.00235691
38.1 -0.0036066 -0.0066186 -0.000841134 -0.00158868
38.2 -0.00289261 -0.00686383 -0.000866376 -0.000772212
38.3 -0.00220416 -0.00704861 -0.000884812 4.77042e-06
38.4 -0.00144348 -0.00713612 -0.000890885 0.000816546
38.5 -0.000726647 -0.00715603 -0.000889799 0.0015693
38.6 4.67889e-05 -0.00708472 -0.000877147 0.00234343
38.7 0.00075869 -0.00694191 -0.000857315 0.00304056
38.8 0.00151108 -0.00671741 -0.000827111 0.00374622
38.9 0.00218547 -0.00642066 -0.000790073 0.00435909
39 0.00288439 -0.0060551 -0.000744215 0.00496882
39.1 0.00349088 -0.00561945 -0.000692142 0.00547271
39.2 0.00410673 -0.00513066 -0.000633104 0.00596342
39.3 0.00461833 -0.00457667 -0.000568716 0.00633853
39.4 0.00512558 -0.00398757 -0.000499425 0.00669245
39.5 0.00551975 -0.00334028 -0.000425859 0.00692454
39.6 0.00589764 -0.00267758 -0.000349628 0.00712973
39.7 0.00615728 -0.0019656 -0.000270291 0.00721073
39.8 0.00639103 -0.00125891 -0.000190574 0.00726158
39.9 0.00650498 -0.000512898 -0.000108996 0.0071897
40 0.00658595 0.000206836 -2.93303e-05 0.00708694
40.1 0.00654941 0.00095514 5.09507e-05 0.00686678
40.2 0.00647554 0.00165667 0.000127149 0.00661742
40.3 0.00629032 0.00237608 0.000202791 0.00625959
40.4 0.00606603 0.00302934 0.000272322 0.0058765
40.5 0.00574029 0.00369031 0.000340283 0.00539719
40.6 0.00537624 0.00426762 0.000400321 0.00489844
40.7 0.00492387 0.00484339 0.00045791 0.00431856
40.8 0.00443653 0.0053205 0.000506128 0.0037267
40.9 0.00387689 0.00578841 0.000551236 0.00307109
41 0.0032874 0.00614551 0.000585778 0.002412
41.1 0.0026442 0.00648751 0.000616847 0.00170831
41.2 0.00197799 0.00671 0.000636566 0.00101027
41.3 0.00127822 0.00691367 0.000652659 0.000287735
41.4 0.000563389 0.00699269 0.000656992 -0.00041993
41.5 -0.000163759 0.00705134 0.000657815 -0.00113159
41.6 -0.000897354 0.00698395 0.000646877 -0.0018196
41.7 -0.00162155 0.00689713 0.000632839 -0.00249143
41.8 -0.0023437 0.00668664 0.000607358 -0.00313186
41.9 -0.0030352 0.00645965 0.000579385 -0.00373692
42 -0.00371639 0.00611508 0.000540713 -0.00430416
42.1 -0.0043467 0.00575914 0.000500378 -0.00481846
42.2 -0.00495964 0.00529494 0.00045033 -0.0052904
42.3 -0.00550312 0.0048262 0.000399622 -0.00569392
42.4 -0.0060234 0.00426168 0.000340506 -0.00605265
42.5 -0.00645805 0.00370083 0.00028182 -0.0063301
42.6 -0.0068655 0.00305903 0.000216233 -0.00656265
42.7 -0.00717384 0.00243011 0.000152251 -0.00670396
42.8 -0.00745311 0.00173715 8.2999e-05 -0.00680277
42.9 -0.00762288 0.0010667 1.65535e-05 -0.00680349
43 -0.00776389 0.000350466 -5.34043e-05 -0.00676655
43.1 -0.00778857 -0.000333663 -0.00011946 -0.00662795
43.2 -0.00778713 -0.00104469 -0.000187268 -0.00645893
43.3 -0.00766593 -0.00171461 -0.000250117 -0.00618784
43.4 -0.00752348 -0.0023923 -0.000312982 -0.00589567
43.5 -0.00726149 -0.00302096 -0.000370029 -0.00550417
43.6 -0.00698531 -0.00363897 -0.000425469 -0.00510281
43.7 -0.0065932 -0.00420153 -0.000474413 -0.00460767
43.8 -0.00619574 -0.00473609 -0.000520256 -0.0041153
43.9 -0.00568908 -0.00521076 -0.000559141 -0.0035372
44 -0.00518751 -0.00564178 -0.000593655 -0.00297547
44.1 -0.00458639 -0.00601065 -0.000621026 -0.00233819
44.2 -0.00400184 -0.00632236 -0.00064296 -0.00173132
44.3 -0.00332973 -0.00657223 -0.000657822 -0.00106066
44.4 -0.00268628 -0.00675384 -0.00066645 -0.000434357
44.5 -0.0019692 -0.00687643 -0.000668373 0.000242877
44.6 -0.00129293 -0.00692251 -0.000663517 0.000862457
44.7 -0.000558262 -0.00691499 -0.000652574 0.00151956
44.8 0.00012384 -0.00682549 -0.000634603 0.00210691
44.9 0.000848375 -0.00669036 -0.000611413 0.00271834
45 0.00150961 -0.00647068 -0.000581191 0.00324963
45.1 0.0021971 -0.00621566 -0.000546849 0.00379203
45.2 0.00281205 -0.00587626 -0.000505722 0.00424607
45.3 0.00343747 -0.00551375 -0.000461775 0.00469918
45.4 0.003983 -0.00506983 -0.000411502 0.00505822
45.5 0.00452432 -0.00461658 -0.000359792 0.00540568
45.6 0.00498071 -0.00408698 -0.000302422 0.00565615
45.7 0.00541925 -0.00356309 -0.000245179 0.00588595
45.8 0.00577047 -0.00297007 -0.000183068 0.00601888
45.9 0.0060924 -0.00239833 -0.000122577 0.00612408
46 0.00632736 -0.00176603 -5.81173e-05 0.00613553
46.1 0.00652329 -0.00117065 3.1408e-06 0.00611409
46.2 0.00663553 -0.000524583 6.7412e-05 0.0060051
46.3 0.00670145 6.94641e-05 0.00012703 0.00586022
46.4 0.00668982 0.000703805 0.000188696 0.00563684
46.5 0.006627 0.0012721 0.000244396 0.0053766
46.6 0.00649535 0.00187023 0.000301168 0.00504947
46.7 0.0063099 0.00238974 0.000350804 0.00468637
46.8 0.00606712 0.00292892 0.000400686 0.00427038
46.9 0.00577009 0.00337915 0.000442451 0.00382094
47 0.00542912 0.0038395 0.000483676 0.00333434
47.1 0.00503574 0.00420299 0.000516107 0.00281826
47.2 0.00461356 0.00456831 0.000547348 0.00228207
47.3 0.00414253 0.00483151 0.000569375 0.00172141
47.4 0.00365919 0.00508965 0.000589748 0.0011585
47.5 0.00313178 0.00524356 0.000600711 0.000576697
47.6 0.00260918 0.00538689 0.000609698 1.06943e-05
47.7 0.00204868 0.00542703 0.000609453 -0.000568256
47.8 0.00151013 0.00545303 0.000607062 -0.00111378
47.9 0.000940324 0.00537971 0.000595855 -0.00166651
48 0.000409298 0.00529043 0.000582527 -0.00216906
48.1 -0.000146106 0.00510899 0.00056106 -0.00267361
48.2 -0.000647044 0.00491131 0.000537624 -0.00311279
48.3 -0.0011656 0.00463122 0.000506986 -0.00354957
48.4 -0.00161547 0.00433634 0.000474679 -0.00390769
48.5 -0.00207679 0.00397128 0.000436312 -0.00426019
48.6 -0.00245729 0.00359415 0.00039666 -0.00452311
48.7 -0.00284398 0.00316125 0.000352254 -0.00477862
48.8 -0.00314018 0.00271997 0.000307028 -0.00493631
48.9 -0.00343833 0.00223875 0.000258496 -0.00508622
49 -0.00363896 0.0017538 0.000209683 -0.00513297
49.1 -0.00383893 0.00124589 0.000159041 -0.0051733
49.2 -0.00393736 0.000739004 0.000108618 -0.00510812
49.3 -0.00403369 0.00022674 5.79486e-05 -0.00503933
49.4 -0.00402762 -0.000279598 7.98309e-06 -0.00486582
49.5 -0.00401974 -0.000773967 -4.07312e-05 -0.00469304
49.6 -0.00391142 -0.0012579 -8.82754e-05 -0.00441912
49.7 -0.00380308 -0.00171294 -0.00013314 -0.00415165
49.8 -0.00359943 -0.00215385 -0.000176502 -0.00378948
49.9 -0.00339871 -0.00255019 -0.000215826 -0.0034404
50 -0.00311053 -0.00292968 -0.000253421 -0.00300551
50.1 -0.00282943 -0.0032505 -0.000285779 -0.00259117
50.2 -0.00247116 -0.00355305 -0.000316317 -0.00210201
50.3 -0.0021251 -0.00378486 -0.000340646 -0.00164128
50.4 -0.00171413 -0.00399853 -0.000363174 -0.00111839
50.5 -0.00132097 -0.0041317 -0.0003787 -0.00063176
50.6 -0.000876949 -0.00424857 -0.000392637 -9.69303e-05
50.7 -0.000456393 -0.00427782 -0.000398978 0.000394272
50.8 -9.30335e-08 -0.0042941 -0.000404081 0.00091901
50.9 0.000427077 -0.00421838 -0.000401271 0.00139347
51 0.00087449 -0.00413467 -0.000397711 0.00188678
51.1 0.00128982 -0.00395652 -0.000386042 0.00232628
