#0.205326508576234 1.01755618177111 -1.67154295422247 0.195567948927454 1.01737930870991 -1.59851314078248 0.699149649632748 1.00944295421916 -1.22341576185 0.200661808457992 1.01164393262854 -1.26247130486704
0 0.940096 0 0.373704 0
0.1 0.937403 0.0474922 0.372925 -0.000685334
0.2 0.930375 0.0937405 0.370901 -0.00252285
0.3 0.918397 0.140122 0.367486 -0.00571519
0.4 0.901909 0.184964 0.362737 -0.0100073
0.5 0.880824 0.229269 0.356699 -0.0155739
0.6 0.855322 0.271586 0.349338 -0.0221669
0.7 0.825645 0.312741 0.340797 -0.029898
0.8 0.791791 0.351468 0.330985 -0.0385477
0.9 0.754255 0.388476 0.320111 -0.0481554
1 0.712913 0.422661 0.308058 -0.05854
1.1 0.668458 0.45464 0.295076 -0.0696657
1.2 0.620676 0.48346 0.281035 -0.0813948
1.3 0.570416 0.509662 0.266214 -0.0936194
1.4 0.517398 0.532439 0.250478 -0.106249
1.5 0.462584 0.552275 0.234123 -0.119108
1.6 0.40565 0.568507 0.217016 -0.132157
1.7 0.34764 0.581565 0.19946 -0.145158
1.8 0.288193 0.590928 0.18133 -0.158123
1.9 0.22841 0.596983 0.162929 -0.170762
2 0.167902 0.599346 0.144141 -0.183136
2.1 0.107801 0.598361 0.125264 -0.194912
2.2 0.0476925 0.593781 0.106192 -0.206201
2.3 -0.0112877 0.58591 0.0872108 -0.216637
2.4 -0.0695724 0.574633 0.0682273 -0.226378
2.5 -0.126044 0.560215 0.0495086 -0.235032
2.6 -0.181153 0.542663 0.0309753 -0.242809
2.7 -0.23382 0.522205 0.012873 -0.249298
2.8 -0.28451 0.498965 -0.00486602 -0.254755
2.9 -0.332201 0.473133 -0.0220202 -0.258761
3 -0.37737 0.444937 -0.0386463 -0.261615
3.1 -0.419065 0.414528 -0.0545494 -0.262901
3.2 -0.457777 0.38223 -0.0697762 -0.262953
3.3 -0.492641 0.348151 -0.0841611 -0.261367
3.4 -0.524152 0.312698 -0.097741 -0.25851
3.5 -0.551544 0.275937 -0.11038 -0.253993
3.6 -0.57532 0.238345 -0.122109 -0.248212
3.7 -0.594815 0.19994 -0.132822 -0.240801
3.8 -0.610534 0.16126 -0.142543 -0.232177
3.9 -0.621929 0.122271 -0.151197 -0.222004
4 -0.629497 0.0835556 -0.158802 -0.210711
4.1 -0.632805 0.045032 -0.165314 -0.197996
4.2 -0.632346 0.00731185 -0.170747 -0.184295
4.3 -0.627801 -0.0297392 -0.175086 -0.169343
4.4 -0.619651 -0.065491 -0.178342 -0.153576
4.5 -0.607687 -0.100131 -0.180527 -0.136764
4.6 -0.592373 -0.133021 -0.181648 -0.119337
4.7 -0.573616 -0.164405 -0.181745 -0.101107
4.8 -0.551845 -0.193649 -0.180823 -0.0824832
4.9 -0.527078 -0.22105 -0.178946 -0.0633195
5 -0.499708 -0.245989 -0.176114 -0.0440027
5.1 -0.469853 -0.268813 -0.172414 -0.0244249
5.2 -0.437865 -0.288933 -0.167845 -0.00494062
5.3 -0.403952 -0.306737 -0.162511 0.0145189
5.4 -0.368417 -0.321676 -0.156409 0.0336384
5.5 -0.331546 -0.334177 -0.149659 0.052449
5.6 -0.293593 -0.343733 -0.142256 0.0706811
5.7 -0.254911 -0.350808 -0.134332 0.0883316
5.8 -0.21569 -0.354942 -0.125879 0.105182
5.9 -0.176344 -0.356631 -0.117038 0.121198
6 -0.136996 -0.355464 -0.1078 0.136214
6.1 -0.0981074 -0.351962 -0.09831 0.150169
6.2 -0.0597311 -0.345765 -0.088556 0.162958
6.3 -0.022363 -0.33741 -0.0786873 0.174491
6.4 0.0140195 -0.326593 -0.0686864 0.184727
6.5 0.0488949 -0.313855 -0.0587029 0.193553
6.6 0.0823618 -0.298949 -0.0487157 0.20099
6.7 0.113884 -0.282407 -0.0388714 0.206905
6.8 0.143637 -0.264043 -0.0291447 0.211383
6.9 0.171081 -0.244373 -0.0196762 0.214274
7 0.196468 -0.223262 -0.0104364 0.215726
7.1 0.219264 -0.201202 -0.00155701 0.215572
7.2 0.239789 -0.17811 0.00699455 0.21402
7.3 0.257526 -0.154441 0.0150976 0.21089
7.4 0.272861 -0.130163 0.0227881 0.206448
7.5 0.285298 -0.105686 0.0299583 0.200503
7.6 0.295285 -0.0810202 0.0366477 0.193369
7.7 0.302354 -0.0565251 0.0427626 0.184849
7.8 0.307003 -0.0322487 0.0483452 0.175302
7.9 0.308798 -0.00849249 0.0533167 0.164523
8 0.308282 0.0146613 0.0577218 0.152907
8.1 0.305054 0.0369757 0.0614972 0.140246
8.2 0.299693 0.0583394 0.06469 0.126965
8.3 0.291835 0.078585 0.0672526 0.11285
8.4 0.282085 0.0975766 0.0692334 0.0983486
8.5 0.270113 0.115219 0.0706 0.0832424
8.6 0.256541 0.131357 0.0714015 0.0679928
8.7 0.241075 0.145968 0.0716204 0.0523787
8.8 0.224337 0.15888 0.0713057 0.0368662
8.9 0.206075 0.170146 0.0704542 0.0212322
9 0.1869 0.17958 0.0691136 0.00593855
9.1 0.166594 0.187311 0.0672944 -0.00923905
9.2 0.145746 0.193139 0.0650413 -0.0238514
9.3 0.124173 0.197266 0.0623773 -0.0381228
9.4 0.102432 0.199481 0.0593435 -0.0516247
9.5 0.0803714 0.200055 0.055974 -0.0645798
9.6 0.0585063 0.198769 0.0523052 -0.076588
9.7 0.0367146 0.195954 0.0483811 -0.0878694
9.8 0.0154586 0.191388 0.0442323 -0.0980591
9.9 -0.00535566 0.185456 0.0399109 -0.107373
10 -0.0253272 0.177928 0.035441 -0.115486
10.1 -0.0445244 0.169238 0.0308809 -0.122608
10.2 -0.062614 0.159152 0.0262477 -0.128463
10.3 -0.0796403 0.14814 0.0216045 -0.133247
10.4 -0.0953432 0.135965 0.0169606 -0.136735
10.5 -0.109744 0.123125 0.0123825 -0.139115
10.6 -0.122662 0.10938 0.00787111 -0.140212
10.7 -0.134096 0.0952457 0.00349467 -0.140199
10.8 -0.143943 0.0804775 -0.000754296 -0.138957
10.9 -0.152186 0.0656019 -0.00480753 -0.136644
11 -0.158798 0.0503691 -0.00868071 -0.133193
11.1 -0.163743 0.0353042 -0.0123069 -0.12874
11.2 -0.167074 0.0201546 -0.0157096 -0.123275
11.3 -0.168733 0.00543475 -0.0188245 -0.116911
11.4 -0.168851 -0.00911083 -0.0216826 -0.109691
11.5 -0.167349 -0.0229875 -0.0242232 -0.101699
11.6 -0.164429 -0.0364525 -0.0264845 -0.0930294
11.7 -0.159993 -0.0490396 -0.02841 -0.0837393
11.8 -0.154309 -0.0610066 -0.0300442 -0.0739671
11.9 -0.147256 -0.0719232 -0.0313357 -0.063739
12 -0.139162 -0.0820458 -0.0323342 -0.0532359
12.1 -0.129886 -0.0909862 -0.032994 -0.0424503
12.2 -0.119804 -0.0989975 -0.0333688 -0.0316007
12.3 -0.108754 -0.105739 -0.033419 -0.020644
12.4 -0.0971554 -0.111458 -0.0332014 -0.00983149
12.5 -0.0848226 -0.115867 -0.0326822 0.000916625
12.6 -0.0722093 -0.119201 -0.0319206 0.0113224
12.7 -0.0591059 -0.12123 -0.0308885 0.0215026
12.8 -0.045991 -0.122177 -0.0296457 0.0311583
12.9 -0.0326307 -0.121867 -0.0281698 0.0404429
13 -0.0195197 -0.120508 -0.0265202 0.0490423
13.1 -0.00640051 -0.117982 -0.0246798 0.0571457
13.2 0.00622587 -0.114477 -0.0227063 0.0644291
13.3 0.0186391 -0.109932 -0.0205878 0.071116
13.4 0.0303404 -0.104511 -0.018379 0.0768781
13.5 0.0416305 -0.0982074 -0.0160724 0.0819703
13.6 0.0520211 -0.091159 -0.013719 0.0860657
13.7 0.0618317 -0.0834119 -0.0113153 0.0894471
13.8 0.0705924 -0.0750712 -0.00890716 0.0917934
13.9 0.0786383 -0.0662331 -0.00649459 0.0934116
14 0.0855246 -0.0569675 -0.00411781 0.0939908
14.1 0.0915986 -0.047416 -0.00177958 0.0938572
14.2 0.0964466 -0.0376103 0.000486265 0.0927138
14.3 0.100423 -0.0277332 0.00267452 0.0909009
14.4 0.103152 -0.0177759 0.00475839 0.088139
14.5 0.104989 -0.00795673 0.00673067 0.0847767
14.6 0.105598 0.00177502 0.00857203 0.0805544
14.7 0.105335 0.0111704 0.0102737 0.0758232
14.8 0.103904 0.0203236 0.011824 0.0703455
14.9 0.101655 0.0289604 0.0132131 0.0644684
15 0.0983386 0.0372184 0.0144369 0.0579783
15.1 0.0942877 0.0448038 0.0154845 0.051212
15.2 0.0892999 0.0518966 0.0163597 0.0439808
15.3 0.0836894 0.0581887 0.0170506 0.0366049
15.4 0.0773 0.0639008 0.0175684 0.0289216
15.5 0.0704198 0.0687155 0.0179005 0.0212283
15.6 0.0629387 0.0728918 0.0180651 0.0133888
15.7 0.0551136 0.0761079 0.0180489 0.00567217
15.8 0.046879 0.0786572 0.0178764 -0.00203154
15.9 0.038455 0.080218 0.0175341 -0.00948676
16 0.0298189 0.0811141 0.0170519 -0.0167772
16.1 0.0211493 0.0810278 0.0164156 -0.0237053
16.2 0.012464 0.080308 0.0156601 -0.030329
16.3 0.00389615 0.0786445 0.0147707 -0.0364926
16.4 -0.00449925 0.0764057 0.013786 -0.0422287
16.5 -0.0126373 0.0732919 0.0126907 -0.0474263
16.6 -0.0204287 0.0696846 0.0115262 -0.0520934
16.7 -0.0278394 0.0652976 0.0102769 -0.0561658
16.8 -0.0347487 0.0605187 0.0089861 -0.0596275
16.9 -0.0411748 0.0550772 0.00763718 -0.0624623
17 -0.0469691 0.0493606 0.00627463 -0.0646309
17.1 -0.0522023 0.0431156 0.0048811 -0.0661654
17.2 -0.0567011 0.036722 0.00350103 -0.0670038
17.3 -0.0605877 0.0299457 0.00211634 -0.0672256
17.4 -0.0636677 0.0231523 0.000770538 -0.0667472
17.5 -0.0661129 0.0161274 -0.000555174 -0.0656933
17.6 -0.0677104 0.00921595 -0.00181909 -0.0639596
17.7 -0.068679 0.00222444 -0.00304061 -0.0617136
17.8 -0.0687903 -0.00452931 -0.00418059 -0.0588312
17.9 -0.0683061 -0.0112169 -0.00525892 -0.0555188
18 -0.0669852 -0.0175533 -0.00623971 -0.0516334
18.1 -0.0651277 -0.0236876 -0.00714315 -0.0474164
18.2 -0.0624824 -0.0293725 -0.00793719 -0.0427068
18.3 -0.0593818 -0.0347342 -0.00864212 -0.0377763
18.4 -0.0555672 -0.0395673 -0.00923018 -0.032447
18.5 -0.0513975 -0.0439747 -0.00972154 -0.027015
18.6 -0.0466087 -0.0477958 -0.010093 -0.0212871
18.7 -0.0415797 -0.0511102 -0.0103644 -0.0155784
18.8 -0.0360429 -0.0538046 -0.0105173 -0.00968143
18.9 -0.0303901 -0.0559343 -0.0105706 -0.00392439
19 -0.0243523 -0.057435 -0.0105111 0.00191262
19.1 -0.0183272 -0.0583376 -0.0103563 0.00749456
19.2 -0.0120463 -0.0586266 -0.0100979 0.0130517
19.3 -0.00590607 -0.0583084 -0.00975216 0.0182483
19.4 0.000359606 -0.057416 -0.00931527 0.023323
19.5 0.00636259 -0.0559309 -0.00880173 0.0279449
19.6 0.0123643 -0.0539326 -0.00821232 0.0323583
19.7 0.0179918 -0.0513778 -0.00755934 0.0362435
19.8 0.0234998 -0.0483905 -0.00684778 0.0398477
19.9 0.0285366 -0.0449019 -0.00608745 0.0428672
20 0.0333484 -0.0410774 -0.00528717 0.0455492
20.1 0.0376103 -0.0368232 -0.00445398 0.0476107
20.2 0.0415577 -0.0323415 -0.00360006 0.0492959
20.3 0.0448974 -0.0275141 -0.00272948 0.0503467
20.4 0.047852 -0.0225757 -0.00185731 0.0510007
20.5 0.050164 -0.0173841 -0.000984439 0.0510285
20.6 0.0520406 -0.0122012 -0.000128357 0.0506575
20.7 0.0532638 -0.0068617 0.000713316 0.0496895
20.8 0.0540227 -0.00164969 0.00152121 0.0483385
20.9 0.0541411 0.00362209 0.00230099 0.0464401
21 0.0537881 0.00865316 0.00303193 0.0441907
21.1 0.0528306 0.013651 0.00372292 0.0414612
21.2 0.0514151 0.0183045 0.00435238 0.0384273
21.3 0.0494526 0.0228394 0.00493232 0.0349957
21.4 0.0470645 0.0269394 0.00544079 0.0313182
21.5 0.0442059 0.0308461 0.0058927 0.0273374
21.6 0.040971 0.034244 0.00626616 0.023178
21.7 0.0373575 0.0373873 0.00657874 0.0188184
21.8 0.033431 0.0399664 0.00680896 0.0143533
21.9 0.02923 0.0422453 0.0069767 0.0097955
22 0.0247897 0.0439249 0.00706126 0.00520759
22.1 0.020187 0.0452757 0.00708439 0.000635543
22.2 0.0154255 0.0460133 0.00702651 -0.0038922
22.3 0.0106175 0.0464106 0.00691079 -0.00829861
22.4 0.00573404 0.0462023 0.00671897 -0.0125905
22.5 0.000919555 0.0456596 0.00647517 -0.0166623
22.6 -0.00388773 0.0445394 0.00616266 -0.0205567
22.7 -0.00851533 0.0431068 0.00580598 -0.0241419
22.8 -0.0130575 0.0411441 0.00539008 -0.0274966
22.9 -0.0173179 0.0389059 0.00493941 -0.030466
23 -0.0214224 0.036202 0.00444064 -0.0331639
23.1 -0.0251551 0.0332721 0.00391757 -0.0354153
23.2 -0.0286722 0.0299551 0.00335876 -0.0373679
23.3 -0.0317424 0.0264718 0.00278677 -0.0388297
23.4 -0.0345505 0.0226912 0.00219201 -0.0399799
23.5 -0.036854 0.0188109 0.00159542 -0.0406129
23.6 -0.0388634 0.0147307 0.000989211 -0.0409368
23.7 -0.0403296 0.0106215 0.000392202 -0.0407351
23.8 -0.0414857 0.00641358 -0.000201572 -0.0402417
23.9 -0.0420798 0.00224781 -0.000775816 -0.0392324
24 -0.0423636 -0.00191502 -0.00133472 -0.0379626
24.1 -0.0420867 -0.00596724 -0.00186486 -0.0362036
24.2 -0.0415154 -0.0099184 -0.00236873 -0.0342281
24.3 -0.0404039 -0.0136962 -0.00283603 -0.0318057
24.4 -0.0390283 -0.0172816 -0.00326763 -0.0292212
24.5 -0.0371511 -0.0206394 -0.00365658 -0.0262454
24.6 -0.0350536 -0.0237234 -0.00400217 -0.0231705
24.7 -0.0325091 -0.0265362 -0.00430095 -0.019771
24.8 -0.0297987 -0.0290065 -0.00455068 -0.0163408
24.9 -0.0267094 -0.031175 -0.00475145 -0.0126607
25 -0.0235172 -0.0329465 -0.00489959 -0.00902138
25.1 -0.0200248 -0.0343995 -0.00499866 -0.00521207
25.2 -0.016498 -0.0354174 -0.00504363 -0.00151462
25.3 -0.0127568 -0.0361147 -0.00504139 0.0022709
25.4 -0.00905196 -0.0363555 -0.00498566 0.00587654
25.5 -0.0052226 -0.0362885 -0.00488646 0.00948936
25.6 -0.00149954 -0.0357605 -0.00473627 0.0128603
25.7 0.00225776 -0.0349519 -0.00454804 0.0161615
25.8 0.00584272 -0.0336942 -0.0043131 0.0191672
25.9 0.00937452 -0.0321958 -0.00404697 0.022033
26 0.0126748 -0.0302758 -0.00373987 0.0245605
26.1 0.0158405 -0.0281669 -0.00340955 0.0268869
26.2 0.0187247 -0.0256774 -0.00304524 0.0288446
26.3 0.021402 -0.0230595 -0.00266647 0.0305508
26.4 0.0237592 -0.0201139 -0.00226154 0.0318718
26.5 0.0258482 -0.0171078 -0.00185133 0.0329033
26.6 0.0275921 -0.0138356 -0.00142332 0.0335476
26.7 0.0290194 -0.0105743 -0.000999281 0.0338775
26.8 0.0300906 -0.0071154 -0.00056597 0.0338328
26.9 0.0308114 -0.00374019 -0.000145572 0.0334625
27 0.03118 -0.000238858 0.00027574 0.0327443
27.1 0.0311792 0.00310785 0.000675818 0.0317027
27.2 0.0308448 0.00650842 0.00106893 0.0303534
27.3 0.0301371 0.00968824 0.00143343 0.0286954
27.4 0.0291283 0.0128519 0.00178387 0.0267818
27.5 0.0277571 0.0157362 0.0020995 0.0245854
27.6 0.0261299 0.0185392 0.00239495 0.0221953
27.7 0.0241645 0.0210138 0.00265081 0.0195584
27.8 0.0219991 0.0233495 0.0028816 0.0167975
27.9 0.0195317 0.0253193 0.00306955 0.0138334
28 0.0169293 0.0271016 0.00322888 0.01082
28.1 0.0140706 0.0284939 0.00334378 0.00765268
28.2 0.0111483 0.029661 0.00342793 0.00451331
28.3 0.00802321 0.0304282 0.00346772 0.00127242
28.4 0.00490914 0.030944 0.00347604 -0.00186369
28.5 0.00165078 0.0310647 0.00344173 -0.0050481
28.6 -0.00152132 0.0309202 0.00337663 -0.00805409
28.7 -0.00477677 0.0303998 0.00327212 -0.0110567
28.8 -0.00787304 0.0296126 0.00313879 -0.013813
28.9 -0.010992 0.0284825 0.00297069 -0.0165182
29 -0.0138841 0.027096 0.00277685 -0.0189175
29.1 -0.016741 0.0254119 0.00255403 -0.0212235
29.2 -0.0193109 0.0234922 0.00230953 -0.0231742
29.3 -0.021793 0.0213315 0.00204277 -0.0249972
29.4 -0.023938 0.0189654 0.00175914 -0.0264275
29.5 -0.0259496 0.0164234 0.00146066 -0.0277043
29.6 -0.0275859 0.0137137 0.00115057 -0.0285642
29.7 -0.0290519 0.0108996 0.000833447 -0.0292546
29.8 -0.0301177 0.00796114 0.000510256 -0.0295177
29.9 -0.0309865 0.00499367 0.000187929 -0.0296055
30 -0.0314441 0.0019482 -0.000134962 -0.0292699
30.1 -0.0316889 -0.00104982 -0.000449256 -0.0287631
30.2 -0.0315259 -0.00407846 -0.000758839 -0.0278506
30.3 -0.0311454 -0.00698481 -0.00105258 -0.0267809
30.4 -0.030375 -0.00987569 -0.00133684 -0.0253362
30.5 -0.029393 -0.0125737 -0.00159867 -0.0237571
30.6 -0.0280526 -0.0152138 -0.00184695 -0.0218454
30.7 -0.0265167 -0.0175973 -0.00206718 -0.0198297
30.8 -0.0246661 -0.0198855 -0.00227056 -0.0175339
30.9 -0.0226451 -0.0218625 -0.00244134 -0.0151705
31 -0.0203639 -0.0237139 -0.00259304 -0.0125877
31.1 -0.0179448 -0.0252103 -0.00270877 -0.00997767
31.2 -0.0153287 -0.0265592 -0.00280414 -0.0072149
31.3 -0.012613 -0.0275213 -0.00286154 -0.00446745
31.4 -0.00976947 -0.0283232 -0.0028984 -0.0016373
31.5 -0.00686841 -0.0287196 -0.00289658 0.00113483
31.6 -0.00391269 -0.0289531 -0.00287509 0.00391859
31.7 -0.000942913 -0.0287758 -0.00281551 0.00660373
31.8 0.00200725 -0.0284425 -0.00273818 0.00923095
31.9 0.00492855 -0.0277066 -0.00262458 0.0117229
32 0.00775744 -0.0268309 -0.00249601 0.0140911
32.1 0.0105173 -0.0255739 -0.00233414 0.0162932
32.2 0.0131158 -0.0242016 -0.0021609 0.0183119
32.3 0.0156098 -0.0224812 -0.00195828 0.0201408
32.4 0.0178801 -0.0206775 -0.00174846 0.0217344
32.5 0.0200166 -0.0185691 -0.00151401 0.0231236
32.6 0.0218753 -0.0164152 -0.00127694 0.0242348
32.7 0.023579 -0.0140088 -0.00102059 0.025136
32.8 0.0249608 -0.0115985 -0.000766414 0.0257273
32.9 0.0261752 -0.00899464 -0.000498657 0.0261131
33 0.0270349 -0.0064305 -0.000237901 0.0261686
33.1 0.0277242 -0.0037359 3.05376e-05 0.0260327
33.2 0.0280385 -0.0011247 0.000287405 0.0255574
33.3 0.0281891 0.00155166 0.000546126 0.0249148
33.4 0.0279567 0.0041032 0.000789071 0.0239352
33.5 0.0275769 0.00665497 0.00102828 0.0228211
33.6 0.0268184 0.00904456 0.0012481 0.0213833
33.7 0.0259379 0.0113719 0.00145907 0.0198512
33.8 0.024695 0.0135057 0.00164775 0.0180187
33.9 0.0233629 0.0155195 0.00182304 0.0161385
34 0.0216958 0.0173157 0.001974 0.0139897
34.1 0.0199789 0.0189407 0.00210784 0.0118442
34.2 0.0179637 0.020333 0.00221623 0.00946886
34.3 0.015943 0.0215109 0.00230456 0.0071503
34.4 0.0136687 0.0224505 0.00236731 0.00464605
34.5 0.0114359 0.0231418 0.002408 0.00225233
34.6 0.00900022 0.0235993 0.00242401 -0.000279593
34.7 0.00665395 0.0237847 0.00241687 -0.0026488
34.8 0.00415927 0.0237515 0.00238686 -0.00510752
34.9 0.0018006 0.0234325 0.00233351 -0.00735517
35 -0.000650056 0.0229196 0.00226007 -0.00964412
35.1 -0.00292129 0.0221181 0.00216401 -0.0116793
35.2 -0.00522874 0.0211568 0.00205134 -0.0137102
35.3 -0.0073186 0.0199136 0.00191752 -0.015452
35.4 -0.0093911 0.0185528 0.00177131 -0.017148
35.5 -0.011215 0.0169262 0.00160609 -0.0185285
35.6 -0.0129724 0.0152306 0.00143318 -0.0198274
35.7 -0.0144582 0.0132932 0.00124397 -0.0207942
35.8 -0.0158343 0.0113406 0.00105211 -0.0216502
35.9 -0.0169259 0.00917679 0.000847017 -0.0221687
36 -0.0178714 0.0070543 0.000644481 -0.0225546
36.1 -0.0185298 0.00475622 0.00043208 -0.0226086
36.2 -0.0190141 0.002557 0.00022734 -0.0225164
36.3 -0.0192196 0.00022073 1.61588e-05 -0.0221089
36.4 -0.0192315 -0.00196033 -0.000182388 -0.0215497
36.5 -0.0189836 -0.00423833 -0.000384057 -0.0207025
36.6 -0.0185317 -0.00630811 -0.000568556 -0.019706
36.7 -0.0178492 -0.00843522 -0.000753072 -0.0184587
36.8 -0.0169613 -0.0103065 -0.000916434 -0.0170716
36.9 -0.0158813 -0.0121977 -0.00107703 -0.0154795
37 -0.0146026 -0.0137924 -0.00121315 -0.0137636
37.1 -0.0131787 -0.0153733 -0.00134426 -0.0118956
37.2 -0.01157 -0.0166259 -0.00144838 -0.00992493
37.3 -0.00986979 -0.0178358 -0.00154573 -0.0078604
37.4 -0.00800508 -0.0186954 -0.00161447 -0.00571826
37.5 -0.0061071 -0.0194898 -0.00167528 -0.00354382
37.6 -0.00406959 -0.0199224 -0.00170674 -0.00131904
37.7 -0.00206023 -0.020274 -0.00172979 0.000875016
37.8 6.04195e-05 -0.0202637 -0.00172368 0.00309133
37.9 0.00209075 -0.0201638 -0.00170929 0.00521464
38 0.00420254 -0.0197133 -0.00166683 0.00733302
38.1 0.00616337 -0.0191715 -0.0016168 0.00929906
38.2 0.00817569 -0.0183013 -0.00154069 0.0112352
38.3 0.0099797 -0.0173454 -0.00145827 0.0129643
38.4 0.0118071 -0.0160936 -0.00135246 0.0146424
38.5 0.0133744 -0.0147678 -0.00124207 0.0160654
38.6 0.0149398 -0.0131876 -0.00111168 0.017421
38.7 0.0162003 -0.0115507 -0.000978844 0.0184813
38.8 0.0174383 -0.00970866 -0.000829891 0.0194638
38.9 0.0183354 -0.00783147 -0.000680786 0.0201202
39 0.0191947 -0.00580448 -0.000519871 0.0206947
39.1 0.0196868 -0.00376666 -0.000361307 0.0209222
39.2 0.0201321 -0.00163878 -0.000195426 0.0210709
39.3 0.0201946 0.000474215 -3.43406e-05 0.0208622
39.4 0.0202079 0.00261533 0.000129463 0.0205845
39.5 0.0198343 0.00471587 0.000286204 0.0199498
39.6 0.0194155 0.00678259 0.000441152 0.0192622
39.7 0.0186166 0.00878465 0.000586938 0.0182286
39.8 0.0177835 0.0106927 0.000726687 0.0171643
39.9 0.0165879 0.012515 0.000855602 0.0157746
40 0.0153747 0.0141867 0.000974592 0.0143815
40.1 0.013827 0.0157563 0.00108152 0.0126925
40.2 0.0122836 0.0171243 0.0011751 0.0110312
40.3 0.0104426 0.0183792 0.00125593 0.00911106
40.4 0.00863164 0.0193884 0.00132058 0.00725225
40.5 0.00656768 0.0202798 0.00137234 0.0051779
40.6 0.00456248 0.0208898 0.00140579 0.00319953
40.7 0.00235503 0.0213844 0.00142684 0.00105341
40.8 0.000236127 0.0215708 0.00142807 -0.000962622
40.9 -0.00203 0.0216515 0.00141798 -0.00309592
41 -0.00417801 0.0214071 0.00138733 -0.00506717
41.1 -0.00641562 0.0210736 0.00134705 -0.00710419
41.2 -0.00850741 0.0204083 0.00128614 -0.00895081
41.3 -0.0106308 0.0196773 0.00121776 -0.0108126
41.4 -0.012584 0.0186174 0.00112938 -0.0124608
41.5 -0.0145121 0.0175212 0.00103617 -0.014076
41.6 -0.0162504 0.0161085 0.000924198 -0.0154607
41.7 -0.01791 0.0146941 0.000810416 -0.0167682
41.8 -0.0193662 0.012984 0.000679596 -0.0178356
41.9 -0.020695 0.0113106 0.000550162 -0.0187873
42 -0.0218138 0.00936968 0.000405902 -0.0194972
42.1 -0.0227623 0.0075063 0.000266429 -0.0200588
42.2 -0.0235019 0.00540963 0.00011466 -0.0203857
42.3 -0.0240358 0.00343239 -2.90073e-05 -0.0205391
42.4 -0.02437 0.00126065 -0.000182233 -0.0204734
42.5 -0.0244712 -0.00075073 -0.0003241 -0.0202165
42.6 -0.02439 -0.00291472 -0.00047275 -0.0197644
42.7 -0.024057 -0.00487991 -0.000607036 -0.0191112
42.8 -0.0235668 -0.00695451 -0.000745247 -0.0182946
42.9 -0.0228147 -0.00879577 -0.000866528 -0.0172746
43 -0.021938 -0.0107035 -0.000989062 -0.0161298
43.1 -0.0207977 -0.0123489 -0.00109247 -0.0147863
43.2 -0.0195721 -0.0140198 -0.00119474 -0.0133627
43.3 -0.0180891 -0.0154062 -0.00127628 -0.0117517
43.4 -0.0165652 -0.0167801 -0.00135451 -0.0101094
43.5 -0.0147973 -0.0178553 -0.00141102 -0.00829609
43.6 -0.013037 -0.0188843 -0.00146251 -0.00650348
43.7 -0.0110525 -0.0196091 -0.00149196 -0.00456076
43.8 -0.00912619 -0.0202599 -0.00151502 -0.00269162
43.9 -0.00700022 -0.0206097 -0.00151641 -0.000696267
44 -0.00498405 -0.0208632 -0.00151059 0.00117302
44.1 -0.00279619 -0.0208289 -0.00148406 0.00314313
44.2 -0.000768439 -0.0206825 -0.00144992 0.00493711
44.3 0.00140051 -0.0202701 -0.00139678 0.00680598
44.4 0.00336186 -0.0197368 -0.00133605 0.00845267
44.5 0.00543351 -0.018968 -0.00125855 0.0101495
44.6 0.00725457 -0.0180752 -0.00117392 0.0115837
44.7 0.00915548 -0.0169853 -0.00107531 0.0130453
44.8 0.0107688 -0.0157748 -0.000970381 0.0142109
44.9 0.0124337 -0.014412 -0.000854644 0.0153844
45 0.0137812 -0.0129367 -0.000733721 0.0162364
45.1 0.0151553 -0.0113595 -0.00060545 0.0170812
45.2 0.0161908 -0.00968228 -0.000473287 0.0175881
45.3 0.0172314 -0.00795689 -0.000337552 0.0180769
45.4 0.0179214 -0.00614737 -0.000199446 0.0182209
45.5 0.0186001 -0.00434554 -6.14851e-05 0.0183412
45.6 0.0189262 -0.00247743 7.74363e-05 0.0181198
45.7 0.0192292 -0.000673142 0.000212334 0.0178741
45.8 0.0191869 0.00117894 0.000346706 0.017299
45.9 0.0191162 0.00291289 0.000473589 0.0167044
46 0.018717 0.00467646 0.000598549 0.0158019
46.1 0.0182883 0.00627037 0.00071261 0.0148888
46.2 0.0175575 0.00787751 0.000823714 0.0136982
46.3 0.0168014 0.00926876 0.000920985 0.0125099
46.4 0.0157774 0.0106594 0.00101438 0.0110816
46.5 0.0147363 0.0117941 0.00109145 0.00967148
46.6 0.0134688 0.0129179 0.0011641 0.00806518
46.7 0.0121958 0.0137532 0.00121843 0.006495
46.8 0.0107438 0.0145718 0.00126821 0.00477712
46.9 0.00930029 0.0150778 0.00129826 0.0031142
47 0.0077289 0.0155657 0.00132384 0.00135501
47.1 0.00618176 0.015726 0.001329 -0.000330557
47.2 0.00456081 0.0158722 0.00133027 -0.00205933
47.3 0.0029791 0.015685 0.00131081 -0.00369771
47.4 0.0013785 0.0154923 0.00128838 -0.00532645
47.5 -0.000168129 0.0149701 0.00124572 -0.00685037
47.6 -0.00168013 0.0144556 0.00120123 -0.00831396
47.7 -0.00312575 0.0136244 0.00113751 -0.009662
47.8 -0.00448543 0.0128181 0.00107342 -0.0109022
47.9 -0.0057699 0.0117167 0.000991545 -0.0120211
48 -0.00692119 0.0106606 0.000910993 -0.0129893
48.1 -0.00799212 0.00933782 0.000814643 -0.0138355
48.2 -0.00888837 0.00808349 0.000721378 -0.0144945
48.3 -0.00970418 0.00659781 0.000614592 -0.0150367
48.4 -0.0103102 0.00520433 0.00051273 -0.0153618
48.5 -0.0108409 0.00361998 0.000399918 -0.0155814
48.6 -0.0111344 0.00215177 0.000293807 -0.0155617
48.7 -0.011363 0.000536268 0.000179527 -0.0154538
48.8 -0.0113352 -0.00094011 7.35773e-05 -0.0150924
48.9 -0.0112582 -0.00251787 -3.76492e-05 -0.0146655
49 -0.0109137 -0.00393643 -0.000139058 -0.0139789
49.1 -0.0105417 -0.00540974 -0.000243025 -0.0132553
49.2 -0.00989962 -0.0067075 -0.00033603 -0.0122735
49.3 -0.00925523 -0.00801486 -0.000428752 -0.011287
49.4 -0.00834633 -0.00913467 -0.000509703 -0.0100513
49.5 -0.00746503 -0.0102211 -0.000587957 -0.00884695
49.6 -0.00633179 -0.0111142 -0.000653896 -0.00740859
49.7 -0.00525828 -0.0119346 -0.000714828 -0.00603978
49.8 -0.00395307 -0.0125618 -0.000763618 -0.00445825
49.9 -0.00274114 -0.0130823 -0.000805372 -0.00298509
50 -0.00132264 -0.0134164 -0.00083537 -0.00132483
50.1 -3.20253e-05 -0.0136154 -0.000856894 0.000188487
50.2 0.00143586 -0.0136422 -0.000867477 0.00186017
50.3 0.00274292 -0.0135114 -0.000868297 0.00334844
50.4 0.00419391 -0.0132293 -0.000859681 0.00496388
50.5 0.00545341 -0.0127744 -0.000840527 0.00636293
50.6 0.00682252 -0.0121956 -0.000813575 0.0078574
50.7 0.00797317 -0.011435 -0.000775681 0.00910715
50.8 0.00919857 -0.0105841 -0.000732146 0.0104212
50.9 0.0101834 -0.00954917 -0.00067766 0.011468
51 0.0112095 -0.00846129 -0.000619874 0.0125499
51.1 0.0119831 -0.00718828 -0.000551087 0.0133523
