#-0.0603724064206118 1.02276559048495 -1.19890689487682 -0.0509977287599542 1.01434091489187 -0.621353833692723 -0.577295926485277 0.995238189347066 0.286351553708659 -0.0408665715776188 1.01224185394574 -0.202324958068633
0 0.914297 0 0.331453 0
0.1 0.911739 0.0462605 0.330657 -0.000348716
0.2 0.904696 0.0914661 0.328486 -0.00136345
0.3 0.893138 0.136562 0.324936 -0.00306243
0.4 0.876899 0.180618 0.319931 -0.0054007
0.5 0.856382 0.223939 0.313619 -0.00838554
0.6 0.831333 0.265888 0.305889 -0.0119682
0.7 0.802284 0.306554 0.296929 -0.016135
0.8 0.768989 0.345485 0.286633 -0.0208381
0.9 0.732037 0.382657 0.2752 -0.0260424
1 0.69123 0.417741 0.262541 -0.0317021
1.1 0.64718 0.450652 0.248859 -0.0377626
1.2 0.599753 0.481158 0.234089 -0.0441805
1.3 0.549568 0.509142 0.218425 -0.0508845
1.4 0.496553 0.534449 0.201832 -0.0578339
1.5 0.441321 0.556951 0.184494 -0.0649439
1.6 0.383863 0.576562 0.166399 -0.0721768
1.7 0.324778 0.593157 0.147724 -0.0794378
1.8 0.264116 0.60671 0.128477 -0.0866927
1.9 0.202446 0.61711 0.108826 -0.0938401
2 0.13987 0.624384 0.088796 -0.100849
2.1 0.0769299 0.628444 0.068544 -0.107617
2.2 0.0137627 0.629365 0.048111 -0.114117
2.3 -0.0491235 0.627084 0.0276413 -0.120245
2.4 -0.111561 0.621724 0.00718884 -0.125981
2.5 -0.173084 0.613248 -0.013116 -0.131227
2.6 -0.233505 0.60182 -0.03321 -0.135966
2.7 -0.292405 0.587434 -0.0529765 -0.140105
2.8 -0.349585 0.570288 -0.0723463 -0.143638
2.9 -0.404675 0.550405 -0.0912174 -0.14648
3 -0.457479 0.528018 -0.109518 -0.148631
3.1 -0.50768 0.503175 -0.127161 -0.150019
3.2 -0.555089 0.476132 -0.144075 -0.150651
3.3 -0.599445 0.446967 -0.160188 -0.150469
3.4 -0.640576 0.415955 -0.175431 -0.149489
3.5 -0.678277 0.383194 -0.189748 -0.147665
3.6 -0.712402 0.348975 -0.203075 -0.145024
3.7 -0.742806 0.313414 -0.215373 -0.141535
3.8 -0.769366 0.27681 -0.226582 -0.137231
3.9 -0.791999 0.239294 -0.236681 -0.132099
4 -0.810617 0.201164 -0.245619 -0.126182
4.1 -0.825196 0.162564 -0.253389 -0.11948
4.2 -0.835678 0.123786 -0.259951 -0.112045
4.3 -0.842098 0.084977 -0.265312 -0.103891
4.4 -0.844438 0.0464216 -0.269444 -0.0950749
4.5 -0.842785 0.0082665 -0.272368 -0.0856291
4.6 -0.837157 -0.0292206 -0.274065 -0.0756149
4.7 -0.827692 -0.0658975 -0.274572 -0.0650767
4.8 -0.814445 -0.101517 -0.273882 -0.0540806
4.9 -0.797599 -0.135947 -0.272042 -0.0426823
5 -0.777243 -0.168965 -0.269057 -0.0309507
5.1 -0.753601 -0.200452 -0.264985 -0.0189515
5.2 -0.726792 -0.230214 -0.259843 -0.00675434
5.3 -0.697076 -0.258151 -0.253697 0.00556741
5.4 -0.664597 -0.284098 -0.246575 0.0179447
5.5 -0.629644 -0.307976 -0.23855 0.0302989
5.6 -0.592383 -0.329659 -0.229659 0.0425637
5.7 -0.553123 -0.349083 -0.219984 0.0546571
5.8 -0.512047 -0.366161 -0.209566 0.066517
5.9 -0.469478 -0.380854 -0.198493 0.0780608
6 -0.425612 -0.393109 -0.186814 0.0892324
6.1 -0.380775 -0.402914 -0.174617 0.0999507
6.2 -0.335171 -0.41025 -0.161957 0.110167
6.3 -0.289124 -0.415132 -0.148923 0.119804
6.4 -0.242838 -0.417575 -0.135575 0.128823
6.5 -0.196629 -0.417616 -0.121999 0.137151
6.6 -0.150693 -0.415308 -0.108255 0.144759
6.7 -0.105335 -0.410707 -0.0944299 0.151584
6.8 -0.0607379 -0.403896 -0.0805831 0.157606
6.9 -0.0171855 -0.394954 -0.0667959 0.162772
7 0.0251536 -0.383992 -0.0531274 0.167074
7.1 0.0660232 -0.371106 -0.0396529 0.170468
7.2 0.105274 -0.356431 -0.0264287 0.172959
7.3 0.142683 -0.340078 -0.013523 0.174515
7.4 0.178123 -0.322201 -0.000987962 0.175152
7.5 0.211404 -0.302924 0.0111163 0.17485
7.6 0.242427 -0.282416 0.0227427 0.173638
7.7 0.27104 -0.260807 0.0338404 0.171505
7.8 0.297173 -0.23828 0.0443684 0.168494
7.9 0.320711 -0.214968 0.0542856 0.164605
8 0.341615 -0.191058 0.063558 0.159892
8.1 0.35981 -0.166685 0.0721548 0.154365
8.2 0.375286 -0.142036 0.0800493 0.148088
8.3 0.38801 -0.117244 0.0872212 0.141082
8.4 0.398 -0.0924928 0.0936518 0.133416
8.5 0.405262 -0.0679061 0.0993311 0.125123
8.6 0.409841 -0.0436619 0.104248 0.116278
8.7 0.411781 -0.0198729 0.108404 0.106922
8.8 0.411153 0.00329405 0.111794 0.0971335
8.9 0.408035 0.02574 0.11443 0.0869605
9 0.40252 0.0473128 0.116314 0.0764834
9.1 0.394716 0.0679293 0.117468 0.0657559
9.2 0.384737 0.0874551 0.117902 0.0548582
9.3 0.372718 0.105825 0.117643 0.0438476
9.4 0.358787 0.122924 0.11671 0.0328024
9.5 0.343103 0.138708 0.115137 0.0217815
9.6 0.325806 0.153083 0.112946 0.0108595
9.7 0.307069 0.166023 0.110181 9.51714e-05
9.8 0.28704 0.177459 0.106868 -0.0104424
9.9 0.265907 0.187386 0.103053 -0.0206963
10 0.243819 0.195756 0.098768 -0.0306046
10.1 0.22097 0.202585 0.0940624 -0.0401138
10.2 0.19751 0.207849 0.0889711 -0.0491706
10.3 0.173631 0.21158 0.0835455 -0.0577261
10.4 0.149482 0.21378 0.0778224 -0.0657373
10.5 0.125251 0.214497 0.0718541 -0.0731609
10.6 0.101075 0.213754 0.0656783 -0.0799649
10.7 0.0771373 0.211616 0.0593469 -0.0861131
10.8 0.0535609 0.208123 0.0528972 -0.0915847
10.9 0.0305166 0.203355 0.0463798 -0.0963514
11 0.00811337 0.197368 0.0398308 -0.100404
11.1 -0.013494 0.190253 0.0332982 -0.103723
11.2 -0.0342144 0.182083 0.0268158 -0.106311
11.3 -0.0539113 0.172954 0.0204283 -0.108154
11.4 -0.0725138 0.16295 0.0141666 -0.10927
11.5 -0.0899056 0.152175 0.00807096 -0.109654
11.6 -0.106037 0.140721 0.00216867 -0.10933
11.7 -0.120814 0.128692 -0.00350505 -0.108305
11.8 -0.134208 0.116188 -0.00892695 -0.106613
11.9 -0.146149 0.10331 -0.0140674 -0.104265
12 -0.156631 0.0901623 -0.0189079 -0.101307
12.1 -0.165607 0.0768427 -0.0234246 -0.0977583
12.2 -0.173089 0.063453 -0.0276037 -0.0936694
12.3 -0.179056 0.050086 -0.0314276 -0.0890654
12.4 -0.183541 0.0368402 -0.0348874 -0.0840045
12.5 -0.186542 0.0237997 -0.0379719 -0.0785159
12.6 -0.188111 0.0110574 -0.0406766 -0.0726622
12.7 -0.188268 -0.00131341 -0.0429968 -0.0664763
12.8 -0.187081 -0.0132274 -0.0449326 -0.0600236
12.9 -0.184587 -0.0246241 -0.0464851 -0.0533392
13 -0.180868 -0.0354274 -0.0476587 -0.0464897
13.1 -0.175978 -0.0455905 -0.0484601 -0.0395111
13.2 -0.170008 -0.0550486 -0.0488978 -0.0324693
13.3 -0.163026 -0.0637694 -0.0489833 -0.0254002
13.4 -0.155133 -0.0717 -0.0487288 -0.0183673
13.5 -0.146405 -0.0788231 -0.04815 -0.0114052
13.6 -0.136948 -0.0850985 -0.0472622 -0.0045735
13.7 -0.126846 -0.0905238 -0.0460848 0.00209575
13.8 -0.116207 -0.0950716 -0.0446353 0.00854812
13.9 -0.105119 -0.0987539 -0.0429362 0.0147551
14 -0.0936869 -0.101556 -0.0410067 0.0206687
14.1 -0.0820033 -0.103504 -0.0388716 0.0262646
14.2 -0.0701666 -0.104594 -0.036551 0.0315023
14.3 -0.058269 -0.104865 -0.0340711 0.0363624
14.4 -0.0464017 -0.104325 -0.0314526 0.0408126
14.5 -0.0346533 -0.103024 -0.0287224 0.0448389
14.6 -0.0231054 -0.100979 -0.0259008 0.0484178
14.7 -0.011841 -0.0982483 -0.0230147 0.0515406
14.8 -0.000930328 -0.0948597 -0.0200836 0.0541929
14.9 0.00955169 -0.0908777 -0.0171336 0.0563719
15 0.0195476 -0.086337 -0.014183 0.0580721
15.1 0.0289919 -0.0813071 -0.0112565 0.0592961
15.2 0.0378409 -0.0758282 -0.00837057 0.0600472
15.3 0.04604 -0.0699727 -0.00554791 0.0603332
15.4 0.0535601 -0.0637843 -0.00280287 0.0601657
15.5 0.0603576 -0.0573363 -0.000155769 0.0595573
15.6 0.0664184 -0.0506744 0.00238152 0.0585271
15.7 0.0717106 -0.0438703 0.00479144 0.0570918
15.8 0.0762347 -0.0369701 0.00706481 0.0552774
15.9 0.0799705 -0.0300421 0.00918709 0.0531036
16 0.082932 -0.0231314 0.0111519 0.0506024
16.1 0.0851107 -0.016301 0.0129479 0.0477961
16.2 0.0865333 -0.00959316 0.0145716 0.0447212
16.3 0.0872018 -0.00306454 0.0160149 0.0414014
16.4 0.0871545 0.00324655 0.017277 0.0378772
16.5 0.0864031 0.00929143 0.0183532 0.0341724
16.6 0.0849954 0.0150367 0.0192452 0.0303301
16.7 0.0829518 0.0204426 0.0199515 0.0263737
16.8 0.0803279 0.0254814 0.0204764 0.0223473
16.9 0.0771509 0.0301229 0.0208211 0.0182731
17 0.0734827 0.0343457 0.0209921 0.0141952
17.1 0.0693559 0.0381295 0.0209935 0.0101337
17.2 0.0648363 0.0414594 0.0208334 0.00613127
17.3 0.0599601 0.0443252 0.0205185 0.00220545
17.4 0.0547951 0.0467184 0.0200581 -0.00160342
17.5 0.0493798 0.0486387 0.0194612 -0.00528125
17.6 0.0437817 0.0500839 0.0187381 -0.00879089
17.7 0.03804 0.0510631 0.0178993 -0.0121221
17.8 0.0322201 0.05158 0.0169561 -0.0152417
17.9 0.0263604 0.0516522 0.0159199 -0.0181438
18 0.0205225 0.0512886 0.0148024 -0.0207996
18.1 0.0147425 0.0505147 0.013616 -0.0232077
18.2 0.00907662 0.0493439 0.0123722 -0.0253446
18.3 0.00355779 0.0478081 0.0110836 -0.027213
18.4 -0.00176458 0.0459245 0.00976146 -0.0287949
18.5 -0.00686185 0.0437302 0.00841849 -0.0300973
18.6 -0.0116923 0.0412449 0.00706498 -0.0311076
18.7 -0.0162325 0.0385103 0.00571336 -0.0318369
18.8 -0.0204492 0.035547 0.00437285 -0.0322781
18.9 -0.0243242 0.0323997 0.00305523 -0.0324459
19 -0.0278335 0.0290897 0.00176839 -0.0323385
19.1 -0.0309647 0.0256626 0.000523174 -0.0319734
19.2 -0.0337029 0.0221397 -0.000674012 -0.0313539
19.3 -0.0360415 0.0185664 -0.0018135 -0.0305002
19.4 -0.0379747 0.0149627 -0.00289052 -0.0294199
19.5 -0.0395014 0.0113728 -0.00389676 -0.0281346
19.6 -0.0406248 0.0078143 -0.00482913 -0.0266564
19.7 -0.0413486 0.00432915 -0.00568079 -0.0250077
19.8 -0.0416844 0.000932247 -0.00645038 -0.023204
19.9 -0.0416406 -0.00233808 -0.0071326 -0.0212678
20 -0.0412359 -0.0054702 -0.00772776 -0.0192173
20.1 -0.0404828 -0.00843012 -0.00823213 -0.0170745
20.2 -0.0394064 -0.0112099 -0.00864759 -0.0148596
20.3 -0.038022 -0.0137806 -0.00897196 -0.0125933
20.4 -0.0363603 -0.0161382 -0.00920858 -0.0102972
20.5 -0.0344386 -0.0182592 -0.00935671 -0.0079897
20.6 -0.0322919 -0.0201436 -0.00942096 -0.00569324
20.7 -0.0299386 -0.0217737 -0.00940197 -0.00342367
20.8 -0.0274165 -0.0231533 -0.00930538 -0.00120328
20.9 -0.0247445 -0.0242707 -0.00913307 0.000955179
21 -0.0219621 -0.0251334 -0.00889151 0.00303002
21.1 -0.0190873 -0.0257353 -0.00858361 0.00501206
21.2 -0.0161602 -0.0260874 -0.00821642 0.00688074
21.3 -0.0131975 -0.026189 -0.00779373 0.0086307
21.4 -0.0102384 -0.0260537 -0.00732291 0.010243
21.5 -0.00729758 -0.0256863 -0.0068084 0.0117162
21.6 -0.00441248 -0.0251025 -0.00625768 0.0130333
21.7 -0.00159499 -0.0243116 -0.00567564 0.014197
21.8 0.00112012 -0.0233309 -0.00506958 0.0151924
21.9 0.00372419 -0.0221739 -0.00444469 0.0160262
22 0.00618594 -0.0208584 -0.00380787 0.0166858
22.1 0.00850022 -0.0194015 -0.00316439 0.0171816
22.2 0.0106399 -0.0178209 -0.00252056 0.0175035
22.3 0.0126034 -0.0161366 -0.00188155 0.0176653
22.4 0.0143683 -0.0143654 -0.00125293 0.0176593
22.5 0.0159368 -0.0125293 -0.000639618 0.0175023
22.6 0.0172912 -0.0106438 -4.62503e-05 0.0171889
22.7 0.0184372 -0.0087319 0.000522603 0.0167383
22.8 0.0193623 -0.0068073 0.00106333 0.0161472
22.9 0.0200755 -0.00489351 0.00157184 0.0154369
23 0.0205692 -0.00300157 0.0020456 0.014606
23.1 0.0208552 -0.00115487 0.00248108 0.0136768
23.2 0.0209308 0.000638539 0.00287688 0.0126498
23.3 0.0208102 0.00235604 0.00323006 0.0115481
23.4 0.0204951 0.0039929 0.00354037 0.0103732
23.5 0.0200016 0.00552778 0.00380547 0.00914841
23.6 0.0193354 0.00695946 0.00402621 0.00787622
23.7 0.0185139 0.00826834 0.00420085 0.00657915
23.8 0.0175462 0.00945679 0.00433132 0.00526065
23.9 0.0164501 0.0105072 0.00441642 0.00394189
24 0.0152382 0.0114257 0.00445903 0.00262678
24.1 0.0139275 0.0121968 0.00445851 0.00133467
24.2 0.0125332 0.01283 0.00441856 6.96746e-05
24.3 0.0110716 0.0133124 0.004339 -0.00115119
24.4 0.00955954 0.0136564 0.00422422 -0.00232382
24.5 0.00801171 0.0138518 0.00407445 -0.00343395
24.6 0.00644635 0.0139136 0.00389462 -0.0044777
24.7 0.00487588 0.0138341 0.00368527 -0.00544387
24.8 0.00331925 0.0136306 0.00345172 -0.00632893
24.9 0.0017862 0.0132976 0.00319472 -0.00712499
25 0.000295825 0.0128543 0.00291981 -0.00782894
25.1 -0.00114518 0.0122973 0.00262789 -0.00843637
25.2 -0.00251811 0.011647 0.00232454 -0.00894463
25.3 -0.00381958 0.0109018 0.00201072 -0.0093528
25.4 -0.00503166 0.0100828 0.00169193 -0.00965867
25.5 -0.00615448 0.00918997 0.00136907 -0.00986478
25.6 -0.00717125 0.0082443 0.0010474 -0.0099693
25.7 -0.00808563 0.00724734 0.000727743 -0.00997808
25.8 -0.00888221 0.00621922 0.000414987 -0.00988951
25.9 -0.00956814 0.00516269 0.000109775 -0.00971258
26 -0.0101296 0.0040966 -0.00018347 -0.00944584
26.1 -0.010577 0.00302449 -0.00046431 -0.009101
26.2 -0.0108982 0.00196345 -0.000728901 -0.0086766
26.3 -0.0111068 0.000917595 -0.000977033 -0.00818679
26.4 -0.0111921 -9.82581e-05 -0.00120551 -0.00762991
26.5 -0.0111703 -0.00107967 -0.00141436 -0.00702213
26.6 -0.0110328 -0.00201446 -0.0016011 -0.00636139
26.7 -0.0107977 -0.00289805 -0.00176599 -0.00566546
26.8 -0.0104577 -0.00372123 -0.00190726 -0.00493173
26.9 -0.0100331 -0.00447944 -0.00202542 -0.00417905
27 -0.00951789 -0.00516665 -0.00211943 -0.00340412
27.1 -0.00893319 -0.00577839 -0.00218997 -0.00262646
27.2 -0.0082746 -0.00631197 -0.00223676 -0.00184191
27.3 -0.00756364 -0.00676308 -0.0022606 -0.00107017
27.4 -0.00679702 -0.00713237 -0.00226191 -0.000306144
27.5 -0.00599617 -0.0074157 -0.00224161 0.000430731
27.6 -0.00515873 -0.00761704 -0.00220075 0.00114653
27.7 -0.00430549 -0.00773236 -0.00214028 0.00182251
27.8 -0.00343478 -0.00776878 -0.00206185 0.00246576
27.9 -0.00256621 -0.00772233 -0.00196638 0.00305858
28 -0.00169867 -0.00760307 -0.00185606 0.00360902
28.1 -0.000850039 -0.00740699 -0.0017317 0.00410079
28.2 -1.96191e-05 -0.00714676 -0.00159592 0.00454281
28.3 0.000776861 -0.00681825 -0.00144941 0.00492046
28.4 0.00153982 -0.00643638 -0.00129513 0.00524342
28.5 0.00225606 -0.00599673 -0.00113355 0.00549896
28.6 0.0029258 -0.00551613 -0.000967903 0.00569734
28.7 0.00353866 -0.00498972 -0.00079841 0.00582787
28.8 0.00409471 -0.00443578 -0.000628474 0.00590121
28.9 0.00458661 -0.00384889 -0.000458019 0.0059088
29 0.00501427 -0.00324835 -0.000290538 0.00586143
29.1 0.00537354 -0.00262809 -0.000125629 0.00575275
29.2 0.00566412 -0.00200794 3.32065e-05 0.00559342
29.3 0.00588508 -0.0013811 0.00018672 0.00537928
29.4 0.00603587 -0.000767506 0.000331471 0.00512055
29.5 0.00611873 -0.000159565 0.000468568 0.00481527
29.6 0.00613273 0.000423124 0.000594698 0.00447288
29.7 0.0060832 0.000988948 0.000711321 0.00409351
29.8 0.00596871 0.00151904 0.000815306 0.0036856
29.9 0.00579746 0.00202256 0.000908448 0.00325119
30 0.0055674 0.00248173 0.000987844 0.00279747
30.1 0.00528936 0.00290643 0.0010556 0.00232822
30.2 0.00496049 0.00328026 0.00110906 0.00184911
30.3 0.00459397 0.00361371 0.0011506 0.00136553
30.4 0.00418603 0.00389204 0.00117787 0.000881372
30.5 0.00375184 0.00412619 0.00119345 0.000403454
30.6 0.00328656 0.0043033 0.00119528 -6.62859e-05
30.7 0.002807 0.00443455 0.00118611 -0.000519807
30.8 0.00230713 0.00450913 0.00116419 -0.000957252
30.9 0.00180501 0.00453824 0.00113236 -0.00136957
31 0.00129335 0.00451319 0.00108918 -0.00175905
31.1 0.000791058 0.00444498 0.00103751 -0.00211583
31.2 0.000289539 0.00432711 0.000976216 -0.0024444
31.3 -0.000191831 0.00417009 0.000908111 -0.00273424
31.4 -0.000662979 0.0039696 0.000832341 -0.00299203
31.5 -0.00110443 0.00373539 0.000751615 -0.00320676
31.6 -0.0015274 0.00346529 0.000665339 -0.00338721
31.7 -0.00191266 0.00316802 0.000576046 -0.00352206
31.8 -0.00227265 0.00284346 0.000483385 -0.00362203
31.9 -0.00258871 0.00249903 0.000389648 -0.00367565
32 -0.00287434 0.00213658 0.000294708 -0.00369538
32.1 -0.00311179 0.00176198 0.000200557 -0.00366971
32.2 -0.00331543 0.00137887 0.000107268 -0.00361265
32.3 -0.00346861 0.000991363 1.64903e-05 -0.00351272
32.4 -0.00358642 0.000604772 -7.15296e-05 -0.00338523
32.5 -0.00365353 0.00022125 -0.000155524 -0.00321881
32.6 -0.00368544 -0.000152407 -0.000235092 -0.00302974
32.7 -0.00366832 -0.000516136 -0.000309378 -0.00280691
32.8 -0.00361786 -0.000861829 -0.000377844 -0.00256719
32.9 -0.00352179 -0.00119161 -0.000440066 -0.00229978
33 -0.00339567 -0.00149625 -0.000495384 -0.00202184
33.1 -0.00322893 -0.00178009 -0.000543812 -0.00172294
33.2 -0.00303667 -0.00203293 -0.000584581 -0.00142016
33.3 -0.00281008 -0.00226135 -0.000618143 -0.00110351
33.4 -0.00256344 -0.00245437 -0.000643628 -0.000789641
33.5 -0.00228973 -0.00262071 -0.000661909 -0.000469049
33.6 -0.00200213 -0.00274875 -0.000672027 -0.000157626
33.7 -0.00169536 -0.00284926 -0.000675249 0.000153578
33.8 -0.0013812 -0.00291013 -0.000670531 0.000449753
33.9 -0.0010561 -0.002944 -0.000659507 0.000739239
34 -0.000730126 -0.00293841 -0.000641047 0.00100859
34.1 -0.000401432 -0.00290768 -0.00061711 0.00126547
34.2 -7.81464e-05 -0.00283907 -0.000586486 0.00149808
34.3 0.000239974 -0.00274834 -0.000551412 0.0017133
34.4 0.000546959 -0.00262265 -0.000510594 0.00190118
34.5 0.0008415 -0.00247885 -0.000466497 0.00206779
34.6 0.00111996 -0.00230407 -0.00041775 0.00220519
34.7 0.00137954 -0.00211599 -0.000366987 0.00231854
34.8 0.00161906 -0.00190183 -0.000312761 0.00240204
34.9 0.00183435 -0.00167971 -0.00025782 0.00245986
35 0.00202671 -0.00143704 -0.000200644 0.00248844
35.1 0.00219066 -0.00119207 -0.000144037 0.00249084
35.2 0.00233005 -0.000932456 -8.64134e-05 0.00246577
35.3 0.00243814 -0.000676238 -3.05751e-05 0.00241513
35.4 0.00252126 -0.000411421 2.51182e-05 0.00233989
35.5 0.00257154 -0.000155489 7.79222e-05 0.00224067
35.6 0.00259768 0.00010311 0.000129521 0.00212064
35.7 0.00259071 0.000347779 0.000177278 0.0019791
35.8 0.0025616 0.000589525 0.000222905 0.00182133
35.9 0.00250036 0.000812943 0.000263919 0.00164521
36 0.00241999 0.0010284 0.000302046 0.00145799
36.1 0.00230958 0.00122195 0.000334992 0.00125613
36.2 0.00218396 0.0014032 0.000364475 0.00104865
36.3 0.00203134 0.00155992 0.000388432 0.000830581
36.4 0.00186809 0.00170086 0.000408544 0.000612516
36.5 0.00168167 0.00181569 0.000423005 0.000388021
36.6 0.00148969 0.00191219 0.000433441 0.000169076
36.7 0.00127893 0.00198207 0.00043832 -5.21893e-05
36.8 0.0010679 0.00203206 0.000439181 -0.000262658
36.9 0.000842841 0.00205602 0.000434786 -0.000471577
37 0.000622834 0.00205948 0.00042656 -0.000664942
37.1 0.000393652 0.00203855 0.000413565 -0.000853291
37.2 0.000174637 0.00199743 0.000397082 -0.00102198
37.3 -4.87762e-05 0.00193452 0.000376476 -0.00118272
37.4 -0.000257328 0.00185259 0.000352862 -0.0013205
37.5 -0.000465782 0.0017523 0.000325897 -0.00144805
37.6 -0.000655295 0.00163492 0.000296503 -0.00155021
37.7 -0.000840668 0.00150326 0.000264627 -0.0016406
37.8 -0.00100377 0.00135703 0.000230973 -0.00170412
37.9 -0.0011593 0.00120112 0.000195759 -0.00175508
38 -0.00129012 0.00103361 0.000159455 -0.0017787
38.1 -0.00141062 0.000861332 0.000122535 -0.0017897
38.2 -0.00150494 0.00068068 8.52165e-05 -0.00177386
38.3 -0.00158698 0.000500302 4.82073e-05 -0.00174611
38.4 -0.00164237 0.000314887 1.14634e-05 -0.00169292
38.5 -0.00168434 0.000134692 -2.40963e-05 -0.00162919
38.6 -0.00170017 -4.72689e-05 -5.87835e-05 -0.00154226
38.7 -0.00170224 -0.000219336 -9.14932e-05 -0.00144672
38.8 -0.00167967 -0.000390111 -0.000122804 -0.00133096
38.9 -0.00164375 -0.000546759 -0.000151451 -0.00120898
39 -0.00158555 -0.000699429 -0.000178274 -0.00107035
39.1 -0.00151511 -0.000834323 -0.000201876 -0.000928218
39.2 -0.00142553 -0.000963023 -0.000223345 -0.000773435
39.3 -0.0013254 -0.00107101 -0.000241178 -0.000618061
39.4 -0.00120989 -0.00117117 -0.000256691 -0.0004543
39.5 -0.00108599 -0.00124848 -0.000268304 -0.000292891
39.6 -0.000950929 -0.00131692 -0.000277541 -0.00012747
39.7 -0.000809954 -0.00136124 -0.000282767 3.27706e-05
39.8 -0.000662341 -0.00139633 -0.000285685 0.000192711
39.9 -0.000511463 -0.00140687 -0.000284629 0.000344888
40 -0.000358588 -0.00140847 -0.00028145 0.000492668
40.1 -0.000205115 -0.00138597 -0.000274475 0.00063048
40.2 -5.42199e-05 -0.0013554 -0.000265667 0.000760156
40.3 9.47305e-05 -0.00130201 -0.000253366 0.000878136
40.4 0.000236756 -0.00124198 -0.000239607 0.000984718
40.5 0.000374555 -0.00116112 -0.000222767 0.00107845
40.6 0.000501466 -0.00107553 -0.000204912 0.00115808
40.7 0.000622242 -0.00097171 -0.000184473 0.00122432
40.8 0.00072869 -0.000865406 -0.000163506 0.00127443
40.9 0.000827567 -0.00074402 -0.000140514 0.00131122
41 0.000909299 -0.000622618 -0.000117504 0.00133054
41.1 0.000982567 -0.000489638 -9.30652e-05 0.00133731
41.2 0.00103658 -0.000359216 -6.91137e-05 0.00132593
41.3 0.00108181 -0.000220938 -4.43414e-05 0.00130335
41.4 0.00110644 -8.77647e-05 -2.0538e-05 0.00126266
41.5 0.00112257 4.94697e-05 3.4908e-06 0.0012127
41.6 0.00111751 0.000179224 2.6117e-05 0.00114529
41.7 0.00110482 0.000309308 4.84038e-05 0.001071
41.8 0.00107111 0.000429812 6.89194e-05 0.000980529
41.9 0.00103117 0.000547134 8.85887e-05 0.000885965
42 0.000971111 0.00065317 0.000106198 0.000776936
42.1 0.000906665 0.000752829 0.000122521 0.000666879
42.2 0.000823655 0.000839971 0.000136587 0.000544475
42.3 0.000738491 0.000917982 0.000149011 0.000424246
42.4 0.000636865 0.000982791 0.000159083 0.000294067
42.5 0.000535585 0.00103622 0.000167244 0.000169277
42.6 0.000420385 0.00107633 0.000173057 3.70882e-05
42.7 0.000308186 0.00110339 0.00017679 -8.66105e-05
42.8 0.000184941 0.00111762 0.000178282 -0.000215112
42.9 6.73747e-05 0.00111771 0.000177618 -0.000332266
43 -5.81764e-05 0.00110607 0.000174912 -0.000451703
43.1 -0.00017547 0.0010798 0.000170068 -0.000557288
43.2 -0.000297616 0.00104342 0.000163468 -0.00066281
43.3 -0.000409148 0.000992506 0.00015483 -0.000752435
43.4 -0.000522468 0.000933594 0.000144795 -0.000839917
43.5 -0.000623145 0.000860783 0.000132897 -0.000909987
43.6 -0.000722716 0.000782496 0.00012002 -0.000976174
43.7 -0.000808051 0.00069142 0.000105514 -0.00102403
43.8 -0.000889675 0.000597693 9.04854e-05 -0.00106667
43.9 -0.000955966 0.000492669 7.41096e-05 -0.00109068
44 -0.00101631 0.000388026 5.76908e-05 -0.00110855
44.1 -0.00106079 0.000273881 4.02353e-05 -0.00110816
44.2 -0.00109751 0.000163216 2.32175e-05 -0.00110114
44.3 -0.00111842 4.50438e-05 5.48939e-06 -0.00107684
44.4 -0.00113026 -6.65812e-05 -1.13357e-05 -0.00104587
44.5 -0.00112696 -0.000183631 -2.85486e-05 -0.000999173
44.6 -0.00111374 -0.000291234 -4.44277e-05 -0.000946173
44.7 -0.00108662 -0.000402182 -6.03869e-05 -0.000879545
44.8 -0.00104927 -0.000501056 -7.46312e-05 -0.000807315
44.9 -0.000999786 -0.000601302 -8.86801e-05 -0.000724008
45 -0.000940223 -0.000687222 -0.000100697 -0.0006361
45.1 -0.000870783 -0.00077273 -0.000112281 -0.000540017
45.2 -0.000791837 -0.000842124 -0.000121592 -0.000440551
45.3 -0.000705666 -0.000909584 -0.000130285 -0.000336063
45.4 -0.000610929 -0.000959664 -0.000136543 -0.000229547
45.5 -0.000511923 -0.00100661 -0.000142054 -0.000121298
45.6 -0.000405585 -0.00103549 -0.000145057 -1.24211e-05
45.7 -0.00029811 -0.00106037 -0.000147239 9.48786e-05
45.8 -0.000184758 -0.00106711 -0.000146931 0.000201441
45.9 -7.34773e-05 -0.00106939 -0.000145787 0.000303212
46 4.21111e-05 -0.00105402 -0.000142254 0.000403004
46.1 0.000152463 -0.0010341 -0.000137927 0.00049499
46.2 0.000265526 -0.000997613 -0.000131391 0.000583953
46.3 0.000370343 -0.000956819 -0.000124154 0.000662397
46.4 0.000476325 -0.000901094 -0.000114963 0.000737029
46.5 0.00057133 -0.000841627 -0.000105203 0.000798822
46.6 0.000666091 -0.000769318 -9.38036e-05 0.00085632
46.7 0.000747493 -0.000694106 -8.20027e-05 0.00089911
46.8 0.000827453 -0.000608538 -6.89277e-05 0.000937466
46.9 0.00089212 -0.000521104 -5.56395e-05 0.000959752
47 0.000954415 -0.000426099 -4.1475e-05 0.000977826
47.1 0.000999993 -0.000330392 -2.72955e-05 0.000979003
47.2 0.00104256 -0.000230097 -1.26607e-05 0.00097654
47.3 0.00106753 -0.000130321 1.79066e-06 0.000956896
47.4 0.00108918 -2.90339e-05 1.62741e-05 0.000934526
47.5 0.00109293 7.05476e-05 3.03902e-05 0.000895227
47.6 0.00109341 0.000168578 4.41242e-05 0.000854415
47.7 0.00107624 0.000263812 5.7327e-05 0.000797429
47.8 0.00105613 0.000354553 6.97571e-05 0.000740388
47.9 0.00101922 0.00044159 8.15282e-05 0.000668387
48 0.000980004 0.000521402 9.21714e-05 0.000597979
48.1 0.000925307 0.000596831 0.000102067 0.000514219
48.2 0.000869203 0.00066261 0.000110526 0.000433804
48.3 0.000799391 0.000723613 0.000118192 0.000341964
48.4 0.000729256 0.000772908 0.000124171 0.000255259
48.5 0.000647581 0.000817359 0.000129362 0.000159296
48.6 0.000566785 0.000848472 0.000132672 7.01983e-05
48.7 0.000476908 0.000875001 0.000135252 -2.58384e-05
48.8 0.000389169 0.000887036 0.000135822 -0.000113413
48.9 0.000295005 0.00089509 0.000135766 -0.000205551
49 0.000204219 0.000887973 0.000133637 -0.000287839
49.1 0.00010978 0.000877805 0.000131035 -0.000372337
49.2 1.9849e-05 0.000852279 0.00012636 -0.000445891
49.3 -7.0962e-05 0.000824922 0.000121398 -0.000519408
49.4 -0.000156294 0.000782492 0.000114428 -0.000581226
49.5 -0.000239819 0.000739697 0.000107392 -0.000640942
49.6 -0.000317128 0.000682545 9.84632e-05 -0.000688594
49.7 -0.000390113 0.000626692 8.97133e-05 -0.00073232
49.8 -0.000456436 0.000557587 7.92331e-05 -0.000764044
49.9 -0.000516165 0.000491555 6.91891e-05 -0.000790302
50 -0.000569107 0.000413707 5.76164e-05 -0.000805056
50.1 -0.000613505 0.000340752 4.67378e-05 -0.000813131
50.2 -0.000651342 0.000257672 3.45612e-05 -0.000810635
50.3 -0.000679043 0.000181274 2.33288e-05 -0.000800583
50.4 -0.000700771 9.66189e-05 1.10464e-05 -0.000781311
50.5 -0.000711168 2.03184e-05 -6.17452e-08 -0.000753949
50.6 -0.000716531 -6.22698e-05 -1.19633e-05 -0.000719094
50.7 -0.000709778 -0.000135026 -2.24897e-05 -0.000675945
50.8 -0.000699259 -0.000212068 -3.3553e-05 -0.000627359
50.9 -0.000676251 -0.000278068 -4.30809e-05 -0.000570573
51 -0.000651004 -0.00034644 -5.29045e-05 -0.000510627
51.1 -0.000613056 -0.000403103 -6.11041e-05 -0.000442526
