#-0.0612594070103292 1.01325146448149 -1.10221008641088 -0.0486423467184376 1.00736168169823 -0.603304034889821 -0.580652496390118 0.985309424704237 0.412648354475324 -0.0396511710413352 1.00624188540893 -0.214058748300569
0 0.913364 0 0.330078 0
0.1 0.910813 0.0462141 0.329283 -0.000336783
0.2 0.903769 0.0913885 0.327105 -0.0013186
0.3 0.892227 0.136436 0.323551 -0.00296074
0.4 0.876003 0.180469 0.318537 -0.00522241
0.5 0.855508 0.223756 0.312213 -0.0081081
0.6 0.830482 0.265698 0.30447 -0.0115732
0.7 0.801457 0.306355 0.295494 -0.0156026
0.8 0.76819 0.345303 0.28518 -0.0201517
0.9 0.731259 0.382495 0.273724 -0.0251854
1 0.690477 0.417626 0.261042 -0.0306606
1.1 0.646439 0.450593 0.24733 -0.036524
1.2 0.599028 0.481181 0.232531 -0.0427342
1.3 0.548838 0.509258 0.216831 -0.0492221
1.4 0.495821 0.534683 0.2002 -0.0559484
1.5 0.440561 0.557318 0.182819 -0.0628319
1.6 0.383075 0.577086 0.164679 -0.0698352
1.7 0.323931 0.593853 0.145952 -0.0768682
1.8 0.263203 0.607598 0.126653 -0.0838958
1.9 0.201436 0.618206 0.106941 -0.0908227
2 0.138752 0.625706 0.086849 -0.0976167
2.1 0.0756671 0.630005 0.0665274 -0.10418
2.2 0.0123427 0.631179 0.046024 -0.110485
2.3 -0.0507397 0.629163 0.0254758 -0.116434
2.4 -0.11339 0.624075 0.0049436 -0.122004
2.5 -0.175165 0.61588 -0.0154479 -0.127102
2.6 -0.235857 0.604736 -0.0356302 -0.13171
2.7 -0.295066 0.590637 -0.0554914 -0.135742
2.8 -0.352577 0.573774 -0.0749578 -0.139186
2.9 -0.408036 0.554176 -0.0939307 -0.141964
3 -0.46123 0.532061 -0.112334 -0.144072
3.1 -0.511855 0.507485 -0.130086 -0.145444
3.2 -0.55971 0.480693 -0.147109 -0.146083
3.3 -0.604542 0.451767 -0.163333 -0.145935
3.4 -0.646167 0.420969 -0.178689 -0.145013
3.5 -0.68439 0.388407 -0.19312 -0.143273
3.6 -0.71905 0.354358 -0.206561 -0.140738
3.7 -0.75001 0.318945 -0.218972 -0.137382
3.8 -0.777138 0.282452 -0.230297 -0.133233
3.9 -0.800351 0.245021 -0.240507 -0.128281
4 -0.819554 0.206937 -0.249555 -0.122562
4.1 -0.834721 0.168351 -0.257431 -0.11608
4.2 -0.845789 0.129543 -0.264097 -0.10888
4.3 -0.852793 0.0906717 -0.269556 -0.10098
4.4 -0.855707 0.0520067 -0.273781 -0.0924318
4.5 -0.854615 0.0137054 -0.276791 -0.0832671
4.6 -0.849529 -0.0239755 -0.278571 -0.073543
4.7 -0.840584 -0.0608838 -0.279149 -0.0633041
4.8 -0.82783 -0.0967822 -0.278524 -0.052612
4.9 -0.811447 -0.131528 -0.276738 -0.0415223
5 -0.791519 -0.164907 -0.273798 -0.0300992
5.1 -0.768264 -0.196792 -0.26976 -0.0184078
5.2 -0.7418 -0.226994 -0.264641 -0.00651395
5.3 -0.712379 -0.255404 -0.258505 0.00551058
5.4 -0.680147 -0.281863 -0.251381 0.0175998
5.5 -0.645381 -0.306282 -0.243341 0.0296769
5.6 -0.608254 -0.328537 -0.234422 0.0416775
5.7 -0.569063 -0.348557 -0.224703 0.0535225
5.8 -0.527996 -0.366257 -0.214229 0.0651512
5.9 -0.485367 -0.381589 -0.203084 0.0764834
6 -0.441376 -0.394502 -0.191318 0.0874638
6.1 -0.396343 -0.404974 -0.179018 0.0980142
6.2 -0.350476 -0.412987 -0.166242 0.108085
6.3 -0.304091 -0.418546 -0.153077 0.117604
6.4 -0.257401 -0.421667 -0.139582 0.126528
6.5 -0.210714 -0.42238 -0.125844 0.13479
6.6 -0.164237 -0.420733 -0.111925 0.142358
6.7 -0.118263 -0.416777 -0.0979096 0.149171
6.8 -0.072991 -0.410595 -0.0838604 0.155208
6.9 -0.0286945 -0.402257 -0.0698569 0.160417
7 0.0144448 -0.391871 -0.0559607 0.164788
7.1 0.0561771 -0.379528 -0.0422462 0.168278
7.2 0.0963405 -0.36536 -0.0287721 0.170889
7.3 0.134715 -0.349473 -0.015606 0.172591
7.4 0.171161 -0.332018 -0.0028027 0.173394
7.5 0.205494 -0.313117 0.00957823 0.173281
7.6 0.237599 -0.292933 0.0214872 0.172276
7.7 0.267328 -0.271597 0.0328735 0.170371
7.8 0.294597 -0.249286 0.0436937 0.1676
7.9 0.319293 -0.226133 0.0539067 0.163968
8 0.341363 -0.202321 0.0634761 0.159519
8.1 0.360733 -0.177987 0.0723706 0.15427
8.2 0.377379 -0.153315 0.0805614 0.148272
8.3 0.391269 -0.128438 0.0880276 0.141553
8.4 0.402407 -0.103538 0.0947483 0.134173
8.5 0.4108 -0.0787426 0.100713 0.126166
8.6 0.416479 -0.0542269 0.105909 0.117603
8.7 0.419489 -0.030109 0.110335 0.108523
8.8 0.419889 -0.00655254 0.113987 0.0989991
8.9 0.417754 0.0163365 0.116874 0.0890819
9 0.413169 0.0384086 0.118998 0.0788452
9.1 0.40624 0.0595726 0.12038 0.0683438
9.2 0.397074 0.0796964 0.121027 0.0576525
9.3 0.385801 0.0987058 0.120966 0.0468298
9.4 0.372545 0.116488 0.120215 0.0359492
9.5 0.35746 0.132987 0.118808 0.0250708
9.6 0.340683 0.148113 0.116766 0.0142652
9.7 0.322385 0.161828 0.114129 0.00359229
9.8 0.302711 0.174063 0.110927 -0.00688196
9.9 0.281846 0.184804 0.107203 -0.0170994
10 0.25994 0.194003 0.10299 -0.0270005
10.1 0.237183 0.201664 0.0983355 -0.0365306
10.2 0.213727 0.207765 0.0932758 -0.0456377
10.3 0.189765 0.212328 0.0878607 -0.0542718
10.4 0.165444 0.215353 0.0821283 -0.0623901
10.5 0.140954 0.216879 0.07613 -0.0699485
10.6 0.116436 0.216927 0.0699047 -0.076914
10.7 0.0920724 0.215554 0.0635037 -0.0832494
10.8 0.067993 0.212799 0.056966 -0.0889325
10.9 0.0443685 0.208732 0.0503415 -0.0939338
11 0.0213155 0.203412 0.0436681 -0.0982419
11.1 -0.00101094 0.19692 0.0369935 -0.101836
11.2 -0.0225105 0.189327 0.0303538 -0.104715
11.3 -0.043046 0.180724 0.0237931 -0.106866
11.4 -0.0625362 0.171197 0.0173447 -0.108302
11.5 -0.0808641 0.160842 0.0110489 -0.109016
11.6 -0.0979687 0.14975 0.00493507 -0.109031
11.7 -0.113755 0.138022 -0.000961196 -0.108349
11.8 -0.128183 0.12576 -0.00661438 -0.107002
11.9 -0.141181 0.113061 -0.0119946 -0.105002
12 -0.15273 0.100029 -0.0170807 -0.102386
12.1 -0.162781 0.086762 -0.0218486 -0.0991757
12.2 -0.171338 0.0733619 -0.026282 -0.095416
12.3 -0.178375 0.0599214 -0.030363 -0.091132
12.4 -0.183912 0.0465412 -0.03408 -0.0863766
12.5 -0.187949 0.0333059 -0.0374214 -0.0811799
12.6 -0.190527 0.0203109 -0.0403808 -0.0755988
12.7 -0.191661 0.00763159 -0.0429522 -0.0696675
12.8 -0.191411 -0.00464438 -0.0451341 -0.0634461
12.9 -0.189813 -0.0164528 -0.0469267 -0.0569714
13 -0.186938 -0.0277154 -0.0483328 -0.0503046
13.1 -0.182842 -0.0383806 -0.0493582 -0.0434841
13.2 -0.177605 -0.048381 -0.05001 -0.0365711
13.3 -0.171298 -0.0576786 -0.0502988 -0.0296038
13.4 -0.164011 -0.0662181 -0.0502355 -0.0226417
13.5 -0.155824 -0.0739755 -0.0498354 -0.0157221
13.6 -0.146833 -0.0809082 -0.0491124 -0.00890103
13.7 -0.137129 -0.0870067 -0.0480855 -0.00221378
13.8 -0.126809 -0.0922412 -0.0467715 0.00428818
13.9 -0.115968 -0.0966162 -0.0451924 0.0105729
14 -0.104707 -0.100115 -0.043367 0.0165946
14.1 -0.0931188 -0.102756 -0.0413195 0.0223254
14.2 -0.0813018 -0.104534 -0.0390702 0.0277264
14.3 -0.0693513 -0.105478 -0.0366449 0.0327744
14.4 -0.0573581 -0.105598 -0.0340646 0.0374378
14.5 -0.0454146 -0.104934 -0.0313557 0.0416989
14.6 -0.0336035 -0.103503 -0.0285393 0.0455343
14.7 -0.0220117 -0.101357 -0.0256421 0.0489315
14.8 -0.0107122 -0.0985212 -0.0226845 0.0518759
14.9 0.00021576 -0.0950549 -0.0196925 0.0543606
15 0.010711 -0.090993 -0.0166857 0.0563792
15.1 0.0207035 -0.0863986 -0.0136885 0.0579307
15.2 0.0301449 -0.0813129 -0.010719 0.059017
15.3 0.0389756 -0.0758027 -0.00780001 0.0596423
15.4 0.047161 -0.0699137 -0.00494738 0.0598166
15.5 0.0546532 -0.0637142 -0.00218172 0.0595493
15.6 0.0614314 -0.0572524 0.000483468 0.0588572
15.7 0.0674596 -0.050596 0.00303027 0.0577544
15.8 0.0727311 -0.0437946 0.00544775 0.0562645
15.9 0.077222 -0.036913 0.00772099 0.0544051
16 0.080939 -0.0300001 0.0098418 0.0522054
16.1 0.0838704 -0.0231169 0.0117984 0.0496862
16.2 0.0860351 -0.0163097 0.0135855 0.0468813
16.3 0.0874327 -0.00963403 0.0151945 0.0438133
16.4 0.0880938 -0.0031328 0.0166228 0.0405199
16.5 0.0880282 0.00314572 0.0178653 0.0370249
16.6 0.0872764 0.00916318 0.018922 0.0333681
16.7 0.0858575 0.0148794 0.0197909 0.0295737
16.8 0.0838204 0.0202614 0.0204747 0.0256829
16.9 0.081192 0.0252779 0.0209743 0.0217192
17 0.0780277 0.0299022 0.0212946 0.0177238
17.1 0.0743605 0.0341122 0.0214393 0.0137189
17.2 0.0702507 0.0378878 0.0214154 0.00974471
17.3 0.065736 0.0412165 0.0212289 0.00582116
17.4 0.060879 0.0440848 0.0208887 0.00198651
17.5 0.0557207 0.0464894 0.0204028 -0.00174219
17.6 0.0503243 0.0484237 0.0197813 -0.00532959
17.7 0.0447322 0.0498934 0.019034 -0.008762
17.8 0.0390066 0.0508982 0.0181719 -0.0120078
17.9 0.0331896 0.0514523 0.0172063 -0.0150571
18 0.0273405 0.051561 0.0161484 -0.0178826
18.1 0.0214998 0.051246 0.0150105 -0.0204782
18.2 0.0157223 0.0505182 0.0138042 -0.0228218
18.3 0.010046 0.0494057 0.0125421 -0.0249115
18.4 0.00451955 0.0479235 0.0112353 -0.02673
18.5 -0.00082288 0.0461054 0.00989711 -0.0282795
18.6 -0.00593969 0.0439696 0.00853774 -0.0295483
18.7 -0.0108013 0.0415543 0.00717002 -0.0305423
18.8 -0.0153739 0.03888 0.00580358 -0.0312553
18.9 -0.0196333 0.0359879 0.00445057 -0.0316967
19 -0.0235543 0.0329 0.0031195 -0.0318655
19.1 -0.0271183 0.0296589 0.00182162 -0.0317743
19.2 -0.0303086 0.0262873 0.000564083 -0.0314269
19.3 -0.0331128 0.022828 -0.000642986 -0.0308387
19.4 -0.0355227 0.0193031 -0.00179392 -0.0300179
19.5 -0.037532 0.0157546 -0.00287994 -0.0289819
19.6 -0.039141 0.0122033 -0.00389698 -0.0277429
19.7 -0.0403487 0.00868895 -0.00483772 -0.0263199
19.8 -0.0411636 0.00523036 -0.00569974 -0.0247282
19.9 -0.0415899 0.00186425 -0.0064773 -0.0229876
20 -0.0416433 -0.0013934 -0.00716959 -0.0211164
20.1 -0.0413324 -0.0045098 -0.00777248 -0.019134
20.2 -0.0406796 -0.0074722 -0.00828672 -0.0170608
20.3 -0.0396973 -0.0102524 -0.00870979 -0.0149158
20.4 -0.0384132 -0.0128414 -0.00904389 -0.0127205
20.5 -0.0368427 -0.015216 -0.00928801 -0.0104925
20.6 -0.0350178 -0.0173709 -0.00944565 -0.00825427
20.7 -0.0329562 -0.0192886 -0.00951728 -0.00602126
20.8 -0.0306929 -0.0209676 -0.00950749 -0.00381596
20.9 -0.0282467 -0.0223959 -0.00941804 -0.00165141
21 -0.0256548 -0.0235757 -0.00925447 0.000450517
21.1 -0.0229361 -0.0245008 -0.00901967 0.00247967
21.2 -0.0201285 -0.0251767 -0.00871982 0.0044153
21.3 -0.0172505 -0.0256026 -0.00835881 0.00625046
21.4 -0.0143396 -0.0257872 -0.00794328 0.00796601
21.5 -0.0114131 -0.0257349 -0.00747783 0.00955845
21.6 -0.00850685 -0.0254568 -0.00696933 0.0110106
21.7 -0.00563621 -0.0249619 -0.00642296 0.0123225
21.8 -0.00283481 -0.0242632 -0.00584553 0.0134792
21.9 -0.000115318 -0.0233742 -0.00524257 0.0144843
22 0.00249182 -0.0223092 -0.00462066 0.0153253
22.1 0.00497692 -0.0210848 -0.00398548 0.0160091
22.2 0.00731338 -0.0197163 -0.00334315 0.016526
22.3 0.00949477 -0.018223 -0.00269933 0.0168857
22.4 0.0114989 -0.0166201 -0.00205949 0.0170813
22.5 0.0133227 -0.0149293 -0.0014291 0.0171253
22.6 0.0149487 -0.0131649 -0.000812868 0.017013
22.7 0.0163772 -0.0113498 -0.000215893 0.0167598
22.8 0.0175958 -0.00949735 0.000358011 0.0163631
22.9 0.0186078 -0.0076309 0.000904196 0.0158402
23 0.019406 -0.00576191 0.00141984 0.0151905
23.1 0.0199965 -0.00391382 0.00190086 0.0144328
23.2 0.0203769 -0.00209577 0.00234546 0.0135685
23.3 0.0205559 -0.000330485 0.00275018 0.0126171
23.4 0.0205356 0.0013755 0.00311428 0.0115818
23.5 0.0203272 0.00300075 0.00343496 0.0104819
23.6 0.0199366 0.00454161 0.00371253 0.00932208
23.7 0.0193765 0.00597838 0.00394483 0.0081215
23.8 0.0186568 0.00731043 0.00413318 0.00688557
23.9 0.0177912 0.0085202 0.00427607 0.00563259
24 0.0167926 0.00961014 0.00437576 0.00436861
24.1 0.0156751 0.0105651 0.00443133 0.00311052
24.2 0.0144542 0.0113905 0.00444587 0.00186472
24.3 0.0131437 0.0120736 0.00441902 0.000646182
24.4 0.0117612 0.0126231 0.00435455 -0.000538631
24.5 0.0103195 0.0130286 0.00425261 -0.001677
24.6 0.00883763 0.0133012 0.00411755 -0.00276266
24.7 0.00732702 0.0134335 0.00394991 -0.00378549
24.8 0.00580734 0.0134387 0.00375444 -0.0047396
24.9 0.00428818 0.0133118 0.00353202 -0.0056177
25 0.00278935 0.0130679 0.00328766 -0.00641442
25.1 0.00131813 0.0127045 0.00302249 -0.00712549
25.2 -0.000106012 0.0122378 0.00274161 -0.0077461
25.3 -0.00147845 0.0116675 0.00244628 -0.00827507
25.4 -0.00278053 0.0110106 0.00214158 -0.00870825
25.5 -0.0040105 0.0102687 0.00182883 -0.00904749
25.6 -0.0051509 0.00945907 0.00151291 -0.00928927
25.7 -0.00620295 0.00858501 0.00119512 -0.00943838
25.8 -0.00715074 0.00766328 0.000880044 -0.0094919
25.9 -0.00799845 0.00669862 0.000568874 -0.00945737
26 -0.00873195 0.00570691 0.000265779 -0.00933235
26.1 -0.00935828 0.00469389 -2.81982e-05 -0.0091269
26.2 -0.00986523 0.00367414 -0.000309414 -0.00883897
26.3 -0.0102626 0.00265408 -0.000577016 -0.0084808
26.4 -0.01054 0.00164652 -0.000827954 -0.00805056
26.5 -0.0107098 0.000658314 -0.0010616 -0.00756234
26.6 -0.0107636 -0.000299896 -0.00127556 -0.00701437
26.7 -0.0107156 -0.00122109 -0.00146942 -0.00642218
26.8 -0.0105595 -0.00209706 -0.0016415 -0.00578393
26.9 -0.0103113 -0.00292084 -0.00179161 -0.00511614
27 -0.00996611 -0.00368691 -0.00191875 -0.00441674
27.1 -0.00954117 -0.0043885 -0.002023 -0.00370286
27.2 -0.00903352 -0.00502294 -0.00210401 -0.00297201
27.3 -0.00846077 -0.00558378 -0.00216204 -0.00224148
27.4 -0.00782147 -0.00607123 -0.00219744 -0.00150831
27.5 -0.00713338 -0.00647927 -0.00221063 -0.000789519
27.6 -0.00639627 -0.00681097 -0.00220259 -8.15405e-05
27.7 -0.00562748 -0.00706071 -0.00217382 0.000599232
27.8 -0.00482784 -0.00723436 -0.00212588 0.00125702
27.9 -0.0040138 -0.00732671 -0.00205935 0.00187643
28 -0.00318694 -0.00734622 -0.00197627 0.00246236
28.1 -0.00236239 -0.00728804 -0.00187725 0.00300069
28.2 -0.00154234 -0.00716295 -0.00176473 0.003497
28.3 -0.000740159 -0.00696642 -0.00163926 0.00393874
28.4 4.15971e-05 -0.00671127 -0.00150368 0.00433208
28.5 0.000791646 -0.00639312 -0.00135839 0.00466622
28.6 0.00150717 -0.00602651 -0.00120648 0.00494784
28.7 0.00217929 -0.00560713 -0.00104823 0.00516808
28.8 0.00280505 -0.00515082 -0.00088687 0.00533398
28.9 0.00337821 -0.00465323 -0.000722494 0.00543869
29 0.00389572 -0.0041311 -0.000558433 0.00548945
29.1 0.00435412 -0.0035799 -0.000394525 0.00548147
29.2 0.00475035 -0.00301689 -0.000234114 0.00542201
29.3 0.00508374 -0.00243728 -7.6778e-05 0.00530835
29.4 0.00535123 -0.00185838 7.42096e-05 0.00514752
29.5 0.00555495 -0.00127507 0.000219547 0.00493881
29.6 0.00569178 -0.000704355 0.000356096 0.00468881
29.7 0.00576658 -0.0001407 0.000484836 0.00439873
29.8 0.00577613 0.000399584 0.000602824 0.00407451
29.9 0.00572783 0.000922453 0.000711315 0.00371912
30 0.00561827 0.00141261 0.000807603 0.00333762
30.1 0.00545719 0.00187644 0.000893204 0.00293461
30.2 0.0052409 0.00229997 0.000965693 0.00251405
30.3 0.00498122 0.00268997 0.00102681 0.00208196
30.4 0.00467403 0.00303402 0.00107444 0.00164104
30.5 0.00433295 0.00333919 0.00111053 0.00119853
30.6 0.00395333 0.00359485 0.00113325 0.000755695
30.7 0.00355021 0.00380825 0.00114473 0.000320817
30.8 0.00311835 0.00397067 0.00114347 -0.000106417
30.9 0.00267386 0.00408944 0.00113167 -0.000516903
31 0.00221079 0.00415781 0.00110817 -0.000912603
31.1 0.00174595 0.00418299 0.00107523 -0.00128379
31.2 0.00127265 0.00416031 0.00103199 -0.00163412
31.3 0.000808023 0.00409668 0.000980689 -0.00195346
31.4 0.000344561 0.00398945 0.000920784 -0.00224712
31.5 -0.000100576 0.00384506 0.000854434 -0.00250475
31.6 -0.00053573 0.00366283 0.000781375 -0.0027333
31.7 -0.000944083 0.00344848 0.000703634 -0.00292232
31.8 -0.00133476 0.00320327 0.000621199 -0.00308032
31.9 -0.00169158 0.002932 0.000535919 -0.00319692
32 -0.00202439 0.00263769 0.000447999 -0.00328204
32.1 -0.00231793 0.00232406 0.000359059 -0.00332547
32.2 -0.00258265 0.00199575 0.000269502 -0.00333835
32.3 -0.00280446 0.00165521 0.000180667 -0.00331081
32.4 -0.00299429 0.00130854 9.31241e-05 -0.00325498
32.5 -0.00313938 0.000956742 7.90085e-06 -0.00316138
32.6 -0.00325096 0.0006072 -7.42927e-05 -0.0030429
32.7 -0.00331779 0.000259368 -0.000152769 -0.00289053
32.8 -0.00335121 -7.82823e-05 -0.000226705 -0.00271766
32.9 -0.00334156 -0.000407948 -0.000295774 -0.00251578
33 -0.0033001 -0.000720264 -0.00035906 -0.0022985
33.1 -0.00321883 -0.00101911 -0.000416602 -0.00205791
33.2 -0.00310867 -0.00129441 -0.000467414 -0.00180751
33.3 -0.00296335 -0.00155175 -0.000511906 -0.00153997
33.4 -0.00279317 -0.00178053 -0.000549032 -0.00126847
33.5 -0.00259357 -0.00198799 -0.000579562 -0.000986282
33.6 -0.00237404 -0.00216318 -0.000602406 -0.000705941
33.7 -0.00213168 -0.00231489 -0.000618674 -0.000421367
33.8 -0.00187489 -0.002432 -0.000627243 -0.000144181
33.9 -0.00160242 -0.00252475 -0.000629536 0.000131025
34 -0.00132136 -0.00258194 -0.000624403 0.000393791
34.1 -0.00103201 -0.00261511 -0.000613545 0.000648833
34.2 -0.000739919 -0.00261314 -0.000595789 0.000887068
34.3 -0.000446873 -0.00258865 -0.000573075 0.0011125
34.4 -0.000156751 -0.00253066 -0.000544212 0.00131758
34.5 0.00012733 -0.00245269 -0.000511332 0.0015056
34.6 0.000403302 -0.00234405 -0.000473228 0.00167072
34.7 0.000666817 -0.00221884 -0.000432174 0.00181543
34.8 0.000917735 -0.00206671 -0.000386946 0.00193573
34.9 0.00115056 -0.0019021 -0.000339912 0.00203328
35 0.00136714 -0.00171511 -0.000289838 0.00210597
35.1 0.00156098 -0.00152023 -0.000239128 0.00215463
35.2 0.0017359 -0.00130803 -0.000186536 0.00217904
35.3 0.00188452 -0.00109277 -0.000134459 0.00217914
35.4 0.00201261 -0.000865574 -8.16437e-05 0.0021566
35.5 0.002112 -0.000640189 -3.04262e-05 0.00211046
35.6 0.00219034 -0.000408351 2.04484e-05 0.00204422
35.7 0.00223877 -0.000183009 6.87495e-05 0.00195594
35.8 0.00226671 4.34522e-05 0.000115728 0.00185086
35.9 0.00226468 0.000259118 0.000159296 0.00172608
36 0.00224373 0.000470887 0.000200689 0.00158845
36.1 0.00219386 0.000668115 0.000238008 0.00143408
36.2 0.00212752 0.000856959 0.000272458 0.00127123
36.3 0.0020343 0.00102823 0.000302351 0.00109504
36.4 0.00192784 0.00118726 0.000328856 0.000915071
36.5 0.00179739 0.0013265 0.000350524 0.000725417
36.6 0.00165751 0.00145044 0.000368462 0.000536716
36.7 0.00149718 0.00155327 0.000381482 0.00034212
36.8 0.00133164 0.00163856 0.000390614 0.000153112
36.9 0.00114973 0.00170234 0.000394941 -3.80731e-05
37 0.000967038 0.00174723 0.000395404 -0.000219322
37.1 0.000772303 0.00177114 0.000391352 -0.000399263
37.2 0.000581234 0.00177566 0.000383618 -0.000565373
37.3 0.000382571 0.00176061 0.000371828 -0.000727044
37.4 0.000191835 0.00172652 0.000356683 -0.000871573
37.5 -2.13912e-06 0.00167508 0.000338076 -0.00100902
37.6 -0.00018429 0.00160566 0.000316559 -0.00112672
37.7 -0.000365576 0.00152181 0.000292285 -0.00123525
37.8 -0.000531669 0.00142174 0.000265639 -0.00132221
37.9 -0.000693215 0.0013107 0.000237016 -0.00139856
38 -0.000836833 0.00118573 0.000206623 -0.00145232
38.1 -0.000972759 0.00105363 0.000175079 -0.0014947
38.2 -0.00108879 0.000910296 0.000142397 -0.00151433
38.3 -0.00119461 0.000763947 0.000109397 -0.00152245
38.4 -0.00127938 0.000609273 7.58969e-05 -0.00150849
38.5 -0.00135213 0.000455768 4.28911e-05 -0.00148352
38.6 -0.0014035 0.000296961 9.99576e-06 -0.0014379
38.7 -0.00144175 0.000143401 -2.16453e-05 -0.00138235
38.8 -0.00145918 -1.24834e-05 -5.26152e-05 -0.00130827
38.9 -0.00146309 -0.000159297 -8.1652e-05 -0.00122586
39 -0.00144751 -0.000305662 -0.000109531 -0.0011276
39.1 -0.00141872 -0.000439515 -0.000134893 -0.00102299
39.2 -0.00137249 -0.000570442 -0.000158706 -0.000905711
39.3 -0.00131397 -0.000685956 -0.00017954 -0.000784339
39.4 -0.0012407 -0.000796474 -0.000198528 -0.000653809
39.5 -0.00115658 -0.000889277 -0.000214204 -0.000521594
39.6 -0.00106092 -0.000975498 -0.000227856 -0.000383928
39.7 -0.000956266 -0.00104241 -0.000238002 -0.000247022
39.8 -0.000843649 -0.00110169 -0.000246055 -0.000108416
39.9 -0.000724172 -0.00114078 -0.000250538 2.70815e-05
40 -0.000600534 -0.00117174 -0.000252973 0.000160619
40.1 -0.000472359 -0.00118239 -0.00025191 0.0002889
40.2 -0.000343898 -0.00118497 -0.000248947 0.000411785
40.3 -0.000213251 -0.00116781 -0.00024268 0.000527579
40.4 -8.61027e-05 -0.00114317 -0.000234748 0.000634881
40.5 4.09593e-05 -0.00110006 -0.000223819 0.000733653
40.6 0.000160961 -0.00105052 -0.000211538 0.000821277
40.7 0.000278813 -0.000984369 -0.000196654 0.000899396
40.8 0.000386378 -0.000913248 -0.000180795 0.00096422
40.9 0.000490043 -0.000827898 -0.000162797 0.00101908
41 0.00058067 -0.000739325 -0.000144233 0.00105907
41.1 0.000666014 -0.000639312 -0.000124051 0.00108915
41.2 0.000736119 -0.000538032 -0.000103733 0.0011034
41.3 0.000800013 -0.000428379 -8.23394e-05 0.00110832
41.4 0.000847066 -0.00031951 -6.12384e-05 0.00109703
41.5 0.000887459 -0.000205507 -3.96156e-05 0.0010775
41.6 0.000910078 -9.43177e-05 -1.8687e-05 0.001042
41.7 0.000926079 1.87481e-05 2.22815e-06 0.000999769
41.8 0.00092402 0.00012709 2.20848e-05 0.000942328
41.9 0.000915856 0.000234137 4.14257e-05 0.000880069
42 0.000889999 0.000334773 5.94012e-05 0.000803851
42.1 0.000859 0.000431151 7.64123e-05 0.000725015
42.2 0.000811262 0.000519742 9.18176e-05 0.000633873
42.3 0.000759738 0.000601412 0.000105877 0.00054252
42.4 0.000692983 0.000674305 0.000118172 0.000440836
42.5 0.000624095 0.000738008 0.000128811 0.000341435
42.6 0.000541933 0.000792371 0.00013761 0.000233895
42.7 0.000459526 0.000835732 0.000144533 0.000131131
42.8 0.00036617 0.000869659 0.000149625 2.25382e-05
42.9 0.000274577 0.000891272 0.000152702 -7.89089e-05
43 0.000174601 0.000903827 0.000154041 -0.00018386
43.1 7.84352e-05 0.00090327 0.000153318 -0.000279504
43.2 -2.33834e-05 0.000894502 0.000151031 -0.000376401
43.3 -0.00011944 0.00087235 0.000146712 -0.000462141
43.4 -0.000218397 0.000843261 0.000141073 -0.000547055
43.5 -0.000309814 0.00080102 0.000133507 -0.00061935
43.6 -0.00040145 0.000753484 0.000124924 -0.000688971
43.7 -0.000484012 0.000693476 0.000114588 -0.000744948
43.8 -0.00056429 0.000630148 0.000103584 -0.000796713
43.9 -0.000634319 0.000555435 9.10525e-05 -0.000834306
44 -0.000699826 0.000479592 7.82286e-05 -0.000866493
44.1 -0.000754303 0.000393777 6.41433e-05 -0.000884485
44.2 -0.000802333 0.000309162 5.0162e-05 -0.000896242
44.3 -0.000838997 0.000216246 3.52119e-05 -0.0008943
44.4 -0.000867702 0.000126907 2.07547e-05 -0.000885683
44.5 -0.000885167 3.10908e-05 5.63304e-06 -0.000864353
44.6 -0.000893562 -5.88267e-05 -8.62049e-06 -0.000836274
44.7 -0.000891327 -0.000153314 -2.32382e-05 -0.000796935
44.8 -0.000879361 -0.000239745 -3.66489e-05 -0.000751117
44.9 -0.000857807 -0.000328856 -5.0135e-05 -0.000695887
45 -0.000826293 -0.000407977 -6.21186e-05 -0.000634755
45.1 -0.000786661 -0.000487983 -7.39186e-05 -0.0005664
45.2 -0.000737247 -0.000556389 -8.39764e-05 -0.000492968
45.3 -0.000681547 -0.000624049 -9.36289e-05 -0.000414757
45.4 -0.000616619 -0.00067889 -0.000101366 -0.00033248
45.5 -0.000547526 -0.000731575 -0.000108519 -0.000248032
45.6 -0.000470081 -0.000770659 -0.000113655 -0.00016065
45.7 -0.000390799 -0.000806455 -0.000118075 -7.37716e-05
45.8 -0.0003043 -0.000828324 -0.00012045 1.48611e-05
45.9 -0.000218417 -0.000846078 -0.000122031 0.000100337
46 -0.000126633 -0.000850066 -0.000121613 0.000186415
46.1 -3.79495e-05 -0.000849429 -0.000120373 0.000266801
46.2 5.52088e-05 -0.000835664 -0.000117252 0.000346727
46.3 0.000142855 -0.000817083 -0.000113329 0.000418636
46.4 0.000233512 -0.00078646 -0.000107709 0.000489171
46.5 0.0003164 -0.000751134 -0.000101351 0.000549644
46.6 0.000400879 -0.000705267 -9.3539e-05 0.000608037
46.7 0.000475575 -0.000655081 -8.50899e-05 0.000654671
46.8 0.000550554 -0.000596205 -7.54751e-05 0.00069876
46.9 0.000614052 -0.000533621 -6.5354e-05 0.000729792
47 0.000676678 -0.000464489 -5.43961e-05 0.000758079
47.1 0.000726507 -0.000392444 -4.30825e-05 0.000772447
47.2 0.000774535 -0.000316201 -3.12826e-05 0.000784152
47.3 0.000808872 -0.000237948 -1.92873e-05 0.000781527
47.4 0.000840717 -0.000157969 -7.16999e-06 0.000776596
47.5 0.000858434 -7.69443e-05 4.98254e-06 0.000757381
47.6 0.000873242 3.30031e-06 1.68949e-05 0.000736475
47.7 0.00087394 8.36308e-05 2.86885e-05 0.000701767
47.8 0.000871592 0.000160726 3.98968e-05 0.000666217
47.9 0.000855619 0.000237029 5.08523e-05 0.000617749
48 0.00083671 0.000307771 6.08976e-05 0.000569474
48.1 0.000805113 0.000376969 7.05849e-05 0.000509538
48.2 0.000770934 0.000438503 7.90745e-05 0.000450956
48.3 0.000725376 0.000497908 8.71268e-05 0.000382269
48.4 0.000677805 0.000547816 9.37391e-05 0.000316184
48.5 0.000620528 0.000595225 9.98746e-05 0.000241793
48.6 0.000561972 0.000631648 0.00010438 0.000171263
48.7 0.000495658 0.000665451 0.000108408 9.43927e-05
48.8 0.000428892 0.000687152 0.000110668 2.2585e-05
48.9 0.000356522 0.00070636 0.000112487 -5.3506e-05
49 0.00028459 0.000712743 0.00011246 -0.000123442
49.1 0.00020935 0.000717014 0.000112068 -0.000195578
49.2 0.000135421 0.000708159 0.000109808 -0.000260648
49.3 6.05218e-05 0.000697822 0.000107296 -0.000325894
49.4 -1.22585e-05 0.000674463 0.00010295 -0.000383395
49.5 -8.37013e-05 0.000650459 9.8494e-05 -0.00043916
49.6 -0.000152331 0.000613926 9.22903e-05 -0.000486769
49.7 -0.000217432 0.000577765 8.61393e-05 -0.000530912
49.8 -0.0002792 0.000529921 7.83747e-05 -0.000566796
49.9 -0.000335422 0.00048361 7.08437e-05 -0.000597715
50 -0.000388008 0.000426766 6.18692e-05 -0.000620595
50.1 -0.000433261 0.000372686 5.3319e-05 -0.000637266
50.2 -0.000474813 0.000309484 4.3528e-05 -0.000646453
50.3 -0.000507541 0.000250296 3.43488e-05 -0.000648479
50.4 -0.000536762 0.000183593 2.41547e-05 -0.000643901
50.5 -0.000555995 0.000122114 1.47498e-05 -0.000631512
50.6 -0.000572175 5.48519e-05 4.56918e-06 -0.0006137
50.7 -0.000577551 -6.08363e-06 -4.66251e-06 -0.000587721
50.8 -0.000580582 -7.10089e-05 -1.44257e-05 -0.000557771
50.9 -0.00057235 -0.000128662 -2.31069e-05 -0.000519584
51 -0.000562701 -0.000188541 -3.20833e-05 -0.000479075
51.1 -0.000541531 -0.000240636 -3.99054e-05 -0.000430282
