#0.313062766402471 0.995935288775297 -1.45892110804845 0.302124148989134 0.995537970724089 -1.37406236957595 1.36057261592752 0.994148867056669 -0.854261755058342 0.292910640900354 0.994717878800246 -1.23466987028265
0 0.947418 0 0.377544 7.57068e-06
0.028 0.947232 0.012959 0.377492 -4.50321e-05
0.056 0.946675 0.0259114 0.377337 -0.00020283
0.084 0.945747 0.0388509 0.377077 -0.00046569
0.112 0.944449 0.0517708 0.376714 -0.000833435
0.14 0.942781 0.0646647 0.376247 -0.0013058
0.168 0.940743 0.0775261 0.375677 -0.00188244
0.196 0.938338 0.0903486 0.375005 -0.00256293
0.224 0.935566 0.103126 0.374229 -0.00334681
0.252 0.932429 0.115851 0.373351 -0.00423348
0.28 0.928928 0.128518 0.372371 -0.00522234
0.308 0.925066 0.141121 0.371289 -0.00631267
0.336 0.920843 0.153652 0.370106 -0.00750367
0.364 0.916262 0.166107 0.368822 -0.00879448
0.392 0.911327 0.178478 0.367438 -0.0101842
0.42 0.906038 0.19076 0.365955 -0.0116718
0.448 0.899915 0.202917 0.364181 -0.0132641
0.476 0.893928 0.215 0.362501 -0.0149443
0.504 0.887598 0.226975 0.360723 -0.0167189
0.532 0.880927 0.238836 0.358848 -0.0185867
0.56 0.873918 0.250577 0.356877 -0.0205464
0.588 0.866575 0.262194 0.354812 -0.0225965
0.616 0.858901 0.273678 0.352652 -0.0247355
0.644 0.850902 0.285026 0.350399 -0.026962
0.672 0.84258 0.296232 0.348053 -0.0292743
0.7 0.83394 0.307289 0.345616 -0.0316707
0.728 0.824986 0.318193 0.343089 -0.0341495
0.756 0.815723 0.328939 0.340472 -0.036709
0.784 0.806156 0.33952 0.337767 -0.0393472
0.812 0.796289 0.349931 0.334976 -0.0420622
0.84 0.786128 0.360169 0.332098 -0.0448522
0.868 0.775678 0.370227 0.329136 -0.047715
0.896 0.764475 0.380033 0.325888 -0.0506245
0.924 0.753462 0.389716 0.32276 -0.0536273
0.952 0.742176 0.399205 0.319552 -0.0566965
0.98 0.730623 0.408495 0.316264 -0.0598301
1.008 0.718809 0.417583 0.312899 -0.0630256
1.036 0.706739 0.426464 0.309456 -0.0662808
1.064 0.69442 0.435134 0.305939 -0.0695933
1.092 0.681857 0.443587 0.302348 -0.0729607
1.12 0.669058 0.451822 0.298684 -0.0763806
1.148 0.656029 0.459833 0.29495 -0.0798503
1.176 0.642775 0.467617 0.291147 -0.0833675
1.204 0.629305 0.47517 0.287277 -0.0869294
1.232 0.615625 0.48249 0.28334 -0.0905336
1.26 0.601741 0.489571 0.27934 -0.0941774
1.288 0.58766 0.496412 0.275276 -0.0978581
1.316 0.57339 0.503009 0.271152 -0.101573
1.344 0.558657 0.50924 0.266854 -0.10531
1.372 0.544032 0.515338 0.262614 -0.109084
1.4 0.52924 0.521183 0.258318 -0.112885
1.428 0.514287 0.526774 0.253968 -0.116709
1.456 0.499182 0.532108 0.249567 -0.120553
1.484 0.483931 0.537181 0.245115 -0.124414
1.512 0.468543 0.541993 0.240614 -0.12829
1.54 0.453025 0.546542 0.236067 -0.132178
1.568 0.437384 0.550824 0.231475 -0.136074
1.596 0.42163 0.55484 0.226841 -0.139977
1.624 0.405768 0.558586 0.222165 -0.143882
1.652 0.389808 0.562063 0.217451 -0.147788
1.68 0.373757 0.565267 0.212699 -0.151691
1.708 0.357623 0.5682 0.207912 -0.155587
1.736 0.341414 0.570859 0.203093 -0.159476
1.764 0.325137 0.573243 0.198241 -0.163352
1.792 0.305926 0.579113 0.19357 -0.170053
1.848 0.272986 0.582482 0.183739 -0.177844
1.904 0.23991 0.584738 0.173815 -0.18554
1.96 0.206763 0.58588 0.163814 -0.193116
2.016 0.173608 0.585911 0.153752 -0.200551
2.072 0.14051 0.584836 0.143645 -0.207819
2.128 0.107535 0.582664 0.133509 -0.2149
2.184 0.0747436 0.579403 0.12336 -0.22177
2.24 0.0422006 0.575067 0.113214 -0.228407
2.296 0.00996746 0.569669 0.103086 -0.234792
2.352 -0.0218946 0.563227 0.0929933 -0.240902
2.408 -0.0533256 0.555759 0.0829503 -0.246718
2.464 -0.0842665 0.547287 0.0729727 -0.25222
2.52 -0.11466 0.537835 0.0630755 -0.257391
2.576 -0.14445 0.527427 0.0532737 -0.262211
2.632 -0.173581 0.516091 0.0435818 -0.266665
2.688 -0.201447 0.503974 0.0342415 -0.270718
2.744 -0.229096 0.490882 0.0248156 -0.274392
2.8 -0.255935 0.476957 0.0155417 -0.277654
2.856 -0.281915 0.462232 0.00643302 -0.280491
2.912 -0.306991 0.446743 -0.00249752 -0.282892
2.968 -0.331121 0.43053 -0.0112375 -0.284845
3.024 -0.354264 0.413631 -0.0197748 -0.286341
3.08 -0.376382 0.396086 -0.028098 -0.287371
3.136 -0.397438 0.377937 -0.0361959 -0.287928
3.192 -0.4174 0.359227 -0.044058 -0.288004
3.248 -0.436237 0.340001 -0.0516742 -0.287596
3.304 -0.45392 0.320302 -0.0590348 -0.286699
3.36 -0.470424 0.300177 -0.066131 -0.285311
3.416 -0.485726 0.279671 -0.0729543 -0.283431
3.472 -0.499807 0.258832 -0.0794969 -0.281058
3.528 -0.512648 0.237708 -0.0857514 -0.278193
3.584 -0.524992 0.216631 -0.0912325 -0.276418
3.696 -0.544289 0.173294 -0.102238 -0.268211
3.808 -0.55846 0.129588 -0.112001 -0.258099
3.92 -0.567492 0.0858997 -0.12049 -0.246148
4.032 -0.571419 0.0426088 -0.127685 -0.23244
4.144 -0.570315 8.74156e-05 -0.133574 -0.217077
4.256 -0.564301 -0.0413043 -0.138157 -0.200177
4.368 -0.553537 -0.081221 -0.141441 -0.181876
4.48 -0.538224 -0.119336 -0.143446 -0.162321
4.592 -0.518598 -0.155342 -0.144199 -0.141677
4.704 -0.494933 -0.188959 -0.143736 -0.120115
4.816 -0.467531 -0.219928 -0.142104 -0.0978197
4.928 -0.436723 -0.248021 -0.139353 -0.0749822
5.04 -0.402868 -0.273041 -0.135546 -0.0517995
5.152 -0.366343 -0.294821 -0.130749 -0.0284726
5.264 -0.327544 -0.313226 -0.125036 -0.00520459
5.376 -0.28723 -0.327998 -0.118542 0.0176088
5.488 -0.245139 -0.339407 -0.111243 0.04015
5.6 -0.202025 -0.347244 -0.103276 0.0620339
5.712 -0.158312 -0.351512 -0.0947319 0.0830707
5.824 -0.114425 -0.352246 -0.085703 0.103079
5.936 -0.0707786 -0.349516 -0.076283 0.121886
6.048 -0.0277798 -0.343421 -0.0665664 0.139331
6.16 0.0141795 -0.334095 -0.0566474 0.155269
6.272 0.0547249 -0.321697 -0.0466195 0.169567
6.384 0.0935028 -0.306413 -0.0365741 0.182107
6.496 0.130183 -0.288456 -0.0266004 0.192793
6.608 0.164464 -0.26806 -0.0167843 0.201541
6.72 0.19607 -0.245478 -0.00720779 0.208291
6.832 0.22476 -0.220982 0.00205143 0.212999
6.944 0.250324 -0.194855 0.0109208 0.215643
7.056 0.272587 -0.167393 0.0193334 0.21622
7.168 0.290906 -0.138974 0.0269805 0.214789
7.392 0.317805 -0.0802021 0.0409743 0.205877
7.616 0.330222 -0.0210205 0.0523389 0.189455
7.84 0.328371 0.036178 0.0608354 0.166329
8.064 0.313019 0.0891661 0.0663415 0.137554
8.288 0.285438 0.135966 0.0688509 0.104385
8.512 0.247336 0.174923 0.068467 0.068228
8.736 0.200774 0.204756 0.0653946 0.0305817
8.96 0.14807 0.224607 0.0599265 -0.00702694
9.184 0.0916985 0.234056 0.0524291 -0.0431028
9.408 0.0341834 0.233126 0.0433243 -0.0762432
9.632 -0.0220069 0.22227 0.0330718 -0.105193
9.856 -0.0745582 0.202338 0.022149 -0.128895
10.08 -0.1214 0.17453 0.0110326 -0.146527
10.304 -0.160783 0.140332 0.000180373 -0.157534
10.528 -0.19134 0.101452 -0.00998598 -0.161644
10.752 -0.21134 0.0599678 -0.0189534 -0.158456
10.976 -0.22191 0.0174492 -0.0266811 -0.14919
11.2 -0.222224 -0.0241371 -0.03281 -0.133938
11.424 -0.212688 -0.063023 -0.0371803 -0.113503
11.648 -0.194116 -0.0976158 -0.0397116 -0.0888887
11.872 -0.167682 -0.126561 -0.0404025 -0.0612479
12.096 -0.134856 -0.148793 -0.0393269 -0.0318355
12.32 -0.0973348 -0.163573 -0.0366274 -0.00195119
12.544 -0.0569556 -0.170509 -0.032506 0.0271158
12.768 -0.0156165 -0.169566 -0.0272135 0.0541417
12.992 0.0248094 -0.161054 -0.0210366 0.0780185
13.216 0.0625544 -0.145606 -0.0142846 0.0977995
13.44 0.0960301 -0.124138 -0.00727565 0.112736
13.664 0.123891 -0.0978079 -0.000323276 0.122307
13.888 0.145085 -0.0679491 0.0062767 0.126235
14.112 0.158892 -0.0360133 0.0122575 0.124492
14.336 0.16352 -0.00389102 0.0171363 0.116527
14.784 0.152871 0.056523 0.0241466 0.0881296
15.232 0.115697 0.103038 0.0263457 0.0459942
15.68 0.0603106 0.128286 0.023811 -0.00190897
16.128 -0.0022895 0.129051 0.0174054 -0.046976
16.576 -0.0604933 0.106609 0.00856814 -0.0814801
17.024 -0.104153 0.0662688 -0.000972281 -0.0998748
17.472 -0.126291 0.0162374 -0.0095117 -0.0996718
17.92 -0.124163 -0.0339803 -0.015656 -0.0817537
18.368 -0.0995199 -0.075329 -0.0185336 -0.0500869
18.816 -0.0580627 -0.100794 -0.0179043 -0.0109047
19.264 -0.00822395 -0.106556 -0.0141533 0.0284799
19.712 0.0404805 -0.0925325 -0.0081795 0.0610097
20.16 0.0792156 -0.0622192 -0.001203 0.0811273
20.608 0.101388 -0.0219069 0.00546856 0.0857111
21.056 0.103733 0.0205761 0.0106736 0.0745457
21.504 0.0857306 0.056053 0.0133524 0.0498591
21.952 0.0540835 0.0803449 0.0136378 0.0179195
22.4 0.0138802 0.0886943 0.0114435 -0.0160312
22.848 -0.0270649 0.0802424 0.00733018 -0.0457361
23.296 -0.0611412 0.0572489 0.00216366 -0.0659306
23.744 -0.0823277 0.0245571 -0.00305755 -0.0732632
24.192 -0.0872336 -0.0113923 -0.00738785 -0.066842
24.64 -0.0756166 -0.0438034 -0.0100997 -0.0483181
25.088 -0.0503048 -0.066788 -0.0108008 -0.0215049
25.536 -0.016558 -0.076418 -0.0094841 0.00838525
25.984 0.018996 -0.0713819 -0.00650784 0.035737
26.432 0.0496377 -0.0531377 -0.00251002 0.0555736
26.88 0.0698062 -0.0255506 0.00172171 0.0644527
27.328 0.0760913 0.00590237 0.00540039 0.061056
27.776 0.0677949 0.0352008 0.00788204 0.0463737
28.224 0.0469715 0.0569172 0.00877493 0.0234592
28.672 0.0179323 0.0645679 0.00771919 -0.00248562
29.568 -0.0392219 0.0480872 0.00257324 -0.0455146
30.464 -0.064806 -0.00141027 -0.00382316 -0.0540527
31.36 -0.0427104 -0.0469353 -0.00695556 -0.0239831
32.256 0.00849197 -0.0564473 -0.00497569 0.0214751
33.152 0.0506871 -0.0251764 0.000280113 0.0494201
34.048 0.0542863 0.0224535 0.00487895 0.0408885
34.944 0.018759 0.0516203 0.00567958 0.00360851
35.84 -0.0284787 0.0423484 0.00243645 -0.0346243
36.736 -0.0529673 0.00304409 -0.00226223 -0.0464908
37.632 -0.0381422 -0.0367568 -0.00501184 -0.0245494
38.528 0.00360685 -0.0483975 -0.00402424 0.0142093
39.424 0.0410422 -0.0245962 -0.000260495 0.0413627
40.32 0.0472754 0.0161394 0.00343287 0.0377741
41.216 0.0189528 0.0437498 0.00444805 0.00700941
42.112 -0.0221746 0.0386713 0.00223537 -0.0279105
43.008 -0.042822 0.00582599 -0.00129555 -0.0390279
43.904 -0.033381 -0.0281579 -0.00359712 -0.0235619
44.8 3.54437e-05 -0.0405506 -0.00319205 0.00851082
45.696 0.0323387 -0.0230323 -0.000530283 0.0334922
46.592 0.0400473 0.0107608 0.0023596 0.0334639
47.488 0.0182731 0.0357587 0.00340007 0.00908984
48.384 -0.0162661 0.0339693 0.00194533 -0.0213219
49.28 -0.037997 0.00737252 -0.000833587 -0.0354979
50.176 -0.0313431 -0.0240076 -0.00287645 -0.0234527
51.072 -0.00183973 -0.0371051 -0.00274996 0.00550406
51.968 0.0283859 -0.0227034 -0.0006446 0.0299068
52.864 0.037138 0.0081103 0.00183499 0.031986
53.76 0.0183921 0.0324271 0.00288346 0.0105694
54.656 -0.013588 0.0324859 0.00180127 -0.0183088
55.552 -0.0350512 0.00860608 -0.000545624 -0.0333631
56.448 -0.0303374 -0.0213071 -0.00240985 -0.0236981
57.344 -0.00347929 -0.030538 -0.00215394 0.00230523
59.136 0.0307718 0.00474153 0.00124711 0.0272401
60.928 -0.0094245 0.0275387 0.00149081 -0.0133629
62.72 -0.0258812 -0.0160318 -0.0017546 -0.0210228
64.512 0.0200022 -0.0201563 -0.000685562 0.021728
66.304 0.0168979 0.024126 0.00192384 0.0116357
68.096 -0.0267538 0.00968509 -0.000134648 -0.0262469
69.888 -0.0053475 -0.027891 -0.00176912 -0.000559667
71.68 0.0287417 0.00218959 0.000853067 0.0262977
73.472 -0.00691616 0.0268172 0.00134246 -0.0104984
75.264 -0.0257239 -0.0135891 -0.0013758 -0.02189
77.056 0.0179252 -0.0210855 -0.000727714 0.0198029
78.848 0.0181673 0.0226882 0.00163813 0.0136618
80.64 -0.0258878 0.0115666 2.6413e-05 -0.0258416
82.432 -0.00723316 -0.0279548 -0.00161409 -0.00283941
84.224 0.0294194 0.000285691 0.000652484 0.0275283
86.016 -0.0037911 0.0230812 0.00108323 -0.00670534
87.808 -0.0224617 -0.00957765 -0.000944751 -0.0198115
89.6 0.0134788 -0.0191572 -0.000662326 0.0152175
91.392 0.0168782 0.0179194 0.00120401 0.0135492
93.184 -0.0209435 0.0116983 0.000143838 -0.021252
94.976 -0.00808354 -0.0232688 -0.00124885 -0.00466607
96.768 0.024839 -0.00186241 0.000386262 0.0236986
98.56 -0.00252722 0.0245889 0.00107617 -0.00543903
100.352 -0.0243376 -0.00876352 -0.000842674 -0.0219625
102.144 0.0131992 -0.0214502 -0.000716413 0.015099
103.936 0.0192931 0.0183732 0.00115066 0.0161
105.728 -0.0220607 0.014136 0.00022784 -0.0226056
107.52 -0.0103072 -0.0252023 -0.0012582 -0.00685152
109.312 0.0274075 -0.00364125 0.000309774 0.0264755
111.104 -0.00131249 0.027822 0.00114276 -0.0044181
112.896 -0.0279947 -0.00841333 -0.000807231 -0.0257089
