#0.00515958221598853 1.00000322936686 1.55370245881948 1.0 1.0 0.001 0.0536477429684023 0.99798967256291 -3.88302463251603 0.00492382009790824 0.999737521106618 1.75231931757165
0 0.920996 0 0.335262 -9.35824e-07
0.082 0.919461 0.0363338 0.334793 -0.000238624
0.164 0.914861 0.072534 0.333388 -0.000950333
0.246 0.907214 0.108467 0.331053 -0.00213198
0.328 0.896548 0.144002 0.327794 -0.00377678
0.41 0.882905 0.179008 0.323624 -0.00587531
0.492 0.866335 0.213356 0.318556 -0.00841552
0.574 0.846902 0.246922 0.312608 -0.0113828
0.656 0.824679 0.279582 0.3058 -0.0147601
0.738 0.79975 0.311219 0.298155 -0.0185279
0.82 0.772208 0.341717 0.289699 -0.0226645
0.902 0.742159 0.370968 0.280462 -0.027146
0.984 0.709714 0.398866 0.270474 -0.0319464
1.066 0.674995 0.425312 0.259769 -0.0370377
1.148 0.638134 0.450213 0.248384 -0.0423904
1.23 0.599268 0.473483 0.236357 -0.0479732
1.312 0.557657 0.494689 0.2234 -0.0537325
1.394 0.515242 0.514441 0.210219 -0.0596744
1.476 0.471279 0.532342 0.196523 -0.0657442
1.558 0.425931 0.548333 0.182359 -0.071906
1.64 0.379365 0.562362 0.167773 -0.0781229
1.722 0.331754 0.574387 0.152815 -0.0843575
1.804 0.283274 0.584374 0.137534 -0.090572
1.886 0.234102 0.592294 0.12198 -0.0967286
1.968 0.184419 0.598129 0.106205 -0.102789
2.05 0.134405 0.601869 0.0902602 -0.108717
2.132 0.0842415 0.603513 0.0741979 -0.114473
2.214 0.0341106 0.603065 0.0580701 -0.120023
2.296 -0.0158078 0.600542 0.0419288 -0.125329
2.378 -0.0653353 0.595964 0.0258261 -0.130358
2.46 -0.114296 0.589364 0.00981312 -0.135075
2.542 -0.162516 0.580779 -0.00605928 -0.139448
2.624 -0.209282 0.570232 -0.0215645 -0.143389
2.706 -0.255497 0.557837 -0.0369992 -0.146984
2.788 -0.30048 0.543619 -0.0521467 -0.150149
2.87 -0.344075 0.527646 -0.0669606 -0.152858
2.952 -0.386136 0.509992 -0.081396 -0.155089
3.034 -0.426523 0.490737 -0.0954097 -0.156821
3.116 -0.465103 0.469969 -0.10896 -0.158036
3.198 -0.501749 0.447778 -0.122008 -0.158716
3.28 -0.536346 0.424262 -0.134516 -0.15885
3.362 -0.568786 0.399521 -0.146449 -0.158427
3.444 -0.59897 0.373662 -0.157774 -0.157437
3.526 -0.626808 0.346794 -0.168461 -0.155876
3.608 -0.65222 0.319029 -0.178482 -0.153742
3.69 -0.675139 0.290483 -0.187811 -0.151034
3.772 -0.695503 0.261273 -0.196427 -0.147756
3.854 -0.713266 0.231518 -0.204308 -0.143913
3.936 -0.727886 0.201627 -0.211227 -0.139592
4.018 -0.740347 0.171164 -0.217593 -0.134656
4.1 -0.750125 0.140519 -0.223183 -0.129189
4.182 -0.757213 0.109814 -0.227989 -0.123209
4.264 -0.761618 0.0791669 -0.232006 -0.116736
4.346 -0.763353 0.0486981 -0.23523 -0.10979
4.428 -0.762443 0.0185241 -0.237662 -0.102396
4.51 -0.758926 -0.0112407 -0.239305 -0.0945809
4.592 -0.752844 -0.0404844 -0.240165 -0.0863727
4.674 -0.744255 -0.0690984 -0.24025 -0.0778022
4.756 -0.733222 -0.0969778 -0.239572 -0.0689018
4.838 -0.719819 -0.124022 -0.238145 -0.0597058
4.92 -0.704128 -0.150134 -0.235986 -0.0502498
5.002 -0.686239 -0.175223 -0.233112 -0.0405709
5.084 -0.66625 -0.199202 -0.229546 -0.0307077
5.166 -0.644267 -0.221991 -0.225312 -0.0206993
5.248 -0.625626 -0.249053 -0.221918 -0.0111285
5.412 -0.571371 -0.288433 -0.210103 0.00981692
5.576 -0.511069 -0.321876 -0.196067 0.0306749
5.74 -0.445826 -0.349013 -0.180082 0.0511034
5.904 -0.376798 -0.369588 -0.162443 0.0707661
6.068 -0.305177 -0.383463 -0.14346 0.0893386
6.232 -0.232161 -0.390616 -0.123454 0.106515
6.396 -0.158941 -0.391137 -0.102751 0.122014
6.56 -0.0866787 -0.385228 -0.0816773 0.135582
6.724 -0.0164872 -0.373194 -0.0605553 0.147002
6.888 0.0505868 -0.355437 -0.0396966 0.156092
7.052 0.113578 -0.332447 -0.0193987 0.162715
7.216 0.17162 -0.304788 5.95827e-05 0.166777
7.38 0.223952 -0.273092 0.0184221 0.168226
7.544 0.269936 -0.238041 0.0354588 0.167063
7.708 0.30906 -0.200358 0.0509684 0.163329
7.872 0.339998 -0.161135 0.0644756 0.157016
8.036 0.364435 -0.120513 0.0764538 0.148489
8.2 0.381295 -0.0795127 0.0864994 0.13779
8.364 0.390607 -0.038872 0.094545 0.125127
8.528 0.392526 0.000701799 0.100558 0.110742
8.692 0.387332 0.0385424 0.104539 0.0949071
8.856 0.375421 0.0740357 0.106522 0.077914
9.02 0.35729 0.10663 0.106574 0.0600737
9.184 0.333531 0.135843 0.104788 0.0417077
9.348 0.304813 0.161271 0.101286 0.0231428
9.512 0.27187 0.182591 0.0962133 0.00470461
9.676 0.235484 0.199569 0.089734 -0.0132882
9.84 0.196471 0.212057 0.08203 -0.0305301
10.004 0.155665 0.219995 0.0732963 -0.0467338
10.168 0.113899 0.223411 0.0637367 -0.0616362
10.332 0.0719935 0.222416 0.0535606 -0.0750018
10.496 0.0299074 0.217561 0.0428493 -0.0870578
10.824 -0.0477334 0.195373 0.0213146 -0.104498
11.152 -0.11445 0.160282 0.000583191 -0.113434
11.48 -0.166189 0.115929 -0.0179603 -0.113658
11.808 -0.200321 0.0664015 -0.0332066 -0.10561
12.136 -0.215746 0.0158961 -0.0443781 -0.0903265
12.464 -0.212863 -0.0316091 -0.0510576 -0.0693341
12.792 -0.193442 -0.072646 -0.0531899 -0.0445179
13.12 -0.160392 -0.104492 -0.0510564 -0.0179624
13.448 -0.117457 -0.125337 -0.0452282 0.00821748
13.776 -0.0688645 -0.134361 -0.0365002 0.0320405
14.104 -0.0189676 -0.131743 -0.025815 0.0518074
14.432 0.0281115 -0.118576 -0.0141797 0.0662207
14.76 0.0687897 -0.0967242 -0.00258566 0.0744689
15.088 0.100271 -0.0686244 0.00806572 0.0762676
15.416 0.120714 -0.0370499 0.0170246 0.0718579
15.744 0.128796 -0.00519134 0.0235848 0.0618643
16.072 0.125899 0.0247957 0.0277311 0.0476946
16.4 0.112591 0.0503528 0.0292166 0.0305772
16.728 0.0908094 0.0696625 0.0281635 0.0120804
17.056 0.0630525 0.0815534 0.0248861 -0.00620129
17.384 0.0321356 0.0855563 0.0198512 -0.0227786
17.712 0.000933882 0.0818983 0.0136282 -0.0363845
18.04 -0.0278621 0.0714397 0.00683533 -0.0460672
18.368 -0.0519605 0.0555605 8.59254e-05 -0.0512535
18.696 -0.0696347 0.0360112 -0.0060612 -0.0517766
19.024 -0.0798317 0.0147404 -0.011143 -0.0478699
19.352 -0.082217 -0.00628438 -0.014823 -0.0401268
19.68 -0.0771545 -0.0252463 -0.0169088 -0.0294324
20.008 -0.0656296 -0.0406263 -0.0173575 -0.0168739
20.336 -0.0491225 -0.0513161 -0.0162674 -0.00363745
20.664 -0.0294477 -0.056689 -0.0138592 0.00909734
20.992 -0.00860249 -0.0561272 -0.0103704 0.0200178
21.648 0.0288111 -0.0417275 -0.00216511 0.0342671
22.304 0.0512142 -0.0150354 0.00544208 0.035395
22.96 0.0530052 0.0133361 0.0100471 0.0244954
23.616 0.0362757 0.0334906 0.0105821 0.00656366
24.272 0.00916451 0.0395136 0.007475 -0.0115651
24.928 -0.0176391 0.0310314 0.00230071 -0.0236993
25.584 -0.034855 0.0127147 -0.00289791 -0.0263247
26.24 -0.0376408 -0.00789014 -0.00635371 -0.01954
26.896 -0.0267557 -0.0232885 -0.00713075 -0.00667396
27.552 -0.00766068 -0.0286396 -0.00533024 0.00717038
28.208 0.0119168 -0.0231663 -0.00192149 0.0170504
28.864 0.0249467 -0.0100015 0.00169994 0.0198881
29.52 0.0275026 0.0053218 0.0042445 0.0153739
30.176 0.0198223 0.0170766 0.00495995 0.00582162
30.832 0.0057863 0.0213997 0.00382604 -0.00488447
31.488 -0.00842959 0.0172008 0.00148155 -0.0124174
32.144 -0.0181372 0.00759586 -0.00104893 -0.0149873
32.8 -0.0201724 -0.00380716 -0.00289148 -0.0118902
33.456 -0.0145819 -0.0126693 -0.00347135 -0.00476491
34.112 -0.00418733 -0.0159945 -0.00273032 0.00344146
34.768 0.00671104 -0.0130929 -0.00108865 0.00964721
35.424 0.0140445 -0.00562063 0.000758272 0.0117625
36.08 0.0154434 0.00323802 0.00211893 0.00936572
36.736 0.0109503 0.0100751 0.00255337 0.00372019
37.392 0.00278415 0.0125326 0.00200462 -0.00282292
38.048 -0.00567375 0.0100817 0.000778897 -0.00777267
38.704 -0.0112348 0.00406361 -0.000603103 -0.00942455
39.36 -0.0120701 -0.00296472 -0.00161738 -0.00742784
40.016 -0.00827605 -0.00828133 -0.00192798 -0.00281222
40.672 -0.00167617 -0.0100278 -0.00149116 0.00249704
41.328 0.00500307 -0.00783514 -0.000542867 0.00646026
41.984 0.00864849 -0.00281503 0.000461283 0.00726544
43.296 0.00600436 0.00650068 0.00139929 0.00203458
44.608 -0.00413043 0.00581803 0.00036383 -0.00510217
45.92 -0.00724206 -0.00246301 -0.000955194 -0.00449782
47.232 -0.000261696 -0.00627028 -0.000801882 0.0019829
48.544 0.00606141 -0.00117065 0.000372351 0.00495945
49.856 0.00337304 0.00480498 0.000863868 0.000921937
51.168 -0.00349266 0.00352521 0.000138092 -0.00384632
52.48 -0.00473847 -0.00235438 -0.000657122 -0.00285267
53.792 0.000601173 -0.00431399 -0.000458566 0.00188176
55.104 0.00446692 -0.000167683 0.000322581 0.00352206
56.416 0.00177232 0.00372784 0.000560167 0.000184159
57.728 -0.00304139 0.00208005 1.18992e-05 -0.00304896
59.04 -0.00313972 -0.00224795 -0.000478665 -0.00176822
60.352 0.00110139 -0.00302425 -0.000257365 0.00181617
61.664 0.00337933 0.000459053 0.000285392 0.00254942
62.976 0.00074828 0.00267903 0.000341934 -0.000220116
64.288 -0.00237489 0.00106893 -4.44807e-05 -0.00223147
65.6 -0.00188688 -0.00186411 -0.000322637 -0.000963673
66.912 0.00117712 -0.00192384 -0.000126305 0.00152451
68.224 0.00230851 0.000703255 0.000220335 0.00167051
69.536 0.000109963 0.00211158 0.000224861 -0.000525212
70.848 -0.00204656 0.000440846 -8.09897e-05 -0.00180376
72.16 -0.00114462 -0.00170779 -0.000242265 -0.000452744
73.472 0.0012921 -0.00128001 -5.13071e-05 0.0014284
74.784 0.00171123 0.000917814 0.00019163 0.00115847
76.096 -0.000319161 0.00165278 0.000144213 -0.000724815
77.408 -0.00174533 -4.39525e-06 -9.97822e-05 -0.00145212
78.72 -0.000593277 -0.00153807 -0.000181891 -7.49844e-05
80.032 0.00132141 -0.000782684 -1.94192e-06 0.00131888
81.344 0.00122686 0.00103706 0.000165239 0.0007517
82.656 -0.000610898 0.00126396 8.61361e-05 -0.000851284
83.968 -0.00119336 -0.00022214 -8.36889e-05 -0.000949259
86.592 0.00101616 -0.000349932 2.0077e-05 0.000953485
89.216 -0.000600427 0.000756129 3.81646e-05 -0.000705404
91.84 8.23496e-05 -0.000916202 -7.72315e-05 0.000301135
94.464 0.000395804 0.000820622 9.03619e-05 0.000137135
97.088 -0.000719554 -0.000523196 -7.81907e-05 -0.00049379
99.712 0.000825212 0.000120619 4.7404e-05 0.000686467
102.336 -0.000709115 0.000275381 -8.25286e-06 -0.000682335
104.96 0.000421146 -0.000566191 -2.84039e-05 0.000500077
107.584 -4.87081e-05 0.000687863 5.36415e-05 -0.000201226
110.208 -0.000308511 -0.000623203 -6.24036e-05 -0.000129435
112.832 0.000562298 0.000402113 5.42176e-05 0.000405458
115.456 -0.000656056 -9.04018e-05 -3.27716e-05 -0.00055998
118.08 0.000576193 -0.000228069 4.65361e-06 0.000560663
120.704 -0.000352006 0.000472704 2.25181e-05 -0.000414918
123.328 4.65815e-05 -0.000585242 -4.19813e-05 0.000166246
125.952 0.000210029 0.000389161 3.62552e-05 0.000105746
128.576 -0.000366214 -0.000243536 -3.06702e-05 -0.000277318
131.2 0.000420501 4.23838e-05 1.76157e-05 0.000368724
133.824 -0.00036443 0.000160859 -9.52537e-07 -0.000360489
136.448 0.000216929 -0.000314774 -1.48662e-05 0.00025873
139.072 -1.88598e-05 0.000382147 2.58907e-05 -9.28577e-05
141.696 -0.000178128 -0.000348859 -2.96347e-05 -9.27818e-05
144.32 0.000324234 0.000226109 2.5542e-05 0.000250149
146.944 -0.000383761 -4.71923e-05 -1.50354e-05 -0.000339586
149.568 0.000343176 -0.00014139 1.05123e-06 0.000339183
152.192 -0.00021422 0.000291499 1.27277e-05 -0.000250084
154.816 3.05639e-05 -0.000365075 -2.27977e-05 9.58087e-05
157.44 0.000160789 0.000343697 2.67063e-05 8.38139e-05
160.064 -0.000311034 -0.000232523 -2.35894e-05 -0.000242596
162.688 0.000381492 5.97478e-05 1.43832e-05 0.000339281
165.312 -0.000353366 0.000130998 -1.5177e-06 -0.000348141
167.936 0.000115353 -0.000167741 -7.23474e-06 0.000135821
173.184 -9.39076e-05 -0.000188384 -1.38176e-05 -5.40247e-05
178.432 -0.000208378 -2.67712e-05 -6.82668e-06 -0.000188299
183.68 -0.000120267 0.000159906 6.36691e-06 -0.000138295
188.928 8.55253e-05 0.000191999 1.29801e-05 4.80425e-05
194.176 0.000211693 3.62098e-05 6.87798e-06 0.000191496
199.424 0.000133518 -0.000160828 -5.8934e-06 0.000150213
204.672 -8.07152e-05 -0.000207606 -1.29824e-05 -4.32163e-05
209.92 -0.000227322 -4.97584e-05 -7.40772e-06 -0.000205603
215.168 -0.000156713 0.000169953 5.7084e-06 -0.000172884
220.416 7.82857e-05 0.00023705 1.37603e-05 3.85354e-05
225.664 0.00025717 6.96332e-05 8.47359e-06 0.000232365
230.912 0.000193355 -0.000188159 -5.77921e-06 0.000209713
236.16 -7.73603e-05 -0.000284674 -1.53921e-05 -3.28915e-05
241.408 -0.000305321 -9.95107e-05 -1.02085e-05 -0.000275469
246.656 -0.00024981 0.000217579 6.0655e-06 -0.000266967
251.904 4.46575e-05 0.000155972 8.0627e-06 2.13485e-05
257.152 0.000165154 5.10038e-05 5.05604e-06 0.000150363
262.4 0.000130002 -0.00011734 -3.27095e-06 0.000139281
267.648 -4.2507e-05 -0.000184941 -8.95754e-06 -1.66102e-05
272.896 -0.000192997 -7.03391e-05 -6.03423e-06 -0.000175365
278.144 -0.000164181 0.000132916 3.37015e-06 -0.000173732
283.392 3.96639e-05 0.000227498 1.03566e-05 9.72413e-06
288.64 0.000233791 9.86603e-05 7.47718e-06 0.000211966
293.888 0.000214321 -0.000155368 -3.5585e-06 0.000224386
299.136 -3.48481e-05 -0.000289771 -1.24337e-05 1.09618e-06
304.384 -0.000293087 -0.000141212 -9.59532e-06 -0.000265099
309.632 -0.000288887 0.000187156 3.82869e-06 -0.000299692
314.88 2.58274e-05 0.000381871 1.54821e-05 -1.8931e-05
320.128 0.000379862 0.000206297 1.27257e-05 0.00034277
325.376 0.000401526 -0.000232111 -4.1786e-06 0.000413282
330.624 -8.72853e-06 -0.000519782 -1.99451e-05 4.89373e-05
