#0.00844589772712946 1.00001954322514 1.8209323098276 0.00269841635957651 1.63619627572118 0.0009998537611662 -0.0190968341711511 1.09232358359145 -2.51736655304097 0.00183489125902492 1.41078859391897 1.48456504011309
0 0.922384 0 0.337311 -6.72639e-07
0.076 0.921061 0.0337812 0.336909 -0.000215407
0.152 0.917098 0.0674543 0.335705 -0.000858551
0.228 0.910507 0.100912 0.333702 -0.00192692
0.304 0.90131 0.134047 0.330907 -0.00341523
0.38 0.889537 0.166753 0.327327 -0.00531609
0.456 0.875228 0.198927 0.322973 -0.0076201
0.532 0.858428 0.230467 0.317859 -0.0103158
0.608 0.839194 0.261271 0.311998 -0.0133899
0.684 0.817588 0.291243 0.305409 -0.016827
0.76 0.793682 0.320289 0.298111 -0.02061
0.836 0.767554 0.348317 0.290125 -0.0247201
0.912 0.739289 0.375239 0.281475 -0.0291367
0.988 0.708979 0.400972 0.272186 -0.0338377
1.064 0.676725 0.425437 0.262286 -0.0387996
1.14 0.642631 0.448558 0.251804 -0.0439974
1.216 0.605854 0.469949 0.240417 -0.049389
1.292 0.568432 0.490161 0.228869 -0.0549786
1.368 0.529521 0.508834 0.216834 -0.0607219
1.444 0.489244 0.525914 0.204349 -0.0665899
1.52 0.447734 0.541352 0.19145 -0.0725524
1.596 0.405124 0.555106 0.178174 -0.0785788
1.672 0.36155 0.567137 0.164558 -0.0846379
1.748 0.317153 0.577415 0.150644 -0.0906981
1.824 0.272074 0.585914 0.136469 -0.0967279
1.9 0.226457 0.592617 0.122075 -0.102695
1.976 0.180447 0.597509 0.107502 -0.108569
2.052 0.13419 0.600584 0.0927924 -0.114317
2.128 0.0878305 0.601843 0.0779871 -0.119908
2.204 0.041515 0.601292 0.0631276 -0.125312
2.28 -0.00461217 0.598942 0.0482554 -0.130499
2.356 -0.0504077 0.594812 0.033412 -0.135439
2.432 -0.0952722 0.588852 0.0187829 -0.14004
2.508 -0.13996 0.58125 0.00412623 -0.144402
2.584 -0.1839 0.571961 -0.0103802 -0.148435
2.66 -0.226957 0.561026 -0.0246971 -0.152117
2.736 -0.269003 0.548492 -0.0387862 -0.155422
2.812 -0.309913 0.534413 -0.0526101 -0.15833
2.888 -0.349565 0.518845 -0.0661322 -0.160819
2.964 -0.387845 0.501852 -0.0793175 -0.162872
3.04 -0.424641 0.4835 -0.0921319 -0.164471
3.116 -0.45985 0.46386 -0.104543 -0.165602
3.192 -0.493372 0.443009 -0.11652 -0.166251
3.268 -0.525115 0.421025 -0.128032 -0.166408
3.344 -0.554993 0.39799 -0.139053 -0.166064
3.42 -0.582928 0.373991 -0.149556 -0.165212
3.496 -0.608848 0.349116 -0.159517 -0.163847
3.572 -0.632689 0.323455 -0.168913 -0.161967
3.648 -0.65384 0.297328 -0.177499 -0.159621
3.724 -0.67336 0.270395 -0.185704 -0.156717
3.8 -0.690654 0.242962 -0.193289 -0.153303
3.876 -0.705691 0.215124 -0.20024 -0.149386
3.952 -0.718443 0.186979 -0.206544 -0.144974
4.028 -0.728895 0.158626 -0.212191 -0.140077
4.104 -0.737036 0.130162 -0.217174 -0.134709
4.18 -0.742865 0.101685 -0.221485 -0.128884
4.256 -0.746389 0.0732916 -0.225121 -0.122618
4.332 -0.747622 0.0450773 -0.228081 -0.11593
4.408 -0.746586 0.0171363 -0.230365 -0.108841
4.484 -0.74331 -0.0104391 -0.231976 -0.101371
4.56 -0.737832 -0.0375586 -0.232918 -0.0935464
4.636 -0.730196 -0.0641347 -0.233197 -0.0853909
4.712 -0.720453 -0.0900821 -0.232823 -0.0769319
4.788 -0.708662 -0.115319 -0.231807 -0.0681975
4.864 -0.70205 -0.143864 -0.231791 -0.0610541
5.016 -0.667728 -0.190673 -0.226485 -0.041963
5.168 -0.626349 -0.233378 -0.218843 -0.0222575
5.32 -0.578649 -0.271487 -0.20903 -0.00221313
5.472 -0.525437 -0.304589 -0.197233 0.017887
5.624 -0.467578 -0.332351 -0.183662 0.0377573
5.776 -0.405985 -0.354527 -0.168542 0.057114
5.928 -0.341601 -0.370956 -0.152113 0.0756804
6.08 -0.275385 -0.381567 -0.134624 0.0931908
6.232 -0.2083 -0.386374 -0.116332 0.109395
6.384 -0.141294 -0.385477 -0.0974961 0.124064
6.536 -0.0752943 -0.37906 -0.0783755 0.136989
6.688 -0.0111848 -0.367381 -0.0592248 0.147993
6.84 0.0501995 -0.350773 -0.0402914 0.156924
6.992 0.108086 -0.329633 -0.0218119 0.163665
7.144 0.161775 -0.304417 -0.00400927 0.168132
7.296 0.209668 -0.275711 0.0126363 0.170056
7.448 0.253183 -0.243975 0.0284715 0.169891
7.6 0.290925 -0.209792 0.043071 0.167418
7.752 0.322559 -0.173761 0.0562905 0.162698
7.904 0.347849 -0.136492 0.06801 0.155823
8.056 0.36666 -0.0985973 0.0781342 0.14692
8.208 0.378962 -0.0606809 0.0865936 0.136144
8.36 0.38482 -0.0233308 0.0933443 0.12368
8.512 0.384398 0.012891 0.0983682 0.109735
8.664 0.377949 0.0474564 0.101672 0.0945385
8.816 0.36581 0.0798791 0.103287 0.0783372
8.968 0.348396 0.109721 0.103268 0.0613897
9.12 0.326189 0.136597 0.101689 0.0439635
9.272 0.299728 0.160183 0.0986461 0.0263305
9.424 0.269603 0.180215 0.0942524 0.00876171
9.576 0.236441 0.196495 0.088636 -0.00847611
9.728 0.200439 0.209511 0.0818 -0.0252711
10.032 0.124666 0.222323 0.0657664 -0.05597
10.336 0.0474513 0.219649 0.0473286 -0.0815828
10.64 -0.026138 0.202755 0.0278176 -0.100751
10.944 -0.0916219 0.173748 0.00852095 -0.112572
11.248 -0.145356 0.135396 -0.00939102 -0.116645
11.552 -0.184717 0.0909049 -0.024928 -0.113082
11.856 -0.208207 0.0436856 -0.0373272 -0.102482
12.16 -0.215486 -0.00288709 -0.0460837 -0.0858799
12.464 -0.207316 -0.0456971 -0.0509634 -0.064657
12.768 -0.185444 -0.0820822 -0.0519974 -0.0404412
13.072 -0.152421 -0.109989 -0.0494608 -0.0149868
13.376 -0.11138 -0.128075 -0.0438368 0.00994731
13.68 -0.0657812 -0.135763 -0.0357704 0.0327172
13.984 -0.0191615 -0.133233 -0.0260147 0.0519004
14.288 0.025119 -0.121367 -0.0153734 0.0663842
14.592 0.0635128 -0.101565 -0.00474205 0.0751224
14.896 0.0947678 -0.0760603 0.00530918 0.0784362
15.2 0.116696 -0.0468807 0.0140798 0.0760832
15.504 0.1284 -0.0163765 0.021073 0.0685346
15.808 0.129775 0.0131548 0.0259529 0.0566013
16.112 0.121465 0.0396303 0.0285557 0.0413622
16.416 0.104772 0.0613186 0.0288883 0.0240759
16.72 0.0815163 0.0769437 0.0271151 0.00608433
17.024 0.053878 0.0857518 0.023535 -0.0112871
17.328 0.0242123 0.087535 0.0185511 -0.0268228
17.632 -0.00513154 0.0826157 0.0126347 -0.0394995
17.936 -0.0319816 0.0717921 0.00628755 -0.0485513
18.24 -0.0544926 0.0562524 3.8719e-06 -0.0535131
18.544 -0.0712615 0.0374644 -0.00576391 -0.0542406
18.848 -0.0814053 0.0170513 -0.0106345 -0.0509065
19.152 -0.0845946 -0.00333871 -0.0143201 -0.0439732
19.456 -0.0804262 -0.0218899 -0.0164632 -0.033995
20.064 -0.0565784 -0.0495357 -0.0168599 -0.00948046
20.672 -0.0191643 -0.0591985 -0.0123977 0.0150859
21.28 0.0191489 -0.050162 -0.00504393 0.032626
21.888 0.0469373 -0.0272622 0.00269172 0.0387699
22.496 0.0572136 0.00111843 0.00853398 0.0328719
23.104 0.0489829 0.0258889 0.0110555 0.0178633
23.712 0.0268763 0.040012 0.00997453 -0.000924645
24.32 -0.000836834 0.0403858 0.00609005 -0.0175409
24.928 -0.0251093 0.028372 0.000915461 -0.0272285
25.536 -0.038916 0.00893965 -0.00384963 -0.0277335
26.144 -0.0391645 -0.0111911 -0.00683899 -0.019762
26.752 -0.02723 -0.025758 -0.00738123 -0.00651447
27.36 -0.00808544 -0.0308218 -0.00561577 0.007491
27.968 0.0115785 -0.0257519 -0.00235662 0.0178981
28.576 0.025579 -0.0131119 0.00122846 0.0218245
29.184 0.0294929 0.0021356 0.00389346 0.0183402
29.792 0.0242811 0.0152042 0.00510788 0.00985308
30.4 0.0118951 0.0222167 0.00460063 -0.000963664
31.008 -0.00306099 0.0215234 0.00272396 -0.0105384
31.616 -0.0156049 0.0140463 0.000211554 -0.0159785
32.224 -0.0219756 0.00276647 -0.00208688 -0.0159169
32.832 -0.0207092 -0.00839071 -0.00347896 -0.0108204
33.44 -0.0129001 -0.0158748 -0.00362668 -0.00270342
34.048 -0.0016323 -0.0176043 -0.00261468 0.00562244
34.656 0.00917041 -0.0135076 -0.000881219 0.0114936
35.264 0.0160665 -0.00538465 0.000953576 0.0132257
35.872 0.0171577 0.00381688 0.00229933 0.010577
36.48 0.012572 0.011035 0.00277761 0.00472167
37.088 0.0042612 0.0140857 0.00232068 -0.00222369
37.696 -0.0047715 0.0123 0.00116375 -0.00794249
38.304 -0.0115233 0.00662714 -0.000257446 -0.010674
38.912 -0.0132583 -0.000585388 -0.00136368 -0.00931692
40.128 -0.00548567 -0.0104529 -0.00187824 -0.000205281
41.344 0.00748389 -0.00677903 -0.000178942 0.00789728
42.56 0.00986191 0.00426979 0.00143172 0.00577098
43.776 0.000372923 0.00882073 0.00113851 -0.00280045
44.992 -0.0082628 0.00241392 -0.000413407 -0.0070247
46.208 -0.0060164 -0.00601771 -0.00124401 -0.00248713
47.424 0.00306478 -0.00628139 -0.000507094 0.00444861
48.64 0.00738035 0.000946987 0.000709572 0.00532772
49.856 0.00237831 0.00620364 0.000921876 -0.000219052
51.072 -0.00488873 0.00344691 2.40295e-05 -0.00491017
52.288 -0.00547103 -0.00314482 -0.000779579 -0.00324122
53.504 0.000597884 -0.00525404 -0.000556538 0.00214951
54.72 0.00530624 -0.000804085 0.000296939 0.00442852
55.936 0.00310798 0.00417885 0.000690931 0.00114625
57.152 -0.0026494 0.00361036 0.000213498 -0.00322533
58.368 -0.00426504 -0.00109977 -0.000415491 -0.00306491
59.584 -0.000808157 -0.00381398 -0.00046878 0.000513309
60.8 0.003302 -0.00162758 4.5508e-05 0.00314806
62.016 0.00299568 0.00234812 0.000446209 0.00171956
63.232 -0.000951478 0.0031 0.000265114 -0.00168889
64.448 -0.0033863 -1.5455e-05 -0.000216303 -0.00275308
65.664 -0.00145017 -0.00285518 -0.000385334 -0.000356191
66.88 0.00211501 -0.00195043 -6.98012e-05 0.00229606
68.096 0.00278559 0.00129264 0.000299151 0.00192412
69.312 -4.26901e-05 0.00269457 0.000268012 -0.00079681
70.528 -0.00260879 0.000655398 -8.73802e-05 -0.00234489
71.744 -0.00175033 -0.00205559 -0.000303427 -0.000883784
72.96 0.00122759 -0.00202651 -0.000128322 0.00158113
74.176 0.00247657 0.000527038 0.000189411 0.00192652
75.392 0.000551633 0.0022633 0.000247543 -0.000150042
76.608 -0.00194494 0.00106422 -4.32768e-06 -0.00192057
77.824 -0.00157863 -0.00111137 -0.000189009 -0.00103527
80.256 0.00174409 -9.05184e-05 8.21399e-05 0.00150155
82.688 -0.00107001 0.00110092 4.62795e-05 -0.00119456
85.12 -2.61788e-05 -0.00147403 -0.000133426 0.000351323
87.552 0.000987534 0.00111054 0.000145277 0.000571008
89.984 -0.00138411 -0.000259721 -8.71741e-05 -0.00112993
92.416 0.00109077 -0.000632497 -4.44248e-06 0.00109776
94.848 -0.00031073 0.00114641 8.28049e-05 -0.000543906
97.28 -0.000550231 -0.00107534 -0.000113171 -0.000226609
99.712 0.00108446 0.000500349 8.68996e-05 0.00083279
102.144 -0.00106814 0.000272077 -2.22509e-05 -0.00100009
104.576 0.000547756 -0.0008663 -4.67907e-05 0.000678225
107.008 0.00020128 0.00101449 8.76128e-05 -4.85439e-05
109.44 -0.000815082 -0.000672306 -8.36318e-05 -0.00057392
111.872 0.00101277 2.52658e-05 4.03085e-05 0.000894012
114.304 -0.000720472 0.000608194 1.91618e-05 -0.00077215
116.736 3.80101e-05 -0.00070596 -5.12086e-05 0.000183603
119.168 0.000441939 0.000575782 5.80779e-05 0.000274916
121.6 -0.000688971 -0.000178039 -3.69594e-05 -0.00058117
124.032 0.000598321 -0.000287534 -1.7942e-07 0.000596689
126.464 -0.000226795 0.000598558 3.48374e-05 -0.0003253
128.896 -0.00023982 -0.000613543 -5.08833e-05 -9.39226e-05
131.328 0.000578318 0.000334972 4.18711e-05 0.000456977
133.76 -0.000632246 9.72098e-05 -1.33725e-05 -0.000592051
136.192 0.000382976 -0.000474404 -2.0214e-05 0.000439458
138.624 4.55791e-05 0.000618241 4.27907e-05 -7.67242e-05
141.056 -0.000447264 -0.000463449 -4.41086e-05 -0.000319958
143.488 0.000631159 8.66315e-05 2.42743e-05 0.000559973
145.92 -0.000511111 0.000331164 6.66681e-06 -0.000528705
148.352 0.000144576 -0.000590025 -3.37353e-05 0.000240593
150.784 0.000293509 0.000565233 4.4095e-05 0.000166651
153.216 -0.000593976 -0.00026644 -3.3077e-05 -0.000497812
155.648 0.000344621 -0.000117447 2.0072e-06 0.00033796
160.512 -8.65006e-05 -0.000351795 -2.36774e-05 -1.85202e-05
165.376 -0.000362897 1.02477e-05 -8.56484e-06 -0.000337489
170.24 -2.42486e-05 0.000352084 2.00315e-05 -8.157e-05
175.104 0.000356602 9.67939e-05 1.40324e-05 0.000315594
179.968 0.000134771 -0.000328439 -1.54368e-05 0.000178737
184.832 -0.000324609 -0.000201393 -1.84251e-05 -0.000271108
189.696 -0.000242165 0.00027919 9.95613e-06 -0.00027025
194.56 0.000264882 0.000300148 2.16678e-05 0.000202212
199.424 0.000342292 -0.000202226 -3.64523e-06 0.000352127
204.288 -0.000175138 -0.000388159 -2.35979e-05 -0.000107078
209.152 -0.000429069 9.5391e-05 -3.4389e-06 -0.000418464
214.016 5.29701e-05 0.000458272 2.39777e-05 -1.60005e-05
218.88 0.000494232 4.31897e-05 1.11916e-05 0.000461299
223.744 0.000103205 -0.000500865 -2.24998e-05 0.000167717
228.608 -0.00052642 -0.000214241 -1.94028e-05 -0.00046987
233.472 -0.000122701 0.000247218 9.55732e-06 -0.000150007
238.336 0.000245535 0.000175779 1.2219e-05 0.000210063
243.2 0.000213784 -0.000214073 -6.33548e-06 0.000231722
248.064 -0.000201383 -0.000263471 -1.50428e-05 -0.000157852
252.928 -0.000303552 0.000152541 2.11298e-06 -0.000309251
257.792 0.000126248 0.000345489 1.70215e-05 7.71133e-05
262.656 0.000384597 -5.91985e-05 3.07359e-06 0.000375297
267.52 -1.67193e-05 -0.000413203 -1.78343e-05 3.46382e-05
272.384 -0.000446834 -6.8543e-05 -9.1187e-06 -0.000420083
277.248 -0.000129363 0.000455303 1.70939e-05 -0.00017845
282.112 0.000477386 0.000231457 1.58361e-05 0.000431279
286.976 0.000311656 -0.000457406 -1.43753e-05 0.00035275
291.84 -0.000459691 -0.000426946 -2.28736e-05 -0.000393338
296.704 -0.000525841 0.000401668 9.19932e-06 -0.000551846
301.568 0.000373717 0.000647434 2.96965e-05 0.000287786
306.432 0.00076153 -0.000266816 -1.07337e-06 0.000763942
