#0.0119755875323713 0.99913353802417 -4.01061526872223 0.0120631964676116 0.998340507198102 -3.77800946095224 -0.121387907206863 0.997080372055995 -0.0406492271104765 0.0113076900559257 0.998768563319658 -3.793724157901
0 0.923693 0 0.33925 1.67836e-06
0.071 0.922536 0.031647 0.338901 -0.000194348
0.142 0.919068 0.0632047 0.337852 -0.000781557
0.213 0.913298 0.0945842 0.336108 -0.0017574
0.284 0.905245 0.125697 0.333672 -0.00311765
0.355 0.894931 0.156455 0.330551 -0.00485637
0.426 0.882387 0.186773 0.326753 -0.00696607
0.497 0.867648 0.216564 0.322288 -0.00943749
0.568 0.850757 0.245746 0.317167 -0.0122599
0.639 0.831763 0.274237 0.311404 -0.0154211
0.71 0.810722 0.301958 0.305014 -0.0189072
0.781 0.787694 0.328831 0.298014 -0.022703
0.852 0.762746 0.354783 0.29042 -0.0267919
0.923 0.73595 0.379743 0.282254 -0.0311559
0.994 0.707383 0.40364 0.273536 -0.035776
1.065 0.677127 0.426412 0.264289 -0.0406318
1.136 0.644282 0.44771 0.254169 -0.0456868
1.207 0.610926 0.468033 0.243939 -0.050948
1.278 0.576156 0.487056 0.233256 -0.0563776
1.349 0.540071 0.504731 0.222145 -0.0619516
1.42 0.502776 0.521012 0.210636 -0.067645
1.491 0.464375 0.535857 0.198758 -0.0734323
1.562 0.424978 0.549229 0.186541 -0.0792875
1.633 0.384698 0.561097 0.174017 -0.0851841
1.704 0.343648 0.571433 0.161216 -0.0910953
1.775 0.301944 0.580213 0.148171 -0.0969941
1.846 0.259704 0.587421 0.134915 -0.102853
1.917 0.217045 0.593042 0.121481 -0.108646
1.988 0.174088 0.597068 0.107903 -0.114345
2.059 0.130952 0.599496 0.0942134 -0.119924
2.13 0.0877559 0.600326 0.0804472 -0.125355
2.201 0.0446201 0.599566 0.0666379 -0.130614
2.272 0.0020191 0.597112 0.0529318 -0.135618
2.343 -0.0406214 0.593212 0.0391441 -0.140452
2.414 -0.0828492 0.587769 0.0254145 -0.145039
2.485 -0.12455 0.580808 0.0117759 -0.149356
2.556 -0.165611 0.572359 -0.00173886 -0.153379
2.627 -0.205923 0.562455 -0.0150978 -0.157087
2.698 -0.24538 0.551136 -0.0282695 -0.160461
2.769 -0.283876 0.538442 -0.041223 -0.163481
2.84 -0.321313 0.524421 -0.0539285 -0.166129
2.911 -0.357592 0.509123 -0.0663567 -0.168388
2.982 -0.392622 0.492601 -0.0784794 -0.170244
3.053 -0.426314 0.474912 -0.0902694 -0.171683
3.124 -0.458584 0.456118 -0.101701 -0.172692
3.195 -0.489354 0.436282 -0.112748 -0.173261
3.266 -0.518547 0.415469 -0.123388 -0.173381
3.337 -0.546097 0.393749 -0.133598 -0.173045
3.408 -0.571371 0.371359 -0.143133 -0.172283
3.479 -0.595441 0.348058 -0.152418 -0.171023
3.55 -0.617695 0.324069 -0.161214 -0.169295
3.621 -0.638084 0.299471 -0.169504 -0.167098
3.692 -0.65657 0.274341 -0.177274 -0.164435
3.763 -0.673116 0.248759 -0.184509 -0.161308
3.834 -0.687695 0.222804 -0.191197 -0.157721
3.905 -0.700284 0.196558 -0.197327 -0.153682
3.976 -0.710867 0.170101 -0.202891 -0.149198
4.047 -0.719434 0.143514 -0.207881 -0.144279
4.118 -0.725981 0.116878 -0.212291 -0.138937
4.189 -0.73051 0.090273 -0.216118 -0.133185
4.26 -0.73303 0.0637794 -0.219358 -0.127038
4.331 -0.733554 0.0374753 -0.222012 -0.120512
4.402 -0.732104 0.011438 -0.224079 -0.113625
4.473 -0.728706 -0.0142566 -0.225563 -0.106395
4.544 -0.731653 -0.0421589 -0.22807 -0.101695
4.686 -0.714559 -0.0918326 -0.228033 -0.0852747
4.828 -0.690254 -0.138931 -0.225752 -0.0678192
4.97 -0.659193 -0.18294 -0.221315 -0.0495374
5.112 -0.621904 -0.22339 -0.214832 -0.0306515
5.254 -0.578982 -0.259871 -0.206432 -0.0113942
5.396 -0.531079 -0.292027 -0.196264 0.00799546
5.538 -0.478894 -0.319566 -0.184492 0.0272749
5.68 -0.423165 -0.342263 -0.171295 0.0462019
5.822 -0.364658 -0.359958 -0.156864 0.0645381
5.964 -0.304157 -0.372559 -0.141397 0.0820526
6.106 -0.24245 -0.380044 -0.1251 0.0985248
6.248 -0.180326 -0.382455 -0.108182 0.113748
6.39 -0.118557 -0.379903 -0.0908561 0.127533
6.532 -0.0578925 -0.37256 -0.0733303 0.13971
6.674 0.000949284 -0.360656 -0.0558113 0.150129
6.816 0.056513 -0.344387 -0.0386905 0.158415
6.958 0.109703 -0.324328 -0.0217906 0.164985
7.1 0.159207 -0.300714 -0.00546853 0.169507
7.242 0.204517 -0.273964 0.0101074 0.171939
7.384 0.245197 -0.244528 0.024783 0.172268
7.526 0.280881 -0.21288 0.03842 0.170507
7.668 0.31128 -0.179513 0.050897 0.166699
7.81 0.336182 -0.144932 0.0621108 0.160914
7.952 0.355455 -0.109643 0.0719768 0.153251
8.094 0.369045 -0.07415 0.08043 0.14383
8.236 0.376975 -0.038946 0.0874252 0.132796
8.378 0.379343 -0.00450697 0.0929365 0.120316
8.52 0.376322 0.0287145 0.0969576 0.106573
8.662 0.36815 0.0602949 0.0995013 0.0917662
8.804 0.355128 0.0898455 0.100598 0.0761087
8.946 0.337616 0.117016 0.100297 0.0598218
9.088 0.316029 0.14214 0.0985304 0.0433302
9.372 0.262176 0.182014 0.0915627 0.00950976
9.656 0.197916 0.208621 0.0803841 -0.0231547
9.94 0.127599 0.221316 0.0659386 -0.0529486
10.224 0.0556359 0.220282 0.0492694 -0.0783664
10.508 -0.0137552 0.206473 0.031458 -0.0981935
10.792 -0.0767728 0.181524 0.0135649 -0.111568
11.076 -0.130226 0.147618 -0.00342519 -0.118022
11.36 -0.171684 0.107333 -0.0186512 -0.117496
11.644 -0.199567 0.0634704 -0.0314138 -0.110332
11.928 -0.213196 0.0188798 -0.0412028 -0.0972411
12.212 -0.212774 -0.0237144 -0.0477121 -0.0792498
12.496 -0.199327 -0.0618673 -0.050843 -0.0576294
12.78 -0.174592 -0.093545 -0.0506951 -0.0338129
13.064 -0.140873 -0.117225 -0.0475476 -0.00930476
13.348 -0.100871 -0.131962 -0.0418307 0.014412
13.632 -0.0577919 -0.137021 -0.0340851 0.0356537
13.916 -0.0140906 -0.133517 -0.0249815 0.0538306
14.2 0.0273082 -0.121791 -0.0151354 0.0677398
14.484 0.0639609 -0.103096 -0.00519813 0.0767481
14.768 0.0938748 -0.0790501 0.00422217 0.0805479
15.052 0.115606 -0.0515129 0.0125935 0.0791638
15.336 0.128315 -0.0224564 0.0194861 0.0729378
15.62 0.131788 0.0061644 0.0245917 0.0624956
15.904 0.12641 0.0325348 0.027733 0.0486969
16.188 0.113109 0.0550875 0.028866 0.0325717
16.472 0.0932643 0.0725897 0.0280736 0.0152498
16.756 0.068592 0.084204 0.0255515 -0.00211467
17.04 0.0410172 0.0895216 0.0215892 -0.0184169
17.324 0.0125373 0.0885657 0.0165454 -0.0326691
17.608 -0.0149107 0.0817678 0.0108215 -0.0440589
17.892 -0.0395724 0.069918 0.00483349 -0.0519934
18.176 -0.0594737 0.053814 -0.000951668 -0.0557791
18.744 -0.083368 0.0157602 -0.0107386 -0.052612
19.312 -0.0827732 -0.0219543 -0.0164408 -0.0365025
19.88 -0.0607119 -0.0496683 -0.0172074 -0.0127395
20.448 -0.0253718 -0.0612969 -0.0135152 0.0119257
21.016 0.0125335 -0.055535 -0.00688694 0.0311073
21.584 0.0427845 -0.0357251 0.000614539 0.0403789
22.152 0.0582498 -0.00854112 0.00696558 0.0382464
22.72 0.0564285 0.0180695 0.0106849 0.0262934
23.288 0.0396411 0.0370877 0.0111435 0.00852285
23.856 0.013942 0.0441842 0.00862441 -0.00987857
24.424 -0.0128459 0.0386171 0.00414577 -0.0239911
24.992 -0.0333799 0.0231032 -0.000885051 -0.0304338
25.56 -0.0427128 0.00278268 -0.00507868 -0.0281367
26.128 -0.0393968 -0.0163735 -0.00742276 -0.0184461
26.696 -0.0255518 -0.0292439 -0.00750512 -0.00458075
27.264 -0.00617053 -0.0322954 -0.00549716 0.00900822
27.832 0.0129057 -0.0267121 -0.00233514 0.0191293
28.4 0.0266031 -0.0142235 0.00110697 0.0231785
28.968 0.0316191 0.00111621 0.00387024 0.0205317
29.536 0.0273382 0.0148083 0.00527884 0.0124384
30.104 0.0157729 0.0231832 0.00509231 0.00154472
30.672 0.000786607 0.024346 0.0035265 -0.00893033
31.24 -0.0131286 0.018561 0.00115024 -0.0161185
31.808 -0.0221517 0.00801027 -0.00130301 -0.0182666
32.376 -0.0241433 -0.00396063 -0.00315026 -0.015143
32.944 -0.019111 -0.0138645 -0.00394035 -0.00799802
33.512 -0.00904068 -0.0190591 -0.00355571 0.00088345
34.08 0.00281304 -0.0184269 -0.00221391 0.00888664
34.648 0.0129387 -0.0125797 -0.000377464 0.0138185
35.216 0.0185787 -0.00356317 0.00139565 0.014494
35.784 0.018455 0.00582172 0.00261479 0.0110047
36.352 0.0125985 0.0121732 0.00284958 0.0045673
37.488 -0.00471286 0.01325 0.00128386 -0.00820747
38.624 -0.0147171 0.000529873 -0.00130637 -0.0109279
39.76 -0.00811304 -0.0110475 -0.00215215 -0.00205785
40.896 0.00604649 -0.00965089 -0.000679681 0.00786292
42.032 0.0120659 0.00164143 0.00125665 0.00844734
43.168 0.0046862 0.0098441 0.00161398 0.000155355
44.304 -0.00672819 0.00673074 0.000259457 -0.00737837
45.44 -0.00969699 -0.00313012 -0.00116952 -0.0063465
46.576 -0.00205405 -0.00858604 -0.00118805 0.00127114
47.712 0.00692901 -0.00433509 3.19377e-05 0.00677195
48.848 0.00756342 0.0040957 0.00105876 0.00454206
49.984 4.22938e-05 0.00730133 0.000845586 -0.00231429
51.12 -0.00677097 0.00236689 -0.0002301 -0.00606681
52.256 -0.00563978 -0.00464801 -0.000933831 -0.00298364
53.392 0.00146921 -0.00601269 -0.000567511 0.00304014
54.528 0.00583408 -0.000823296 0.000316492 0.00489937
55.664 0.00370548 0.00442121 0.000738222 0.00161121
56.8 -0.00223988 0.00441644 0.000327636 -0.00313697
57.936 -0.00522869 -0.000377188 -0.000386802 -0.00410388
59.072 -0.00227514 -0.0043604 -0.000611372 -0.000546075
60.208 0.00291232 -0.0032716 -0.000157746 0.00333086
61.344 0.00450144 0.00130297 0.000419186 0.00329241
62.48 0.00104062 0.00410504 0.000488122 -0.000335055
63.616 -0.0032998 0.00220222 2.40394e-05 -0.00334248
64.752 -0.00369783 -0.00198352 -0.000422717 -0.00248513
65.888 2.30822e-06 -0.00369935 -0.000371122 0.00104355
67.024 0.00344691 -0.00122394 7.87006e-05 0.00320158
68.16 0.00285614 0.00244388 0.000404401 0.0017007
69.296 -0.000858014 0.00318124 0.00026232 -0.00158905
70.432 -0.0033932 0.000349641 -0.000154754 -0.00293552
71.568 -0.00201082 -0.00270726 -0.000369969 -0.000957451
72.704 0.00121037 -0.00223117 -0.000147007 0.00161582
74.976 0.00107523 0.0023071 0.000272046 0.000302738
77.248 -0.00234729 -0.000782713 -0.000191544 -0.00179335
79.52 0.00186144 -0.00111303 -8.44352e-06 0.00187409
81.792 -0.000146397 0.00204199 0.000174775 -0.000638396
84.064 -0.00149815 -0.00146733 -0.000199123 -0.000927879
86.336 0.00195501 -7.13741e-05 8.35302e-05 0.00170853
88.608 -0.00102136 0.00142984 7.58888e-05 -0.00123034
90.88 -0.000543863 -0.00168805 -0.000165219 -7.40874e-05
93.152 0.00161478 0.000753431 0.000131114 0.00123595
95.424 -0.00149089 0.000643574 -9.73812e-06 -0.00145613
97.696 0.000338317 -0.00150603 -0.000107138 0.000640024
99.968 0.000983709 0.00126819 0.000139635 0.000583752
102.24 -0.00155119 -0.000155018 -7.25794e-05 -0.00133866
104.512 0.0010085 -0.00101721 -3.9974e-05 0.00111746
106.784 0.00021807 0.00142949 0.000116964 -0.000114527
109.056 -0.000989547 -0.000597247 -8.10713e-05 -0.000755491
111.328 0.00103109 -0.000309877 1.39646e-05 0.000987323
113.6 -0.000351425 0.000958582 5.78875e-05 -0.000514394
115.872 -0.000544684 -0.000909239 -8.45514e-05 -0.000302472
118.144 0.00102554 0.000223852 5.06192e-05 0.000877907
120.416 -0.000771415 0.000596343 1.66001e-05 -0.000815796
122.688 -1.64725e-05 -0.000973937 -6.85463e-05 0.000178477
124.96 0.000772824 0.000656326 6.99342e-05 0.000571249
127.232 -0.000969328 0.000117904 -2.22781e-05 -0.000902682
129.504 0.000479121 -0.000796644 -3.90424e-05 0.00058867
131.776 0.000343085 0.000903799 7.06663e-05 0.000140799
134.048 -0.000915338 -0.000369664 -5.1524e-05 -0.00076575
136.32 0.000836767 -0.000424813 -3.37711e-06 0.000843841
138.592 -0.000164442 0.000917574 5.4574e-05 -0.000319461
140.864 -0.00062661 -0.0007591 -6.61536e-05 -0.000436238
143.136 0.000977313 5.81365e-05 3.07114e-05 0.00088699
145.408 -0.000356158 0.000440216 1.7868e-05 -0.000406094
149.952 0.000519986 0.000288794 3.13553e-05 0.000429103
154.496 0.000173729 -0.000527966 -2.73165e-05 0.000251248
159.04 -0.000572117 -0.000107411 -2.04194e-05 -0.000512365
163.584 1.88191e-05 0.000565198 3.31458e-05 -7.59257e-05
168.128 0.000572391 -8.32283e-05 8.52781e-06 0.000546694
172.672 -0.000213109 -0.000550661 -3.55036e-05 -0.000111123
177.216 -0.000519555 0.000274502 3.7082e-06 -0.000529049
181.76 0.000399841 0.000482209 3.4435e-05 0.000300487
186.304 0.000412119 -0.000456364 -1.56638e-05 0.000456137
190.848 -0.000568385 -0.000357725 -2.99977e-05 -0.00048141
195.392 -0.000248328 0.000616697 2.6717e-05 -0.000324395
199.936 0.000705032 0.000175283 2.22064e-05 0.000640164
204.48 2.78273e-05 -0.000740081 -3.61518e-05 0.000131388
209.024 -0.00079234 6.49754e-05 -1.11076e-05 -0.000759203
213.568 0.000246632 0.000807185 4.30963e-05 0.000122675
218.112 0.000393403 -0.000204413 -2.90734e-06 0.000401135
222.656 -0.000299272 -0.000370879 -2.22859e-05 -0.000234912
227.2 -0.000323026 0.000350678 1.08084e-05 -0.000353567
231.744 0.000439064 0.000283278 1.9817e-05 0.000381595
236.288 0.000202639 -0.00048536 -1.84708e-05 0.000255373
240.832 -0.000557694 -0.000143977 -1.48202e-05 -0.000514429
245.376 -3.06669e-05 0.000593233 2.52394e-05 -0.000103086
249.92 0.000638148 -4.75782e-05 7.26192e-06 0.000616516
254.464 -0.000190807 -0.000655599 -3.03482e-05 -0.000103429
259.008 -0.000660328 0.000287646 2.76125e-06 -0.000667496
263.552 0.00045422 0.000650891 3.28914e-05 0.000359223
268.096 0.000601497 -0.000566286 -1.48892e-05 0.000643627
272.64 -0.000744721 -0.000554557 -3.19016e-05 -0.000652275
277.184 -0.000436844 0.000864564 2.85052e-05 -0.000518314
281.728 0.00103674 0.000341141 2.63134e-05 0.000960081
286.272 0.000142482 -0.00115156 -4.25448e-05 0.00026463
