#1.03659555982308 0.987661148966237 -0.0453011595198155 1.01014044182538 0.988299337070295 -0.036454587617597 1.18312231024221 0.984964256983721 0.231168867331049 0.958442465618296 0.988017854937602 0.00100026373332457
0 0.99155 0 0.466721 2.45159e-06
0.003 0.991547 0.00146092 0.46672 1.4476e-06
0.006 0.991541 0.00292184 0.466718 -1.55267e-06
0.009 0.99153 0.00438274 0.466716 -6.56091e-06
0.012 0.991514 0.0058436 0.466712 -1.35654e-05
0.015 0.991495 0.00730443 0.466707 -2.25896e-05
0.018 0.99147 0.00876521 0.4667 -3.35984e-05
0.021 0.991442 0.0102259 0.466693 -4.66152e-05
0.024 0.991409 0.0116866 0.466685 -6.16282e-05
0.027 0.991371 0.0131472 0.466675 -7.86609e-05
0.03 0.991329 0.0146077 0.466665 -9.76899e-05
0.033 0.991283 0.0160681 0.466653 -0.000118704
0.036 0.991232 0.0175284 0.46664 -0.000141725
0.039 0.991177 0.0189886 0.466626 -0.000166766
0.042 0.991118 0.0204486 0.466611 -0.000193792
0.045 0.991054 0.0219085 0.466595 -0.000222814
0.048 0.990983 0.0233684 0.466563 -0.000229912
0.051 0.990911 0.024828 0.466544 -0.00026295
0.054 0.990834 0.0262875 0.466525 -0.000297985
0.057 0.990752 0.0277468 0.466504 -0.000335015
0.06 0.990666 0.0292059 0.466482 -0.000374054
0.063 0.990576 0.0306648 0.46646 -0.0004151
0.066 0.990481 0.0321236 0.466436 -0.000458132
0.069 0.990382 0.0335821 0.466411 -0.000503159
0.072 0.990278 0.0350404 0.466384 -0.000550194
0.075 0.990171 0.0364985 0.466357 -0.000599238
0.078 0.990058 0.0379563 0.466329 -0.000650254
0.081 0.989942 0.0394139 0.466299 -0.000703279
0.084 0.98982 0.0408712 0.466269 -0.000758299
0.087 0.989695 0.0423283 0.466237 -0.000815316
0.09 0.989565 0.0437851 0.466204 -0.000874329
0.093 0.989431 0.0452416 0.46617 -0.000935339
0.096 0.989287 0.0466991 0.466126 -0.000981219
0.099 0.989144 0.048155 0.46609 -0.00104623
0.102 0.988997 0.0496107 0.466053 -0.00111322
0.105 0.988845 0.051066 0.466015 -0.0011822
0.108 0.988689 0.0525209 0.465975 -0.00125318
0.111 0.988528 0.0539756 0.465934 -0.00132616
0.114 0.988363 0.0554298 0.465893 -0.00140111
0.117 0.988193 0.0568838 0.46585 -0.00147806
0.12 0.98802 0.0583373 0.465806 -0.00155699
0.123 0.987841 0.0597905 0.465761 -0.00163793
0.126 0.987659 0.0612433 0.465715 -0.00172084
0.129 0.987472 0.0626956 0.465667 -0.00180575
0.132 0.98728 0.0641476 0.465619 -0.00189265
0.135 0.987085 0.0655992 0.46557 -0.00198151
0.138 0.986884 0.0670503 0.465519 -0.00207237
0.141 0.98668 0.068501 0.465467 -0.00216523
0.144 0.986428 0.0699498 0.465383 -0.00224605
0.147 0.986215 0.0713996 0.465329 -0.00234284
0.15 0.985997 0.0728489 0.465274 -0.00244164
0.153 0.985775 0.0742977 0.465217 -0.0025424
0.156 0.985549 0.075746 0.46516 -0.00264516
0.159 0.985318 0.0771939 0.465102 -0.00274988
0.162 0.985083 0.0786412 0.465042 -0.00285658
0.165 0.984843 0.080088 0.464982 -0.00296525
0.168 0.9846 0.0815343 0.46492 -0.00307591
0.171 0.984351 0.0829801 0.464857 -0.00318856
0.174 0.984099 0.0844253 0.464793 -0.00330315
0.177 0.983842 0.08587 0.464728 -0.00341974
0.18 0.983581 0.0873141 0.464662 -0.00353829
0.183 0.983315 0.0887577 0.464595 -0.00365882
0.186 0.983045 0.0902007 0.464527 -0.00378132
0.189 0.982771 0.0916431 0.464457 -0.00390579
0.192 0.982464 0.0931994 0.464418 -0.00411764
0.198 0.981894 0.0960847 0.464274 -0.00437733
0.204 0.981305 0.0989675 0.464125 -0.0046449
0.21 0.980699 0.101848 0.463972 -0.00492035
0.216 0.980076 0.104725 0.463815 -0.00520367
0.222 0.979436 0.1076 0.463653 -0.00549485
0.228 0.978778 0.110472 0.463487 -0.00579387
0.234 0.978103 0.113341 0.463317 -0.00610073
0.24 0.977411 0.116207 0.463142 -0.00641542
0.246 0.976701 0.11907 0.462963 -0.00673793
0.252 0.975974 0.121931 0.462779 -0.00706824
0.258 0.97523 0.124787 0.462591 -0.00740634
0.264 0.974469 0.127641 0.462398 -0.00775222
0.27 0.97369 0.130491 0.462202 -0.00810587
0.276 0.972894 0.133338 0.462001 -0.00846728
0.282 0.972081 0.136182 0.461795 -0.00883643
0.288 0.971282 0.139023 0.461605 -0.0092214
0.294 0.970435 0.141859 0.46139 -0.00960599
0.3 0.96957 0.144691 0.461172 -0.00999828
0.306 0.968689 0.14752 0.460949 -0.0103983
0.312 0.967791 0.150345 0.460722 -0.0108059
0.318 0.966875 0.153166 0.46049 -0.0112212
0.324 0.965943 0.155983 0.460254 -0.0116442
0.33 0.964993 0.158796 0.460014 -0.0120748
0.336 0.964027 0.161605 0.459769 -0.012513
0.342 0.963043 0.16441 0.45952 -0.0129588
0.348 0.962043 0.16721 0.459267 -0.0134122
0.354 0.961026 0.170006 0.459009 -0.0138732
0.36 0.959992 0.172798 0.458748 -0.0143417
0.366 0.958941 0.175585 0.458481 -0.0148178
0.372 0.957874 0.178367 0.458211 -0.0153014
0.378 0.956789 0.181145 0.457936 -0.0157925
0.384 0.955638 0.184007 0.457633 -0.0162899
0.396 0.953385 0.189541 0.457063 -0.017311
0.408 0.951065 0.195056 0.456475 -0.0183619
0.42 0.948679 0.20055 0.455871 -0.0194424
0.432 0.946227 0.206024 0.455249 -0.0205524
0.444 0.943708 0.211476 0.45461 -0.0216917
0.456 0.941124 0.216906 0.453955 -0.0228602
0.468 0.938475 0.222313 0.453283 -0.0240577
0.48 0.935761 0.227698 0.452594 -0.025284
0.492 0.932982 0.233058 0.451888 -0.026539
0.504 0.930138 0.238395 0.451165 -0.0278224
0.516 0.92723 0.243707 0.450426 -0.0291342
0.528 0.924258 0.248993 0.44967 -0.0304741
0.54 0.921222 0.254253 0.448898 -0.0318419
0.552 0.918124 0.259487 0.448109 -0.0332375
0.564 0.914962 0.264694 0.447304 -0.0346606
0.576 0.911731 0.269873 0.446471 -0.0361084
0.588 0.908444 0.275024 0.445633 -0.0375857
0.6 0.905095 0.280147 0.444779 -0.03909
0.612 0.901685 0.285241 0.443908 -0.0406211
0.624 0.898213 0.290305 0.443022 -0.0421786
0.636 0.894681 0.295339 0.442119 -0.0437624
0.648 0.891088 0.300342 0.4412 -0.0453723
0.66 0.887434 0.305314 0.440266 -0.047008
0.672 0.883721 0.310255 0.439315 -0.0486693
0.684 0.879949 0.315163 0.438349 -0.0503559
0.696 0.876117 0.320039 0.437367 -0.0520678
0.708 0.872227 0.324881 0.43637 -0.0538045
0.72 0.868279 0.32969 0.435357 -0.0555658
0.732 0.864273 0.334465 0.434328 -0.0573515
0.744 0.860209 0.339204 0.433284 -0.0591614
0.756 0.856089 0.343909 0.432225 -0.0609952
0.768 0.851893 0.348661 0.431157 -0.0628631
0.792 0.84337 0.357893 0.428963 -0.0666506
0.816 0.834625 0.366976 0.426709 -0.0705296
0.84 0.825663 0.375908 0.424395 -0.0744979
0.864 0.816488 0.384684 0.422023 -0.0785531
0.888 0.807102 0.393301 0.419592 -0.082693
0.912 0.797511 0.401755 0.417104 -0.0869152
0.936 0.787718 0.410044 0.41456 -0.0912174
0.96 0.777726 0.418164 0.411959 -0.0955971
0.984 0.767541 0.426111 0.409304 -0.100052
1.008 0.757166 0.433882 0.406594 -0.104579
1.032 0.746606 0.441475 0.40383 -0.109176
1.056 0.735865 0.448887 0.401013 -0.113841
1.08 0.724947 0.456114 0.398145 -0.11857
1.104 0.713857 0.463153 0.395225 -0.123362
1.128 0.702599 0.470003 0.392255 -0.128212
1.152 0.691126 0.476645 0.389229 -0.13316
1.176 0.679547 0.483106 0.386161 -0.13812
1.2 0.667814 0.48937 0.383045 -0.143132
1.224 0.655933 0.495433 0.379881 -0.148191
1.248 0.643908 0.501294 0.376672 -0.153296
1.272 0.631743 0.50695 0.373418 -0.158442
1.296 0.619445 0.5124 0.370119 -0.163629
1.32 0.607018 0.517641 0.366778 -0.168851
1.344 0.594466 0.522671 0.363394 -0.174107
1.368 0.581796 0.527488 0.359968 -0.179393
1.392 0.569012 0.532091 0.356503 -0.184706
1.416 0.55612 0.536479 0.352998 -0.190044
1.44 0.543124 0.540649 0.349455 -0.195403
1.464 0.53003 0.5446 0.345874 -0.20078
1.488 0.516844 0.548331 0.342257 -0.206171
1.512 0.50357 0.551841 0.338604 -0.211575
1.536 0.490184 0.555171 0.334924 -0.217037
1.584 0.463247 0.561073 0.327453 -0.227879
1.632 0.436046 0.566073 0.319857 -0.238719
1.68 0.408625 0.570168 0.312145 -0.24953
1.728 0.381029 0.573351 0.304325 -0.260287
1.776 0.353301 0.575623 0.296405 -0.270967
1.824 0.325485 0.576981 0.288395 -0.281542
1.872 0.297625 0.577428 0.280303 -0.291988
1.92 0.269765 0.576966 0.272138 -0.302281
1.968 0.241949 0.5756 0.263909 -0.312396
2.016 0.214221 0.573336 0.255624 -0.322309
2.064 0.186624 0.57018 0.247293 -0.331994
2.112 0.1592 0.566144 0.238924 -0.341431
2.16 0.131992 0.561237 0.230527 -0.350594
2.208 0.105041 0.555472 0.222109 -0.359461
2.256 0.0783891 0.548863 0.21368 -0.368011
2.304 0.052055 0.541426 0.205237 -0.37622
2.352 0.0261207 0.533176 0.196812 -0.384071
2.4 0.000603963 0.524132 0.188402 -0.391542
2.448 -0.0244573 0.514314 0.180014 -0.398613
2.496 -0.0490261 0.503744 0.171659 -0.405267
2.544 -0.0730667 0.492442 0.163344 -0.411485
2.592 -0.0965442 0.480434 0.155077 -0.417251
2.64 -0.119425 0.467743 0.146866 -0.422547
2.688 -0.141677 0.454396 0.13872 -0.427359
2.736 -0.163268 0.440419 0.130646 -0.431673
2.784 -0.18417 0.425841 0.122652 -0.435476
2.832 -0.204353 0.410691 0.114745 -0.438755
2.88 -0.223791 0.394999 0.106933 -0.441498
2.928 -0.242457 0.378795 0.0992224 -0.443697
2.976 -0.260329 0.362112 0.0916205 -0.445341
3.024 -0.277383 0.344982 0.084134 -0.446423
3.072 -0.29351 0.327471 0.0768167 -0.446939
3.168 -0.323346 0.291282 0.0624789 -0.446231
3.264 -0.349619 0.253852 0.0487012 -0.443193
3.36 -0.372221 0.215463 0.0355274 -0.437812
3.456 -0.391074 0.176404 0.0229971 -0.430092
3.552 -0.406126 0.136967 0.0111462 -0.420058
3.648 -0.417352 0.0974416 5.79202e-06 -0.407753
3.744 -0.424758 0.0581179 -0.0103971 -0.393238
3.84 -0.428376 0.0192806 -0.02004 -0.376592
3.936 -0.428265 -0.0187915 -0.0289051 -0.357912
4.032 -0.424511 -0.0558282 -0.036979 -0.33731
4.128 -0.417227 -0.0915696 -0.0442531 -0.314916
4.224 -0.406548 -0.125768 -0.050723 -0.290872
4.32 -0.392634 -0.158191 -0.056389 -0.265336
4.416 -0.375666 -0.18862 -0.0612558 -0.238476
4.512 -0.355847 -0.216855 -0.0653323 -0.210473
4.608 -0.333369 -0.242715 -0.0685967 -0.181565
4.704 -0.308524 -0.26604 -0.0711363 -0.151852
4.8 -0.281537 -0.286689 -0.0729365 -0.121587
4.896 -0.252672 -0.304544 -0.074022 -0.0909795
4.992 -0.222202 -0.319511 -0.0744204 -0.0602404
5.088 -0.190412 -0.331517 -0.0741629 -0.0295835
5.184 -0.157589 -0.340515 -0.0732832 0.000777963
5.28 -0.124026 -0.346482 -0.0718179 0.0306328
5.376 -0.0900173 -0.349417 -0.0698058 0.0597734
5.472 -0.0558553 -0.349345 -0.0672877 0.0879975
5.568 -0.0218293 -0.346312 -0.0643062 0.11511
5.664 0.0117766 -0.34039 -0.0609054 0.140924
5.76 0.0446862 -0.331671 -0.0571305 0.165262
5.856 0.076633 -0.320267 -0.0530273 0.18796
5.952 0.107362 -0.306313 -0.0486425 0.208864
6.048 0.136633 -0.289961 -0.0440227 0.227835
6.144 0.163833 -0.271115 -0.0392048 0.24435
6.336 0.213067 -0.228093 -0.029225 0.271565
6.528 0.253321 -0.17858 -0.0190355 0.289496
6.72 0.283495 -0.124395 -0.00897522 0.297777
6.912 0.302853 -0.0674676 0.000644151 0.296342
7.104 0.311034 -0.00977463 0.00954563 0.285425
7.296 0.308062 0.0467267 0.0174923 0.265552
7.488 0.294333 0.10016 0.0242915 0.237523
7.68 0.270593 0.148792 0.0297983 0.202383
7.872 0.237909 0.191081 0.0339161 0.16139
8.064 0.197626 0.225733 0.0365977 0.115972
8.256 0.151317 0.251731 0.0378434 0.0676797
8.448 0.100724 0.268371 0.0376985 0.0181363
8.64 0.0476993 0.275276 0.0362498 -0.0310153
8.832 -0.00585919 0.272405 0.0336207 -0.0781663
9.024 -0.0580743 0.260048 0.0299656 -0.121793
9.216 -0.106644 0.238292 0.0254245 -0.159917
9.408 -0.150812 0.209169 0.0202899 -0.19243
9.6 -0.188747 0.173244 0.0147144 -0.217844
9.792 -0.219237 0.131883 0.00890946 -0.235416
9.984 -0.241351 0.0866177 0.00308352 -0.244674
10.176 -0.254461 0.0390877 -0.00256432 -0.245426
10.368 -0.258265 -0.00901419 -0.00785024 -0.237769
10.56 -0.252785 -0.0560012 -0.0126109 -0.222076
10.752 -0.23837 -0.10025 -0.0167077 -0.198989
10.944 -0.215671 -0.140255 -0.0200305 -0.16939
11.136 -0.185618 -0.174679 -0.0224993 -0.134372
11.328 -0.149386 -0.202396 -0.0240666 -0.0951961
11.52 -0.108348 -0.222527 -0.0247166 -0.0532544
11.712 -0.0640237 -0.234469 -0.0244652 -0.0100167
11.904 -0.0180303 -0.237911 -0.023358 0.0330178
12.096 0.0279796 -0.232841 -0.0214674 0.0743715
