#-0.0213148362979097 0.99859054192377 5.89764045907033 -0.021014172510608 0.998157924788026 -0.307494484191286 -0.188595651018236 0.998418483879354 0.00100132255528913 -0.0200405155499514 0.997362046803048 0.000997282142302566
0 0.925813 0 0.342407 1.10836e-05
0.064 0.924869 0.0286479 0.342124 -0.000159331
0.128 0.92204 0.057229 0.341275 -0.000669998
0.192 0.917332 0.0856767 0.339862 -0.00151909
0.256 0.910757 0.113925 0.337889 -0.00270356
0.32 0.902331 0.141908 0.335359 -0.00421925
0.384 0.892073 0.16956 0.332277 -0.00606074
0.448 0.880009 0.196818 0.328652 -0.00822148
0.512 0.866166 0.223618 0.324489 -0.0106938
0.576 0.850579 0.249898 0.319798 -0.0134688
0.64 0.833285 0.275598 0.314589 -0.0165367
0.704 0.814325 0.300659 0.308873 -0.0198866
0.768 0.793744 0.325023 0.302663 -0.0235063
0.832 0.771591 0.348634 0.29597 -0.027383
0.896 0.747919 0.37144 0.288811 -0.0315029
0.96 0.722785 0.393387 0.281199 -0.035851
1.024 0.695236 0.414187 0.272771 -0.0403955
1.088 0.667368 0.434259 0.264306 -0.0451515
1.152 0.638226 0.453333 0.25544 -0.0500865
1.216 0.607881 0.471366 0.246191 -0.0551827
1.28 0.576403 0.488319 0.23658 -0.0604214
1.344 0.543867 0.504156 0.226625 -0.0657837
1.408 0.51035 0.518843 0.216348 -0.07125
1.472 0.475931 0.53235 0.205771 -0.0768003
1.536 0.440691 0.544648 0.194916 -0.0824141
1.6 0.404712 0.555713 0.183804 -0.0880708
1.664 0.368078 0.565524 0.17246 -0.0937493
1.728 0.330874 0.574063 0.160906 -0.0994285
1.792 0.293188 0.581313 0.149167 -0.105087
1.856 0.255106 0.587265 0.137266 -0.110704
1.92 0.216718 0.591909 0.125228 -0.116258
1.984 0.17811 0.59524 0.113078 -0.121728
2.048 0.139556 0.597104 0.100896 -0.127038
2.112 0.100793 0.597808 0.0885994 -0.132273
2.176 0.062078 0.597204 0.0762651 -0.137361
2.24 0.0234977 0.5953 0.0639177 -0.142283
2.304 -0.01486 0.592108 0.0515816 -0.147019
2.368 -0.0529091 0.587643 0.0392815 -0.151549
2.432 -0.0905642 0.581921 0.0270417 -0.155856
2.496 -0.127742 0.574964 0.0148863 -0.15992
2.56 -0.164359 0.566796 0.00283886 -0.163725
2.624 -0.200336 0.557443 -0.0090771 -0.167255
2.688 -0.235594 0.546934 -0.0208387 -0.170493
2.752 -0.270057 0.535303 -0.0324234 -0.173424
2.816 -0.303651 0.522584 -0.0438094 -0.176035
2.88 -0.336304 0.508815 -0.0549752 -0.178313
2.944 -0.367947 0.494036 -0.0659 -0.180245
3.008 -0.398515 0.47829 -0.0765639 -0.18182
3.072 -0.427394 0.461698 -0.0867394 -0.183033
3.136 -0.455614 0.444167 -0.0968194 -0.183869
3.2 -0.48258 0.425808 -0.106583 -0.184321
3.264 -0.508239 0.406674 -0.116012 -0.184383
3.328 -0.532542 0.386817 -0.125092 -0.184051
3.392 -0.555442 0.366289 -0.133806 -0.183319
3.456 -0.576897 0.345147 -0.142141 -0.182185
3.52 -0.59687 0.323447 -0.150083 -0.180647
3.584 -0.615327 0.301246 -0.15762 -0.178705
3.648 -0.632236 0.278604 -0.164741 -0.176358
3.712 -0.647572 0.255578 -0.171434 -0.17361
3.776 -0.661312 0.232229 -0.177691 -0.170463
3.84 -0.673439 0.208618 -0.183503 -0.166922
3.904 -0.683939 0.184804 -0.188864 -0.162992
3.968 -0.692801 0.160849 -0.193766 -0.15868
4.032 -0.700021 0.136813 -0.198206 -0.153995
4.096 -0.714554 0.112303 -0.203549 -0.152967
4.224 -0.720258 0.0637003 -0.210013 -0.141515
4.352 -0.719405 0.0157611 -0.21458 -0.128712
4.48 -0.712137 -0.0310484 -0.217255 -0.114674
4.608 -0.698656 -0.0762812 -0.218066 -0.0995321
4.736 -0.679225 -0.119514 -0.217052 -0.083433
4.864 -0.654162 -0.16035 -0.214272 -0.0665345
4.992 -0.623838 -0.198427 -0.209798 -0.0490053
5.12 -0.588668 -0.233415 -0.203716 -0.0310222
5.248 -0.549113 -0.265024 -0.196125 -0.0127687
5.376 -0.505665 -0.293005 -0.187136 0.00556776
5.504 -0.458851 -0.317151 -0.176872 0.023798
5.632 -0.40922 -0.337301 -0.165462 0.0417332
5.76 -0.357339 -0.353338 -0.153044 0.0591872
5.888 -0.303788 -0.365194 -0.139764 0.0759788
6.016 -0.249152 -0.372845 -0.125771 0.091934
6.144 -0.194486 -0.376129 -0.111308 0.10668
6.272 -0.139451 -0.375513 -0.0963549 0.120479
6.4 -0.085051 -0.370896 -0.0811471 0.132983
6.528 -0.0318281 -0.36243 -0.0658361 0.144068
6.656 0.0196993 -0.350307 -0.0505707 0.153623
6.784 0.0690432 -0.334754 -0.0354948 0.161556
6.912 0.11575 -0.316031 -0.0207471 0.167792
7.04 0.159407 -0.294429 -0.00645855 0.172278
7.168 0.199641 -0.270262 0.00724769 0.174977
7.296 0.236128 -0.243869 0.020258 0.175877
7.424 0.268592 -0.215603 0.032469 0.174982
7.552 0.296806 -0.185832 0.0437883 0.172319
7.68 0.320598 -0.154932 0.0541352 0.167932
7.808 0.339847 -0.123283 0.0634415 0.161888
7.936 0.354487 -0.091265 0.0716515 0.154269
8.064 0.364503 -0.0592531 0.0787224 0.145176
8.192 0.370531 -0.0272572 0.0845121 0.135374
8.448 0.367786 0.0335978 0.0927199 0.110802
8.704 0.348366 0.0889163 0.0962232 0.0825167
8.96 0.314234 0.136474 0.0952363 0.0518615
9.216 0.267907 0.174515 0.0901473 0.0202596
9.472 0.212315 0.201809 0.0814912 -0.0108549
9.728 0.15065 0.217691 0.0699195 -0.0401051
9.984 0.0862012 0.222069 0.0561654 -0.0662354
10.24 0.022202 0.215395 0.0410076 -0.0881685
10.496 -0.0383208 0.19863 0.0252337 -0.105053
10.752 -0.092679 0.173167 0.00960516 -0.116297
11.008 -0.138633 0.140747 -0.00517507 -0.121595
11.264 -0.174475 0.103361 -0.0184901 -0.120929
11.52 -0.199087 0.0631397 -0.029832 -0.114567
11.776 -0.211962 0.0222422 -0.0388178 -0.10304
12.032 -0.213196 -0.0172496 -0.0451996 -0.0871092
12.288 -0.203117 -0.0529392 -0.0487211 -0.067784
12.544 -0.183705 -0.0841358 -0.0497199 -0.0460968
12.8 -0.156103 -0.109098 -0.0481867 -0.0231937
13.056 -0.122224 -0.126904 -0.044382 -0.000249405
13.312 -0.0841898 -0.137041 -0.0386573 0.021602
13.568 -0.0442117 -0.139414 -0.0314331 0.0413228
13.824 -0.00447743 -0.134331 -0.0231744 0.0580197
14.08 0.0329608 -0.122467 -0.0143658 0.0709845
14.336 0.0662833 -0.104814 -0.00548669 0.0797236
14.592 0.0939846 -0.0826128 0.00301176 0.0839752
14.848 0.114934 -0.0572803 0.010727 0.0837156
15.104 0.128418 -0.0303248 0.0173219 0.0791519
15.36 0.13415 -0.00326435 0.0225376 0.0707033
15.616 0.13227 0.0224528 0.0262013 0.0589729
15.872 0.123314 0.0455218 0.0282303 0.0447094
16.128 0.108163 0.0648426 0.0286301 0.0287642
16.384 0.0875604 0.0790767 0.0273012 0.0121124
16.896 0.0380268 0.0927409 0.0211658 -0.0199105
17.408 -0.0139905 0.0853863 0.0115421 -0.0449431
17.92 -0.057291 0.0606521 0.000814257 -0.0584296
18.432 -0.0836268 0.0254757 -0.00869846 -0.0585406
18.944 -0.0891435 -0.0116485 -0.0151975 -0.0463566
19.456 -0.0747763 -0.0425921 -0.0177084 -0.0254371
19.968 -0.0456085 -0.0612799 -0.0161862 -0.00090149
20.48 -0.00941209 -0.0648067 -0.0114237 0.0217554
20.992 0.0252556 -0.05379 -0.0047968 0.0378497
21.504 0.0509598 -0.0319426 0.00208134 0.0444449
22.016 0.062894 -0.00501526 0.00772128 0.0408566
22.528 0.0596946 0.0206171 0.0110556 0.028643
23.04 0.043443 0.0393955 0.0116201 0.0111158
23.552 0.0189193 0.047728 0.00959013 -0.00749556
24.064 -0.00767295 0.0446257 0.00567966 -0.0230243
24.576 -0.0294707 0.0314841 0.000989241 -0.0317063
25.088 -0.0431083 0.0128003 -0.00340723 -0.0331516
25.6 -0.0457718 -0.0072507 -0.00659363 -0.0270849
26.112 -0.0377731 -0.0240314 -0.00799056 -0.0153933
26.624 -0.0218021 -0.033995 -0.00746677 -0.00108667
27.136 -0.00213888 -0.035401 -0.00532575 0.0124439
27.648 0.0164325 -0.0285767 -0.00219909 0.0222057
28.16 0.0297434 -0.0156954 0.00112218 0.0262487
28.672 0.0351407 -0.000154356 0.00387638 0.0240379
29.184 0.0319795 0.0142825 0.00549706 0.0164857
29.696 0.0216259 0.0243667 0.00572173 0.00565843
30.208 0.00700262 0.0280733 0.00462403 -0.00576147
30.72 -0.00819024 0.0249831 0.00256873 -0.0151206
31.232 -0.0203789 0.0162739 0.000105518 -0.0203971
31.744 -0.0269314 0.00434665 -0.00216982 -0.0206249
32.256 -0.026703 -0.00780659 -0.00375345 -0.016055
32.768 -0.0196216 -0.0165208 -0.00416766 -0.00792341
33.792 0.00257898 -0.0206699 -0.00248453 0.00937231
34.816 0.0196725 -0.00657805 0.00100627 0.0166596
35.84 0.0176545 0.0114571 0.00311597 0.00886409
36.864 0.000610643 0.0174501 0.00228341 -0.00568491
37.888 -0.0149341 0.00760787 -0.000361572 -0.0137629
38.912 -0.0156627 -0.00776443 -0.00232447 -0.00907274
39.936 -0.00260432 -0.0146834 -0.00203166 0.00303183
40.96 0.0113222 -0.00799237 -3.59236e-05 0.0112972
41.984 0.013807 0.00505291 0.0017306 0.00887625
43.008 0.00383523 0.0123474 0.00177797 -0.00112164
44.032 -0.00855066 0.00800595 0.000277894 -0.00923139
45.056 -0.0121479 -0.00304563 -0.00128424 -0.00846949
46.08 -0.00458086 -0.0103909 -0.00154357 -0.000259349
47.104 0.00640076 -0.0078145 -0.000422191 0.00750882
48.128 0.0106893 0.00154377 0.000946427 0.00796255
49.152 0.0048507 0.00812113 0.00125298 0.00132835
50.176 -0.00424139 0.00710547 0.00049176 -0.00556792
51.2 -0.00875001 -0.000213987 -0.000622268 -0.00694271
52.224 -0.00500059 -0.00675816 -0.00107026 -0.0019818
53.248 0.00296843 -0.00669559 -0.000523919 0.00439962
54.272 0.00763531 -0.000580116 0.000434358 0.00636193
55.296 0.00502689 0.0056174 0.000913868 0.00244117
56.32 -0.00196133 0.00627681 0.00053269 -0.00342866
57.344 -0.00667267 0.00117949 -0.000290529 -0.00580945
58.368 -0.00497622 -0.00465662 -0.000780498 -0.00276131
59.392 0.00115616 -0.00586701 -0.00052706 0.00261688
60.416 0.00583907 -0.0016351 0.000179685 0.00529311
61.44 0.0048784 0.00384209 0.000666845 0.00298058
62.464 -0.000506555 0.00547582 0.000512775 -0.00193453
63.488 -0.00511619 0.0019835 -9.38183e-05 -0.00481693
64.512 -0.00475587 -0.00314774 -0.000570136 -0.0031287
65.536 -0.000158742 -0.00443276 -0.000435546 0.00106005
67.584 0.00401703 0.00207626 0.000409619 0.00284312
69.632 -0.00325302 0.00219756 3.67895e-05 -0.00333421
71.68 -0.000829666 -0.00372659 -0.000382985 0.000248835
73.728 0.00363818 0.00119286 0.000285395 0.00281507
75.776 -0.0023701 0.0023657 9.69968e-05 -0.00262779
77.824 -0.00127632 -0.00312803 -0.000332608 -0.000334969
79.872 0.00328222 0.00052862 0.000194257 0.00271769
81.92 -0.00167579 0.00243775 0.000132635 -0.00203926
83.968 -0.00158624 -0.00261917 -0.000287466 -0.000769217
86.016 0.00295765 1.07096e-05 0.000125649 0.00258851
88.064 -0.00111302 0.00245741 0.000153824 -0.00154036
90.112 -0.00181166 -0.00217907 -0.000247673 -0.00110499
92.16 0.00266435 -0.000408653 7.27248e-05 0.00244647
94.208 -0.000640798 0.00244837 0.000166308 -0.00110668
96.256 -0.00198573 -0.00179093 -0.000212907 -0.00137604
98.304 0.00188497 -0.000682587 1.7857e-05 0.00182612
100.352 -0.000102074 0.00192973 0.000141064 -0.000499876
102.4 -0.0017086 -0.00106446 -0.000139509 -0.00130729
104.448 0.00162443 -0.000902989 -9.54247e-06 0.00164465
106.496 0.000190425 0.00183458 0.000139107 -0.000203545
108.544 -0.00174127 -0.000771564 -0.000113377 -0.00141381
110.592 0.00138292 -0.00108913 -3.14743e-05 0.00146661
112.64 0.000448772 0.0017348 0.000135481 6.37262e-05
114.688 -0.00175887 -0.000501352 -9.01904e-05 -0.0014971
116.736 0.0011542 -0.0012514 -4.94874e-05 0.00129017
118.784 0.000684672 0.00163106 0.000130843 0.000311654
120.832 -0.00176531 -0.000245055 -6.92225e-05 -0.00156312
122.88 0.000931904 -0.00139764 -6.47493e-05 0.0011123
124.928 0.000906852 0.00152182 0.000125537 0.000547967
126.976 -0.00176267 4.95508e-06 -4.98039e-05 -0.00161578
129.024 0.00070915 -0.00153296 -7.81136e-05 0.000928516
131.072 0.000764978 0.000866024 7.56706e-05 0.00054784
135.168 0.000240803 -0.00105224 -5.87206e-05 0.000406787
139.264 -0.00102215 0.000367073 -3.99824e-06 -0.00100783
143.36 0.00094303 0.000613289 5.99559e-05 0.000770016
147.456 -7.65221e-05 -0.00107909 -6.48098e-05 0.000107943
151.552 -0.000859273 0.000642306 1.66483e-05 -0.000904409
155.648 0.00108346 0.000344347 4.40036e-05 0.000955551
159.744 -0.000392137 -0.0010654 -6.74839e-05 -0.000199092
163.84 -0.000659091 0.000903149 3.48196e-05 -0.000756736
167.936 0.00119153 4.22555e-05 2.71635e-05 0.00111151
172.032 -0.000723325 -0.00100452 -6.73615e-05 -0.000529821
176.128 -0.000403453 0.00115837 5.17068e-05 -0.000550011
180.224 0.00126145 -0.000313244 8.46475e-06 0.00123479
184.32 -0.00108399 -0.000877823 -6.41761e-05 -0.000898842
188.416 -6.58084e-05 0.00140705 6.78651e-05 -0.00025932
192.512 0.00127419 -0.000744914 -1.31923e-05 0.00130955
196.608 -0.000823134 -0.000313238 -2.93103e-05 -0.000738024
200.704 0.00025383 0.000857631 4.45083e-05 0.000126317
204.8 0.000576873 -0.000693674 -2.23632e-05 0.000639794
208.896 -0.00096715 -8.98007e-05 -1.98917e-05 -0.000908795
212.992 0.000540845 0.000861599 4.72753e-05 0.000404954
217.088 0.000401479 -0.000945866 -3.55561e-05 0.000502458
221.184 -0.00108188 0.000202052 -7.69102e-06 -0.00105829
225.28 0.00087342 0.000800445 4.7428e-05 0.000736577
229.376 0.000137079 -0.00120394 -4.90183e-05 0.000277043
233.472 -0.0011462 0.000579841 7.83905e-06 -0.00116705
237.568 0.00125441 0.000644124 4.4149e-05 0.00112645
241.664 -0.000247075 -0.00145279 -6.25108e-05 -6.78975e-05
245.76 -0.00112527 0.00106349 2.75337e-05 -0.00120266
249.856 0.00167949 0.000347137 3.5993e-05 0.00157443
253.952 -0.000791128 -0.00166048 -7.52925e-05 -0.00057465
258.048 -0.000962139 0.00167097 5.23538e-05 -0.00111094
