#1.0 1.0 0.001 0.00308583800697676 0.999611516559021 1.33206017467884 0.0372713109893022 0.99960789028206 1.63004312857757 1.0 1.0 0.001
0 0.919584 0 0.333179 1.25826e-06
0.089 0.917781 0.0393007 0.332626 -0.000263807
0.178 0.91238 0.0784334 0.330968 -0.00105722
0.267 0.903405 0.117231 0.328213 -0.00237367
0.356 0.890896 0.155527 0.324371 -0.00420429
0.445 0.874907 0.193159 0.319457 -0.00653678
0.534 0.855509 0.229966 0.313492 -0.00935545
0.623 0.832787 0.265792 0.306499 -0.0126413
0.712 0.806842 0.300486 0.298505 -0.0163722
0.801 0.777786 0.333902 0.289544 -0.0205228
0.89 0.745747 0.365899 0.279649 -0.0250652
0.979 0.710866 0.396343 0.268861 -0.0299684
1.068 0.673295 0.42511 0.257223 -0.035199
1.157 0.633198 0.452081 0.24478 -0.0407214
1.246 0.59075 0.477145 0.231581 -0.0464977
1.335 0.546136 0.500203 0.217679 -0.0524882
1.424 0.498764 0.520777 0.202833 -0.0586171
1.513 0.45043 0.539538 0.187697 -0.0649074
1.602 0.400534 0.556049 0.17203 -0.0712835
1.691 0.349291 0.57025 0.155891 -0.0777006
1.78 0.296923 0.582092 0.139343 -0.0841134
1.869 0.243652 0.591535 0.122451 -0.090476
1.958 0.189706 0.598552 0.105279 -0.0967425
2.047 0.135313 0.603126 0.0878933 -0.102868
2.136 0.080705 0.605253 0.0703605 -0.108806
2.225 0.02611 0.604937 0.0527471 -0.114513
2.314 -0.0282429 0.602197 0.0351195 -0.119946
2.403 -0.0821276 0.597061 0.0175439 -0.125062
2.492 -0.135321 0.589568 8.57497e-05 -0.129822
2.581 -0.187605 0.579768 -0.0171902 -0.134187
2.67 -0.238767 0.56772 -0.0342206 -0.138119
2.759 -0.288599 0.553495 -0.0509434 -0.141586
2.848 -0.336299 0.537215 -0.0670847 -0.144525
2.937 -0.382862 0.518902 -0.0830056 -0.146968
3.026 -0.427523 0.498679 -0.0984443 -0.148857
3.115 -0.47011 0.476652 -0.113347 -0.150171
3.204 -0.510462 0.452934 -0.127663 -0.150889
3.293 -0.548428 0.427646 -0.141344 -0.150995
3.382 -0.583868 0.400915 -0.154345 -0.150475
3.471 -0.616658 0.372871 -0.166624 -0.14932
3.56 -0.646684 0.343654 -0.178141 -0.147523
3.649 -0.673846 0.313405 -0.188863 -0.145083
3.738 -0.698058 0.282268 -0.198758 -0.142
3.827 -0.719248 0.250394 -0.207797 -0.138279
3.916 -0.737358 0.217931 -0.215957 -0.133929
4.005 -0.752347 0.185031 -0.223218 -0.128962
4.094 -0.764184 0.151849 -0.229564 -0.123395
4.183 -0.772855 0.118534 -0.234982 -0.117245
4.272 -0.777956 0.0855796 -0.239285 -0.110644
4.361 -0.780329 0.0524742 -0.242831 -0.103409
4.45 -0.779585 0.0196865 -0.245438 -0.09567
4.539 -0.775765 -0.0126388 -0.247109 -0.0874594
4.628 -0.768927 -0.0443609 -0.247852 -0.0788119
4.717 -0.75914 -0.0753431 -0.247679 -0.0697648
4.806 -0.746487 -0.105454 -0.246604 -0.0603581
4.895 -0.731063 -0.134567 -0.244647 -0.050634
4.984 -0.712974 -0.162563 -0.241829 -0.0406365
5.073 -0.692338 -0.189329 -0.238176 -0.0304113
5.162 -0.669282 -0.214758 -0.233716 -0.0200058
5.251 -0.643945 -0.238752 -0.228482 -0.00946847
5.34 -0.616472 -0.261221 -0.222508 0.00115126
5.429 -0.587019 -0.282083 -0.215831 0.0118033
5.518 -0.555746 -0.301265 -0.208491 0.0224371
5.607 -0.522822 -0.318703 -0.200531 0.033002
5.696 -0.490814 -0.340983 -0.193107 0.0443977
5.874 -0.41676 -0.366788 -0.174183 0.0652945
6.052 -0.339035 -0.384817 -0.153524 0.0850823
6.23 -0.259158 -0.394981 -0.13154 0.103381
6.408 -0.178646 -0.397348 -0.108646 0.11984
6.586 -0.0989836 -0.392138 -0.0852624 0.134145
6.764 -0.0215943 -0.379712 -0.0618023 0.146028
6.942 0.0521855 -0.360564 -0.0386661 0.155268
7.12 0.12113 -0.335306 -0.0162343 0.161701
7.298 0.184147 -0.304655 0.0051392 0.165219
7.476 0.240294 -0.269412 0.0251322 0.165776
7.654 0.288794 -0.230448 0.0434597 0.163386
7.832 0.329045 -0.188679 0.0598778 0.158123
8.01 0.360628 -0.14505 0.0741869 0.150121
8.188 0.383311 -0.100514 0.0862339 0.139567
8.366 0.397047 -0.0560096 0.0959136 0.126701
8.544 0.401322 -0.0130093 0.102906 0.111883
8.722 0.39782 0.0287089 0.107745 0.095328
8.9 0.386282 0.0678487 0.110191 0.0774235
9.078 0.367319 0.103702 0.110324 0.0585471
9.256 0.341665 0.135654 0.108266 0.0390915
9.434 0.310166 0.163195 0.104172 0.0194555
9.612 0.273754 0.185925 0.0982334 3.55684e-05
9.79 0.233425 0.203563 0.0906656 -0.0187824
9.968 0.190216 0.215945 0.0817073 -0.0366317
10.146 0.145184 0.223028 0.0716132 -0.0531725
10.324 0.0993781 0.224881 0.0606486 -0.0680986
10.502 0.0538234 0.221688 0.0490836 -0.0811437
10.68 0.00949483 0.213734 0.0371876 -0.0920865
10.858 -0.0326994 0.201397 0.0252239 -0.100755
11.036 -0.0719357 0.185138 0.0134444 -0.10703
11.214 -0.10749 0.165486 0.00208513 -0.110845
11.392 -0.139589 0.142943 -0.00872191 -0.112664
11.748 -0.187189 0.0919357 -0.0274729 -0.108076
12.104 -0.213298 0.0374851 -0.0417244 -0.0947284
12.46 -0.217619 -0.0152857 -0.0507632 -0.0742768
12.816 -0.201793 -0.0617963 -0.054378 -0.048908
13.172 -0.169109 -0.0983806 -0.0528329 -0.0211228
13.528 -0.124083 -0.122551 -0.0468042 0.00649921
13.884 -0.0719609 -0.133141 -0.0372867 0.0315343
14.24 -0.0181911 -0.130315 -0.025481 0.0519238
14.596 0.0320878 -0.115463 -0.0126716 0.0661425
14.952 0.074492 -0.0909819 -0.000107776 0.0733098
15.308 0.105737 -0.0599812 0.0111025 0.0732376
15.664 0.123858 -0.0259438 0.0200782 0.0664111
16.02 0.128291 0.00762909 0.0262238 0.0539092
16.376 0.119815 0.0375497 0.0292569 0.037272
16.732 0.100378 0.0612239 0.0292071 0.0183328
17.088 0.0728437 0.0764152 0.0263147 -0.000759834
17.444 0.0407273 0.0831772 0.0212974 -0.0185151
17.8 0.00744258 0.0811091 0.0147459 -0.0332043
18.156 -0.023624 0.0711204 0.00743375 -0.0436244
18.512 -0.0495764 0.0548301 0.000135119 -0.0490563
18.868 -0.0682551 0.0343584 -0.00644806 -0.0493065
19.224 -0.0783932 0.0120822 -0.0117461 -0.0446962
19.58 -0.0796749 -0.00961786 -0.0153646 -0.0360001
19.936 -0.0726954 -0.0285941 -0.0171066 -0.0243451
20.292 -0.0588345 -0.04313 -0.0169753 -0.0110801
20.648 -0.04006 -0.052082 -0.0151564 0.00237044
21.004 -0.0186873 -0.0549555 -0.0119849 0.0146509
21.36 0.00288021 -0.05191 -0.00789978 0.0246056
21.716 0.0224005 -0.0436986 -0.00339254 0.0313824
22.072 0.0380099 -0.0315509 0.00104573 0.0345008
22.428 0.0483864 -0.0170152 0.00497274 0.0338788
22.784 0.0522492 -0.0018561 0.00790593 0.0295695
23.496 0.0440769 0.0240768 0.0105996 0.0140946
24.208 0.0195924 0.0367547 0.00874913 -0.00489122
24.92 -0.00915387 0.0329636 0.00380974 -0.0195403
25.632 -0.030086 0.0164333 -0.00180928 -0.0246156
26.344 -0.0358797 -0.00451284 -0.00581046 -0.0192532
27.056 -0.026256 -0.0208421 -0.00687648 -0.00682214
27.768 -0.00718864 -0.0265166 -0.00503674 0.00687093
28.48 0.012292 -0.0205637 -0.00146027 0.0161607
29.192 0.0241346 -0.006867 0.00216661 0.0177805
29.904 0.0244234 0.00798357 0.00437977 0.0119266
30.616 0.0144802 0.0176996 0.00448845 0.00181886
31.328 -0.000300406 0.0188445 0.00274552 -0.00792188
32.04 -0.0131548 0.0119327 0.000118758 -0.0133075
32.752 -0.0189125 0.000780971 -0.00219496 -0.0125592
33.464 -0.0159705 -0.00943941 -0.00328536 -0.00662359
34.176 -0.00657554 -0.0140908 -0.00280391 0.00131169
34.888 0.00427588 -0.012556 -0.00129538 0.00782747
35.6 0.0120686 -0.00582282 0.0005583 0.0103618
36.312 0.0138123 0.00268253 0.00193891 0.00823849
37.024 0.00941598 0.00913447 0.00232713 0.00281381
37.736 0.00142373 0.0109748 0.00168224 -0.00328481
38.448 -0.00634212 0.00787813 0.000402041 -0.00738839
39.16 -0.010547 0.00167372 -0.000895294 -0.00792443
39.872 -0.00972784 -0.00464688 -0.00165654 -0.00498984
40.584 -0.0047405 -0.00832732 -0.00161931 -0.000163069
41.296 0.00183315 -0.00801462 -0.000890468 0.00430092
42.008 0.00696712 -0.00421675 0.000139982 0.00649838
42.72 0.00854722 0.00108526 0.00099573 0.00566879
43.432 0.0062087 0.0054297 0.00132676 0.00242958
44.144 0.00133825 0.00699022 0.00104595 -0.00160347
44.856 -0.00368781 0.00532038 0.000339223 -0.00459877
45.568 -0.00617294 0.00144431 -0.000396195 -0.00499794
46.992 -0.00315981 -0.00497967 -0.000927001 -0.000528881
48.416 0.00410376 -0.00284641 1.01326e-05 0.00403413
49.84 0.0039694 0.00325546 0.0007541 0.00181393
51.264 -0.00217918 0.00346436 0.000239164 -0.00283008
52.688 -0.00405623 -0.00164984 -0.000540911 -0.00249827
54.112 0.000567601 -0.00349194 -0.000372795 0.00161073
55.536 0.00365234 0.000303224 0.000329357 0.00269315
56.96 0.000659952 0.00311377 0.000417186 -0.000520255
58.384 -0.00295366 0.00072122 -0.000143846 -0.00252336
59.808 -0.00149457 -0.00249077 -0.000398359 -0.000359447
61.232 0.00211764 -0.00141364 -3.61235e-06 0.0021106
62.656 0.00196797 0.00175304 0.000339291 0.000995096
64.08 -0.00126159 0.00179702 0.000109483 -0.0015608
65.504 -0.0021323 -0.00100087 -0.000258702 -0.00138549
66.928 0.000469574 -0.00191391 -0.000175513 0.000961956
68.352 0.00183682 0.000225189 0.000147831 0.00140551
69.776 0.000233271 0.00161767 0.000187272 -0.000298033
71.2 -0.00156832 0.000294467 -7.09436e-05 -0.00135662
72.624 -0.000684637 -0.00136271 -0.000185539 -0.000154749
74.048 0.00120309 -0.000681055 5.37837e-06 0.00117977
75.472 0.000981259 0.00102541 0.000165189 0.000506821
76.896 -0.000793858 0.000929637 4.56697e-05 -0.000918168
78.32 -0.00113073 -0.000652198 -0.000132826 -0.000746982
79.744 0.000384282 -0.00104689 -8.11042e-05 0.000611932
81.168 0.00114984 0.000281803 9.4254e-05 0.000875413
82.592 -8.43143e-06 0.00104791 0.000101391 -0.000296168
84.016 -0.00106136 5.55073e-05 -5.42801e-05 -0.000901026
85.44 -0.000309021 -0.000953059 -0.000108061 -3.08155e-07
86.864 0.000891497 -0.000337449 1.67071e-05 0.000839002
88.288 0.000552842 0.00078637 0.000103429 0.000255808
89.712 -0.000666618 0.000550619 1.58305e-05 -0.000708011
91.136 -0.000583913 -0.000430154 -7.00295e-05 -0.000381548
93.984 0.000628279 0.000233424 5.29668e-05 0.000474227
96.832 -0.000610875 -4.34484e-05 -3.40003e-05 -0.000510942
99.68 0.00054243 -0.000125292 1.50913e-05 0.000496756
102.528 -0.000435574 0.000262223 2.19746e-06 -0.000439757
105.376 0.000303763 -0.000360627 -1.67171e-05 0.000350038
108.224 -0.00016041 0.000417379 2.77151e-05 -0.000238777
111.072 1.80341e-05 -0.000432802 -3.48254e-05 0.000117379
113.92 0.000112624 0.000409871 3.80145e-05 3.57234e-06
116.768 -0.000222542 -0.000354208 -3.75457e-05 -0.000114348
119.616 0.000305191 0.000272873 3.38907e-05 0.000207101
122.464 -0.000356511 -0.000174284 -2.77038e-05 -0.000275915
125.312 0.000374851 6.72329e-05 1.97264e-05 0.000317019
128.16 -0.000361123 3.94788e-05 -1.07587e-05 -0.000329025
131.008 0.000318167 -0.000137691 1.58056e-06 0.000312521
133.856 -0.00025073 0.000220388 7.08581e-06 -0.000270165
136.704 0.000105023 -0.000205962 -1.12275e-05 0.000136838
139.552 -3.47139e-05 0.000224737 1.49284e-05 -7.73863e-05
142.4 -3.46961e-05 -0.000223809 -1.70739e-05 1.43662e-05
145.248 9.79652e-05 0.00020433 1.7628e-05 4.71046e-05
148.096 -0.000150559 -0.000168644 -1.66666e-05 -0.000102291
150.944 0.000188801 0.000120238 1.43694e-05 0.000147012
153.792 -0.000210322 -6.33055e-05 -1.09979e-05 -0.000178153
156.64 0.000213934 2.50593e-06 6.87127e-06 0.000193611
159.488 -0.000199877 5.73555e-05 -2.35094e-06 -0.000192584
162.336 0.000169541 -0.000111628 -2.19223e-06 0.000175391
165.184 -0.000125509 0.0001562 6.4033e-06 -0.000143585
168.032 7.134e-05 -0.000187637 -9.96077e-06 9.97888e-05
170.88 -1.12641e-05 0.000203592 1.26086e-05 -4.74833e-05
173.728 -5.01267e-05 -0.000202681 -1.41553e-05 -9.30327e-06
176.576 0.000107979 0.000184925 1.45005e-05 6.60187e-05
179.424 -0.000157794 -0.00015145 -1.36301e-05 -0.000118218
182.272 0.000103584 4.65789e-05 5.60766e-06 8.72093e-05
187.968 0.000108019 -1.52527e-05 1.88585e-06 0.000102352
193.664 7.76256e-05 -7.10016e-05 -2.21605e-06 8.38453e-05
199.36 2.23167e-05 -0.000103475 -5.41462e-06 3.78718e-05
205.056 -4.07788e-05 -0.000102567 -6.76122e-06 -2.12143e-05
210.752 -9.20999e-05 -6.79579e-05 -5.88249e-06 -7.49702e-05
216.448 -0.00011517 -9.50318e-06 -3.07414e-06 -0.000106099
222.144 -0.000101342 5.53686e-05 7.94053e-07 -0.000103459
227.84 -5.2805e-05 0.00010624 4.51152e-06 -6.57399e-05
233.536 1.75112e-05 0.000125676 6.8913e-06 -2.41088e-06
239.232 8.88011e-05 0.000104347 7.09273e-06 6.81885e-05
244.928 0.000137831 4.49034e-05 4.90285e-06 0.000123473
250.624 0.000145707 -3.76469e-05 8.4098e-07 0.000143074
256.32 0.000104167 -0.000118853 -3.9283e-06 0.000115377
262.016 1.98024e-05 -0.000171062 -7.89043e-06 4.25827e-05
267.712 -8.58579e-05 -0.000171702 -9.61502e-06 -5.7955e-05
273.408 -7.63072e-05 -3.98576e-05 -3.13071e-06 -6.71605e-05
279.104 -8.88952e-05 7.17815e-06 -1.11162e-06 -8.55767e-05
284.8 -7.24484e-05 5.74303e-05 1.45938e-06 -7.65915e-05
290.496 -2.87741e-05 9.44055e-05 3.77689e-06 -3.96752e-05
296.192 3.11244e-05 0.000103712 5.03726e-06 1.65112e-05
301.888 8.93155e-05 7.79781e-05 4.69285e-06 7.5642e-05
307.584 0.00012552 2.03802e-05 2.6583e-06 0.000117706
313.28 0.00012339 -5.46657e-05 -6.02491e-07 0.000125026
318.976 7.66452e-05 -0.000124098 -4.14334e-06 8.85815e-05
324.672 -6.98432e-06 -0.000162356 -6.77758e-06 1.26534e-05
330.368 -0.000105512 -0.000149414 -7.42908e-06 -8.39092e-05
336.064 -0.000186929 -7.86997e-05 -5.5012e-06 -0.000170849
341.76 -0.000217981 3.74884e-05 -1.18226e-06 -0.000214393
347.456 -0.000175252 0.000167721 4.46521e-06 -0.000188063
353.152 -5.60036e-05 0.000267684 9.67855e-06 -8.40117e-05
358.848 0.000115712 0.000292337 1.24546e-05 7.95383e-05
